1915 0
2462 1
890 2
761 3
1456 4
2463 5
2179 6
2237 7
2237 8
2237 9
2237 10
2237 11
1992 12
2464 13
2465 14
1000 15
1000 16
1012 17
1012 18
1012 19
2466 20
799 21
799 22
799 23
799 24
799 25
799 26
2467 27
1065 28
2468 29
2469 30
2469 31
2469 32
2470 33
1710 34
1710 35
1710 36
2401 37
2401 38
638 39
2256 38
313 40
313 41
313 42
313 43
313 44
81 45
2471 46
615 47
615 48
615 49
563 50
563 51
563 52
1206 53
752 54
752 55
2472 17
2473 56
2473 57
2474 58
2475 59
2370 60
1652 61
2476 13
2477 62
634 63
634 64
634 65
634 66
634 67
634 68
873 69
2478 70
2403 71
1890 72
2479 57
2480 73
2480 74
2022 75
2022 76
1073 77
1073 78
2481 79
1561 80
45 81
2482 68
2482 82
2483 83
13 84
13 85
13 86
13 63
13 87
13 16
13 88
245 89
1831 90
2484 91
2485 92
814 93
814 94
517 95
517 96
517 97
517 98
517 99
517 66
517 100
2486 101
1474 92
2271 102
1091 103
104 104
965 38
965 105
965 106
965 107
965 80
965 108
965 109
965 110
965 111
1447 112
1447 113
1447 114
1447 115
1207 116
1207 117
2487 118
2488 119
2488 120
2488 121
2488 122
2488 123
2488 124
2488 125
2488 126
2488 127
1359 128
1359 129
1359 130
1848 131
1848 132
1848 133
1848 134
571 135
571 136
571 137
571 138
524 139
1779 140
1779 141
1779 142
2489 121
930 143
2490 144
2490 145
2491 146
939 147
2492 148
683 149
683 150
2493 151
111 152
111 42
111 153
111 154
2494 155
124 156
2077 157
2077 158
2495 159
1942 160
2496 31
2497 161
2498 162
866 163
439 164
439 165
439 166
2409 167
1477 141
2441 168
282 169
282 170
282 171
816 172
816 173
816 120
816 174
816 175
2499 176
2499 177
2500 178
2368 179
2368 180
1381 181
1381 182
1381 183
1381 184
1381 185
1381 186
1979 187
1536 188
1536 189
1536 190
412 191
1404 192
1404 193
1404 194
1404 195
1806 196
2501 197
2501 105
2054 10
2054 198
399 199
399 100
2502 200
2503 201
1975 202
1975 203
2504 28
629 204
629 141
2505 205
2133 139
2133 206
2133 102
2506 207
2507 208
2507 209
672 210
672 105
672 211
672 212
672 213
672 214
718 215
718 216
718 217
718 218
718 219
2294 220
1491 191
1491 221
2440 222
2440 223
2508 224
2508 225
2508 226
2423 227
2423 228
2509 229
1905 230
2510 231
1592 232
685 233
685 96
685 228
2511 80
2350 234
1893 235
1893 236
1893 237
2512 238
1129 239
2513 240
2514 241
2515 242
1219 243
1219 57
1219 244
1219 245
1219 14
665 246
665 247
665 102
665 248
665 150
665 249
665 250
665 251
665 252
2516 102
2190 253
2190 254
2190 255
1334 256
1334 257
2065 258
2065 259
857 260
2517 261
2518 262
2442 263
2519 264
1232 265
1232 12
1232 100
1977 266
956 172
956 267
190 268
190 269
190 113
1660 270
1660 271
2520 272
1331 273
507 274
507 275
507 276
983 102
2521 277
2521 278
653 279
653 280
653 109
677 227
677 150
677 38
170 135
170 281
170 282
170 283
2522 284
2522 285
545 286
545 287
437 288
2523 289
2524 290
468 93
468 291
1800 292
1800 293
1800 294
693 295
693 296
1610 297
1610 298
2067 44
2158 299
990 300
119 301
119 302
119 303
119 304
119 305
119 306
2525 307
2526 308
309 309
309 310
2527 102
1128 311
2528 312
1115 313
1115 40
1022 314
2529 38
2530 191
1164 139
1993 14
1993 315
744 316
744 317
744 105
465 318
465 139
465 319
465 320
1579 321
1579 322
1579 215
2531 323
554 324
554 325
17 326
2187 120
771 327
2532 328
1619 329
1619 330
1568 191
1568 331
2533 63
2093 332
587 333
587 255
2037 334
2534 335
2535 336
2536 337
901 338
901 292
901 339
901 340
2537 341
1087 342
2392 54
2538 313
2539 343
604 286
604 344
604 345
604 1
604 346
2540 347
2541 13
1758 348
2275 349
2372 350
2372 102
2163 208
2163 351
2542 352
33 353
844 354
844 355
2543 356
2543 255
1295 357
1295 358
1396 359
1396 360
2085 361
2544 362
2545 363
490 364
490 105
577 365
577 366
2546 367
1235 72
2547 139
1416 368
1416 369
2286 370
2548 371
329 139
329 372
2549 373
2549 374
2550 154
2551 137
2266 290
2266 375
1906 376
1906 105
2552 352
1481 191
1481 377
809 378
2109 379
2109 380
2553 13
913 381
2554 382
2555 383
2174 384
2174 385
2556 265
628 172
621 386
659 387
659 78
659 388
659 389
659 390
659 391
659 377
659 392
659 393
1460 394
1460 267
843 395
843 240
843 0
843 396
843 397
843 398
199 399
199 162
199 400
1103 401
235 402
1781 403
613 404
613 21
613 405
613 406
613 139
613 191
613 407
613 408
613 219
613 409
613 410
356 411
356 412
356 413
356 102
356 414
2557 415
2558 416
417 417
417 418
2193 419
2559 420
2559 54
2559 240
2560 421
1173 80
1173 422
2006 14
2006 423
2006 154
2561 337
2360 424
2360 425
1816 347
1816 426
1159 427
542 428
542 429
542 100
1445 301
2562 430
2562 431
1630 145
1630 415
1630 432
1720 433
383 434
383 435
383 428
2563 436
288 437
288 398
2564 438
2565 439
2566 415
2384 440
2384 441
2384 442
2384 443
2384 444
2384 445
2384 446
2384 447
2384 448
1321 449
1321 450
908 451
908 436
2567 452
148 139
148 453
148 454
148 38
148 455
1684 456
1684 12
1684 457
955 458
955 459
955 460
955 267
664 461
664 248
2114 462
2114 141
2568 141
291 463
291 464
291 465
291 466
291 467
291 468
291 469
2569 264
1490 470
1490 471
1490 472
480 473
2570 474
2571 405
1369 475
1369 476
2123 477
2123 478
2123 479
2572 480
1444 301
2573 481
2573 257
919 482
1294 483
46 149
46 27
46 484
46 219
46 105
46 83
46 485
46 486
46 107
46 487
46 488
46 489
46 490
46 491
46 492
2145 493
1184 431
1184 100
1385 494
1385 495
1385 496
1797 347
2574 72
1723 497
1723 498
898 499
898 500
898 492
898 501
2575 229
1966 192
275 502
2576 503
2577 504
2578 505
1085 7
1085 506
1085 38
1085 111
1085 416
1085 507
902 508
902 509
1021 510
829 13
829 511
1076 456
1076 512
1076 513
1339 514
1339 515
2579 69
2580 516
95 517
2581 63
2581 518
1584 383
87 13
2582 368
473 480
473 102
2583 109
2584 260
798 519
798 520
798 521
798 522
798 523
798 524
798 525
798 526
798 527
798 296
798 528
2585 111
2585 219
1907 529
1907 0
1907 530
1907 531
1410 443
1587 322
2586 532
2586 533
2587 312
2587 534
1080 535
1080 10
1080 210
1080 105
1080 266
2402 536
559 537
1785 538
2588 539
411 540
411 528
904 541
1293 542
1293 543
1293 544
287 545
2589 546
2590 172
2590 547
1838 72
957 548
2591 547
635 549
635 550
635 551
635 66
2329 4
657 552
916 553
1929 554
1929 324
2592 555
2593 219
877 556
1994 284
1994 106
1994 557
537 558
537 559
50 560
50 561
50 562
50 563
1370 564
2594 565
2594 566
1387 567
1387 568
2595 569
2595 327
914 540
2596 570
137 571
137 572
1535 162
1535 441
1535 240
1535 450
1535 14
834 573
790 574
790 575
790 576
790 161
2597 577
2598 267
92 417
2217 578
2599 264
1741 579
1741 422
2166 580
2166 16
2600 581
2197 466
2197 464
998 238
998 582
998 422
998 583
998 373
998 164
998 584
998 585
2601 586
1793 1
333 587
333 588
333 254
2602 589
1075 590
1075 78
1075 121
1075 82
1075 591
1075 592
1075 219
1075 174
2248 593
2248 594
2155 595
2293 596
2293 597
2293 598
1063 28
1063 599
1063 600
1531 601
435 561
435 602
435 603
435 383
2603 133
1186 338
1186 441
684 604
684 605
79 606
2604 607
1782 38
1930 608
1930 609
1930 610
1422 611
2605 612
2606 613
2606 410
49 614
49 615
49 616
49 65
49 617
49 241
49 618
49 619
2607 620
386 621
386 302
402 235
402 622
623 623
763 3
414 624
414 625
414 356
414 285
2608 238
2608 626
1594 627
1162 628
2609 68
2289 629
489 46
1095 630
1095 631
66 632
66 633
66 634
66 635
66 517
2610 386
2610 636
2611 160
1448 266
1448 637
1448 489
39 476
39 376
39 279
39 72
39 638
39 428
39 639
39 640
2242 641
2242 267
229 642
229 643
229 38
1077 78
598 191
1242 302
2612 644
2613 645
2132 646
112 25
112 647
112 648
1409 7
1409 649
1841 650
2614 406
802 25
2615 651
1399 652
1399 653
1399 654
1399 655
972 656
1812 657
823 177
392 658
392 659
1846 660
926 568
926 661
926 105
926 662
926 200
926 663
926 38
926 473
926 91
248 664
248 665
2616 666
1928 667
1928 668
1928 324
2369 481
2369 669
671 169
671 191
671 670
671 671
671 352
2617 672
2618 673
609 645
609 317
2619 97
882 459
1849 674
2620 675
2620 676
150 352
150 105
150 677
150 139
150 678
150 679
150 680
150 681
150 278
150 682
150 300
150 683
150 684
228 382
228 685
228 464
228 105
2621 686
2622 687
828 688
295 63
295 119
295 12
295 327
295 464
295 255
295 139
295 501
295 689
295 690
295 691
295 692
295 653
295 100
295 693
295 694
295 695
2623 696
2623 494
1752 697
2624 698
2624 699
2625 700
2625 100
783 701
783 102
2626 702
316 703
316 10
316 652
316 704
316 705
316 706
316 118
2627 707
1435 708
1435 35
1435 315
1435 709
1435 710
1435 174
1203 711
219 712
219 713
219 714
219 266
219 715
219 716
219 455
219 717
219 102
219 718
219 255
219 719
219 720
219 248
219 55
219 721
219 100
219 722
219 441
219 723
219 509
219 464
219 217
219 724
219 46
219 725
219 726
558 537
2628 727
791 156
1837 728
1837 729
1837 199
1837 730
1837 126
1837 731
1070 16
2629 732
1205 733
2630 388
2631 734
2632 735
2632 54
2632 736
2632 737
2632 738
2236 634
2452 739
1746 424
1798 740
1798 363
1798 741
1798 742
1798 423
2633 743
679 150
525 744
525 745
525 656
525 522
2634 746
2634 322
1134 747
1134 748
2635 399
2635 749
2140 449
1384 750
1384 494
55 522
55 191
55 751
55 752
55 753
55 754
55 219
55 755
55 27
55 756
55 757
1982 253
2291 758
1113 758
1509 759
1509 449
1845 630
1845 760
3 761
3 501
3 762
3 580
3 763
3 336
3 529
3 764
3 765
3 766
3 767
2636 768
1415 79
2204 63
2204 769
2204 770
1072 25
1072 771
1072 772
1072 38
2637 773
2638 695
821 774
1255 775
2639 398
1810 423
2640 776
619 777
619 49
2641 315
238 755
238 778
455 779
455 53
455 196
455 0
455 780
455 781
455 82
455 782
455 428
455 423
455 783
455 784
455 102
455 785
455 786
455 148
455 787
455 788
455 789
455 528
455 790
455 352
455 139
455 791
455 792
455 295
455 451
1716 793
1716 667
1716 689
1716 130
1716 357
1716 794
1716 795
1620 388
456 28
456 796
456 131
456 797
456 154
888 2
2642 322
526 798
25 799
25 800
25 801
25 143
25 322
25 802
25 803
25 804
25 805
2643 318
2644 806
2645 729
2646 807
2028 61
2043 576
378 808
378 521
378 809
378 810
378 811
378 812
378 813
1539 18
1539 814
173 815
173 816
173 817
2647 818
2648 819
2648 820
2648 821
177 822
177 823
177 824
177 232
2649 825
2650 191
1433 826
1433 827
2651 828
2652 4
511 829
511 830
511 831
2653 832
573 833
573 834
2290 835
2290 836
2654 837
30 382
30 216
30 0
30 838
2083 839
2083 840
2083 336
1778 334
1778 841
397 396
397 842
397 843
397 156
355 844
16 12
2655 645
1170 845
1852 779
2656 846
2656 492
2656 847
534 848
534 668
368 849
368 850
368 851
484 149
484 852
2310 853
2310 854
2310 756
2657 855
1639 100
260 23
260 856
260 857
260 858
260 859
260 860
1174 861
1174 423
1401 139
1959 862
1959 659
1811 54
863 863
163 321
163 647
163 864
163 865
163 755
163 866
1287 867
1794 1
2658 336
1709 868
1709 645
164 869
2659 870
2660 113
69 871
69 405
69 872
69 873
69 577
69 874
69 121
504 875
504 0
504 782
504 876
556 877
556 702
556 878
556 652
1118 879
1118 880
1118 12
1118 881
2661 561
2661 462
1047 799
1117 882
1117 883
1117 884
2662 885
175 816
886 886
886 39
1428 529
1428 669
1428 105
1428 255
2663 422
400 728
400 887
2 888
2 889
2 890
2 57
377 659
377 891
2363 892
2363 893
2363 457
2363 894
2363 895
2664 896
2665 133
1231 897
1665 315
1665 160
764 492
764 63
764 898
764 100
1150 899
1150 102
2666 900
1376 647
339 602
339 901
2667 902
1983 521
2668 903
1337 373
1337 904
1004 168
1004 27
1004 219
2669 760
2670 905
451 742
451 675
451 906
451 907
451 211
451 419
451 782
451 908
451 480
451 637
2671 909
1451 42
1578 910
540 911
540 912
540 428
540 913
540 914
540 915
540 916
540 917
540 918
540 107
540 919
540 920
540 921
540 922
540 923
540 628
540 295
540 924
2672 925
2672 153
662 926
662 927
2673 902
2674 306
2674 928
2674 376
981 929
143 236
143 930
143 25
933 931
1251 932
931 933
931 441
931 28
922 540
147 934
147 935
147 936
147 937
147 938
147 939
1163 218
1163 940
1163 941
1163 415
1081 12
2675 942
2675 943
2098 944
2098 541
2676 729
1497 546
1497 945
2677 946
949 63
949 947
949 255
949 191
949 948
949 949
949 634
949 950
949 51
949 806
1330 171
1330 951
2678 952
2243 555
2243 652
2679 953
2680 954
267 463
267 955
267 394
267 956
267 93
267 957
267 958
340 901
2681 70
286 399
286 959
286 960
286 961
286 962
286 13
286 604
286 963
286 964
1904 102
1467 352
1467 5
1467 965
1202 966
1202 782
2374 967
2374 968
1390 969
1390 100
2682 970
2683 852
2683 763
2683 971
656 614
656 635
656 972
2684 973
2685 229
2686 974
2686 507
2687 367
976 975
1754 196
398 398
1380 139
975 976
975 267
2688 977
2689 474
2689 322
2689 978
2689 756
1502 979
1502 980
1502 238
1502 492
1502 298
2690 219
358 336
2691 981
1034 982
2692 859
2693 221
2694 294
2695 438
2338 983
2338 984
2696 801
2160 985
2160 986
501 63
501 987
501 988
501 989
501 102
2697 352
2697 943
2698 707
300 150
300 990
1943 88
1175 601
1175 745
1175 154
1175 991
2699 541
242 196
242 139
242 53
242 992
242 775
242 993
242 528
242 994
2700 995
2701 996
2701 997
585 998
585 999
1432 632
15 1000
2702 1001
2703 1002
2703 1003
2704 1004
2704 1005
1382 159
1365 1006
1365 384
2705 367
2705 1007
2706 1008
1187 441
1009 1009
2707 990
1180 1010
1180 216
1180 1011
1313 574
1313 673
1212 1012
1212 1013
1212 555
1743 1014
1743 1015
1736 128
1747 1016
1747 424
1747 185
2708 1017
510 1018
510 1019
510 1020
510 1021
1007 1022
1007 517
1007 972
1007 463
777 1023
777 63
777 1024
777 1025
777 1026
777 543
777 1027
777 105
777 102
777 1028
777 1029
777 1030
777 581
777 1031
777 1032
777 1033
777 1034
777 148
777 1035
777 441
777 1036
777 1037
777 1038
777 153
777 352
777 366
777 1039
777 501
777 154
777 1040
777 671
777 481
777 26
2709 965
2710 1041
617 1042
2711 1043
2712 771
2713 665
2255 1044
1626 1045
2436 747
2172 350
2172 1046
2172 1047
2714 1048
2714 1038
647 301
647 923
2239 394
2715 139
98 517
837 1049
837 1050
837 221
194 1051
2716 576
1395 139
2717 276
2718 1052
1967 1053
1967 1054
574 576
1829 949
2719 1055
2720 1056
2721 1057
1730 1058
1273 1059
1273 1060
2722 1061
1974 1062
1974 749
1195 846
1195 164
1195 120
600 4
600 754
600 1063
1165 1064
1165 959
1165 903
1165 383
1165 1065
1165 9
1165 1066
1165 191
1165 15
1165 1067
1165 1068
1165 1069
1165 1070
1165 1071
1165 441
2723 477
1018 510
772 1072
2084 336
2391 240
78 1073
78 78
78 1074
78 82
78 657
78 1075
78 377
78 415
78 1076
78 1077
78 1078
78 671
78 1079
78 1059
78 350
78 659
1763 1080
1763 485
1882 542
2724 1081
2724 1082
1389 1083
1389 1084
298 1085
298 807
722 1086
722 219
342 1087
342 105
342 82
342 1088
342 255
342 68
1886 63
1886 775
1886 1089
103 1090
103 1091
1307 1025
1307 1092
1375 550
1375 1093
831 511
1821 1094
1821 675
1821 649
1407 1095
938 890
938 147
2725 503
251 1096
251 1097
251 1098
251 1099
1944 1100
2726 441
26 1096
26 777
26 799
26 948
1591 632
2727 1101
1023 959
1023 720
1023 100
2728 1102
603 422
1201 966
1946 750
401 1103
401 965
2729 902
2730 1104
1218 452
2731 814
2015 1105
1762 1106
2732 624
2261 1107
1132 120
1132 1108
2733 1109
1820 1110
1820 843
1820 398
2734 383
2735 624
2735 1111
2736 1112
354 844
2737 1113
1711 1048
1711 1114
40 313
40 963
40 1115
1520 1116
884 1117
1986 457
1986 232
880 1118
498 808
498 1119
498 460
2738 631
2739 1120
670 671
1784 1121
118 316
118 1122
2103 1123
1688 217
1688 1124
1688 12
1688 366
2740 1125
1347 1126
2405 1127
2405 457
2741 936
2742 1128
2743 1129
2743 1130
748 1131
748 747
748 1132
748 1133
748 1134
748 126
748 1135
748 1136
1026 777
1137 1137
1137 436
2744 1138
2744 1139
2745 1140
2189 255
1141 1141
2021 569
702 1142
702 237
702 556
702 278
1790 1143
2180 441
2746 1144
1513 258
1513 1145
1465 468
1264 296
457 1146
2747 1147
2747 1118
2748 1148
899 1149
899 1150
899 1151
1124 691
856 260
856 1035
292 424
292 1152
292 57
292 105
292 1153
292 906
292 713
292 1154
292 1155
292 1156
292 244
292 901
292 1157
792 253
911 540
911 38
911 89
427 549
427 1158
427 1159
1941 1160
2749 63
2750 1161
698 91
2751 1162
940 1163
940 472
1955 1164
1955 153
442 443
442 1165
2752 322
2752 1166
648 112
1728 1058
2753 1167
1177 1168
154 1169
154 586
845 1170
845 730
845 547
52 563
52 296
52 795
278 150
278 120
278 830
1947 313
1947 750
2754 1171
2113 1172
2113 855
2755 1173
861 1174
861 423
991 1175
2144 1176
682 150
682 954
2756 264
1168 615
1168 1029
1168 1177
1168 899
1670 12
1872 805
1864 1178
2757 63
2758 0
1463 1179
1011 1180
1011 105
970 538
970 0
970 1181
970 1182
970 191
970 1183
970 1184
970 1185
227 1186
227 1187
227 1188
227 1189
227 1190
227 28
227 626
227 112
227 775
227 1191
227 56
227 1192
227 100
1051 1193
2759 1194
2760 1195
2230 1196
2230 1197
977 57
2761 1120
2762 1198
2219 337
2225 806
2763 538
73 128
73 327
2194 419
2764 1199
431 1200
2765 264
966 1201
966 1202
711 611
711 1203
711 1204
2766 100
2767 835
2768 72
733 1205
733 1206
116 1207
636 475
2117 162
1691 12
692 295
2769 506
1559 1208
1693 12
2770 1209
2771 109
2772 1210
1851 715
2216 1211
2220 167
2220 1212
1589 1213
1589 1214
1589 1215
1589 1216
452 1217
452 1218
1253 51
1553 1219
1553 244
1553 1220
1553 1153
1636 1059
2444 1221
2444 105
2444 464
2773 116
2410 960
1615 352
1615 1222
1615 1223
1615 1224
1615 1225
1615 188
2013 145
2013 1226
2774 86
2775 173
2775 487
1227 1227
1227 29
548 957
2776 1151
277 368
1789 929
1016 145
1426 428
1426 105
743 1228
2346 1229
2346 105
1522 742
1522 1190
897 1230
897 1231
897 756
897 152
2777 208
2778 141
2097 51
2779 1232
2224 1233
2224 463
1755 1234
1755 353
1738 264
1512 480
1512 780
2780 1235
302 475
302 119
302 1236
302 644
302 760
302 386
302 1237
302 388
302 1238
302 1239
302 1240
302 867
302 1241
302 1242
302 1243
302 1244
2781 1245
2341 1246
765 1247
765 1248
932 515
932 1249
932 1250
932 1251
932 435
932 1252
932 298
2782 1253
2783 1212
2784 53
810 378
810 1195
428 1254
428 120
428 1255
428 1256
428 1257
428 542
428 101
428 540
428 1258
428 39
428 1195
428 496
428 1259
428 1260
428 1261
428 376
428 167
428 179
428 624
428 6
428 107
428 1058
2785 352
1569 317
1569 1262
312 1263
312 111
312 337
296 798
296 928
296 82
296 1264
296 501
296 523
296 1265
296 52
296 1266
306 1267
306 645
306 1268
306 1269
306 27
306 100
779 405
1336 1020
1336 1270
2786 14
2003 1066
2003 567
2003 1271
2003 276
2787 337
2788 1272
2789 576
2790 616
1060 1273
1060 1274
2791 873
226 23
226 1119
2792 88
1627 1045
2793 368
29 1227
29 205
29 1275
29 1276
29 1277
2794 1278
1353 551
2795 1027
2796 914
2797 923
2798 1279
909 80
68 352
68 1153
68 284
68 556
68 342
68 126
68 1280
1492 191
1492 1281
1492 501
1646 1282
509 219
2799 475
2800 826
1190 1283
1190 599
466 599
1775 1284
2801 1033
1101 1285
222 1286
867 302
867 1287
867 1288
867 77
2152 450
2802 1289
2803 1290
766 3
766 1291
544 1292
544 1293
544 16
2804 167
2804 69
2804 1151
483 255
483 1294
357 1295
357 298
1968 1053
1883 1296
1883 1000
1883 874
546 1297
546 209
546 196
546 936
1378 840
1378 1298
2805 1299
54 665
54 232
54 752
54 1300
54 846
54 1301
1673 12
2806 1302
2273 200
1198 673
1198 1007
1198 790
849 1254
849 368
2807 755
252 665
252 1303
252 1250
252 1304
252 1305
252 1306
252 1179
390 659
1092 1307
2808 188
1243 302
2809 1308
2809 66
2809 1309
755 238
755 55
755 778
1352 57
1352 1310
1352 977
1352 830
1352 4
1352 1311
367 13
367 1312
367 1313
367 20
2810 4
2811 1314
1753 1315
2812 126
1879 1316
1879 1317
1879 1318
1879 1319
1739 1320
1739 1321
1739 1322
1739 86
2813 475
2814 1
1487 1323
2815 457
1488 191
1488 1076
2816 465
2080 400
2817 778
519 1324
519 798
2818 1325
2818 102
2819 1326
1545 338
1545 229
2820 1327
1788 386
1788 1328
2429 274
2429 923
2429 240
2429 1329
2429 1330
273 1331
1059 78
1059 872
1059 1332
1059 932
1995 1333
2821 154
421 252
257 1334
1161 782
2822 1335
1020 1019
1020 1336
1020 510
374 1337
1434 826
1434 928
1434 1338
992 242
992 1199
1638 209
1638 124
514 1339
514 1340
687 1341
687 1342
2823 406
2824 1343
2342 115
1527 601
717 219
2825 1344
2826 108
2827 1345
937 147
2828 139
2829 1346
410 613
1643 100
2830 72
2830 628
1126 1347
1126 1348
1744 1349
2831 1350
910 541
910 1351
910 1352
910 1353
910 556
2832 667
2832 1155
2833 1354
2833 1321
1923 641
1923 397
1923 0
1817 1355
2834 985
1431 494
1431 1356
1431 1357
366 755
366 777
2835 632
1815 1001
2836 264
2837 1358
1547 1359
1547 1360
1547 28
1547 1361
1547 642
1547 219
391 463
1275 29
1275 1362
1388 1363
2838 1337
472 471
2071 162
2839 1364
2840 421
2331 269
1006 1365
2841 1366
2425 1367
2425 528
2032 1298
351 1368
2842 459
2386 1369
2386 494
2386 463
2386 1370
1441 1371
396 1372
396 1326
396 397
678 441
2843 1373
2844 1374
840 1375
840 1376
840 1377
840 1378
840 702
1482 494
1482 405
2074 1379
2074 806
523 296
523 175
2845 219
2846 428
310 1380
310 1381
310 186
310 309
474 735
474 474
2847 806
159 1382
159 100
1557 63
1278 848
1278 1383
2848 322
494 720
494 38
494 102
494 1384
494 1385
494 129
494 494
494 185
2319 948
1783 1386
982 1034
568 1387
2849 1388
1312 367
1083 1389
969 1249
969 1390
969 1391
969 1392
2850 89
2851 371
1629 1393
2852 859
139 1394
139 150
139 0
139 255
139 1395
139 1396
139 1138
139 219
139 423
139 521
139 645
139 455
139 464
139 102
139 1397
139 200
139 320
139 613
139 1398
139 1399
139 911
139 1400
139 1401
139 1402
139 1164
139 221
139 1403
139 903
139 1404
139 38
139 1405
139 82
139 267
139 1406
139 1374
139 295
213 293
262 1407
2853 745
2853 528
2854 1408
2855 1409
2856 1075
2857 1410
1472 515
1472 422
1472 1411
1472 477
1472 273
1472 1412
1472 1413
1472 767
2214 889
2858 1414
1290 105
606 1123
606 1415
2859 1416
993 196
993 668
993 242
1052 1417
676 233
676 637
1027 327
1027 1418
105 1419
105 63
105 0
105 1420
105 1290
105 1421
105 645
105 102
105 10
105 1422
105 569
105 1423
105 1424
105 228
105 1425
105 1426
105 930
105 342
105 100
105 1427
105 352
105 1428
105 1429
105 150
105 1080
105 46
105 315
1707 639
1707 72
1707 38
1356 154
1356 1430
1356 1431
1356 38
1356 153
2860 1432
826 1433
826 1434
826 614
826 775
1029 1168
1871 13
696 23
696 422
153 673
2861 233
562 50
2862 1187
639 149
639 998
639 1188
639 880
639 450
639 54
709 1289
709 1435
709 1436
2863 1187
2251 989
951 1159
951 336
2864 338
2865 556
2865 1437
2865 267
2866 357
695 25
695 295
695 808
695 77
695 1438
2867 540
2868 1439
549 208
549 635
549 550
549 427
549 1043
2869 1440
2432 1441
2870 1066
1468 1442
1468 1443
2277 27
2871 645
301 647
301 1444
301 303
301 1252
301 119
301 739
301 1445
1189 438
1185 1014
2872 1102
317 609
317 31
317 150
317 1157
317 105
2873 1327
42 575
42 1446
42 1001
42 1447
42 1448
42 1449
42 322
42 1450
42 313
42 550
42 1451
42 306
852 1452
852 793
852 645
852 1453
852 1454
852 1455
852 484
852 1456
852 702
852 1197
852 1457
852 1458
2446 739
2115 204
2115 1459
1976 266
2874 1
1181 8
1181 970
1550 1460
592 747
592 1461
592 1462
592 1463
592 27
592 694
2045 576
5 1464
5 247
5 1465
5 1466
5 129
5 1467
191 1468
191 1469
191 428
191 339
191 1470
191 1471
191 1472
191 778
191 1473
191 377
191 836
191 1474
191 598
191 852
191 1475
191 1476
191 1477
191 1478
191 601
191 422
191 1479
191 35
191 10
191 1480
191 1068
191 589
191 1269
191 840
191 970
191 649
191 1481
191 1482
191 1483
191 771
191 1484
191 1370
191 1485
191 78
191 891
191 960
191 580
191 1486
191 1487
191 1488
191 1489
191 1490
191 409
191 1491
191 221
191 1492
191 1493
191 366
191 284
191 1494
191 1298
191 1495
191 1496
191 356
191 16
191 522
191 496
191 1348
191 1497
1727 114
1727 1498
1916 58
1147 46
786 455
2875 627
2078 171
560 1499
560 50
560 384
560 1500
2876 684
2877 826
1909 1501
1909 1502
1909 0
1909 1484
2878 1503
2879 568
216 1180
216 718
1735 1272
2880 337
1263 312
1263 1504
1263 1234
2881 406
1043 289
1043 1505
637 105
637 1448
637 1332
637 1474
637 828
637 100
2882 324
2883 49
1427 827
1427 1506
1427 479
1427 1507
1427 82
2884 1508
2884 328
759 1509
1706 1510
2885 1016
1238 302
1521 576
1521 532
1521 1102
1323 1487
2886 100
1391 1511
1391 969
1391 1512
943 38
943 806
1699 274
1699 63
1699 6
1699 1260
1699 1513
1699 1514
1699 1277
1699 1515
1699 187
2887 1516
2050 1517
2050 1518
1116 1519
1116 1520
1116 782
1116 639
2888 693
2888 668
1183 1507
1183 1521
1183 1522
2889 168
958 1523
2134 193
2134 1524
2890 1433
1064 1165
601 1525
601 201
601 1120
601 1526
601 1527
601 464
601 154
601 191
601 1528
601 700
601 1290
601 1529
601 1530
601 1175
601 1531
601 1532
601 1348
601 1533
2891 457
2892 210
2892 1534
2892 754
2892 102
1799 742
1799 1319
162 888
162 1535
162 14
1767 494
1767 0
127 1142
127 720
127 928
2893 1499
189 1536
96 517
2894 882
2895 27
2896 494
2211 1537
18 1538
18 1012
18 1539
18 758
1220 338
1220 1540
1220 880
1220 1458
1220 339
1450 42
2020 1541
2020 1542
1342 1485
2336 1543
2897 4
2897 105
2898 1463
338 1186
338 196
338 1544
338 38
338 1220
338 1545
338 901
2899 289
642 538
642 1546
642 612
642 1547
1625 584
1625 1548
1625 496
2036 389
1925 1549
1925 219
2900 1550
2900 613
2900 1551
2901 1552
244 1553
1875 1289
704 316
704 1111
2902 1289
2903 469
63 63
63 1554
63 1555
63 820
63 13
63 433
63 1556
63 1557
63 764
63 946
1911 1558
1911 373
1208 141
1208 1559
1208 1560
80 1561
80 406
80 909
80 102
80 1562
80 336
80 1350
80 54
80 111
921 540
921 295
921 1055
2274 231
2904 1563
622 402
2905 100
2906 357
1503 655
2907 1564
1151 899
1151 613
1151 32
1151 85
1151 1565
1397 139
1397 1333
10 1566
10 105
10 1567
10 1568
10 1569
10 1471
10 1473
10 1570
10 1080
10 1571
10 1572
10 260
10 316
10 1573
10 860
10 111
10 0
1805 1574
1805 1575
1805 1576
1713 835
322 394
322 0
322 1498
322 656
322 1577
322 42
322 1578
322 1186
322 1043
322 1579
322 112
322 59
322 1517
322 1580
322 450
322 1581
322 746
322 1582
322 1583
322 1584
322 936
322 1585
322 632
322 474
322 1586
322 528
322 153
322 843
322 1587
322 53
322 549
322 1588
322 1589
322 1590
322 1591
1990 1592
1990 232
787 1593
787 816
787 455
787 1594
1608 251
1608 38
1608 69
1608 77
1608 494
1608 1595
2908 411
2908 42
2909 926
2909 1596
1079 1597
1079 1078
1079 78
1079 1598
1079 1599
1586 501
1609 1600
1609 1601
1609 1602
2428 1603
2428 1604
2428 539
2428 388
2063 1
2063 1605
2063 1606
343 399
343 1355
343 1259
343 1607
53 1206
2910 1608
1602 1609
1602 1179
297 896
297 1610
1348 168
1348 1126
1348 1611
1348 597
1348 318
1348 1371
1348 601
1348 1612
1348 1055
1348 739
1469 1469
1469 191
2398 1613
2398 45
1222 1614
1222 1296
1222 1615
2911 1616
2911 68
2912 1617
2912 366
2912 1562
1224 699
2913 673
2914 1618
2914 1619
2914 459
2231 602
2231 1197
2314 17
2915 14
2916 965
1999 1620
169 1621
169 315
2399 1622
2399 1623
1737 508
2917 284
2917 1123
2918 1624
2919 223
2920 1515
1548 1625
1548 496
1045 1626
1045 1627
1462 1628
1462 1461
99 517
2921 467
2922 632
1393 1629
1393 102
1341 292
145 1630
145 1138
145 463
145 1631
145 139
145 1632
145 1633
145 219
145 1634
1631 1635
1631 145
2923 1001
625 414
2044 576
2924 1636
241 747
2925 1637
2926 1638
2927 1137
100 1023
100 1390
100 13
100 1639
100 1640
100 219
100 542
100 423
100 1355
100 517
100 1641
100 706
100 399
100 1642
100 1643
100 1119
100 1644
100 306
100 1645
100 221
100 85
100 979
100 159
2070 835
2928 322
379 126
2929 1646
2930 102
2931 337
2932 1647
1749 658
735 474
735 1648
735 1649
735 1650
735 669
1214 1589
1377 840
588 1651
2933 1652
2018 1119
2018 100
2934 1653
2935 1614
2936 1654
2937 1180
2937 1655
2937 1656
2938 977
2939 1394
530 1657
530 1658
2173 565
2940 366
543 777
543 1293
543 1154
543 699
543 1478
1131 404
1131 1659
1131 126
271 1660
271 1521
271 1661
271 1662
271 773
2284 1663
160 1616
160 1664
160 1633
160 1665
1019 1666
2941 313
131 456
1818 128
2942 227
2942 295
580 65
2943 238
2944 915
2945 1667
2946 1148
2946 327
12 1668
12 1669
12 1670
12 1671
12 466
12 1063
12 892
12 1672
12 1673
12 1674
12 1675
12 1676
12 1677
12 457
12 1678
12 895
12 1679
12 1680
12 1681
12 1682
12 1683
12 1081
12 1684
12 248
12 1232
12 1118
12 1685
12 599
12 1686
12 1687
12 1688
12 1689
12 1690
12 1691
12 1146
12 1692
12 1693
12 1694
12 1695
12 1696
12 364
2128 477
2128 1617
2947 428
2454 739
2948 139
2948 102
2949 1697
2950 255
264 61
264 1226
1931 1698
1931 224
1931 1185
187 27
187 1699
2226 1700
136 571
822 1367
997 347
997 1701
997 1521
1040 307
1040 1702
1421 885
1421 930
1421 105
640 39
2951 56
944 1703
944 82
2952 826
654 1399
2081 887
2953 1704
2953 267
2142 1705
1510 1706
1510 0
1355 532
1355 343
1355 27
1355 100
48 614
48 615
645 1355
645 1499
645 105
645 1397
645 1707
645 139
645 715
645 349
645 1172
645 306
645 1708
645 1709
1498 1058
2954 835
34 1710
1114 1711
1114 334
1114 1712
835 889
835 0
835 38
835 102
835 200
835 1713
835 265
835 382
835 1714
835 218
2955 1715
2956 72
689 1716
689 276
689 100
2957 1717
2957 1718
2958 806
1832 1719
1832 1720
1832 1515
2959 1721
906 480
906 651
1850 1722
188 835
188 1253
188 1723
188 154
963 1724
963 40
2960 1725
1776 802
518 1002
614 701
614 48
614 141
614 49
614 656
934 147
673 974
673 153
673 16
1221 109
2961 1244
2962 104
2962 1726
2962 1513
2963 1727
1058 1728
1058 1729
1058 1498
1058 1730
1058 82
1058 238
1058 1727
1058 979
1058 250
1058 737
1058 27
2964 806
850 368
1333 1397
1333 1289
1333 1731
1333 161
1333 267
584 983
584 105
2965 21
1244 302
1508 1732
1508 1733
1508 1734
1508 1337
1508 102
2966 1735
74 1736
1239 560
1239 743
1239 302
408 529
1256 541
1256 428
2967 124
1844 1737
1674 139
1674 1185
1674 12
1674 1021
1674 77
2968 1738
422 998
422 1583
422 1739
422 449
422 1358
422 894
422 454
422 13
422 1740
422 1741
422 561
422 759
422 603
422 221
2969 63
2424 1742
2424 174
2424 778
97 1278
97 517
97 146
1677 12
2215 835
2215 889
1015 1743
1015 1744
1194 1035
1285 38
2970 109
2971 1682
1104 250
2972 856
2973 1745
424 1746
424 1509
424 1747
1585 1544
2974 642
658 1748
658 1173
658 392
658 659
658 1749
1055 921
2975 775
1750 1750
1750 112
2976 1751
697 1752
6 1187
1315 1753
90 1754
2977 1569
1010 1180
1504 1263
1504 1383
1504 686
1504 1755
1288 160
2978 1756
304 210
2000 286
2090 435
2979 1757
643 229
348 1758
2980 1759
813 812
813 378
813 1287
813 1760
2981 290
1106 516
1106 1761
1106 1762
1106 398
485 1763
485 1119
485 1632
485 47
485 46
485 371
485 242
1857 459
950 949
2982 400
166 808
166 904
166 1120
185 903
185 1137
185 1114
185 1764
185 494
185 1765
185 1766
185 1385
185 1767
185 1747
535 1080
535 569
1517 1195
1090 547
2983 352
2984 1768
2984 352
2984 253
2269 1769
2269 1770
2269 1771
2269 102
407 1289
407 294
2390 1772
503 549
503 1773
503 1774
1284 1119
1284 1775
2985 368
2986 1552
2986 1776
2986 255
1423 105
1423 820
1260 1777
2987 1778
2987 1211
2987 111
1430 335
1430 1356
1237 302
141 1066
141 1779
2182 28
582 458
582 998
582 903
2988 1502
2988 315
1873 1780
403 1781
403 428
2989 577
106 106
2990 1782
2991 798
2991 1783
1305 529
1305 252
1305 1277
1121 1739
1121 1784
1121 1785
1039 777
1039 840
345 1786
1663 1373
1663 1787
1328 1788
1328 630
1143 1789
1143 49
1143 1790
1143 669
2992 109
2993 907
1028 777
1028 1791
1392 233
1392 737
1392 969
1392 1792
1 1793
1 1794
1 1795
2994 1796
2995 1797
794 1716
794 844
21 1282
21 613
1215 605
1215 1589
742 1798
742 1799
293 1800
293 1585
293 1801
293 213
1908 672
268 1802
1574 1803
1574 1804
1574 1502
1574 778
1574 1805
224 560
224 1619
224 708
224 463
224 1806
224 1807
224 1048
224 1808
224 1717
224 174
224 27
224 814
2996 102
2997 105
84 1809
2998 1810
347 1811
347 1812
347 1813
347 1814
347 1815
347 818
347 1816
347 1478
347 1817
347 54
347 1818
347 1797
93 468
2999 1819
2157 1571
3000 481
3001 1289
3002 1522
1645 1232
3003 1820
1840 946
1094 1821
1094 1637
1094 1822
3004 12
1361 1823
2027 880
3005 1824
2033 1269
2033 1825
2033 1298
2033 100
3006 1826
3007 1554
3007 547
2238 394
3008 242
3009 1827
3010 1828
3011 1829
1078 78
1078 215
1078 754
1078 1079
1078 1599
1078 174
1138 139
1138 145
1138 143
924 540
3012 1460
3012 1830
3013 1001
3014 1831
2196 327
3015 439
3016 1558
1408 139
895 1217
895 1349
3017 507
3017 1694
3018 528
371 1164
3019 1832
3020 943
2102 1833
3021 405
891 377
2148 1834
2148 843
3022 90
3023 515
2366 575
2366 1835
2366 68
3024 1836
3024 1119
1989 893
1989 232
126 1131
126 104
126 1837
126 820
126 1108
126 1838
126 748
1897 1839
1897 1641
946 1840
946 63
946 68
946 38
946 1841
1209 1515
2025 903
2025 1695
3025 185
3026 618
1192 1842
1192 827
1192 1843
1013 528
3027 377
630 1844
630 1536
630 1845
630 102
630 1814
630 1846
630 160
630 1328
630 555
668 534
945 1847
2461 164
2461 1436
133 1848
3028 1849
1722 898
1722 1850
715 102
715 645
715 612
715 1851
715 219
720 1852
720 127
720 494
720 1853
720 1641
1025 777
1025 463
1025 1854
3029 130
3029 317
459 1855
459 1856
459 1857
459 1858
459 1300
459 1859
459 1860
459 1796
459 1861
459 1862
459 1863
459 1864
459 1865
459 210
459 1866
459 955
459 1442
459 1571
459 1867
459 882
459 1868
459 1869
459 1870
3030 1437
3031 63
3031 1871
805 565
805 1872
1780 1120
1780 1873
599 1367
599 1063
3032 1874
3033 1875
1676 1217
2007 423
741 1140
741 423
2330 1876
420 240
611 1877
218 1163
218 1539
218 10
218 1718
218 357
218 556
218 52
218 1182
218 1577
218 1878
218 909
694 295
694 1321
694 449
1363 1388
728 400
941 1163
1319 1879
1036 777
1036 1880
1036 219
3034 162
3035 405
3036 1881
528 499
528 798
528 826
528 1882
528 336
528 529
528 561
528 745
528 411
528 242
528 146
1296 1883
1296 1222
94 814
122 284
122 1289
122 1396
3037 204
3037 1884
3038 1885
326 1186
326 1886
326 903
326 939
326 17
326 1887
326 276
2264 1888
3039 1889
1374 139
72 1890
72 1157
72 109
3040 960
1480 191
3041 357
3041 1104
781 1891
3042 1892
3043 289
3044 142
259 932
236 334
236 669
236 1893
2010 352
2056 167
3045 808
1050 1894
3046 63
762 3
3047 1895
3048 1896
706 630
706 100
1839 641
1839 1897
3049 243
1679 12
2041 1898
2041 431
3050 63
1471 191
1471 10
221 836
221 284
221 191
221 326
221 139
221 1899
221 1471
221 1324
221 100
221 1491
221 1900
3051 1901
3052 1196
3053 528
2143 835
2143 1705
230 799
230 627
230 464
230 255
230 1902
230 1903
230 1904
230 1905
230 1508
376 1906
376 39
529 408
529 1428
529 1907
529 1908
529 1909
529 74
529 1305
529 1008
529 336
529 13
529 128
529 1910
529 905
838 458
838 660
838 1139
838 30
723 1911
723 1816
2100 1195
1795 1
812 209
812 242
812 813
2185 1912
2367 671
2247 593
2247 765
2247 1913
1325 988
3054 1914
0 1915
0 1916
0 1185
0 1201
0 1917
0 1510
0 1918
0 455
0 105
0 102
0 434
0 1919
0 875
0 1920
0 1921
0 1399
0 1922
0 210
0 1661
0 504
0 1119
0 1202
0 167
0 1923
0 1897
0 100
0 1803
0 1924
0 843
0 1907
0 139
0 1925
0 5
0 322
0 730
0 10
0 1926
0 1927
324 1928
324 1929
324 1102
608 1930
1698 1173
1698 932
1698 1931
2427 237
3055 1932
3056 882
2435 1933
2435 565
2435 1934
3057 125
732 858
732 1208
732 1935
193 1936
3058 927
1145 1249
1145 1513
1659 1131
3059 808
3060 613
680 336
59 677
3061 20
2004 696
2004 1708
2004 56
2004 1157
2004 86
699 1937
1306 252
3062 1938
746 1166
3063 227
3063 428
3064 1939
2014 1940
2014 846
1160 1467
1160 1941
879 292
879 1118
1701 334
1701 1661
1519 1116
1354 1942
3065 1943
1362 1275
2146 909
1100 1944
1100 1396
750 1178
750 1945
750 1946
750 1384
750 1947
750 1948
1405 38
1405 102
114 1727
114 746
114 702
2459 1067
3066 1949
2281 1950
3067 4
859 260
2240 253
2415 352
3068 1951
3068 1093
1449 1952
1449 689
1449 42
1449 798
1449 1953
2318 1954
2318 1955
1281 1492
1281 1140
1281 27
3069 1956
3069 1957
3069 1909
1262 1958
1262 255
3070 54
3071 554
3072 15
3073 1227
3074 1959
3075 662
195 1404
35 1435
35 191
35 1710
3076 38
917 1960
917 1961
917 555
917 1962
917 1963
3077 25
3078 653
2260 352
2260 152
3079 264
632 1432
632 1333
3080 1964
192 1965
192 1966
192 49
793 1195
3081 156
450 639
450 422
3082 301
2376 157
2376 10
2376 463
3083 42
2406 1127
2406 107
1053 1967
1053 1558
1053 369
1053 1968
3084 428
3085 529
3085 1969
3085 278
1146 1592
2198 1475
2198 1212
3086 501
1166 1970
1166 746
1166 1971
382 1972
382 30
382 228
382 521
382 278
2303 1973
2034 1298
2161 985
1120 1780
749 1974
130 1456
130 1716
130 1359
130 96
3087 547
203 1975
266 1232
266 1976
266 1977
266 770
266 1080
266 269
266 219
266 193
266 1978
266 496
3088 191
2159 1979
737 1980
737 1981
737 1979
737 1392
737 556
737 402
737 1058
737 1982
1056 1604
3089 1669
3089 1122
3089 249
521 1983
232 1984
232 1592
232 1668
232 1985
232 1986
232 1987
232 1988
232 177
232 894
232 1989
232 1122
232 1990
232 1518
232 1991
232 54
232 1992
1814 630
1814 551
1814 1993
2357 100
2357 1994
2357 1995
3090 1563
3090 327
820 167
820 63
820 126
3091 1996
3092 336
3093 835
3094 1702
3094 105
533 462
2207 1997
2408 1998
1158 427
3095 635
1945 750
1945 51
117 1207
3096 251
3097 1350
1457 852
1457 514
2232 602
2232 1197
624 414
1984 905
2299 966
2299 1707
2299 1999
2299 154
62 1539
2431 1424
2431 51
2431 102
3098 2000
1854 253
1854 1461
1371 1441
1371 2001
2060 77
3099 102
1936 193
1419 49
181 2002
181 789
2149 784
2058 77
1066 141
1066 2003
959 1023
959 1259
959 1165
1540 1220
3100 509
3101 2004
3102 497
3102 1544
3102 245
423 1016
423 2005
423 1798
423 455
423 2006
423 352
423 2007
423 978
423 2008
423 565
423 2009
423 1810
423 741
423 1174
423 2010
423 463
423 861
423 2011
423 100
1666 1019
247 211
1544 814
3103 1212
961 286
384 1737
869 164
3104 2012
3105 156
1226 2013
1191 227
1940 2014
994 242
3106 1011
1105 1583
1105 2015
3107 2016
1981 807
1583 422
1583 49
3108 2017
3109 1035
1119 2018
1119 0
1119 145
1119 485
1119 1184
1119 2019
1119 2020
1119 100
47 2021
47 29
47 2022
47 1699
846 156
846 1032
846 2014
846 2023
1257 428
1885 2024
2228 936
2257 1590
903 441
903 105
903 1027
903 2006
903 2025
903 2026
903 65
903 1824
903 2027
903 2028
903 2029
903 582
903 782
903 73
903 435
903 739
903 2030
903 970
903 14
3110 247
3111 1663
1298 38
1298 2031
1298 191
1298 855
1298 2032
1298 2033
1298 2034
1298 1822
925 567
925 1716
1554 63
470 2035
470 1035
470 1490
315 1435
315 1665
3112 1272
3113 16
283 2036
283 1912
283 224
334 1114
334 2037
1350 1263
1350 80
1350 889
1350 2038
1350 2029
476 162
476 1369
476 2039
476 39
3114 1601
1898 2040
1898 2041
1898 418
1048 1711
1048 1707
1048 1507
1048 2042
1549 1624
576 1022
576 568
576 2043
576 2044
576 1521
576 2045
576 1248
576 574
2460 1436
109 1707
109 352
775 624
775 798
775 2046
775 331
1599 1079
1599 1078
3115 371
920 337
3116 2047
883 2048
883 405
1576 1575
2245 729
2297 387
3117 2049
1003 2050
3118 164
3119 2051
3119 2052
3120 2053
864 110
2453 739
198 139
198 71
198 126
198 2054
198 102
3121 121
3122 1552
2356 121
387 2055
387 659
3123 560
77 2056
77 2057
77 1674
77 1608
77 2058
77 2059
77 691
77 2060
77 789
77 1963
77 2061
77 1708
77 695
3124 833
1694 2062
1606 2063
789 181
789 455
789 832
1254 849
1254 428
1254 1260
1254 421
769 2064
769 2065
769 770
44 2066
44 1177
44 2067
44 837
44 2068
44 313
44 2069
591 1075
1616 160
1133 2070
1133 105
1133 102
1133 820
1133 496
1133 14
681 150
681 2071
681 2072
1671 12
3125 25
2040 1898
2040 431
237 702
1379 758
1379 2073
1379 2074
1478 1560
3126 2075
2268 2076
2268 352
2268 1823
2268 105
2268 102
215 1078
215 1035
978 1153
3127 489
1632 485
157 2077
157 107
171 139
171 282
171 1330
171 2078
3128 173
3128 2079
285 1169
3129 449
2154 1002
2154 498
2154 193
1292 1470
1292 1882
1292 327
887 2080
887 2081
887 400
3130 1914
3131 255
3131 146
336 614
336 128
336 2082
336 571
336 464
336 1403
336 747
336 680
336 2083
336 2084
336 576
336 782
336 529
336 1195
336 951
336 1508
3132 253
299 459
3133 613
3134 1499
361 2085
1148 465
1611 1348
1300 54
3135 2086
110 965
110 546
212 2087
212 2088
3136 1803
3136 267
2335 2089
443 1410
3137 2090
1142 111
3138 669
415 1163
415 1151
415 565
415 2091
3139 1257
1696 12
3140 616
3141 1737
3142 1223
3142 465
146 480
146 97
146 2092
332 2093
1621 191
1621 1298
2288 492
369 477
369 2094
369 1335
369 1416
3143 2095
2285 2096
3144 1040
51 1253
51 833
51 1945
51 188
51 1210
51 2097
1406 139
1406 2098
1613 2099
808 2100
808 1172
808 2101
3145 756
2064 150
2064 769
2064 903
3146 754
865 163
865 928
1136 748
3147 2102
1773 2103
2312 2104
2055 387
3148 795
1267 306
1267 349
1267 1355
1297 1172
1297 546
1855 459
3149 284
3150 208
651 233
1774 503
2316 1896
205 29
205 528
2249 2105
330 1619
330 154
279 1776
279 840
875 0
1248 765
1248 367
550 1182
550 1186
550 979
550 551
1484 2106
1484 2107
1484 1909
1484 191
1484 102
1484 2108
1484 2109
1484 2110
1484 2111
3151 1220
515 27
101 428
101 2112
3152 653
907 1542
907 451
912 540
912 767
855 2113
855 1298
3153 2114
1721 269
1459 2115
1459 105
2023 846
2023 1379
2223 842
1403 2116
1403 2117
1403 139
1403 200
1403 336
1403 1532
209 239
209 378
209 209
209 1400
209 546
209 1638
209 212
2031 382
531 1813
1702 198
1702 1040
318 1954
318 1148
318 2118
318 381
380 747
380 2109
1314 227
3154 1659
2012 2119
650 1841
650 242
1454 1717
1454 2120
3155 2121
477 246
477 2122
477 1964
477 102
477 123
477 1472
477 368
477 796
477 2123
477 2124
477 2125
477 2126
477 2127
477 2128
477 289
477 2129
477 369
477 693
477 2130
3156 150
214 672
3157 1367
3158 2131
3158 506
1575 1805
646 2132
1970 1213
1970 1110
1970 1971
1970 767
3159 38
3160 326
3161 2133
1600 1909
1600 949
1524 406
1524 368
1524 2126
1524 2134
3162 17
1745 635
3163 2135
2127 477
3164 150
3165 2136
156 568
156 1964
156 791
156 132
156 2137
156 397
156 166
156 747
210 535
210 1223
210 39
210 1080
210 685
210 672
1718 624
1718 977
1718 2138
1718 464
522 575
522 798
522 525
522 55
522 2139
626 428
626 449
3166 266
1241 1346
1241 302
1301 93
1301 54
2337 1824
67 634
2076 1002
2076 46
2076 661
2076 105
1960 917
1049 1330
1049 102
449 2140
449 422
3167 324
3168 2141
3168 1396
3169 767
3169 52
129 1359
129 322
129 494
129 1108
129 496
346 666
346 604
346 77
346 366
1705 2142
1705 2143
1705 322
364 490
3170 2144
780 729
780 1512
3171 153
1455 852
1455 1220
878 1359
878 1824
878 556
878 2145
3172 1352
2296 1807
2296 2146
1061 250
1649 2147
784 2148
784 739
784 455
784 2149
2332 848
2332 2150
2332 361
885 449
885 2151
885 105
885 1804
999 585
3173 284
3173 840
1770 102
538 2152
3174 2153
239 208
239 352
239 2154
239 1129
595 289
595 2155
3175 1355
3176 2156
1322 449
3177 1681
438 13
3178 449
1571 10
1571 482
1571 459
1571 2157
1571 464
984 1043
3179 2158
1372 396
1372 835
1372 747
795 2159
795 686
985 1326
985 2160
985 2161
1303 2162
1303 1222
208 239
208 209
208 1181
208 1109
208 1250
208 429
208 322
208 2163
208 1897
3180 456
3180 581
3181 2164
3181 2165
1067 119
1067 2166
1067 38
2241 253
3182 25
1338 224
570 1007
1926 123
1926 2167
3183 2168
3184 903
3185 2169
3186 1732
3186 336
3187 2170
1068 16
3188 632
3188 309
3189 378
1276 29
3190 897
2307 2171
2307 1508
1204 711
3191 1737
1111 172
3192 871
3193 13
3194 1128
2091 415
2253 344
3195 494
3196 720
2334 1759
1714 835
1708 1942
1708 645
3197 685
1046 2172
436 908
83 69
83 46
1847 945
1899 221
2259 1580
2262 1282
2262 255
2262 1832
2262 253
565 1631
565 415
565 423
565 2173
565 805
565 100
3198 511
3198 1310
385 2174
385 255
1144 2175
441 1186
441 902
441 1187
441 2176
441 903
441 327
441 464
441 1405
441 2177
441 2178
441 2179
441 2180
441 931
441 2181
441 219
441 1535
441 494
441 2182
1074 78
1074 2183
3199 2184
3200 126
1912 1213
1912 266
1912 2185
1912 2061
1912 283
3201 407
3202 38
3203 166
1588 506
1667 328
1414 743
3204 1632
2279 2135
2279 970
2279 66
567 925
567 2186
567 2003
567 153
120 2187
120 816
2301 2188
1962 917
255 808
255 2189
255 483
255 2190
255 2191
255 139
255 2192
255 342
255 82
255 1428
255 555
255 1410
255 764
255 153
1972 382
3205 768
1935 732
419 2193
419 2194
1443 1468
3206 1739
28 2180
28 128
28 102
28 69
28 669
28 1234
28 25
28 931
28 227
28 1063
28 685
28 494
28 1803
28 367
3207 196
3207 2195
871 69
871 575
3208 810
3208 690
327 1027
327 2196
327 263
327 42
327 732
327 16
327 1648
327 73
464 540
464 352
464 119
464 601
464 45
464 2197
464 139
464 2198
464 1986
464 291
464 2199
464 645
464 297
464 295
464 14
434 575
434 816
434 0
434 406
434 383
3209 2200
3209 644
1570 10
3210 620
605 1706
605 684
605 102
1843 2201
1843 1192
3211 1330
1681 1537
2400 2202
1216 2203
3212 1249
3213 1272
770 266
770 769
770 2204
770 460
770 416
3214 200
3214 2166
3214 42
2320 782
3215 2205
280 2206
280 653
1997 2207
1997 25
3216 283
3217 459
2208 2208
3218 2209
1289 709
1289 1489
91 926
14 162
14 1219
14 1535
14 903
14 2006
3219 191
3219 388
2300 1282
2300 154
61 264
61 335
1932 1237
1932 2210
3220 1497
1537 2211
3221 2212
3222 2135
3223 211
1927 2213
1927 0
1283 1190
889 286
889 2
889 2214
889 1350
889 2215
1211 2216
1668 232
578 1529
578 2217
3224 684
3225 139
3225 1222
3226 2218
1555 162
1555 63
1555 102
1555 1404
1555 221
337 312
337 2219
3227 8
487 46
502 507
56 227
56 2140
56 450
56 768
56 2220
1500 560
2322 1367
1089 1886
3228 1636
579 2221
3229 2222
842 1611
842 1348
842 2223
1188 639
1188 1580
551 632
551 635
206 2133
2306 2171
3230 1363
1233 2224
3231 2225
1700 2226
3232 1614
1825 855
2379 2227
3233 1826
2445 739
3234 264
370 1058
1088 342
486 1371
936 2228
936 546
936 555
936 147
3235 2229
179 318
179 295
1197 1236
1197 2230
1197 2231
1197 782
1197 852
1197 2232
1345 782
405 2233
405 521
405 45
405 38
405 1724
405 2234
405 317
405 399
405 1371
405 1287
405 129
405 494
2326 2235
1501 2236
460 955
460 770
8 2237
8 1997
8 1181
8 538
8 9
394 1460
394 2238
394 2239
962 286
1796 459
3236 109
2382 1970
2382 614
2382 1157
2382 946
3237 777
3237 649
596 102
289 595
289 477
289 2235
289 2155
289 782
289 1043
1971 1166
1971 806
253 2240
253 1608
253 833
253 2190
253 255
253 2241
253 1854
253 848
253 4
253 1462
253 1093
253 1982
253 295
253 739
253 1661
641 1839
641 2242
641 428
3238 1396
3239 882
3240 516
652 2243
652 1399
3241 532
712 465
712 219
393 659
512 2244
729 632
729 2245
729 1319
729 2246
729 694
593 2247
593 1477
593 2248
872 69
785 455
1031 777
1200 431
1956 1371
1565 13
1565 295
2105 2249
2105 1050
2105 154
2005 423
3242 2250
989 2251
3243 1386
2175 1144
1948 750
360 1396
3244 634
3244 465
3245 1605
3246 212
344 2252
344 2253
344 2254
1044 204
1044 2255
3247 105
38 1424
38 946
38 139
38 835
38 229
38 1854
38 2256
38 494
38 148
3248 2016
3249 2257
3250 2258
2324 1891
19 2259
152 2260
152 897
152 111
1107 1041
1107 1035
1107 2261
868 388
1282 1646
1282 2262
1282 21
1282 997
2333 397
3251 1152
3251 1897
3252 2263
3253 782
1888 2264
1888 53
1888 1206
1888 2265
3254 53
290 2266
290 36
290 1102
290 219
3255 1614
3255 1785
1648 735
1648 327
1648 267
745 1419
745 569
745 49
745 1175
3256 86
32 208
43 313
102 196
102 28
102 1555
102 2133
102 1133
102 219
102 2267
102 2268
102 455
102 105
102 1150
102 2269
102 2270
102 2271
102 1770
102 605
102 660
102 777
102 631
102 1807
102 167
102 458
102 494
102 702
102 352
102 38
102 1405
102 835
102 630
102 739
200 139
200 835
200 2272
200 926
200 1529
200 494
200 2273
331 470
3257 1711
3257 1114
3258 284
2213 1927
231 2274
140 462
2412 167
667 624
3259 1108
3260 450
349 645
349 25
349 1250
349 2275
349 609
349 276
1093 435
2345 406
3261 2276
27 1267
27 2277
27 1355
27 515
27 2278
27 1456
27 130
27 72
27 55
27 1004
27 1281
27 1058
27 592
27 1362
27 2061
27 900
27 1978
3262 682
532 1521
532 1102
3263 2279
3264 93
2177 162
2177 441
3265 53
2419 2280
1717 352
1717 1454
1830 931
2116 200
1950 2281
88 2282
88 1120
88 2283
935 147
553 2284
1383 1278
1383 1504
3266 2285
2267 2286
2267 102
1258 1269
1258 428
294 1548
294 407
86 2287
86 160
1139 1777
3267 139
3268 53
3269 56
3270 28
3270 308
3271 767
2258 720
2176 2176
492 764
492 898
492 2288
258 347
258 577
258 2065
204 808
204 2289
204 1044
204 449
204 1481
1635 1631
836 191
836 2290
128 529
128 1080
128 322
758 2291
758 1113
597 1348
597 2292
597 2293
220 2294
220 2188
375 2266
1807 102
1807 688
1807 835
1807 317
1807 2295
1807 2296
1807 609
1807 2297
1807 253
3272 227
479 2123
479 1358
479 361
3273 428
2061 27
2061 2298
1792 1392
3274 723
1499 560
3275 1833
807 298
1002 2299
1002 2300
1002 2076
1002 778
1002 652
1002 715
1002 1609
41 313
413 356
3276 459
1169 285
1169 199
1169 154
2188 2301
2188 220
2111 2302
2111 353
1102 12
1102 532
1102 1521
1316 1636
3277 1072
1973 2303
1973 2304
2072 2305
3278 1970
3278 1749
2171 2306
2171 2307
2437 2308
2437 700
2437 2309
756 2310
756 2311
756 897
756 152
3279 383
254 2190
2104 227
2104 2312
2104 563
2104 1285
3280 1190
1765 185
3281 718
2397 1110
2397 949
1340 38
314 2282
3282 1728
874 1883
874 459
874 1296
774 702
1563 2313
552 657
858 732
858 260
1310 1728
1310 538
1310 1509
1310 274
1310 631
1310 425
1310 1063
1310 632
1577 218
1577 229
860 10
3283 1234
1249 63
1249 854
1249 969
1249 320
1429 63
1429 1424
1429 105
686 1504
686 795
686 2314
1473 10
1398 139
839 40
839 2083
3284 529
3285 139
1277 13
3286 1358
3287 2315
1896 97
1896 2316
1896 455
1748 1411
721 2317
721 219
3288 25
3289 399
714 2308
714 2318
714 531
714 219
948 191
948 949
948 2319
948 26
948 63
201 601
201 102
782 63
782 903
782 455
782 504
782 1277
782 1140
782 289
782 1197
782 2320
782 314
782 1418
3290 690
1808 2321
1808 224
1475 1773
1475 1491
1367 2322
1367 2323
1367 1059
1367 1636
1891 781
1891 2324
3291 2325
3292 63
3293 375
2235 2326
2235 289
2235 4
1560 1208
1560 1478
125 903
2340 2327
3294 7
1476 2328
3295 298
3296 0
1259 1254
1259 1023
1259 428
1259 343
3297 2329
1876 2330
475 1505
475 302
3298 459
3299 1023
3299 1007
269 266
269 2331
269 190
269 1721
3300 2332
3301 720
3302 771
3303 0
3303 936
3304 38
3305 1310
1017 2333
1759 2334
1759 2003
1759 1522
1689 12
1664 2335
1664 219
1664 2089
1664 160
3306 271
1543 1011
1543 2336
1824 28
1824 673
1824 2337
724 219
1495 191
2327 2338
2327 422
2327 2339
2327 386
2327 2340
2327 1244
3307 2219
499 898
1210 1575
270 2226
233 676
1246 2341
1332 530
115 2342
265 835
265 145
3308 938
815 173
3309 1193
708 1435
708 778
2354 1724
2354 397
2354 459
1964 156
1964 651
3310 336
1156 538
3311 509
3311 1067
3311 2343
3311 1337
1130 2344
3312 529
1920 0
2035 472
3313 1061
3313 357
1400 139
1400 209
1400 1129
1274 2003
1274 1060
1777 1260
3314 181
3315 732
3315 1106
406 264
406 1524
406 2006
406 434
3316 723
3317 147
1268 306
1827 2345
2178 441
3318 1108
1270 1336
1270 2221
2126 477
2126 1524
806 949
806 2225
3319 1952
1229 2346
3320 1698
655 1503
655 1399
655 654
655 2347
284 1100
107 428
107 2348
107 150
107 1127
107 46
107 2349
107 283
3321 777
2068 44
3322 2349
3323 2350
3324 1918
471 1485
471 2351
471 472
471 1490
1957 284
1957 1172
2233 1417
2233 405
3325 965
3326 541
57 2238
57 1120
57 2
57 977
57 1358
57 1219
57 80
57 1391
57 735
57 292
57 1329
57 790
2287 86
3327 405
123 787
123 2352
3328 373
108 2205
2244 512
2265 1888
1819 1724
1819 70
1819 2353
1819 2354
3329 10
3330 2187
121 2355
121 2356
121 69
121 2351
121 2357
121 229
121 1872
121 1371
3331 248
589 191
1961 917
2433 1301
234 2350
3332 229
36 609
36 200
36 1710
36 290
572 137
1357 1431
2124 477
1541 2020
3333 253
1751 154
928 826
928 1434
928 296
928 1153
3334 856
3335 2150
1358 422
740 1798
2164 1501
3336 1895
1271 2358
1458 204
1458 1458
1458 1220
425 227
425 193
425 2359
425 2360
425 1310
3337 264
1834 406
1834 407
3338 2361
3338 2362
1724 963
1724 1119
1724 1819
893 2363
3339 1330
3339 2364
3340 2365
3341 329
3342 1983
575 139
575 434
575 2133
575 566
575 2366
575 755
575 2367
575 790
3343 1032
24 799
24 450
180 2368
482 540
482 1571
862 318
892 2363
2404 399
2404 435
493 2145
773 271
669 28
669 2369
669 154
3344 16
830 1565
830 511
60 2370
2030 1366
4 1456
4 833
4 253
1196 2230
350 1424
350 78
350 2371
350 211
350 976
350 2372
3345 28
3345 2373
3346 139
3346 1333
3347 1353
827 1424
827 1192
3348 109
967 2374
1461 1462
616 49
1685 12
1685 2375
3349 1091
3349 180
158 157
158 2077
158 2376
612 642
612 1734
612 2191
3350 1396
3351 1475
1614 2377
1614 85
1614 1041
1614 79
1614 606
1614 1222
3352 1249
3352 1137
3352 115
1978 352
1978 240
1978 27
1978 266
701 1563
701 614
701 607
701 2313
1228 2378
2227 2379
1593 787
3353 2380
3354 100
979 965
803 800
803 656
2151 885
1980 109
2393 2381
89 229
3355 449
1157 2004
1157 4
1157 2382
1157 72
3356 599
3357 2383
2388 2384
2087 212
2087 2385
463 2386
463 145
463 2387
463 248
463 164
463 391
463 1025
463 2224
463 1007
1628 2388
1628 1462
1628 855
1628 463
848 2332
305 688
305 119
305 306
1580 322
1580 555
1580 1188
1580 2259
1518 1244
1518 1241
2048 883
3358 551
496 567
496 352
496 1424
496 428
496 266
496 1625
496 2389
496 1515
496 1385
1772 2390
1772 739
240 2391
240 1648
240 2392
240 532
240 1
240 1978
404 2348
404 465
1542 1914
491 422
429 208
429 542
2381 2393
3359 361
1489 1289
1489 191
900 2329
3360 843
3361 61
1803 1172
1803 344
1803 1734
1803 173
1803 405
1413 1472
85 2394
85 1509
85 1390
85 1958
85 1348
85 13
85 1157
85 2395
85 1041
85 2396
85 1151
85 1653
85 100
2016 2264
202 1975
2283 88
3362 459
1529 173
3363 2339
923 540
2183 1074
1733 1688
1733 229
3364 777
3365 388
3366 612
3367 38
3368 762
1420 105
1110 1970
1110 2397
3369 1129
3370 2398
82 1427
82 2328
82 78
82 38
82 255
82 2072
82 342
82 135
82 2346
82 2399
82 1007
82 167
82 296
3371 1400
2079 787
2181 1470
2181 114
1172 1803
1172 1916
1172 645
1172 1957
1172 102
3372 987
172 816
172 956
172 628
2202 2400
3373 449
3374 1422
3374 2401
3375 264
536 2402
71 796
71 2403
3376 1145
3376 769
303 119
3377 440
3378 199
1662 271
3379 2404
1127 2405
1127 963
1127 2406
1127 217
3380 2407
2186 567
3381 1179
250 665
250 1058
250 1104
960 1566
960 1094
960 2408
960 2409
960 2410
960 2411
918 540
2365 191
2365 2310
3382 2282
3383 732
167 2412
167 428
167 217
167 69
167 747
167 82
167 102
167 110
167 2413
167 2082
167 2220
1108 126
2118 628
3384 219
731 1837
2414 2414
1566 10
352 777
352 1160
352 38
352 960
352 150
352 102
352 105
352 2415
352 671
352 704
352 129
352 68
352 496
760 1845
760 770
760 302
760 2416
760 2417
760 1489
760 1733
760 127
760 2418
1373 514
2282 438
508 1737
508 732
3385 1058
3386 204
3386 70
2280 1996
2280 2419
3387 242
3388 2420
1247 767
1247 1056
3389 1287
3389 39
3390 563
2457 1085
2457 1518
2457 38
2457 302
2373 2421
1035 63
1035 777
1035 215
1035 1876
1035 856
1035 1030
1035 1194
1035 470
1035 2422
3391 697
3391 2423
3391 1609
1954 318
778 2424
778 238
778 755
3392 139
3392 266
135 336
135 571
135 82
3393 1102
3394 100
174 816
174 2424
174 1983
174 654
174 1435
174 68
3395 2103
3396 2425
1236 475
1236 1197
1236 2332
1236 302
2298 2061
2191 255
688 828
688 305
3397 2426
3398 1256
3399 399
3400 102
3401 2137
2371 350
3402 102
1279 2427
539 2428
274 1773
274 2429
274 1699
274 507
1424 2430
1424 105
1424 2431
1424 1842
1424 1429
1424 27
1424 322
1424 328
1424 1703
1424 2432
1424 350
3403 368
3404 2433
3405 2434
325 554
325 1109
325 378
142 1996
3406 105
3407 1699
2221 579
3408 1897
1933 2435
3409 2040
3409 326
2246 797
627 747
627 230
627 1594
2348 540
7 2237
3410 241
3410 112
1167 1475
1135 781
1135 2436
1135 748
2309 2437
3411 1321
3412 1535
754 69
754 1535
754 1337
754 55
3413 104
196 338
196 777
196 196
196 1153
196 2438
196 715
196 985
196 546
196 831
196 612
196 993
196 1754
196 242
644 302
3414 424
3415 2333
3416 350
37 2401
497 808
497 1723
1335 2439
3417 1545
1286 2440
1286 222
1286 1319
1760 813
3418 4
168 2441
3419 218
1657 322
1657 530
9 8
9 2090
1086 891
1153 292
1153 1219
1153 230
1153 68
3420 2442
3420 2443
3421 529
633 66
633 52
1269 2243
1269 191
2449 1366
1546 642
1546 317
3422 560
2212 1418
1327 1844
1644 1918
3423 352
3423 154
3424 289
555 2243
555 917
555 1580
555 219
3425 588
1308 1578
448 716
448 2384
448 2227
3426 1723
70 797
70 278
3427 2433
3428 1273
3429 324
767 1970
767 295
767 3
739 1320
739 301
739 2444
739 266
739 2445
739 2446
739 464
739 102
739 2447
739 457
739 2448
739 2449
739 1680
739 1834
739 2450
739 2451
739 2452
739 1492
739 248
739 1232
739 788
739 2453
739 2454
739 1366
739 1772
739 2455
739 2456
739 903
739 1690
739 199
739 2457
739 2458
739 1537
739 2459
739 1348
739 1694
739 253
1436 156
1436 15
1436 160
1436 709
1436 164
1436 2460
1436 166
1436 1289
1436 2461
