551 0
1562 1
759 2
759 3
759 4
759 5
759 6
759 7
759 8
759 9
2272 10
409 11
2256 12
2256 13
2256 14
982 15
982 16
982 17
982 18
982 19
982 20
982 21
982 22
982 23
1495 24
2273 25
1716 26
677 27
677 28
2247 29
2274 30
1057 31
1057 32
1057 33
1686 34
1686 35
1686 36
890 37
2275 38
2275 39
2276 40
901 41
1652 42
1871 43
1871 44
1871 45
306 46
306 42
2277 47
489 48
489 49
489 50
2278 51
2279 52
2279 53
2279 54
2279 55
1140 56
1140 57
2280 58
2281 59
571 60
571 61
571 62
571 63
571 64
571 65
571 66
571 67
571 68
571 69
571 70
571 71
571 72
2097 73
1298 74
118 75
118 76
480 77
2282 78
175 79
175 80
1940 81
1496 82
277 83
277 84
90 85
90 86
90 87
90 88
90 89
90 90
90 91
90 92
90 93
90 94
90 95
90 96
90 97
90 98
2283 99
270 100
75 12
75 101
75 102
75 103
75 9
75 104
75 105
75 106
75 107
75 108
75 109
75 1
75 110
75 0
75 111
75 92
75 112
75 113
75 114
75 115
75 116
75 77
75 117
75 118
75 119
75 120
75 48
459 121
679 122
679 123
679 124
679 125
679 126
1367 127
1367 128
1367 129
2112 130
224 131
224 5
224 132
224 133
224 134
224 135
224 136
224 137
224 138
224 139
224 140
224 141
224 142
224 143
224 144
224 145
560 146
560 106
560 147
560 148
560 40
560 149
560 150
560 151
560 152
560 153
1462 154
1462 155
2284 156
792 157
792 158
792 159
792 160
792 161
998 162
2285 163
1031 164
1031 165
1031 134
1031 166
1031 167
1031 168
1031 169
1031 170
79 171
79 172
79 173
79 174
79 5
79 175
79 176
2286 177
2286 178
768 179
768 180
768 9
1148 181
1576 182
1576 183
1576 184
1576 185
1576 186
1576 187
407 188
407 189
407 190
407 26
407 191
407 173
407 0
407 192
407 193
407 194
407 69
407 195
407 72
407 196
407 197
407 198
407 199
431 200
431 201
2287 202
2288 203
1948 204
1948 205
712 206
712 207
712 208
712 209
712 210
712 211
2289 158
2289 212
203 213
203 214
203 215
203 196
1536 216
1258 190
143 77
143 217
143 101
143 218
143 219
143 220
143 221
143 222
143 223
143 2
143 224
143 225
143 226
143 227
1413 77
1413 228
1413 229
1413 230
1413 231
1413 232
1413 104
1413 233
1413 234
1064 178
1064 235
1064 236
1064 237
1064 238
1064 239
1064 240
1064 241
1064 242
2290 210
2290 243
1066 2
1066 178
1066 244
2291 245
1959 246
1959 2
1959 247
40 248
40 134
40 249
40 250
40 251
40 252
40 253
40 254
40 255
40 256
40 257
40 258
40 259
835 1
835 260
835 261
835 262
835 263
636 264
1287 265
1287 266
1043 267
1099 119
1124 268
1124 269
1124 76
1124 270
2292 271
317 61
19 41
240 272
240 273
240 182
240 274
1830 275
271 177
39 276
39 277
39 278
39 279
39 84
39 280
39 281
39 282
1326 283
1326 284
1017 285
1017 151
1017 286
1017 287
862 288
862 289
862 290
862 291
1927 246
1927 292
1170 293
294 1
294 294
294 295
444 296
444 297
444 298
444 91
444 299
444 106
258 300
258 40
258 301
258 302
258 303
258 304
258 305
258 246
258 306
258 307
258 24
258 308
258 309
2293 254
1113 310
2294 55
1801 311
1801 312
1801 313
1055 314
1055 315
1055 316
1055 135
2295 266
2296 317
1026 318
2297 319
2297 320
1882 321
2298 322
1286 323
1286 324
1286 240
1438 325
2299 326
2241 327
2241 222
115 328
115 329
115 106
928 330
928 183
1670 331
1670 261
361 332
361 333
361 334
361 335
361 336
361 337
844 338
1241 339
1241 340
213 341
213 342
213 203
2027 343
2300 344
2301 345
2302 87
832 346
832 347
832 348
832 349
832 350
860 351
1712 58
1712 352
1712 242
1712 353
2303 244
2303 354
1133 355
1133 356
1133 357
1133 358
1848 359
1848 256
811 360
333 361
273 362
17 363
17 364
605 365
605 136
605 366
605 32
605 367
1188 368
1188 369
818 12
818 370
2304 371
251 249
251 317
251 372
251 263
251 40
251 373
251 374
1551 362
1551 375
169 376
169 377
53 378
53 379
280 380
280 381
280 39
723 382
723 383
723 384
723 385
723 386
1556 78
1270 387
2305 388
155 389
155 390
155 245
278 39
278 391
2121 392
2121 393
2306 394
1393 395
1184 396
2307 397
225 398
225 399
262 400
262 401
1542 402
1542 403
1053 404
1053 315
710 150
1247 405
1247 406
330 407
330 408
330 409
1264 410
1264 411
1264 5
1264 8
1264 261
1264 245
2308 412
2309 357
2310 413
2311 414
2312 75
2313 158
2314 415
1463 416
1463 72
1881 417
2129 418
664 419
420 420
666 311
2315 285
2316 421
2317 2
2317 196
2158 422
1419 423
1419 424
1419 425
427 2
427 426
427 427
427 42
427 428
427 375
1913 250
1913 429
873 426
2271 430
1262 431
1262 432
1262 245
2318 103
1638 433
1638 434
782 435
1302 436
170 437
2319 438
322 439
1662 76
95 440
95 441
95 90
95 411
95 195
95 261
95 442
95 443
297 444
2320 45
2321 445
1449 446
1449 447
1386 448
907 449
533 227
876 450
876 451
2322 321
2322 452
2322 156
2108 439
97 90
1142 453
1142 57
2323 454
2324 455
1524 456
1524 457
1903 5
1903 458
121 459
2325 460
2326 359
113 461
113 462
1647 463
1647 464
1919 465
2145 466
2145 467
2327 468
1625 87
402 469
402 177
402 470
402 216
402 434
402 471
402 292
402 472
402 473
402 402
2328 9
484 474
484 324
484 47
324 475
324 1
324 476
324 274
324 477
324 478
324 479
324 139
324 480
324 182
324 481
324 482
324 483
324 211
324 457
324 484
324 402
48 75
48 413
48 485
48 100
48 486
48 2
48 487
48 101
48 488
48 42
48 5
48 84
48 21
48 489
48 318
48 261
48 490
2044 491
2044 222
2329 492
1087 493
1087 494
1214 208
1155 363
1485 43
2330 106
2192 440
2192 495
1334 496
758 497
758 481
758 498
2331 499
1938 500
577 501
577 502
577 487
577 503
577 504
577 505
577 506
2332 507
2332 508
2196 38
2196 423
652 509
652 9
674 510
1849 256
1493 246
1493 110
2333 84
2334 511
791 512
791 513
791 514
2335 515
2335 497
1967 516
2336 338
227 100
227 517
227 101
227 518
227 519
227 520
227 270
227 161
227 521
227 522
227 523
227 524
227 525
227 526
227 527
227 528
227 134
227 529
227 530
227 531
227 532
227 533
227 534
227 222
227 127
227 428
227 182
227 535
227 186
227 5
227 536
227 537
227 375
227 538
227 539
227 540
227 541
227 542
227 543
227 544
227 346
227 148
227 21
227 371
227 545
227 546
2337 547
1263 245
626 548
2338 368
796 549
0 550
0 551
834 1
537 552
537 553
537 227
2339 554
2141 555
1518 135
1593 556
1593 557
2340 558
682 559
1348 182
1348 222
1348 274
1132 248
1132 410
1132 357
1132 560
47 484
47 412
47 521
47 561
382 562
382 255
2341 563
328 509
328 564
2342 565
2342 566
2343 567
2343 568
2223 569
586 570
2344 571
1561 101
1167 77
1167 355
2345 572
2346 258
737 147
737 573
2347 273
107 75
107 574
1232 575
1232 126
1285 576
504 577
504 506
504 578
1574 137
1127 579
2348 580
1440 581
1440 218
2021 361
842 582
2349 583
2350 473
1523 405
2351 584
2352 203
1726 572
201 585
201 586
201 587
770 462
770 588
770 9
2353 411
2109 25
2109 589
1809 104
503 577
2197 506
2197 505
1112 590
195 87
195 591
195 184
195 592
195 494
195 124
195 593
195 95
2354 594
2355 311
2356 595
2357 596
301 258
2358 597
2358 598
1623 599
1623 600
601 601
2359 602
2359 603
2140 604
2360 605
2184 606
1906 607
671 608
671 609
35 610
1767 366
1767 605
2361 611
2362 78
550 612
550 613
550 614
550 615
550 0
550 616
550 617
550 618
550 146
550 619
550 607
1506 620
1506 287
1506 592
1506 405
2017 521
1624 257
2363 254
1699 621
1699 497
1136 622
2364 315
110 75
110 29
110 623
110 9
2081 624
2081 498
548 1
548 625
548 626
548 572
2264 627
2264 628
2365 21
2365 629
408 473
408 572
2213 21
491 630
491 631
491 9
491 632
491 633
491 42
1178 634
695 146
695 106
695 74
2366 635
264 636
803 637
803 638
803 639
2367 640
1655 641
1655 137
1655 104
802 319
200 642
2368 643
1049 644
1240 645
1240 646
1240 647
1240 648
1240 649
1240 650
1240 570
1240 340
509 651
509 328
509 652
2148 653
2369 75
65 654
65 655
1476 656
971 657
971 658
2370 83
2370 87
2371 659
1901 660
2372 606
2373 644
1944 406
311 661
311 662
311 312
311 663
311 144
311 664
311 665
311 289
311 666
311 667
2374 177
183 668
1373 669
1373 12
1373 670
609 671
2375 485
820 672
2376 296
1165 673
1165 355
1165 205
510 674
1844 177
1844 178
1844 675
1844 676
253 573
962 177
27 677
27 375
2377 678
2377 679
2377 111
2377 134
2377 680
559 681
559 682
559 100
559 683
559 26
559 402
559 196
684 389
684 61
684 616
684 684
684 685
684 686
902 687
902 688
902 689
685 690
685 454
685 691
685 2
685 377
685 684
685 692
685 693
685 694
685 695
685 696
685 697
296 444
296 698
296 699
1282 67
1282 700
1282 356
1282 701
1282 308
2378 702
704 381
704 21
704 703
704 704
1385 134
2379 705
2380 558
1141 57
1138 706
1138 707
1138 708
1138 90
1138 57
2381 42
2381 176
1154 659
1154 90
2382 709
2383 150
2383 710
2383 711
209 712
1088 112
1088 713
1088 714
2384 245
1467 715
1467 716
1467 717
2254 718
2056 218
2056 719
2385 720
1196 721
1196 722
1196 255
385 723
1614 172
1175 516
1175 724
1388 725
1388 311
1388 404
1388 631
2233 726
2233 727
2386 728
2387 92
2388 68
1324 306
1324 729
520 227
520 525
520 200
520 730
520 70
2389 196
774 230
774 651
774 427
774 9
1954 371
999 731
999 732
999 733
2216 734
2390 735
2390 736
1333 737
1333 738
1333 739
1333 740
2391 185
2391 741
2391 742
2392 743
2393 744
2394 420
507 90
911 104
911 438
352 745
1598 746
1071 266
1071 747
1071 748
1071 749
1071 750
2395 21
1091 751
1091 172
625 255
625 752
1790 10
1790 440
1790 753
1790 754
1790 2
755 755
2396 9
54 319
54 570
1046 756
1046 757
9 758
9 101
9 759
9 49
9 75
9 760
9 76
9 761
9 652
9 106
9 762
9 763
9 152
9 764
9 765
9 766
9 110
9 767
9 768
9 412
9 407
9 750
9 769
9 770
9 771
9 772
9 773
9 306
9 774
9 775
9 164
9 776
9 445
9 777
9 778
9 41
9 184
9 540
9 779
9 780
9 2
9 781
9 782
9 783
9 196
1657 784
1657 655
1657 785
1415 786
1276 173
1914 787
1416 250
1416 788
2397 21
767 26
767 789
767 9
2398 790
2399 791
157 792
350 793
2400 627
1793 794
1793 795
2401 796
806 797
730 389
730 5
730 528
730 798
730 799
730 375
52 100
52 800
2113 801
2113 29
2122 393
2402 802
2403 473
2404 803
2015 804
1630 393
1630 805
797 806
797 807
2405 617
808 808
1455 734
1455 85
1455 809
1455 9
888 810
781 182
781 811
781 134
781 812
781 813
781 814
697 685
2217 815
2406 816
2407 817
486 48
370 818
1100 77
1100 405
1863 819
672 820
892 821
1110 719
1110 822
2408 324
2409 255
703 823
703 824
703 825
703 688
703 324
703 704
703 826
703 827
703 686
703 546
703 371
703 828
703 829
367 830
367 831
1 832
1 785
1 833
1 834
1 177
1 294
1 573
1 835
1 836
1 19
1 324
1 837
1 766
1 838
1 125
1 42
1 402
1 829
2410 839
2410 110
2031 289
2031 840
582 841
582 842
582 49
582 324
930 87
930 9
1742 373
1742 843
2411 373
338 844
561 845
561 47
146 846
146 40
2412 580
2413 557
2162 485
2162 597
2414 847
2415 247
2035 848
2042 849
1220 850
2416 771
2417 674
2418 851
2419 852
25 149
1900 853
978 854
1150 262
1150 855
487 577
487 10
487 185
487 156
487 690
487 856
487 48
487 857
487 692
487 21
487 506
487 858
2420 859
1861 692
2421 457
1732 400
1732 750
2422 860
1754 861
1032 714
714 862
714 863
714 864
714 865
714 216
714 177
714 866
714 867
714 868
1378 134
553 537
865 135
1749 869
1749 787
2080 498
2423 870
588 85
762 871
762 872
2424 873
578 874
578 875
451 83
451 876
1186 300
159 792
452 877
452 100
452 156
1680 9
473 402
635 878
635 8
2098 879
2098 880
700 881
700 184
700 38
700 93
700 882
700 357
700 308
2425 883
1515 884
1515 405
1515 885
1515 886
1702 887
2426 557
810 888
2427 889
437 170
2428 890
821 891
821 745
821 892
2429 809
2429 304
580 893
176 79
176 894
41 895
41 77
41 896
41 41
41 703
41 897
41 136
41 346
41 898
41 899
41 423
41 900
41 901
41 902
41 525
41 903
41 635
929 268
929 904
929 766
1821 905
1564 906
1564 274
449 907
1107 443
2430 804
2269 633
2269 908
2269 909
2431 910
125 1
125 679
438 911
438 912
1782 913
1782 914
1782 915
2432 473
1981 353
1500 405
2193 916
2433 917
2434 918
2435 919
2435 222
2189 254
456 920
1366 921
2436 83
2437 101
1975 8
2246 289
2246 29
2246 922
1226 485
1215 208
2438 819
1832 923
1832 924
1756 530
1810 925
1810 75
1810 926
1810 104
1514 927
1514 405
1866 196
2439 928
1477 100
1477 528
2440 829
2441 262
1431 879
1613 172
2442 331
2442 929
779 930
779 101
2443 134
2444 256
602 931
346 407
346 371
346 350
346 134
2445 709
2445 592
2445 258
2016 445
2446 160
1005 834
377 932
377 933
377 934
377 935
377 936
377 169
377 377
377 691
377 9
377 937
377 827
377 263
377 938
2447 939
2447 140
412 407
412 940
412 941
412 34
412 942
412 9
1465 943
1465 216
2448 944
970 919
900 302
900 945
2449 103
2450 191
2451 184
525 946
525 41
525 947
525 705
525 948
525 285
525 949
633 491
2452 950
1951 951
1951 863
2453 952
2453 953
2453 373
419 954
2454 955
2455 824
177 956
177 957
177 182
177 528
177 25
177 958
177 410
177 278
177 959
177 960
177 961
177 1
177 714
177 962
177 963
177 964
177 965
177 473
177 402
177 966
2456 967
1757 167
1422 112
955 968
949 63
949 525
949 41
1252 100
2457 969
540 357
540 227
2458 970
657 971
657 972
657 973
657 974
657 717
657 882
657 975
657 479
2459 976
1412 832
1412 766
741 184
741 742
2018 977
854 978
1570 979
976 980
1293 678
1293 141
18 981
18 336
18 982
18 983
298 692
298 444
298 100
298 91
2085 984
1826 985
1323 19
522 227
158 26
158 742
158 255
158 375
1244 986
1244 987
1244 100
1244 988
1244 166
1244 989
1244 24
1244 298
1244 990
1244 270
1244 84
1244 991
1244 992
1244 993
1244 994
1244 931
1244 995
1244 713
1244 996
2460 997
1734 998
2461 289
2461 162
733 999
733 1000
733 405
1781 570
2462 1001
2463 75
1482 1002
1428 841
1428 1003
829 1
829 1004
829 954
829 1005
829 418
829 1006
2464 1007
1198 910
1198 498
1198 1008
627 997
1101 1009
1101 366
618 77
618 104
618 1010
618 1011
1525 883
2465 1012
2465 1001
2466 685
2467 174
1823 1013
1711 705
445 1014
445 78
1820 691
1820 1015
1820 114
1008 255
1815 1016
1815 429
151 1017
151 134
2468 1018
1606 1019
2469 1020
123 1021
123 679
1406 83
1406 1022
1406 1023
1193 255
1193 336
103 1024
103 1025
318 48
318 1026
1179 1027
1179 1028
814 781
814 405
814 733
2470 75
1038 1029
2471 810
2472 1030
166 990
166 1031
2473 178
2474 572
922 1032
922 77
922 827
2475 1033
234 1034
234 339
234 1035
2476 1036
2476 494
2476 108
2476 1037
1785 851
2477 454
1029 1038
1029 750
2478 9
1895 670
1082 163
1082 1039
1082 1040
1082 319
2183 1041
2183 597
1488 961
1357 1042
1357 866
267 1043
267 1044
267 1045
1069 178
756 1046
1047 196
2479 861
2479 571
2479 1047
2480 1048
638 484
638 803
638 1049
1727 1050
1727 38
1727 405
650 62
650 454
650 863
650 912
650 1051
650 473
457 324
457 1052
457 141
1010 618
1439 325
1439 500
315 1053
315 1054
315 701
315 1055
2481 443
1599 1056
31 101
31 1057
31 717
2482 814
2483 241
1743 1058
637 311
629 9
1942 1059
124 40
124 679
124 592
124 1060
1669 575
1669 261
1669 1061
1166 355
1166 182
1166 1062
481 324
178 1063
178 1064
178 1065
178 1066
178 684
178 10
178 1067
178 1068
178 579
178 786
178 1069
329 115
329 1070
1278 173
749 1071
749 1072
749 192
749 1073
749 1074
749 1075
749 1076
2176 439
2190 254
2484 432
2153 1077
2485 362
987 1078
987 700
987 386
987 1079
987 1080
987 1081
94 77
94 558
94 440
94 680
1268 1082
2486 1083
2486 263
494 100
494 1084
494 1085
494 1086
494 1087
494 1088
494 195
494 1089
494 158
494 71
149 560
149 25
132 224
132 141
142 224
142 137
1103 1090
751 641
751 1091
683 559
683 1
683 100
2487 472
348 832
348 435
348 1092
2488 1093
119 1094
119 1095
119 475
119 1096
119 1097
119 1098
119 1099
1275 38
2489 1100
366 1101
366 605
1379 1102
1379 1103
1379 134
2490 1104
2491 8
2492 878
1331 1105
1331 1106
163 1082
2493 493
2494 85
1592 1107
1592 1108
1592 362
1592 153
2495 182
168 164
1219 208
742 588
742 369
2096 1109
719 1110
719 140
719 1111
719 141
590 1112
590 266
310 1113
310 78
747 1114
747 26
747 1071
747 34
747 57
1073 1115
1073 749
1073 1116
1073 1117
1073 953
1073 124
1073 1118
2496 757
2084 10
2084 921
2084 1119
2023 1120
2023 1121
2497 1122
11 311
11 415
11 1123
99 1124
99 1125
99 103
99 196
544 212
544 9
1731 108
1731 680
579 1126
579 134
579 178
579 2
579 273
579 1127
579 161
357 540
357 185
357 356
357 1128
357 1129
357 1130
357 1131
357 1132
357 1133
2498 1134
2499 485
622 1135
622 797
622 622
622 979
622 1136
622 1137
2234 39
2008 101
57 1138
57 1139
57 135
57 861
57 1140
57 670
57 692
57 747
57 1141
57 1142
945 78
2065 399
2500 1028
2501 1143
752 319
752 625
1865 410
1865 1144
1865 702
116 75
917 389
763 34
763 216
1163 1145
1163 119
2502 1146
1279 459
1279 1147
1279 573
1279 740
181 597
181 1148
857 1149
857 1150
857 487
857 1151
857 1152
857 721
857 1153
659 389
659 1154
659 1155
659 1156
2503 184
2503 182
295 294
442 95
2163 485
1605 1157
2504 1158
2505 1159
2505 1160
2505 560
2505 1161
1530 722
1397 1162
355 77
355 1163
355 1164
355 1165
355 857
355 1166
355 1167
355 1133
1831 38
708 1138
2174 1138
1520 1168
1520 405
2116 884
2116 106
2116 57
2506 1169
2506 107
2507 498
293 1170
139 1171
139 324
139 42
1221 1172
1039 1173
1039 1174
1039 1082
1039 748
1039 1175
1039 516
1039 1176
1039 794
2130 449
2130 1177
2508 997
634 1178
1111 719
2509 440
2509 263
1028 1179
1499 1180
1499 405
257 1181
257 1054
257 40
1501 152
1501 77
1501 239
1676 426
396 1182
396 1016
396 24
396 1183
396 216
396 1
396 1184
396 368
396 686
396 1185
1195 67
1195 255
2510 1186
191 407
66 255
2511 313
369 1187
369 1188
369 1189
369 829
369 714
369 375
1736 1190
2512 1191
255 625
255 1192
255 182
255 728
255 1193
255 1194
255 158
255 1070
255 1195
255 347
255 1196
255 1197
255 261
255 1198
255 1199
255 1200
255 1201
255 1202
255 794
255 375
255 1008
255 382
255 40
255 692
2513 1203
208 1204
208 155
208 101
208 1205
208 1206
208 1207
208 1208
208 1209
208 1210
208 1211
208 1212
208 645
208 1213
208 1214
208 1215
208 413
208 1216
208 1217
208 1218
208 1219
208 712
208 537
208 1220
208 375
208 1221
208 1222
208 909
208 929
208 1223
208 439
208 1224
583 443
1284 715
1284 899
2514 1225
772 100
772 9
323 127
323 1050
323 896
2515 1226
421 1227
421 1228
421 679
421 718
1094 1229
1094 192
1094 375
643 1230
643 1231
126 679
126 1232
126 771
386 692
386 1233
386 1234
1417 1235
1417 1236
1417 1237
351 860
2516 434
2517 1238
1478 227
2518 407
340 1239
340 10
340 1240
340 809
340 1241
217 819
100 1242
100 683
100 861
100 298
100 494
100 979
100 1243
100 1244
100 527
100 1245
100 1246
100 1247
100 1248
100 1249
100 452
100 1250
100 1251
100 246
100 1252
100 1253
100 692
100 1161
100 559
100 26
100 24
100 52
100 657
100 443
100 77
100 690
100 405
100 749
100 1254
100 269
100 987
100 1255
100 134
100 800
100 772
100 1256
100 484
100 1257
100 775
100 227
100 545
190 134
190 1258
190 1259
190 199
136 182
136 274
136 136
136 1260
136 224
136 1261
245 1262
245 1263
245 155
245 1264
963 177
963 536
1620 651
1620 1265
1620 1266
1620 638
2519 1267
2520 363
2521 1268
2521 768
1890 1269
335 361
1839 602
1839 1023
1839 500
1248 100
387 1270
1396 1271
2522 1272
2523 737
2524 502
349 1273
349 440
349 426
349 1188
349 750
2525 1274
2526 1275
173 1276
173 407
173 655
173 1277
173 1278
573 737
573 1279
573 1
1469 78
1469 1280
2527 1281
2528 537
308 1282
308 1283
308 700
1254 834
1277 1228
1277 1284
2529 1086
2530 148
2530 720
2531 1285
2532 1286
2532 324
2533 69
265 1287
265 1288
2534 9
212 961
2535 692
1290 515
2536 258
2537 1289
1442 62
2538 25
2539 473
515 300
515 475
515 106
515 410
515 1290
515 1291
515 196
2540 75
1292 1292
678 1293
678 1294
2541 834
2542 1295
2543 1296
617 1297
617 1298
617 1299
617 1300
617 1301
1779 104
1779 438
2544 1302
59 1303
59 950
2545 1304
2545 1305
1755 861
649 1240
1281 575
1281 1306
1281 111
1281 1307
1949 347
2546 184
2546 1308
2547 1309
2547 61
1202 255
2548 95
114 1310
114 229
114 620
114 1311
114 75
114 1312
114 882
114 1313
1541 1314
1541 1315
1541 1316
1541 309
469 481
469 402
1174 375
2549 1317
1850 1318
1372 1319
822 1110
822 218
822 719
1102 937
2550 5
2550 77
2551 1320
2552 494
2075 498
2553 921
354 1321
1027 1007
1027 1179
1027 435
1027 1322
89 141
2554 1323
1777 77
1777 232
2555 413
2555 106
2556 1324
2557 612
2558 61
2559 445
2076 498
2560 1218
2050 552
864 1032
639 803
2066 1325
2561 921
1512 1267
1512 405
2562 110
284 1326
284 1327
284 1328
284 1329
284 1330
1106 1331
496 1332
496 1333
496 997
496 1334
496 738
496 729
2563 842
2078 498
2564 676
2565 1305
2566 1050
2566 1335
2566 1336
1960 879
1622 229
2115 106
2567 283
302 258
2568 1337
1586 1338
1586 1339
2200 1340
2200 95
2200 61
2200 498
1441 5
1441 62
518 1341
518 227
381 911
381 704
381 134
2569 481
2570 1342
2571 769
1986 353
2572 859
1421 112
1421 375
1421 1343
1421 368
1421 280
946 525
946 948
1936 1344
2165 1274
2165 1345
2165 200
1400 734
1400 344
1400 848
1400 1123
514 466
222 1346
222 182
222 843
222 1347
222 158
222 1348
1313 293
1313 1054
1313 114
309 815
309 533
309 1349
309 1350
309 1351
1889 1352
1892 1353
562 382
562 208
2573 114
1004 1354
1004 84
1004 457
1004 829
2574 269
2575 1066
411 95
411 355
411 12
866 1161
866 933
866 1341
866 1355
866 1356
866 1240
866 1357
866 568
866 1358
2576 196
2577 75
1383 1126
1383 134
1641 1086
2578 843
2579 652
1977 790
1085 1304
1085 494
1085 1359
1289 371
1289 1360
434 1361
434 561
2036 1362
1637 1363
55 154
55 824
55 441
55 466
55 915
55 546
1928 455
2580 625
1665 1364
2581 1365
591 471
921 848
921 1366
921 1011
921 861
921 344
921 324
921 1367
921 1368
921 26
921 1369
921 714
921 443
1361 434
872 762
1319 1370
1319 1371
1319 1372
669 1373
669 1374
2582 201
1078 1159
1078 106
1078 1110
1078 1375
1078 515
1078 1376
1078 1377
2583 723
603 10
603 45
603 201
134 1378
134 100
134 190
134 861
134 494
134 9
134 224
134 1126
134 106
134 646
134 1379
134 1134
134 1031
134 227
134 1380
134 1381
134 1382
134 702
134 993
134 1383
134 708
134 1384
134 543
134 40
134 1385
134 579
134 151
448 1386
663 311
109 445
109 274
592 1387
592 124
592 1134
2584 1040
631 1388
631 1000
2058 218
2585 1389
363 1155
363 1390
363 17
363 179
363 1391
363 1392
395 1393
395 51
1494 108
1611 172
1611 807
2586 824
312 311
312 111
2587 1141
2187 778
2588 861
2588 182
2588 1394
211 1395
211 1341
211 224
508 407
1654 1396
1654 1397
1654 42
2589 1095
2589 1242
2589 1398
2157 2
1979 353
1573 137
1573 391
2590 135
1795 1399
2591 1293
2592 718
2592 546
1123 1400
1545 530
1545 1401
1545 1402
2593 139
83 587
83 557
83 1403
83 1404
83 277
83 1405
83 451
83 1406
83 184
83 1407
83 242
83 402
2594 1408
2208 152
2208 1409
2208 865
2595 454
2596 1410
1917 465
2597 1411
2598 1398
2599 225
2600 1412
2600 128
2601 1413
968 61
968 164
786 1414
786 1415
2602 1359
2603 173
2604 733
974 657
641 357
1025 103
836 573
2605 443
250 311
250 78
250 1416
250 40
428 427
428 227
2606 494
215 931
215 203
215 1242
215 749
1237 1417
1237 1418
1237 1035
1237 234
973 77
973 657
973 146
973 101
1395 211
358 78
358 32
358 1133
1096 549
1096 119
423 1419
112 407
112 461
112 1420
112 1421
112 75
112 292
112 1422
112 227
112 39
112 42
647 919
647 1240
702 407
702 1423
702 134
1337 122
2607 10
2607 47
1075 95
1075 357
1690 1261
794 1424
794 1256
794 1425
794 480
794 182
794 1193
794 1426
794 686
794 196
2608 457
640 1427
2609 1428
558 352
558 94
558 498
572 1068
572 408
2610 358
1915 469
1915 1429
1915 1430
1915 1182
1915 1431
1915 730
1915 1432
1915 1433
1915 201
1915 546
2611 9
372 152
140 224
140 719
1805 1434
2612 1435
1800 243
2613 707
2614 1436
2615 1437
325 1438
325 1439
1321 1440
1321 266
1321 722
62 621
62 571
62 1441
62 1442
2616 487
2616 1016
2616 928
2616 1443
2617 1007
2618 1444
1818 550
1818 660
1651 182
1209 1445
1209 1325
478 78
2619 1446
435 172
435 1371
435 1447
435 348
435 548
435 92
435 1448
435 782
435 1423
2230 1200
2230 274
529 592
529 227
1147 1279
2620 189
2621 1267
1912 1449
1912 1288
2622 336
67 1166
67 734
67 571
67 314
67 540
67 763
67 75
67 319
67 1315
67 1282
67 1450
67 1130
67 1451
67 1452
67 506
67 1453
67 375
1627 1454
1627 1
2623 418
2623 55
85 588
85 824
85 75
85 1455
85 141
85 55
2100 1338
1253 692
1253 100
1529 1456
1529 785
1529 55
1529 1032
1529 306
1529 110
2624 1457
1958 790
2238 152
2238 1414
2238 1436
2238 77
2625 19
2625 600
339 1458
339 87
339 1241
339 1459
339 5
339 1460
339 71
339 234
1946 1461
2626 389
2626 1462
2626 670
1610 172
1610 305
1610 1463
2627 621
2627 1157
1628 1464
943 1465
943 1466
943 164
2628 605
715 1467
2629 55
2630 230
2630 162
2630 1468
621 62
1776 757
1280 1469
2631 1470
1996 1471
2632 153
2003 1392
2633 77
662 620
662 1472
662 1473
662 1474
662 1475
662 961
662 311
662 612
2634 945
2635 485
2635 1093
2635 1476
1051 77
1051 650
7 759
7 1242
7 1477
32 919
32 77
32 884
32 1478
32 1479
32 1480
2636 1481
2637 346
1002 1482
2638 407
2639 1483
2202 32
1945 1461
2640 1484
959 177
718 743
2641 12
961 734
961 1485
961 212
961 1486
961 662
961 1487
961 243
961 205
961 1488
961 1034
961 39
961 42
2642 456
867 714
867 817
1014 445
2166 1260
2643 1489
2643 1490
2643 1491
1251 100
24 990
24 1492
24 106
24 1457
24 101
24 1146
24 1493
24 1184
24 1494
24 1495
24 100
24 396
24 430
24 196
477 324
82 1496
1516 405
1937 500
405 1159
405 896
405 1247
405 1497
405 1498
405 1499
405 1500
405 1100
405 1501
405 1502
405 1503
405 1504
405 1505
405 814
405 1506
405 1507
405 406
405 733
405 1508
405 1509
405 1510
405 1511
405 1512
405 153
405 1513
405 1514
405 1515
405 1516
405 1168
405 100
405 1517
405 1518
405 405
405 1519
405 1520
405 1521
405 885
405 1487
405 1522
405 1523
2644 1524
2644 722
2645 153
2646 803
883 1525
319 94
319 54
319 1526
319 67
319 304
319 243
319 1527
319 752
2647 581
965 177
2648 1528
2649 1192
2650 1529
2651 244
2651 107
1796 9
2652 25
722 957
722 1321
722 1530
722 1196
722 223
722 483
722 1531
722 443
891 821
2653 273
1968 516
161 824
713 1088
713 498
574 515
574 1532
574 107
1721 1533
990 166
990 24
990 528
2195 1534
2654 101
564 328
2167 1426
2134 651
2134 344
2134 99
2134 1370
2134 1535
2134 1411
2134 435
1802 1407
216 396
216 763
216 1536
216 686
216 402
1129 1537
1129 134
554 1538
1693 36
1131 263
1125 1539
1160 1303
1160 1540
1160 1541
376 169
376 85
1380 1542
1380 48
1380 1543
874 740
447 1449
903 41
903 192
903 670
2655 196
1685 1544
1527 319
375 1545
375 1546
375 1239
375 231
375 427
375 21
375 95
375 660
375 67
375 164
375 1547
375 274
375 1134
375 458
375 1461
375 837
375 369
375 255
375 27
375 172
375 1161
375 1548
375 1183
375 730
375 1200
375 1549
375 1094
375 454
375 184
375 1550
375 1551
375 1552
375 1039
375 1553
375 830
375 148
375 263
375 1098
375 42
1822 1013
1822 827
2656 357
2657 146
2657 134
2658 1554
2069 196
2014 1555
2014 1196
2014 101
1629 494
1629 1325
2659 1556
1632 703
1632 583
1632 1557
1632 1558
1632 1340
1632 53
1632 1559
1632 1560
1632 871
2660 1145
2661 1381
2661 863
937 100
937 912
937 470
937 458
937 1102
937 438
2662 1561
1012 646
356 1282
356 285
356 701
356 357
1650 42
1650 494
1650 9
1650 597
1650 156
1391 363
1391 1155
1391 1562
1093 152
2663 435
1883 1062
1883 1563
1819 341
1819 1120
441 95
441 85
441 1564
441 427
2664 1565
2665 1566
595 1567
2666 535
837 1229
837 160
837 863
837 879
837 292
837 1568
837 1569
2667 1108
979 1570
979 454
979 622
2668 1571
526 1161
137 1572
137 1573
137 1574
137 1575
137 142
137 1052
187 184
187 41
187 642
187 1576
2669 75
2670 1577
813 1578
813 1579
813 1580
813 1581
813 1582
933 866
2671 1583
2672 311
214 357
214 203
186 436
186 1576
2673 920
1717 1584
1717 1585
1966 491
1966 516
1966 410
1339 1586
1339 1587
1339 1588
2674 1589
74 695
74 21
74 560
74 1298
2675 572
2676 592
2677 1367
2678 737
1182 1590
2679 1591
1108 1592
2680 1593
93 700
93 274
1943 1282
1943 1594
1943 1595
1943 309
2681 346
2681 182
2681 87
2057 5
2057 218
746 1596
746 1597
746 1598
1056 1599
2682 1600
581 218
2683 950
1052 1590
1052 137
1052 1601
2684 201
2685 498
2159 1602
2159 106
1722 1603
1722 353
1185 763
1185 396
1741 1604
1741 1138
1741 988
2686 182
2687 196
2688 552
2688 172
2688 813
1157 1605
220 1354
1019 1606
2689 1607
172 83
172 591
172 1608
172 700
172 263
172 32
172 262
172 435
172 577
172 294
172 1609
172 807
172 246
172 1610
172 182
172 500
172 26
172 1611
172 1525
172 1612
172 1613
172 537
172 505
172 1614
172 375
172 1182
172 2
172 1615
2690 1362
2170 150
2691 108
826 703
826 785
2005 206
2005 1616
2005 1617
2005 67
2005 1062
2005 1166
2005 965
2005 1618
1549 1619
1549 861
1549 263
1645 1023
2692 311
398 225
2693 34
1265 1620
229 375
229 1621
229 1413
229 114
229 1622
1589 1288
600 1623
2694 9
493 1624
493 939
493 152
2695 1625
1450 67
1450 1626
1450 1474
1464 1627
1464 1628
910 1198
2696 24
1325 1629
1325 196
2697 1113
546 1630
546 94
546 274
546 147
546 1631
546 55
546 1632
546 285
546 227
2063 234
2698 912
2699 1633
2699 608
2699 182
2700 1634
2700 84
2701 249
2701 1635
2701 257
1068 572
2702 1636
2703 1426
1363 1637
1283 258
433 1638
528 347
528 793
528 457
528 371
528 1477
2704 949
1430 1639
1086 134
1086 67
1086 494
1086 1640
1086 371
1086 42
1086 1641
1086 227
950 59
221 143
2705 24
133 224
1891 1642
1418 1237
1418 670
750 375
750 9
1744 324
1983 353
856 246
856 1643
856 487
1145 1644
272 1645
623 110
1816 1646
2706 597
1162 1397
2707 160
2707 227
2708 241
1409 893
1356 182
1356 866
1640 1086
1451 67
2709 829
2710 358
463 1647
463 222
463 1648
463 1237
463 1649
463 196
42 734
42 997
42 1650
42 427
42 1651
42 494
42 9
42 76
42 961
42 134
42 67
42 1
42 1652
42 306
42 1349
42 182
42 34
42 1653
42 112
42 375
42 1654
42 1162
42 1474
42 1655
42 139
42 692
42 790
2711 651
453 262
453 1142
1312 114
2265 1656
69 100
69 1657
69 1658
69 1659
69 1660
76 1124
76 182
76 1661
76 861
76 118
76 1662
76 67
76 1639
76 9
76 1663
76 42
76 46
76 1664
70 571
70 642
648 365
648 77
648 443
648 1240
2236 77
1364 1665
1909 389
2712 9
2713 1666
1558 546
1508 405
198 407
450 300
450 876
260 692
260 835
260 1667
261 171
261 1668
261 1264
261 1669
261 255
261 835
261 95
261 1670
2714 234
2715 38
967 75
967 1237
2716 216
1492 24
2172 1671
1778 1068
1778 1097
1566 274
1083 1672
1083 1673
1447 1027
1447 1674
1447 1007
1447 1367
1447 1472
1447 1358
397 824
2717 737
2718 777
831 21
831 560
831 1675
219 77
426 1676
426 263
426 495
426 349
426 873
2146 1677
182 1678
182 101
182 136
182 410
182 205
182 76
182 1679
182 440
182 701
182 274
182 705
182 222
182 1680
182 1348
182 227
182 628
182 34
182 186
182 670
182 866
182 1681
182 1682
182 77
182 800
182 1356
182 255
182 692
182 42
2719 879
2720 371
701 356
701 1133
1456 1683
1456 713
1456 90
1329 284
1544 1684
1544 347
1544 1685
1544 443
307 162
307 258
2721 1686
2722 196
2723 1687
1217 208
2724 270
1619 184
1619 1688
1619 1549
1619 205
2725 324
2025 423
2025 498
2059 1689
1261 1690
2224 439
2726 200
2726 78
332 361
332 427
2727 1691
1341 518
1341 866
36 1292
36 556
36 454
36 1692
36 750
36 1645
36 1693
36 1694
36 680
36 151
436 184
436 1695
436 862
436 1302
2201 61
2728 587
2728 225
1230 357
1230 643
1230 238
483 258
483 101
2729 472
266 1071
266 1696
266 393
266 572
266 597
266 1319
266 1074
266 11
266 590
2730 1007
556 36
2160 896
2731 462
2731 1697
1128 357
1128 1371
2132 5
1658 1161
497 1698
497 1699
497 1700
887 1138
887 1701
887 1702
887 1703
887 1208
887 1704
887 371
887 965
887 1705
2732 1706
2733 196
2734 150
2735 583
705 182
705 1707
705 2
705 1708
705 1576
705 948
705 1709
705 1710
705 525
705 1711
785 826
242 83
242 1712
242 1713
242 1064
242 1714
2736 1359
26 1244
26 440
26 172
26 1715
26 77
26 559
26 861
26 407
26 139
26 458
26 692
26 668
26 1432
26 8
26 1716
26 100
26 158
26 46
26 747
26 349
26 443
1243 972
1243 358
1758 674
1584 1717
1584 362
1851 473
1572 137
2147 324
2737 1718
995 1244
1553 375
1560 160
2738 1719
2739 75
2740 128
2741 969
1842 601
1105 31
1105 1331
1533 1720
1533 771
1533 1721
1603 1
1603 1722
1603 824
2742 1626
2743 1646
1297 432
983 18
160 1229
160 573
160 1723
160 1268
160 792
160 19
160 1560
160 837
1879 77
1870 1724
1870 1725
2744 1
2745 244
2746 1272
1050 323
1050 777
1050 1726
1050 762
1050 1727
1306 1281
1306 629
2180 820
2747 1325
2748 1728
2161 896
1575 137
1575 1146
1575 1003
1649 463
1649 1648
827 937
827 377
680 1011
680 861
680 36
680 1729
680 1730
680 1731
400 244
400 885
400 1732
400 750
1034 234
1034 274
1934 516
2749 1733
851 1734
2750 764
2751 1735
644 1040
644 1049
1190 1736
1190 1737
2752 1738
1092 348
2753 40
2754 1739
2754 1740
1454 1627
1205 208
2755 1741
2755 57
2000 434
2756 618
2757 1742
2757 21
1058 1743
1840 152
207 712
207 1744
912 1255
912 1245
912 662
912 848
912 438
912 686
912 42
912 1745
567 1746
567 1747
567 1007
807 1611
807 1748
869 1749
869 1750
1961 1751
1601 457
1601 1052
153 1752
153 560
153 405
861 653
861 1349
861 100
861 101
861 344
861 1655
861 57
861 1753
861 1754
861 84
861 255
861 55
861 76
861 42
861 8
861 1755
861 309
1998 1756
2106 210
167 1757
167 1031
1003 83
1003 1758
1003 1759
1003 1760
1003 1761
1003 1762
1003 1575
1003 1428
2758 434
2759 1763
2168 67
2168 735
2168 190
2760 424
1045 267
519 227
1577 8
2761 259
2762 1764
543 134
543 227
2763 291
1511 405
2764 937
1921 285
1443 98
2765 777
2765 51
1856 1765
2766 167
2767 110
2768 928
1607 1766
2769 172
2770 635
2771 84
2772 380
2772 506
2772 1423
2772 1767
2772 9
2104 109
2773 63
2774 218
645 1768
645 208
645 1240
2775 1769
2226 1228
2776 1770
2777 1104
2778 24
2778 1730
2778 40
2778 1771
2779 1772
2779 1773
2779 1774
2779 1249
2043 1775
1884 131
1884 137
2780 9
2781 293
2782 78
1183 396
1183 393
1183 375
757 1776
2783 154
232 1777
1097 1778
1355 1779
1688 184
1688 1629
1956 1780
570 1781
570 1121
570 54
570 201
570 1240
1695 1165
1695 525
1695 436
1695 196
914 62
914 1782
2229 1783
1164 579
1164 902
607 1784
607 765
607 1785
304 319
2061 1786
1852 1787
1852 84
1852 182
2784 571
2785 1369
1963 1309
1332 496
2786 17
416 48
416 1463
2787 207
2788 1788
58 239
2789 1789
754 1790
754 1791
754 196
2790 92
1212 201
249 251
249 40
532 227
2791 103
2011 1792
2792 434
795 1793
833 1794
1399 1795
2793 1421
2794 1796
244 1066
244 1182
244 61
244 1797
244 1798
475 1126
475 1047
475 482
1168 1520
1168 405
243 1375
243 1799
243 319
243 1800
313 152
313 1801
313 311
313 415
777 1050
777 620
777 1802
2795 1803
2251 230
2796 1138
1910 1060
1910 66
1789 1804
1565 24
1434 1805
2064 86
1224 1806
2797 1209
824 218
824 481
824 55
2798 1807
252 692
252 40
2054 218
1769 311
2799 1808
2799 880
342 213
104 5
104 9
104 152
104 1779
104 1655
104 1809
104 75
104 618
104 911
104 1810
721 162
721 1196
721 857
2029 1811
2029 110
2029 1812
2029 1813
1016 1814
1016 1815
1016 1816
1448 435
1448 55
2800 1817
2801 1818
898 41
2802 24
156 1819
156 616
1007 1027
691 1820
691 685
691 266
2803 1277
905 1821
1387 592
2804 428
1798 206
1798 285
1798 1023
1798 1371
1013 1822
1013 1823
499 1824
499 1825
499 1826
940 412
2805 160
2806 646
1548 77
128 1367
128 128
128 1827
128 388
2807 1013
2808 1120
2809 1828
2810 867
1532 1829
275 67
275 1830
275 616
275 1831
1104 1671
2811 42
1859 362
1859 344
2812 516
924 1832
135 224
135 865
135 1030
135 742
748 1071
748 1039
748 1525
748 668
2813 328
2814 1804
1487 961
1487 1833
1117 1834
1117 1578
1876 1835
1876 196
775 230
775 1836
775 1837
775 100
775 9
2149 1838
1023 1839
1023 1406
1023 631
1023 1798
1023 1645
152 1840
152 493
152 1841
152 485
152 1842
152 1843
152 1501
152 372
152 1093
152 853
675 1844
237 1064
1273 349
46 306
46 76
2119 111
1115 1115
1126 475
1126 134
1126 1718
1126 646
1126 263
1126 1383
2095 1257
2815 1845
1787 84
197 407
197 618
694 685
1316 357
1074 749
1074 266
2816 560
1812 1813
693 685
805 1846
753 1790
753 471
2817 1847
256 1848
256 1849
256 786
256 40
2818 399
1571 1080
1957 790
80 175
1318 1850
1318 71
1318 1851
6 759
84 77
84 1852
84 1853
84 1244
84 456
84 1854
84 48
84 612
84 402
1585 166
1585 1717
1585 1584
1663 1346
1663 76
1663 1855
1765 1856
1765 61
1765 1415
2819 824
2820 293
2821 1857
488 655
488 48
1939 1858
2822 499
2822 830
2823 1349
2823 1859
2220 1860
692 100
692 386
692 26
692 487
692 1861
692 285
692 685
692 1253
692 42
2824 1453
2824 739
1384 1256
1384 134
2825 1862
819 1863
819 218
819 1864
819 1295
1146 24
1146 1575
1242 7
1404 83
1497 405
410 1865
410 182
410 41
410 75
410 515
410 1866
410 104
410 1867
2826 1868
1988 246
1988 1869
1725 1870
1725 45
1797 244
1797 702
1035 158
1035 1237
1035 234
1035 402
1035 882
2827 59
2828 868
2829 718
2830 1439
44 1871
44 964
44 1740
689 902
1134 1872
1134 592
2194 164
656 1476
2831 70
1076 1819
2832 1873
2252 879
1149 857
2833 678
1473 764
1307 1874
1307 1281
2834 1242
1612 1875
1854 84
2835 512
817 859
1824 499
1835 2
1835 739
1835 1876
1835 1859
1835 1877
988 1741
269 1244
269 100
2836 676
2837 324
2838 1428
2839 1449
812 781
2840 9
2841 617
2842 1198
2843 1878
439 1161
439 208
439 322
439 1267
439 1879
439 1880
2844 1227
1678 182
1403 1881
1403 83
1403 1083
321 1882
321 605
667 311
2845 620
1062 1883
1062 1166
205 1884
205 182
205 1539
205 274
205 137
205 1885
205 961
205 10
205 77
2846 1557
2055 218
2847 750
761 918
761 9
189 407
2848 972
2849 1886
2850 443
1249 71
2851 1887
2851 1888
1352 1889
1269 1890
1642 1891
799 471
799 730
2072 196
2852 1024
1353 1892
72 407
72 173
72 545
72 196
1864 45
22 982
2853 1893
670 734
670 1894
670 1895
670 651
670 57
670 705
670 903
670 1549
670 33
127 323
127 921
127 1896
993 1638
853 1897
853 722
853 74
853 1898
853 40
853 1899
853 150
853 146
853 1900
599 1623
660 937
660 1901
2854 1902
458 1903
458 134
458 101
458 592
458 1374
458 69
458 741
458 375
1255 202
1255 100
2227 1904
2227 826
144 1905
144 477
144 311
144 224
144 1906
144 708
830 758
830 1540
830 1
830 21
830 449
830 1068
830 375
2855 1907
1833 1487
45 1871
45 1908
45 1783
389 684
389 1909
389 155
389 730
389 101
2856 1176
1229 837
1238 77
1060 1910
2857 1882
2858 1041
2859 434
728 739
728 723
728 255
728 1911
373 1742
373 251
373 1873
2860 1228
2204 368
2861 1159
501 577
2862 196
2863 1912
2863 505
2863 227
429 51
429 1913
593 466
787 1914
787 130
1433 1915
60 302
60 571
60 674
60 1442
2864 202
2865 1916
2866 1272
2867 861
465 1917
465 1918
465 1636
465 1919
465 246
465 1920
2868 1203
285 1017
285 1921
285 356
285 1798
2869 1922
2869 837
2870 104
642 187
1526 1923
1526 319
1526 1924
336 361
336 83
336 1925
336 1053
2209 1926
2209 686
985 686
2871 1915
2872 660
2873 650
616 550
238 1927
238 1064
238 863
455 1928
455 1929
455 1930
2874 1931
10 178
10 603
10 393
10 184
10 1932
10 487
10 498
10 205
10 1933
2875 5
2022 1121
141 1354
141 1293
141 719
141 89
141 132
185 1361
2876 596
1245 60
2877 1934
2878 1935
2878 1936
1453 1159
1453 1291
1009 1101
954 1447
954 1531
954 829
2270 1719
2270 886
2270 1531
2879 432
1259 190
2880 2
1197 255
2881 1278
1358 1322
500 1937
500 1938
500 33
1437 1939
2882 1007
2039 745
2883 1278
2884 231
2885 701
81 1940
81 384
81 888
81 1941
841 1837
841 582
2886 77
2046 177
2046 344
1239 861
1239 463
1239 1577
1239 173
1239 646
2887 438
2888 75
2889 1942
2890 620
1808 1049
2009 101
877 466
877 32
1427 266
1044 737
1044 1905
1044 405
406 1943
406 656
406 40
406 1944
2891 863
1461 650
1461 1375
1461 1945
1461 861
1461 572
1461 597
1461 1946
1461 227
1461 1947
204 1948
2892 487
2893 855
1713 242
1713 915
1159 1024
1159 1453
1159 100
1159 405
1159 768
919 1777
919 1359
919 32
2894 398
2895 559
347 1949
2896 1950
953 607
953 1873
2897 185
939 493
845 158
845 644
2898 266
129 1367
2199 61
2899 1133
951 1951
951 650
951 208
951 680
894 1952
184 83
184 1242
184 1790
184 356
184 1056
184 75
184 69
184 668
184 309
184 188
184 289
184 187
184 182
184 77
184 1054
184 1708
184 903
184 41
184 686
184 375
184 1695
184 741
184 195
184 1576
1474 473
1474 42
1474 977
1474 662
1474 1953
878 635
2900 2
1568 837
563 494
2137 5
371 1954
371 887
371 371
371 1955
371 362
2901 734
2901 1956
2901 1767
790 1957
790 34
790 549
790 1958
790 42
630 206
630 491
630 440
630 495
247 1671
247 473
247 1959
247 1853
247 101
1720 1533
879 879
879 1229
879 160
879 1960
2902 34
1751 1961
668 692
668 183
668 1962
2903 347
2903 1030
23 439
23 12
23 722
23 982
199 190
2904 182
1309 1963
2006 101
2905 717
516 1964
516 1965
516 101
516 5
516 1966
516 902
516 1967
516 1968
516 1969
516 1970
1250 263
1250 1250
2906 1417
1969 516
2907 1054
2908 592
2909 1325
2910 48
2911 326
2912 824
2913 1971
2914 125
2915 661
925 1972
972 1243
972 657
972 78
1457 389
1457 24
1457 644
1457 1973
1457 740
1021 123
699 296
2916 516
2916 988
780 67
780 706
780 9
2203 368
2917 1974
655 1278
655 173
655 1260
655 1657
655 65
655 187
8 1244
8 759
8 26
8 185
8 1264
8 1975
8 559
8 861
1227 421
734 1319
734 517
734 1976
734 386
734 1186
734 75
734 292
734 349
734 498
734 1447
734 435
734 708
2028 1977
2028 42
231 104
231 9
231 1413
231 234
231 375
1646 1000
50 487
1336 859
1204 208
2918 212
353 1978
353 77
353 745
353 1783
353 1160
353 1979
353 1980
353 1981
353 1982
353 1983
353 1712
353 70
353 1984
353 1985
353 1722
353 1986
353 44
353 352
2919 25
531 1987
549 790
549 1988
2142 375
2142 1617
2142 1989
2082 1126
2082 1990
2082 1237
2082 1790
1694 36
1322 1358
1710 705
1710 77
1710 1709
1710 1991
1671 1104
1471 1992
1471 1993
1471 1994
1471 1995
1471 1536
1471 1996
915 457
2155 1997
365 358
1022 362
1022 1406
91 1161
91 820
91 444
91 1379
91 298
91 954
91 90
1089 784
1089 1998
996 1244
2920 215
2068 196
2921 1999
2922 153
2923 144
2924 2000
470 402
4 759
738 1333
2925 2001
2926 2002
545 716
545 358
545 227
1392 2003
1392 961
1392 363
2927 5
1084 494
2928 521
2929 77
2929 1497
2929 91
2929 2004
2929 462
2929 481
2929 2005
2929 776
2929 85
101 389
101 247
101 2006
101 154
101 824
101 2007
101 231
101 2008
101 75
101 9
101 1292
101 2009
101 1453
101 78
101 930
101 2010
101 458
101 516
101 489
101 861
101 2011
101 753
101 227
101 413
101 182
101 973
101 2012
101 1375
101 670
101 657
101 779
101 2013
101 310
101 400
101 749
101 445
101 1047
101 1267
101 484
101 2014
101 479
101 48
101 483
101 148
101 685
101 487
101 196
2930 2015
2930 160
2930 429
2931 1630
2931 2016
1519 405
1288 1287
1288 1912
1288 1589
1288 265
521 106
521 2017
521 1261
521 196
521 571
521 525
521 47
521 227
977 2018
977 753
913 55
1735 114
1735 757
2932 1555
2240 68
2240 571
2933 2019
314 67
314 2020
314 1055
314 2021
2934 1188
78 445
78 466
78 358
78 945
2935 46
334 361
334 734
334 104
2936 1093
2937 1229
1724 745
2938 153
1121 2022
1121 2023
343 2024
343 2025
343 2026
343 2027
343 9
2939 1093
2940 75
727 148
34 956
34 12
34 454
34 2028
34 763
34 341
34 685
34 315
34 412
138 224
1653 42
1813 2029
1813 1812
289 61
289 172
289 862
289 2030
289 2031
289 311
2211 1926
1827 160
2941 1068
2941 107
2942 92
2943 147
2943 1111
2250 925
2250 2032
1684 1544
2944 2033
676 2034
676 1844
676 21
676 621
2228 1978
651 1132
2945 71
2945 399
2946 659
1955 371
374 251
2947 1058
848 912
848 921
848 2035
848 1400
848 442
848 915
1675 106
2948 100
1362 2036
1362 1027
906 1564
424 407
424 1419
424 2037
424 2038
424 286
424 443
1472 662
1472 686
1472 55
2949 686
2257 263
2950 24
745 821
745 353
745 2039
745 239
745 2040
745 1191
745 1724
745 352
849 2041
849 274
849 1687
849 1915
849 2042
849 1433
87 77
87 454
87 1592
87 861
87 930
87 339
87 1730
87 195
1775 2043
1775 577
1775 887
1775 289
1775 2044
1775 148
1775 2045
1775 767
1775 2046
1775 2047
2951 1728
2951 1638
2951 270
2952 644
2953 956
2954 968
2955 2048
2955 2049
552 2050
881 2051
881 2052
218 5
218 819
218 824
218 2053
218 2054
218 822
218 581
218 1440
218 2055
218 2056
218 2057
218 2058
1689 2059
1752 153
2956 692
188 184
931 2060
1786 2061
1933 10
1933 2062
2957 134
1466 2063
1466 943
86 577
86 2064
86 90
399 2065
399 225
399 1806
399 155
399 393
2019 2066
1181 257
1550 375
1550 234
1550 9
1445 1776
1445 2067
2958 546
196 927
196 2068
196 1866
196 1047
196 1351
196 2069
196 559
196 39
196 24
196 101
196 2070
196 1461
196 99
196 515
196 2071
196 9
196 72
196 2072
196 1325
196 98
2086 2073
154 1039
154 155
154 2074
154 101
2959 438
569 371
1030 135
498 2075
498 88
498 1198
498 758
498 2076
498 622
498 2077
498 61
498 10
498 2078
498 2079
498 246
498 2080
498 975
498 2081
498 375
1990 2082
2131 2083
2131 196
2960 793
2222 34
1211 1943
1119 2084
984 1426
984 2085
1310 1340
1310 114
2961 358
2962 273
2073 2086
2073 2087
1033 2088
2963 244
838 1
1349 861
1180 1499
2964 958
206 630
206 1386
206 2089
206 315
206 848
206 2090
206 712
206 84
206 1586
206 2005
206 2091
206 2092
206 546
1700 497
2965 1059
1199 67
1199 2093
51 429
1120 78
105 75
1682 75
1682 407
1682 182
1682 896
2966 2094
2966 196
454 1277
454 375
2967 937
2968 177
2968 1719
2968 582
194 407
2182 171
1370 1319
1257 100
1257 2095
1109 2096
391 278
391 1573
391 75
391 34
2969 164
1513 405
1223 208
73 744
73 2097
2970 2098
1294 678
1294 55
2971 2099
1338 2100
1666 2101
1666 192
975 684
975 657
975 498
1858 454
2138 1600
2972 389
2972 101
274 182
274 1927
274 136
274 2102
274 2032
274 546
274 849
274 2016
274 559
274 669
274 324
274 222
274 2103
274 205
274 1034
274 227
274 1348
274 2104
274 375
1414 786
2973 692
2974 583
415 11
415 313
2975 2000
210 2105
210 2106
210 712
2976 2107
2977 443
2978 1699
446 1449
1420 112
2979 1576
1794 833
1794 48
716 1467
1994 1471
1930 455
686 794
2980 1591
2261 530
2253 2108
1539 484
1539 1125
2981 218
1327 750
2088 1384
2088 21
2088 258
1615 172
828 211
828 703
589 2109
2026 919
2026 343
725 1869
608 2110
608 1636
608 1359
608 671
2982 2111
2053 218
476 324
1872 1134
1425 1639
130 528
130 787
130 2112
130 497
801 177
801 1321
801 2113
2983 1329
2117 77
2117 106
2024 2114
527 859
527 100
527 227
106 1078
106 2115
106 1783
106 2116
106 134
106 444
106 1457
106 9
106 202
106 1272
106 2117
106 1745
1547 375
108 75
108 734
798 224
798 730
1846 805
2984 12
2985 5
952 248
2986 147
981 571
981 18
2987 1318
681 83
681 559
1687 77
1687 849
111 75
111 2118
111 312
111 2119
111 443
732 999
2988 182
2989 2120
305 258
2013 179
2013 1082
2013 547
2990 59
1971 863
966 177
1898 831
1898 1592
1661 76
2991 348
393 1630
393 2074
393 1183
393 2121
393 10
393 2122
393 104
393 266
1267 92
1897 61
37 2123
37 890
1674 1447
884 32
884 1238
884 2116
2992 1910
882 657
882 1035
882 2124
882 749
1894 861
1894 2125
1894 2126
1894 1783
1894 45
2993 84
1747 567
2079 498
2994 407
2995 2127
904 929
192 749
760 858
760 9
858 1262
858 487
1667 21
1667 260
1667 106
587 2128
587 77
587 83
2996 421
2997 855
461 113
2998 1797
418 2129
316 75
766 929
766 114
766 9
1177 449
1177 2130
2999 230
2083 2131
3000 152
3000 485
1382 134
3001 870
3002 1088
5 759
5 861
5 356
5 2132
5 2133
5 9
5 104
5 39
5 87
5 2134
5 1264
5 961
5 516
5 2135
5 2136
5 227
5 1903
5 218
5 730
5 244
5 339
5 1441
5 48
5 2137
5 195
5 507
5 2057
916 800
610 458
331 1061
1600 1881
1600 248
1600 2138
1600 866
1600 2139
3003 382
3004 293
3005 1385
870 994
870 263
688 902
604 2140
3006 856
1295 141
555 560
555 2141
1989 2142
1346 1663
1346 2143
1346 263
3007 2144
3008 981
3008 61
2070 196
3009 106
3009 2145
3010 1162
1750 869
43 629
226 143
3011 1506
1677 2146
1659 2147
1659 1952
1011 921
1011 1054
1011 993
1011 618
3012 1510
1962 246
1962 668
964 177
964 2148
145 224
145 218
1664 76
1664 273
1838 2149
1401 1401
2012 186
1709 1710
1709 2150
1953 1474
462 770
462 1456
462 113
281 2151
2266 2152
3013 311
1923 1526
1077 1082
1077 2153
957 662
957 722
957 2154
3014 570
1997 2155
1256 990
1256 100
1256 1384
1256 503
1256 1543
1256 794
2 2156
2 759
2 1790
2 2157
2 1835
2 705
2 382
2 48
2 579
2 685
2 783
3015 1228
936 377
2239 2103
422 2158
422 783
1272 512
1272 149
3016 1974
1602 2159
896 445
896 1244
896 100
896 2160
896 1493
896 717
896 2161
896 405
896 196
2074 154
2074 393
485 734
485 700
485 2162
485 152
485 407
485 1226
485 2163
485 48
485 1369
485 2164
3017 2165
1260 2166
1260 525
3018 706
1426 798
1426 2167
1426 794
3019 367
3020 75
174 171
3021 1407
3022 592
3023 719
3024 1804
2034 676
2091 2168
920 2169
920 101
920 456
920 855
1806 77
1806 208
1806 399
613 550
615 550
1156 621
1156 659
3025 1156
3026 1131
3026 368
948 705
948 946
150 710
150 2170
150 560
3027 78
576 1285
3028 1592
1061 487
1935 1344
1390 363
3029 2171
344 106
344 1592
344 2172
344 21
344 939
344 172
3030 616
3031 1884
3031 89
3031 137
471 2173
471 977
471 402
471 1645
673 1165
673 436
3032 2174
3032 577
162 2175
575 2176
575 1232
575 258
1644 1145
855 1150
1719 565
1719 1068
1719 935
739 231
739 424
739 263
739 2177
739 106
1964 516
517 734
517 32
517 227
784 1032
784 293
784 2178
784 2152
784 1657
784 723
3033 581
3034 2179
3035 5
3036 289
3037 824
3038 830
279 5
279 2180
3039 705
2037 424
2037 1149
744 563
1922 443
1869 725
3040 814
1161 1658
1161 516
1161 439
1161 100
1161 69
171 261
171 174
171 1102
171 2181
171 1598
171 79
171 2182
171 71
3041 903
3042 771
1359 1083
1918 1919
597 2162
597 662
597 2183
597 572
3043 515
1925 336
3044 606
3045 1837
606 2184
606 2185
2118 111
3046 1664
3047 321
505 577
505 277
1114 410
1114 747
3048 2186
362 1584
3049 858
778 967
778 2187
778 9
3050 21
3051 1777
3052 263
1394 300
300 690
300 1394
300 258
1371 1319
1371 435
1231 2188
1231 643
2033 1245
980 32
980 976
3053 33
3054 143
3054 2139
3054 1103
687 902
3055 842
3055 582
254 2189
254 40
254 2190
711 40
3056 2191
596 1068
3057 67
3058 328
956 177
956 263
440 1421
440 990
440 24
440 2192
440 192
440 670
440 2193
440 1962
440 95
440 443
165 366
843 222
843 2194
147 737
147 1397
1723 690
1534 2195
38 2196
38 1275
38 2025
38 1831
1535 68
859 527
859 817
1171 139
1171 749
506 67
506 487
506 2197
71 171
71 571
71 1318
71 82
71 494
71 2198
71 1249
3059 1083
2242 401
3060 357
413 101
61 2199
61 968
61 244
61 1347
61 2200
61 317
61 2201
61 289
61 1765
61 1010
3061 1191
707 2123
707 1138
707 48
3062 549
3063 572
3064 1998
1200 700
1200 255
1200 375
3065 273
368 1421
368 2202
368 381
368 1188
368 498
368 1340
368 2203
368 2204
368 396
368 2205
1354 326
1354 141
947 525
98 77
98 196
98 927
98 90
3066 902
3067 1487
1347 2206
1347 61
1347 222
1347 2207
1398 2208
3068 1858
1766 1567
3069 1922
585 78
585 201
3070 494
3071 824
3072 845
3073 152
1424 794
1926 2209
1926 530
1926 2210
1926 2211
1926 282
1926 2212
21 407
21 831
21 2213
21 487
21 676
21 74
21 48
21 1598
21 227
1540 830
3074 456
3075 497
2090 206
1875 2214
3076 1300
378 53
3077 2097
3078 1054
804 2015
804 2215
1484 640
1484 583
1484 1138
1484 594
3079 497
3080 1278
724 1082
815 2216
815 1477
815 528
815 2217
815 309
1587 1339
3081 251
3082 2218
443 734
443 912
443 100
443 26
443 583
443 2219
443 722
443 837
443 95
443 1107
443 424
443 1125
3083 256
1173 1039
2237 1117
2237 34
3084 2147
1375 1461
1375 560
1375 375
1065 1870
1065 525
3085 661
3085 2220
1970 516
3086 164
3087 1090
1340 1310
1340 1940
1340 1414
1340 1132
1340 742
1340 1559
1340 368
1340 2147
1340 95
1340 686
1340 2200
1340 1610
3088 2050
1470 2221
3089 2222
3089 78
3089 659
3090 250
3090 40
1001 2223
1001 1001
3091 2224
1228 1632
1228 2225
1228 2226
1228 1277
1228 421
3092 1590
3092 1754
3092 730
1886 1205
1904 2227
3093 750
286 1017
3094 177
1978 1783
1978 2121
1978 2228
1978 353
2093 647
1783 77
1783 2229
1783 343
1783 106
1783 353
3095 164
735 316
735 258
2231 1591
2231 2080
3096 196
2135 5
2111 2230
2111 1200
2101 1999
2101 388
2101 1666
1591 2231
3097 767
3098 10
3099 211
64 67
3100 2232
495 2192
690 1723
690 487
690 64
690 84
690 902
690 685
690 227
3101 572
726 2233
482 475
1006 1293
77 734
77 1146
77 1238
77 2234
77 205
77 2235
77 525
77 1879
77 2117
77 2236
77 353
77 36
77 922
77 38
77 1483
77 618
77 355
77 375
77 2237
77 182
77 973
77 1687
77 1548
77 2238
77 201
77 98
77 41
77 184
77 480
77 2239
77 143
179 979
179 363
179 768
179 196
3102 757
3103 43
117 2240
542 227
899 1161
899 41
899 1284
899 1999
899 715
1714 242
327 2241
2262 958
1639 2242
1639 76
1639 1425
401 262
3104 1252
474 638
246 77
246 1927
246 1530
246 1988
246 498
246 2243
246 2244
246 258
246 234
3105 220
3106 2245
29 2246
29 110
29 2247
29 2113
3107 2198
3108 141
3109 1829
3110 100
3111 998
3112 860
3113 240
1233 284
1233 386
646 1126
646 143
646 1866
646 134
646 443
1707 1711
3114 431
3115 740
717 407
717 1192
717 896
717 657
131 2248
131 2249
131 137
131 263
131 32
131 224
131 45
1369 921
3116 160
1510 968
1510 405
268 929
268 1124
2171 1977
2032 925
2032 2250
230 2251
661 311
1054 184
1054 196
1063 1014
2169 920
773 9
3117 2252
3117 302
3117 161
729 628
3118 495
3119 814
3120 2253
3120 2254
3121 289
3122 883
2212 2210
2212 90
3123 1066
3124 2255
895 75
12 1159
12 34
12 2256
12 411
3125 1054
3126 87
1208 887
3127 1082
263 1346
263 1126
263 588
263 426
263 497
263 1276
263 169
263 1250
263 2257
2038 1481
2038 424
202 106
202 525
202 1255
202 144
3128 1541
1235 1417
3129 583
1192 2258
1192 381
1192 1580
1192 2259
1192 717
932 377
3130 2260
530 1545
530 1926
530 1756
530 2261
530 227
958 2262
513 791
292 734
292 2060
292 837
292 402
292 1927
3131 218
3131 217
1698 497
3132 2263
2092 1423
2092 597
941 412
228 1413
228 572
3133 1778
628 182
628 2264
628 729
1656 1859
1656 2265
2060 931
2060 324
2060 2266
3134 2267
893 1409
1683 1456
3135 2268
2225 1228
2225 739
2225 114
1590 1182
1590 1052
1590 55
909 2269
1531 2270
1531 1321
3136 817
1559 1632
3137 141
430 2271
430 2088
