2134 0
257 1
257 2
257 3
257 4
257 5
257 6
257 7
257 8
257 9
257 10
257 11
257 12
257 13
257 14
1074 15
1482 16
1482 17
1482 18
1527 19
454 20
454 21
454 22
1726 23
1726 24
1308 25
1308 26
1308 27
493 28
1618 29
1618 30
1814 31
1814 14
565 32
565 33
565 34
565 35
565 36
565 37
1816 38
1816 39
2016 40
1351 41
0 42
0 43
630 44
2135 45
946 46
946 47
946 48
115 49
115 50
2136 51
2137 52
2137 53
2138 54
2139 55
142 56
142 57
142 14
483 58
483 59
1181 60
1181 61
1977 62
1977 63
158 64
158 65
158 66
158 67
158 68
158 69
158 70
158 71
158 72
2140 73
2141 74
2142 75
2143 16
494 76
494 77
81 78
81 79
81 80
81 81
666 82
666 83
666 84
471 85
471 86
471 13
1217 87
2144 88
1715 89
128 90
128 91
128 92
128 93
128 94
128 95
128 96
128 97
128 98
128 99
128 100
128 101
128 102
128 103
128 104
2145 105
2145 106
49 107
49 108
49 109
49 110
49 111
49 112
49 113
49 114
49 115
49 116
49 117
49 118
49 119
1261 120
1379 121
405 122
405 123
450 124
450 125
450 126
450 127
1826 78
1234 128
1957 129
226 130
226 131
226 132
226 133
226 134
226 135
226 136
226 137
226 138
226 59
2105 139
2105 140
2105 141
2146 142
1878 143
1878 144
1785 145
72 21
72 146
72 147
72 101
72 148
72 149
72 128
72 150
72 151
72 152
72 153
72 154
72 155
72 156
72 157
72 158
72 159
72 160
72 161
72 162
72 163
72 164
2147 165
2148 166
2149 167
1464 168
94 169
94 170
94 171
94 172
94 173
94 174
94 175
723 176
723 177
723 178
723 179
723 21
2150 180
2151 181
2151 182
1084 150
448 183
2152 78
2153 184
412 185
412 57
1470 186
1703 187
1703 188
1703 189
2154 190
216 191
216 192
216 193
2155 194
2156 195
2156 196
1506 197
1506 198
2157 199
2157 200
2157 201
2158 166
1289 130
1634 202
1634 203
1634 204
1998 205
2159 206
1109 207
1465 208
1204 209
1204 210
1204 211
1204 212
1204 213
1204 214
32 215
32 216
2160 17
662 217
662 218
662 219
1822 220
2161 221
1456 222
1064 223
1064 186
1064 224
223 224
223 186
131 225
131 226
499 227
499 228
499 229
499 230
499 173
499 13
499 231
499 232
499 233
1387 234
1387 235
53 194
53 236
53 13
1744 237
1744 130
297 238
297 239
297 240
191 241
191 216
191 14
305 242
305 243
305 244
1737 245
2162 246
2163 247
2164 248
2165 249
865 250
865 251
1539 125
1539 252
2166 253
2167 254
535 62
535 255
535 256
5 257
812 258
812 259
812 260
812 261
2168 262
2169 263
1347 95
1400 264
1728 265
1129 266
2170 267
2171 268
2172 269
2172 270
2172 171
2172 271
1228 272
605 273
605 274
2173 275
600 276
600 277
600 278
600 279
2108 53
2108 280
2108 281
2174 282
817 283
817 284
817 285
817 286
817 166
817 229
817 287
1501 288
1501 289
1501 290
1501 127
1501 291
1501 292
655 293
2175 294
2175 295
1752 296
1752 116
240 297
2176 33
171 298
1958 299
371 300
371 203
371 301
371 302
371 303
371 75
371 49
371 125
371 304
371 13
371 305
371 306
371 307
371 308
2177 309
2178 310
120 311
120 312
120 313
1657 314
521 315
521 316
1290 317
1290 318
1290 319
1290 108
1290 21
2179 320
2180 202
1603 321
1603 322
1603 323
2181 324
2182 325
2183 326
329 327
2032 328
2184 329
2184 330
2185 331
2097 130
1798 125
1994 98
1782 285
777 332
777 333
974 42
974 334
974 335
974 33
974 17
952 140
952 21
26 336
26 337
2186 338
642 111
642 294
642 339
1659 340
1659 341
406 342
406 343
406 344
406 62
406 345
406 346
406 347
2187 200
2188 348
673 349
673 187
2071 350
2071 351
2071 14
2189 352
203 21
203 353
203 354
203 30
203 355
203 356
203 203
203 357
203 358
203 285
203 359
203 360
203 361
203 362
203 363
203 364
1038 365
1038 284
1038 366
775 367
775 368
775 241
775 369
775 307
300 370
300 138
300 371
300 306
1047 372
1047 373
1047 98
1047 374
2190 16
1790 218
754 375
754 13
2191 376
2192 377
2192 378
850 379
850 380
850 381
1897 91
1522 382
188 383
144 384
144 133
1874 385
1 257
1150 386
1150 387
1123 388
663 389
515 390
515 391
515 392
515 393
515 394
515 62
515 395
515 396
515 397
515 398
2193 399
2194 400
1205 228
1452 401
1452 402
2195 403
2195 404
2196 405
2197 31
344 406
2198 407
725 408
725 409
2199 410
2200 411
185 412
2089 326
742 413
742 13
742 395
742 414
742 415
1884 416
399 417
399 418
1423 419
1423 420
2201 229
4 257
2202 179
508 421
65 158
752 107
752 13
2203 422
1341 109
1341 423
2128 424
2204 425
306 426
306 427
306 428
306 429
868 430
868 276
868 108
1846 431
2205 137
2206 432
2207 375
1642 42
1642 433
1642 434
1642 128
2002 435
2208 436
1373 437
1373 438
1373 439
1373 440
1373 441
1059 202
1059 442
1059 443
1059 285
2209 389
2210 444
2210 445
1138 446
1138 55
363 203
2211 447
2212 448
2213 268
126 449
126 450
1035 49
1035 170
1035 451
1035 452
1035 453
1817 156
2214 454
2214 455
1911 354
1911 150
1178 456
1178 457
1178 458
1178 195
1178 173
1901 459
1901 460
1901 461
1238 462
1238 463
464 464
547 465
547 25
547 184
547 466
547 467
547 468
2215 13
2215 469
2036 470
2216 471
2217 472
2217 277
2217 473
2217 474
2217 475
59 476
59 235
59 477
59 478
59 208
59 479
59 281
59 480
59 481
59 226
59 482
59 483
59 413
59 108
59 484
59 485
59 137
59 486
59 333
59 487
59 285
59 307
59 488
59 489
59 490
59 292
2218 184
2219 491
1359 492
77 493
77 494
1310 495
1310 496
1310 497
1636 251
1804 149
103 498
103 499
103 500
103 261
1973 501
1831 78
1831 502
1267 503
2220 504
1649 505
1649 506
1649 27
1649 507
1649 508
1649 509
1649 510
2221 511
2222 387
1445 512
1445 513
1445 514
1445 292
396 515
830 85
2223 99
1467 186
2224 516
846 478
846 517
2225 456
2225 444
2226 505
1313 390
1313 395
2227 518
315 479
315 519
315 238
315 520
315 521
315 307
1008 522
1008 366
2228 523
2228 524
2228 525
1889 526
2229 13
1805 527
594 528
594 486
594 529
594 530
594 531
594 532
594 533
594 413
594 14
928 534
1664 535
1664 187
383 33
383 188
1607 98
1607 536
1607 537
1607 117
1140 538
138 539
138 540
138 226
918 541
918 542
918 543
918 100
918 544
918 429
2230 545
1012 546
1012 184
466 547
466 499
466 495
466 548
466 229
466 61
544 16
544 252
544 549
544 550
544 139
544 551
2231 262
2231 552
738 465
738 553
738 547
738 133
738 554
738 13
738 555
2041 556
2232 557
788 558
938 559
938 560
938 561
1860 562
1871 563
1871 564
1871 565
1871 21
2233 566
2233 567
165 139
1890 526
2234 315
1180 548
1180 225
1196 568
1196 569
1196 570
1196 571
1196 125
1196 572
1196 573
1196 574
1196 575
984 576
984 577
984 578
984 579
1185 321
427 560
427 580
427 252
427 95
427 581
427 582
427 13
427 583
427 584
427 306
427 14
2235 562
2236 124
2237 318
986 585
986 559
986 452
986 586
986 587
1402 440
2238 576
1245 588
1404 589
1404 590
1404 285
1404 591
1404 592
1404 398
2239 593
531 594
531 413
1941 595
1941 596
1502 127
2240 597
2080 565
104 598
104 599
104 63
700 125
700 600
700 601
182 602
182 603
182 395
182 14
2241 340
1240 604
273 98
273 495
273 605
273 606
2242 580
1061 607
1061 608
523 609
2243 610
2243 54
2243 285
2244 499
361 611
2091 612
2245 613
2246 614
268 437
268 615
927 616
661 20
661 617
661 618
2247 619
1864 620
1864 621
626 42
626 622
626 623
1113 624
744 625
744 13
744 626
744 627
1605 628
2248 629
44 630
44 631
2109 632
2109 203
2109 281
1278 633
1696 198
1559 36
38 31
995 634
995 480
995 635
995 535
995 179
995 636
1684 637
206 638
206 639
206 640
206 150
206 21
2249 495
1315 641
2250 74
111 259
111 125
111 642
111 643
111 485
111 644
2083 645
2083 646
1224 647
1224 648
1224 649
410 650
2251 186
1027 30
1971 651
764 74
2252 652
293 653
293 654
293 655
293 13
2253 656
2253 657
2074 615
724 408
724 658
724 130
724 14
2254 659
2254 660
2255 72
1567 661
1051 215
2256 634
2257 662
389 663
1676 634
2258 664
2258 34
83 665
83 666
2259 667
1694 668
1694 669
1105 670
1105 671
1105 427
1105 672
1105 673
1105 584
1207 37
2260 495
309 309
309 674
309 675
821 676
70 94
70 117
70 158
1955 677
1424 98
1424 420
1439 473
2261 678
2262 679
634 171
634 337
634 325
634 29
634 680
634 681
1995 682
1801 683
1496 684
1496 685
312 120
312 686
613 377
613 687
613 688
613 689
1040 690
1040 107
1040 588
1040 691
194 692
194 693
194 395
1514 694
1103 695
1103 696
1103 697
1103 630
1103 260
1103 698
1103 699
2263 700
2264 701
112 49
112 702
112 110
632 703
632 379
632 704
632 705
632 665
632 706
632 98
632 707
632 229
632 72
632 646
632 236
173 708
173 476
173 709
173 710
173 711
173 364
173 712
173 713
173 285
173 369
173 714
173 715
173 716
173 717
173 111
173 383
173 98
173 556
173 29
173 718
173 719
173 169
173 125
173 368
173 132
173 720
173 398
173 721
173 722
1275 723
1275 54
408 130
408 658
408 724
408 725
408 726
839 45
839 727
1355 13
1023 728
2265 146
1475 729
2266 730
2266 731
947 447
947 732
947 733
2267 717
2268 734
1165 735
1165 736
1165 737
13 738
13 109
13 739
13 740
13 192
13 741
13 49
13 12
13 528
13 742
13 743
13 75
13 744
13 745
13 285
13 95
13 427
13 746
13 257
13 747
13 748
13 749
13 42
13 750
13 85
13 307
13 726
13 751
13 752
13 753
13 754
13 755
13 6
13 756
13 375
13 68
13 20
13 757
13 415
13 73
13 14
13 758
13 293
13 393
13 125
13 314
13 730
13 759
13 234
13 251
13 347
13 760
13 761
13 762
13 292
1963 550
2269 59
2078 427
2270 763
2271 764
1101 351
2272 251
2273 765
2021 766
2274 767
1174 583
2035 768
85 769
85 444
85 770
85 771
85 772
85 13
85 20
2275 773
1771 774
1372 775
1372 776
1372 642
332 202
332 777
332 144
930 495
930 778
1398 779
1779 780
835 781
835 782
835 113
2276 534
971 198
971 783
971 57
1432 304
1432 784
1432 290
1432 785
2277 786
1765 787
558 788
558 789
558 790
558 558
2278 791
2278 137
2278 792
2279 793
683 794
1381 220
1381 14
1251 391
1251 795
1251 779
1251 526
1251 45
2280 269
2281 133
1301 711
1301 710
1301 256
1301 796
2104 366
2282 62
2282 797
1549 798
54 33
54 799
54 324
54 285
54 125
54 800
54 726
863 801
863 730
863 802
863 803
863 726
2283 516
2284 186
2285 804
1365 187
2286 565
28 493
2287 805
1593 806
2288 198
2289 724
2096 130
2096 324
2290 285
1915 807
1915 236
1609 808
2111 626
2030 809
2030 810
888 811
2291 585
2292 674
258 812
2293 197
2294 813
229 814
229 499
229 815
229 816
229 125
229 632
229 466
229 817
229 818
229 819
229 13
229 72
1597 735
1597 419
1597 820
676 821
2057 269
2057 822
1410 86
2295 252
2296 823
804 824
804 825
804 395
804 826
804 827
804 828
804 829
2052 830
2297 251
1053 400
653 528
653 293
2298 32
937 831
937 832
937 526
2299 833
1705 249
113 834
113 49
113 835
113 836
113 837
113 59
113 292
45 838
45 839
2300 108
2301 840
2301 306
603 841
603 842
603 843
603 844
603 182
279 600
2302 72
2302 468
2302 845
2302 202
2303 846
156 379
156 130
156 847
156 31
156 848
156 849
156 98
156 850
156 851
156 72
156 681
1214 75
1258 852
1258 853
1198 854
430 585
430 855
430 856
430 857
430 858
430 125
430 447
430 859
430 860
430 143
430 861
430 862
430 863
430 526
430 864
430 865
430 866
430 867
430 868
1783 869
2304 111
2305 870
1095 512
1095 871
1095 150
1095 872
2306 30
2307 42
1005 873
1005 107
1005 674
1005 671
441 874
441 190
441 285
441 875
441 876
441 877
441 878
441 514
441 361
441 879
441 880
441 408
441 14
441 881
441 882
2308 883
2309 108
2310 85
2310 620
1965 884
1965 885
1965 886
1965 16
696 887
811 888
811 13
621 622
278 600
1025 889
1025 555
67 890
67 891
67 142
67 158
67 643
67 892
67 893
67 839
193 894
193 187
193 186
193 82
2311 895
924 319
924 896
924 897
924 307
924 898
2312 386
2070 491
2070 517
2313 899
1276 900
1276 901
2314 13
1333 902
2315 192
2316 903
2316 668
1455 571
2317 904
2318 905
1888 906
1888 526
459 907
2319 908
2320 49
2320 909
2320 910
2320 911
972 912
972 33
2321 913
914 528
914 914
2322 915
2322 916
1655 917
1655 918
2323 72
2324 427
2325 285
1125 919
1125 57
1125 143
1125 920
2326 921
2327 922
898 923
898 924
1458 925
2328 926
616 927
616 663
534 187
534 928
2329 707
2329 324
2329 544
814 125
814 229
2330 929
2331 664
2331 930
1055 931
1055 171
1055 325
1055 932
1055 933
1055 469
1055 14
1645 934
1645 507
1934 288
2332 935
2333 923
2334 936
832 937
2335 146
409 725
1548 938
375 257
375 754
375 807
375 12
375 13
2336 192
339 295
2337 168
1793 125
1793 130
1311 784
2338 939
2339 458
1796 125
1796 99
519 872
2340 940
1646 934
1578 78
1578 941
1578 21
1578 942
1578 862
1578 943
1578 13
2341 125
327 944
46 945
46 946
599 104
2342 947
1039 30
993 480
877 948
877 807
877 947
1104 949
2343 749
2344 314
2015 168
2345 950
2345 951
1829 952
1534 730
151 953
151 823
151 954
151 72
151 305
151 955
1034 377
1034 956
2346 957
617 661
2347 491
681 769
681 958
681 634
681 156
681 129
656 959
656 951
656 960
33 391
33 961
33 962
33 13
33 963
33 964
33 565
33 426
33 745
33 54
33 479
33 965
33 966
33 967
33 14
33 968
33 651
33 969
33 383
33 756
33 700
33 513
33 241
33 970
33 971
33 130
33 713
33 549
33 786
33 110
33 972
33 571
33 29
33 973
33 974
1083 150
2348 9
2349 975
68 146
68 158
68 976
68 13
1451 241
462 977
462 978
462 33
462 463
462 299
2350 203
2351 979
1206 980
1843 645
1218 981
1218 982
2082 983
577 984
2084 645
1287 985
163 156
2352 986
539 619
2353 145
2354 81
1377 900
1377 987
567 988
567 989
567 990
567 991
2355 526
2356 992
480 487
480 184
480 993
480 994
480 995
480 59
2357 117
2358 128
2359 996
2359 997
2360 998
1071 999
1071 307
1430 1000
1430 1001
394 515
394 1002
1192 1003
2361 814
2011 1004
1773 774
674 187
674 309
674 1005
674 212
674 1006
674 1007
674 1008
517 391
2362 1009
2363 1010
2364 1011
1546 1012
1249 479
803 749
859 1013
859 430
859 99
859 1014
2003 745
2003 669
1710 1015
1774 14
721 95
721 391
721 173
2365 1016
447 149
447 430
447 1017
447 877
447 1018
447 1019
1091 1020
1091 1021
1091 392
2366 1022
2367 1023
1725 1024
555 1025
555 133
555 212
1768 132
1768 1011
1619 1026
1619 30
1619 285
1619 1027
1619 1028
1619 353
2368 1029
992 430
994 480
1987 1030
2369 186
2370 238
2371 1031
2372 203
1665 1032
1665 1033
1665 149
2373 285
170 1034
170 94
170 1035
217 377
217 1036
1216 290
1216 1037
107 33
107 752
107 1038
107 218
107 1039
107 268
107 876
107 1040
107 1041
107 1042
1795 1043
998 1044
664 1045
664 1046
373 1047
1213 276
1252 324
688 52
688 29
1769 1011
2374 177
2375 1048
2376 387
117 340
117 146
2377 1049
861 430
2378 1050
2378 97
215 32
215 1051
1576 1052
2379 871
2379 1053
2379 284
2379 290
2379 203
2380 1054
2381 1008
469 1055
2382 888
2383 565
2384 1056
2384 694
2384 261
2385 252
1044 998
330 687
330 925
2386 675
1802 1057
2387 366
2387 654
2387 236
1533 1058
1533 1059
1533 1060
608 1061
2388 324
2389 234
1331 1062
1331 502
2390 1063
2390 1064
622 626
622 621
20 237
20 541
20 30
20 454
20 285
20 1055
20 1065
20 49
20 254
20 1066
20 907
20 985
20 661
20 13
20 559
20 1067
1767 1068
1767 1069
1767 322
1454 585
3 257
1499 1070
1499 1071
2391 1072
2391 1073
15 1074
2086 490
2086 48
1364 1075
1364 1076
1364 624
135 556
135 226
1682 1077
1750 1078
1128 41
1128 266
979 1079
979 86
815 229
1985 1030
286 817
175 528
175 94
175 1080
175 500
175 1081
2392 1082
150 1083
150 66
150 1084
150 9
150 98
150 1085
150 660
1741 1086
1741 547
2393 1087
2393 1088
212 674
212 1089
212 736
212 55
212 20
212 446
212 555
2394 137
1714 1090
2395 470
968 29
968 33
392 1091
392 1092
392 1093
2396 173
1841 1094
990 774
532 594
2397 1095
1080 175
1080 1096
1160 1097
169 94
169 1098
66 862
66 28
66 1099
66 150
66 158
351 1021
351 441
351 679
351 1100
351 1101
2398 183
2398 479
2399 1102
260 125
260 583
260 1103
260 195
260 281
1835 78
2400 949
2400 1104
1943 195
2098 130
584 427
584 1105
2401 485
337 1106
337 26
337 634
337 1107
337 1108
2402 1109
1948 576
778 930
1731 1110
2072 350
2403 458
1164 736
2404 528
2405 1111
2406 1014
2407 130
2408 1112
2409 526
2410 761
2411 202
675 1113
675 784
675 309
675 1114
675 1115
675 1116
675 1117
675 1118
675 1119
675 1120
675 1121
500 125
500 1050
500 175
500 1122
500 925
2412 78
957 755
2130 424
388 882
2413 1123
248 1124
248 404
1124 53
1124 1010
57 1125
57 971
670 198
2414 1126
2415 1127
2416 731
785 303
1257 187
1007 95
1007 674
437 268
266 1128
266 479
266 1129
856 1130
856 744
856 1131
856 358
856 546
856 1132
856 1133
856 307
856 1134
1369 183
1369 1135
1419 1127
235 75
235 1055
235 1136
235 14
235 366
235 59
1137 1137
1137 184
55 1138
55 1139
538 206
538 1140
1396 647
1847 1141
1847 192
1847 950
967 1142
967 33
967 21
1152 1143
1152 1144
1152 1145
2090 86
2417 1146
1190 458
1190 586
413 284
413 594
413 95
413 581
413 403
413 531
413 1147
413 742
413 377
413 413
2033 1148
1345 218
1345 1149
1542 593
102 128
419 735
387 1150
387 1151
387 125
387 1152
387 1153
387 127
387 1154
387 1155
387 253
1295 636
176 841
176 723
2418 1156
2419 103
2420 600
1976 1157
2421 1158
2422 202
2423 1159
1097 1050
1097 1160
2053 1161
2424 641
1615 30
2425 539
1450 1162
736 1163
736 1164
736 1165
736 212
736 1166
736 508
1538 955
1146 1167
1146 14
1707 559
1707 461
1707 1168
1588 34
1348 114
1348 1144
693 1169
693 903
2426 301
2426 565
2427 1170
287 817
1893 1171
1799 13
1431 304
960 234
1892 526
356 1172
356 203
1388 1155
1388 587
1388 678
583 1173
583 1174
583 192
583 807
583 260
583 238
818 229
2428 623
541 20
541 1175
434 42
434 1176
1041 42
2429 1011
840 49
840 1177
840 33
840 21
456 1178
456 272
1179 1179
548 466
548 1180
1624 1141
1988 528
1988 1013
61 466
61 1181
1054 1182
1972 671
167 1183
167 1184
2430 513
962 33
962 962
625 856
321 130
321 1185
2007 1004
1473 1186
1473 30
445 33
445 125
445 113
445 1187
445 13
445 1188
2431 731
472 786
2432 1189
2432 192
1184 167
1184 146
1302 504
1302 1190
1302 544
1838 1191
1003 1192
2433 212
1772 49
1772 774
1772 807
1772 1193
2434 1194
2435 1195
2435 1196
2436 454
2436 16
903 693
903 216
1510 956
1899 132
1899 1069
1922 98
854 98
854 1197
854 1198
854 1199
2437 675
2438 171
1485 442
1485 1200
421 1201
2439 674
1208 1202
1661 119
1661 882
1602 1203
1141 205
1141 675
2440 180
2441 508
1116 675
228 125
228 1204
228 99
228 1205
228 1206
37 565
37 1207
37 123
2442 876
2443 1208
2444 55
2445 1209
238 560
238 25
238 581
238 1005
238 1210
238 698
238 720
238 315
238 583
238 447
238 297
238 1211
238 844
802 863
1471 1212
1471 632
1471 186
1471 395
2446 362
2447 914
2448 1213
2448 260
2449 1214
1411 333
1037 1215
1037 1216
1037 368
1037 1217
116 1218
578 984
578 1031
976 25
976 68
976 192
867 430
867 643
2450 1219
501 671
648 1220
648 527
648 1221
648 1222
648 1223
648 1224
648 1225
2451 1226
2034 1227
272 1228
272 805
272 456
272 1229
272 1230
272 1231
272 952
180 30
397 1037
1990 1013
1820 1232
2452 1233
99 1234
99 1235
99 78
99 1236
99 128
284 817
284 127
284 1168
1489 1237
1489 491
463 1238
2453 1239
2454 1240
2454 413
2454 1241
628 628
628 21
2455 379
1268 1242
1268 448
1268 319
2456 130
2456 1243
479 202
479 266
479 779
479 284
479 499
479 480
479 95
479 357
479 1244
479 307
479 59
479 16
479 33
479 1245
479 1246
479 1172
479 1247
479 1248
479 379
479 422
479 636
479 1249
479 1250
479 125
479 1251
479 305
479 1252
2457 1054
345 125
345 95
345 1253
345 561
2458 954
2458 151
808 1254
1933 1255
1933 187
1933 1256
1933 285
1933 651
1933 369
1933 1257
1933 688
853 1258
786 738
786 1259
786 1260
786 472
786 25
786 369
786 473
786 1127
786 1261
786 398
786 1135
56 142
56 128
2459 1051
860 430
143 430
143 442
143 1262
143 1263
2460 491
1856 702
503 16
503 1264
503 667
503 1156
503 1265
503 114
503 1266
503 1267
1211 844
352 202
352 486
352 1268
352 1269
352 1270
352 1271
352 1272
1045 1046
1045 1273
2461 1274
1844 202
2462 1161
680 634
377 428
377 713
377 125
377 1275
377 820
377 613
377 413
377 726
2463 13
660 150
2464 268
1853 562
901 1276
703 632
703 239
913 728
891 1277
633 1278
1872 166
2465 1279
122 405
122 832
122 1280
2466 1281
2467 1282
404 403
426 1283
426 33
426 319
2468 1284
2468 736
2468 1285
985 20
985 14
985 1286
985 1287
2469 1250
1303 1288
1303 1126
79 81
1537 16
1537 1289
1928 765
1869 288
1869 1290
1869 21
1869 1291
1869 1192
1869 127
1869 1049
1869 292
2019 372
2019 1292
1606 1293
1606 1077
307 41
307 668
307 479
307 285
307 775
307 192
307 13
307 1294
307 371
307 669
307 49
307 519
307 95
307 315
307 1216
307 1132
307 59
307 478
307 137
307 979
307 1105
2470 1295
753 13
2022 1296
737 1297
1468 186
757 1298
757 479
757 13
1324 528
1324 1299
588 1245
588 1018
588 96
2471 1300
1931 198
1931 870
1167 1146
1913 149
256 1301
256 132
256 1302
256 1303
256 535
256 1304
256 1305
1392 1306
381 42
381 536
381 850
381 729
25 581
25 547
25 1307
25 238
25 1308
25 339
25 1309
2472 1161
2473 479
824 212
2474 1310
2047 1233
1721 17
2475 1311
2476 1312
2476 196
214 1183
214 1204
390 1313
907 20
907 1314
907 1138
2477 1301
641 1182
641 1015
641 1315
2478 272
528 1316
528 1317
528 758
528 1318
528 1319
528 1320
528 914
528 1035
528 143
528 1321
528 1322
528 546
528 624
528 13
528 1323
528 508
528 1324
528 915
528 679
528 1206
878 724
2479 1325
2480 443
1830 78
1743 485
1891 98
1891 1326
1891 1327
1891 526
1891 285
498 103
717 288
717 173
969 33
2481 844
1136 61
1136 731
1354 299
1697 441
1067 20
1067 1328
1067 1049
2482 225
274 16
274 108
274 605
274 1230
1220 362
1220 395
2483 526
457 852
457 330
1327 314
1327 1329
2484 1179
1062 1330
1062 1331
1062 13
2485 1055
1153 1332
973 33
2486 447
2487 675
902 1333
2040 75
2488 1334
2489 925
611 361
1280 1335
184 1336
340 78
340 631
340 953
340 1337
340 945
340 117
340 1020
340 1338
109 304
109 634
109 527
109 1339
109 622
109 177
109 278
109 49
109 1340
109 710
109 1341
109 13
109 1342
109 399
711 369
2490 734
1758 745
2491 1343
1265 503
1265 783
95 1344
95 128
95 674
95 427
95 1345
95 345
95 700
95 1090
95 307
95 1166
95 192
95 1346
95 452
95 669
95 1347
95 721
303 370
303 785
1754 417
643 111
643 250
643 67
643 986
114 1348
114 503
114 1349
2028 1055
2028 1350
11 257
41 1351
41 1128
41 299
41 1352
41 726
299 1353
299 462
299 41
299 1354
299 192
196 457
196 1355
196 582
174 94
595 950
595 1356
595 251
595 1132
595 285
920 1125
159 1329
159 13
159 164
560 938
560 108
560 125
560 97
560 427
560 756
560 50
560 238
560 1308
560 917
560 1357
492 301
492 1358
492 1359
492 186
2492 1360
2493 516
857 1127
857 430
1702 187
1223 648
1223 846
2494 1361
2495 109
1406 1362
2496 130
2496 1311
1108 337
989 221
989 1363
989 1364
1505 195
691 691
2497 429
2497 1365
1842 409
2044 16
2044 689
2044 408
2073 615
1760 745
2062 686
2498 1265
495 441
495 1310
495 226
495 466
495 1366
495 1367
495 1321
495 186
369 1368
369 1369
369 285
369 1151
369 368
369 173
369 1043
369 1370
369 1371
369 118
369 1372
369 711
369 307
438 1373
1176 434
2499 268
2500 237
1778 1374
2501 1375
585 252
2502 1102
2503 1376
252 585
252 486
252 285
252 1292
252 783
252 427
252 1377
252 1378
582 642
582 196
582 197
582 621
582 427
582 179
582 1105
1947 852
1996 1379
1699 198
14 56
14 75
14 569
14 602
14 142
14 851
14 479
14 304
14 1055
14 1380
14 285
14 31
14 1035
14 985
14 257
14 1381
14 13
14 20
14 1382
14 1383
14 236
1833 1384
1344 769
1344 669
1344 1385
2504 1386
2505 1387
587 1161
587 1388
386 1389
386 1390
386 785
386 528
386 1391
386 164
2506 318
1306 1392
975 780
975 1393
975 1339
975 208
975 1394
2507 1269
647 1221
647 1395
647 1224
647 210
647 1396
647 470
2063 1397
2063 419
1294 291
1294 307
1294 285
779 1251
779 1398
779 929
779 871
2508 470
2509 1023
2510 49
2511 782
2511 361
2512 13
1202 1208
1202 206
1202 1399
264 13
264 149
264 1400
2513 178
2514 470
2515 1401
590 1402
590 324
590 1403
590 125
590 1404
590 13
590 121
590 1147
590 950
590 1405
590 272
590 1323
2516 1045
2516 813
2517 432
966 917
966 33
1215 722
1215 1037
714 259
714 1172
714 173
1362 310
1362 1406
154 468
1427 717
1427 1407
2518 1408
635 535
635 995
9 257
9 192
9 6
1066 20
1426 1409
1089 234
1089 212
2519 149
2519 1172
2100 1086
370 300
370 303
1959 787
1959 1410
333 1411
659 71
1480 1412
1571 1292
1571 1413
1571 1414
1571 1415
2520 975
2521 759
398 21
398 125
398 1404
398 173
398 1416
398 1417
797 315
797 1418
2522 143
1748 1304
1127 1419
1127 857
1127 30
1573 1420
2523 1421
2049 217
2049 741
2049 423
1653 74
1653 1010
1653 1012
1653 907
1653 917
1653 559
346 406
443 1422
420 1423
420 137
420 1424
919 1125
919 1202
108 1290
108 252
108 21
108 1425
108 1303
108 101
108 118
108 1040
108 933
108 868
108 274
1409 1426
1409 1375
1800 424
1638 125
1132 192
1132 856
1132 307
199 285
553 16
977 462
1407 111
1407 1427
540 514
540 1428
540 138
82 139
82 666
2524 162
2102 1429
2102 1309
1000 1430
304 1431
304 1432
304 371
304 1433
304 1434
304 14
2525 1435
1339 975
1339 517
444 1178
444 337
444 1436
444 196
831 937
473 1437
473 986
473 476
473 472
473 1086
473 1438
473 1439
473 454
473 1440
473 786
473 1441
1679 192
1679 1021
2076 125
2076 513
2526 1442
2527 1443
129 1444
129 187
512 1095
512 1346
512 1445
1495 1446
1839 1447
1550 784
1550 1448
1550 1436
2528 441
1671 98
1671 173
1162 1449
1162 1450
1162 500
1162 1451
2529 730
402 258
402 812
402 1452
402 1453
692 774
692 447
692 1017
692 49
692 865
692 194
692 307
551 114
551 234
551 544
2530 1105
1762 285
1523 50
1523 999
2531 203
2532 1454
2532 585
571 965
571 1455
571 319
222 1456
761 1175
2533 620
319 426
319 731
319 125
319 285
319 378
319 700
319 571
319 513
319 291
319 1457
319 924
319 701
319 377
2534 304
789 66
789 13
925 74
925 330
925 301
925 500
925 1458
925 29
925 1149
925 1459
2119 1460
1461 1461
179 1048
179 799
179 203
179 582
179 85
179 561
1230 1462
1230 272
2535 1463
2535 1172
529 1464
208 1465
208 59
186 1466
186 1467
186 1468
186 675
186 223
186 1469
186 495
186 1203
186 415
186 78
186 1470
186 193
186 673
186 1471
186 912
186 1472
1186 1473
93 91
729 1474
729 1220
729 1475
729 381
1114 1476
1114 675
2536 333
2537 1477
153 146
2538 695
2539 1478
2540 1479
2541 1018
1478 198
1478 441
823 151
1412 546
1412 1480
2542 1041
2543 1481
1975 437
1342 109
2544 1155
18 1482
2545 59
2546 1483
1139 55
1139 212
549 33
549 961
549 963
549 544
2547 1037
1106 337
1229 14
1229 272
1633 130
1633 1484
468 547
468 54
2067 1485
2067 1486
1418 449
739 1487
739 1488
739 13
1237 1489
17 695
17 125
17 1185
17 1490
17 755
17 1491
2548 1492
1668 367
1668 1493
2549 42
2549 1494
1446 78
1446 1495
145 480
145 133
145 485
684 1496
1920 528
1920 1497
127 634
127 284
127 991
127 1498
127 1499
127 1500
127 1501
127 324
127 511
127 159
127 1502
127 1503
127 1504
127 450
127 307
2550 805
915 1505
915 195
915 447
915 1039
915 58
915 528
1459 1459
1326 554
2551 259
197 198
197 562
197 1506
197 713
197 872
1722 428
2059 49
2059 939
2552 945
1182 1054
1182 491
1182 256
1182 641
546 1320
546 1060
2553 663
1554 75
1554 54
1554 1507
1554 550
1554 441
1554 1508
1554 83
379 479
705 632
2554 561
2555 1232
1540 593
1540 1509
956 1034
956 1510
2556 1511
733 728
2557 1512
1417 398
1352 1513
1352 41
1352 1128
694 1514
1321 124
1321 528
1321 495
1647 1515
1729 276
1729 1516
2558 1318
2559 85
1562 1517
2560 929
2561 531
147 1518
2562 1485
2562 442
2562 1051
1568 1519
525 1520
1756 1521
382 1522
2563 643
941 1367
825 828
50 115
50 1523
50 1524
50 1525
50 1526
894 842
894 260
19 846
19 1527
2131 632
250 865
250 1528
250 1529
250 1017
458 526
1849 192
1637 1530
2564 1100
2565 586
1691 1531
2566 774
2566 1532
2567 186
1060 1533
1060 421
1060 1534
239 703
239 1535
239 297
638 206
638 1536
638 660
2568 1537
912 972
955 1538
1683 75
1683 801
1683 203
2569 597
841 603
610 1539
610 324
2570 439
593 1540
593 1541
593 1542
593 1543
2571 1544
2572 13
1651 917
916 586
916 1545
916 1427
916 734
2573 1546
2574 541
2575 666
183 1547
183 448
183 1296
101 1548
101 493
101 108
101 72
101 128
1885 526
2576 14
452 95
452 1035
452 655
452 986
798 1549
784 1550
784 1551
784 890
784 783
784 675
784 227
784 96
784 411
784 403
784 1552
784 1553
1529 250
1508 62
1508 1554
1508 1555
2577 1301
1713 1556
2118 1557
36 1558
36 565
36 1559
36 76
36 1560
1517 1561
1517 1562
1517 897
1517 203
2578 214
2 257
931 422
96 543
96 128
96 588
96 292
1242 971
2051 554
1298 337
403 784
403 264
1219 1522
2064 1349
244 305
1751 1563
1751 1564
1751 268
842 1077
842 894
791 367
2579 1565
2579 1566
2580 768
123 877
2581 1567
1519 1568
755 884
755 13
755 17
755 1569
87 74
1263 143
2582 109
1896 690
1896 241
2583 491
134 226
1414 67
1414 1570
1414 1571
496 1572
2584 42
2584 1549
847 1195
2585 1111
1620 30
1420 429
1420 1573
1420 285
2586 1574
58 915
58 731
2587 526
2588 1575
1052 948
1052 1576
1052 285
1052 998
1052 1577
1052 250
1052 1578
2589 1579
2589 1545
2590 1507
2590 1580
1717 1581
2591 1582
2592 1583
1980 1584
880 1585
880 441
880 1586
2593 495
2593 1587
2594 480
486 238
486 449
486 772
34 1588
34 565
1288 1589
1288 807
2595 1590
368 369
368 1135
368 1304
368 285
1952 1185
1952 17
1952 929
1952 558
1952 285
2596 322
2597 101
2598 1591
843 1592
843 603
843 1018
1102 1123
1102 882
1102 441
1102 455
2599 1593
602 1594
602 712
602 14
2600 1392
1730 1149
177 337
177 1595
177 117
177 502
6 257
6 9
6 13
2601 139
2601 211
1962 1596
1979 13
2602 146
71 659
1526 50
820 377
820 95
820 742
820 1597
2603 1598
2603 1599
2603 17
2603 1600
870 485
2604 1601
1291 443
1565 536
440 187
440 1402
440 431
1203 1310
1203 186
1203 1602
323 1603
323 281
2605 162
1678 1021
748 1604
748 541
748 13
2606 78
1742 197
2607 817
2607 62
2607 1605
1107 337
2608 862
1293 1606
537 1607
537 368
2609 417
1608 1608
720 1609
720 1610
720 238
720 173
2610 1611
2611 1612
1491 17
30 202
30 1613
30 298
30 1614
30 1615
30 1039
30 1127
30 1616
30 1617
30 1618
30 1028
30 1473
30 1619
30 203
30 1620
30 1421
30 1621
30 1622
30 1623
30 1624
30 1625
30 1626
30 1627
30 1628
30 1027
30 1629
30 1630
30 29
30 1631
30 285
30 1632
30 1633
30 180
30 20
30 1634
30 319
1735 688
2612 1167
1736 965
358 656
358 856
358 149
358 203
1250 1635
1250 209
2613 159
1530 1636
1530 1637
1530 882
1808 1638
1225 648
1031 578
1570 1570
2614 14
2615 139
178 723
1716 1639
722 1215
722 173
722 183
722 1640
722 285
2616 664
2617 276
606 1126
2618 186
2619 21
1572 669
1759 745
2620 1336
1670 1641
42 1642
42 626
42 990
42 1041
42 567
42 747
42 13
42 231
42 1075
42 618
42 974
934 1643
934 1644
934 1645
934 1602
934 1646
934 168
119 1647
1172 479
1172 356
1172 368
1172 173
1172 714
1172 256
1172 1648
27 1649
27 13
1433 917
917 560
917 966
917 324
917 1650
917 1651
917 314
917 13
917 1172
917 1652
917 1653
917 1654
917 29
917 449
917 308
917 1433
917 544
917 1655
917 1656
2621 1267
636 479
636 1295
314 149
314 1327
314 1652
314 29
314 1657
314 225
2622 1406
2623 1658
251 1636
2624 305
2625 1517
2625 1659
2626 1660
981 982
2627 1377
2628 1661
2629 1485
2630 430
105 1662
105 1343
105 1633
105 1663
2631 78
889 1637
1033 380
1033 1246
1033 1167
2632 470
2633 1190
2633 935
255 1664
255 1665
255 760
2634 1193
1680 852
1680 457
91 1666
91 93
91 1667
91 128
1126 882
367 1668
367 791
2635 780
2636 613
2636 84
1687 391
1687 231
2637 499
781 835
2638 675
1566 536
2639 211
2639 470
561 179
2640 466
1641 1669
1641 1670
418 399
1700 858
160 71
160 98
160 72
1032 1665
718 1671
2641 1672
1999 1673
2642 1674
2643 664
2644 1675
2060 1652
1462 1230
1462 1381
769 1676
769 85
769 1385
769 179
769 622
769 1216
2645 1156
2646 24
2646 288
2646 586
2647 1093
2648 1677
1021 1091
1021 1678
1021 1679
1021 428
2649 1680
2650 1681
2650 1682
2651 124
2652 1171
2653 218
2653 1683
637 1684
391 499
391 203
391 1685
391 515
391 282
391 466
391 1686
391 1567
391 238
391 1687
391 1688
391 517
391 721
2654 50
2655 186
884 528
884 774
884 400
884 78
884 1147
884 1689
884 755
884 508
507 1649
2656 672
2657 352
1272 1055
1272 352
2658 636
2658 34
2658 850
2069 111
2069 1690
2069 926
2106 1280
2659 862
1254 808
536 1607
536 639
2660 620
1531 1691
1531 728
2661 528
146 98
146 153
146 117
2662 107
897 731
897 924
619 368
2663 1692
2001 288
2001 1693
668 307
668 1694
2664 1315
639 536
1950 454
1950 648
1685 391
484 636
484 59
29 350
29 925
29 33
29 30
29 314
29 173
29 315
1286 985
2665 1695
198 713
198 275
198 285
198 197
198 1478
198 441
198 1696
198 1697
198 1698
198 1699
198 971
1552 1700
1953 1692
1481 1198
1481 1701
1481 285
187 1702
187 1664
187 441
187 1703
187 534
187 193
187 1704
187 1365
187 1216
187 1257
187 208
187 1161
2666 499
2667 443
2668 1488
249 1705
290 1706
290 1432
290 108
290 1707
290 1501
290 1708
290 1709
290 888
290 556
290 1216
290 1710
290 1711
1834 1712
1834 1713
1090 95
1090 1714
2669 1133
1851 559
1851 1155
1851 1159
1277 1065
1277 634
1277 67
1277 1292
1376 184
2670 650
2670 526
298 171
259 556
259 812
2671 1684
741 1715
741 1716
1581 1717
1569 755
401 276
1541 1718
1541 593
1541 686
449 183
449 76
449 126
449 783
449 665
449 486
449 851
1018 1719
1018 588
1018 447
1018 1720
1018 841
1018 843
428 743
428 1721
428 1722
1476 1169
1476 675
2672 723
2673 841
2674 511
1904 695
1904 559
1436 444
1436 1550
1436 1093
1436 1702
2675 1723
318 1290
732 1724
2676 687
2677 1010
2678 215
1926 292
1024 391
1024 1725
1024 1587
644 1726
1558 498
1558 1560
2679 1727
2680 656
1353 299
157 98
1504 353
1819 33
887 696
265 1728
2681 1167
1516 1729
2013 1447
2013 554
646 768
646 1404
646 632
1367 49
1367 202
1367 847
2682 925
2682 500
2683 1692
1875 1152
1149 301
1149 925
1149 1730
1110 125
1110 1731
209 1204
2684 1732
1650 17
1613 30
1613 1733
1866 21
118 49
118 75
118 1734
118 369
2685 143
1698 198
2686 1653
1444 129
2687 1735
965 571
965 74
965 1736
8 257
543 918
543 128
152 695
245 1737
245 1738
726 377
726 41
726 13
726 54
726 149
1712 1602
374 1739
374 33
374 1424
1068 1740
1583 985
1583 77
2000 541
1086 1741
1086 129
1086 1742
1086 1156
2688 526
415 29
415 742
415 149
415 186
2689 1432
1117 675
485 585
485 83
485 870
485 1743
2690 841
237 1744
237 1745
237 20
2691 948
2691 470
384 247
1304 285
1304 1746
1304 1747
1304 368
1304 662
1304 1748
2692 305
1770 130
353 1619
353 203
353 554
353 1542
353 1289
353 1504
1078 1749
1078 1750
1078 186
2038 133
1564 1751
1564 1563
1151 1649
1151 369
296 1752
296 54
2693 59
2694 264
858 1753
417 1754
417 82
2695 998
2695 1755
1521 1756
253 1757
253 203
253 387
253 128
745 1758
745 237
745 1740
745 447
745 1759
745 127
745 130
745 1760
2696 307
697 1103
2697 742
2698 1469
2699 967
1536 638
2700 368
1912 918
2701 26
75 1761
75 991
75 324
75 285
75 118
75 1762
75 1338
75 13
75 186
75 14
2702 313
665 98
756 1763
756 13
2703 1167
1015 492
1015 1359
1015 1710
2704 1094
1016 1513
710 1182
710 556
710 109
710 619
2705 1764
822 1227
2017 168
2706 72
2706 1765
520 1766
2707 320
2708 268
1865 588
1865 21
2709 34
2710 546
2711 952
2712 1526
301 925
301 632
301 1740
301 1068
301 926
301 371
301 1149
301 1767
2713 936
47 946
47 1079
47 1328
2714 712
623 626
2715 1479
2716 868
2717 729
1011 1768
1011 1769
1011 539
1011 1348
1011 226
1011 114
1011 556
1011 1770
1011 63
2718 486
1437 473
155 1588
155 72
155 660
2719 531
2720 202
774 884
774 782
774 1771
774 377
774 1772
774 1773
774 1774
1370 369
1346 16
1346 1775
1346 95
1346 512
1346 47
1346 514
1338 1776
1706 1777
1706 290
1706 21
1477 700
1477 413
1942 195
1374 1778
2721 187
780 1779
780 975
2722 1780
2722 1132
2722 1039
1434 304
2723 1781
819 1782
1868 21
1868 85
1868 1425
1868 952
869 1783
2724 1784
2725 634
2725 485
2725 1785
2725 59
1515 1647
1319 1786
709 1245
1156 503
1520 187
677 1787
896 282
896 755
2726 77
2727 98
2727 413
1806 1788
2728 667
2729 1789
876 515
876 107
876 441
1500 127
1236 99
439 986
439 805
1784 1156
2085 1493
218 107
218 1790
218 430
218 95
218 242
218 1020
218 1346
218 104
218 1338
2730 1039
991 1791
991 75
991 567
991 1168
2101 1787
1281 228
1281 1360
758 528
758 1343
393 515
125 1196
125 21
125 228
125 1792
125 1110
125 17
125 12
125 13
125 929
125 326
125 513
125 1793
125 281
125 427
125 441
125 150
125 416
125 1292
125 307
125 716
125 94
125 33
125 111
125 98
125 560
125 1638
125 339
125 814
125 387
125 1794
125 700
125 774
125 1795
125 110
125 377
125 1796
125 285
125 430
125 1797
125 132
125 1798
125 229
125 398
125 319
2731 1742
2732 1799
84 1800
84 1801
1945 190
1945 428
1057 1802
2733 25
2734 660
627 744
2046 1686
2735 1803
2736 1804
999 1805
999 94
999 476
999 1806
999 132
999 905
999 1523
999 307
1438 1807
1438 473
164 1808
164 386
2737 315
2738 200
2739 668
2740 81
604 1240
604 708
604 395
2741 1277
1656 1809
1656 309
1656 1004
1656 1810
1134 856
581 1811
581 1812
581 139
581 427
581 1813
581 1648
31 1814
31 1815
31 1816
31 156
31 1817
31 27
31 1818
31 38
31 14
1232 1195
1232 1819
1232 1571
1232 1820
881 495
881 238
220 1821
220 277
220 1822
220 1381
2742 850
1145 1823
78 1824
78 1825
78 1826
78 1446
78 1827
78 1828
78 847
78 1829
78 1788
78 58
78 186
78 1830
78 1831
78 1832
78 1833
78 734
78 1578
78 81
78 663
78 1834
78 1835
78 305
78 1587
1299 1324
60 21
933 1055
933 95
933 108
1858 1836
1595 177
1595 72
2743 26
2743 54
1191 1837
1191 1838
799 177
799 179
799 54
799 1839
422 1840
422 479
349 555
1094 1841
1749 1078
1122 500
234 708
234 107
234 1144
234 1842
234 290
234 55
234 555
234 1367
360 203
2744 998
202 585
202 888
202 1843
202 479
202 1631
202 1844
202 1845
202 1377
202 49
202 42
202 844
2745 1304
607 1846
192 652
192 6
192 706
192 364
192 1847
192 285
192 95
192 1848
192 72
192 1849
192 307
192 601
192 1679
192 991
192 9
192 98
192 1850
192 1132
192 976
192 549
192 173
192 583
2746 638
1155 1851
1155 1852
679 528
1082 1184
2747 733
2748 1206
652 528
652 192
652 1307
652 13
1010 1653
562 491
562 1853
562 441
2749 1854
1006 674
2750 447
2751 16
2751 517
88 1855
2752 72
702 1856
230 499
2042 1857
2042 218
1836 1858
2753 606
1580 1127
1580 1586
970 33
970 1859
1551 485
455 1102
162 1354
2754 1860
2755 1105
759 1861
759 13
2756 939
2757 785
1575 227
489 1648
489 735
489 403
489 1862
489 59
2758 1863
2759 1864
21 1625
21 202
21 1865
21 1035
21 17
21 1866
21 428
21 231
21 628
21 1290
21 203
21 967
21 1867
21 1868
21 723
21 206
21 108
21 1869
21 563
21 143
21 564
21 14
21 130
21 1870
21 1871
21 750
21 851
21 366
21 952
385 324
385 1872
385 1873
385 1874
385 1875
1951 449
1951 285
1366 149
2760 164
12 375
12 12
12 9
12 13
2761 515
2761 1876
2761 1877
2762 1878
1906 1879
1906 559
667 503
882 1880
882 431
882 1881
882 184
882 1661
882 1530
882 140
882 388
882 1882
882 1102
713 377
713 1254
713 1732
713 78
713 852
713 198
926 706
926 252
511 127
1954 1425
416 125
416 95
416 1883
416 1884
416 1611
978 462
1623 585
1623 1613
1623 30
1183 213
1183 214
2763 202
2764 1235
620 1425
2765 458
526 823
526 1657
526 1885
526 937
526 330
526 831
526 1886
526 151
526 858
526 1887
526 1888
526 1251
526 1889
526 458
526 1890
526 1891
526 1892
2766 1893
241 1894
241 91
241 1436
241 128
241 775
241 1895
241 403
241 1896
241 651
241 33
241 1897
241 917
2094 417
1239 730
1328 47
1328 1067
1328 1898
1794 125
1794 730
2767 202
1970 651
132 1013
132 76
132 125
132 1796
132 256
132 226
132 556
132 1899
132 173
132 1746
591 528
591 1900
591 1404
591 447
2768 669
598 1459
2769 175
461 1499
461 135
461 1901
461 1707
1135 786
1135 368
2770 26
331 74
569 913
569 14
2771 1204
2771 470
2772 786
2772 116
1222 648
1222 478
1073 1092
1073 1902
1415 1571
2773 268
1639 784
552 276
1118 1903
559 986
559 1904
559 1905
559 1906
559 1746
559 1703
559 449
559 1907
559 20
559 1070
559 1908
1161 1909
1161 723
1161 187
1161 1344
1161 1023
1589 1288
2774 1910
2775 213
354 1911
354 1578
354 203
276 1729
276 62
276 149
276 552
276 868
276 279
149 1329
149 285
149 125
149 1035
149 1912
149 1913
149 1914
190 875
190 441
2081 1881
807 809
807 1288
807 1915
807 375
807 1772
807 1916
807 583
2776 1111
1474 729
1924 21
1262 143
2777 78
2778 942
2779 116
400 1917
400 1918
400 1919
400 1920
400 1053
1363 989
2780 1311
2781 1467
2782 729
2783 149
2784 831
2785 62
1832 78
2786 1921
1391 159
1391 805
1391 785
1391 164
2787 1922
1323 528
1323 1923
292 1924
292 128
292 1501
292 441
292 1925
292 1445
292 1926
292 13
292 59
2788 554
328 276
1747 578
1747 253
2055 805
1168 1927
1168 991
988 125
1318 1786
765 1928
277 600
277 220
2789 1929
2790 121
2790 1930
2791 218
1284 225
2792 1895
232 499
232 1559
1403 1761
2793 695
2793 238
2794 1931
2795 136
1019 171
1019 1338
1019 1932
2796 20
1255 518
1255 1933
1255 606
311 120
288 1501
288 1934
365 1935
365 1936
2797 1937
2798 1938
1241 1939
1241 1940
1241 491
596 1941
982 128
982 258
982 1218
982 285
982 508
982 517
195 1942
195 444
195 409
195 260
195 1943
195 915
195 895
431 882
1283 426
1283 499
685 1496
685 1042
2799 1633
649 1224
760 1944
760 255
760 13
1119 1047
1119 661
1587 847
2099 130
2800 1040
2800 1945
74 925
74 87
74 331
74 764
74 1946
2801 1156
706 192
2802 1141
852 1680
852 457
852 1947
576 1948
576 1949
1408 388
2803 1950
231 42
231 21
39 31
1738 245
285 1933
285 1951
285 700
285 369
285 13
285 1952
285 326
285 75
285 284
285 54
285 479
285 281
285 1351
285 95
285 441
285 699
285 307
285 59
285 1891
285 288
285 252
285 199
285 1294
285 1404
285 98
285 1496
285 1762
285 198
285 1539
285 1953
285 137
285 387
285 499
285 130
285 982
285 324
285 810
285 125
285 1253
285 610
285 368
285 534
285 817
285 1304
285 203
2804 1347
782 774
782 835
1511 869
1085 150
864 430
864 948
1425 1868
1425 1954
1425 620
1563 1751
2805 944
1734 1404
1734 118
2806 1902
2807 290
2807 1327
1991 1371
2808 1955
669 856
669 1572
669 1288
669 1694
669 95
669 458
669 307
609 523
609 1956
806 1593
806 59
953 98
953 146
35 417
35 565
618 42
618 661
923 998
923 898
2809 1957
347 13
2810 21
2811 1786
1340 109
1189 1803
1378 1259
1378 491
574 130
574 1196
1484 1958
787 1959
2087 75
2087 427
2087 13
1171 1893
2812 704
2812 195
2813 147
2814 946
1803 1189
1803 1960
1967 16
2815 1098
1908 559
2816 1377
2817 1397
16 708
16 259
16 21
16 1482
16 1961
16 689
16 1962
16 49
16 1963
16 218
16 1964
16 1690
16 1965
16 1966
16 1967
16 127
16 1416
16 413
16 1883
16 108
16 631
16 760
16 503
16 274
16 1343
16 1537
16 1746
16 1968
16 211
16 1571
16 544
16 1851
16 408
651 33
651 1969
651 651
651 1371
651 1970
651 1971
1246 1033
1246 1027
1246 324
1246 479
1246 128
2818 305
166 817
482 59
836 741
836 755
1248 479
2819 491
2820 1070
671 501
671 1972
671 1005
671 661
671 1973
671 1837
671 1105
2103 210
2821 179
1746 16
1746 391
1746 219
1746 1974
1746 1870
1746 1304
1746 559
1746 248
2822 959
1797 143
2823 21
2824 1975
2824 1161
1909 1161
2825 144
1157 1976
1157 526
62 259
62 324
62 1977
62 256
62 1508
62 406
62 535
62 515
62 1955
62 1321
62 1978
1453 1182
731 1136
731 897
731 319
2826 664
862 340
862 430
862 150
862 66
2827 764
2828 1979
1584 1980
89 1715
2010 1156
2010 1981
2829 675
1592 844
1592 182
1048 179
2830 67
580 1105
2831 1469
2832 1531
550 1554
1788 78
2833 66
1898 1328
362 75
362 1982
362 1683
362 324
362 203
362 1983
362 1984
2834 1220
2835 833
1030 1985
1030 1512
1030 1940
1030 428
1030 1986
1030 1987
1013 1988
1013 1989
1013 1990
1013 499
1674 1144
1368 369
783 1991
783 288
783 252
783 971
1823 413
1823 1145
98 128
98 146
98 1992
98 1891
98 706
98 12
98 285
98 150
98 151
98 127
98 72
98 1993
98 726
98 1047
98 155
98 1671
98 665
98 157
98 1539
98 842
98 374
98 125
98 953
98 173
98 316
98 1994
98 408
682 1995
2836 34
2837 1996
735 1133
1197 854
1197 1198
1197 1997
487 1244
487 480
2838 1883
295 339
295 708
295 173
810 1036
1577 877
1577 422
205 1141
205 1998
205 884
1472 186
1130 856
2839 846
2840 1168
1673 938
1673 1203
1673 1999
2009 2000
1709 1933
1709 1526
1693 2001
1693 485
1322 528
1020 933
2841 86
2841 1338
2841 327
1761 75
1761 1221
1761 251
2842 85
2842 2002
2842 347
1173 583
1528 422
2843 2003
2843 2004
2844 856
1244 171
1244 479
63 2005
63 62
63 343
63 1977
63 932
63 492
63 104
63 2006
1004 2007
1004 1656
1004 1206
233 499
790 558
1195 78
1195 2008
1195 847
1195 1232
1195 1820
1269 352
770 85
770 2009
1981 2010
2845 284
2846 784
2847 692
2848 1065
1360 2011
2849 1358
2849 1932
1448 1489
1449 1162
1447 1273
1447 2012
1447 2013
2850 473
1870 16
1870 1746
2851 187
1724 186
1724 371
1969 651
1969 2014
1320 442
1812 744
139 210
139 581
139 82
139 165
2852 2015
40 33
40 107
40 2016
2853 1339
168 1464
168 2017
168 1175
2854 239
476 473
476 59
2855 1034
2856 585
219 374
219 2018
219 1432
219 187
219 125
219 371
219 462
219 1422
1718 1541
372 875
372 1047
372 736
372 2019
2857 2020
1307 25
1296 2021
1296 470
1296 366
1296 2022
2858 377
1966 16
2859 366
2859 13
1621 203
794 683
291 285
291 1501
291 2023
291 2024
291 2025
291 319
2860 156
2861 2026
2862 771
2862 555
1949 576
1591 206
987 1377
1131 856
1131 1105
2863 742
2864 730
1336 364
1209 478
1209 608
2124 2027
2865 778
1350 2028
776 130
776 999
776 1372
1555 75
2866 406
2867 2029
2868 1409
211 16
211 251
2869 578
2870 580
1075 428
1075 2030
497 847
2123 1960
1169 693
2871 381
708 234
708 295
2872 1395
1399 1202
2873 2031
2874 2032
2874 1361
2874 2033
1227 2034
1227 856
414 742
900 1377
768 1170
768 2035
1329 149
1329 2036
1329 1327
1329 876
1329 159
1329 1391
2875 1144
1317 528
1317 2037
1654 917
1654 2038
1786 1319
121 1379
121 465
121 29
121 1410
121 673
2876 2039
1882 882
1882 13
2877 1359
2877 1710
446 592
446 212
2878 49
2879 2040
2879 297
556 259
556 132
556 2041
556 173
556 135
556 1011
1857 2042
2880 1161
1596 330
1042 685
2881 783
1907 559
2882 2031
2883 2043
2884 510
2885 184
695 1055
695 1218
695 1103
695 364
695 1904
2077 88
76 132
76 1254
76 494
1325 228
442 730
133 171
133 1610
133 485
689 2044
689 613
689 82
689 307
690 1530
690 1896
80 81
80 431
1689 884
2886 291
2061 2045
2061 1686
2061 2046
1964 16
1964 547
1964 667
2887 1144
513 75
513 33
513 799
513 285
513 1746
513 2047
513 756
513 17
513 593
513 13
513 20
513 936
513 319
2115 2048
1560 1045
1560 1303
1560 36
1560 643
2888 1604
1509 1540
1509 634
1509 179
1043 1795
554 33
554 2049
554 1036
554 741
554 1326
554 1273
554 698
554 2050
554 266
554 1839
554 2013
554 1133
554 353
554 1202
554 1447
554 2051
1143 1152
1201 546
1201 421
1096 1080
871 1095
871 241
871 779
1226 2052
716 125
716 173
425 1981
425 992
2889 630
751 13
317 1290
805 2053
805 2054
805 2055
805 441
805 2056
805 272
805 1161
624 528
624 1364
269 2057
2890 186
1463 546
1937 2058
1937 2059
1210 238
2891 1209
1148 1051
1708 290
1708 13
1652 2060
1686 391
1686 2046
1686 2061
1099 66
2892 1141
2892 1243
2892 574
2892 1559
686 2062
2893 1182
1397 2063
1081 175
2894 565
262 881
1902 1073
1902 1017
1902 947
1349 114
1349 2064
1349 2065
1349 2066
148 176
148 72
148 1577
1944 408
1486 186
1486 1317
1486 2067
1486 143
1486 1472
1357 2068
1553 784
2895 1000
1880 882
1690 430
1690 2069
1690 1883
491 1986
491 1182
491 517
491 2070
2896 1695
2897 1924
1512 517
2125 1356
2125 1377
2125 1276
1416 398
2898 963
350 2071
350 29
350 2072
615 572
615 2073
615 2074
2899 72
2899 2075
2900 2059
1046 664
1046 1045
1292 125
2901 852
2901 195
2902 923
2902 2076
2902 793
849 110
943 526
2903 88
2903 2077
1753 858
2904 847
2905 2078
1334 1279
324 364
324 2079
324 513
324 284
110 33
110 112
110 156
110 849
110 49
110 1020
110 588
110 2080
1253 623
1253 345
1253 285
2906 159
1881 2081
1881 882
715 1671
645 202
645 1843
645 2082
645 2083
645 13
645 2084
1493 2085
1493 495
1493 1668
1604 1012
1604 748
1604 2009
224 778
490 2086
490 59
890 784
2907 86
2908 470
2909 2087
2910 2088
879 441
1918 400
326 125
326 2089
326 285
2911 2090
612 2091
2912 850
1932 1019
2913 2092
2913 404
1166 1336
1166 2093
2914 186
1386 2094
1386 67
488 125
488 59
43 184
980 1206
1385 634
1385 1344
1371 651
1371 458
1371 606
1371 619
1273 554
1058 1061
1058 856
2915 1098
130 259
130 1498
130 1151
130 17
130 1770
130 559
130 711
130 574
130 1793
130 285
130 369
130 226
130 1633
130 1289
130 111
130 556
130 29
130 842
130 2095
130 124
130 724
130 1304
130 2096
130 593
130 2097
130 2098
130 408
130 2099
1787 2100
1787 2101
411 784
411 629
140 882
140 952
2916 1359
1681 2102
210 1204
210 139
210 2103
366 2104
366 527
141 2105
141 462
1079 979
1992 162
2917 2106
2918 1812
395 142
395 362
395 804
395 826
395 194
395 742
942 847
2919 1604
364 324
364 203
364 2107
364 268
364 83
364 173
364 366
364 1336
2920 337
699 285
281 2108
281 324
281 125
281 2109
281 260
281 323
281 2110
281 297
281 2111
281 59
1395 647
2921 2112
1028 1034
1028 1619
1028 30
586 986
586 24
586 1726
586 2113
2922 480
2923 1054
2924 2114
2925 130
2048 2115
2926 95
2927 894
2928 2050
478 1216
478 470
478 59
221 522
221 2116
221 2000
813 2117
813 1601
875 995
875 190
875 441
1017 913
2929 1172
1557 2118
1557 1394
1312 458
1312 184
1460 2119
1460 871
1460 1309
1460 2120
1460 2121
2930 227
313 2122
2931 884
1960 1803
1960 2123
460 746
460 16
460 1901
2027 527
2027 2124
348 215
2932 466
2933 1932
161 72
801 863
801 137
189 1703
1356 2125
1305 256
2934 2126
2935 307
698 238
698 554
826 395
1929 59
2936 1998
730 2127
730 13
2937 142
424 2128
424 2129
424 494
424 2130
424 281
950 559
950 1847
950 291
950 1839
2938 179
2939 639
2939 1607
2939 2129
1984 362
316 315
316 98
316 1643
316 521
316 186
855 536
855 1158
2940 238
1821 220
1917 2131
1917 850
1247 103
1330 1062
1330 969
2941 2132
2941 125
2941 814
2941 1069
2942 1287
2043 171
1383 33
1383 2133
1518 72
1594 712
465 121
2943 924
227 784
2944 2080
2944 59
2945 13
2133 62
2133 1383
1632 30
1632 21
481 59
