2047 0
2289 1
23 2
23 3
23 4
23 5
23 6
192 7
192 8
192 9
192 10
192 11
192 12
192 13
192 14
192 15
727 16
727 17
727 18
727 19
727 20
727 21
2290 22
2 23
2 24
2 25
2 26
2 27
1296 28
2291 29
455 30
455 31
455 32
372 33
372 34
2292 35
862 36
862 37
862 38
2293 39
1089 40
1858 41
109 42
2294 43
1020 44
1020 45
1020 46
1094 47
2295 48
2296 49
1562 50
1396 51
1396 52
1559 50
1997 53
1737 54
839 55
1864 56
1081 57
1081 58
1081 59
1081 60
1081 61
410 62
222 63
222 64
222 36
222 65
222 66
222 67
222 68
222 69
222 70
222 71
472 72
472 73
77 74
77 75
77 76
77 77
77 78
77 79
77 80
77 81
77 82
77 83
77 84
77 25
77 85
77 86
77 87
77 88
77 89
77 90
77 91
77 92
77 93
197 94
42 44
42 95
42 96
42 97
42 98
42 99
42 100
42 53
42 101
42 102
42 103
42 104
42 105
42 106
42 107
42 108
42 109
42 110
42 111
994 112
994 113
994 114
994 115
1338 116
1379 117
1828 118
2217 119
1263 120
1263 25
34 121
1834 122
2297 123
2297 124
745 125
745 64
822 39
822 126
822 64
822 127
822 128
1298 129
1725 97
1725 130
1546 131
1546 132
86 133
86 39
86 134
86 135
86 124
86 136
86 77
86 137
86 138
86 139
86 140
86 141
2261 142
2261 124
2298 124
846 143
846 36
846 144
846 145
846 146
846 147
846 148
846 149
1250 150
1250 151
1209 152
1209 153
1209 11
1209 154
2299 155
2168 156
2300 36
2300 157
1057 158
1981 159
1612 160
2301 161
2302 162
127 64
127 163
127 164
127 165
127 166
127 167
127 168
963 169
963 98
963 124
963 35
963 170
963 171
2303 172
2304 173
473 174
443 175
443 176
443 177
828 22
828 178
663 179
1620 180
1620 181
2305 182
2306 183
1271 184
1303 185
2307 101
2182 186
2182 187
2308 188
2309 189
2310 190
1996 175
2311 191
15 192
2312 152
2313 39
137 86
570 193
570 194
570 195
570 196
570 197
570 141
570 198
2314 199
505 200
505 201
505 202
505 203
1839 204
2315 205
2316 206
1239 207
1239 208
2317 209
2317 210
2317 211
429 212
429 213
429 214
429 215
880 216
880 39
880 217
2194 218
363 219
363 220
100 221
2318 222
2319 223
1360 224
1360 225
2126 226
2126 227
2320 228
2320 229
183 230
2321 231
2321 53
2322 64
2323 232
2324 32
1117 233
1117 234
1894 235
2325 236
940 237
940 228
940 238
940 174
2326 239
2326 96
2326 240
2327 241
613 242
2328 243
220 244
220 245
220 246
220 177
2329 247
248 248
2330 249
188 250
1053 251
1459 252
1826 118
1826 253
2331 254
1693 255
1693 44
1693 256
816 257
816 258
2332 259
684 260
684 261
684 262
2333 263
507 264
507 265
507 266
631 110
604 267
246 117
2334 268
2334 269
2335 270
958 63
958 271
958 272
958 68
958 273
958 274
958 275
1610 180
980 276
980 277
1458 272
1458 53
1203 278
1203 279
2172 280
2172 281
2336 282
2336 283
2337 284
2338 285
104 286
878 152
878 39
445 177
1155 174
1893 287
2339 288
2340 23
2340 289
543 290
543 291
543 118
543 199
543 292
2341 152
2342 155
2342 293
1325 294
2343 295
478 296
2344 297
2345 298
2346 299
2346 300
2347 301
827 302
2348 303
1223 304
1223 293
1223 305
1223 306
1810 307
1810 308
359 309
917 310
917 311
917 312
917 313
2349 314
2350 29
1988 283
1988 315
1842 316
1670 222
2056 274
1432 317
2351 318
2170 319
708 320
708 166
708 321
2011 78
2352 322
1648 16
1648 323
1648 138
1648 324
1202 325
1202 326
1202 327
1202 141
1202 328
1202 226
1202 329
2099 39
2099 153
2099 330
2099 331
2099 332
2099 333
2099 42
2353 16
2353 334
1581 335
1720 336
2354 156
791 337
2190 191
2204 141
2204 124
2204 31
2204 338
2204 339
2355 263
2356 340
1732 341
1732 342
2357 343
2358 344
2359 345
2247 155
2247 139
2247 346
2247 347
2247 124
545 348
1072 349
1072 350
1072 351
1072 352
1072 344
1072 353
1072 123
730 354
730 355
730 64
309 356
309 357
309 358
309 359
1697 360
1779 361
2234 362
907 363
907 364
907 77
907 340
907 365
907 366
907 342
907 39
907 367
907 368
907 329
2360 286
2360 369
2360 370
2360 371
2360 372
2361 373
2361 292
2362 374
1954 375
1820 376
1252 25
1056 377
1056 378
1056 379
1056 380
277 381
277 382
277 286
277 383
277 384
277 385
2363 386
1497 387
1497 388
819 389
2364 39
2364 64
738 390
738 155
1688 368
1995 391
1995 392
1995 393
2365 394
1014 74
1014 174
1014 63
2366 394
995 395
995 117
2367 396
674 397
1002 398
1002 399
1302 400
1302 401
2368 402
1855 403
2369 404
1190 250
2091 405
931 406
931 407
931 408
931 409
931 410
931 411
1525 412
1914 36
140 413
140 414
140 415
140 86
928 249
928 233
928 416
928 177
2235 192
2235 123
1544 417
1544 418
1544 419
1544 271
1544 420
2154 421
2154 422
2154 423
2370 424
2370 309
2370 425
2370 426
1586 344
666 427
1781 428
2371 177
213 429
177 430
177 53
177 425
177 431
177 432
177 433
177 434
177 64
177 435
177 436
177 437
177 438
177 439
177 440
177 441
177 39
177 376
177 442
177 275
177 443
177 444
177 220
177 445
177 291
177 446
177 447
177 87
177 329
2372 448
2373 449
2374 128
2250 450
2375 451
870 452
871 35
1973 453
1973 153
1198 454
30 455
30 31
1699 98
1699 456
1367 44
2376 457
2377 64
458 70
458 458
458 459
458 460
458 289
2378 461
2379 66
526 462
1463 463
1463 201
1463 252
910 101
910 234
1739 464
1739 37
634 465
634 466
634 467
634 289
634 468
634 341
634 141
634 233
634 469
634 245
2380 31
2380 53
2381 470
1493 471
1277 472
1277 473
1277 474
1277 174
1277 475
1277 104
1277 476
1277 282
1277 477
2382 138
296 260
296 478
1080 247
1080 57
2383 479
668 480
668 481
668 482
1030 29
1030 326
1030 483
346 484
1989 485
1047 486
2131 486
200 307
1452 487
510 264
510 388
510 154
750 488
750 489
750 490
54 198
54 491
1144 492
1144 47
1144 221
2384 493
1237 494
2385 495
275 155
275 496
275 139
275 497
275 498
275 165
275 308
2386 499
2387 500
1566 501
1566 274
264 502
264 503
264 504
264 505
264 195
264 506
264 507
264 508
264 509
264 510
264 511
264 512
264 513
264 237
264 514
264 358
264 264
1001 42
1001 515
2388 516
1163 517
1163 518
1163 230
2389 519
13 520
13 521
13 192
13 522
13 523
13 524
13 264
13 37
2390 344
462 525
462 228
462 174
462 526
462 146
462 258
462 39
462 230
462 527
462 447
462 528
462 529
462 530
462 531
728 532
728 533
728 534
728 535
2391 536
987 537
2392 538
720 539
1049 206
1049 540
1049 388
1049 171
1049 53
2393 356
2393 471
2393 541
291 542
291 543
291 177
2394 396
348 252
348 285
348 544
348 545
1143 546
433 177
2395 20
2097 547
2097 528
2097 548
2097 549
1319 550
863 39
863 551
863 552
2396 553
972 554
2397 555
1765 556
469 82
2022 557
1848 340
1848 558
520 559
1033 560
1641 561
1774 562
1774 563
1634 564
1634 401
1634 565
1656 566
2398 425
2399 567
1596 568
141 155
141 569
141 570
141 124
141 77
141 508
141 571
141 572
588 573
2400 574
2400 575
2400 576
1467 577
1868 578
1868 579
1868 99
606 580
606 581
606 582
606 583
606 141
606 68
606 584
606 585
606 586
606 252
2401 199
70 289
2111 587
2402 263
573 588
1235 589
1235 590
1235 591
572 141
2103 592
2103 593
2403 594
2404 595
1068 596
1068 597
1068 338
2063 598
2063 599
2405 600
638 39
2406 447
2406 601
2407 498
2408 20
267 602
267 603
267 604
267 605
1507 606
1507 601
600 607
600 608
600 609
600 610
1942 36
1399 260
1399 611
1399 124
586 484
586 612
1636 613
1636 614
1636 615
1636 229
265 484
561 25
2409 616
2410 617
1593 180
658 192
658 259
786 214
786 203
786 447
1166 618
1204 619
1204 620
1204 565
1607 621
426 622
426 623
194 451
1608 67
1608 303
1608 53
83 452
83 441
83 77
166 624
166 625
166 127
166 184
166 626
992 627
992 628
110 629
110 630
110 631
2270 632
467 233
467 633
467 634
1579 635
1579 636
1579 338
1579 637
1401 72
2411 503
2411 139
2412 638
2413 13
1857 639
1568 640
1568 338
1568 174
1289 641
2088 642
2088 643
2414 644
1398 645
2167 646
2167 647
661 648
661 581
661 649
107 650
107 651
107 652
107 653
107 476
107 654
107 655
107 481
107 540
2415 656
517 657
259 658
259 181
660 659
660 660
649 648
649 661
2416 49
1105 259
1105 662
1564 50
1564 663
2417 583
2010 664
2010 124
427 665
427 666
2418 667
480 668
480 25
480 669
480 161
2419 670
1865 161
1865 671
1865 672
397 673
397 674
397 152
397 675
397 676
397 677
2420 113
1409 678
758 679
758 680
758 447
758 634
571 141
571 681
2421 682
2422 683
261 684
2423 685
2060 686
2060 687
1713 613
1713 688
2424 689
97 690
97 691
97 97
97 692
97 356
97 624
97 693
97 694
97 695
97 696
97 42
97 697
97 698
97 476
97 699
97 321
97 634
230 700
230 16
230 118
230 701
230 76
230 581
230 702
230 365
230 623
230 703
230 42
230 704
230 459
230 171
230 705
230 91
230 297
230 706
2425 707
2425 708
2426 50
2427 709
952 403
952 139
952 286
952 124
952 84
952 710
952 711
705 44
705 712
705 713
705 714
705 715
705 342
705 716
705 51
705 524
705 717
705 47
705 718
2219 719
539 203
539 340
539 720
539 230
539 721
539 722
2428 192
766 723
1439 724
1439 135
1439 37
1439 725
1439 726
19 727
535 728
139 729
139 341
139 730
139 731
139 562
139 174
139 64
139 732
139 623
139 636
139 86
139 733
139 662
139 734
139 1
139 735
139 736
139 737
139 581
139 738
139 739
139 740
139 741
139 232
139 297
2429 742
2429 172
2009 344
1867 743
1867 744
1867 745
1867 746
2020 747
2430 516
2431 748
1376 286
1376 749
490 36
490 750
490 59
490 64
2432 200
2432 444
934 751
934 221
1164 216
1164 752
1164 618
1164 753
1164 538
2433 110
1194 754
1194 755
1194 756
1194 124
736 757
680 758
1012 63
2434 107
374 759
374 760
2435 573
2436 761
1065 713
1065 138
1065 324
1065 762
1065 763
1843 316
1843 764
2437 765
2437 766
2437 767
2438 303
1182 768
923 355
923 174
923 491
923 444
923 769
923 770
923 524
923 771
923 772
923 773
923 774
379 775
379 776
2439 713
1178 242
1178 768
93 252
1533 777
1473 114
1473 703
2440 286
2441 202
48 778
2442 779
214 25
214 438
214 174
214 780
214 124
214 64
214 781
214 39
214 782
214 783
214 165
214 784
214 178
214 429
214 785
214 262
214 786
214 263
214 38
2206 787
596 788
596 626
596 97
596 789
596 283
596 57
2443 790
2443 791
651 39
651 53
651 107
651 792
2444 793
20 224
20 250
20 794
20 486
1767 795
2252 329
2445 615
1851 796
439 177
1185 797
2446 656
735 39
735 798
735 63
1382 799
2447 484
1228 278
1228 800
1228 801
1228 802
1228 803
1730 804
1730 805
2448 683
1123 806
1123 807
1123 618
1329 808
2449 809
366 36
366 810
366 53
901 232
1708 811
1708 524
1465 812
2450 813
913 612
2451 156
258 570
258 814
258 815
258 816
258 462
258 817
778 818
778 819
778 340
778 820
778 821
778 384
778 48
778 773
778 252
430 372
430 177
126 822
2015 823
1348 824
2452 790
2452 825
2452 819
2453 826
302 827
178 828
178 214
178 829
563 716
563 830
2454 831
1187 365
1187 64
2455 832
135 86
135 292
135 833
135 834
135 64
2456 244
2457 287
496 574
496 275
2458 835
1126 124
1126 734
1126 836
1126 252
1132 837
523 13
523 838
523 839
523 435
842 840
842 841
842 842
1137 843
2459 344
1472 844
1472 845
1472 703
1472 846
1472 847
2460 697
2460 848
2460 849
2460 850
1701 851
1474 636
1474 852
1474 174
1474 853
2155 444
1813 569
1813 854
39 855
39 856
39 857
39 858
39 35
39 859
39 318
39 860
39 139
39 310
39 861
39 304
39 134
39 214
39 32
39 124
39 862
39 863
39 651
39 241
39 864
39 86
39 865
39 866
39 31
39 177
39 867
39 868
39 713
39 580
39 869
39 870
39 462
39 440
39 871
39 872
39 873
39 807
39 166
39 874
39 252
39 875
39 36
39 444
39 64
39 876
39 877
39 878
39 879
39 365
39 880
39 881
414 140
2461 882
831 883
831 335
831 583
831 199
831 884
2462 885
2463 886
1320 887
2464 625
2464 888
773 889
2465 527
2051 301
2466 890
792 331
792 651
792 552
792 138
792 388
792 891
1177 892
1177 430
1177 893
2467 894
2230 895
1454 252
2002 199
2468 532
2469 896
2470 8
2470 644
1961 897
1937 898
2471 114
2472 98
1786 745
1290 899
2473 286
1441 497
2043 900
2043 123
1354 901
2109 902
2474 165
2475 903
28 904
171 171
867 39
2476 293
1278 133
1278 905
1278 342
1278 174
1278 906
2477 907
1700 250
1313 535
1313 771
2478 329
1585 368
2479 91
2479 908
27 2
298 253
1466 39
1466 283
1466 812
470 378
470 909
470 688
2480 910
2481 911
935 912
729 139
1517 242
612 913
612 586
612 228
612 580
2482 716
217 880
217 220
2483 914
2484 55
2485 618
2486 915
310 39
310 36
310 916
310 917
1909 356
1909 918
1909 919
2487 765
2488 338
2489 920
2489 633
2490 921
355 364
355 730
355 922
355 107
355 923
986 924
986 925
986 597
986 291
986 926
986 927
416 928
929 202
929 929
2491 930
2491 31
229 615
408 931
872 39
872 195
872 932
1208 293
1208 98
1208 933
1208 124
1208 36
1208 716
1208 751
1208 934
1208 740
1208 297
1255 35
1255 370
1255 935
1305 936
1305 937
1524 938
1524 939
238 917
238 832
238 940
238 657
1004 941
1004 63
1004 942
1004 444
1004 64
1004 498
1004 943
1833 944
780 749
2087 595
498 930
1704 945
2492 946
1886 947
879 39
879 25
2493 5
1048 948
1048 87
1048 52
1048 77
257 949
257 816
257 950
257 951
257 252
403 952
1783 636
579 515
579 99
2241 597
202 953
202 161
202 887
1736 954
1309 955
2258 956
2258 957
2258 781
2258 361
2258 124
273 958
1381 409
1381 804
2494 688
2193 959
1690 255
2495 960
99 42
99 579
99 961
99 124
909 94
909 470
909 77
334 318
268 36
268 533
268 64
4 23
4 49
2137 225
1572 962
85 963
1938 964
1938 965
1938 743
1938 966
1938 192
1938 368
1938 890
2496 967
2497 180
2498 968
554 969
554 970
554 971
554 972
554 973
1695 255
2044 732
2499 974
196 777
1243 854
2500 975
1706 172
741 39
2501 1
2501 976
1339 977
1339 633
1339 978
1339 979
2502 25
276 980
2074 933
1551 981
2208 835
2503 982
1853 983
1853 984
1853 924
1853 321
1853 985
1853 986
2184 615
2076 64
2504 987
2504 988
1436 989
1300 263
2505 990
2506 991
627 896
627 235
627 992
627 411
2507 993
2507 225
2507 447
2508 994
2509 995
2094 996
1032 997
1032 199
1032 612
2510 444
2511 998
2511 25
2511 999
73 1000
2243 36
2243 1001
2243 167
398 1002
2512 1003
63 1004
63 1005
63 1006
63 575
63 121
63 1007
63 958
63 1008
63 980
63 1009
63 1010
63 1011
63 242
63 1012
63 1013
63 1014
63 993
63 252
2513 401
861 64
2514 1015
2225 101
2225 113
2515 1016
1229 278
2055 301
621 47
621 1017
2257 1018
2257 124
1161 1019
2153 219
45 1020
2034 1021
2034 1022
2516 39
656 470
2079 1023
2079 64
2517 255
2518 1024
1928 1025
1928 271
1074 1026
1270 1027
1270 1028
1818 1029
1818 53
1266 321
1266 22
1266 139
326 1030
326 1031
2117 318
560 1024
560 612
560 1032
560 1033
560 1034
560 1035
2519 177
2520 318
2521 1036
2522 1037
307 1038
2523 123
1840 1039
2524 992
1067 997
1674 36
476 258
476 124
476 1040
476 1041
476 481
476 152
476 931
476 1042
476 346
476 990
476 411
476 252
489 1043
2525 396
2525 202
1976 984
853 998
853 1044
2174 268
2174 1045
2174 269
2174 1046
1140 293
1140 345
1140 1032
1140 1047
1140 447
1140 915
1140 1048
1140 911
1837 1049
1837 278
2123 1050
2526 9
2527 31
681 1051
681 571
1356 1052
1356 22
530 123
530 462
521 13
2528 321
251 1053
1494 165
1494 1054
2032 1055
380 1056
396 208
396 491
943 1004
254 711
1085 1057
1085 228
1085 38
616 891
2227 138
959 25
2529 98
868 177
2530 1058
2531 1059
2532 470
2533 1060
182 1061
2534 1062
762 1063
762 1064
762 570
762 1031
762 1065
2191 399
997 484
997 626
997 1032
997 397
997 365
997 42
997 1066
997 913
997 1067
1280 118
1280 174
1280 743
1280 341
1280 476
1280 1068
1280 1069
1280 1070
1280 483
2535 662
488 1071
1756 1072
1756 1073
1756 1074
1756 570
1756 1075
2536 1070
2536 1076
1044 853
529 781
529 1017
2537 1077
2223 393
57 812
57 505
57 1078
57 1079
57 321
57 1080
57 101
57 1081
57 1082
57 1083
57 1084
57 756
57 677
38 214
38 862
38 1085
38 13
38 1086
38 685
802 907
40 252
40 1087
40 64
40 1088
40 141
40 283
40 1089
40 1090
40 1091
40 113
40 1092
40 1093
2538 866
337 331
337 283
337 50
337 95
1935 569
1935 1094
2201 596
482 1095
1034 1096
1034 560
1034 766
1146 139
1017 621
1017 502
1017 192
1017 1097
1017 586
1017 89
1017 1098
2539 749
829 29
829 178
2540 1099
1469 1100
508 1101
1601 1102
706 749
706 230
2541 86
969 554
969 1103
969 1104
2267 31
2542 482
1103 1105
1103 954
1103 68
2543 146
1344 1106
2544 1107
551 863
2545 610
1265 1108
2546 1109
2547 612
693 97
693 692
1301 1110
2548 713
1246 1111
2549 42
2549 452
941 1004
2550 1112
491 1113
491 1114
491 396
491 54
491 481
491 31
491 923
113 994
113 1115
113 487
113 40
113 1116
3 318
1647 1117
1647 233
2551 342
1125 760
1125 374
2552 1118
2256 1119
2256 649
1827 579
1827 307
1827 1120
1827 486
1522 798
1522 1121
1803 138
1803 1122
1803 1123
1803 1124
759 1125
759 242
1553 707
2228 138
734 1126
734 1127
734 1128
734 189
734 139
2553 1129
2554 141
2555 391
2556 363
2556 85
1752 1130
1752 1131
837 1132
1956 153
1956 263
2557 1133
2558 1134
2559 329
314 1135
314 1011
314 384
724 1136
2560 1137
447 1138
447 1139
447 1140
447 1141
447 569
447 1102
447 902
447 37
447 1142
447 1143
447 79
1138 447
221 492
221 1144
2012 1145
145 1146
1651 527
1651 1147
1227 97
1227 278
1227 694
190 976
157 1148
157 1149
2561 1150
2562 1151
2563 1152
6 216
6 1153
6 1154
6 23
6 1000
6 29
6 1155
6 256
6 48
6 1156
2564 1157
699 97
699 694
2565 376
2565 1158
2566 152
2567 1159
2568 1160
352 1072
352 705
2569 1161
1310 955
1558 39
1558 578
1558 50
618 1162
618 153
618 206
618 36
618 289
618 1163
618 18
618 1164
618 1165
618 138
618 395
618 524
618 554
618 35
618 832
618 537
618 1166
618 1167
618 252
1691 255
1664 164
504 1168
504 252
504 1169
504 266
504 156
659 660
2570 1170
1902 1171
2571 1134
721 539
2125 9
2125 10
2572 6
232 901
232 1172
2573 250
2574 1173
2575 276
1292 29
1282 1174
1282 6
1282 174
622 1055
622 654
622 426
622 53
2576 805
1958 956
2577 749
1238 989
1238 494
2578 174
2578 1175
2579 1176
2580 931
2581 1036
2036 1177
2036 636
518 1163
768 1178
768 1179
768 1180
768 1181
768 508
768 1182
2582 1183
2583 124
2584 1057
2584 635
5 23
2133 1184
1741 704
1741 174
1741 1185
2585 1186
2007 923
2007 456
2007 1039
2007 301
1416 528
1416 6
906 1187
653 97
2586 1188
2586 1189
1425 42
2587 139
1879 1190
537 99
2588 754
2283 891
146 444
146 1191
2589 216
1940 1192
2590 1193
2591 1194
2591 1195
2591 1196
454 560
454 1197
454 1198
1738 356
2149 1199
2149 776
2592 1200
2592 36
1350 397
1350 22
2593 344
2594 195
1153 1055
715 580
1011 1201
1011 120
1011 25
1011 980
2595 1178
1882 734
1882 1008
325 1202
1824 118
438 214
438 177
1757 382
2596 821
279 1203
2050 677
2597 1204
2597 1172
1366 252
1013 63
2598 1205
47 28
47 199
1254 1206
1352 953
1352 22
1009 1207
1009 63
1009 1018
2599 921
2599 1017
2600 1180
2601 1112
1242 788
1242 283
297 1208
297 230
1705 1209
2602 820
859 39
859 1111
859 1210
859 36
859 1211
859 152
859 1212
2603 289
2604 827
1107 697
1107 613
1107 214
1107 82
1107 718
2605 9
1637 1213
1637 1214
1637 1215
1637 1216
1637 719
1637 149
2226 324
2226 1217
2606 1218
1098 627
1098 118
1098 1219
1098 804
1098 131
1098 636
1098 798
1098 560
1098 1017
1098 338
2607 53
1598 898
904 36
904 537
904 1220
904 28
1570 1221
1570 1222
2608 362
751 1208
1900 29
1403 152
652 25
305 1223
2609 1224
2610 1219
2611 168
1808 1225
1613 180
864 72
864 1226
864 162
278 152
278 1227
278 1228
278 1229
2612 470
875 1230
875 23
875 1231
875 1140
709 1232
709 1233
982 1207
1766 19
1766 52
87 1234
87 76
87 581
585 584
585 606
585 917
1106 784
626 741
626 596
626 166
626 1235
1591 239
1591 344
1508 1236
494 1237
494 1238
2613 172
384 778
207 1239
207 574
207 228
207 1240
1402 152
1402 1241
1402 308
788 1242
2614 1243
2615 111
388 761
388 917
388 341
388 633
388 1049
388 891
388 1244
388 171
2616 447
2617 44
2617 252
2618 1245
2618 542
2618 985
2619 1246
2619 1247
1945 902
1945 121
1745 1248
2057 396
2057 187
1707 1249
1162 618
1162 31
1162 1180
2620 598
151 150
151 1250
701 365
1253 1251
1253 1252
1253 1253
318 39
318 341
318 174
915 263
915 1140
1206 1254
1462 1255
1462 252
2621 35
2621 1256
2621 237
1084 1131
2622 524
2000 1257
1990 192
1273 1258
1273 154
1273 174
2623 547
2623 1259
2623 1260
1576 1240
1495 127
1495 53
1495 36
1495 1261
1495 1262
1495 1263
2624 606
2073 1264
2073 64
2625 318
321 1265
321 1266
321 1099
321 335
321 97
321 708
321 698
321 57
2626 1267
1485 440
1424 890
1424 1268
1424 1246
1028 1269
1028 1270
882 597
882 565
174 1271
174 1272
174 35
174 1273
174 318
174 940
174 139
174 1031
174 505
174 1107
174 1274
174 669
174 1275
174 1276
174 1277
174 228
174 1278
174 331
174 1279
174 1280
174 1281
174 1282
174 405
174 1283
174 133
174 155
174 121
174 36
174 1284
174 1243
174 264
174 1048
174 539
174 923
2627 626
2280 492
1097 1017
1097 1285
2628 230
1327 341
2629 989
669 74
669 1004
669 480
669 174
669 1286
669 470
669 872
669 272
669 1287
669 932
669 1288
1276 174
1005 1004
1005 214
1005 1289
1005 1290
1005 225
1005 1291
1005 1292
1005 6
1005 1293
1005 1294
1005 62
1005 1156
1005 1017
17 1025
17 1295
2630 958
2630 1296
2631 363
2632 1297
129 1298
263 1299
263 915
263 1300
417 899
121 36
121 1301
121 34
121 63
121 927
2633 82
1770 1302
1770 821
2013 1288
2634 199
2101 201
185 1303
1411 1304
2635 937
2635 322
2635 1305
1913 1306
1913 979
1913 1263
2636 1307
2636 1308
942 1004
942 498
2637 476
955 1309
955 1310
2638 713
2639 230
2640 283
2640 301
710 1311
244 465
244 804
244 195
244 220
244 318
244 476
244 1312
244 1313
244 388
244 1314
244 1315
2641 1316
696 36
696 1317
696 584
696 344
1921 82
670 1019
2259 1318
550 1319
550 242
550 580
646 1299
646 831
646 636
646 580
646 718
887 1320
887 696
887 1321
887 609
887 1322
1090 87
1539 1323
1539 1324
1539 1325
1539 124
1539 1326
1539 341
1539 1327
1539 1328
808 1280
808 1329
31 37
31 805
31 1330
31 491
31 283
31 36
31 1331
31 1112
31 1332
31 301
31 30
31 745
31 25
31 754
31 1333
31 1194
31 1334
31 1197
31 455
31 252
1849 1335
1877 37
1406 1336
1406 1337
116 1338
116 53
807 1339
807 1340
807 1057
807 341
807 39
807 35
807 1123
292 135
2642 1341
549 656
2643 657
990 1288
1939 1342
2644 286
149 1343
149 779
149 1344
149 153
149 1345
149 295
149 1346
149 575
149 1347
149 846
149 1270
1156 29
1156 1154
824 1348
2148 963
2645 199
691 532
691 476
691 1349
691 252
1116 113
22 953
22 1266
22 1350
22 1351
22 825
22 828
22 1352
22 301
22 42
22 283
22 1353
22 1354
22 197
22 1355
22 1356
22 50
22 812
84 726
1503 96
1503 1357
1503 679
1503 266
1528 1358
1099 1359
1099 321
1099 1360
1099 1262
1099 450
1099 1361
1099 481
1728 74
1728 376
1728 805
1796 1362
1796 954
1796 599
1796 82
1796 344
1796 409
1796 1363
1796 266
1587 1364
657 238
492 1144
492 726
492 1365
492 221
492 53
1504 245
1504 1366
44 1367
44 174
44 70
44 294
44 1368
44 341
44 1369
44 42
44 804
44 162
44 57
44 1370
44 338
1557 50
1871 685
1179 768
2646 318
1371 1371
286 134
286 1372
286 340
286 1373
286 104
286 191
286 1162
286 1374
286 1375
286 1311
286 554
286 1376
286 1377
459 458
459 1378
459 230
2647 1007
502 29
502 503
502 48
117 1379
1115 954
1115 113
2648 1182
580 550
580 98
580 612
580 899
580 131
580 715
580 606
580 1380
580 224
580 128
580 646
580 1381
580 1281
580 1275
580 718
2649 1382
1682 1383
1682 312
2650 456
2651 79
2224 1159
2106 1384
2652 1140
601 1385
601 1386
1341 36
1341 1387
1341 1388
1341 633
1341 64
1502 608
2653 516
1536 1389
1331 276
1331 1390
1709 1391
2654 23
2654 1214
998 491
1419 1392
1529 364
1091 447
1091 679
1091 40
1091 1093
2171 319
2151 1393
840 842
1936 36
1936 569
1936 1394
2655 167
755 1194
689 1395
689 64
51 1396
51 524
2656 539
971 25
971 324
971 973
971 554
971 970
971 244
1322 378
1322 887
1322 388
2657 1397
1829 118
645 23
645 1398
645 397
645 124
562 139
2658 107
2659 35
260 1399
260 1400
289 458
289 618
289 570
289 1401
289 341
289 597
289 91
1746 1248
152 1209
152 25
152 1402
152 100
152 859
152 878
152 120
152 476
152 241
152 37
152 278
152 891
152 1241
152 1403
890 192
890 1404
1655 1405
1337 1406
1915 648
1671 206
1671 50
1671 618
2660 1407
1 140
1 136
1 1065
1 139
2661 214
1948 36
1948 1408
678 1409
584 696
584 1410
584 775
584 82
584 267
584 585
584 1411
1897 161
1897 1412
528 1413
528 1414
528 472
528 1415
528 775
528 1416
528 1417
1314 244
1434 989
1898 161
1678 1418
102 1419
102 994
102 329
102 1280
102 1420
1680 1421
2662 1422
2663 1423
2663 588
2663 267
2664 57
1214 1424
1214 1425
98 42
98 1426
98 124
98 580
98 1427
234 910
2018 1428
973 554
973 971
1804 1429
1804 1430
111 42
111 1431
317 36
317 1432
317 177
405 174
1240 1433
2665 283
989 1434
989 1435
989 1436
731 400
731 1437
731 633
731 899
71 1213
71 36
71 222
71 64
1825 118
2666 166
2667 1382
2668 1438
723 1034
623 1019
623 426
623 139
726 1180
726 917
726 294
726 1439
726 84
726 36
726 998
2669 1440
497 1441
497 1442
497 64
250 542
250 899
250 1443
250 1243
250 20
250 985
2278 1444
1180 787
1180 1445
1180 1446
1180 1162
1180 1366
1180 768
2670 192
1734 282
1734 174
1734 1447
2233 1448
1895 1449
1895 1450
2248 283
1069 1451
487 192
487 1452
487 113
611 1161
611 1399
611 1453
252 618
252 53
252 341
252 556
252 1454
252 476
252 1455
252 544
252 1205
252 1017
252 1449
252 63
252 1456
252 1126
252 138
252 1457
252 31
252 1209
252 199
252 135
252 1458
252 39
252 1459
252 528
252 1460
252 172
252 691
252 836
252 593
252 1461
252 606
252 1462
252 1463
252 1464
2263 742
812 57
812 1465
812 37
812 1466
1735 954
577 1467
577 851
2218 719
2671 1234
1881 1468
2672 1010
1100 1469
1100 1470
2673 1471
2673 341
1836 648
703 1472
703 1473
703 1295
703 230
852 1474
852 476
852 1475
852 1476
852 1477
2674 974
1010 1478
1010 63
2089 59
2089 60
1136 323
1136 679
1136 724
1136 933
2675 1283
2676 42
718 1088
718 1479
2677 1056
2677 1480
2678 36
2679 101
2679 96
2679 1140
2679 923
702 1481
702 444
702 230
883 831
883 193
1165 1482
2680 987
1172 1080
1172 155
1172 232
1172 565
1172 53
327 141
327 575
327 636
327 1202
327 1483
2681 1484
306 138
440 1485
440 72
440 538
440 1486
2682 444
95 1487
95 337
2683 287
2684 476
1541 225
2685 1488
184 1489
184 1284
184 1241
184 1490
184 166
184 1491
184 624
184 1492
184 179
1258 1273
2686 1493
1054 1494
2687 939
2688 1495
2689 1496
387 1497
970 973
970 971
2690 1498
1780 42
2691 1080
2691 1499
1862 1500
1862 763
1538 535
1538 1501
2692 124
96 42
96 1502
96 1503
916 310
245 1379
245 634
245 1504
714 705
1817 1505
1662 1506
1299 1507
1299 263
1299 959
1669 1508
1669 206
394 39
394 1509
394 367
394 1510
2693 195
1093 963
1093 1091
2694 1504
228 309
228 1423
228 1124
228 593
228 174
228 612
228 289
228 679
228 462
228 64
228 1085
228 1511
228 940
228 1240
228 1512
228 388
228 513
228 1513
228 706
228 1202
228 1514
1515 1515
2695 318
150 151
150 1516
2124 1218
242 550
242 62
242 1517
242 63
242 759
158 1518
2696 286
2696 1519
449 1520
2697 1521
2697 1522
2697 177
542 250
542 985
542 290
345 1140
2698 1523
1984 255
799 618
799 1382
939 1524
939 252
162 864
162 44
1518 158
1950 36
2699 1525
2700 1525
2700 1526
1168 156
1358 1527
1358 940
1358 6
1358 1528
1412 42
858 39
858 877
858 252
2701 1529
843 101
843 1137
2702 1530
2702 244
1885 1531
2703 657
609 1532
609 887
406 931
694 1227
694 97
2144 899
2704 286
2704 1262
2705 704
2705 252
777 1533
777 1127
903 237
1891 1534
784 507
784 1535
784 92
2706 989
2707 1536
2707 344
814 476
814 703
2708 428
2249 1537
1903 70
1501 1538
1018 50
1018 264
2709 1337
1323 341
1323 1539
2710 1540
2711 1382
2236 1541
1224 1542
2712 1543
49 69
49 233
49 329
420 1544
2713 1115
2714 1545
2714 272
2715 605
132 1546
132 174
2264 608
2264 1484
2210 192
2210 1547
1173 50
1173 906
2716 670
1556 1548
1556 1549
2209 1550
1972 1231
981 1551
749 1376
749 388
749 1015
749 780
749 1124
707 1552
707 1553
707 713
707 1554
2717 1555
1548 1556
1548 597
1118 685
2718 61
50 1557
50 1558
50 1559
50 1560
50 1561
50 1562
50 1563
50 1173
50 1564
50 1565
50 50
50 1018
338 44
338 945
338 1566
338 742
338 831
338 626
338 205
338 497
338 1567
338 16
338 1543
338 1568
2719 1569
1847 558
1221 1570
2720 1571
2720 1035
962 1572
1392 287
806 1123
806 1573
1267 39
1931 1574
1920 0
339 1167
339 1379
339 1547
339 1575
339 1576
1750 1577
1000 1578
1000 6
350 1072
637 1579
2721 1099
2721 1580
2721 1581
2721 474
2721 441
527 574
527 221
527 462
368 8
368 1582
368 10
368 1583
368 1584
368 1585
2722 1586
813 615
180 1587
180 696
180 618
180 1588
180 1589
180 1407
180 1590
180 1591
180 1592
180 82
180 1593
180 3
180 1321
180 1594
180 1595
180 344
180 731
180 44
180 1596
180 1597
180 1598
180 1599
180 1586
180 1600
180 1601
180 887
180 1602
180 1037
180 1603
180 1604
180 1605
180 605
180 1606
180 1607
180 1608
180 1609
180 1610
180 1611
180 1612
180 1613
180 584
180 448
180 1614
180 1615
180 898
180 1370
180 1616
180 594
180 1536
180 1617
180 1618
180 1619
180 1620
180 1621
180 1622
180 1623
1181 1624
1181 1625
1181 1372
2723 481
2723 277
2724 1626
2724 1627
1645 1628
1481 1629
2282 1630
2282 29
2725 1631
2726 523
2727 862
2136 1632
2728 39
2728 1633
2728 1479
2729 1402
1584 368
2068 540
2730 303
564 1634
1383 340
614 1635
614 597
614 1636
25 618
25 484
25 1637
25 971
25 2
25 1263
25 795
25 99
25 64
25 561
25 863
25 1638
25 152
25 652
25 31
25 1639
25 1640
25 480
25 1307
25 569
25 1641
25 141
25 1363
25 1252
25 1642
25 39
25 1643
25 36
25 1466
25 230
25 879
25 87
25 1644
2731 1099
2732 328
2732 1524
2732 252
349 1072
1624 1181
574 527
2733 53
241 690
241 39
241 580
241 819
241 115
241 36
241 621
241 152
241 1101
241 1142
241 274
256 563
256 1260
256 334
2734 39
1628 1645
2735 335
2736 890
164 921
164 341
2737 1004
2738 607
79 124
79 77
79 447
79 677
988 1017
1727 1646
1727 1647
1727 1648
1727 138
1727 25
1727 805
1727 540
2739 1649
1478 1010
1478 1650
1478 1651
2740 1123
2741 287
2741 20
1560 50
2253 633
1575 1652
2742 1653
2246 1654
698 356
698 653
698 321
1405 1655
566 1081
566 1656
566 828
566 1657
566 245
1784 513
1784 1658
1919 1362
2743 580
1078 172
2744 1640
2745 1659
1687 1660
209 50
1506 1019
1506 1661
1506 1662
1982 339
2746 8
2747 1663
2747 1664
1616 152
500 1494
500 1262
500 441
2748 700
2749 1055
2019 1665
2750 25
2750 77
2260 124
2751 1413
1812 368
2752 1552
2753 1666
2086 1667
206 618
206 35
206 82
206 1231
206 697
206 524
206 122
206 1035
206 289
206 468
206 1668
206 81
206 1669
206 138
206 1670
206 171
206 1671
206 1278
206 648
206 704
206 1672
206 36
206 378
206 1673
206 1235
206 1674
1718 869
555 989
704 908
1676 1675
1676 1676
2754 155
1512 228
2755 1677
1418 1678
1418 569
1418 1679
522 740
1043 489
407 36
407 931
407 1680
1284 444
1284 233
1284 184
1284 174
1284 179
2756 952
1772 266
686 324
395 1064
395 271
395 123
106 99
106 645
1717 35
2757 214
2758 48
2287 1681
2759 1372
312 72
312 1496
312 917
312 340
312 1574
312 1682
312 529
312 936
312 1683
312 1684
2760 1448
640 1568
233 467
233 1284
233 1647
233 689
233 49
233 416
233 1341
418 569
418 1544
583 618
583 53
583 136
583 1685
583 230
583 768
2761 379
8 1686
8 10
8 192
8 1687
8 368
8 256
8 1688
2762 735
2763 1689
255 1690
255 1691
255 1692
255 1693
255 1694
255 1695
2764 1696
67 222
1355 283
1135 1561
2765 39
2122 1050
2766 50
2766 1618
2767 1485
2767 1697
2767 1698
2767 139
2767 1649
2767 171
873 39
873 49
2768 31
2769 1699
2769 618
830 563
2770 1471
833 135
1777 1490
1777 1685
1777 583
2771 1700
976 1701
1336 1702
1336 1703
1336 762
1336 423
1082 57
1460 192
1460 1547
1460 107
1460 1704
154 1209
154 1273
154 1258
154 1705
154 461
154 1081
154 1048
2772 1080
2773 167
1291 1214
1673 1706
1486 440
2774 269
210 465
210 1495
210 477
210 1668
210 206
1249 1707
620 1204
620 565
2112 937
1420 636
1420 31
1420 1686
1420 37
811 1708
460 458
2775 677
55 700
55 937
55 322
55 839
1391 1709
1169 156
1066 612
825 35
1563 50
1563 4
2776 451
1924 1710
688 1711
688 96
688 1712
688 1713
688 1714
688 42
688 1572
35 938
35 618
35 1295
35 322
35 591
35 174
35 64
35 825
35 138
35 1715
35 832
35 389
35 1255
35 963
35 362
35 199
35 1201
35 124
35 1716
35 36
35 939
35 1717
2045 732
2777 1123
2778 1080
869 64
869 1718
869 1719
336 1720
336 1577
336 40
1953 1721
1991 456
1991 1722
1991 37
1991 572
1991 874
1991 513
1991 140
1991 1723
589 1235
181 259
181 1620
1404 890
2779 1724
1896 1725
2780 1726
2781 1358
805 39
805 1727
805 1728
805 1729
805 1730
2782 887
2783 1202
2784 1731
1395 754
342 907
342 705
342 1252
342 1732
342 1283
1427 175
1427 98
2084 191
2084 1733
2785 25
2786 192
282 1734
1623 180
1623 593
2787 298
760 1125
760 374
954 954
954 1735
954 1736
954 236
954 626
954 259
954 1115
2788 64
2789 1011
1335 1407
1542 1224
198 491
198 64
198 396
198 1495
198 1737
198 1738
351 697
351 83
1421 1680
536 1357
2790 376
464 42
464 1739
464 1740
1233 1230
1233 1741
1233 608
1233 473
1233 6
1852 1742
602 0
2791 958
1801 1743
1316 1370
1154 481
1154 1156
1248 1744
1248 1745
1248 703
1248 1746
2792 1747
2792 1748
2792 1749
2792 1437
330 337
2793 1364
2793 1536
2794 958
1147 221
1577 336
1577 1577
1577 1750
2795 1220
711 1751
711 952
711 254
1880 1131
1880 1752
2796 39
2796 1558
2797 165
358 309
358 64
358 1753
358 264
358 1754
358 59
2798 153
1959 1439
2799 1755
136 138
136 324
136 583
1088 155
1088 324
1088 679
1088 453
1088 40
1088 718
1073 1756
272 958
272 1458
272 1243
272 20
272 1612
272 6
272 605
382 1757
2163 1758
2800 787
2800 1759
1234 766
2801 1484
262 1220
262 684
16 1760
16 790
16 1761
16 1762
16 174
16 1763
16 42
16 740
16 1202
2802 25
2803 423
1589 180
2804 1764
556 670
556 1765
52 417
52 1766
52 1396
52 523
2162 341
2805 1728
795 1767
795 1331
795 25
1532 898
2169 7
2806 1768
1726 1769
2807 1770
2808 605
2809 286
2809 1376
2809 1015
1822 1399
1677 1771
1274 174
2121 138
2121 524
2121 800
790 16
790 299
790 636
790 322
790 1734
2810 505
1110 120
1110 1301
1110 1430
1778 174
1629 702
266 1201
266 504
266 42
266 1772
266 507
1311 1373
1311 710
1311 1773
1311 1377
2811 1774
2812 1495
2812 1775
2813 1776
2814 493
2814 625
2815 1440
365 153
365 36
365 569
365 230
365 39
365 1187
1685 303
1685 1777
1261 1495
2816 1778
361 1779
2817 156
2817 1780
1626 363
1626 1202
2818 1296
2819 318
2820 1781
2150 191
2821 37
2003 264
2281 1502
2281 1782
2822 1
513 1783
513 1245
513 286
513 932
513 1784
513 481
1716 35
1716 1706
2823 44
2823 50
2823 1785
74 1786
74 1728
74 669
922 355
922 441
922 252
1372 1787
1372 286
1372 781
1372 1788
1101 504
1101 508
1101 1789
1101 1790
770 1791
1326 1539
2077 64
2824 152
1453 1792
1453 611
2244 367
733 139
2098 1793
662 139
2825 1009
1552 707
1552 1430
2826 688
2827 799
1889 2
1889 1794
1934 705
1934 1795
68 969
68 958
68 606
68 1500
68 1122
2828 1072
964 965
1363 25
1363 1796
461 630
625 166
625 486
625 1797
1343 1798
1343 1106
836 252
2245 1799
1743 1800
1743 1801
2829 1802
1051 36
1051 428
2830 228
1294 798
1294 39
1294 1803
1294 228
1294 6
1874 404
370 323
370 25
370 341
370 529
1430 1552
1430 367
1430 1804
2049 141
2049 1035
2831 241
2183 1805
2238 1032
2238 1806
1083 57
740 16
740 1208
740 522
2832 1807
2832 963
2833 441
2834 10
1225 1808
1875 1809
437 177
2835 1810
2836 1423
2837 1811
2838 618
2839 29
1809 1812
1809 102
1809 1813
1809 124
165 127
165 853
165 199
165 214
165 1389
165 1814
165 275
165 1815
1491 1489
2237 283
2058 921
2058 328
1521 1816
1308 907
1308 1330
1308 324
1308 1817
2187 134
1029 1818
1029 270
2840 909
2841 775
2841 645
2842 168
376 363
376 961
376 1819
376 353
376 1820
376 177
1433 654
1433 1821
1433 1240
432 470
432 1092
1675 1676
1675 1822
1744 120
118 1823
118 1824
118 1825
118 1826
118 1516
118 144
118 1470
118 1827
118 1280
118 1828
118 1829
118 1184
118 1098
2843 485
1295 716
1295 713
1295 1295
2844 155
2844 1830
2845 671
783 1831
783 214
2846 47
654 97
654 654
944 1832
944 1833
122 1834
122 1835
122 682
2847 47
2848 435
761 1272
761 388
2849 1836
2849 1837
2850 890
2851 1838
2120 524
204 1839
1039 1840
1039 859
1039 1738
2852 1841
2853 786
2853 618
2853 522
316 1842
316 1843
316 1574
1285 114
2854 1844
1887 1845
1887 1846
2855 1178
558 1847
558 1848
1611 1439
2081 146
754 1194
754 25
754 1395
754 31
1279 1741
2856 286
2110 270
2159 1849
311 497
311 917
2188 1850
2857 802
2858 1851
1742 1218
1742 1852
1742 139
841 1486
985 1853
985 250
1157 59
1157 258
2859 804
2860 39
1288 669
2861 1854
2862 344
2863 1125
2864 703
2865 1770
2866 1855
2867 1856
639 36
639 1857
2868 189
41 1858
41 1859
1027 1860
1027 1270
2869 139
2870 42
2871 153
624 184
624 77
624 97
624 1861
624 166
624 1862
624 897
624 274
624 156
1490 1544
1490 636
1490 278
1490 1777
1490 489
1490 1863
1791 770
752 1164
56 1864
195 1146
195 195
195 370
195 872
672 1865
672 726
2872 1866
2872 1867
948 1868
948 1497
948 1869
948 156
1121 527
1121 481
1121 1870
2873 341
2874 1610
685 716
685 1871
685 36
685 225
685 1872
685 42
685 138
685 1118
2875 1873
1974 453
239 465
239 1591
1483 327
2876 1205
2877 979
404 1030
404 1874
160 1612
1212 859
37 13
37 812
37 1439
37 152
37 1875
37 1876
37 447
37 1118
37 1877
1122 68
1122 1878
2878 1879
1131 1084
1131 1880
1131 685
1131 1881
1131 1752
979 1339
2006 1627
2879 554
484 346
484 997
484 612
1008 1882
1008 63
2880 1883
354 1423
354 1884
354 730
1142 291
1142 961
1142 447
2881 581
1531 1015
1531 1885
947 232
947 1886
1846 1887
2882 1888
1794 104
1794 1889
1794 963
1794 672
2883 1890
1534 1891
2884 1892
665 1800
665 427
924 986
1222 287
1222 1893
1222 1755
235 127
235 1894
1450 1895
1450 624
1450 97
1450 1896
499 13
499 915
2024 145
2885 718
161 561
161 202
161 1479
161 344
161 42
161 1011
161 1897
161 1898
2886 29
2887 1280
946 1899
946 1272
946 805
2211 1547
1527 1358
2071 1900
2071 1901
2071 1
1388 1341
2053 301
1171 1902
1171 280
1171 459
1171 1903
144 1904
144 846
2888 95
2889 662
1823 118
930 252
856 39
826 1259
1788 1372
340 1711
340 228
340 593
340 907
340 312
340 219
340 18
340 1905
340 1906
340 1907
340 22
340 252
340 539
340 778
340 177
2160 452
2890 1908
918 1909
918 919
697 409
697 1910
697 138
697 97
697 351
29 1900
29 773
29 344
544 348
544 252
675 1911
2138 225
1792 287
1792 1453
854 1912
854 515
1304 984
1389 58
1389 1913
1389 124
1389 636
1389 1217
1389 1914
1470 1915
1470 742
1470 1916
1470 118
1470 1100
2891 1917
538 340
538 1360
538 431
538 440
538 369
1925 1918
1925 917
1769 368
756 101
756 394
756 1262
756 157
756 970
756 57
21 199
2892 1360
2893 77
1362 1919
1362 597
1362 1321
2894 502
2895 368
389 520
389 580
389 819
389 1533
389 271
389 1920
389 985
389 1524
328 127
290 542
2082 1414
2082 64
619 498
619 1628
619 1204
619 1921
619 64
495 1272
60 1081
218 1922
2896 432
2897 216
1006 1011
1006 63
1422 8
1422 1345
1710 1923
1710 1924
2212 964
2212 368
771 1263
771 1313
771 923
1918 1925
2898 1048
877 858
877 759
877 39
90 1926
90 586
90 40
90 77
1476 1927
1476 852
2899 399
271 1928
271 1929
271 1930
1870 1121
838 36
838 161
838 957
838 431
838 523
2900 44
2901 1931
1022 1932
1530 39
295 1933
295 963
2902 482
2902 1934
569 761
569 1935
569 1936
569 141
569 792
569 1296
569 149
2903 1937
965 964
965 1938
2904 257
2164 1758
1342 1939
2905 1181
2906 1545
2907 252
2908 286
1192 1940
1192 1941
2909 8
1627 156
36 938
36 696
36 175
36 452
36 35
36 341
36 25
36 1942
36 310
36 230
36 71
36 838
36 153
36 174
36 124
36 289
36 726
36 268
36 1011
36 1943
36 1944
36 1172
36 31
36 1269
36 1307
36 713
36 306
36 1945
36 1946
36 1947
36 1948
36 39
36 1208
36 1949
36 685
36 1672
36 121
36 407
36 365
36 904
36 1079
36 258
36 1051
36 241
36 37
36 1950
36 222
419 1544
419 272
419 63
419 899
2157 1951
1721 28
1721 1952
1721 1953
375 1954
1830 907
1830 373
1830 1905
1830 1955
2910 138
938 35
938 1524
58 1081
58 58
58 570
58 122
58 59
2911 252
143 1956
143 1660
143 846
2912 1957
956 957
956 1958
511 1959
2913 1423
2285 205
2285 620
932 1960
932 513
932 669
932 872
897 1961
89 77
2914 35
101 910
101 367
101 877
101 124
101 298
101 1962
101 42
101 1963
101 57
101 486
101 756
269 36
2915 192
2229 138
2229 53
2916 845
1653 306
2917 1755
2918 444
2918 1964
1764 1058
2919 475
2920 104
1614 180
2921 1965
2922 1966
1293 437
1293 1967
847 1923
847 128
847 1444
847 1968
847 1969
2923 1535
2924 250
1195 912
1729 805
2925 447
2926 1213
2927 997
2928 341
2929 1970
378 206
378 1589
378 1056
378 581
2930 192
801 1004
801 1228
453 1971
453 726
453 1972
453 1973
453 301
453 971
453 524
453 1974
453 1723
287 1222
287 49
1423 627
1423 742
1423 933
1423 1079
1423 104
1423 1300
2931 1975
1884 354
1755 1104
984 1976
984 1304
984 581
984 1345
984 139
2932 50
2933 1545
2934 816
2165 1977
1275 184
1365 1978
12 890
2935 732
2936 1979
1220 1980
1220 262
159 1981
159 852
565 565
565 895
2937 283
2937 40
2937 1242
892 1982
892 828
892 1983
2938 255
2938 1984
2938 1985
737 1423
737 139
1912 1986
1912 854
2939 1987
2940 604
315 1988
485 1989
9 1990
463 1463
2941 1636
1963 392
1963 124
1930 271
874 39
874 1991
2942 985
323 1136
323 370
323 1648
2943 1992
2944 1993
1582 1295
1582 368
2945 127
381 277
2202 1994
253 298
253 1826
253 1184
2946 529
559 1124
2947 221
392 1995
175 36
175 293
175 1996
175 565
175 1427
53 1733
53 175
53 1295
53 174
53 124
53 1997
53 366
53 651
53 225
53 1998
53 42
53 622
53 230
53 1999
53 2000
53 1608
53 506
53 177
53 77
53 1172
2948 898
2949 303
860 39
1312 244
2950 188
532 691
961 376
961 36
961 2001
961 641
72 295
72 57
72 864
72 581
199 1966
199 47
199 1258
199 33
199 1228
199 2002
199 2003
199 1080
199 543
199 846
199 21
2951 1394
18 1654
18 1832
18 618
18 2004
1795 1272
1795 2005
2952 588
2953 1618
236 954
1133 195
1269 36
1269 1028
1269 1369
503 96
503 264
503 2006
456 1699
456 1943
456 1389
456 2007
456 2008
456 2009
456 2010
78 2011
1145 1694
1145 2012
1145 2013
1145 2014
2954 168
823 2015
722 2016
722 539
722 1079
2955 2017
1437 731
1428 2018
1665 2019
531 462
2956 1593
747 2020
747 2021
747 1539
557 2022
2957 2023
120 152
120 1011
120 1744
2958 264
1167 2024
1167 2025
1167 1085
2959 2026
2959 394
1986 1912
2960 192
1368 44
679 324
679 36
679 749
679 758
679 2027
679 1503
679 874
679 228
2092 745
2092 168
1369 2028
371 832
1703 1787
2961 636
2962 940
1055 250
1055 174
1055 500
1055 2029
1055 2030
1055 2031
1055 2032
2189 191
978 409
2963 1370
2069 357
2069 1159
2069 2033
2069 53
153 189
153 365
153 1051
153 2028
153 2034
153 705
153 149
2964 373
2964 1851
2964 219
2964 1358
636 1302
636 1783
636 139
636 1420
636 1914
636 1080
636 1098
636 64
636 732
636 1490
636 1389
636 2035
636 31
636 327
636 1654
636 141
636 282
636 2036
636 2037
636 114
636 963
636 790
636 1579
636 1219
636 36
636 846
636 2038
636 1474
2286 2039
2965 6
2966 2040
2966 2041
2967 1251
2967 37
785 1263
2195 465
2195 2042
900 2043
900 718
1256 212
1256 374
1256 1333
2968 249
630 461
732 2044
732 1379
732 2045
732 1437
732 139
1108 1265
1108 476
2969 2046
2970 1146
0 1920
0 155
0 2047
0 1172
2971 706
2972 2048
2973 1375
2974 507
2974 266
2975 378
436 365
436 230
436 177
2976 191
203 505
203 1342
2977 124
2978 1194
2979 670
774 1495
774 923
774 344
677 933
677 2049
677 1754
677 2050
677 847
677 69
677 57
677 79
2980 101
2981 553
951 257
301 2051
301 618
301 453
301 2052
301 2053
301 37
301 2054
301 31
301 113
301 2055
1583 368
889 773
274 1797
274 124
274 2056
274 2057
274 451
274 241
274 958
274 252
1281 289
1281 580
1281 174
1400 260
1456 252
921 2058
2982 2059
215 429
687 2060
687 2057
1978 2061
1978 1365
2021 747
2021 341
1257 2062
1257 2000
599 2063
599 583
599 64
820 286
820 1299
820 134
820 778
2983 2064
2030 1055
2984 1629
91 1681
91 908
2985 2063
61 1081
61 1463
61 2048
61 64
2986 1241
2987 1413
581 87
581 128
581 1283
581 245
581 672
2105 2065
353 376
2988 2066
540 1049
540 2067
540 2068
1711 340
2989 124
2990 39
2991 344
357 359
357 2069
357 1124
2992 1295
308 2
308 1402
308 595
308 275
308 1805
692 97
692 693
533 728
533 2070
2993 1080
2279 1272
629 110
1901 2071
1031 1243
1031 174
64 930
64 2072
64 907
64 35
64 341
64 2073
64 2074
64 139
64 730
64 1035
64 2075
64 174
64 904
64 2076
64 2077
64 268
64 745
64 1267
64 2078
64 980
64 786
64 177
64 2079
64 25
64 155
64 1667
64 2080
64 735
64 2081
64 39
64 2082
64 1366
64 1341
64 2083
64 323
64 1367
64 933
64 121
64 36
64 444
64 124
64 2084
64 365
64 87
64 890
64 490
64 40
64 2085
2994 853
1667 64
1667 2086
1349 691
595 2087
595 308
2995 1494
1244 388
1244 633
2996 821
2997 984
2998 1538
642 643
642 2088
2999 138
3000 64
2152 1056
2152 252
3001 1049
59 673
59 202
59 1157
59 268
59 2089
59 490
59 358
59 38
3002 608
3003 339
933 104
933 64
933 2074
933 2090
933 2091
933 1208
933 354
933 677
3004 799
3004 77
168 2079
168 127
168 1686
168 221
168 124
168 2092
168 318
168 864
3005 617
3006 444
2093 2093
1663 1582
148 846
1955 1830
3007 2094
3008 2095
3008 76
1500 68
1076 1072
1324 124
2029 1360
62 242
3009 318
1139 569
1139 447
1139 2096
1426 98
3010 135
3011 2097
1899 946
1899 231
1660 722
1660 1687
1660 581
1330 31
1330 2098
1985 36
391 1995
391 154
3012 1419
1863 1490
333 2099
3013 732
3014 39
3015 35
425 2100
425 177
201 505
201 2101
294 44
294 810
294 1325
294 726
1926 990
1926 654
1926 31
1926 90
3016 829
592 769
3017 537
3018 207
957 13
957 838
957 1779
957 124
1370 344
1658 1359
3019 1627
593 228
593 174
593 608
593 283
593 2102
593 2103
593 2104
593 652
593 329
593 1623
1980 1220
65 367
65 222
65 157
3020 303
1816 5
3021 1379
2065 2105
1384 2106
1384 899
147 623
147 846
3022 465
3022 669
3022 2107
902 1945
902 2108
902 2109
92 1800
2205 1524
2205 850
515 124
3023 42
1785 333
270 42
270 1029
270 2110
270 581
1332 31
82 180
82 898
82 32
82 64
587 2111
1635 614
243 192
243 368
243 2070
3024 1426
937 2112
937 1305
937 55
524 2113
524 138
524 618
524 2114
524 2115
524 2116
524 2117
524 269
524 2118
524 453
524 13
524 51
524 783
524 1708
524 2119
524 206
524 923
524 2120
524 2121
1050 225
1050 2122
1050 2123
1377 286
1377 1311
1377 710
1377 1037
3025 223
3025 157
977 1339
977 253
2085 64
1218 2124
1218 1742
1218 1069
3026 181
1064 141
1064 762
3027 2125
2200 345
844 1472
226 2126
226 603
1815 165
3028 749
1609 2127
1689 670
3029 2128
2027 679
3030 540
1245 513
1245 1162
208 396
208 2129
594 192
3031 1227
3032 39
1446 1180
1397 289
1397 1881
1999 53
3033 308
3034 670
486 2130
486 101
486 2131
486 1047
486 2132
486 1524
486 625
486 1827
1184 253
1184 118
1184 81
1184 2133
3035 1936
3036 2134
3036 139
335 321
1905 234
1905 504
1905 341
1905 2135
1905 340
1905 388
1905 20
746 1867
1230 2136
3037 2137
225 1541
225 53
225 2138
225 271
225 2139
225 2137
225 685
225 1050
3038 1956
3039 2140
2273 195
2273 2141
2273 2142
2095 192
2095 169
1595 216
1595 180
1417 299
1417 528
3040 2143
1035 2049
1035 641
1035 560
1035 455
3041 238
1832 18
3042 356
3042 2049
3042 580
3043 199
899 36
899 1384
899 2144
899 731
899 1124
1375 1299
1375 2145
1375 2146
1375 199
1375 286
3044 548
1554 707
3045 2147
713 2148
713 324
713 1295
713 36
713 39
713 707
713 705
713 2120
713 2149
1516 2150
1516 118
1393 2151
3046 1102
3047 2152
3048 1711
421 2153
421 2154
3049 732
742 156
1672 36
2025 1167
364 365
364 2070
1461 252
444 2155
444 303
444 998
444 64
608 1502
608 2156
608 593
608 401
608 2157
608 152
3050 33
1205 286
1205 252
224 580
224 20
3051 2158
2198 409
2198 574
2198 286
2198 2159
2198 1015
2198 31
377 1056
452 36
452 870
452 83
452 907
452 940
452 37
452 2160
474 831
474 1837
3052 36
341 1732
341 139
341 1539
341 199
341 64
341 2161
341 164
341 807
341 367
341 388
341 124
341 107
341 2162
341 590
341 252
341 168
341 672
1758 2163
1758 2164
1758 714
798 1219
798 735
3053 1337
1565 50
1977 2165
1977 565
3054 2166
2139 476
2139 617
1023 2079
1927 984
1686 444
3055 696
3055 344
3056 1301
1260 547
1260 256
3057 613
647 2167
1262 1099
1262 1495
3058 2168
3059 42
1390 1331
1390 2169
479 1161
3060 228
1380 580
319 2170
319 2171
1435 989
1793 2098
3061 849
3062 39
281 2172
281 967
281 297
281 604
1241 1402
1241 1179
1241 124
1241 2173
1241 152
1241 376
1038 324
1046 2174
3063 1000
3064 2175
884 646
356 97
356 698
356 651
1015 1299
1015 2176
1015 2177
1015 124
1015 2178
1015 64
1015 2179
1015 2180
1015 2181
186 1755
186 2182
3065 278
3065 397
422 673
1378 663
1315 149
1805 2183
1805 308
1272 495
1272 761
615 2184
615 229
818 1256
818 6
3066 891
3067 1439
3067 2002
3067 846
3067 139
3068 50
3069 327
3069 705
3069 388
411 627
411 476
3070 608
189 2185
189 2186
189 772
189 153
134 39
134 324
134 32
134 2187
134 196
134 820
134 2188
134 86
1797 274
1797 625
764 1842
3071 16
191 286
191 2084
191 2189
191 2190
399 2191
2240 676
3072 1354
1037 2156
1037 1377
3073 1468
280 62
280 1
280 2172
280 2192
280 1171
1992 1726
3074 20
3075 552
1174 2193
1580 891
26 2
1933 295
1906 152
3076 58
603 2194
2061 1978
465 1686
465 36
465 719
465 931
465 717
465 239
465 2195
465 222
465 634
3077 976
3078 2196
3079 1980
1019 670
1019 921
1019 242
1019 2197
3080 36
409 820
409 697
409 931
409 1097
409 1796
409 978
409 2198
1489 184
1489 1491
125 745
1771 470
3081 820
1487 95
2075 2199
2075 155
2075 64
304 39
304 1223
304 138
293 2200
293 513
293 2201
293 2202
293 1140
1762 16
3082 192
3083 1227
3084 1555
1661 1506
552 863
344 1591
344 2070
344 29
344 1072
344 180
344 1796
796 1851
796 1322
945 2203
3085 2204
481 214
481 1121
481 569
481 39
481 107
481 513
481 824
850 1272
850 2205
400 1302
400 731
787 2206
1800 1224
1800 665
835 1084
835 1331
835 2207
835 2208
835 1781
76 87
76 77
76 230
3086 1413
1550 49
1550 2209
1547 928
1547 2210
1547 2211
1547 2212
1547 192
1547 1890
1547 2213
1547 2125
1547 1460
1946 1422
1479 161
1479 1239
2070 2214
2070 481
2070 533
448 267
3087 2215
1650 1478
179 1284
179 184
779 1070
3088 594
3089 155
3090 1849
1443 250
3091 36
2161 341
3092 2216
1694 255
1694 1145
3093 714
1644 25
1644 978
810 44
810 128
810 366
810 204
119 2217
3094 1932
775 295
719 247
719 2029
719 2218
719 42
719 572
719 2219
2064 1526
2064 1151
2064 1917
2064 2220
2064 855
1159 2221
1159 2222
1159 2223
1159 1973
1159 2224
1159 432
1159 139
1159 634
2266 805
3095 2225
3096 890
914 1881
324 713
324 1065
324 136
324 53
324 763
324 138
324 971
324 232
324 2226
324 1038
1451 1280
1451 1069
32 134
32 1341
32 1097
32 724
138 618
138 2227
138 35
138 2228
138 2229
138 524
138 206
138 289
3097 308
3098 473
895 2230
832 618
832 35
832 289
832 42
832 371
832 1650
832 505
832 376
832 59
1213 71
1307 36
1307 86
1951 2157
582 940
2052 2231
2052 2232
936 936
936 241
936 1305
834 155
1448 2233
3099 841
362 35
362 2234
1283 278
1283 2096
133 174
24 2
466 634
1545 1648
2177 1015
1872 685
1872 64
451 1810
451 139
3100 2235
803 1346
803 1228
3101 706
3102 661
3102 906
3103 2236
3104 550
3104 1360
1941 1192
3105 2237
115 994
115 241
1806 882
1806 2238
1806 2239
3106 670
3107 444
3108 1968
3109 2098
2178 1015
676 2240
1692 255
789 838
789 263
597 1068
597 882
597 2116
597 2241
597 614
597 116
597 141
597 1548
597 796
597 986
597 1827
3110 2242
130 1269
130 1725
167 2243
167 127
367 2244
367 394
367 101
635 476
1799 2245
3111 2024
3112 539
1654 2246
1654 18
1654 489
441 500
441 243
441 819
441 83
3113 165
1449 1895
1449 1155
1449 252
896 286
896 896
128 581
128 1180
128 64
128 579
128 1261
128 204
128 1917
128 847
128 810
128 580
3114 1435
3115 368
501 1566
155 135
155 174
155 738
155 2247
155 40
155 141
155 264
155 2139
155 718
2130 486
390 155
1211 859
3116 492
3116 53
876 39
1079 722
1079 1423
1079 36
283 1466
283 1355
283 2248
283 2237
283 1242
283 31
2255 1295
1537 1869
1537 2249
450 1099
450 2250
716 1295
716 1208
716 230
716 563
716 685
716 705
329 2251
329 593
329 907
329 102
329 1463
329 49
329 447
329 2252
329 260
3117 152
2275 50
3118 198
33 342
1789 1101
633 1339
633 1710
633 2253
633 2254
633 292
633 82
633 841
633 1341
1119 649
1119 2255
1119 2256
3119 344
3120 135
1652 1575
3121 174
169 963
1496 1381
1496 312
124 2257
124 53
124 907
124 42
124 2003
124 2258
124 1399
124 98
124 50
124 91
124 645
124 127
124 214
124 99
124 64
124 2259
124 1126
124 168
124 1389
124 1539
124 2260
124 86
124 2261
124 2010
124 25
124 958
124 167
124 515
124 39
124 1208
124 57
124 274
124 79
124 1241
124 952
124 141
124 1809
124 36
124 1868
124 1201
124 963
124 476
124 1243
124 2204
124 1015
2221 2262
413 140
3122 652
3123 781
3123 1015
927 1596
927 476
927 986
2186 189
628 2263
628 992
919 918
919 1909
2156 2264
331 792
1334 2265
2035 2266
2035 823
3124 1287
1866 2267
1866 805
1866 2268
1866 77
3125 1271
1021 1096
1021 384
3126 2269
3127 621
3128 1875
632 2270
3129 1034
131 1546
3130 726
1859 808
739 1561
739 139
3131 1810
991 107
1042 476
700 2271
700 55
700 64
1639 25
2176 1444
2176 1055
3132 502
3133 1124
3134 538
103 286
2142 2272
2142 2273
3135 1719
3136 341
2180 2179
2180 1015
641 1289
641 961
2276 9
2276 1561
3137 2274
1561 2275
1561 1135
1561 50
1561 2276
1561 2232
1578 1000
435 523
1733 53
1733 505
1733 1369
1733 685
1733 2277
1733 1463
1733 329
423 1336
423 2154
3138 444
1444 2278
1444 847
1071 488
1226 864
3139 1420
2004 18
3140 1980
1386 601
3141 2279
1782 2280
1782 2281
3142 393
3143 2117
1790 1101
1630 2282
3144 694
3145 476
891 2283
1007 1043
1007 63
1345 149
1345 705
1345 984
643 642
1201 36
1201 2284
1201 390
1201 124
205 2285
205 2286
205 1977
1681 2287
3146 152
3147 259
3148 2288
3149 570
3150 302
3151 963
3152 669
3153 1018
