2624 0
2624 1
2625 2
464 3
449 4
352 5
352 6
352 7
352 8
352 9
352 10
352 11
352 12
347 13
347 14
1995 15
1995 16
1462 17
1462 18
1462 19
1462 20
1462 21
1626 22
2626 23
2626 24
1570 25
1570 26
534 27
534 28
1279 29
2627 30
1047 31
164 0
164 32
164 33
164 34
1645 35
1645 36
1645 37
1645 38
2628 39
1920 40
308 41
2629 42
1760 43
1302 44
1302 45
1302 46
1542 47
1542 48
1542 49
1542 50
1542 51
1542 52
1542 53
1542 54
306 55
306 56
306 57
2630 58
2631 59
126 60
126 7
126 61
126 62
126 63
126 64
126 65
126 66
126 67
126 68
126 69
126 70
126 71
126 72
126 73
126 74
126 75
126 76
126 77
126 78
126 79
126 80
126 81
126 82
126 83
126 84
126 85
126 86
126 87
126 57
126 88
126 89
126 90
126 91
894 92
2632 93
2633 94
2634 55
2634 67
2410 95
2410 96
1234 97
1234 98
1234 99
1234 100
1234 101
1234 102
915 103
915 104
2288 105
1185 106
1185 107
2635 67
770 108
770 109
770 110
770 111
770 112
2636 113
2637 114
2637 115
2638 116
2639 117
733 118
2640 119
95 120
95 121
95 122
95 123
72 0
72 124
72 120
72 125
72 126
2641 127
1450 128
1450 129
1187 130
983 131
983 132
2192 133
999 0
2642 22
590 134
590 135
1926 136
365 137
365 138
2643 139
2292 140
2292 141
2644 142
201 143
1304 144
1304 145
1304 146
195 147
1709 148
1709 149
1709 150
1709 151
32 152
32 153
32 154
32 155
32 156
32 157
32 158
32 159
32 160
32 161
32 162
32 163
32 164
32 165
1129 166
1129 167
2645 51
42 168
42 125
42 169
42 170
42 171
42 118
42 172
42 62
42 173
42 174
42 175
42 176
42 44
42 177
1611 178
2055 179
947 180
2094 181
2646 142
2646 37
2647 182
2648 183
984 118
984 184
984 185
984 155
2649 186
895 187
895 188
895 43
930 189
930 190
930 155
1665 191
730 192
730 163
1043 193
1043 51
1043 194
1944 195
2412 196
967 197
967 198
967 199
967 159
967 200
967 201
967 202
967 203
1512 204
1512 205
1512 206
1512 207
1512 208
1512 200
1512 192
1996 209
2650 210
2651 211
671 0
1852 212
1459 213
933 214
933 215
933 216
2652 217
1241 218
1106 219
1106 67
1106 220
1106 221
1106 222
1106 223
1106 224
1106 225
1106 226
1106 227
619 228
619 229
619 230
619 231
619 232
619 233
619 44
2653 234
1433 235
490 236
490 237
490 238
2654 239
1303 240
1303 241
1303 242
1303 243
1303 244
1303 245
1303 246
1303 247
1406 248
2242 249
737 250
737 251
737 252
737 253
737 254
737 255
2655 256
2656 257
172 258
172 42
2657 259
2171 260
1706 0
1706 261
1706 262
1519 263
2658 264
2659 265
2276 266
2276 267
1123 268
1123 269
1123 270
2660 271
393 272
393 273
393 274
393 275
393 267
393 276
393 277
393 278
393 279
393 280
1266 176
1266 281
1266 282
2661 283
2662 284
2663 285
1892 276
1892 208
1892 286
2338 287
2338 288
557 289
557 290
557 291
2664 292
2665 293
2666 294
401 295
2667 296
2668 297
2668 298
2669 299
1400 300
302 264
302 301
302 302
302 303
576 304
576 202
2670 305
2671 306
2671 307
2672 308
2615 309
1639 44
1639 37
1639 310
1639 311
1639 312
743 313
743 314
743 315
743 316
743 317
743 318
2673 319
2072 320
2072 321
2674 89
2674 322
2674 323
1496 324
5 154
5 234
5 9
5 276
5 8
5 325
1915 209
2675 192
655 174
655 326
1306 305
2676 327
2677 328
595 329
595 318
595 330
1550 331
1550 332
14 333
14 334
14 335
14 336
14 337
14 338
14 339
14 340
14 341
14 342
14 343
14 71
14 344
14 345
14 256
14 346
14 347
14 243
2678 348
2678 349
2355 350
2355 351
959 352
959 353
959 354
959 355
1876 356
2459 357
2459 194
2679 358
2042 359
2042 360
2680 361
2681 0
132 132
2144 362
395 363
2577 364
2682 365
370 366
370 196
2623 109
1777 367
214 286
1683 291
366 368
366 369
366 370
2090 294
2090 371
373 372
373 373
190 374
190 37
190 375
190 332
190 376
190 13
190 377
190 378
190 379
190 380
190 381
2683 382
2684 383
2684 384
2684 271
543 385
543 256
543 386
543 387
543 388
1096 137
2685 389
2686 390
2554 391
1468 392
2687 393
723 394
363 395
363 374
363 284
363 396
363 397
363 398
706 399
706 291
2688 400
898 401
898 402
898 403
2689 404
313 405
1564 406
1564 407
644 408
2594 409
286 410
286 68
286 286
286 118
286 411
286 406
286 412
286 413
286 71
286 332
286 414
286 415
286 416
286 163
286 27
286 417
286 194
286 418
286 419
286 420
286 421
1009 422
2081 423
1795 424
1795 425
1795 426
1795 427
1795 428
1795 429
138 430
138 295
1253 431
1253 432
2690 340
346 14
1078 83
1839 335
2691 433
524 434
524 398
2581 435
1647 37
2507 436
2507 437
2451 438
2451 439
2313 440
2313 297
2313 441
2692 14
2480 442
2319 443
2693 444
2693 445
802 446
802 447
802 51
802 448
2694 449
2694 79
2695 227
1797 450
1783 451
2246 242
2246 452
758 329
758 453
2099 454
2099 455
2099 456
2099 457
604 458
604 459
604 460
604 57
604 461
3 140
3 84
3 462
3 463
3 464
3 98
3 465
3 466
3 467
3 468
3 469
1172 470
410 471
259 472
680 170
1889 294
1889 473
1889 322
2696 474
2697 475
2697 476
2698 477
2585 478
2699 227
2699 305
2700 284
2701 479
813 480
813 481
813 482
813 483
813 484
813 457
2702 419
2214 89
1128 485
1128 486
2703 487
700 488
2704 489
463 3
2705 490
2002 491
2364 14
2179 492
2179 194
704 493
704 494
704 495
1595 496
1595 497
1595 498
1595 376
2706 499
563 0
2707 500
2149 501
2708 279
522 502
522 503
522 504
522 505
522 123
522 506
522 507
1748 508
2247 509
2299 510
794 511
280 393
2329 512
2329 513
2709 132
2710 514
2711 57
1806 359
673 515
673 508
673 516
673 312
2712 8
2712 517
2713 260
2714 109
2714 518
1573 519
2715 520
434 521
434 522
434 523
434 524
434 309
434 80
434 525
434 194
121 526
121 215
121 436
121 527
121 528
121 95
121 74
121 192
121 529
121 530
121 531
121 532
121 292
121 194
27 125
27 533
27 286
27 301
27 58
27 534
27 535
27 35
27 536
27 340
27 43
27 439
27 537
27 353
842 538
2716 405
2716 539
2716 540
2716 541
1807 215
623 542
623 543
1200 287
1200 544
1200 545
1200 264
654 546
654 547
654 13
960 548
2226 549
2717 0
955 550
955 551
955 552
1576 291
1576 553
2718 554
1316 448
2190 555
1974 556
2719 557
2720 558
2272 362
2352 225
2352 559
2721 71
761 329
761 560
761 561
227 0
227 562
227 563
874 564
874 565
874 566
874 567
874 372
874 223
874 568
874 569
874 570
874 571
874 572
874 573
2722 560
2722 574
2722 575
2722 576
2722 577
2722 578
2722 579
2722 580
2723 581
2723 582
2153 583
979 584
979 585
979 104
2001 491
1321 242
1321 39
548 257
548 586
548 110
548 587
548 254
548 588
1218 37
1653 589
809 590
809 591
592 592
2617 593
2617 594
2617 595
2724 596
1116 521
1116 597
1116 191
1116 598
1116 599
1416 47
1416 292
460 600
460 332
460 601
460 234
460 602
460 603
460 604
460 163
460 359
460 605
75 606
1035 607
1035 267
1035 194
735 608
735 609
507 522
1784 610
2354 611
2209 612
2725 613
2726 614
996 0
996 615
996 616
996 67
996 197
1335 617
1335 618
1335 7
1016 0
1970 296
232 619
2727 620
9 621
9 5
9 353
9 352
9 10
9 8
606 91
606 622
1861 623
1861 43
1861 624
2728 625
1750 626
2729 627
389 628
1017 629
2730 630
2731 631
2731 267
2283 632
2732 633
2733 634
1975 15
1975 541
1975 635
2734 636
67 637
67 638
67 126
67 639
67 139
67 197
67 313
67 16
67 640
67 43
67 641
2324 642
2324 643
408 644
1466 645
1466 646
1466 647
1466 648
2735 7
2735 131
2735 649
2735 650
1157 118
1157 376
1157 651
1419 652
1419 292
13 653
13 347
13 654
13 655
2736 656
2736 305
739 657
739 658
739 659
862 35
862 660
862 49
862 291
1885 661
914 662
2057 179
2057 608
2057 663
2057 407
1290 664
2737 665
634 666
1346 267
928 667
928 668
989 0
1763 669
1763 670
2738 68
2739 176
2739 671
2740 152
2740 672
2025 432
2025 286
2025 312
2025 673
2025 674
2025 338
2025 383
2025 658
2741 675
2741 676
2360 677
2742 678
2743 291
170 679
170 680
170 681
170 42
170 682
170 683
170 684
170 685
170 686
170 687
2744 688
2745 689
780 690
780 691
780 692
780 693
780 500
780 694
2746 695
714 520
2430 696
2538 697
2538 698
2747 179
488 699
488 700
495 701
495 37
495 702
495 703
495 704
1864 705
1897 498
1897 170
2748 59
817 414
817 706
817 707
817 708
1732 709
2500 710
2504 711
2749 712
2131 713
375 714
375 190
375 58
1551 332
1551 715
1569 299
1569 716
2750 717
2751 718
2752 192
528 121
2547 719
2753 720
1584 340
1584 721
1584 445
2066 93
394 432
394 69
394 342
394 722
394 35
394 652
394 723
2754 138
2754 724
925 209
1752 725
1752 527
1752 167
2755 726
1891 374
1891 621
1293 727
1293 728
1293 350
515 395
1100 729
2756 242
2757 639
1589 245
1589 332
1589 55
1972 296
1972 624
1816 98
1816 730
2604 731
2604 732
2758 640
2759 733
1587 734
1685 258
1685 735
1685 274
1685 37
1685 736
255 737
1130 738
2760 425
1549 739
2761 740
1527 741
1527 37
926 742
314 544
314 98
314 743
314 734
314 744
2762 745
1671 746
1671 715
1671 747
1481 748
2763 749
1177 541
1177 750
1177 540
1177 751
1177 7
2566 606
8 752
8 9
8 5
329 753
329 754
329 117
329 755
329 353
329 106
329 756
329 757
329 758
329 276
329 759
329 760
329 761
329 419
329 595
2764 762
774 763
1930 202
2216 764
2216 437
2216 263
657 739
1608 765
870 111
870 766
870 767
2584 539
2584 7
2765 0
2765 640
1994 768
1994 209
2219 769
2219 286
112 770
1152 125
1152 771
1152 772
2766 773
2767 774
719 89
2768 138
2769 215
2770 775
1105 120
2771 776
2772 712
2452 352
2452 777
2452 778
277 608
2773 498
694 779
694 780
694 781
694 711
383 130
2774 782
1281 152
1281 783
1281 29
2775 784
2776 785
2562 786
2777 338
1847 787
1480 788
1454 789
1454 421
1454 790
1717 791
2778 792
1270 176
1511 793
511 794
511 795
511 759
511 706
2327 249
2327 264
2327 796
2327 797
2327 312
2779 798
2780 799
2781 89
2593 800
2782 0
1268 801
1268 802
1268 803
1136 804
1136 619
1136 436
1136 805
1136 806
1136 807
1136 192
1136 525
840 346
840 299
840 271
840 808
840 809
840 318
840 282
840 810
1337 811
1337 812
1337 535
483 813
2540 513
2783 814
2784 815
688 811
707 816
707 817
707 608
707 818
707 308
1414 819
2785 820
1764 821
1764 822
1764 712
1764 31
1764 823
2282 824
2282 825
2282 826
2282 827
2282 828
2786 829
163 830
163 95
163 831
163 832
163 152
163 833
163 312
163 241
163 746
163 192
163 491
163 32
163 42
163 548
163 834
163 712
163 835
163 836
163 85
163 37
163 286
163 837
163 838
163 839
163 840
163 841
163 510
163 290
163 361
163 842
163 283
901 843
901 68
2787 844
2788 521
1628 845
1628 527
1628 846
1628 847
1628 848
2789 849
2790 850
2791 343
1871 851
1305 115
2792 852
659 657
659 83
659 853
2501 472
2501 854
2793 242
2794 677
1158 191
1158 230
1158 855
1158 774
2795 856
2796 857
1919 858
2797 859
2798 860
1103 861
1103 304
139 862
2799 863
2800 864
1745 104
1745 865
2273 866
2273 867
2273 362
16 868
16 869
16 870
16 871
16 872
16 259
16 873
16 874
2801 399
725 569
2018 875
2802 293
2803 291
2804 876
1057 132
1057 877
2182 878
2805 879
2806 271
677 677
677 880
796 353
57 881
57 662
57 677
57 709
2078 882
2078 883
887 117
1255 299
1255 44
1255 884
1255 885
1255 886
1193 267
1193 742
2807 887
2808 469
1465 888
1465 109
1465 889
1465 890
1465 163
1465 646
1435 435
1435 891
388 892
388 81
388 543
2234 893
2234 260
2809 103
2414 196
92 894
92 895
92 896
92 897
402 898
1772 296
2194 899
68 900
68 299
68 386
68 901
68 44
68 902
68 527
68 312
68 309
68 23
68 903
68 904
68 905
68 906
68 907
68 597
68 908
68 41
68 836
68 909
68 910
68 286
68 635
443 866
104 911
104 912
104 913
104 267
104 914
104 276
104 915
104 916
104 702
104 31
1095 917
2810 454
705 432
705 918
705 919
705 920
705 921
705 922
2289 523
1394 923
1394 246
1394 924
1394 717
1394 379
2811 521
2812 386
317 743
2813 925
1965 440
1965 926
668 927
668 928
2814 929
2815 43
795 511
1612 516
1183 363
2816 930
216 931
216 96
216 932
216 933
216 291
216 934
216 935
830 615
830 936
830 163
1526 299
1526 937
2817 61
2818 428
2819 938
940 939
940 940
1310 941
1310 942
1310 943
1310 740
1310 155
2106 944
2106 271
2106 945
1552 118
1093 946
180 947
180 948
1894 949
2121 785
2279 950
1924 951
2310 558
2820 952
2821 953
2822 179
516 673
516 954
552 955
1453 956
1453 174
2823 957
2824 958
2825 771
369 864
369 366
2826 560
2826 959
2616 812
2304 960
1559 400
2827 961
2827 962
2828 963
1545 118
1545 964
1545 350
1545 965
1545 192
1545 966
1545 498
1545 319
203 967
203 968
74 84
74 969
74 121
1460 970
2829 971
1061 972
1061 973
1061 948
1061 343
1905 831
2830 40
301 974
301 125
301 302
301 35
301 975
301 976
301 510
301 27
822 977
822 575
822 193
822 524
822 978
822 979
822 55
822 980
822 981
822 292
822 398
52 982
2831 983
231 984
231 985
2832 986
0 987
0 988
0 989
0 990
0 671
0 991
0 992
0 993
0 994
0 647
0 43
0 995
0 35
0 996
0 470
0 997
0 998
0 999
0 1000
0 1001
0 1002
0 1003
0 1004
0 59
0 533
0 261
0 1005
0 1006
0 1007
0 1008
0 563
0 72
0 1009
0 1010
0 1011
0 1012
0 1013
0 176
0 194
0 227
0 1014
0 1015
0 1016
0 1017
0 1018
0 1019
0 1020
0 1021
0 1022
0 640
0 1023
0 1024
0 80
0 1025
0 498
0 1026
0 1027
0 1028
0 1029
0 597
0 1030
0 589
0 286
0 1031
0 1032
0 243
0 91
0 366
0 1033
0 1034
0 1035
0 1036
0 1037
0 686
0 1038
2833 1039
2389 1040
2389 1041
2389 897
1409 364
1409 35
1409 1042
1409 1043
1409 381
2834 1021
471 4
2574 1044
1092 53
2835 1045
2836 664
1838 66
1838 1046
1838 792
2837 752
31 1047
31 1048
31 1049
31 1050
1879 520
1233 1051
1233 1052
1577 571
1802 1053
1802 362
1353 267
2838 921
1429 1054
140 3
140 1055
2269 100
533 0
533 1056
533 194
877 1057
877 12
877 1058
2839 1059
2840 1060
2841 1061
2475 407
2842 792
2843 1062
440 1063
440 297
440 441
440 1064
440 877
1504 1065
1504 1066
1504 1067
1504 648
903 436
903 286
903 209
1146 125
1146 608
1146 1068
2844 1069
2845 245
1109 1070
574 11
574 1071
2846 0
924 1072
2847 407
55 306
55 1073
763 1074
763 774
114 496
667 1075
667 527
667 1076
83 659
83 1077
83 1078
2509 811
2509 135
2848 1079
2479 442
2849 1080
210 1081
2539 1082
2850 708
2423 1083
2423 1084
2851 1085
2852 1086
1914 1087
1914 1088
2853 1089
2496 641
2496 1090
2408 196
59 0
59 1091
2854 152
2855 375
2332 316
2856 640
2856 1092
2856 1093
2857 307
2858 1094
1536 549
1536 25
1536 678
1536 450
1893 1095
1893 1096
2859 1097
766 870
1537 51
1537 1098
2860 234
2861 68
562 1099
562 227
1005 0
608 735
608 1100
608 1101
608 783
2862 852
2862 539
2862 1102
2862 639
2112 1103
603 460
2863 491
2863 841
2864 1104
2865 1105
2866 34
2867 118
873 1106
1369 643
1369 1107
1369 1108
1003 560
1003 1109
1003 1110
1003 1111
1003 192
1003 813
1003 1112
1003 712
1003 514
1824 757
2868 1113
2464 58
2464 340
2484 1114
2869 1115
2869 76
2870 1116
2871 1117
2871 1118
2872 1119
2872 100
2872 1120
1814 1121
246 906
686 0
686 1122
2873 343
2874 61
2875 83
269 1123
2050 78
2241 357
110 770
1272 1124
1283 1125
1283 1126
1283 1127
1283 1128
2203 1050
2203 291
2203 237
2203 283
2203 161
2876 1129
2031 1130
2031 51
1262 440
1262 176
1262 1131
1262 983
1262 29
2877 1132
2878 95
1067 377
1067 641
1467 646
575 11
384 1133
384 1134
384 1135
384 282
384 194
806 927
806 1136
806 1137
806 1138
806 1139
806 1140
1830 1141
2879 565
2880 1142
2529 1143
1398 1144
125 1145
125 1146
125 43
125 1147
125 715
125 1148
125 71
125 687
125 72
125 192
125 439
125 42
125 1149
125 301
125 1004
125 1150
125 432
125 1151
125 772
125 179
125 1152
125 1153
125 1154
125 1155
125 891
2881 41
651 1156
651 190
651 1157
230 1158
230 233
230 619
279 34
494 704
1968 1159
2882 1160
1966 274
1365 1161
1365 312
2010 1162
2010 1163
56 306
56 918
1949 364
1949 1114
1949 1164
2534 424
2534 1165
2883 283
2884 1166
2392 1167
1615 1168
1376 279
1376 1169
1379 115
2425 948
1811 166
1811 1170
1603 210
1603 1118
1603 1171
470 1172
982 1173
803 1174
803 1175
2885 1176
2334 316
1288 35
751 712
751 1099
751 1177
768 1178
768 1179
768 776
768 1180
593 392
1812 61
1812 1181
1812 918
1571 706
2069 1182
2886 1183
2886 276
2887 1184
106 107
106 1185
2888 1099
130 1186
130 383
130 1187
130 46
1934 1188
211 37
211 1189
211 1190
804 1191
804 1192
804 286
1534 271
2889 267
2889 1193
2890 111
2891 1194
2892 1195
2892 434
2892 163
1874 1196
2893 1197
1657 1198
1657 1199
1657 1200
1657 1201
1657 324
1657 100
1064 440
1064 297
1064 12
1656 1202
1656 35
1656 1203
1656 504
1230 359
1230 1204
1230 702
2894 111
2895 1205
378 1206
378 169
378 376
2896 1207
2896 976
1503 345
1503 1208
1503 658
1503 1209
2096 1210
457 455
457 209
457 456
457 332
457 1211
596 35
596 1212
596 69
2897 1213
2898 1214
2468 1215
2468 418
2468 1216
2468 854
1743 1217
1743 1218
1743 291
1235 1219
1235 1220
1235 1201
1235 1221
1235 1222
1235 1223
1235 1224
1235 419
1235 1225
1226 1226
1226 611
1226 970
805 597
805 1227
805 5
805 234
805 1228
805 419
805 894
1991 98
1452 1229
1349 512
1349 267
1175 975
1251 434
2899 1230
185 637
185 1231
185 1048
185 1232
185 448
185 633
1051 1233
101 1234
1219 1235
881 57
1753 152
1753 261
1753 1034
2409 196
2086 485
2086 1236
2086 90
539 152
539 639
2900 385
2900 1237
852 922
2406 196
1447 293
1447 739
1447 1238
2901 767
502 1239
502 1240
502 791
1015 0
2902 1241
2902 428
113 241
113 1083
113 381
2903 388
536 27
2244 1242
2904 44
2904 150
2904 151
2905 1243
2906 1244
2907 141
1724 1079
1724 14
420 1245
420 682
1469 254
546 1246
546 1247
546 175
546 783
199 967
199 276
1396 201
1396 1248
2908 35
2908 276
2909 1049
2130 1249
2130 796
2130 1250
2591 1239
1049 31
311 1251
1387 234
1387 1252
1381 163
1392 379
876 231
2456 1253
2456 194
991 498
2910 1254
884 1255
1625 35
749 206
2199 1256
2911 1257
297 440
297 597
73 126
2912 1258
176 1259
176 564
176 1260
176 1261
176 43
176 277
176 1262
176 1124
176 153
176 1020
176 1263
176 0
176 1123
176 1264
176 1070
176 1265
176 1108
176 1266
176 1267
176 1268
176 1269
176 1270
176 233
176 355
176 1271
404 1239
1124 1272
1817 45
1817 970
258 734
1936 1273
1315 1274
1315 151
2913 0
117 957
117 1275
284 1196
284 435
2914 1276
2915 258
2915 109
2915 467
1446 640
946 1277
946 291
29 565
29 1278
29 1279
29 16
29 1280
29 291
29 1262
29 932
29 1281
1759 631
776 768
2916 745
1978 1282
228 118
228 45
228 1283
228 260
376 608
376 1284
376 1285
376 1286
376 423
4 1287
2917 1288
2917 58
2374 37
2918 336
285 1289
664 1290
1380 1291
1380 1080
1380 1292
1380 970
1380 1293
1380 682
1380 1294
1380 1295
1380 1239
1380 1296
1380 456
1380 469
1779 1297
2249 855
2919 502
2919 456
2919 1298
1873 531
1873 1299
2920 126
2921 1300
1455 1301
2101 184
46 130
46 45
46 1302
2558 1303
2558 1304
2922 572
1494 171
305 153
305 84
305 357
305 563
305 1305
305 976
305 1306
305 1307
305 1079
305 202
305 529
305 115
1437 1308
1024 0
1024 1
2923 1309
2175 1310
1339 1311
808 163
1609 1312
1609 1313
1609 1291
642 399
1614 319
151 1314
151 1315
151 286
448 987
448 1316
448 587
2924 64
2924 1317
2925 1318
2926 399
753 1319
753 424
436 258
436 903
436 7
436 1320
436 312
39 1202
39 242
39 1321
39 1322
39 271
2927 985
2928 1323
1618 880
1618 1324
616 996
616 491
616 1325
821 1180
1280 29
532 1326
532 1327
532 89
532 1328
532 121
532 1329
2439 1330
2929 51
2929 1101
2930 703
2931 1234
2931 51
2152 1331
2152 1332
1796 450
1031 0
2932 1333
2932 277
2240 357
1590 734
2933 249
499 961
499 327
499 61
499 499
499 194
2934 1334
618 1335
2431 57
2935 633
1848 1336
1848 82
1773 289
2936 569
1311 1337
1311 1338
1311 953
1311 1339
1322 39
1330 1340
1330 1341
1592 1342
2426 1343
2426 963
2937 1344
2938 1345
2939 0
2939 124
267 513
267 1346
267 1347
267 1348
267 1349
267 490
267 1350
267 1351
267 1242
267 1352
267 267
267 271
267 1353
267 1098
267 1354
267 1142
267 1035
267 44
267 393
267 1355
267 771
2940 1163
2941 1099
2942 1356
2943 1357
2943 117
2944 193
2380 1358
481 1359
481 813
1983 1360
1983 565
1983 1361
134 1362
134 1363
134 1364
134 590
134 435
1161 1365
2945 1366
2945 407
159 6
159 15
159 1367
159 967
159 202
159 398
1108 301
1108 1368
1108 1369
1108 1107
287 299
287 1370
287 1200
189 1371
189 388
189 1372
189 595
2340 383
2340 1373
2946 485
2947 1374
2948 377
1063 440
1362 134
2949 1375
1575 1374
1575 43
2399 193
2399 44
2950 1376
1877 287
1877 1377
1877 256
1877 1378
1979 1379
2951 591
2607 544
2607 639
2607 1339
1658 966
1658 1082
1292 1380
1292 37
1231 153
1231 1381
1231 58
1231 547
1231 1382
1231 678
1231 1383
1231 1190
1231 1384
1231 1385
1231 185
1231 1386
2583 1387
2583 1388
2583 43
2952 1148
2952 1389
2952 1390
2953 1391
397 538
397 363
397 648
379 490
379 1392
379 1111
379 1393
379 1291
379 1394
379 1395
379 190
379 1190
2954 1396
2014 1397
1144 1398
300 1399
300 1400
729 735
729 1100
2955 961
1908 276
330 595
2107 51
2956 1158
2957 1401
2519 100
1505 304
1505 1402
1505 1403
2134 641
2146 225
1427 1404
1617 11
1617 1150
868 279
868 16
493 704
2958 118
750 152
750 1177
2959 198
2046 1405
2046 1406
2046 1407
2960 705
1678 1408
381 113
381 1260
381 640
381 450
381 1409
381 360
2961 1410
1267 1241
1267 1411
1267 1412
1267 43
2962 813
268 1413
268 1123
268 69
2573 716
2963 1215
2963 460
2963 332
90 1127
90 126
2964 163
2965 1414
292 496
292 1415
292 241
292 1416
292 1417
292 1418
292 1419
292 27
292 1420
20 19
2966 1165
2967 1245
2968 1039
892 63
892 361
892 1421
892 388
391 966
133 1422
133 558
133 194
453 1423
1154 35
1154 296
1154 1424
2582 1425
2582 1394
1605 173
2323 1426
1404 1427
1404 514
1404 1216
1404 1308
2969 1073
2970 1428
1054 1429
1054 1430
1054 677
1054 144
1054 532
2971 635
674 332
2972 1431
235 1432
235 1433
235 98
746 1434
2973 1435
2974 389
2975 393
2976 1436
718 1437
718 395
718 37
718 1076
718 271
718 477
718 1438
718 1070
718 635
718 1439
718 1440
718 467
718 1441
573 874
34 164
34 1442
2977 1443
2978 648
2979 67
2980 1444
1477 67
1477 1445
1510 192
1510 786
1263 176
640 35
640 45
640 37
640 406
640 207
640 609
640 0
640 1446
640 61
640 726
640 1131
640 498
640 174
640 381
713 1374
1238 1447
1238 565
1265 176
1265 1448
2981 1449
2982 896
128 1450
1899 1451
2983 1369
198 1091
198 967
198 1452
198 43
956 1453
956 42
790 625
790 1454
1301 1455
2984 359
1168 1456
1168 1457
2506 1323
1858 1458
2985 119
213 1459
213 963
213 742
568 725
2164 745
41 1460
41 1461
987 0
987 448
987 100
19 1462
19 100
19 20
19 1463
2986 1142
2987 147
229 1464
646 1465
646 1466
646 1467
646 1384
646 1468
254 1132
254 1469
254 1470
254 737
2988 939
2989 1471
1276 1472
1276 1473
2990 692
81 1474
81 388
421 1475
421 1454
421 286
2208 1231
1815 1476
1815 45
1815 1067
638 745
638 67
1445 1477
2991 1424
2992 1478
2129 291
2993 1479
2994 1480
2995 819
748 1481
748 234
748 1482
748 1483
2996 1484
622 606
1862 584
1862 0
1862 43
1862 1485
1862 1486
976 469
976 305
976 155
2606 1487
529 109
529 121
529 305
529 1488
529 1489
2997 469
2165 1490
2165 11
2165 1121
2165 1491
798 1492
798 1493
171 1494
2998 1495
2999 1480
1166 1496
1166 68
1166 7
1166 1497
1166 1291
1166 43
1166 895
1166 1165
1651 37
1651 67
1516 1184
570 1498
570 874
1535 1098
3000 267
2124 409
2124 1499
3001 153
3002 43
2158 745
28 636
28 534
28 510
60 126
60 309
1500 1500
1993 1083
3003 1501
3004 1210
1692 1363
3005 364
3006 1498
1075 667
1075 1502
3007 540
647 1466
647 1020
647 159
647 0
647 1503
647 43
647 1504
647 1038
1403 1505
1132 1506
1132 1325
23 1507
23 417
23 312
23 1508
23 68
192 496
192 1509
192 1003
192 286
192 1510
192 1136
192 150
192 271
192 121
192 175
192 163
192 1511
192 1512
192 194
192 1513
192 100
192 945
3008 1514
3008 1515
3008 659
2376 312
3009 1516
1927 1517
263 496
263 1518
263 1519
263 286
263 437
263 44
783 546
783 608
783 786
783 875
783 1520
783 1281
1705 1521
1705 517
3010 58
3011 1522
3012 208
3012 1523
3013 1524
3014 1525
3015 83
937 1526
741 1527
3016 115
540 286
540 751
540 428
2330 1328
3017 126
3018 51
3019 1289
1582 84
3020 213
3020 43
3021 1528
3022 94
1383 1231
1383 69
788 1529
788 1530
788 1531
788 1480
1438 1532
564 727
564 372
564 1533
1098 1534
1098 1535
1098 1536
1098 450
1098 82
1098 1378
1098 393
1098 1537
1686 1538
1562 304
1562 1539
3023 1498
3024 537
3024 786
3025 1540
3025 190
3025 1541
3026 267
49 1542
332 560
332 496
332 927
332 299
332 61
332 1543
332 1544
332 1545
332 1546
332 1323
332 1547
332 1548
332 1374
332 1549
332 436
332 39
332 1296
332 640
332 1550
332 1551
332 1552
332 286
332 1553
332 1554
332 1555
332 1556
1875 356
2482 71
3027 169
856 576
3028 1557
3029 94
1834 918
3030 1558
3031 420
400 1559
2083 1560
2344 1561
3032 894
3033 1562
238 141
1599 510
3034 745
3034 276
3035 1563
2041 58
772 734
772 1300
3036 291
2553 143
3037 296
2469 365
407 957
407 61
407 1564
407 75
407 1211
635 84
635 15
635 68
635 312
635 234
635 362
635 7
635 11
635 283
3038 537
2394 1477
174 521
174 655
3039 276
3040 1565
299 332
299 68
299 286
299 1099
299 362
299 1566
299 1567
299 1526
299 1568
299 943
299 896
299 10
299 325
299 1569
26 725
26 1570
26 1571
3041 786
3041 1572
993 0
993 1036
519 1573
519 1099
1544 1574
1544 1374
1544 1575
1544 1555
1544 332
553 1576
553 51
571 560
571 829
571 601
571 406
571 1577
571 625
571 1578
3042 1579
3042 1311
142 1367
142 1580
3043 201
3044 1581
3045 879
1835 918
1174 1582
1174 412
1174 1163
1174 803
3046 1166
3047 862
3047 291
1898 1583
1898 970
721 1584
2281 1585
54 1586
767 256
734 753
734 170
734 1587
734 1588
734 752
734 1589
734 1590
526 1591
526 121
526 1561
3048 652
1342 126
1342 1592
183 91
183 496
2174 58
965 1545
1649 1593
1649 372
1649 37
1649 165
2137 1561
498 42
498 745
498 179
498 150
498 0
498 640
498 423
498 1594
498 1595
102 1234
521 1525
521 1408
521 1596
521 88
521 1597
521 35
521 281
521 434
521 689
521 522
521 853
521 191
521 472
521 202
521 1116
521 1598
3049 1599
829 571
828 1449
828 1600
251 19
173 1601
173 1602
173 1495
173 42
173 234
173 722
173 71
173 1603
173 1604
173 1605
173 1606
173 1607
173 136
765 1608
1482 1483
841 71
841 404
841 163
11 304
1312 1609
1312 1610
1312 1291
319 1611
319 169
319 1612
319 1613
319 1614
319 608
319 1545
319 163
1948 361
1948 1164
3050 340
1457 1615
3051 709
1597 521
1597 1616
3052 1617
3052 1196
3053 1618
3054 635
1178 768
325 511
325 5
3055 1619
1558 1620
1558 789
1558 1085
1697 489
1697 1167
1697 1522
1697 524
1697 1137
1697 1367
1697 1050
3056 52
1600 945
3057 876
35 521
35 1288
35 596
35 1409
35 69
35 1621
35 58
35 394
35 862
35 1622
35 713
35 1623
35 1544
35 1303
35 1154
35 1206
35 1624
35 1625
3058 1626
3059 635
2007 517
1634 1627
1371 189
3060 347
3061 51
3062 1148
3062 1116
847 1628
3063 1424
1661 389
1661 752
1661 43
3064 1629
565 424
565 1134
565 126
565 1238
565 1114
565 29
565 394
565 1099
565 1555
565 1630
565 245
565 1631
565 1044
565 874
1529 1415
1176 260
935 340
935 1105
935 706
935 216
935 150
3065 343
3066 1544
1946 625
3067 1498
2603 1461
3068 1632
2108 1633
2196 64
1627 1634
236 118
236 267
236 98
3069 758
37 1635
37 1636
37 271
37 1637
37 1638
37 1639
37 1417
37 1640
37 1641
37 169
37 234
37 1642
37 1548
37 1643
37 1644
37 1645
37 1646
37 1527
37 1647
37 1648
37 1649
37 131
37 1650
37 785
37 1651
37 190
37 1652
37 1218
3070 1595
3071 939
2022 1402
3072 1341
3072 1653
3072 1654
3072 1381
3073 1655
3074 126
3075 1656
1199 1657
633 1658
633 115
2618 1659
3076 286
3077 711
3078 569
3079 3
3080 1660
752 143
752 193
752 1661
752 1662
752 1663
752 202
752 83
752 8
752 734
752 209
3081 364
191 521
191 1664
191 1471
191 620
191 1665
191 778
191 1307
191 670
191 1158
191 1116
191 1470
38 1666
38 379
38 1105
38 639
38 209
2531 215
3082 1667
3082 1668
1084 1669
2065 94
1670 1670
747 1671
747 267
2115 1621
2115 1672
3083 104
3083 57
2079 377
1201 1235
1201 985
2508 986
2508 1673
3084 1674
1992 1675
1418 292
2551 1308
2393 1167
3085 1006
567 874
2156 1676
3086 662
1408 521
1408 1677
1408 1678
1408 1679
1408 242
1408 1680
1408 1681
1171 1603
1171 1260
1171 1531
3087 132
424 364
424 1682
424 712
424 43
424 565
1703 51
1703 1600
274 258
274 1683
274 656
274 64
274 1684
274 194
274 1685
274 715
274 985
3088 1454
1538 1686
1538 1687
1538 416
2613 708
1340 939
3089 606
331 353
331 354
331 1544
331 1374
3090 1438
3091 1482
3092 96
3093 1686
3094 1688
3094 1689
3094 35
3094 1690
3094 347
3094 27
3095 1472
3096 1691
1363 1692
1363 1693
1363 1638
1363 1694
1363 1104
355 1695
355 959
355 1696
1050 1697
1050 202
1050 1498
1942 357
1942 1698
2347 1699
2347 520
2347 786
1532 1438
3097 289
3098 1700
3098 1701
3099 804
1790 786
1720 1702
1720 1703
1720 1704
1720 1424
3100 1511
1641 632
1521 1705
2224 912
119 1514
2349 921
3101 717
261 0
261 1706
261 1034
3102 1707
3102 1708
150 1709
150 344
150 192
150 935
3103 485
687 125
687 456
1203 1656
1203 286
3104 10
108 548
108 1710
2377 307
2377 312
3105 581
1844 638
3106 1711
1085 225
1085 51
2306 1712
1958 1713
1474 1714
1474 81
2339 1148
2339 1629
2339 121
2339 1715
2318 1716
791 1717
3107 340
865 699
537 1310
537 27
537 1312
537 1718
537 1140
1827 1719
1827 804
1827 525
1827 421
1704 1720
1694 1721
1694 1722
3108 525
2154 583
3109 1723
3109 163
2295 241
3110 1701
3111 1724
107 106
943 1310
2422 1725
1931 1726
1931 1727
3112 126
3113 561
1691 1728
1691 511
1691 1729
2287 68
3114 118
278 689
3115 432
3115 1730
3116 707
3117 13
2514 894
1417 800
1417 37
1417 589
1417 1731
1417 1732
1417 524
1417 1733
1417 1734
1417 1623
1417 111
1417 359
1417 398
917 1095
917 132
1413 1735
1413 1736
2447 1737
2447 1682
1547 332
398 1738
398 57
398 769
398 284
398 1739
398 524
398 1733
398 1417
398 1740
398 1741
398 363
398 393
398 709
398 1742
1217 1743
1922 1744
1555 1544
2077 1745
2077 1746
1986 454
598 1116
508 673
508 1747
508 1748
3118 284
3119 1335
3120 57
3121 1749
3122 126
1077 83
1077 1750
1522 541
1522 209
3123 1751
1048 185
1048 31
3124 363
678 1231
167 1129
167 1752
1213 496
3125 786
1034 0
1034 1753
1034 1206
1034 1024
1034 1
10 352
10 299
10 1754
1036 0
1036 1012
1036 993
2089 1184
2089 1538
3126 659
2315 1755
2315 68
368 1756
409 1757
631 389
631 1758
631 1759
631 1760
2379 1761
3127 1762
3128 1763
690 364
1215 467
823 1167
823 1764
823 639
1148 521
1148 892
1148 1121
1148 1765
1148 656
1148 191
1148 1766
1148 1767
1148 474
1148 168
1148 141
1148 1155
693 780
693 1768
3129 1769
609 735
609 1770
289 1771
289 1772
289 1773
289 58
289 1774
289 245
289 557
2218 769
2218 1775
2218 332
1734 1776
3130 1435
981 822
3131 1777
2559 786
2043 543
2043 1778
1297 575
1297 1779
1297 1780
3132 1781
451 1782
451 1466
451 1783
3133 1311
3134 1784
3135 1210
1020 0
1020 1414
3136 1785
1690 1786
1690 1787
396 363
1070 118
1070 340
1070 1788
1070 7
1042 1409
3137 584
1487 1789
977 822
977 1790
977 1180
977 209
1601 745
1601 312
1601 279
1601 177
1601 1791
1601 1792
1601 1793
615 996
615 830
615 1794
615 115
427 1795
127 1530
127 111
3138 617
3139 630
3139 43
1488 529
1384 1231
1384 547
1384 869
450 1796
450 120
450 1797
450 309
450 625
450 1536
1207 37
1207 1798
1207 98
1207 1244
1207 1799
1207 1800
1207 984
2463 1099
1053 1801
1053 15
1053 1802
1053 62
1053 648
469 1803
469 1215
469 1495
469 1804
469 3
469 257
469 1211
469 1805
469 159
469 1806
469 245
469 1154
469 1334
469 359
469 1380
469 1347
560 1236
560 1807
560 332
560 1808
560 571
560 239
775 89
775 1417
166 1725
166 699
166 1809
166 1810
166 1811
166 472
166 1129
3140 1464
3141 1812
3142 1406
78 1328
78 1194
3143 1813
3143 1814
45 228
45 1815
45 1302
45 0
45 640
45 46
45 1816
45 1817
1904 939
3144 870
1060 1818
1434 746
2560 786
2560 1819
2560 1820
3145 279
3145 119
2204 281
3146 1821
2213 89
2213 338
866 520
866 443
641 1822
641 499
3147 1409
3148 1823
3149 1824
1646 37
3150 271
531 1825
531 121
531 1826
754 1827
197 1828
197 67
197 504
197 1120
197 472
197 1829
1141 1830
1141 1213
1141 1218
3151 446
3152 1831
3153 864
3154 1832
3155 1833
3156 1741
918 1834
918 1835
918 174
918 57
1071 304
2073 1236
2073 62
3157 1836
3157 1837
335 1838
335 1839
1999 1693
3158 589
871 1840
871 869
2595 242
2140 1841
3159 1842
1378 284
945 1260
945 1600
945 1296
945 870
945 1843
945 192
945 422
3160 1844
3161 560
3162 6
3163 1105
784 43
353 903
353 331
353 796
353 332
353 959
353 1845
353 1699
353 9
353 1846
353 1589
353 589
787 1847
3164 19
3165 1848
3166 1457
542 584
1464 229
2441 338
3167 1849
1140 1850
1140 1547
1140 1851
3168 1446
334 14
3169 267
212 1852
3170 281
2100 184
2100 621
666 634
2113 1269
3171 685
204 1512
204 13
1679 843
1679 1679
3172 405
3173 1853
1765 271
2061 1854
2061 44
2061 67
2061 51
3174 608
1767 1148
1767 301
2062 94
2039 359
2039 450
1351 709
1666 1855
1666 68
1666 38
3175 1856
1458 47
1458 1857
1458 1858
33 164
33 261
3176 1859
43 1860
43 215
43 631
43 277
43 1861
43 1024
43 67
43 1862
43 234
43 1863
43 192
43 209
43 1864
43 1865
43 1171
43 1866
43 1867
43 527
43 1868
43 37
43 895
43 376
43 1269
43 198
43 1166
43 1869
43 786
43 118
43 27
43 1870
43 1687
851 1871
3177 301
1586 1257
1248 202
3178 286
1556 61
1556 332
839 1734
839 1872
3179 564
1299 1873
3180 129
3181 1874
3182 1215
356 1875
356 1876
3183 1877
3184 450
3185 267
715 359
715 903
715 1551
715 1671
715 7
2373 44
3186 1878
520 866
520 1879
3187 1880
2557 786
3188 5
382 1689
3189 126
3190 418
3190 286
3191 1582
3192 7
1264 710
1528 100
653 584
3193 356
1212 864
2611 1881
2611 1882
744 1883
744 1561
744 314
744 118
744 1884
744 192
744 43
3194 117
3195 1885
2569 1202
3196 1423
2361 1473
781 1062
3197 242
3198 276
3198 550
3198 412
290 544
290 557
290 163
1495 1231
1495 589
1495 340
1495 1886
1495 1203
1495 173
1495 1887
1495 1176
3199 385
505 505
2522 15
2522 1888
3200 1889
2620 1890
2561 786
1846 353
1058 738
3201 43
1677 1891
1677 328
1677 581
1969 1121
3202 267
1431 1242
1431 15
1431 608
1431 984
3203 1892
1006 1893
1007 0
843 901
843 1894
843 43
1604 1895
3204 1115
1923 395
1923 1896
1923 1531
3205 1897
3206 1583
3206 1212
3206 1898
2080 377
2080 67
3207 67
587 633
1451 1899
2180 1900
2442 284
1118 1603
1118 1414
1118 1901
1118 1902
3208 268
1343 267
1151 1670
1151 432
1151 125
1151 37
3209 708
818 225
818 1903
818 1605
3210 545
2378 118
2378 163
2378 312
3211 1904
831 1253
831 1905
831 432
831 1906
831 271
831 233
831 163
831 973
831 75
3212 1907
2271 362
276 1399
276 1349
276 1894
276 5
276 1892
276 1751
276 1201
276 912
276 51
276 199
276 1908
276 174
276 640
276 192
276 62
276 11
276 43
276 558
276 393
276 8
276 194
233 584
233 316
233 1201
233 1909
233 1910
233 1328
2133 1911
3213 1912
3213 1913
3214 267
1087 1914
1087 1915
3215 0
3216 238
3217 1916
3218 1203
1135 1917
2253 1571
844 1918
3219 1919
3219 202
3219 68
160 32
160 1082
160 162
40 438
40 1920
3220 159
2396 1921
1744 1922
1744 15
1744 407
833 481
3221 747
2386 1191
1896 1923
2068 771
3222 701
951 1924
275 393
1644 1423
1644 37
3223 297
2277 1925
2277 834
136 1726
136 1926
136 173
1517 1560
1517 1927
1517 296
1517 592
1517 1928
47 3
47 1416
1391 589
1787 1690
3224 740
1366 47
1366 708
3225 1106
3226 1242
1884 744
1884 1929
1884 32
1086 1009
202 597
202 37
202 1926
202 1930
202 1636
202 61
202 752
202 786
202 1931
202 295
202 305
1470 152
1470 1932
1470 1933
480 257
480 1209
480 813
1188 575
1188 1934
911 332
699 1634
699 1935
3227 785
3228 1936
2114 1788
3229 939
3230 1937
2155 1889
3231 379
1664 191
1664 1470
3232 12
3232 115
1539 1938
1616 281
1616 1939
1616 1597
3233 407
2428 1940
1698 1941
1698 1942
1533 564
591 809
625 1242
625 1943
625 450
625 1944
625 1945
625 1946
2197 35
2197 596
2457 194
1002 0
1002 973
1002 469
2346 1947
1906 831
3234 627
978 617
1164 1948
1164 1480
1164 193
1164 1949
1164 1950
1164 1951
1164 1952
3235 571
3235 179
3236 608
3236 1953
3237 853
2157 1954
2157 1955
2157 291
2157 1956
2157 165
2157 174
2157 945
2601 1957
1713 1958
1668 1667
444 1959
444 267
221 1106
221 1129
1792 744
1792 1960
1792 1961
1792 1962
1792 1963
3238 1964
759 1965
759 511
759 1691
759 1493
1004 1966
1004 1006
1004 0
1004 1967
1004 953
1004 323
3239 1103
1159 1968
3240 567
1028 1969
1028 1248
1029 0
1029 152
85 153
85 163
296 1156
296 1970
296 304
296 1772
296 1296
296 288
296 1971
296 287
296 1972
296 1973
556 975
556 1974
556 921
556 1497
3241 1163
15 84
15 1744
15 1184
15 51
15 1975
15 635
15 1053
15 209
3242 632
3243 434
3243 1530
2335 156
586 1976
586 548
586 968
586 1977
477 71
3244 360
3245 1978
2516 1553
2516 1979
2421 1980
2421 376
2421 299
2421 602
2421 1981
2421 1982
2421 1690
2421 611
1361 1983
1938 11
1145 125
1145 1984
3246 286
2087 1985
2087 159
2087 1444
2087 1986
2087 454
2087 1987
2170 1988
3247 1234
3248 1667
2608 1989
2608 386
98 236
98 755
98 1990
98 267
98 3
98 809
98 1991
3249 281
3250 1992
1959 444
1079 1993
1079 44
2284 632
209 977
209 903
209 1522
209 15
209 1137
209 1994
209 38
209 1995
209 1996
405 922
489 1697
3251 1231
3252 1997
1693 1998
1693 1999
155 1310
155 928
155 2000
3253 677
491 1381
491 163
491 2001
491 2002
491 190
491 2003
3254 2004
3255 361
3255 596
419 903
419 836
419 805
419 329
419 2005
419 569
419 2006
419 2007
3256 2008
3256 2009
3257 1809
1162 2010
2390 2011
2390 1910
3258 2012
3259 377
1397 2013
1397 549
1397 2014
1397 1954
1397 271
3260 19
3261 1555
3262 2015
503 522
504 2016
504 197
504 1382
504 104
504 2017
504 522
1287 2018
1232 185
1232 1098
1232 838
3263 520
2575 2019
2575 761
2575 907
2511 2020
2511 51
2511 2021
1402 939
1402 2022
3264 129
3265 2023
2024 2024
2024 1768
3266 0
3266 786
3266 2025
3267 1555
3268 1394
3268 180
3268 393
485 2026
485 2027
485 435
3269 245
577 2028
359 496
359 2029
359 2030
359 2031
359 1291
359 715
359 745
359 2032
359 1417
359 2033
359 2034
359 2035
359 2036
359 1216
359 2012
359 263
359 274
359 51
359 2037
359 2038
359 2039
359 238
359 2040
359 2041
359 460
359 2042
359 1230
359 469
1367 811
1367 1697
1367 142
1367 1050
1367 159
3270 279
2070 771
2205 1381
1778 2043
1778 771
447 802
447 587
447 1565
2381 225
3271 409
3272 622
3272 606
1284 2044
1284 548
1284 192
1284 1729
1284 376
2151 204
2151 34
3273 284
1405 2045
1405 2046
1405 552
226 1106
3274 37
1080 1380
1080 1181
240 1538
240 51
240 583
240 1303
1856 2047
2556 183
538 530
538 397
538 842
3275 125
1184 15
1184 913
484 2048
484 2049
484 2050
484 1143
3276 1558
2578 432
3277 669
3277 2051
2461 194
561 761
3278 234
3279 2052
1872 2053
1872 2054
179 1901
179 125
179 2030
179 2055
179 260
179 523
179 498
179 1943
179 2056
179 755
179 2057
179 2058
179 630
3280 2059
342 409
1502 1075
1502 2060
1502 194
3281 329
3281 210
3281 119
3281 272
3281 2061
3282 709
3283 656
1955 1082
1630 565
1271 50
94 879
94 2062
94 126
94 44
94 2063
94 2064
94 2065
1229 1452
93 2066
93 89
545 1200
406 571
406 340
406 286
406 2067
406 640
3284 584
3284 2068
3284 1667
3284 2069
3284 2070
3285 2071
3285 502
3286 2072
3286 321
1359 481
3287 1578
3288 2073
3288 1444
3289 495
702 2074
702 2075
702 1230
702 1648
702 2076
702 495
1746 2077
152 1753
152 154
152 970
152 156
152 539
152 1024
152 1281
152 425
152 1390
152 163
152 32
152 1154
152 1933
152 835
152 541
154 152
2612 708
601 262
882 2078
377 2079
377 2080
377 1067
377 985
2448 32
2448 1289
2448 434
2448 1454
1757 409
975 722
3290 291
1014 0
1014 880
423 1020
423 1690
423 569
423 1258
423 2081
423 498
423 2082
1560 2083
1407 37
2576 907
2576 891
3291 870
1910 267
1910 1366
3292 1317
3293 1526
3294 1362
3295 1129
3296 1202
2191 386
835 152
835 156
835 163
1669 207
1669 504
1669 412
1669 174
910 68
1252 1387
220 1106
220 786
1541 785
1541 2076
256 14
256 361
256 1485
256 767
256 1877
717 2084
717 2085
3297 2086
3298 313
3299 695
454 286
454 7
454 393
454 2087
454 1986
454 91
454 2088
454 456
1687 43
1687 2089
1687 1538
1935 699
1156 296
294 2090
294 2004
294 2091
294 589
294 75
3300 706
3301 51
3302 192
3303 611
3304 111
2525 2092
2525 786
3305 677
3306 2093
3307 279
181 2094
3308 665
3308 2095
1640 37
3309 0
1210 2096
1210 2097
1236 2098
2296 510
3310 806
320 142
1194 78
1881 735
1881 609
1881 1902
3311 291
858 399
1286 953
455 2099
455 457
455 34
2145 431
184 2100
184 2101
184 984
184 2102
3312 836
3312 2103
3313 748
188 193
248 367
2016 504
2016 854
2016 2104
2016 1851
3314 2105
3315 1601
3315 39
51 836
51 749
51 2106
51 870
51 1043
51 2107
51 202
51 814
51 1210
51 115
811 496
811 2108
811 656
811 548
811 43
811 2109
1448 597
1448 1265
869 399
869 279
869 51
869 16
1147 118
1147 44
3316 2110
3316 1753
952 640
952 286
3317 296
3317 712
845 1136
845 1628
883 2078
1068 2111
1269 1412
1269 286
1269 350
1269 2112
1269 43
1269 2113
3318 2114
1672 2115
1672 2116
1672 388
1672 689
1672 2117
1672 2118
785 432
785 37
785 156
785 14
785 51
785 2119
785 1070
785 2120
785 2121
3319 2122
1196 284
1196 595
1196 762
1196 2123
3320 57
1385 225
1385 805
3321 82
1638 1363
1638 2124
985 377
985 617
985 215
985 274
985 2125
985 1335
53 2050
53 1092
53 2126
53 1696
3322 527
3322 2127
336 243
336 1493
273 669
273 2128
273 2129
1250 2130
109 1364
109 134
109 2131
109 1991
109 2132
109 529
109 1631
853 521
1840 774
3323 2133
2548 2134
2548 1819
3324 37
3324 2135
3325 1835
3325 173
1971 296
2036 359
1643 37
1952 1076
2458 2136
315 2137
3326 1889
3327 1486
3328 2138
3329 99
3330 2139
2552 1901
3331 51
1841 2140
222 1774
222 1106
2217 769
2405 1690
3332 126
2037 359
530 289
530 242
530 2141
1399 276
1399 1039
2592 2142
3333 1133
3334 1732
3334 2143
3335 1634
764 1717
361 504
361 2144
361 575
361 163
361 256
361 450
361 2110
361 2145
361 196
361 2146
953 1311
953 2147
953 1004
953 1286
1696 959
2300 492
2300 1868
2300 2148
2300 271
501 432
501 2149
3336 1099
3337 163
2397 193
2397 800
2397 318
2397 98
2397 271
2186 416
3338 499
208 836
208 2150
208 1892
208 912
208 2151
208 1512
2067 406
1565 447
3339 1517
3340 1854
403 898
727 1293
1331 2152
583 2153
583 2154
583 2155
583 2148
583 240
1631 2156
1631 326
1954 2157
1954 1397
745 1601
745 1114
745 296
745 2158
745 1881
745 638
745 2159
745 2160
745 2161
745 359
745 2162
745 2163
745 1540
745 660
745 498
745 2164
3341 939
3341 82
3341 1536
3341 891
3342 1571
1278 59
2474 675
2474 273
343 14
1490 2165
2034 1158
2034 1260
2259 2166
2259 929
2259 818
1246 546
1663 589
3343 2167
3343 2168
3344 523
938 2169
860 79
1988 2170
1988 1586
1988 866
260 2171
260 2172
58 1231
58 2173
58 2174
58 27
58 2175
58 2176
906 246
906 2177
1296 1380
1296 43
3345 2178
1520 51
1520 1099
1520 783
492 2179
82 271
1900 251
1900 2180
3346 2004
3346 2181
2446 1298
2362 1473
2567 286
3347 225
1354 383
878 2182
1963 2183
2058 179
2325 1075
2325 2184
2325 118
2325 1993
2325 2185
2325 1318
2325 2186
2325 416
2325 2187
2400 193
2400 771
3348 939
1155 2188
2549 2189
555 2190
1325 43
1325 115
1636 202
215 1288
215 1807
215 496
215 976
215 2191
215 43
1428 836
1428 2192
2275 274
2275 399
2275 957
3349 134
1493 759
1493 798
1493 57
1493 2193
1493 2194
1493 2195
1493 281
1493 899
64 274
64 126
64 2196
1956 2197
3350 246
2123 1520
3351 126
1065 1062
814 2198
814 51
814 876
1256 2199
1256 332
3352 1009
476 859
3353 284
2322 2200
3354 2201
161 2202
161 1120
161 2203
1598 2204
1598 521
3355 2205
1895 1606
1741 2206
1741 1349
1741 150
3356 560
1192 687
1192 804
2252 2207
1324 1618
1259 1107
3357 2208
1619 2168
899 2209
899 1493
1756 620
3358 327
1695 176
1695 1613
1300 1422
3359 2210
3360 291
1211 1744
1211 1751
838 299
838 775
838 1232
838 420
838 163
1633 2108
89 2211
89 126
89 93
89 2212
89 2213
89 94
89 2214
932 216
3361 352
2215 2215
282 2216
282 44
282 234
2402 12
816 707
1347 267
1347 469
1730 118
3362 38
769 2217
769 2218
769 2219
769 530
769 398
769 704
769 397
1818 283
3363 2220
3364 202
3364 1497
3364 1561
2228 541
1766 1148
3365 508
617 2221
617 299
617 294
617 978
617 1335
617 2222
617 559
617 985
912 2223
912 2224
912 276
912 208
912 163
1436 726
3366 407
3367 633
2462 2225
2462 2226
1390 152
1390 967
550 2227
1850 2052
1850 1140
541 2228
541 2229
1134 384
1134 565
3368 91
1868 2230
1868 43
1868 2231
1868 2000
3369 1842
3370 2232
2491 662
2550 2233
893 2234
462 3
462 1726
2331 299
2331 316
3371 2235
2359 2236
206 749
206 2237
3372 192
339 339
3373 2238
3374 648
2403 196
962 2239
3375 286
357 2240
357 305
357 2241
2237 206
927 673
927 1644
2366 111
2366 1142
3376 361
249 359
249 2242
249 1583
249 1404
1069 1667
3377 2243
3378 11
2168 1619
1442 279
3379 1849
2395 25
2395 1921
2395 913
1242 625
1242 2244
1242 2245
1242 267
1114 156
1114 2246
1114 100
1114 565
1932 1470
3380 1774
3381 1441
1863 176
1863 43
509 2247
1282 1561
1013 0
3382 2248
3382 2249
2387 880
2132 118
2132 109
2132 491
2132 2131
120 454
120 1105
3383 1409
2524 1888
1866 43
1866 404
1866 291
3384 258
1769 2250
3385 585
1333 277
1333 163
1523 163
3386 1929
1594 1540
1594 498
3387 163
3388 361
3389 2251
597 2252
597 68
597 118
597 1116
597 1448
597 243
597 2253
597 0
597 297
597 41
597 265
597 202
597 25
1836 2038
1836 608
3390 13
2060 1502
118 496
118 1730
118 353
118 61
118 2254
118 2255
118 43
118 1545
118 2256
118 68
118 312
118 1881
118 984
118 557
118 42
118 871
118 548
118 1070
118 1118
118 8
118 2257
118 1157
118 286
118 2258
118 673
118 338
118 923
118 2120
1179 768
1179 152
1553 115
3391 163
2202 808
3392 2192
2580 482
1913 1912
929 2259
1019 0
966 1658
966 67
966 1768
966 332
966 692
966 391
966 2260
966 1909
966 2261
966 2262
966 2263
966 118
966 2264
966 160
966 1545
966 1019
966 2265
966 1082
966 2266
966 694
658 431
658 58
658 701
658 1675
658 970
1747 2267
1747 508
1747 2268
2231 961
2231 1868
2231 962
1492 2269
3393 875
372 537
372 1312
372 2270
372 1649
372 874
3394 1402
3395 608
944 2106
415 286
2126 53
2256 1082
3396 1381
3397 1857
1860 43
1860 1531
362 2271
362 2272
362 2273
362 1607
756 2274
2546 970
3398 275
3398 2275
2605 1008
266 2276
3399 111
3400 2277
2230 720
2472 271
3401 132
3402 1251
3403 6
1294 476
649 2278
950 2279
3404 1531
1345 502
2159 2280
2424 43
2232 1472
2302 7
3405 783
3406 2122
3407 1180
1585 2281
3408 520
3408 121
3409 274
3409 943
414 291
414 71
578 919
1307 401
1307 799
506 34
3410 1520
2454 194
1411 1267
886 1255
701 658
701 1793
1104 1551
916 1944
3411 1848
3412 582
824 2282
3413 628
3414 60
632 2283
632 2284
3415 2285
2201 2201
2032 1807
3416 2286
3416 51
1825 531
2035 359
2035 1913
417 2287
417 286
3417 456
2476 645
3418 206
1149 125
3419 1163
3420 282
1786 1690
1110 786
1110 1003
105 2288
1629 2289
3421 2290
3421 1062
2147 2291
3422 37
861 1103
141 238
141 1148
141 2292
141 423
141 1085
141 194
2211 311
3423 513
3423 2293
241 2294
241 496
241 1466
241 2295
241 1303
241 897
241 241
241 292
241 163
241 113
241 194
1137 1697
1137 806
1137 209
510 1599
510 2296
510 61
510 28
510 332
510 496
510 301
510 2297
510 2298
510 1076
510 540
510 431
510 163
510 658
510 2299
510 2300
3424 1184
1854 519
1801 1053
3425 2301
2455 194
7 1211
7 576
7 169
7 2302
7 523
7 2303
7 2304
7 352
7 1070
7 1177
7 2305
7 571
7 126
7 1335
7 11
7 715
7 194
523 126
6 234
1712 2306
1712 783
2391 1167
2255 118
3426 11
3427 2307
3427 2308
474 1148
2027 485
2183 1963
323 1004
1726 2309
1726 2310
69 2311
69 2312
69 376
69 268
69 2313
69 805
69 35
69 1070
69 1044
69 126
69 2120
69 572
3428 2281
2493 2314
1382 504
1382 123
1563 1154
1170 1811
3429 1082
656 669
656 274
656 2315
656 811
656 2310
656 202
237 2203
934 216
2357 1180
1624 746
1373 2316
2466 2317
1716 2318
637 633
637 67
2044 2319
3430 2320
3431 2321
2200 2322
3432 175
1111 1003
1426 2323
643 640
643 192
643 2324
416 2325
416 392
1258 2081
1258 875
662 914
662 2326
3433 425
3434 1462
2210 435
446 802
909 68
1710 108
797 2327
2518 6
2518 496
682 1380
682 420
682 170
793 1511
3435 57
2382 2328
3436 745
1338 1311
513 752
513 2329
2407 196
2419 689
2419 621
3437 2330
3438 179
3438 407
3439 34
2513 1289
316 1724
316 743
316 2331
316 2332
316 2267
316 582
316 1083
316 2333
316 233
316 2334
2017 504
3440 1232
2473 271
2229 152
2229 1102
1102 1071
122 1671
122 880
3441 558
566 1462
12 352
12 297
12 1064
12 877
1803 215
1803 2335
3442 587
169 2336
169 170
169 364
169 746
169 1877
169 1470
1489 529
3443 109
1205 1277
1205 2337
288 296
288 332
288 2338
3444 2339
3445 1155
1793 332
2621 289
2621 1601
2316 2340
1401 62
605 460
1607 1328
1607 1077
1607 362
2187 2341
2187 448
131 37
131 983
1181 2342
1181 1080
1181 1812
1561 526
1561 2343
1561 249
1561 2344
1561 1282
1561 2345
1561 1042
1947 2346
1947 1531
3446 43
243 1303
243 1151
243 336
243 332
980 653
3447 2347
3448 1325
3448 115
207 640
921 2348
921 1537
921 705
921 2349
265 621
2432 913
2432 331
2432 1667
2432 639
295 2350
295 202
295 157
295 517
1139 806
115 1497
115 1305
1091 202
1960 631
1163 2010
988 0
3449 115
1483 748
3450 151
225 286
225 2351
225 2352
225 2146
225 1385
225 1106
225 1085
2223 836
2223 912
3451 906
2435 1917
272 853
819 1414
3452 43
2420 581
2420 2353
2420 2354
3453 2355
1708 340
610 1784
610 2356
1180 768
1180 405
1180 2357
3454 1296
3455 839
2437 2358
864 407
153 32
153 722
153 305
153 115
103 915
3456 326
2120 118
2120 785
157 295
1150 125
3457 1988
3458 640
3459 1498
2236 2359
1997 1211
2207 869
3460 1571
3461 2360
1473 1405
1473 267
1473 279
1473 2361
1473 2362
1531 1171
1531 2363
1531 1860
1531 515
1531 788
1531 2364
1531 1923
1531 742
3462 1397
3463 504
1857 353
1857 2365
1857 2011
1857 710
1142 1163
1142 2366
1142 51
1142 1083
1142 2367
1142 2368
1142 469
2286 51
1191 2369
1191 804
1191 286
3464 299
3465 2370
3466 2240
2088 1037
2088 416
1735 359
1735 1413
2485 569
3467 428
3468 624
728 1079
949 1894
3469 1131
3469 115
3470 2371
44 438
44 2372
44 520
44 68
44 42
44 1260
44 61
44 342
44 1868
44 2373
44 299
44 32
44 715
44 619
3471 1958
3471 1713
411 833
411 286
3472 279
3473 111
312 95
312 1066
312 759
312 68
312 338
312 242
312 234
312 2374
312 2375
312 1286
312 2376
312 2377
312 432
312 436
312 2327
312 1601
312 286
312 118
312 673
312 2378
312 434
312 635
559 2352
559 617
3474 407
3475 174
445 205
445 525
1761 2379
2227 550
2227 1584
919 578
1358 2380
3476 1965
2270 372
1648 1233
1648 2381
1648 702
1648 1052
2614 471
2328 2382
525 903
525 1136
3477 718
584 442
584 233
584 2383
584 979
584 280
2280 2159
3478 2384
3479 581
3480 267
1032 0
338 14
338 286
338 312
338 341
338 1843
338 843
338 2385
880 2386
880 677
880 2387
430 2388
1736 1413
1041 2389
1041 1104
1041 726
3481 286
3482 2311
3483 2390
70 126
3484 805
1637 37
1167 2391
1167 399
1167 2189
1167 2392
1167 2393
3485 856
1040 2389
1040 1296
3486 340
832 32
832 832
832 163
1921 1711
1921 623
1921 2394
1921 2395
1921 2396
527 43
193 816
193 2397
193 2398
193 188
193 895
193 169
193 286
193 2399
193 693
193 51
193 1982
193 752
193 1976
193 2400
193 633
193 1552
193 1164
193 2401
193 1980
193 2402
193 238
234 969
234 138
234 589
234 312
234 284
234 805
234 51
234 1379
234 635
234 27
3487 68
3488 2403
3489 32
3489 98
3489 133
3489 2284
3490 342
2375 2404
2375 1543
875 2182
270 268
3491 2405
196 2406
196 2407
196 2408
196 2409
196 370
196 2410
196 373
196 2411
196 90
196 1000
196 2412
196 2413
196 96
196 2414
196 2415
196 448
196 2416
196 361
196 2403
196 2417
1216 1378
1828 922
1652 461
1652 163
621 2418
621 2100
621 1891
621 9
621 265
264 2327
264 302
3492 1531
624 1972
624 1124
689 521
689 2419
689 278
689 286
689 1672
689 2058
1107 1259
512 2329
512 1349
611 2420
611 14
611 2421
611 1982
1101 525
1725 2422
1725 166
1725 2330
3493 420
2498 922
2498 639
1083 597
1083 1990
1083 316
1083 800
1083 2423
1083 1595
88 1492
88 903
88 126
1674 558
3494 2189
3495 432
2258 1147
3496 2424
948 144
948 2425
2239 962
1320 436
3497 373
3498 746
3499 0
3499 640
963 213
963 2426
963 1572
62 126
62 1945
62 2427
62 1306
62 985
62 1053
62 1441
3500 258
3501 1067
3502 1099
1314 151
1940 2428
1940 2429
1206 35
1206 1034
696 986
696 2430
2564 786
3503 612
665 2431
639 2432
639 405
639 539
2105 1238
2343 2343
2343 2433
2343 1561
252 737
2599 2434
1642 37
3504 2090
1917 384
1917 2435
1917 1135
3505 2436
3505 37
3505 373
1052 311
17 1735
17 1462
628 389
2047 340
2047 1556
2047 332
1081 210
3506 361
500 1711
371 2090
2059 120
2358 2437
904 635
904 68
904 904
904 834
3507 2438
425 152
3508 569
3508 2439
3509 1251
124 0
3510 2440
712 751
3511 1667
1689 382
129 2441
129 111
3512 1048
1987 2087
3513 2442
3514 0
799 1307
2541 2443
2541 377
2609 386
1260 176
1260 44
1260 2034
3515 2444
2254 118
2254 496
2254 2445
3516 834
3517 1106
3518 2176
1208 448
2030 359
2030 455
1131 1262
3519 1649
298 385
2048 484
3520 111
1298 2446
1737 2447
1289 2418
1289 2448
439 125
439 257
439 1506
439 2449
439 2450
439 2451
777 2452
777 2453
194 1375
194 2454
194 2455
194 1616
194 2456
194 44
194 1495
194 2457
194 2458
194 338
194 755
194 7
194 192
194 594
194 2145
194 2277
194 75
194 398
194 711
194 2459
194 0
194 422
194 2442
194 141
194 384
194 2179
194 286
194 175
194 144
194 2460
194 2461
194 241
194 434
194 121
194 621
194 1035
194 11
2225 1197
2225 2462
1059 1260
1352 1142
3521 8
1939 1616
3522 1848
3522 395
3522 100
3522 132
3523 1485
3524 1413
1099 299
1099 562
1099 2463
1099 1520
3525 2122
1845 959
998 0
3526 441
467 1215
1610 1312
3527 1091
3527 1228
3528 2157
3529 299
1277 1205
1277 946
340 332
340 286
340 2047
340 2464
340 406
340 312
340 2213
340 2465
3530 923
3530 1576
3530 1728
3530 1791
2317 2466
1491 2165
2128 291
855 2467
855 1158
855 2249
387 543
854 2468
854 81
854 2016
137 1262
137 2469
137 132
137 2470
1509 669
1509 836
1509 2471
1509 207
1509 412
1509 192
1509 202
1509 174
271 1558
271 37
271 2472
271 332
271 1201
271 39
271 267
271 1076
271 1536
271 831
271 192
271 2473
271 82
271 271
271 2300
271 194
304 11
2453 777
2453 1471
291 862
87 126
675 749
675 2474
61 117
61 2475
61 239
61 332
61 792
920 705
645 2476
1843 35
1843 338
3531 1339
3532 1097
3533 2477
517 1705
165 2157
442 584
442 2478
442 1679
442 2479
442 843
442 2223
442 2480
358 2481
71 496
71 125
71 523
71 14
71 2482
71 173
71 118
71 786
71 2483
1122 2484
3534 129
3535 1891
569 222
569 2485
569 419
569 2486
569 725
569 2487
569 2488
569 1973
1977 284
1977 586
431 1253
431 1976
431 2145
431 510
801 2489
3536 2490
3536 2491
2026 485
2125 985
3537 69
711 622
711 286
711 194
2243 749
2243 1808
3538 2492
2314 221
2314 2493
3539 2494
3540 642
3540 2476
367 677
367 248
367 1777
3541 2495
3542 903
1606 173
2004 294
3543 432
1165 1166
1386 1231
1386 319
2470 1006
600 460
354 331
3544 2496
341 338
3545 2497
837 163
144 194
1368 1108
922 1828
922 405
922 2498
922 852
3546 875
3546 1281
923 477
923 281
923 126
923 86
3547 225
3548 1942
2543 836
2543 273
779 55
779 384
779 694
3549 705
1056 533
3550 609
1525 521
1525 2499
3551 84
710 104
710 1264
710 2500
710 62
1415 1529
1415 2501
1415 292
1319 753
1613 927
1613 2502
1613 1695
1613 2503
1613 319
726 1436
726 640
726 628
726 343
3552 2504
1982 2505
1323 2506
1929 138
1929 2507
3553 68
1758 631
2261 1082
2261 2157
135 590
135 2508
135 2509
3554 2510
3555 1163
2098 1236
2020 2511
3556 1048
2345 35
2345 2512
3557 118
3558 2513
374 1891
374 190
374 363
374 785
374 614
3559 2514
1072 834
3560 2515
3561 1706
63 892
63 1231
63 782
3562 2516
1360 1983
1870 527
3563 395
3563 1242
496 332
496 420
496 2517
496 118
496 2518
496 2460
496 263
496 2519
496 2520
496 71
496 2521
496 183
496 2254
496 114
496 510
496 359
496 3
496 651
496 292
496 1595
3564 1829
3564 582
3565 1199
3566 332
1888 1003
1888 2522
1888 2523
1888 161
1888 1857
1888 2524
1918 844
1918 469
2092 2525
1275 117
3567 939
3568 155
1721 1694
1721 2520
558 1726
558 279
558 133
558 68
558 115
2465 156
2465 340
2465 192
2465 0
3569 2526
2075 1153
2075 383
257 469
3570 2527
3571 1130
1739 398
200 669
200 278
200 912
200 163
200 2528
200 1512
3572 708
872 284
2160 745
1727 1931
2602 2471
661 0
661 1885
1143 2529
1143 198
1143 484
669 202
669 918
1055 2530
859 2531
859 2532
3573 2533
3574 104
3574 2534
3575 2535
3576 2536
3577 2537
3577 236
3577 1441
80 903
3578 232
572 2086
572 1340
572 2538
572 1142
572 1131
572 706
572 874
3579 2040
3580 405
3581 944
2193 1493
3582 1971
1082 966
1082 2539
1082 2540
2443 2541
2006 419
100 800
100 2016
100 1114
100 927
100 1234
100 2519
100 2269
3583 150
1574 1544
3584 1060
549 1397
549 271
1602 173
1506 296
1506 439
1808 560
1808 2243
2449 439
1066 1516
1066 267
1066 312
3585 449
3586 2542
685 170
3587 469
2097 2543
2097 1076
2097 1892
2097 1523
1826 531
2385 338
970 152
970 1323
970 2544
970 2545
970 2546
970 456
970 968
970 1226
970 2547
970 986
970 1380
970 658
970 1312
1822 2548
1822 641
2189 2549
2189 1498
2351 225
1 1024
2233 2550
3588 973
2572 1976
2368 540
2368 1142
1223 1235
3589 1964
3590 1413
1308 2551
825 2282
825 163
3591 769
1886 843
1886 1495
3592 61
1583 1898
1901 179
1901 1118
1901 2552
1498 2189
1498 1050
3593 395
3594 84
438 2451
438 1495
143 201
143 2553
1715 204
1715 2339
3595 1083
1247 2248
1247 546
177 669
177 42
177 2554
177 1601
3596 2555
3596 74
91 126
91 1351
91 2556
91 0
91 183
91 606
91 529
3597 2152
3597 80
786 2557
786 2558
786 220
786 118
786 2559
786 2560
786 783
786 2520
786 71
786 626
786 2561
786 2562
786 2563
786 202
786 1255
786 1510
786 2564
1173 2565
1635 37
3598 111
479 267
479 792
2372 44
2372 381
2372 286
3599 2566
3600 159
3600 771
3601 284
3601 543
3602 735
3603 19
3604 841
789 1558
789 432
789 1454
789 376
3605 125
760 250
1578 571
1309 622
1202 1656
1202 2567
1202 51
1202 2568
1202 2569
1389 1390
2460 2570
1037 0
1037 2088
437 2216
437 1116
437 655
437 286
437 2507
350 1030
350 1293
350 1545
309 434
309 68
309 80
1622 467
1976 2571
1976 586
1976 267
1976 431
1976 2572
1976 985
1548 37
1548 1550
1548 1209
3606 625
3607 1413
716 2573
716 1569
1044 565
1044 2574
3608 1385
3609 2114
907 1683
907 2575
907 44
907 2576
2245 2326
2350 295
2350 2532
1021 0
1021 91
1021 41
2481 471
364 690
364 424
364 2577
364 1409
364 1636
364 1949
364 752
364 1950
1749 752
432 1151
432 394
432 1573
432 831
432 501
432 2578
2118 869
3610 762
3611 271
2267 2459
762 2579
482 1629
482 2580
482 1867
482 813
3612 491
3612 163
3613 510
2341 332
3614 94
1684 608
3615 29
435 284
435 1402
435 2581
435 939
435 1435
435 2210
1425 1788
1425 2582
2150 208
1471 1116
1471 817
1471 2453
1471 1325
1471 434
599 1116
1711 1745
1388 2583
3616 2497
1076 718
1076 510
3617 245
1751 276
2528 635
3618 1536
954 516
954 286
456 970
456 1164
456 687
456 457
456 454
456 625
478 2584
478 1098
478 541
478 2585
478 2586
318 2397
318 595
318 743
318 840
1313 791
3619 2587
692 966
3620 281
1794 67
1291 2588
2095 585
3621 2589
3621 2590
1239 1380
1239 2591
1239 404
1239 502
3622 37
2532 859
2142 2592
800 438
800 2577
800 336
800 2593
800 705
800 2594
800 1358
800 249
800 1083
800 1623
800 2595
800 100
800 398
3623 1064
3624 1142
1121 2596
1121 1148
1121 161
1121 2165
1121 510
1121 1969
3625 1545
3626 436
3626 702
3627 2367
2520 496
2520 2597
3628 1490
3629 2315
3629 2598
3629 286
2434 2599
2434 1237
2544 2600
2544 970
3630 2326
3631 2030
836 669
836 903
836 489
836 205
836 68
836 42
836 912
836 1428
836 204
836 1542
836 7
836 1452
836 2309
836 2601
836 163
836 2543
836 208
836 1509
836 2602
836 419
836 1512
589 1391
589 81
589 1561
589 1500
589 959
589 800
589 0
589 1493
589 2603
589 353
589 1663
3632 104
3633 1712
3633 788
2383 745
2383 837
218 1241
218 109
3634 129
3635 1819
3636 678
1800 1207
3637 670
333 14
732 2604
732 194
1008 0
1008 2605
1789 277
1789 1487
1789 2148
1789 2606
3638 1464
412 1509
412 286
544 1603
544 290
544 831
544 2607
386 2608
386 2609
1596 521
3639 111
3639 1889
1478 2610
1719 903
1882 2611
974 294
3640 1482
3641 93
1768 693
1768 705
691 780
708 2612
708 2613
708 197
3642 1553
3643 669
3644 35
3645 1104
812 1337
812 2614
812 2615
812 1509
812 2616
594 2617
3646 61
3647 388
3648 299
3648 540
626 1750
441 440
3649 121
890 1465
123 544
123 1382
123 522
123 34
245 289
245 2618
3650 395
3651 2619
3651 1335
1973 296
1973 569
3652 2620
1771 289
3653 2621
1030 0
1030 350
2166 708
2169 938
2169 1065
2293 504
2309 106
3654 147
242 2246
242 1321
242 312
1357 2622
3655 647
885 1255
283 1180
283 1103
3656 2623
