2407 0
2408 1
13 2
13 3
13 4
13 5
2373 6
1809 7
2154 8
595 9
595 10
2409 11
2409 12
2410 13
2410 14
2410 15
691 16
691 17
691 18
643 19
643 20
643 21
643 22
172 23
172 24
172 25
2054 26
831 27
831 28
831 29
1070 30
1070 31
1070 32
1070 33
2411 34
2412 5
1411 35
1572 36
2413 37
2414 38
2415 39
2109 40
2109 41
249 42
249 43
249 44
249 45
249 46
47 47
4 48
4 49
4 50
4 13
4 51
4 52
4 53
4 54
4 22
4 55
4 56
4 57
4 58
4 59
4 60
4 61
4 62
4 63
4 64
4 65
4 66
4 67
4 68
4 69
4 70
4 71
4 72
4 73
4 74
4 75
4 76
4 77
1101 78
1101 79
1101 61
1101 80
1647 81
1647 62
1647 82
40 83
2134 84
2134 85
588 20
588 86
588 87
588 88
1416 89
976 90
403 91
835 92
637 93
637 94
949 71
949 95
904 96
1222 97
1222 98
1222 41
1222 99
1441 57
391 100
391 101
391 102
391 103
391 78
2416 104
135 105
1 106
1 107
1 108
1 109
1 22
1 110
1 111
1 112
1 113
1 114
1 115
1 116
1 117
1 118
1190 119
2417 120
402 121
402 122
2418 123
864 124
2419 125
2420 126
2420 127
2420 128
2377 129
2377 130
2014 131
2225 132
105 133
105 134
105 135
2421 136
1040 137
2106 138
2106 139
1114 140
1114 141
1114 142
1748 143
1748 144
2422 145
452 146
452 147
452 84
452 148
452 149
452 150
452 151
452 152
452 153
452 154
452 155
452 156
452 68
1515 157
2423 158
2423 144
339 159
339 160
339 161
339 66
339 162
2424 163
2424 164
851 165
851 166
851 167
851 168
851 169
752 170
25 171
25 172
25 144
25 173
25 77
2425 174
1156 175
1156 176
2426 177
2427 178
2428 68
2429 179
2430 180
797 181
797 182
797 183
797 184
2431 185
141 186
141 187
141 188
141 189
141 190
141 191
1034 192
1034 193
2432 194
315 111
315 195
315 196
315 197
2433 198
560 199
2434 22
2435 200
2406 201
2406 202
2107 203
2107 204
2436 205
24 206
24 207
1225 208
1225 209
867 210
774 211
774 22
774 212
774 213
774 214
774 215
774 216
2180 217
2180 52
2180 218
2180 219
2437 159
2438 220
1649 82
338 159
338 221
338 100
2439 222
1254 159
1254 223
1254 224
1254 225
2440 226
2441 227
2442 228
2443 50
721 229
1962 5
1226 230
1226 231
1938 0
1938 232
2444 233
1020 234
2353 235
988 88
988 236
958 117
958 237
958 238
2445 61
2445 36
2446 239
2446 240
2447 241
2448 242
2020 243
2449 244
2449 245
2450 169
42 246
42 247
42 248
42 249
42 169
42 250
478 20
478 251
478 252
478 253
478 254
478 255
1385 43
1385 256
1953 257
2092 258
2451 259
2074 260
1481 261
583 262
1545 263
1545 149
522 264
522 265
522 266
491 267
491 268
491 269
491 270
491 271
491 272
2387 273
2452 274
2453 275
450 276
450 277
450 278
450 279
450 76
450 280
450 281
450 282
450 283
450 284
450 285
450 286
2358 113
2358 287
894 4
894 288
894 289
1009 290
1009 291
2454 68
2455 292
2314 293
1504 294
2456 295
1390 227
1390 98
1390 296
1390 297
814 298
814 299
462 300
469 301
469 302
469 303
469 304
2457 305
1125 306
1698 307
2458 308
2459 22
2459 309
2460 310
1994 311
1835 312
782 68
782 313
782 314
2461 315
2462 316
2462 317
159 318
159 319
159 99
159 320
159 321
159 1
159 322
159 232
159 323
159 324
159 325
159 326
159 327
159 84
159 328
159 329
159 330
159 331
159 332
159 333
159 334
159 335
159 336
159 337
159 108
159 338
159 339
159 340
159 100
159 341
159 342
159 343
159 344
159 345
159 43
159 346
159 347
159 348
159 68
159 220
159 349
159 4
159 350
159 351
159 20
159 352
159 353
159 354
159 264
159 355
159 356
159 357
159 358
1162 359
356 188
356 360
356 361
356 159
356 362
356 363
48 72
48 141
48 364
2463 365
2463 366
1415 367
1289 368
30 92
2464 369
2465 370
2174 148
1292 371
1292 154
951 372
951 373
2466 374
651 375
651 376
651 377
2467 378
515 379
1010 380
1010 381
2468 382
2468 383
2468 384
1267 385
1267 386
1267 387
108 388
108 389
108 390
108 391
108 392
597 393
597 394
2469 395
2216 113
2470 396
1949 396
1949 127
241 71
241 397
241 398
241 399
241 254
241 241
241 113
2471 194
2009 400
2008 401
2012 131
122 402
91 403
91 75
1463 404
2472 405
316 406
316 407
316 408
316 409
316 0
316 410
2473 411
2473 412
2474 413
2474 414
1699 415
1699 41
2475 416
2476 417
1374 418
319 159
319 419
1298 420
656 71
2477 421
829 422
435 423
1089 424
1089 368
1637 425
1637 426
1637 427
1637 428
497 429
2478 430
2479 431
2480 109
2481 432
1272 433
1272 432
1272 289
423 434
423 435
2354 436
2354 145
2354 437
2354 144
2354 391
1895 180
593 438
593 439
1083 440
1083 441
2031 442
443 443
2482 444
2101 445
2076 446
2076 447
2076 448
2076 245
281 449
281 450
2483 5
2484 451
150 452
1001 453
1001 454
1001 455
1001 456
2256 68
1346 457
1346 458
1346 232
1346 459
2 460
1604 82
300 461
300 462
1756 463
357 464
303 465
303 466
303 467
303 71
303 398
303 468
303 411
303 260
303 469
303 221
303 470
303 471
303 472
303 473
303 474
303 475
254 476
254 348
254 477
254 478
254 71
254 100
254 479
254 480
254 56
254 481
254 482
254 483
254 428
254 241
254 484
254 485
254 459
254 486
254 452
2485 100
2485 487
2485 488
2485 254
2485 489
2486 490
271 95
271 272
271 491
2487 492
120 119
2488 267
2489 493
2489 494
2489 462
2489 495
2490 496
429 465
429 449
429 478
429 497
429 498
429 499
2491 128
2492 500
521 501
521 266
834 502
784 503
784 504
784 182
1167 505
1167 506
1167 507
1167 364
1167 508
2493 509
286 510
286 161
286 450
286 511
1227 490
1227 230
1227 512
2197 68
2494 262
1827 513
2396 514
408 515
408 516
408 68
1428 93
1428 517
2495 385
2495 518
266 519
266 520
266 274
266 521
266 522
266 523
266 524
266 525
266 526
266 527
266 528
266 144
266 529
266 382
266 530
266 311
266 531
266 532
266 533
266 534
266 221
266 535
2496 536
1408 537
1630 538
1630 539
1630 540
1419 541
1419 542
1419 543
2497 544
2497 55
2497 209
2498 66
2499 545
2499 546
187 547
187 141
1735 548
1735 316
1735 549
1735 550
1735 551
252 478
2500 552
2501 553
1102 498
877 554
1147 83
1147 555
2148 330
2148 556
2346 163
483 557
483 407
2287 558
199 559
199 560
199 561
547 562
547 563
547 187
1621 121
1621 564
2167 364
1467 565
2356 566
2356 78
1061 567
1061 568
2502 32
431 569
431 292
390 570
390 571
390 572
390 573
390 574
390 575
390 576
390 577
390 578
1902 579
1902 580
509 389
509 581
509 582
509 93
509 583
509 584
2073 113
773 470
773 585
773 213
773 266
602 586
602 587
2503 588
1945 589
1945 109
1945 472
1945 7
1923 590
1836 359
2504 591
2505 592
2506 593
1648 82
2507 385
1468 594
2508 595
1195 244
1523 596
393 20
393 597
2027 598
2027 599
1536 600
1536 601
1536 602
1536 300
1536 603
1536 604
1536 605
2133 84
885 606
885 130
885 607
885 258
885 608
885 609
885 610
885 611
885 159
885 612
885 613
885 546
1646 614
1646 615
1646 616
1646 617
1646 618
1646 619
1646 620
1646 621
1646 254
1646 622
1646 623
1012 369
2509 198
863 624
863 625
1596 470
724 626
724 627
724 628
724 100
724 629
724 78
724 630
724 490
724 316
724 631
724 331
724 454
724 632
757 329
757 633
2151 634
673 635
2510 636
274 266
2511 338
94 637
2512 368
470 638
523 266
1981 639
2259 171
2259 640
21 641
21 260
21 642
21 643
21 644
21 645
21 646
21 647
21 19
21 241
21 648
21 649
21 650
377 651
2513 652
1592 653
2349 503
650 643
2514 550
348 654
348 389
348 22
348 655
348 656
348 321
348 657
348 658
348 174
348 659
348 660
674 661
674 662
674 663
674 664
847 144
9 665
9 666
9 75
9 667
9 668
9 595
1430 7
1430 669
1332 195
1157 670
2515 671
1477 672
635 673
410 503
410 316
664 674
964 675
964 88
302 676
302 677
302 15
302 28
302 678
302 679
302 680
302 681
302 682
302 683
302 684
302 685
302 686
2055 205
2516 687
2157 688
2157 86
2157 373
2517 470
1974 689
1941 690
18 691
18 692
226 693
1414 694
2518 61
1742 695
2519 696
1705 697
2520 592
10 698
2521 699
2042 700
1171 701
1171 702
2522 450
2522 91
1442 703
1442 439
1399 704
2523 182
208 705
208 706
208 221
292 465
292 222
292 707
1984 708
709 709
2524 710
804 558
804 71
804 711
804 14
804 712
804 713
804 714
804 715
2525 199
2526 716
1229 717
1229 718
186 1
186 186
186 719
186 720
186 362
186 546
2268 513
2123 222
787 130
787 83
787 418
787 282
787 721
787 722
787 723
2355 336
411 303
629 724
1185 725
1185 726
727 727
727 119
727 728
727 729
727 358
2146 20
2146 730
2527 130
2528 572
1210 731
1210 80
155 452
155 56
1690 732
1690 703
1690 733
1690 734
1519 418
1519 71
1519 735
1519 55
1519 736
1519 737
1519 738
1519 739
1519 335
1519 740
801 741
801 672
2529 742
935 743
2530 550
2531 744
1388 109
185 745
2532 327
2533 365
1803 746
1450 747
1450 315
2534 748
2535 749
2535 750
2536 751
170 752
170 753
170 754
170 755
336 756
2179 219
329 326
329 757
329 758
329 159
329 488
329 348
2537 485
2537 351
2537 759
2537 760
2537 112
2537 761
2537 762
2538 76
280 230
280 743
280 450
280 763
2372 764
806 765
806 766
806 655
806 533
806 767
806 768
806 769
806 770
806 348
1582 771
2539 772
285 26
334 773
334 349
334 774
334 775
334 729
334 776
334 159
707 206
707 777
707 292
707 778
707 301
707 779
182 780
182 320
182 781
182 573
182 782
182 154
182 783
182 784
182 314
182 785
2540 786
80 777
80 501
80 321
282 448
282 787
282 788
282 207
282 789
282 119
251 790
251 302
251 431
1063 791
1063 792
2541 453
2542 793
2542 794
1765 747
2543 795
2544 483
2545 796
1556 797
1556 534
1556 759
603 50
603 798
603 358
2546 209
1775 799
533 800
533 149
533 801
533 802
533 803
533 213
533 55
533 804
533 805
533 100
533 806
221 807
221 808
221 186
221 809
221 810
221 811
221 208
221 327
221 76
221 22
221 812
221 573
221 222
221 177
221 26
221 266
221 813
221 61
221 389
221 100
221 814
221 474
221 68
221 433
221 209
221 20
221 815
221 816
221 90
221 257
221 546
221 700
221 394
741 741
741 817
741 818
741 819
741 820
897 821
897 822
897 823
897 824
897 825
897 826
1661 719
1661 301
2547 20
2548 827
780 828
780 114
780 67
780 829
1890 392
1890 485
1890 573
900 454
27 830
27 831
27 832
27 28
2549 833
92 834
92 182
92 835
1859 836
1235 837
1625 838
1625 140
169 839
169 840
169 213
169 408
169 232
169 154
169 488
169 36
169 258
169 448
169 22
169 841
169 842
169 843
169 844
169 845
169 786
169 846
169 847
169 848
169 849
169 850
169 61
169 627
169 607
169 381
169 851
169 852
169 853
169 345
169 228
169 68
169 854
169 132
169 20
169 73
169 855
169 856
169 857
2550 858
1202 394
2551 859
1429 496
1429 860
2552 861
2552 142
2553 862
625 863
625 864
625 865
1643 315
2554 176
2555 174
2556 866
2557 356
210 867
1899 868
2558 139
706 208
706 869
2559 197
997 481
997 454
997 732
1980 379
1109 870
2560 871
2319 872
2561 873
246 42
2562 874
2563 875
2564 144
666 100
666 876
666 665
775 493
1577 196
779 418
554 877
554 878
554 391
554 879
554 880
554 881
554 518
554 882
554 143
554 883
554 68
856 169
856 686
546 884
546 108
546 885
546 886
546 887
546 373
546 22
546 503
546 364
546 888
546 186
546 343
546 889
546 890
546 515
546 891
116 1
1787 892
1787 893
289 4
289 894
711 71
1106 391
924 895
51 896
826 548
826 130
826 897
1149 898
1350 899
745 581
1616 288
96 900
96 543
96 859
96 901
96 902
96 194
96 317
96 222
96 144
96 903
96 264
96 640
96 904
96 200
1628 327
2565 128
2566 215
2566 4
2566 905
2567 906
1148 907
134 364
134 105
1872 908
909 909
299 910
299 911
276 143
276 912
1686 212
1686 913
1309 914
1309 659
1194 93
1194 73
1194 680
2568 915
2078 898
2569 916
1830 513
1221 153
562 547
562 917
562 918
267 919
267 920
1713 921
1713 38
479 922
479 923
479 539
2570 194
2571 182
895 924
1684 925
1684 141
414 926
2572 696
2572 927
669 465
669 928
669 485
669 209
669 269
669 929
2267 930
2573 56
2290 931
2120 932
3 13
2574 933
2360 389
2575 859
2576 934
743 935
743 553
743 936
2577 124
2577 937
422 0
422 130
422 829
17 50
1794 938
1224 939
1224 149
23 172
1387 940
2578 941
822 897
1673 81
2579 942
332 943
332 944
2352 945
165 849
165 851
1326 264
2580 946
2580 141
2581 947
95 320
95 948
95 949
95 271
95 84
902 950
902 96
749 951
749 952
749 118
749 169
749 139
749 953
2582 954
1218 955
1218 956
1218 221
2583 957
1574 490
2263 920
66 182
66 4
66 100
66 479
66 149
66 958
2584 959
2585 509
2586 960
1888 961
1888 61
1888 962
1888 764
934 963
934 37
934 659
1151 964
1151 965
1151 966
1151 967
1151 968
1151 969
1151 970
383 971
960 415
960 972
960 973
960 974
960 975
960 976
960 977
960 978
960 979
860 980
1372 981
1372 287
1372 982
2587 215
1302 983
2588 984
88 985
88 986
88 987
88 26
88 584
88 988
88 989
88 58
330 990
330 991
330 992
330 520
1671 993
1671 55
1671 994
2589 227
324 658
324 254
2590 206
2590 995
454 996
454 145
454 900
454 651
454 997
454 859
454 998
454 999
454 1000
454 321
454 1
454 1001
1039 137
2591 1002
1328 61
1328 1003
587 602
587 714
587 817
1366 1004
1366 1005
1546 704
1694 41
1694 1006
2592 1007
1884 1008
26 228
26 88
2202 347
291 343
291 1009
2367 700
380 1010
380 911
2593 57
2593 1011
369 559
369 1012
369 1013
369 1014
369 199
369 1015
369 1016
1048 1017
1048 1018
2594 1019
2594 1020
2594 5
1733 1021
1733 1022
1842 1023
1842 1024
1483 1025
1796 1026
581 509
581 218
581 183
922 1027
922 1028
922 479
922 209
2086 584
2595 1029
1474 222
1474 436
2596 1030
2597 1031
714 587
714 1032
714 583
714 1033
714 873
714 254
714 1034
714 68
1841 1035
1841 1036
1841 412
2598 264
2598 888
2598 859
1154 1037
1154 428
1154 492
2599 1038
137 1039
137 1040
137 1041
137 1042
137 113
137 1043
137 302
137 34
320 1044
876 666
1913 198
1273 432
2600 1045
2601 144
809 481
809 1046
809 1047
809 221
2602 1048
2603 26
2604 1049
2030 442
841 773
841 22
841 841
841 213
841 0
841 169
755 1050
113 1051
113 287
113 1052
113 345
113 332
113 144
113 1053
113 1054
113 1055
113 1056
113 1057
113 1058
113 1059
889 86
2605 1060
1433 408
2277 299
337 303
337 411
2606 130
567 1061
1665 1062
791 1063
791 327
2607 312
2389 869
799 1064
2608 975
2255 68
1187 1065
2609 1066
2610 1067
2611 870
2611 389
194 1068
2612 111
2613 1069
2614 1070
761 1071
761 1072
761 1073
761 144
761 710
1155 128
1420 488
1420 1074
1420 764
2615 186
46 249
2376 1075
77 665
2616 15
2617 1076
2178 219
1656 1077
2618 1078
933 374
1638 932
2619 1079
526 648
526 1080
526 266
1906 50
2620 1081
1064 799
1064 1082
1064 866
1952 1083
1952 1084
2621 1085
1088 1086
381 911
381 988
381 471
1086 1087
1086 1088
1086 51
424 1089
424 100
424 368
424 394
2184 61
2184 22
1019 196
1142 1090
1099 61
2622 230
1879 1091
1879 1082
1879 1087
61 1092
61 1093
61 1094
61 1095
61 472
61 169
61 505
61 488
61 498
61 1096
61 1097
61 456
61 22
61 1098
61 929
61 1099
61 1100
61 800
61 100
61 197
61 1101
61 1102
61 68
61 20
61 1103
61 1104
61 1105
61 1106
61 365
1134 449
1134 1107
1134 996
2623 182
2624 846
2625 140
2626 116
2627 261
1900 1108
2628 1109
2091 258
1839 1110
2629 196
1080 260
1080 1111
2630 450
2631 886
1051 113
1961 5
1394 484
1496 598
1496 253
1496 39
1496 153
1496 1112
1490 640
584 1113
584 378
584 418
142 1114
1718 1115
505 978
505 61
505 1116
1732 798
742 317
2632 496
277 1086
277 1117
277 1118
277 613
277 1119
2633 260
1446 311
1446 1019
405 872
1828 513
1828 62
2401 1095
2401 861
2401 186
778 707
177 1120
177 810
177 1121
36 41
36 1122
36 84
36 1123
306 1124
306 1125
2634 255
1383 215
1213 1126
341 961
341 1
341 1127
341 1128
341 1129
2635 1130
1232 1131
2636 1132
726 84
2637 1107
2638 1133
1107 1134
2639 1135
2640 1136
2047 20
2641 1137
1286 100
1286 1138
1286 1139
74 1140
74 4
74 57
74 1141
74 837
1090 1142
2098 449
2642 1143
2642 1144
553 1145
2643 1146
2644 319
555 71
555 1147
2645 1148
2646 2
2329 79
2647 343
2648 1149
1743 433
2649 701
530 311
1396 1150
968 1151
612 680
2243 1152
2650 981
2651 1153
2652 503
2653 118
2051 71
2051 1093
492 1154
492 1155
2654 267
175 1156
936 743
1033 714
670 1157
2281 389
101 20
101 349
101 391
349 654
349 1158
349 1159
349 321
349 1160
349 1161
349 334
349 216
349 159
2068 1141
2655 209
1380 882
2656 1162
2656 640
2656 359
2657 1163
2657 356
2341 1055
686 1164
686 1165
686 684
686 164
878 554
507 22
507 1166
507 159
507 119
507 198
507 1167
507 1168
2658 32
2659 1071
1911 198
1119 1066
1708 1169
1708 1170
702 1171
485 1172
485 1090
485 254
2660 200
1792 911
1792 1173
2661 182
1315 499
1896 180
1159 112
1159 349
1159 696
1159 22
1158 509
1158 349
1158 581
2662 245
844 20
844 1174
844 692
1571 1175
1571 1176
1571 1177
2663 68
1199 154
1825 228
1825 1178
1825 1179
850 169
1353 1180
1353 1181
2664 931
2665 1182
1737 197
2029 442
1042 137
2666 1183
1793 938
2667 1064
2668 68
2669 665
2670 1184
1305 32
725 1185
1341 1186
1361 1187
1361 1188
119 120
119 980
119 484
119 196
119 507
119 1189
119 100
119 1190
119 1066
119 282
119 727
119 1191
119 984
119 88
119 1192
119 7
119 382
119 1193
2671 1194
244 1195
355 159
355 41
358 727
358 1196
358 454
358 1197
2067 766
1278 945
1278 130
1278 992
1278 328
1278 1198
1278 1086
1278 855
1278 113
1278 1199
1278 1200
1278 347
948 95
948 182
948 949
948 1201
948 154
1726 1202
1615 1203
2672 932
284 1204
284 429
284 249
284 450
284 51
284 1205
2673 209
2673 1206
1761 100
1762 1089
2674 1207
2675 1208
2675 1209
1214 1144
1307 659
731 1210
772 1211
1493 1212
910 707
910 920
1144 1213
1144 1214
1144 1215
2676 260
1432 209
2239 1083
2239 232
2677 1134
2056 1216
2056 1217
821 14
821 897
956 1218
732 1113
2678 527
532 266
854 854
854 264
854 1219
854 169
802 1220
802 1221
802 161
802 78
1521 737
1521 1222
1250 100
1250 1223
1250 114
939 750
939 1224
2679 1225
230 1226
230 280
230 1227
230 861
230 1228
230 379
604 159
604 227
604 812
604 573
2680 222
717 1229
2681 526
2682 86
591 845
2683 1230
1131 11
1131 1231
1131 1232
179 1233
179 295
2684 415
2685 373
2686 398
15 131
15 302
15 1234
15 477
837 74
837 1235
837 1236
837 1237
2687 1238
979 960
1251 1239
1251 1240
1251 1241
1251 1242
1251 1243
1251 1244
1251 590
1251 470
1251 1152
1245 206
1245 1245
1245 1246
679 1247
679 612
679 302
2173 993
1670 1248
2688 5
2689 1249
2690 1250
2691 141
1243 11
1243 1251
1243 1240
1243 591
1243 1252
270 491
2692 1253
2693 26
223 1254
2694 836
2395 1255
2695 1256
1851 159
918 562
918 1257
1910 1258
1910 1259
1814 1260
1814 331
2696 282
2697 1261
2697 654
2697 317
2697 348
2698 1169
1954 1198
259 1013
2699 1262
2699 284
2699 414
239 176
2359 1263
2359 330
832 27
832 1264
2700 1265
2701 454
2702 159
2703 901
385 1266
385 568
385 143
385 26
385 1267
385 1268
385 947
385 1269
385 58
504 784
2704 1270
2283 73
2383 0
2383 1271
2383 520
2383 659
432 1272
432 766
432 1273
432 705
432 1274
432 947
432 1275
432 1276
432 358
130 1277
130 722
130 945
130 1230
130 774
130 1278
130 787
130 1279
130 1280
130 1216
130 1281
130 1282
130 422
130 826
130 1283
130 1284
130 582
130 68
2705 385
1391 1
1391 685
1391 1285
2706 774
1138 1286
944 1287
646 1288
646 21
154 948
154 169
154 1289
154 1290
154 855
154 1291
154 1292
154 982
154 1293
154 1294
154 1295
154 269
154 672
154 466
154 182
154 475
154 38
154 1296
154 373
154 1297
154 352
154 478
154 140
420 1298
1418 583
866 1002
866 448
866 1299
2707 1300
2708 100
1413 115
2709 302
1543 149
1543 169
1543 1301
2710 496
1021 1118
2237 1302
2237 163
2237 983
2237 700
32 1303
32 1304
32 188
32 1305
32 279
32 66
32 1306
783 349
783 428
659 1307
659 1308
659 321
659 1309
659 593
659 302
2711 1310
800 533
800 61
800 1311
2301 1312
191 141
1313 1313
917 562
1487 1314
1487 109
2712 267
2712 686
499 1315
2119 1316
2713 1317
2713 24
2714 454
2069 1318
2069 829
977 415
977 61
1319 1319
2715 1320
2716 1321
1760 1322
1760 665
1760 148
264 854
264 159
264 1323
264 69
264 1324
264 589
264 1325
264 1326
2308 247
2308 1327
2308 934
2717 186
2717 1328
857 1329
857 169
1653 0
1653 1330
195 1288
195 415
195 182
195 1331
195 315
195 548
195 1332
195 780
195 1333
195 913
195 1334
195 43
195 785
2326 448
2718 1335
2719 1336
428 1337
428 783
428 1338
428 1339
428 859
216 216
1197 358
2720 478
2721 270
1186 206
1186 1340
1186 1341
2722 1342
54 4
1878 1082
2723 505
458 849
458 1343
458 1344
458 712
458 1345
458 1346
2018 493
2018 368
2018 279
1903 1347
1091 901
1978 1196
2724 389
2724 1348
2724 804
2725 1349
2300 795
899 1350
2726 1351
975 960
975 972
975 1352
2307 1234
2307 1353
2307 1354
1325 669
1325 1355
1325 283
1325 364
1325 1356
1786 886
2727 1357
2727 911
2728 729
1631 1358
1631 1359
1631 1360
1631 1361
1631 1362
1631 224
2729 1363
1908 1364
955 1218
1365 1365
1004 1366
2257 68
1279 20
1279 130
1431 71
1183 100
1183 883
1417 89
2730 1196
2731 640
2732 1367
2080 1368
916 448
2733 209
2734 164
2166 364
2735 317
929 61
929 1369
929 1370
929 169
929 1371
929 669
981 1372
981 1031
828 119
828 780
828 302
828 1373
828 22
1511 132
525 266
418 1374
418 584
418 262
418 872
2736 1375
1983 1376
1983 1196
1983 155
2737 176
843 169
2738 74
2388 1044
2388 1377
1926 1246
1926 633
2739 907
2212 692
1139 1286
792 1303
2740 228
2111 128
117 1
117 472
117 958
117 358
1558 1378
2241 558
2241 1203
204 1086
1874 1082
2741 640
882 549
882 1379
882 1380
882 1381
882 554
882 1382
882 904
215 774
215 1383
90 37
90 980
90 397
90 221
90 1361
90 751
90 1384
907 1148
256 1385
1785 582
2208 484
2127 1386
2127 568
2339 1387
109 1388
109 1389
2033 870
1252 774
2742 1129
2743 41
2113 680
227 1390
1626 5
685 1391
685 302
685 1392
685 1393
1285 849
1285 1391
1285 1394
1285 1395
1285 1396
1285 751
2744 1397
1861 1398
2745 1399
2745 170
2745 886
144 624
144 96
144 1400
144 1401
144 311
144 25
144 1402
382 119
382 266
382 335
511 286
511 1403
511 1404
188 1372
188 32
188 141
2746 888
2747 194
1427 1405
846 1406
846 169
2748 743
537 1407
537 1408
2749 87
2750 266
1466 1409
1466 1410
2242 419
2242 1152
446 1411
446 22
115 1412
115 1413
115 576
1329 857
893 852
893 1414
480 1415
480 254
609 1096
609 885
89 1416
89 1044
89 1417
89 1218
89 70
2751 1418
2751 1004
542 1419
985 68
2752 1420
1676 1421
1676 448
1676 1307
2753 1422
2753 1423
2753 38
941 1424
1976 1425
1976 163
753 60
753 433
753 1426
156 206
156 589
1122 1427
1277 1428
1277 130
7 71
7 1429
7 980
7 1430
7 1431
209 1278
209 922
209 322
209 153
209 1225
209 481
209 456
209 1359
209 1209
209 408
209 647
209 630
209 463
209 1432
209 1433
209 68
209 1434
209 461
209 1435
209 1146
209 788
209 1436
209 197
209 0
209 1195
209 1402
209 1314
209 173
209 373
209 442
209 71
209 221
209 952
209 1437
209 978
209 1438
209 1439
2754 57
690 1086
1881 470
1881 915
1881 408
1881 740
1027 260
1027 22
1027 1440
1027 269
1027 922
1027 303
1027 925
57 1441
1629 327
439 593
439 1442
439 1443
311 481
311 1444
311 1445
311 1446
311 1447
311 111
311 144
311 833
311 809
311 335
311 801
311 1448
311 257
311 266
747 415
747 1323
747 1321
747 1449
747 1450
747 129
145 590
1044 320
1044 1451
1865 1452
980 432
980 1453
980 7
980 22
576 1454
576 1455
1403 511
1403 1404
2205 1456
1706 206
1706 751
1706 792
534 266
1458 100
2755 182
2756 1457
31 885
31 1458
31 1459
31 1460
31 68
31 1070
31 1461
31 1462
947 385
2757 540
404 1463
1093 61
2758 1464
2759 1465
1933 20
1933 232
1050 755
1050 170
1050 232
1873 1082
1409 1466
594 1467
594 1468
1291 1055
2760 481
2143 1244
2143 590
456 209
456 1469
456 1001
456 257
456 1470
456 68
2761 1471
1321 1137
2762 791
1201 1472
222 125
222 1473
222 1474
222 221
222 96
222 1475
222 1476
1627 1369
672 773
672 171
672 801
672 22
672 71
672 1477
672 341
672 710
672 1289
672 221
672 113
672 1478
672 154
672 82
672 1479
672 669
2763 600
813 20
813 221
2011 11
2764 958
2765 1398
2766 1480
2767 1385
261 1481
2768 1064
1176 766
1176 148
1176 1482
1176 93
1176 379
1176 1199
1176 864
1176 1483
1176 1484
200 1485
200 542
200 901
200 68
1314 1486
1314 1487
1314 209
1314 568
1789 1488
102 391
2172 993
710 1124
710 682
710 672
710 536
872 1489
872 222
872 133
872 428
872 1490
872 66
789 282
2769 1491
2188 1492
2188 22
1212 1493
2770 1494
1439 209
1304 32
39 1495
39 1496
39 236
39 381
2771 1497
2772 358
1972 1476
2773 169
44 249
2774 389
1287 944
1110 548
1110 811
763 276
763 280
967 1498
967 365
967 1499
638 470
638 1500
2775 1
2776 228
2777 81
2778 809
676 302
676 1435
874 1129
874 306
874 1501
2779 93
83 1147
83 1093
83 107
83 787
83 1502
83 374
83 1503
83 314
83 1
83 536
83 590
83 662
83 1367
83 1504
1473 222
1473 1505
1473 1506
1363 180
2780 391
1271 20
1740 1507
1740 1508
2017 317
508 517
508 1230
1725 1509
1725 1504
2781 1510
132 1511
1669 1248
1669 194
2137 1512
1373 20
1373 1129
1373 1513
768 806
768 389
768 613
768 1514
2782 524
157 1406
157 1515
2783 319
2784 761
1281 130
1281 829
1281 1516
2785 22
2786 1369
1659 301
1659 1517
1659 1518
737 1519
737 1520
737 418
737 1521
2787 712
2788 1522
596 1523
723 787
2789 71
2790 1524
2791 491
1239 1525
1239 1526
386 389
386 1527
386 458
386 776
386 26
386 255
386 1055
386 1267
386 454
395 1528
2040 351
1294 1055
1294 212
1294 1529
2282 1530
55 1531
55 1532
55 1519
55 5
1807 42
1807 125
1807 1533
1807 836
1581 19
2792 287
378 1534
378 1535
378 584
1497 973
600 144
600 1536
2007 1537
2007 581
2007 183
2793 573
503 1406
503 784
503 410
503 881
475 1538
475 1055
475 303
475 1539
475 496
1597 520
1597 1540
2794 782
149 1541
149 1542
149 84
149 209
149 1006
149 1543
149 459
149 1544
149 1407
149 1545
149 554
149 452
149 66
149 883
149 1224
149 68
704 1546
704 1368
2176 1547
2176 1318
2176 1548
2176 209
2064 799
229 1055
229 1549
229 79
229 448
229 1406
971 383
1242 11
1242 321
1242 159
2795 964
1985 1550
140 811
140 415
140 1551
140 1552
140 232
140 1553
140 13
140 1554
140 1555
140 303
140 389
140 58
2796 1537
759 1556
759 1557
99 493
99 159
99 1222
99 100
1731 647
1522 261
1691 41
2797 261
1378 182
1378 1558
2798 1318
2799 325
684 686
2800 1559
2153 634
49 950
49 902
1655 22
790 1560
790 251
790 1561
790 1562
892 1563
892 171
892 1564
892 1247
236 39
236 1241
236 593
236 335
236 1565
236 988
1426 753
1426 1458
225 1254
225 1566
1666 1293
1666 1141
1666 1230
1666 1567
1666 37
1666 1568
1369 1092
1369 809
1369 5
1369 71
1369 100
1369 929
1369 1569
1369 474
1703 1230
1703 1570
1177 1571
2801 855
1998 1572
1998 1573
2802 495
2803 1201
2804 1574
2804 165
2804 1519
2186 22
2144 1575
2805 1576
660 348
2806 316
2806 154
196 1019
196 258
196 1577
196 5
1970 1578
1970 314
294 1504
2807 1518
2807 180
1105 61
287 209
287 20
287 100
287 1579
287 113
287 1580
19 484
19 21
19 5
19 643
19 341
19 1581
2808 277
771 1582
613 768
613 277
613 885
1092 1583
1092 61
2809 336
2810 449
263 1584
263 658
263 1585
263 1545
2811 1041
321 1586
321 61
321 1587
321 1588
321 1357
321 1242
321 80
321 22
321 454
321 222
321 1589
321 1590
321 159
321 488
321 348
722 787
722 1591
2812 829
653 1592
1124 1593
1124 22
2813 1594
2814 20
2815 1595
2816 1596
1470 352
1540 1597
946 141
1097 1598
1472 1201
76 131
76 4
76 22
76 1599
76 584
76 450
76 1127
1534 378
1534 178
2817 712
56 155
56 1196
56 254
56 41
2226 888
283 1600
283 1601
283 1602
2818 1083
2818 88
2819 1518
2005 318
2820 1603
2821 1604
2822 1137
2823 585
2823 1605
273 583
2362 1606
2824 1607
2825 136
2825 348
665 9
665 120
665 148
665 666
665 100
665 1608
665 1609
665 26
665 1610
665 1611
2826 707
2826 1612
2211 1544
1215 1144
1565 1613
1565 1614
2827 1615
2827 872
1103 61
1103 169
1617 1616
1617 1617
2828 1618
1675 88
2829 1619
2830 1620
1172 998
1634 1621
1634 111
1634 495
1634 1404
1634 568
1622 1622
2831 1623
2100 1148
2832 234
1791 1250
2833 992
2834 638
2835 398
989 88
326 1624
326 159
326 329
326 568
415 747
415 5
415 977
415 1625
415 1626
415 1627
327 349
327 1628
327 341
327 221
327 1629
327 82
327 452
327 454
327 791
2836 451
540 1630
1360 1631
111 1632
111 315
111 1366
111 1633
111 151
111 786
111 1634
111 311
2079 782
2079 524
2837 1635
2838 136
1087 1406
1087 208
1087 333
1087 1636
652 1086
2192 1395
2839 1637
2840 98
2841 1638
627 1639
627 100
627 1640
627 724
627 712
627 169
2842 613
2843 942
1969 314
2844 1641
2845 555
1017 1476
1701 1642
1991 1136
340 159
1736 1643
2846 169
734 1644
734 48
754 1426
754 170
754 753
2099 449
2147 1600
2147 1269
2847 1645
623 1646
82 1647
82 1340
82 327
82 734
82 1604
82 22
82 1648
82 1649
82 32
82 933
82 1034
2294 1650
824 897
224 1266
224 493
224 235
224 1651
224 127
224 1254
1712 1302
1330 1652
1330 1653
2036 37
2369 520
2347 1406
2347 260
2347 604
1600 1654
1600 1655
2848 298
1077 192
1077 1656
1077 1657
1077 952
1077 1196
1077 1658
301 707
301 469
301 1594
301 1659
301 779
301 1660
301 119
301 1661
2849 179
2850 100
2850 638
2851 16
1484 93
1484 1662
1484 988
615 83
615 495
615 444
1770 1027
12 1222
1359 1663
1359 209
1359 373
2035 242
2126 22
1062 1086
1062 1664
1062 1665
1568 1424
1568 834
1568 1666
1568 1667
1568 262
1568 266
2852 32
2853 185
2039 42
2039 1668
2039 258
2854 1406
1990 1352
1248 1669
1248 43
1248 1670
999 100
999 454
2855 960
2856 1671
1844 1672
2365 1169
2857 237
81 1647
81 182
81 5
81 100
81 1673
81 232
81 806
1448 311
2858 82
2858 22
2859 1674
2859 264
2859 701
2295 1650
2295 1675
2860 450
1421 1676
2278 255
2385 1357
2385 232
2385 753
2861 714
2861 1677
2862 1678
2863 1679
2191 1680
2191 1681
2191 1046
2191 22
2864 5
1368 836
1368 1603
1368 1682
1368 1127
1368 1683
1166 1684
1166 507
1516 1248
1516 548
1516 957
1516 1311
1757 1406
1757 1685
1757 100
1757 291
1757 385
913 1686
539 651
539 71
539 1687
539 1630
539 1688
539 1689
733 1690
41 1691
41 61
41 1692
41 1222
41 5
41 1693
41 1694
41 236
41 1695
41 56
41 1696
41 1697
41 232
41 1698
41 228
41 1699
41 1700
41 302
41 155
325 677
325 900
2865 1701
2866 1067
1230 1702
1230 432
1230 512
1230 1703
1230 861
1230 1684
1230 1704
1230 701
1230 142
2867 624
2868 106
1002 836
2200 345
2869 68
641 21
697 1705
751 1706
1829 513
1434 1707
1434 133
1170 1708
2870 1207
2870 1709
2871 1710
1344 1711
62 1647
62 861
2872 1712
2131 1713
2873 996
2874 1714
2874 1511
2874 1715
2874 768
2874 1716
2874 459
2874 68
984 131
984 100
984 1717
984 481
2875 1718
1817 51
1817 1569
1817 1007
1658 413
1821 1719
1821 1720
1821 1575
1821 704
2876 116
2877 1310
728 727
2878 1721
2878 1722
365 61
365 373
1023 1723
884 1709
1074 1420
2060 1724
2060 209
1509 1725
2370 1726
2370 1727
2370 520
2315 98
2879 57
2138 1728
2880 1729
2881 1730
2881 39
2881 737
2325 1371
2325 358
2882 1731
2883 1732
1022 988
1022 1733
1404 548
1404 511
1404 1403
2884 1734
2198 932
2198 1254
551 227
551 1735
2885 1379
197 1736
197 315
197 209
197 1737
197 61
197 1738
197 129
197 1739
1507 97
1507 1740
1507 1741
2886 750
152 68
2887 1566
1532 55
2888 472
695 1742
2889 326
1680 261
433 1272
433 1743
433 496
433 1708
433 100
433 1
433 1744
433 1494
433 753
2890 430
2891 95
2891 302
2892 57
2893 1666
1189 119
1461 31
1461 356
1461 551
1324 264
2189 1745
2189 22
1015 636
1015 700
1393 685
413 398
2894 1187
1563 55
2895 859
2896 228
2897 1525
794 1746
794 1739
794 68
836 1747
836 1352
836 1002
143 276
143 1748
2271 1111
2271 1749
2898 764
2899 1418
476 1750
2392 1751
974 1752
974 1451
974 1753
974 1754
421 1755
2900 470
463 1644
463 523
463 1756
2901 186
234 527
2902 1189
100 1757
100 1320
100 130
100 99
100 1758
100 1759
100 520
100 1760
100 15
100 228
100 78
100 1761
100 1136
100 458
100 415
100 456
100 774
100 974
100 424
100 394
100 1267
100 533
100 311
100 85
100 659
100 60
100 1762
100 1763
100 627
100 1764
100 469
100 665
100 1765
100 119
100 345
100 1734
100 338
100 348
100 532
100 433
100 1250
100 1458
100 666
100 1549
100 1241
100 221
100 1286
100 1437
100 724
100 159
100 714
100 632
100 546
296 449
296 1390
1633 111
1633 5
1299 866
1299 1335
2053 1766
2903 225
1679 765
1679 1767
1679 1449
2904 408
427 1637
427 1768
966 1151
966 1769
966 712
966 520
966 22
2905 1770
1640 22
2906 62
952 1771
925 1770
925 1328
925 1027
925 1772
925 1148
925 1684
925 1773
2907 981
2058 1525
2908 981
2908 219
1897 1774
1897 1775
1897 373
1897 1776
1897 1241
1897 1777
1897 684
1897 1778
1897 1779
1897 1780
1897 159
1897 658
1897 140
1897 1781
2909 1137
153 209
153 1496
153 1782
153 1221
153 1580
153 68
2910 1559
2910 194
883 1293
883 1783
883 1424
883 1500
883 199
883 1250
883 362
582 1784
582 1785
2911 1194
886 1786
2912 810
1306 389
1306 32
2913 1787
2913 1206
2914 1788
1488 1422
1488 1789
1790 1790
2915 465
2915 929
60 1083
60 229
60 753
2916 1258
2917 546
607 952
607 322
607 597
607 1625
607 169
1006 1694
1006 149
2918 401
1513 20
987 88
2919 1791
1173 1792
938 1793
938 1794
938 391
1175 1571
1175 658
1494 722
1494 433
1494 474
1494 848
1739 392
1739 197
1947 1068
1947 1795
1026 1796
2249 1797
2249 1798
2249 1402
1013 259
1013 1799
2276 55
2920 751
667 9
2170 1587
2921 597
272 491
2922 542
2923 26
2924 1800
746 1801
746 1802
746 1803
746 1804
823 826
823 897
1116 1805
1116 853
1116 1806
1116 505
1533 858
1533 1807
2925 1808
2925 143
2926 1418
720 186
2927 7
2927 1809
2928 307
1946 310
2929 1810
151 111
151 452
2930 1811
1209 573
998 163
998 349
998 485
812 389
812 22
331 1178
331 551
331 724
331 1812
331 1813
331 62
331 169
331 1814
331 159
331 1815
1960 228
2931 1806
2932 1001
550 1816
550 592
1007 1817
2224 22
2224 1818
2224 1819
1236 1141
2933 520
2934 531
2196 1820
2935 1335
1720 1821
1037 1822
1037 1154
1037 1474
1037 1500
2936 1659
1402 1147
1402 984
1402 1823
1402 209
1402 1797
1402 520
1402 658
1402 1781
1338 428
1216 509
1216 1824
1216 146
1216 1217
2937 1825
1917 1826
513 4
513 449
513 1827
513 1828
513 62
513 53
513 1829
513 1830
2375 129
2938 782
1384 90
161 286
161 1783
161 339
161 802
161 450
2939 34
1135 1831
2312 1832
544 1180
544 101
544 232
544 1833
359 1834
359 1162
359 1835
359 1836
744 1837
744 61
744 1838
2266 2
2105 1305
996 1134
2940 1839
2399 303
2941 972
441 1083
2162 484
2162 364
1257 310
1257 68
1031 981
1973 1014
2942 1682
1337 428
1948 1840
1948 51
1405 1427
1405 583
1024 20
1024 1841
1024 1842
1754 680
1754 311
1754 257
1754 1334
2943 200
2397 1115
2158 740
1584 263
1311 800
1311 1007
1520 737
1520 1843
1520 1222
1672 1844
2066 898
2066 1845
2066 1846
2944 109
2945 600
2946 1847
2946 386
2947 213
2140 624
2288 1848
2948 1692
1046 1183
1046 913
1046 809
2305 1849
2949 1850
2950 186
2950 68
2951 1722
2952 1851
1358 1852
1358 1853
1358 1631
2274 93
2274 1126
2274 1854
2953 1422
1567 814
1567 186
1567 1666
2954 51
1191 119
2316 26
2955 1731
1922 1292
2956 321
517 1657
517 368
517 1855
517 51
517 508
328 446
328 169
328 591
328 1278
760 1649
760 111
760 1856
760 1857
760 1858
760 632
914 1309
2957 1
2957 1859
2957 859
808 484
1864 1700
1864 978
528 266
1465 203
2958 1860
1398 1861
1398 1862
1398 891
1398 1863
1700 1864
2959 20
85 95
1223 1678
1223 1250
1223 1857
1944 472
1944 1519
572 592
2960 128
2961 1194
1452 1865
2962 225
1121 177
2963 1866
2964 317
2965 750
1847 1191
1847 498
1847 306
1847 1250
1847 1348
1052 113
1052 130
2966 228
535 266
535 1631
1478 1375
2967 389
354 1744
354 1867
354 159
8 1868
2968 84
2969 1869
2970 640
2398 1870
53 513
53 43
53 1787
53 859
2971 83
908 1871
908 1872
1082 1873
1082 1874
1082 1875
1082 391
1082 1064
1082 1876
1082 871
1082 1877
1082 1878
1082 200
1082 139
1082 1879
2972 283
915 1880
915 131
915 1881
2155 1882
1620 68
2115 1883
2115 260
703 1744
703 1690
703 225
605 937
605 605
605 512
459 173
459 149
459 490
459 1884
459 712
459 345
459 245
2973 503
1639 1885
1639 62
1639 1886
1639 627
1639 68
2974 975
708 931
708 815
708 700
2975 1887
2976 1112
2977 88
961 341
961 1888
1831 128
1295 154
1259 1889
1259 583
1259 262
573 182
573 901
573 1553
573 390
573 1422
573 1890
573 604
573 221
2978 55
2979 267
2117 71
2117 1859
2117 1891
2117 1892
1894 37
1894 180
1894 1196
1894 11
1894 304
1894 1175
2980 120
2981 1893
180 1894
180 1363
180 1895
180 1896
1284 1369
2982 477
2983 810
1776 1897
2984 1667
1784 582
2985 1434
2244 1898
1184 859
362 490
362 477
1767 1679
2986 512
1108 1899
1108 1900
1843 1717
1843 482
2987 374
2988 1901
2988 1902
1459 20
1459 493
1459 199
1459 117
2989 1133
2989 171
2296 1169
2296 299
2296 297
1347 1903
1347 1083
636 1014
636 1476
192 1077
2990 312
2990 1679
2990 127
2990 981
2991 568
1660 1904
50 603
50 1905
50 4
50 84
50 859
50 100
50 1906
50 1077
50 1549
50 1907
50 114
2992 1823
1364 1908
2252 484
2252 68
2993 85
2993 539
2994 293
1136 1909
1136 5
621 621
2995 385
2995 146
1912 198
1912 1307
1258 1910
1443 169
2108 689
2996 62
2997 121
2998 722
2999 952
198 1911
198 1912
198 1913
198 507
2384 1914
2368 700
3000 493
3001 725
1624 559
3002 302
3002 1529
1570 1703
2083 1915
2083 88
3003 1916
3004 93
3005 182
1826 1917
1503 1918
1503 221
1553 144
1553 140
1553 1843
1868 1297
1868 1919
399 1812
1930 1920
1930 86
1930 1921
1268 385
1288 195
1288 646
3006 493
3007 1922
3007 28
2403 1603
1510 1923
1045 1246
1045 1924
1054 1925
3008 1191
1877 1082
1073 1644
1781 1402
3009 316
1246 1245
1246 1926
3010 128
3011 182
559 211
559 857
559 369
3012 892
2258 171
2258 1124
3013 182
840 255
840 169
86 588
86 1927
86 251
86 1928
86 967
86 1929
86 889
86 1930
86 103
86 864
2371 520
1066 119
1066 1119
3014 1931
3015 1065
232 125
232 1932
232 878
232 1933
232 1050
232 1506
232 1722
232 169
232 1934
232 41
232 859
232 1544
232 967
232 1935
232 1936
232 531
232 1937
232 680
232 81
232 1938
232 1939
232 1940
232 1346
232 1941
232 1942
232 159
232 140
232 1943
232 394
472 131
472 1944
472 1544
472 93
472 1945
472 117
3016 1643
3017 1835
1339 1143
1339 113
1339 428
482 548
482 254
482 1843
482 1110
310 503
310 1946
1018 1316
1068 1947
1068 194
2037 37
739 1519
1975 1059
1975 665
1840 1948
586 602
3018 630
3019 696
3020 1949
827 1950
3021 330
716 1951
3022 960
3023 234
438 593
438 100
3024 1616
3025 874
2175 658
440 1952
2095 901
969 1151
816 1574
3026 1725
3027 144
3028 1570
3029 1041
257 1953
257 221
396 1949
396 127
1198 1954
460 2
973 960
655 806
3030 1955
501 1758
501 521
2342 1956
2342 1493
2342 338
1871 992
1871 908
926 414
388 1209
712 459
712 1957
712 966
1950 1903
1950 827
3031 57
1678 647
3032 1086
3033 992
1551 163
1551 302
1551 140
1959 1440
1959 176
1959 1067
1959 1149
879 1958
879 1859
879 1959
879 1960
879 554
879 1476
5 1136
5 1961
5 315
5 680
5 859
5 55
5 321
5 647
5 1962
5 13
5 506
5 1963
5 82
5 19
5 347
5 196
2062 1964
2062 481
2381 1965
2313 128
2327 782
970 1966
970 1967
970 241
1747 836
2121 1968
3034 911
2021 243
1806 11
1806 1116
3035 1217
314 182
314 1969
314 1970
314 408
314 1971
314 624
314 41
3036 980
1014 636
1014 1972
1014 1973
3037 811
502 834
689 1974
689 455
250 42
3038 20
3038 1975
1425 198
1425 1976
675 964
3039 267
1606 546
1196 818
1196 1977
1196 630
1196 724
1196 1978
1196 358
3040 889
1664 1062
1664 123
565 1603
1966 1188
1966 1321
1966 1979
3041 260
2015 592
379 515
379 1169
379 260
379 1176
379 1980
2049 1169
2049 1981
1538 475
3042 358
3043 1086
3044 1808
2332 809
352 490
1590 321
3045 1982
3046 1983
3046 1518
178 1451
1769 708
1769 1984
1003 818
1003 1355
2089 1096
1741 861
1802 746
1550 1985
2214 55
3047 977
3048 901
1867 354
2010 595
683 1247
683 302
683 261
3049 1203
1220 802
1220 1986
1437 71
1437 100
1437 1987
3050 455
1951 716
1951 311
1951 988
1000 454
304 20
304 1202
304 394
3051 706
1322 1760
398 241
398 413
3052 354
3052 1457
3052 452
633 1926
3053 1988
694 1414
694 1203
995 1033
3054 78
1352 836
1352 975
1352 1989
1352 1990
2232 465
2218 849
1925 1882
1925 1054
3055 1991
3055 1992
3055 1993
3055 1994
3055 425
3055 1995
3055 885
3055 1056
3055 1996
1508 1044
1508 1740
765 1679
765 1807
3056 1997
3057 96
1573 1998
1573 1999
769 806
3058 128
1805 1575
2052 2000
2052 1456
3059 993
3060 1666
3061 1767
3061 1148
3062 901
3063 1544
3064 1621
3065 839
3065 61
3065 2001
3065 80
1971 307
1971 314
2402 2002
2345 913
67 780
67 4
335 159
335 311
335 236
2343 740
407 2003
407 57
2141 624
2141 254
2351 990
3066 1273
1262 260
1262 68
3067 592
3068 187
3069 196
1111 260
218 1364
218 797
218 2004
218 581
3070 901
1710 43
58 2005
58 385
58 2006
1537 1196
1537 2007
718 1229
2163 364
401 169
401 2008
401 68
3071 2009
3072 912
3072 2010
3073 119
1140 1441
1140 74
1140 62
1140 592
1140 934
11 590
11 1243
11 1242
11 1575
11 2011
3074 911
34 34
1852 1358
131 206
131 2012
131 15
131 507
131 859
131 726
131 2013
131 51
131 299
131 2014
2075 513
2075 689
2075 455
268 491
592 2015
317 125
317 2016
317 2017
279 450
279 32
279 2018
279 88
279 2019
3075 112
136 684
243 2020
243 807
243 1451
243 2021
392 1
392 108
392 2022
392 1739
392 859
3076 520
167 851
167 794
3077 1502
3078 2023
3079 2024
3080 1626
527 531
527 1554
2291 811
598 448
598 2025
598 1496
598 2026
598 2027
598 2028
1744 433
1744 1442
1744 703
1744 354
574 390
486 254
486 84
3081 1711
442 2029
442 2030
442 2031
3082 1250
371 1292
371 186
371 688
1717 558
1717 984
1717 1843
1717 373
3083 114
3084 1924
397 1169
397 818
397 2032
397 2033
1987 1778
1987 775
3085 1406
1798 1797
387 1711
2038 1
2038 37
2038 179
2038 2034
3086 2035
3086 659
37 2036
37 1368
37 908
37 180
37 433
37 20
37 163
37 2037
37 2038
37 1056
37 1127
37 898
37 700
37 1666
1668 2039
351 2040
351 159
351 569
351 431
351 493
20 780
20 2041
20 520
20 2042
20 1
20 94
20 169
20 2043
20 2044
20 2045
20 2046
20 2047
20 22
20 643
20 571
20 844
20 61
20 811
20 1357
20 1218
20 2048
20 1271
20 133
20 241
20 159
20 393
20 255
20 624
20 101
20 588
20 1811
20 478
20 1459
20 963
20 2049
20 700
20 712
2286 558
2286 984
1008 1884
2096 2050
631 2051
959 565
2000 2052
3087 942
1766 2053
1766 2054
121 228
1127 781
1127 341
1127 37
1127 1987
3088 2055
1217 143
1217 2056
1217 554
1340 389
1340 255
1340 859
1340 82
1340 22
3089 1100
1886 1639
1886 437
1886 998
1886 391
3090 2057
52 4
52 239
3091 19
1819 11
1819 2058
1819 591
1724 2059
1724 2060
1711 387
3092 112
3093 398
927 1293
3094 318
1964 2061
1964 1544
1964 2062
3095 1677
647 1678
647 1644
647 21
647 5
3096 2063
3097 1307
139 749
139 799
139 2064
139 1237
139 139
1569 1817
2025 41
1182 127
3098 990
2213 481
3099 2065
3100 121
64 921
64 1031
64 2034
1845 2066
189 946
189 141
648 21
3101 1751
518 75
518 554
766 2067
766 432
1247 679
781 182
781 1127
781 774
798 1732
798 1324
1181 1353
3102 2068
3103 2069
3103 458
3103 658
3103 2061
1730 35
1730 959
1730 68
776 386
776 269
855 786
855 154
3104 26
1241 1251
1241 1327
1241 236
3105 176
1454 2070
1454 576
1454 2071
1454 520
1454 2072
3106 2019
3107 1476
206 1706
206 558
206 107
206 14
206 55
206 1245
206 156
3108 113
1999 1573
777 707
777 80
777 2073
777 715
777 754
3109 259
1451 2074
1451 104
1451 243
807 243
940 707
1695 71
3110 1964
238 774
238 958
3111 116
455 228
455 1229
455 2075
288 1616
490 1574
490 260
490 182
490 433
490 1227
490 724
490 459
35 1027
35 1411
35 2076
3112 2077
1500 883
3113 954
1355 1003
898 37
898 2066
898 1149
898 2078
3114 2079
3115 1368
3115 2080
228 1825
228 26
228 41
3116 373
3117 188
1801 2081
549 882
350 159
1447 389
1447 2082
1447 311
1833 544
1833 1937
2118 1060
2118 726
1104 61
2136 846
2136 1362
3118 432
2328 79
3119 68
3120 1083
3121 1843
3121 1352
1915 2083
3122 1269
880 554
881 2084
3123 2085
590 11
590 1923
590 144
1113 2086
1371 929
2081 260
3124 1511
1096 2087
1096 61
1096 2088
1096 2089
1096 609
258 2090
258 885
258 2091
258 2092
258 169
901 2093
901 1091
901 200
901 2094
901 2095
3125 967
2050 2096
3126 846
1876 107
3127 1167
3128 2097
3129 1083
449 2098
449 69
449 859
449 281
449 2099
449 513
449 62
449 1134
449 2100
861 1604
861 230
861 62
861 51
861 701
861 524
3130 1869
715 2101
715 2102
715 627
715 804
715 2103
715 302
3131 2104
3132 2105
138 2106
138 139
203 2107
203 1465
1303 742
1303 2108
1303 2109
1303 126
1303 93
1303 32
1303 809
1303 836
1303 988
654 349
3133 2110
3134 2111
1237 836
1237 837
1237 139
1237 1835
680 5
680 2112
680 232
680 1950
680 2113
680 612
680 686
2350 1406
3135 131
3135 358
14 206
14 821
14 373
14 22
14 1200
14 2114
1883 2115
3136 458
3136 2116
3136 56
923 479
564 1621
1892 1144
1892 2117
1060 2118
3137 358
1316 228
1316 2119
262 1259
262 941
830 27
830 1688
3138 1926
3138 970
3139 446
3140 362
3140 835
3141 66
3142 2120
3143 2121
3143 1053
3144 26
3145 2122
1164 686
3146 26
3146 1119
3147 2123
1557 1406
1557 1141
1557 1893
1557 759
3148 2074
213 773
213 448
213 71
213 841
213 2124
213 2125
213 169
213 2126
1178 1825
3149 699
568 1314
568 1061
568 2127
568 100
568 872
568 2128
568 471
568 1634
568 385
568 1677
568 1318
160 66
160 339
748 2129
748 2130
3150 2131
488 61
488 169
488 1420
488 126
368 1089
368 424
368 2132
1755 421
1755 373
2093 901
260 859
260 1027
260 468
260 490
260 478
260 1111
260 1080
260 2081
3151 1276
84 2133
84 120
84 964
84 2134
84 2074
84 786
84 486
84 2135
1657 1077
183 797
183 581
1498 967
1498 139
3152 1113
1362 2136
785 195
3153 1677
3154 1731
3155 1113
1238 1666
1822 1037
1822 920
3156 531
736 84
736 1519
1512 2137
1512 2138
43 1248
43 195
43 53
43 249
43 1385
43 159
43 1058
3157 83
1677 568
624 2139
624 2140
624 373
624 20
624 314
624 863
624 144
624 2141
1875 1082
1783 450
1783 161
1783 883
1783 66
628 1717
3158 249
2019 7
2019 4
2019 279
3159 947
1192 119
1192 548
1192 859
3160 2142
394 597
394 1511
394 202
394 221
394 424
394 232
394 304
2206 217
2206 1011
1575 11
1575 1805
1575 2143
1575 2144
318 58
3161 886
536 856
536 83
536 2145
730 2146
2245 126
3162 1097
1269 39
1269 2083
1269 385
1269 2147
1269 861
1269 505
1269 228
2139 624
346 159
346 1230
1043 1042
1043 137
543 2148
543 1631
3163 2149
3164 107
3165 901
3166 181
634 2150
634 2151
634 1445
634 2152
634 73
634 2153
1146 2154
1146 209
3167 317
3168 1415
1882 2155
1882 381
207 97
207 282
207 810
207 1893
1231 1131
1231 1525
3169 2156
3170 255
1275 432
3171 62
373 951
373 61
373 209
373 1359
373 2157
373 2158
373 22
373 2046
373 221
373 154
373 1056
373 624
373 2159
2363 2160
2363 2161
364 2162
364 2163
364 2164
364 1401
364 2165
364 134
364 2166
364 1325
364 2167
364 1167
364 546
444 615
444 2168
75 9
75 518
589 222
589 774
589 1567
589 1183
589 2169
589 1945
589 156
3172 22
72 4
1935 232
688 2157
688 349
688 887
3173 584
1129 874
1129 374
3174 66
3174 7
1587 2170
1587 321
3175 221
2251 68
2262 2171
123 512
993 2172
993 2173
993 872
993 1671
1856 760
658 263
658 1124
658 2174
658 1328
658 2175
658 221
658 1175
658 2176
658 348
3176 2177
1834 359
219 2178
219 2179
219 2180
22 1340
22 88
22 520
22 2181
22 169
22 2182
22 1315
22 774
22 2183
22 859
22 643
22 35
22 625
22 812
22 481
22 2184
22 672
22 634
22 61
22 680
22 14
22 2185
22 0
22 1192
22 2186
22 25
22 1680
22 389
22 2187
22 887
22 20
22 1549
22 303
22 1774
22 2188
22 82
22 2189
22 385
22 2190
22 2191
22 546
571 20
571 81
571 432
571 1640
3177 754
1395 2192
1395 2193
1395 2194
1395 578
2248 2195
1820 2196
3178 727
3179 1419
3179 458
1117 277
2289 2197
2235 780
932 1638
932 2198
2338 959
2338 1240
3180 1321
3181 1420
345 2199
345 113
345 34
345 2200
345 169
3182 751
347 2201
347 1278
347 5
347 273
347 2202
347 159
3183 750
3184 2203
992 1871
992 330
992 1278
3185 1951
1233 359
3186 287
353 159
3187 2204
1456 1456
1456 512
1456 1741
1456 2205
2223 2206
2223 468
2223 317
473 303
473 2207
3188 315
3189 303
1485 200
3190 1485
361 356
3191 1027
3191 700
3192 1254
498 1847
498 429
577 390
1909 1136
484 2208
484 119
484 1369
1548 14
1548 199
1544 2209
1544 149
1544 2210
1544 232
1544 1104
1544 472
1544 2211
692 276
692 2212
692 18
692 844
481 1991
481 972
481 209
481 2213
481 2062
481 254
481 311
3193 1559
3194 1148
849 773
849 2214
849 2215
849 186
849 4
849 900
849 165
849 281
849 2216
849 2217
849 362
849 2218
849 2219
849 2220
849 2221
1389 109
3195 1438
3195 219
2331 1720
2331 288
2331 2222
3196 2149
1204 284
1056 365
1056 113
1585 263
2303 1308
3197 2000
2094 901
3198 107
298 1176
468 185
468 1511
468 570
468 644
468 408
468 260
468 1395
468 2223
468 496
468 1496
468 34
1320 1168
400 2009
1300 1197
3199 2224
1722 232
1722 684
3200 221
905 1662
585 773
531 527
531 2225
531 232
531 519
531 169
3201 116
2404 2226
2404 2227
1608 182
1608 665
3202 2022
3202 2228
3203 872
370 488
1123 853
548 1192
548 482
548 1110
548 1735
548 1516
548 826
548 1283
548 1318
2229 2229
810 207
810 2230
3204 1643
2394 1951
3205 886
764 1420
764 1888
2302 206
2302 2231
1526 959
1526 1026
465 429
465 2232
3206 2233
1937 232
3207 999
1566 1974
1566 225
3208 291
2240 2234
2240 284
163 37
163 1551
163 2235
163 2236
163 998
163 2237
163 221
163 1418
3209 159
3210 2238
1047 2239
1047 809
3211 1230
2234 456
2234 2240
2234 2109
2234 186
2234 509
2234 1046
1986 1220
2112 1991
2090 258
1152 2241
1152 71
1152 213
1152 287
1152 1185
1152 1203
1152 1251
1152 2242
1152 2243
3212 26
1898 2244
1898 264
3213 222
3214 919
126 488
126 2245
3215 608
3216 169
3217 249
3218 2246
3219 144
3220 1004
1772 704
1958 879
496 855
496 84
496 686
1032 714
278 87
3221 358
3222 352
1869 2247
1869 232
972 826
972 975
972 960
972 1740
2195 2248
1552 140
1440 1027
1440 35
1797 2087
1797 2249
1797 1402
3223 432
845 707
845 1387
845 591
845 169
1929 278
265 100
265 69
434 423
434 988
2284 2250
68 130
68 1149
68 319
68 2251
68 794
68 2252
68 153
68 2253
68 2073
68 1639
68 149
68 209
68 1620
68 408
68 2254
68 1262
68 83
68 0
68 456
68 2255
68 2256
68 169
68 2257
68 221
68 152
68 554
68 159
68 714
59 4
59 77
171 2258
171 2259
3224 442
2164 364
2357 2260
3225 20
903 2261
2171 2262
2171 2171
2171 520
920 910
920 267
920 2263
920 1822
1880 915
3226 1898
3227 2264
1907 50
1476 879
3228 1518
3229 1551
2378 2265
2378 239
1354 975
1549 22
815 708
815 2065
815 700
3230 169
3231 2266
3232 448
2168 164
2168 444
687 1229
1528 395
1057 113
930 2267
3233 1086
3233 1262
919 267
3234 2268
1750 1677
1750 476
1750 1307
3235 937
818 741
818 397
818 2269
818 68
3236 359
1333 548
1333 780
1333 2222
3237 260
3238 1835
3239 2270
3239 429
3240 960
2348 114
69 836
69 4
69 264
69 182
69 265
3241 1002
644 1625
644 21
3242 371
1749 2271
3243 228
1081 2272
2103 715
3244 1498
524 2196
524 786
524 861
524 266
3245 205
3246 2273
495 1634
2150 1568
3247 874
3247 677
477 1013
477 584
477 15
477 254
477 362
164 2168
1126 1213
1126 389
1126 2274
557 1685
3248 581
3249 449
2046 1054
2046 373
599 2275
599 2027
991 1406
991 330
3250 2276
911 1010
911 2277
911 380
911 381
1940 232
255 1340
255 386
255 2278
1492 2279
1492 61
1492 456
1492 2280
464 1961
464 357
3251 871
3251 759
3252 2281
1530 2282
71 14
71 4
71 209
71 20
71 213
71 273
71 1695
71 1213
71 254
71 659
71 539
71 949
71 1580
71 672
71 555
78 100
73 2283
73 634
73 479
73 169
3253 1086
3254 154
1788 879
2250 2284
1180 2285
1180 299
1180 1353
3255 253
1317 1891
3256 310
578 390
558 1717
558 131
558 206
558 2286
558 2287
558 1203
558 689
3257 2288
3257 1262
3257 88
147 111
3258 1666
3259 609
3260 1076
3261 1341
2207 473
3262 1137
811 2289
811 2290
811 2291
811 2292
811 1110
811 140
1200 14
3263 1229
2285 1180
3264 1304
3265 260
3266 1020
3267 176
3268 2293
1650 2294
1650 2295
1650 2073
3269 942
1435 1083
1098 254
1601 283
3270 1160
3271 1230
3272 1997
3272 1677
297 1390
297 2296
3273 1442
1067 1959
1067 1368
1067 51
3274 2297
2152 634
2152 2298
1407 1731
1407 302
758 329
240 859
240 188
240 189
240 239
240 1683
698 2299
698 10
493 1644
493 351
493 99
493 775
493 1459
493 2018
493 2300
493 302
1312 2301
1312 1544
1312 2302
1308 93
1308 2303
3275 1804
466 303
719 186
719 679
2016 317
494 2304
1849 2305
1849 173
1849 2306
1234 2307
1234 15
1234 98
3276 911
622 1646
3277 35
467 303
1165 686
1293 927
1293 1568
247 2308
247 1644
247 84
247 5
3278 1886
148 2309
148 1598
148 1745
148 571
148 1862
148 2310
148 113
148 1760
148 2174
148 2311
3279 977
3280 20
1150 1396
1832 1827
1832 2312
3281 186
2199 1495
293 2313
293 2314
98 1924
98 1222
98 1390
98 93
98 1234
98 2315
98 159
98 299
1453 228
1453 980
1453 26
1453 68
1160 206
2228 2316
3282 22
3283 2317
3283 1857
2077 546
1386 2127
474 1369
474 373
474 221
474 303
474 794
474 1494
3284 1786
3285 1456
3286 836
3287 2318
3288 2069
3289 1008
2380 2319
1780 2320
1613 1565
891 1398
3290 182
3291 2321
3292 260
3293 1191
696 213
3294 377
767 806
767 2322
767 2323
3295 2324
3295 2325
3296 5
168 851
168 2059
184 797
3297 513
231 1226
28 831
28 27
3298 22
1644 493
1644 1073
1644 734
1644 463
448 928
448 493
448 911
448 2326
448 500
448 213
448 282
448 317
448 2048
448 1083
448 169
448 2327
448 866
448 1362
448 358
79 2328
79 1101
79 2329
79 229
3299 1847
2330 2330
1777 1897
1777 26
2254 68
3300 352
2222 854
2222 1133
2222 249
2222 2331
2222 1333
2222 2332
2222 2316
2013 131
2013 1632
3301 503
3302 2333
406 2334
1763 1209
570 468
735 182
788 282
788 209
2379 1192
1893 942
1645 2335
363 356
870 582
870 488
870 1318
3303 583
173 2336
173 459
173 25
173 209
2203 505
2203 2337
1240 1251
1240 1243
1240 2338
3304 2339
1517 1659
166 851
1514 768
1591 886
93 509
93 856
93 1640
93 2274
93 637
3305 2340
3306 43
1055 626
1055 536
1055 1083
1055 113
1055 238
1055 2341
1956 1144
1956 2342
740 2158
740 1881
740 373
740 2343
3307 169
1758 501
3308 2327
3309 1632
3309 2344
372 2345
825 897
1203 1086
1203 558
1203 1615
1188 1966
3310 1259
3311 2346
3312 156
3313 209
608 885
1928 478
1928 86
1928 182
1928 1289
3314 870
3314 356
982 640
3315 125
873 714
538 176
3316 37
3317 49
1406 2347
1406 1757
1406 2348
1406 1969
1406 2349
1406 1964
1406 2350
1406 504
1406 55
1406 573
1406 1257
1406 991
1406 503
1406 1557
1406 784
1406 157
3318 1575
3319 2260
3319 1422
3319 990
3319 225
3319 2351
3320 672
945 722
945 1565
945 130
945 1614
945 2352
3321 1137
235 2353
3322 484
2072 1710
1729 176
3323 1038
639 1751
639 1825
0 316
0 1653
0 2233
0 209
0 422
3324 20
437 1886
437 2354
682 302
682 710
2230 810
756 2355
566 2356
2260 2357
2260 38
389 108
389 2358
389 656
389 2359
389 2360
389 1447
389 2361
389 2362
389 1306
389 768
389 1055
389 294
389 254
389 241
389 1847
389 509
389 255
389 2289
389 714
389 34
389 2141
3325 593
3326 1345
2160 2363
3327 2364
1424 262
1270 452
1270 316
3328 14
1169 1708
1169 20
1169 397
1169 2365
1169 920
1169 232
1169 241
1169 2296
1169 1448
1169 2366
2190 1640
700 708
700 20
700 983
700 1119
700 2367
700 119
700 2368
313 782
125 292
1651 224
1480 452
3329 1
520 1065
520 2369
520 20
520 2171
520 593
520 2370
520 2371
520 1402
520 266
322 607
322 209
1479 470
489 689
489 2372
2149 1067
6 2373
6 2374
453 109
453 21
129 747
129 258
129 651
129 197
129 2375
129 2376
129 2377
129 266
461 300
2265 2378
859 131
859 96
859 260
859 53
859 22
859 20
859 5
859 1340
859 71
859 232
859 428
859 439
859 2379
859 169
859 1192
859 1184
859 50
1683 2380
1683 1368
1683 1203
1683 239
1683 240
1965 2381
2006 2382
2006 2383
2006 61
3330 1413
1914 2384
1989 1881
3331 497
3332 1041
848 1494
848 169
217 317
1598 1097
1357 2385
1357 321
1357 68
1824 582
3333 391
3334 358
852 757
1499 967
1499 2386
2322 442
2210 2387
1738 197
430 240
705 208
1489 71
1489 872
1377 2388
1377 141
869 2389
869 706
1602 283
2405 2390
1527 1911
1527 386
1527 2370
1527 828
1153 2391
1751 2128
1751 720
1751 2392
1751 639
986 88
3335 976
3336 107
906 880
906 2378
2361 389
1128 2393
601 425
601 638
1745 341
1745 146
1745 148
3337 51
3338 2394
3339 209
3340 716
1255 2395
3341 55
514 71
514 2396
1115 2074
1115 2397
1115 700
3342 1350
3343 1406
1870 2398
620 1769
3344 28
471 385
471 568
471 303
471 2399
471 381
833 1091
1071 171
1071 761
1071 2400
2122 1016
1449 396
1449 1679
1084 1952
1095 2401
1095 512
887 1426
2183 22
1603 2402
1603 1368
1603 2403
1603 565
1469 928
1469 245
3345 484
2227 2404
3346 385
2390 2405
201 2406
201 188
662 674
662 83
3347 1750
