1431 0
2540 1
62 2
62 3
62 4
62 5
62 6
1393 7
1393 8
2457 9
2506 10
1822 11
2541 12
976 13
976 14
452 15
452 16
452 17
452 18
303 19
303 20
303 21
303 22
303 23
303 24
303 25
2542 26
1689 27
1239 28
1239 29
898 30
898 31
42 32
1665 33
1665 34
2543 35
1866 36
2152 37
2152 38
2152 39
1225 40
648 41
648 42
1852 43
1852 44
1852 45
1249 46
1249 47
1249 48
1249 49
1249 50
1249 51
2544 52
999 53
999 54
834 55
442 56
220 57
365 58
365 59
365 60
365 61
365 62
365 63
365 64
2545 65
1250 66
1250 67
438 68
438 69
438 70
438 32
438 71
438 72
438 73
438 74
438 75
438 76
438 77
1609 78
977 79
2546 80
2188 81
1041 82
1041 83
2547 84
2548 85
2549 86
2550 87
198 88
198 89
198 90
198 91
198 92
198 32
198 93
198 94
198 95
198 96
198 97
198 98
198 99
198 100
198 101
198 102
198 103
198 104
198 105
198 106
198 107
198 108
2213 109
1231 110
1231 87
2202 111
318 112
1833 113
115 2
115 114
115 115
115 16
115 116
115 117
115 118
115 119
115 120
115 121
115 122
115 123
115 124
115 111
115 125
115 126
115 127
115 128
115 45
115 129
115 130
115 131
115 132
115 133
115 134
115 135
115 136
115 137
115 138
2551 139
2551 140
1015 141
1015 124
1015 142
1015 143
1015 144
1015 145
1015 146
1015 147
1015 148
1015 149
1015 150
1015 151
1015 152
1015 153
1015 154
1015 155
1015 156
1069 157
1069 158
1069 159
1069 160
1069 161
1069 162
1069 163
1069 96
2469 164
2552 165
2432 166
2515 167
636 168
636 169
636 170
636 171
636 98
636 6
636 172
636 119
636 173
636 174
636 175
2553 176
2554 177
1182 178
1182 179
533 180
533 4
533 181
533 182
2555 183
2555 184
574 185
457 186
457 73
457 187
457 1
457 188
457 189
457 190
457 191
457 192
457 193
457 10
457 18
457 194
457 195
457 196
457 197
457 81
457 198
457 199
457 200
1305 201
2556 202
2557 203
1400 87
273 204
273 205
273 187
273 206
273 134
273 207
273 208
273 209
273 210
273 211
273 12
273 212
273 213
273 45
273 214
272 215
272 216
1122 211
1122 217
57 218
57 219
57 220
57 221
57 222
57 223
1554 224
407 225
407 226
2558 227
875 228
875 229
875 230
875 231
875 232
875 233
875 149
875 234
875 235
875 236
875 237
875 238
875 239
35 240
35 241
127 115
1514 242
2559 243
2559 244
1155 187
809 245
362 149
362 189
362 246
362 247
362 248
460 249
460 178
460 89
460 250
2391 251
377 252
2560 253
2561 254
2561 255
2561 105
2561 256
2561 257
1912 258
2071 259
2243 260
2243 261
2562 187
2562 262
2166 16
2166 263
968 264
2563 73
2564 265
1264 266
1375 41
1375 267
1375 268
1375 269
1375 270
1375 271
1424 189
2565 272
943 273
943 45
1937 232
2566 274
1648 275
1648 276
2305 277
2305 88
664 278
664 279
664 280
664 281
664 282
2567 283
363 284
363 285
363 286
363 287
363 147
363 288
363 289
363 107
363 222
363 290
363 291
2568 189
2569 292
2569 88
2570 73
2571 293
2572 78
1750 124
1586 294
1383 295
51 296
1726 297
2573 298
2573 299
1078 300
1309 301
1309 302
2574 273
2575 303
2575 1
400 304
400 305
2104 306
2104 307
2104 308
2576 282
2577 309
2578 27
2578 310
2579 311
2580 312
2581 313
1237 147
1447 314
1447 315
1447 316
2582 317
2583 318
2394 22
2394 319
2033 94
107 320
107 321
107 322
2584 323
1577 295
1577 191
213 324
213 325
213 326
213 327
213 328
213 329
213 223
2585 241
1059 312
1059 330
88 331
88 332
88 333
88 334
88 335
88 336
88 70
88 337
88 338
88 339
88 340
88 341
88 342
88 343
88 344
88 345
88 32
88 346
88 347
88 253
88 95
88 348
88 349
88 350
88 351
88 352
88 142
88 353
88 354
88 355
88 324
88 187
88 356
88 357
88 146
88 358
88 45
88 165
88 359
88 73
88 360
88 361
88 222
88 362
88 363
88 189
88 364
88 365
88 1
88 48
88 263
88 366
88 367
88 368
88 369
88 370
88 371
88 372
88 373
88 198
88 374
2586 375
252 376
252 377
252 378
2587 379
2466 380
2466 303
2588 381
1098 382
1098 383
2589 384
1361 385
1445 131
475 386
521 387
2149 388
410 389
410 390
410 391
410 392
410 393
1296 394
1296 395
1296 396
2590 397
2591 398
2163 399
2592 400
1942 401
1942 402
2593 403
2179 49
768 404
768 54
768 199
768 295
652 54
652 295
652 405
2594 406
165 407
165 10
165 408
165 45
165 409
165 410
165 87
165 411
2595 412
2596 413
309 54
1759 414
1759 415
1120 182
2597 416
2597 1
244 417
244 253
244 418
244 419
244 420
244 421
244 422
244 423
1209 204
878 183
1186 424
1033 1
2348 425
832 426
832 427
428 428
428 429
428 430
428 431
428 432
587 433
587 434
587 435
587 436
1552 437
2598 438
386 439
386 440
2599 441
1958 3
1958 442
2398 443
2398 444
2189 73
2189 81
2189 392
2189 445
2600 266
1747 27
1747 446
1747 447
2601 448
2601 449
18 450
18 451
18 452
18 32
18 453
18 454
18 455
18 456
18 457
2602 458
25 459
89 460
89 461
89 147
89 133
89 462
89 463
89 464
89 465
89 198
1994 466
2603 441
2604 115
2605 258
1612 467
2395 133
2395 142
1382 54
1382 295
2606 468
2607 469
2608 470
2092 471
2092 472
2092 221
1145 412
1145 308
1145 473
2609 210
1889 474
2610 398
2610 368
705 475
705 476
705 477
705 478
705 214
705 479
2192 35
2192 480
889 453
310 481
1694 332
1694 482
1694 483
1293 189
1293 484
1293 485
1293 345
1293 16
1293 486
1293 487
1293 488
2611 3
1159 489
1159 490
1159 345
1159 491
1159 448
1159 191
1159 492
1159 493
1159 112
1159 494
1159 495
708 73
708 496
708 497
708 498
211 273
211 499
1722 500
188 280
188 501
188 424
188 146
2612 295
434 502
434 189
434 503
434 345
434 1
434 504
434 331
434 505
434 506
434 507
434 508
434 472
434 509
434 120
434 510
434 152
434 511
434 333
434 257
434 512
434 513
690 430
1560 514
1560 515
2399 516
137 115
2256 517
1966 518
1793 519
1793 442
2613 73
2234 520
387 521
387 522
136 523
1143 524
1143 298
1143 525
1143 526
1143 527
1143 528
1143 61
1143 62
1143 443
1143 529
1143 282
1143 530
1143 531
2614 532
1251 14
1251 533
1251 534
2615 535
2616 536
2616 509
537 537
537 488
770 538
770 539
770 263
770 540
770 184
770 541
770 542
1993 466
884 453
624 345
2617 165
12 73
12 273
12 543
12 345
12 544
746 545
746 546
1126 547
197 548
2618 549
2618 550
279 551
2619 30
311 552
311 159
311 553
311 554
311 555
1082 40
1082 556
2139 556
1588 183
2620 339
2621 73
1654 557
1545 431
2622 558
558 471
558 559
558 109
558 560
558 561
558 363
558 562
558 563
558 120
558 58
558 564
558 565
558 142
2623 566
1503 567
1503 568
1503 569
1503 232
2463 428
2463 570
2463 571
2463 572
2624 58
185 573
185 545
185 574
185 575
1245 576
1066 163
1876 577
2625 578
2625 579
1054 580
1054 187
1054 581
1054 55
1054 582
1054 583
1054 584
1054 585
1054 586
1054 587
2159 588
1030 295
1030 115
1030 215
1030 448
1030 589
1030 410
1030 45
1030 590
1030 591
1030 592
2067 193
2067 593
2067 594
2067 389
370 471
370 595
370 596
370 597
370 598
370 88
370 599
370 165
370 600
370 302
370 601
370 602
370 603
370 245
370 604
370 605
370 298
370 346
370 262
370 606
2626 357
2118 607
1920 72
2227 608
2227 609
2227 539
2627 610
2628 611
1819 612
1819 308
789 412
789 613
789 614
2629 298
2630 615
203 471
2237 616
2237 617
2631 457
2632 618
2632 318
549 619
549 620
1901 258
2633 453
2414 621
2634 157
1506 622
2441 58
2441 449
2441 623
2441 411
2441 280
2441 624
2441 625
2441 626
253 433
253 115
253 627
253 628
253 629
253 630
253 339
2635 631
2636 53
2400 251
2637 178
148 149
2638 615
2097 186
2097 200
2097 632
2097 633
2097 634
2097 238
2639 54
812 635
175 636
175 5
1389 637
1389 298
1389 638
1887 232
673 639
1148 640
429 641
429 83
429 1
429 642
429 643
429 644
429 428
429 645
429 346
2640 607
2640 646
686 540
686 647
2641 453
2028 648
2028 19
2028 45
2028 649
2028 650
2028 488
2642 448
2643 312
1449 316
451 559
451 351
451 538
451 651
2644 652
2644 653
2644 295
2645 654
2646 655
1156 38
1156 187
1156 656
1189 657
2647 658
2648 659
2648 660
2648 661
2648 662
2648 663
978 518
978 664
978 665
978 64
978 624
2649 457
2650 666
1568 667
331 401
2651 668
2501 10
544 669
544 189
544 670
544 671
544 672
544 673
544 327
544 674
544 675
544 161
544 676
544 677
544 678
544 256
544 87
544 679
544 447
544 680
544 681
544 682
544 295
907 651
2652 683
1045 684
647 685
647 686
430 687
430 688
430 689
430 690
430 428
430 691
430 692
336 678
336 693
336 64
336 694
336 88
1086 695
1086 696
1295 677
1295 697
1295 698
1295 395
1295 232
1071 699
2653 700
1094 229
938 701
2654 317
2047 702
2655 703
2655 344
1905 258
2656 73
477 704
477 705
1257 706
1073 311
1163 73
1163 707
496 146
496 345
496 6
496 654
496 708
496 709
496 710
496 711
496 621
496 428
496 712
496 713
2657 73
2657 124
254 714
254 290
2658 676
1139 189
1139 190
1139 715
1139 716
1061 717
2659 668
954 685
954 540
954 389
954 718
1173 499
1877 105
1294 382
1294 719
1294 448
1294 468
1294 720
1294 499
2660 721
2661 96
52 722
2662 723
102 198
2205 724
2205 111
2205 665
929 623
2663 725
2664 659
1756 726
2665 727
606 558
2666 728
2667 438
114 295
114 115
114 729
114 730
114 32
114 731
114 732
2668 446
2668 733
2668 120
1137 509
1137 87
178 53
178 147
178 533
178 258
178 734
178 735
2669 736
2029 283
2670 737
757 536
757 738
757 739
757 740
2671 73
2672 344
1934 741
1934 742
545 185
545 743
545 164
545 744
545 745
545 746
545 142
988 747
988 232
988 748
988 749
988 750
988 720
988 13
988 529
988 751
988 752
988 7
988 753
988 754
2229 755
2229 295
2229 756
739 757
739 758
739 258
1084 759
1084 760
1084 761
1084 307
1084 64
1084 33
1084 762
566 316
378 763
2673 764
2674 741
2675 765
2676 312
164 766
164 767
164 768
164 769
164 770
164 771
164 772
164 773
164 774
164 775
164 776
164 777
164 778
164 241
164 779
164 780
164 781
164 40
164 782
164 783
164 784
1930 785
2363 410
2363 1
2677 786
1001 186
1001 345
1001 787
1001 788
1001 497
1001 404
1001 371
2678 318
1204 710
1204 551
1204 789
1204 790
2679 791
2679 614
1672 792
1699 793
13 314
13 794
2680 308
983 795
983 796
983 393
1584 797
1584 232
2681 798
1970 124
1970 799
1970 800
404 801
404 365
404 787
404 472
404 752
404 295
317 802
317 83
317 803
317 804
2682 484
2682 805
2682 147
2682 806
2682 244
2682 807
972 808
972 336
972 694
2683 809
743 810
743 811
2684 186
1291 78
2685 332
1603 78
635 812
635 698
635 813
2686 73
2060 814
2060 815
2060 64
2060 816
2687 817
1544 593
2392 319
1774 668
1638 806
425 103
425 818
2537 819
47 820
47 189
47 444
2279 710
2688 821
2689 315
2690 540
843 312
2691 189
2692 822
2102 823
2102 824
2102 825
2693 826
1922 298
2694 44
2695 827
2253 828
1666 829
2504 10
2338 830
2338 445
2338 19
2338 32
1234 389
1234 831
2696 312
426 832
1916 800
1916 258
1026 301
1026 45
1026 833
1026 834
1026 835
2360 48
2697 836
281 837
281 664
2698 838
799 124
799 839
799 840
2699 841
1604 78
728 238
2266 842
2277 313
2277 256
2277 501
2277 843
2277 710
135 844
2108 836
899 189
899 36
899 845
1440 846
2700 392
592 847
592 668
592 848
592 849
592 850
592 126
592 851
2701 852
1989 853
1636 806
2193 480
2702 854
2112 855
2112 856
2703 857
2704 540
2704 371
1895 258
883 544
883 473
2705 251
2705 858
2705 859
2705 860
1411 861
1411 862
2304 863
2706 864
2706 865
2380 265
2380 501
384 866
384 167
384 867
384 868
384 312
384 88
384 630
1637 206
2707 169
1012 869
1012 870
1846 871
1846 80
1856 872
1856 452
2708 873
2301 874
229 875
229 295
71 438
879 876
879 877
879 304
879 206
879 878
879 879
879 400
879 880
879 120
879 881
879 598
879 183
453 882
453 389
453 883
453 884
453 345
453 885
453 32
453 886
453 887
453 888
453 889
453 151
453 499
453 890
453 45
453 891
453 18
453 892
453 893
453 894
2709 895
1114 896
2710 11
2168 147
1614 314
1614 657
30 897
30 898
30 873
30 899
30 900
30 901
651 451
651 902
651 903
651 904
651 266
651 905
651 73
651 586
651 906
651 907
2711 107
221 57
221 848
221 263
221 908
221 909
221 910
221 911
221 223
221 851
221 592
1682 147
1682 142
85 58
85 912
1374 913
1374 914
1374 32
1301 915
1022 916
1022 917
1022 918
2712 919
117 920
117 921
117 392
117 115
923 922
923 923
923 924
1323 280
1641 925
2713 78
1683 880
1683 142
2714 539
1519 926
1519 345
1519 927
2715 518
2716 382
2717 266
2718 928
2719 929
604 930
604 339
604 370
604 793
1127 274
2162 363
1072 931
1072 163
1072 932
2206 206
2206 111
2720 933
2721 1
2722 934
2722 935
2723 936
773 775
773 164
1815 937
1815 938
1616 939
2224 232
2724 725
2724 5
2725 722
905 940
905 941
905 942
905 432
905 677
905 943
905 18
905 944
1346 945
1346 198
2150 538
1009 946
1909 258
2726 767
2727 295
2077 74
2728 332
2204 206
2024 570
2729 947
891 948
891 949
1074 950
1146 951
1146 952
1146 953
2730 238
2730 932
2730 167
2525 151
718 954
718 232
2355 322
2731 955
2732 496
109 956
109 957
109 187
109 558
2733 958
200 959
200 491
200 263
200 960
2734 961
210 670
210 962
210 468
210 963
210 62
210 964
210 965
210 966
210 967
210 968
210 317
2735 659
2736 357
2737 969
2737 970
470 971
470 169
2738 318
2739 972
2739 973
2329 712
598 974
2039 975
297 532
2740 58
2741 976
2209 501
2209 977
665 978
665 979
2742 617
2743 980
935 981
935 722
2744 238
2745 10
2746 64
2747 347
655 73
2748 982
2508 983
2508 984
2749 985
2749 95
1670 986
2750 88
1048 987
1048 365
749 313
749 988
2751 952
2751 989
2752 990
1333 991
1333 298
1333 992
1333 993
1056 994
2753 588
1141 995
1141 996
1141 652
1141 997
490 998
967 722
2754 314
2755 999
787 404
787 1000
787 1001
674 1002
1781 1003
1841 1004
1841 1005
1841 63
1841 1006
946 1007
946 1008
946 1009
586 1010
586 339
586 1011
870 1012
2756 1013
2757 685
2383 1014
2758 1015
2758 1016
2758 1017
2758 363
2758 1018
2759 58
1465 1019
2760 1020
2760 1021
2761 15
2762 663
916 1022
916 789
1574 539
1574 191
1091 725
895 1023
794 13
794 1024
139 1025
139 854
2763 284
2764 858
835 1026
215 216
215 272
215 1027
215 263
215 1028
215 115
215 1029
215 1030
215 111
215 265
215 1031
215 88
215 978
215 1032
2765 1033
790 927
2766 537
73 1034
73 1035
73 1036
73 932
73 74
73 1037
73 1038
73 217
73 499
73 162
73 88
73 655
73 1039
73 651
73 807
73 1040
73 588
2767 567
2768 1041
2769 527
1974 271
1587 1042
156 678
156 1015
156 1043
1578 1044
2770 1045
678 1046
678 83
678 1047
678 432
678 1048
678 617
678 336
678 1049
678 1050
678 156
627 1051
627 253
627 1052
2053 1053
580 411
580 1054
2373 1055
1303 301
1303 290
2771 722
2772 1056
2772 1057
2772 1058
2772 269
2772 1059
2240 1060
1703 1061
980 1056
2484 401
2773 1062
1491 1063
1491 1064
1040 73
163 1065
163 950
163 1066
163 1067
163 1068
163 1069
163 1070
163 1071
163 1072
163 1073
163 162
163 1074
1124 764
1764 821
1764 1075
1764 1076
1764 155
1764 1077
326 324
2774 27
300 1034
300 1078
2775 1079
2775 314
2776 1080
40 1081
40 164
40 964
40 1082
40 864
40 1083
724 189
724 390
762 543
762 754
762 1084
2777 708
403 1085
1999 1086
1999 84
1081 115
2778 1087
1236 1088
1236 1089
2779 50
2183 49
2780 725
2781 798
2781 88
2336 1090
2336 45
1997 1091
1997 779
2782 975
2783 1013
2784 1081
1433 1092
1433 1093
1433 1094
966 210
1985 370
2263 695
1448 316
561 142
1826 152
1826 1095
1971 211
1971 1096
2785 727
383 1097
383 1098
383 339
2449 1099
2449 730
2181 1100
2181 49
562 558
1824 1101
1824 1102
2786 1103
23 303
727 501
986 792
1032 215
1032 1104
2787 133
2468 1105
2788 1106
2100 822
2789 164
499 1107
499 1108
499 447
499 1109
499 453
499 78
499 1110
499 978
499 1111
499 1112
499 1113
1106 715
2790 1114
2791 720
645 58
645 1115
1416 471
1416 1116
1416 953
1416 1011
1416 1117
463 89
2792 594
1931 784
1931 785
1592 936
1592 332
1592 308
2793 444
2127 1118
182 723
182 533
182 1119
182 314
182 313
182 1120
217 73
217 1121
217 1122
217 1123
2794 115
2795 1124
2022 989
547 329
547 1125
547 1126
2075 319
2796 1127
1348 1128
2797 1060
2797 27
2798 73
2799 1129
2800 470
1797 1130
1797 45
1797 1131
1797 1132
352 88
915 645
2801 1133
227 446
2802 279
20 303
2803 1134
1509 858
1509 1135
320 1136
320 1137
1691 1138
1691 45
1691 1110
716 1139
2804 673
2805 8
2805 1140
2806 1141
525 1142
525 700
525 73
525 1143
525 1144
525 926
473 883
473 1145
1438 68
1438 879
1438 1146
1438 1147
1438 881
79 7
640 1148
640 199
640 1149
2807 146
97 1150
2808 260
187 219
187 88
187 340
187 32
187 1151
187 1152
187 1153
187 888
187 650
187 1154
187 1155
187 928
187 142
187 189
187 133
187 1156
187 1030
187 1157
187 1158
187 630
187 1159
187 1160
996 78
996 1161
996 1141
1028 1162
707 73
707 1163
2809 836
1935 548
1935 197
1935 332
1935 836
2810 848
2811 1164
1583 1044
1583 1165
2812 1166
162 1167
162 160
162 1168
162 73
162 1069
162 163
162 1169
2813 1170
2814 1171
134 115
2815 840
660 169
2333 518
2333 45
2333 482
2333 441
2198 1172
2816 799
2817 1173
2043 975
2043 1174
1915 1175
1915 258
1742 293
1742 339
1742 32
2818 332
1661 1176
2819 1177
1929 1178
1929 1179
663 741
1103 806
1103 575
54 1180
54 768
54 652
54 720
54 974
54 1181
179 1182
2820 1183
2820 687
2821 31
2822 273
2822 880
2823 1184
424 58
424 557
424 1185
424 1186
424 1187
424 282
424 1015
424 1057
424 1188
424 1189
424 122
2182 1190
2182 49
2302 1191
2824 1192
2824 1193
1144 525
1725 1194
1725 1195
2485 189
641 149
641 1196
641 1197
641 429
2825 1198
2825 1199
2826 1200
1702 984
1947 1201
1872 1202
2827 103
150 1015
150 6
150 993
2828 1203
551 1204
551 151
551 279
551 1205
2829 1206
481 821
481 1207
481 310
1860 1208
204 1209
204 417
204 1210
204 850
364 479
364 126
2830 1211
1597 1212
1597 1213
1597 506
1597 183
1597 726
392 410
2831 32
1952 725
1952 1214
397 214
397 1215
397 802
397 1216
397 32
90 198
90 96
90 102
849 931
849 201
849 1217
849 810
849 880
849 1218
138 584
1080 855
1080 17
1080 588
1215 397
2832 1219
2197 1
1336 1220
2417 499
2833 1221
867 1222
2834 319
2531 1223
658 688
742 864
742 884
742 1224
742 1225
1927 472
1068 699
1980 1226
1655 913
287 1227
287 287
2835 1228
2835 1229
2836 1230
2354 1231
2354 1232
2354 448
2354 1233
2354 191
2354 624
2086 496
2086 1019
2086 206
2086 1234
2086 618
2086 1146
2837 520
2837 551
2837 101
2838 5
1331 507
413 1235
2498 339
125 116
125 515
125 1236
125 115
248 1237
248 219
2157 906
29 204
29 1238
29 1239
29 253
29 1240
952 1146
952 1241
55 1054
55 363
55 834
55 10
2839 481
1640 855
1513 530
1513 889
1513 1024
1513 584
1513 739
1513 833
1513 142
957 1242
957 1243
957 1118
957 345
2840 1159
2841 986
196 457
2842 1244
2843 73
576 1245
1247 73
1247 1246
1247 1247
2844 1248
46 411
46 1249
2368 930
66 1250
1630 1251
2845 1252
2846 58
1992 1253
1730 1254
2094 1255
408 1256
408 87
408 165
2214 15
2214 34
2214 497
2214 1257
2214 155
2214 1258
1537 165
2847 1259
2848 312
1207 271
2225 1260
2225 735
1716 1261
2849 1262
2850 256
2851 512
2323 1263
266 975
266 919
266 651
266 1264
266 822
1353 1265
1353 297
1409 915
1409 1266
1409 474
1409 165
1409 1267
2852 80
390 1050
725 1202
725 1091
725 98
725 1268
725 6
2853 614
1590 1269
1590 1270
2854 1271
818 1272
818 1273
818 1274
157 1275
157 1276
2855 345
2855 1108
2855 1249
2855 45
2855 134
2855 224
2856 10
575 1103
605 847
605 1277
605 88
605 45
605 1278
605 1279
605 1280
605 942
605 1281
605 1282
605 360
605 307
605 1283
605 1284
605 370
605 1285
605 1286
605 454
605 1287
646 58
646 1288
2857 1058
546 1289
546 746
1313 1290
681 347
681 1291
498 708
2858 210
2858 650
2858 428
2859 1292
2859 1293
1376 743
775 147
158 449
2860 1294
1205 518
1607 78
478 705
478 708
395 1295
395 1296
2861 636
1849 1297
2862 1298
2863 308
186 1299
186 1300
186 1301
2864 457
2353 1302
2865 824
485 1044
2866 590
301 1026
301 1303
301 1118
301 1304
301 835
301 263
301 389
301 1305
301 618
301 792
301 1306
301 1307
301 1308
301 94
301 45
301 1309
301 833
301 1310
301 463
301 1311
301 765
301 1312
301 1313
2867 1314
2868 1315
2868 1316
2869 499
2008 672
1308 301
1567 58
1567 856
1567 1317
1567 458
732 1318
732 1319
732 345
732 114
732 1320
276 254
280 1274
280 1321
280 280
280 1322
280 1323
280 27
280 501
2870 73
2288 1324
1406 295
1406 1325
713 496
559 204
559 45
559 142
2871 295
2020 677
2020 1326
2020 164
2020 1327
1417 1328
1417 24
1417 722
1417 206
1933 1329
2872 247
2873 764
2873 1330
507 434
507 1331
2874 481
2875 153
2876 73
992 189
992 573
992 19
992 544
992 45
992 375
992 367
992 720
992 32
992 307
992 1332
992 1333
992 214
1220 1334
1220 1335
1220 1336
2413 254
2413 946
2413 1337
2526 151
603 1266
603 1338
603 1047
603 705
603 1339
603 652
603 1340
603 1341
603 1342
433 295
433 1343
433 1290
433 253
433 54
2109 1230
963 210
963 110
1338 1344
2014 198
2334 45
118 1142
118 392
118 115
118 73
118 81
118 1345
2877 646
2419 536
2419 1280
2878 119
2879 1243
945 365
945 146
945 1322
945 266
945 501
945 1346
2880 498
2881 349
524 1143
524 615
783 295
2882 32
2883 1347
1128 108
1128 1348
2884 1188
960 178
594 1349
594 675
594 262
2885 1350
2886 331
2887 700
2888 73
877 1351
877 32
877 411
877 879
877 1352
877 1353
877 1354
877 765
877 1355
1087 149
2889 1356
1867 1357
1867 1337
1867 1358
385 1359
385 187
385 295
385 1151
385 492
385 625
385 1360
385 1361
2890 725
1893 803
1950 58
1950 683
2293 365
2891 1300
2891 1362
2191 1363
2191 1364
322 107
2892 1159
2893 332
1811 750
1811 1365
2894 120
729 271
729 520
729 1366
1736 1367
1736 711
2895 880
1555 224
2896 127
2897 1182
2898 901
1160 147
2899 1103
1845 1368
2900 41
2900 483
1565 1369
1565 298
2115 808
1043 382
1043 1370
940 189
940 1371
940 905
940 820
940 1372
940 184
940 1373
295 1374
295 1375
295 448
295 60
295 1376
295 1377
295 8
295 906
295 780
295 7
295 41
295 664
295 449
295 1378
295 344
295 1379
295 411
295 1380
295 720
295 520
295 1381
295 1382
295 1383
295 1384
295 1385
295 1386
295 1387
295 1388
295 1389
295 903
295 1390
295 652
295 1391
295 385
295 626
295 1392
295 1393
295 1394
295 1395
295 15
295 159
295 294
295 1396
295 439
295 17
295 1190
2472 1397
77 438
504 1228
504 875
2901 1398
87 1231
87 544
87 1388
87 295
87 360
87 623
87 482
87 1399
87 1400
87 1389
87 142
2902 605
2902 1401
2903 567
2904 905
343 133
343 189
343 1402
343 1266
343 88
2905 666
2906 1403
207 273
2907 1404
2908 1146
371 620
371 32
371 147
371 133
371 1266
371 1405
371 149
371 888
371 779
371 1001
371 88
371 30
371 1406
371 123
371 1407
1976 344
1553 62
1359 385
1266 1408
1266 293
1266 1409
1266 371
1266 339
1266 603
2909 1080
1036 73
321 107
321 198
2910 73
359 88
2911 1159
2912 334
2254 1410
632 189
861 1411
2913 244
2420 536
2378 1412
2378 1289
1490 1413
670 1414
670 721
2914 1415
2128 1380
2128 768
2128 298
1279 605
1279 1416
1279 32
955 1404
2915 1417
2915 258
2915 1418
2915 1419
2915 457
2915 1420
2915 1421
2916 1422
2917 122
1190 971
1190 317
1190 295
1190 720
1190 32
1450 13
1450 820
1450 1046
1450 754
1450 316
1243 719
2918 651
2919 959
1795 851
256 847
256 1423
256 1424
256 1291
256 1425
256 142
1738 1426
1738 417
1738 1427
56 442
2920 172
2051 1428
2522 454
2522 657
2921 66
1429 1429
1429 1069
1429 349
2922 660
2923 1430
2923 1431
2924 312
2924 206
1380 307
1380 191
2925 798
2536 1432
820 940
820 687
820 47
820 1433
820 275
820 1293
820 476
2926 1434
1790 1435
685 647
2927 363
126 1436
126 115
126 933
126 1139
126 1399
126 1437
126 88
126 798
355 991
355 88
68 1438
68 1439
68 615
68 726
68 258
846 1440
846 88
846 32
2928 568
2929 73
1963 675
1963 441
2930 836
2351 1441
2931 759
1896 258
1773 1442
1773 517
1773 1443
2932 98
1170 1444
2933 877
2309 189
2309 32
2309 133
131 1445
131 115
560 1446
560 1230
2934 82
468 1102
327 801
327 213
316 13
316 1447
316 1448
316 1449
316 1450
1004 1451
2396 133
405 652
2935 685
1601 1452
1601 282
1601 1453
2936 639
2937 1454
21 124
465 89
2235 879
2235 520
2235 1455
2938 1456
2938 1457
2938 1458
2939 1459
2939 852
333 1460
333 110
2940 1461
910 221
95 1462
95 363
95 193
95 1169
95 1463
95 88
95 968
95 198
2941 88
123 45
123 982
2942 438
2943 1464
2944 1465
2944 1466
1262 282
1153 113
1923 298
60 295
60 1044
60 365
60 1467
1117 471
1117 540
1117 813
1117 1468
1117 443
1117 1469
1117 1416
2945 1470
2946 1471
225 407
1622 989
920 1472
920 117
2947 119
2317 1473
2343 45
2948 1474
2949 965
2950 1475
218 57
218 573
218 18
1477 1476
1477 1477
2951 1478
2952 518
758 739
2953 1081
650 246
650 1479
650 345
650 1318
650 1480
650 1481
650 78
650 1211
650 187
650 630
1354 877
541 520
2954 424
1869 613
1869 1482
2955 858
2005 593
2005 1483
2956 332
2956 295
2956 50
936 1484
936 6
936 441
936 1485
2957 1486
2957 696
1573 1487
1573 1488
2958 206
2959 73
953 618
953 1146
2960 1489
1692 837
1413 1444
1413 206
1413 1490
2190 1488
1064 1491
1064 142
880 1492
880 189
880 342
880 1131
880 561
880 657
880 147
880 1493
880 1494
880 1495
880 152
880 1496
880 1497
880 592
981 935
981 88
981 1168
2961 741
2961 1498
2961 10
2961 620
2962 1023
2963 1065
2964 382
334 1499
334 178
334 88
2019 836
1480 768
1480 318
1480 650
1241 105
1241 257
1241 1500
1241 952
2965 769
288 295
917 1022
2966 1501
698 1295
698 1502
698 1503
698 635
2117 1504
2967 268
2968 1505
2969 329
2035 1506
2970 1507
2070 1316
33 615
33 1508
33 1509
33 1510
33 500
33 1511
33 1084
33 1190
314 13
314 434
2165 147
2105 1512
1286 449
530 1143
530 40
530 27
530 1513
1000 787
242 1514
2971 298
1953 1515
2972 1516
345 1118
345 1517
345 815
345 632
345 1518
345 1152
345 1360
345 1519
345 453
345 346
345 1520
345 1521
345 1181
345 624
345 258
345 650
345 12
345 679
345 888
345 880
345 1522
345 1523
345 187
345 575
345 1524
345 1192
345 385
345 401
345 1428
345 1525
345 1526
345 987
345 147
345 164
345 1159
345 957
345 446
345 1141
345 1001
345 630
345 1190
345 1160
345 1293
1379 131
1379 295
1187 424
6 725
6 1023
6 561
6 1102
6 389
6 62
6 1527
6 52
6 365
6 636
6 1307
1340 199
2973 1522
1566 1528
2040 975
2040 391
2040 1529
1857 1518
1840 1530
1840 1055
2974 1531
2975 803
2976 525
325 540
1806 1532
2977 1533
358 522
2978 1456
129 552
129 1534
129 1535
1673 73
360 1536
360 545
360 87
464 318
464 1291
464 1537
75 438
2280 919
2979 705
2980 1538
222 57
222 1539
222 363
222 1524
222 373
222 240
222 1540
2341 759
2341 189
2271 344
2271 1364
2267 733
2267 345
2267 167
2167 8
2167 147
2167 1416
1135 312
2981 346
2160 169
2160 662
2388 1541
2982 1542
912 85
2054 815
2054 1159
2983 1543
766 1544
766 232
766 164
766 1024
2984 499
854 139
854 772
854 1545
2426 307
2426 567
2985 1546
1809 1496
1809 1547
1809 520
1809 720
2986 1548
2987 30
1107 499
2988 722
2988 167
2268 265
2268 598
2384 1549
495 1159
2331 45
2331 1217
697 848
697 32
389 19
389 232
389 301
389 567
389 6
389 720
389 453
389 954
389 1550
389 753
389 1551
1792 519
1792 235
437 1552
437 82
437 890
224 1553
224 1554
224 132
224 127
224 1555
224 210
1851 1556
2989 1262
1690 1557
1690 1558
1690 1559
2990 254
514 1560
1384 295
2991 1561
366 1562
366 1563
366 88
366 1564
2428 307
335 228
335 88
2421 536
2186 206
1369 1565
1369 752
626 298
928 450
928 371
26 58
26 367
2456 522
1528 78
1528 1566
1528 890
65 1299
2992 1567
2992 1230
2992 1149
2992 654
667 1568
611 62
611 251
2451 1479
2993 1569
191 1570
191 1483
191 295
191 1571
191 1572
191 637
191 1573
191 457
191 1574
191 404
191 1136
191 522
191 1575
191 1576
191 1159
191 1577
191 206
2130 110
1044 1578
1044 1579
1044 1580
1044 1581
1044 1582
1044 1583
797 1584
294 557
294 1585
294 1168
294 157
294 1149
294 1586
294 779
294 295
294 38
2994 414
2995 750
1300 764
1300 1092
1300 1587
1300 142
1300 447
183 1588
183 879
183 1589
183 327
1270 147
1270 943
1270 1253
1270 165
1270 1590
2099 822
2996 1036
2996 501
2996 727
2996 1506
2996 483
2997 529
2997 721
2997 349
2997 1591
1058 1592
1058 836
774 164
2390 318
744 1593
744 545
744 1594
744 1595
1457 1499
2998 1260
2999 1596
726 1597
291 363
702 1598
702 1599
3000 411
3001 1600
1453 1601
1453 1
194 457
78 1602
78 913
78 762
78 345
78 996
78 693
78 1291
78 567
78 1603
78 1604
78 1605
78 1606
78 1607
78 499
78 640
78 900
78 1608
78 1609
78 1610
78 1170
78 987
3002 82
2200 293
2200 295
2200 1611
2200 1612
2200 534
2200 1613
3003 464
3004 571
354 88
3005 1501
1462 95
959 1115
959 940
959 1
959 32
1751 843
657 1614
657 553
657 344
657 860
657 934
657 880
657 859
657 152
657 1189
657 564
657 1141
3006 1615
1678 803
3007 772
3008 918
939 734
939 1616
939 1617
3009 968
1258 58
1258 448
1258 1506
1258 144
1258 1395
1258 501
1946 58
1946 308
527 53
527 1143
527 1154
3010 191
1748 1618
1748 349
2423 725
3011 232
1157 187
3012 1619
440 386
440 194
440 146
270 1375
534 1251
17 452
2490 1620
3013 281
3014 238
2282 1621
989 1622
3015 1623
894 1233
894 453
1395 189
1395 41
1395 1375
1395 8
1395 1624
1395 18
1527 345
1527 434
1527 120
1527 1511
1527 1625
1527 1626
823 864
823 1627
823 1628
823 712
823 1629
1593 744
1593 1594
3016 1630
1274 280
2037 975
3017 973
885 1631
1278 147
1278 605
1278 1632
1278 918
1278 1633
3018 1614
806 1634
806 1635
806 1636
806 1637
806 1103
806 1638
2381 1639
1320 732
1320 10
3019 913
3019 463
3019 1360
842 215
842 1640
842 1
925 1295
925 1641
925 1642
925 1643
925 1644
1035 73
1244 357
4 78
4 401
4 767
4 62
4 32
1283 1472
1283 605
1283 836
1283 691
1283 444
3020 1645
971 1646
1718 1374
1718 45
1718 1523
1718 1647
1718 564
1718 1648
1718 1649
1718 1650
250 238
2337 931
2337 167
3021 88
2361 1651
2361 1652
3022 232
3023 16
236 232
1210 204
1218 849
3024 1653
557 1654
557 1655
557 294
557 424
557 1055
2228 439
2228 1656
176 1657
3025 1223
1945 1658
2119 650
738 757
738 720
738 1659
2520 8
979 665
2295 1660
3026 836
1176 1661
2236 520
552 909
552 298
765 1662
765 877
223 1663
223 221
1802 1291
1288 791
1288 646
1580 1044
1580 851
3027 73
219 1664
219 888
34 1665
34 120
34 282
34 155
1037 73
3028 746
3029 227
3030 73
829 1666
3031 498
3032 1116
3032 31
3033 215
3033 1013
482 1309
482 449
328 152
328 213
3034 120
1468 471
1468 1667
1468 877
3035 1139
3035 1668
3035 368
3036 1669
3036 870
2135 206
792 1670
792 1671
792 1672
792 1673
792 73
792 217
792 880
792 1674
1903 45
1903 295
1903 1382
459 25
459 1101
459 446
459 807
459 33
98 725
3037 1675
2044 6
1836 1676
803 308
803 1677
803 1678
803 643
803 437
803 317
803 313
2006 45
2006 369
2006 1428
583 1054
3038 1679
3039 97
1550 389
1550 858
876 1680
876 879
3040 383
3040 1681
3041 7
3041 1553
3041 654
3041 816
142 1682
142 241
142 561
142 88
142 918
142 1015
142 87
142 1683
142 1684
142 339
142 1510
142 558
142 10
142 1064
142 111
142 1608
142 924
142 1599
142 559
142 189
142 1685
142 1686
142 785
142 633
142 1687
3042 811
3043 1688
844 1092
844 135
153 206
3044 1689
462 89
462 990
1834 1544
1662 765
3045 1690
2443 484
970 115
1396 295
1138 871
1138 1691
3046 1692
3046 1693
3047 723
201 1034
201 1305
201 303
201 147
201 584
201 499
201 50
1863 365
1863 15
1863 417
1863 1694
1863 751
1863 753
1863 1695
3048 1696
3048 1697
3048 1698
3049 365
1164 550
3050 940
3050 1135
730 906
730 1699
730 1700
730 1701
2001 129
2001 520
1226 147
376 252
1360 1242
1360 506
1360 385
3051 441
1762 73
3052 18
3053 523
2425 1702
2425 712
1615 840
1615 308
3054 87
3055 798
3056 1703
3056 1704
3056 441
3056 1575
3056 849
3056 1705
1042 1587
1042 1706
2313 1707
1883 447
2534 539
3057 1092
1169 1295
1169 1613
1169 95
3058 142
3059 851
3060 975
1008 254
2446 1708
2446 345
3061 949
990 462
1386 133
1256 1709
1256 408
1256 167
1256 1710
1256 15
1256 411
1256 1711
1256 1712
1256 493
1256 1393
1721 1713
3062 3
3063 1714
1943 290
3064 129
745 540
745 1715
1261 1716
1647 1717
1647 1718
1647 1719
1729 1254
435 587
1700 730
3065 47
3065 1720
3065 486
591 133
3066 281
3066 483
1713 1721
3067 1722
1572 1723
1572 191
2410 311
772 1724
772 1679
772 164
96 4
96 1069
96 1725
96 107
96 198
96 44
532 1726
532 297
3068 1230
255 105
752 404
2415 103
2415 415
1501 1034
1501 1353
1501 1295
1501 792
1501 588
630 246
630 384
2326 1727
2326 1728
3069 499
3070 1338
1633 1278
1254 1729
1254 1730
1978 1731
1978 1732
1978 1733
486 132
486 1293
2479 446
2479 1734
2479 1735
711 1736
711 1737
711 1738
711 650
1820 1739
1820 11
3071 650
1476 1740
1476 1477
3072 164
293 741
293 1611
293 1741
293 1690
293 339
293 1742
1720 251
1855 1743
149 1092
149 737
149 1744
149 45
149 1229
149 15
149 864
149 1087
149 1261
149 1015
149 630
149 159
149 875
149 430
149 49
149 1745
149 1287
149 1746
149 362
27 1747
27 1239
349 471
349 553
349 1748
349 613
349 88
349 1749
3073 318
3074 281
1349 594
1385 295
3075 439
1486 584
1486 147
1486 1393
1486 1750
3076 1362
3077 1429
3077 1751
2215 1752
2215 191
2215 888
3078 1422
3078 575
1954 1753
564 151
564 484
564 1754
564 409
1948 1755
3079 1756
2294 969
2294 1046
2294 1
2294 444
2294 1143
2294 1757
553 349
553 657
3080 27
414 558
414 1660
414 367
414 1758
414 890
414 88
414 1440
414 1759
2106 1760
2106 368
181 308
3081 613
3082 1761
3083 664
3084 88
3085 241
1246 1762
1246 1247
2072 529
53 132
53 999
53 527
53 1763
53 1469
3086 408
1517 1764
1517 169
1926 1205
649 1509
3087 238
3087 158
3088 295
5 58
5 1765
5 1766
5 1600
5 1767
5 1203
3089 1768
3089 687
3089 1769
3090 1587
2454 1427
3091 890
1688 424
1986 1492
2207 471
2207 1770
1801 1771
1801 587
1801 120
1801 1479
1801 70
3092 365
805 147
805 1749
1569 485
22 1679
22 567
22 1024
22 1772
22 1773
22 646
22 1774
493 383
493 363
493 1159
833 45
833 238
833 346
833 1513
833 409
3093 856
3093 1775
1332 934
1332 992
1332 1776
1332 1168
3094 345
1373 408
3095 1777
3096 1034
1178 1063
3097 1778
423 244
3098 1179
3098 992
3099 537
864 238
573 91
694 972
694 336
694 1076
1880 1779
1880 1780
3100 1661
1469 53
1469 1117
1003 1781
1003 1782
1003 45
1003 567
1003 1783
1003 149
1003 1784
1003 1003
1003 1785
1746 1428
3101 0
1500 246
1500 1241
44 189
44 133
44 1786
44 1405
44 685
44 428
44 1787
44 96
44 142
2084 1727
769 153
769 1237
2284 298
902 1788
902 8
902 1789
3102 1143
3103 198
3103 1
2101 822
3104 856
2074 159
2074 1435
2074 1790
3105 779
1520 246
1520 1791
519 1792
519 1793
1415 1794
1415 1739
1415 1102
1415 444
1571 191
3106 58
851 848
851 1685
851 1764
851 1795
851 625
851 221
851 547
851 735
851 1796
1132 1797
3107 269
3108 135
1378 449
1378 295
1378 161
3109 1798
3109 496
1335 940
2427 1231
2427 913
2427 307
2427 298
2427 1380
304 1272
304 400
304 523
1649 845
543 762
543 1799
543 344
2030 1800
2030 708
3110 880
2007 1644
2007 672
2170 147
2299 1801
2299 363
3111 73
3111 984
776 164
776 777
776 813
2093 190
3112 543
2503 1802
2503 799
3113 989
1277 605
2523 1803
2523 529
2523 1143
3114 130
3115 104
3115 1050
3116 1804
3116 88
3117 1805
3118 1806
3119 1807
3120 1808
3121 1809
2462 269
112 318
112 11
2156 1810
2156 232
3122 34
350 363
2311 32
3123 613
2285 501
3124 729
3125 349
1129 73
1129 74
3126 886
3127 297
1724 448
1724 298
1724 772
1825 253
489 1159
169 636
169 501
169 238
169 660
169 709
750 27
750 1811
1881 753
3128 306
3129 13
2066 942
106 198
3130 258
3130 32
3130 1532
3130 805
238 741
238 295
238 728
238 1526
238 401
238 875
3131 312
3132 73
3133 1812
1131 584
1131 1797
1131 880
3134 411
3134 1143
3134 638
146 1015
146 457
1585 294
903 1387
903 1394
903 1813
2194 109
3135 1040
3136 206
3137 640
3138 1295
3138 73
3138 74
3138 1814
937 496
937 1815
1663 1816
1763 53
431 428
431 1817
431 339
431 1818
2347 45
612 1819
3139 1580
919 124
919 1529
11 1820
11 1821
11 618
11 112
11 1822
3140 111
3141 1823
3142 1274
3143 1824
3144 1825
3145 1826
1610 78
3146 1827
2281 620
282 664
282 1601
282 1828
282 1143
1990 1829
1562 189
1562 1830
1562 164
1562 1831
1562 366
1562 44
1474 501
1474 1108
3147 1004
3148 78
3148 1434
113 1614
113 1832
113 1153
113 1833
458 501
502 345
3149 10
3150 73
2453 646
3151 1735
1304 590
1304 32
1596 529
2442 1834
2386 1835
1203 1347
1203 293
1203 1192
1203 1568
1203 1561
1676 1836
3152 1380
613 1837
3153 85
3154 1597
3155 1444
1344 1338
1344 1838
3156 1839
802 317
602 493
602 370
3157 133
3158 332
353 1116
353 1146
353 88
1055 35
1055 1530
1055 1840
1055 557
3159 1841
1227 349
1227 287
3160 803
3161 1842
3162 1843
1341 1479
1341 603
3163 639
2151 858
1534 129
80 1844
80 1845
80 1846
80 256
80 756
1924 263
274 1127
373 222
373 32
3164 1233
3165 762
717 1061
1149 54
1149 623
1149 448
1149 1847
1149 1848
1149 518
1149 294
1149 640
1149 411
1149 978
1149 1849
3166 1850
1556 1851
43 1852
3167 150
3168 105
1786 1853
1786 51
1786 1405
1786 1854
1786 1714
1786 44
3169 549
3170 1855
1563 147
1518 1856
1518 460
1518 206
1518 616
1518 111
1518 1857
3171 1858
122 386
122 613
122 424
122 115
202 106
216 215
216 272
216 720
3172 1353
2362 1653
2362 1859
2362 730
1208 1860
192 928
3173 461
351 1861
2465 1112
1695 16
1695 991
1695 1862
1695 1863
1695 1224
3174 836
1366 114
1387 903
1387 295
1387 1394
1387 1864
41 295
2216 186
1843 1865
1843 223
36 36
36 899
36 1866
3175 260
1337 1867
1337 290
3176 163
3177 1559
1547 1868
1547 1809
24 303
3178 764
1482 1869
1482 1250
1482 1870
1525 1242
2059 1456
1394 1871
1394 1387
1394 651
1394 903
563 558
1202 725
1202 1300
1202 712
1202 1872
577 1873
577 1874
577 1875
577 1
577 1876
105 1877
105 1108
105 848
105 1878
1368 1879
1368 91
1368 1353
1780 1880
3179 1228
1060 58
2325 763
3180 746
1224 64
1224 1881
447 506
447 1882
447 1883
447 1327
447 1747
447 1884
447 595
3181 103
3182 1885
1886 1886
3183 1887
2339 45
2339 1888
1319 732
1319 155
3184 529
474 324
474 1409
474 1422
474 1889
1623 240
1623 971
1623 1291
535 1890
788 45
788 1001
63 365
3185 1891
1559 883
2497 1892
2497 339
3186 88
1710 189
3187 1893
3188 16
3188 1192
3189 840
3189 839
1165 1894
1165 318
1165 206
3190 1617
258 1895
258 1415
258 1896
258 1897
258 1898
258 1899
258 335
258 1900
258 1901
258 209
258 695
258 1902
258 10
258 616
258 178
258 720
258 992
258 1903
258 68
258 4
258 1904
258 1905
258 45
258 1906
258 739
258 1907
258 501
258 1908
258 1909
258 1910
258 147
258 1911
258 1912
258 855
258 1913
258 1914
258 454
258 1915
258 1916
3191 836
2459 501
2246 206
3192 1826
72 1282
72 1917
72 1918
72 438
72 75
72 1919
72 1920
72 1921
72 726
418 1825
418 244
964 210
1212 1213
313 723
313 625
838 1143
3193 11
3193 32
298 1724
298 1922
298 464
298 1923
298 1333
2057 3
2057 187
2057 1924
909 1925
909 221
909 1926
909 1927
909 183
909 1928
375 186
375 992
785 1929
785 4
785 771
785 164
785 1930
785 1931
785 142
785 1154
3194 501
3195 27
1276 157
3196 339
2405 54
3197 1509
3197 146
2064 92
3198 567
3198 743
1871 54
1871 365
1871 1394
741 293
741 169
741 1932
741 1933
741 1237
741 1934
741 40
741 663
741 238
548 197
548 1935
548 1154
448 1936
448 449
677 1937
677 344
677 417
677 905
677 1938
677 1939
872 1518
119 115
1006 1841
3199 1940
1136 265
1136 550
1136 539
1136 1941
3200 1942
3201 1376
290 969
290 1303
290 363
290 254
290 764
290 1943
290 1944
1679 120
2433 930
3202 753
3203 558
2048 45
2048 984
3204 73
3205 558
2452 306
2452 280
1658 1945
1050 678
1050 390
1050 616
1050 1661
1050 392
3206 1946
1201 1947
3207 1948
3208 1949
2173 693
2173 108
2164 232
2164 147
2164 51
2164 1950
2164 875
2164 394
3209 1170
3210 157
50 201
50 280
50 501
3211 655
1576 1951
1576 191
1214 1952
719 558
719 1294
1229 840
1229 839
1229 32
2120 1282
3212 73
1739 1820
1739 1415
3213 570
3213 520
3213 911
633 142
1515 439
1515 1953
3214 227
1939 540
1939 1412
3215 1954
3216 1890
1723 936
103 232
103 262
103 1955
103 198
3217 35
3218 459
510 434
3219 1956
2177 991
3220 445
3 1092
3 1957
3 5
3 1958
3 62
3 1600
3 476
3 1766
3 1959
2464 1960
2464 1241
2409 1958
2409 694
2409 1961
2409 1425
2409 1024
275 930
275 1073
275 1962
275 820
2422 950
82 1041
82 317
82 1190
675 1963
3221 1964
3222 1965
518 1231
518 883
518 1966
518 1205
518 15
518 806
518 1800
518 957
518 1967
518 978
518 1473
994 68
994 1056
994 1968
994 1969
800 971
800 129
800 1970
3223 1958
3223 1971
3224 58
2174 538
3225 73
2364 918
208 454
3226 525
1608 78
1608 142
1608 88
271 1972
271 295
271 729
271 15
271 1375
271 730
271 78
271 1973
271 1207
271 365
271 1974
3227 685
3228 722
2259 508
2259 533
2259 1335
1365 1975
1365 1811
1365 1329
3229 266
2081 1976
3230 523
2270 1013
2270 1977
2270 1963
1731 1978
83 678
83 1041
83 429
83 232
1784 1003
439 1979
439 386
439 295
439 1816
439 1581
439 1515
1511 1980
1511 32
1511 1844
1511 1981
1511 1606
1511 1527
1511 1599
1511 33
1511 1035
882 453
715 1139
715 347
3231 1982
1668 1004
1668 1023
1668 1983
1668 1885
638 497
1538 1274
1635 806
1635 1769
1741 293
1741 1346
1741 844
3232 741
3232 367
1868 1736
1523 345
3233 73
2430 1984
346 931
346 57
346 344
346 811
346 429
346 115
346 520
346 636
346 1985
346 1287
346 1075
346 650
712 149
712 1202
712 496
712 823
1492 133
1492 1986
3234 1023
3235 1987
3236 5
3237 883
3237 120
853 1988
853 1989
853 32
3238 1990
1498 897
1498 718
1498 1509
1498 1253
1498 1991
1498 1992
813 776
813 1117
466 1993
466 1745
466 1994
160 1069
2321 1995
3239 312
1306 301
1306 1996
1306 281
1306 457
1154 147
1154 527
1154 187
1154 41
1154 1997
3240 753
69 438
69 68
3241 1063
2172 501
2172 9
3242 120
505 801
505 92
505 319
2487 152
2487 189
3243 1998
900 30
3244 195
779 1999
779 548
779 567
779 164
779 976
779 294
779 2000
779 371
779 1997
3245 1523
101 1353
101 1551
101 198
101 2001
101 2002
3246 189
1287 605
1287 88
1147 2003
1719 1647
1769 2004
1769 593
1769 2005
1093 1015
1093 1523
205 150
205 193
205 2006
1167 73
1167 162
3247 101
3248 382
672 2007
672 544
672 2008
2161 73
2161 2009
3249 1190
396 1296
3250 414
1606 78
1606 2010
159 318
159 295
159 1
159 133
159 918
159 120
1919 72
3251 73
2403 2011
2403 2012
2403 599
2403 10
3252 988
3252 1401
261 103
246 2013
246 1716
246 45
246 105
246 947
246 1500
246 2014
246 630
246 833
246 892
246 650
246 11
332 748
3253 726
555 311
555 365
555 2015
540 471
540 1015
540 770
540 2016
540 745
540 954
540 428
540 2017
3254 776
836 2018
836 1058
836 2019
1326 880
1326 2020
1472 2021
1472 2022
1472 384
1472 989
3255 1175
3256 1007
3257 280
1831 1562
951 1146
1248 404
1248 1183
1248 295
1248 191
2063 2023
3258 1225
1051 1289
1451 2024
3259 935
3260 1287
2025 189
2025 2025
3261 2026
2529 1223
3262 145
3263 222
283 2027
283 2028
283 565
283 792
283 2029
283 2030
3264 1684
3265 2031
2248 1204
2248 2032
2248 710
2248 927
286 1977
94 301
94 2033
94 198
1196 362
1813 35
1813 625
1813 308
1813 903
3266 312
1253 1429
1253 1498
1253 1992
1253 595
1253 2034
3267 27
3268 1406
1088 1168
1088 1236
1088 73
1088 1194
1088 1070
1088 1268
3269 2035
3270 2036
3270 1699
975 2037
975 2038
975 2039
975 266
975 2040
975 2041
975 2042
975 2043
132 53
132 681
132 232
132 115
132 1433
132 224
132 151
3271 78
1399 1092
1399 2044
1399 2045
1399 454
1399 2046
1399 817
1399 2047
1399 126
1399 87
3272 147
2021 2048
3273 615
661 169
1063 997
1367 1736
152 163
152 657
152 2049
152 1318
152 328
152 918
152 434
152 2050
152 18
152 2051
152 603
2273 1371
3274 2052
3275 382
3275 1862
241 45
241 164
241 1064
241 142
3276 73
3276 88
1982 1406
1290 681
1290 1313
1290 232
1053 2053
1053 822
815 1232
815 449
815 295
815 345
815 199
815 1637
815 2054
815 501
3277 2055
3278 1291
3279 2056
3279 818
3279 525
1171 1225
120 1679
120 558
120 2057
120 2058
120 115
120 1646
120 159
120 1527
120 64
120 2059
64 240
64 1389
64 191
64 1015
64 2060
64 1675
64 120
64 1224
64 518
64 978
64 1084
64 953
64 851
2134 2061
1100 2062
2023 2063
2023 120
92 942
92 2064
92 1280
92 2065
92 2066
92 198
3280 1023
1634 2067
1634 2068
1733 1978
240 1362
240 768
240 988
240 191
240 222
240 313
3281 1497
1743 1855
3282 1425
2143 2069
3283 434
3283 873
1316 1053
1316 2070
259 2071
3284 470
3285 119
3285 2072
1435 2073
1435 2074
1435 1435
1435 1790
2376 2075
2376 1497
249 460
249 2076
3286 127
2078 2022
1530 749
1530 1840
1530 1055
911 221
74 73
74 1129
74 1971
74 2077
74 1194
74 438
74 211
74 828
239 875
483 501
3287 2078
3288 542
1765 1542
1765 639
3289 2021
3289 743
140 251
140 2079
171 636
171 712
427 828
170 2080
170 163
2370 2081
2528 2082
2239 45
2239 2083
2239 187
2239 1175
1151 518
1151 187
1151 385
121 254
121 1336
121 115
7 1260
7 1309
7 1967
3290 301
3291 1772
1727 2084
1168 1295
1168 382
1168 228
1168 593
1168 932
1168 1586
1168 294
1168 1332
1168 2085
1168 981
1168 1088
1168 162
1019 2086
1019 1465
526 1143
526 2087
526 441
1865 1843
1865 2088
3292 823
3293 471
1327 1879
1327 589
1327 232
1327 2020
1327 447
1047 54
1047 638
850 204
850 592
850 2089
3294 791
1969 791
1969 501
2460 2090
3295 1404
3295 2091
471 2092
471 529
471 540
471 387
471 1468
471 613
2062 1141
3296 533
3297 1223
190 1139
190 2093
190 457
2146 476
3298 58
3298 365
1255 2094
3299 2011
2042 975
2042 2042
2096 2095
2096 32
1355 877
2095 185
2095 2096
1090 2
1090 32
1259 254
1318 152
1318 732
1318 650
3300 344
1539 222
2518 419
1687 341
1687 1924
1687 142
1687 210
1705 2097
1941 536
3301 5
2471 584
2471 2098
822 2099
822 124
822 2100
822 1053
822 2101
822 266
822 73
822 1194
16 537
16 632
16 1663
16 18
16 49
16 518
16 1695
16 238
16 2008
16 248
1526 1256
1526 238
1526 2102
1717 948
1717 32
722 2103
722 1417
830 45
680 520
680 282
1512 1045
1512 84
1512 2104
1512 2105
368 991
368 2106
91 129
91 1368
91 198
3302 501
3303 253
3304 2107
3304 262
2132 32
2132 45
2132 441
2132 1935
2132 2108
2132 798
1174 2043
1398 906
1398 730
1230 2109
1230 501
1230 1230
568 2022
1002 411
1039 73
3305 448
1123 217
801 404
801 327
3306 88
1602 2110
1602 78
124 201
124 799
124 73
124 1173
124 1970
124 2111
3307 1568
61 365
1401 298
1401 32
965 722
856 2112
856 727
1959 3
3308 1460
3309 73
3310 1143
2018 836
3311 520
2114 825
3312 58
3313 1542
1213 1597
93 198
93 1826
2 58
2 1090
2 62
825 2113
825 751
825 2114
2287 75
374 1806
808 593
808 2115
2110 1602
2110 187
2110 2116
3314 681
1504 2117
1504 1482
3315 701
2297 327
2297 639
3316 73
607 1092
607 341
607 278
607 2118
3317 180
3317 232
1475 1859
3318 2119
3318 650
1282 2120
3319 1084
3319 2121
3320 1144
3321 2122
721 330
3322 75
3323 383
3323 120
3323 170
888 219
888 453
914 2123
1936 448
1936 1691
754 723
754 1450
754 2124
595 2125
595 370
595 2126
1118 2127
1118 957
1118 782
1118 345
1118 372
3324 266
110 1231
110 22
110 2128
110 441
110 2129
110 333
110 2130
110 1298
1444 1413
3325 308
3325 188
3325 281
3326 501
1184 2131
1854 1786
1298 2132
1298 110
511 2133
2061 2134
2061 1373
2061 529
2061 2135
2061 1115
2513 1015
2513 476
2513 2136
1532 1806
3327 509
1242 2137
1242 957
1242 1211
3328 73
2269 2138
2269 1336
556 1265
556 2139
3329 2128
3330 2140
3331 2141
2476 2142
1408 32
1485 936
3332 172
1624 1395
1782 1003
2220 1202
2069 2143
2069 1314
3333 2144
3334 2145
1284 605
3335 88
3336 186
476 1798
476 3
476 705
476 2146
476 2147
476 1920
476 726
503 509
3337 444
619 549
1591 529
2499 2148
2499 339
2499 287
3338 447
388 2149
3339 2150
1343 433
1343 652
3340 2151
2346 45
37 2152
37 45
37 38
37 2153
37 2154
1388 295
357 2155
1558 1690
3341 834
3341 290
1810 725
1810 2156
906 2157
906 295
906 2158
906 1197
906 730
906 1398
3342 1559
588 73
588 1501
588 8
588 2159
3343 448
3343 158
284 1475
284 363
662 2160
2009 2161
2009 792
147 1682
147 382
147 1154
147 836
147 1015
147 1262
147 343
147 363
147 32
147 411
147 178
147 880
147 2162
147 2163
147 518
147 1866
147 1972
147 286
147 805
147 45
147 2164
147 2165
147 2166
147 189
147 2167
147 8
147 993
147 133
147 1278
147 1237
147 191
147 2168
147 2169
147 2170
147 2171
147 2098
3344 119
3345 98
3346 280
3347 13
1179 1929
1973 1592
1973 271
3348 1300
1097 383
781 164
1618 2172
542 1527
542 827
542 184
542 770
108 2173
108 1128
108 406
108 44
3349 73
1150 100
3350 240
3350 1056
3350 365
538 2150
538 451
538 2174
538 770
538 45
538 2175
538 184
538 541
538 248
538 1336
2440 295
2440 280
2440 625
2440 349
2125 2176
2125 595
491 187
491 1159
491 1
3351 2168
991 1333
991 61
991 260
991 2177
991 368
3352 1544
3353 888
3354 2178
1285 605
1285 730
3355 27
3356 365
296 51
3357 1144
643 429
643 82
49 1015
49 325
49 1249
49 2179
49 2180
49 2181
49 2182
49 149
49 2183
49 48
49 1648
49 2184
1646 971
1767 5
3358 1862
3359 295
1273 1461
3360 2185
1776 1332
2375 2186
3361 2187
2488 189
2488 695
2319 319
1299 186
1299 454
1299 65
1536 906
81 73
81 2188
81 317
81 2189
81 1983
237 875
1352 877
1488 2190
2260 989
1363 1416
1363 2191
480 1619
480 2192
480 2193
104 2194
104 198
620 2021
620 549
620 262
620 857
942 2066
3362 1326
2473 2195
3363 2069
1005 754
1005 4
1289 1051
659 634
659 661
382 147
382 282
382 73
382 1645
382 1088
382 25
382 1098
1175 1915
1175 256
1175 2196
1874 577
1874 2197
2276 710
324 326
324 1172
324 213
324 2198
1800 518
1800 599
1800 2030
1070 73
3364 2199
3365 2200
3366 1398
3367 2201
3368 909
3369 886
111 2202
111 2203
111 215
111 574
111 2204
111 2205
111 1518
111 1027
111 2206
111 142
3370 540
1540 222
810 743
1770 2207
1770 620
3371 58
3371 85
3371 2208
1968 994
1870 1482
3372 88
3373 1316
1110 1691
1110 499
671 544
1645 382
1645 770
1483 2005
3374 913
3375 1425
3376 2209
944 2210
944 1428
3377 1315
3378 2211
2475 1092
2475 693
2475 174
2475 2212
3379 928
2251 1842
1816 439
1816 1663
1816 223
3380 1274
1481 650
3381 1266
956 2213
497 855
497 1251
497 638
497 708
497 178
1796 155
155 2
155 2214
155 364
155 1656
155 1362
155 45
155 199
155 638
155 2215
155 2216
155 1393
155 2217
1714 2218
1714 1924
1714 454
1714 1777
3382 2219
1570 191
1744 149
1744 1868
232 766
232 681
232 1937
232 718
232 1047
232 2220
232 2221
232 1630
232 345
232 10
232 389
232 178
232 1327
232 2222
232 4
232 425
232 2223
232 2224
232 236
232 313
232 1503
232 1290
3383 725
1260 2225
1260 365
174 636
174 5
2252 73
1749 2226
1749 119
1749 349
1749 115
608 2227
1656 2228
756 2229
1152 8
1829 2230
1829 1990
1879 32
962 966
3384 206
1632 1278
3385 73
1010 1428
840 1615
840 799
840 2231
840 1229
2098 147
520 124
520 2232
520 295
520 2233
520 729
520 2234
520 2235
520 1455
520 1395
520 720
520 101
520 2236
520 1501
520 1291
520 91
520 297
617 544
617 2237
1789 902
3386 1393
3386 895
3386 2238
3387 1300
897 30
897 577
897 1498
1904 298
3388 1081
3389 84
2083 2239
567 1503
567 332
567 45
567 88
567 2240
567 927
567 1967
567 389
567 2241
567 1783
341 15
1737 711
1428 345
361 2242
361 88
361 2243
361 374
2283 2244
2524 818
1613 1169
3390 536
2538 2245
2538 1143
206 879
206 1417
206 2246
206 2103
206 1165
206 424
206 2206
206 1444
206 2204
206 1413
206 1518
206 1637
206 2135
206 304
206 345
206 2247
578 1549
173 636
1455 520
3391 1237
927 2248
927 45
927 1263
927 710
927 1519
927 1115
927 789
927 2249
1842 2250
1842 983
1842 2251
828 2252
828 2253
669 544
669 1524
669 411
669 834
669 2254
669 2255
669 682
3392 308
1321 280
1321 1521
1321 1947
3393 708
1894 1165
517 702
517 2256
517 558
517 2058
517 1526
517 671
517 1773
2087 501
2483 401
508 2257
508 2258
508 345
508 2259
585 313
585 1054
1542 2260
1076 1764
1238 29
2474 288
2474 2195
1684 1022
1684 36
1684 142
3394 2261
3395 441
1466 697
3396 2262
695 2263
695 940
695 1086
695 2264
3397 791
3398 471
3399 471
1862 1426
1862 2265
1862 2052
1862 1738
267 412
267 306
267 501
267 341
868 384
689 430
67 151
67 1250
3400 2132
450 114
450 775
450 18
450 928
450 753
450 1154
329 2266
329 213
329 2267
1222 867
3401 2268
3402 1236
3402 221
3402 910
2138 2269
1228 989
1977 2270
2050 204
1364 2191
1364 1011
1364 2271
1364 736
1280 92
1882 88
3403 73
837 58
837 2272
837 1692
837 281
837 189
3404 365
1631 885
3405 800
3405 2273
3406 883
3407 1773
3408 722
1502 1514
1502 340
3409 1230
3409 349
2357 339
2357 2218
862 1058
3410 78
3410 1311
3411 2274
1510 799
1510 33
3412 651
710 2275
710 2276
710 316
710 191
710 927
710 2277
710 2278
710 1549
710 2279
710 313
710 1422
3413 73
3413 2280
1621 2281
1621 2282
2312 2066
3414 189
3414 2283
969 290
720 295
720 2284
720 1395
720 1205
720 751
720 88
720 216
720 344
720 345
720 389
720 258
720 753
720 992
720 2285
720 988
720 2286
720 1108
720 2081
720 15
720 738
720 957
720 1294
720 1190
590 438
590 1920
590 1304
590 72
590 2287
2226 1749
2226 452
1828 282
409 833
409 571
1594 1593
1594 744
1324 1363
1324 2288
1324 2289
372 260
372 70
372 1118
372 165
3415 733
3416 839
3416 434
3416 2290
3416 1548
3416 36
3417 480
3418 757
3419 83
3419 1258
3419 88
3420 1182
2436 2291
2436 856
1342 603
2085 1168
3421 2292
1551 389
1551 349
1551 91
1275 157
3422 2065
3423 2156
3424 918
3424 32
1938 45
1938 2293
3425 246
3425 501
3425 344
1582 1044
1582 1449
755 2229
1529 919
1452 159
1452 10
2233 32
1 539
1 1
1 1782
1 533
1 429
1 416
1 1453
1 491
1 401
1 722
1 586
1 561
1 432
1 2294
1 198
3426 820
3427 111
1660 1067
1660 414
1660 2295
1878 105
1629 308
1629 823
1991 215
1991 30
3428 1890
3428 1391
3429 1475
2385 84
2385 1549
653 2296
653 295
653 363
653 2297
653 2298
653 1335
653 149
653 12
653 2080
653 90
653 2299
3430 2300
759 1173
759 1084
1065 520
1065 163
1065 2301
2434 930
1142 118
3431 189
1191 2302
1191 2303
863 2304
863 5
780 164
780 295
764 1300
277 2305
3432 221
845 899
845 1649
3433 733
338 273
338 88
2350 496
3434 2140
32 715
32 2306
32 115
32 1304
32 857
32 438
32 18
32 88
32 1136
32 339
32 789
32 124
32 697
32 114
32 10
32 1988
32 1282
32 256
32 126
32 992
32 371
32 2307
32 883
32 187
32 19
32 45
32 193
32 1511
32 2308
32 2096
32 401
32 2002
32 2309
32 189
32 1
32 1090
32 133
32 2310
32 373
32 1297
32 532
32 1924
32 454
32 2311
32 2312
32 198
32 1742
411 669
411 295
411 877
411 147
411 133
411 165
411 584
411 1002
1983 1668
1983 256
3435 30
3436 793
214 397
214 1757
3437 266
1707 2313
1707 2314
1543 841
1464 864
1464 308
1961 103
3438 246
2489 189
184 542
184 940
184 770
184 1360
184 928
3439 13
1446 501
1140 73
262 725
262 298
262 2315
262 675
262 370
262 2316
262 594
262 103
262 833
262 346
1473 518
1473 2317
1473 2318
1272 818
1345 2319
1345 1864
3440 2320
3441 619
3441 2321
1194 73
1194 96
1194 1725
1211 650
1263 2322
1263 2323
1263 1309
1263 927
1263 1365
3442 761
2000 754
3443 1390
3443 2324
2369 193
763 2325
1657 176
3444 2187
3444 260
760 761
760 2326
642 429
642 1190
1405 836
528 1143
993 301
993 1935
993 234
3445 1528
1329 2327
1329 1933
656 114
656 1156
3446 989
901 403
2322 1263
1317 481
45 2006
45 320
45 1691
45 78
45 2328
45 2329
45 372
45 2330
45 1127
45 187
45 1852
45 1249
45 45
45 2215
45 2331
45 833
45 559
45 2332
45 1
45 620
45 734
45 2175
45 929
45 2333
45 133
45 603
45 936
45 1266
45 2334
45 2335
45 2336
45 1015
45 743
45 32
45 273
45 650
45 2216
45 1718
45 861
45 2337
45 601
45 262
45 22
45 1024
45 1030
45 2338
45 2339
45 1026
45 246
45 1319
45 301
45 219
45 943
45 890
45 87
45 1463
45 149
45 558
45 10
45 1669
45 788
45 258
45 1839
45 992
45 544
45 19
45 2340
45 2341
45 142
45 451
45 2342
45 2343
45 375
45 453
45 1110
45 1284
45 1190
45 2344
45 2345
45 2296
45 241
45 1415
45 1226
45 120
45 1738
45 88
45 1818
45 1679
45 344
45 2048
45 2346
45 165
45 431
45 2347
45 289
45 539
45 885
45 596
45 147
45 1139
45 191
45 1240
45 1797
45 2348
45 1294
45 891
45 605
2387 2349
616 2350
616 319
616 218
616 1801
616 834
616 604
616 558
616 561
616 227
616 1011
1441 2351
3447 1779
3448 27
3448 365
3448 310
3448 34
3449 1169
3450 2311
1757 723
1757 214
3451 2352
2445 550
3452 13
2013 246
3453 2353
1779 1267
1779 32
1377 1943
1377 1179
1377 2354
1377 295
1377 507
1192 558
1192 345
1195 1070
1605 78
3454 1195
3455 2151
3455 2355
924 142
2218 2356
2218 2357
2218 1714
892 1575
892 1
892 453
2076 446
987 78
1685 2358
1685 2359
1685 851
1685 142
1921 72
1921 590
2402 73
48 2360
48 1249
48 88
48 1527
48 49
48 984
3456 78
3457 646
99 198
874 523
696 786
696 1086
696 1239
3458 1963
3459 901
913 78
913 1309
913 298
913 1374
913 497
2296 1834
3460 247
3460 591
3460 1061
3461 476
3462 64
1581 78
1581 1044
1581 424
2356 2218
1758 414
3463 254
3464 1428
1652 2361
1818 45
1818 1
1818 431
3465 1280
3466 383
1859 2362
19 58
19 1826
19 993
19 389
19 2363
19 575
19 2364
19 2365
1358 1867
3467 887
3467 2366
3467 2367
3468 2368
1096 1971
1181 54
1181 482
1181 161
3469 986
2509 506
3470 1243
3471 187
2103 206
2103 722
2103 1545
1391 295
1981 1511
1981 10
193 2369
193 2370
193 32
193 457
193 209
193 95
3472 2371
3472 434
3472 29
2372 2372
3473 73
1079 2373
501 2285
501 1619
501 449
501 2310
501 815
501 282
501 258
501 398
501 1474
1956 1217
922 923
28 1239
28 2374
1579 1044
1910 258
3474 1687
3475 614
3476 789
2034 1253
1240 1690
3477 610
3477 2375
3477 310
3477 1375
2377 1497
1497 2376
1497 62
1497 4
1497 1411
1497 401
1497 880
1497 87
1497 2377
1497 272
3478 1790
3479 650
1232 2354
1232 271
1232 815
1232 295
2389 1541
2502 10
3480 544
3480 1494
3481 1404
3481 1523
1412 2378
1412 1939
1412 2379
3482 1070
1807 2380
3483 54
268 1375
268 1928
3484 2330
3485 484
3486 1904
3487 72
767 311
767 164
1639 464
1639 2381
1639 2382
1639 10
3488 1252
1014 2383
3489 70
784 164
784 1931
784 751
2493 883
3490 677
1701 605
1701 730
1804 1307
1549 710
1549 95
1549 2384
1549 578
1549 2385
2535 1679
2535 539
2535 1064
3491 757
1835 2386
1835 161
2349 2387
1642 1113
1541 2388
1541 2389
1541 552
747 332
1752 2215
1752 883
1414 1553
1414 1297
2238 2187
3492 2390
3493 467
3494 238
3495 58
31 1285
31 1521
3496 36
798 373
3497 2391
2500 10
3498 1371
319 1344
319 2392
319 616
319 2393
319 2394
2478 344
2478 751
133 2309
133 343
133 356
133 32
133 147
133 411
133 115
133 2395
133 880
133 2396
133 89
3499 73
3500 2397
443 2398
443 1350
3501 720
2175 1295
3502 367
2041 266
2015 555
692 687
3503 1865
1362 448
1362 1260
748 332
748 308
3504 784
231 236
231 875
231 2399
231 654
1271 1022
2314 471
3505 281
2358 611
2137 1242
251 2400
2505 2401
3506 115
1988 32
1314 54
1314 2069
3507 2402
3508 2181
1902 2200
3509 58
2012 2403
2052 798
2052 1542
3510 266
1838 1344
1410 2254
1864 1387
1508 33
2222 232
3511 1842
3512 1800
356 133
356 187
356 88
921 13
921 1046
921 2404
167 384
167 2405
167 269
2519 2173
704 318
704 477
2056 256
3513 2406
2129 110
3514 685
130 2407
130 1415
3515 2310
494 1159
2004 1404
2004 593
2004 1769
847 499
847 256
847 592
1172 2408
1172 1291
3516 526
3516 2091
15 1256
15 295
15 1108
15 133
15 813
15 149
15 339
3517 791
3518 526
1024 766
1024 2409
1024 2410
1024 45
1024 506
1024 1513
1024 22
1024 953
1024 794
1659 738
1659 2411
369 940
369 2412
369 88
621 864
621 496
621 2413
621 2414
212 273
415 2415
415 1759
1034 73
1979 439
1932 741
3519 73
3520 2416
199 1340
199 457
3521 332
2031 2417
1075 1764
1075 346
1075 319
3522 1203
2435 2418
3523 19
531 1143
536 2419
536 1119
536 2420
536 2421
536 1272
1463 397
2521 454
2521 1928
950 2422
950 163
950 792
950 1074
3524 314
1967 7
1967 54
778 733
778 247
3525 1703
3525 1937
3525 441
2365 1404
3526 1225
3527 2423
3527 2424
3527 454
3527 2425
1025 139
1025 1068
634 741
634 2097
634 54
3528 525
3529 1450
3530 1069
1458 73
1458 515
307 2426
307 15
307 1380
307 482
307 2427
307 605
307 2428
2065 92
637 191
629 253
1268 725
1268 995
1268 1700
1268 2429
3531 2430
735 316
735 1382
1861 942
3532 84
3533 2145
3533 501
38 2152
38 37
38 246
38 189
38 39
38 1046
38 294
38 2154
38 488
394 2431
394 1296
394 1534
394 2164
3534 2432
3535 1005
644 708
1557 1690
691 430
930 2433
930 2434
930 262
2439 625
3536 13
593 1544
593 2005
3537 1336
2291 45
2291 2435
2291 2436
2291 2418
2291 370
2291 1360
2291 2437
2291 995
3538 2322
625 2438
625 2092
625 1937
625 2439
625 1108
625 2440
625 2441
625 1149
625 221
625 295
625 1007
625 2442
625 851
974 1030
974 1047
974 54
3539 446
3540 789
2298 653
484 189
484 249
484 407
484 1249
484 32
484 250
484 2443
484 2444
484 2445
1708 2446
1708 1708
59 365
59 2447
59 1181
848 105
3541 2448
1121 217
1121 1195
1121 294
904 651
1099 2449
1595 545
1975 430
3542 1519
2330 45
753 450
753 389
753 64
3543 401
1674 792
1698 710
1698 1422
1698 88
2249 927
1972 147
1972 856
1972 2450
1972 271
1479 2451
1479 508
1479 1341
1479 680
1479 650
1479 1043
70 438
70 189
2223 232
3544 520
3545 1368
306 2452
306 2453
306 483
1821 618
1821 11
1837 613
3546 74
3547 1439
3548 2454
3549 92
522 2455
522 2456
522 387
1310 301
1467 439
2315 722
688 430
2068 88
3550 2312
9 567
9 2457
446 1747
446 1101
446 345
1944 290
2111 124
1575 892
1575 1687
1575 431
3551 1404
143 1015
143 987
143 311
143 700
3552 1017
3553 1139
144 1015
144 1258
1788 902
3554 244
3555 2458
1561 1203
1598 702
1598 2459
2090 2460
257 1108
2404 1448
3556 1967
3556 6
3557 2438
342 880
145 596
622 1506
3558 215
1783 1003
1494 212
3559 2461
2455 961
2455 10
3560 238
1083 210
269 269
269 2462
3561 1870
572 1782
572 2463
58 837
58 774
3562 936
1960 2464
1960 105
3563 210
348 88
3564 739
3565 1023
3566 2465
380 2466
1322 280
3567 306
3568 1394
3568 2467
1105 2468
1105 2469
1108 60
1108 848
1108 15
1108 2470
1108 1390
1108 105
1108 652
1108 720
1108 1385
1108 625
1108 1474
1108 257
714 254
3569 1395
3569 109
3570 295
3571 313
584 1131
584 1486
584 2471
584 411
584 1054
584 1513
584 151
584 138
1675 518
1675 1309
1675 64
3572 363
3573 238
3573 1921
1397 2472
344 1976
344 189
344 88
344 720
344 677
344 312
344 1404
344 1523
344 523
344 519
344 346
344 2271
2195 91
2195 2473
2195 2474
1092 2475
1092 315
1092 607
1092 1399
1092 1280
1092 1300
1427 2454
3574 32
761 858
761 1084
761 760
2142 2476
1423 256
1423 700
1732 1978
245 1425
436 2477
751 1946
751 241
751 2370
751 2478
751 988
751 720
3575 762
337 146
1885 1668
1426 1862
1426 1738
1484 936
1484 775
3576 2479
3576 1460
3577 2103
3578 1190
3579 2480
3579 2481
84 1867
3580 236
1817 431
76 438
1315 1772
3581 1045
3581 1309
3581 2155
1917 2482
1917 72
3582 2187
3583 646
401 1601
401 345
401 147
401 2483
401 2484
401 1519
401 238
571 2463
571 409
601 45
601 370
2512 397
2532 199
189 940
189 1281
189 1284
189 87
189 899
189 88
189 484
189 1521
189 344
189 2025
189 2485
189 1609
189 992
189 2486
189 70
189 1168
189 2487
189 2488
189 724
189 343
189 2489
189 1293
189 837
189 362
189 142
189 2309
189 1454
1620 2490
3584 311
2016 540
2016 147
932 73
932 2491
932 187
932 325
932 1072
3585 2397
2079 2492
2079 499
3586 1098
3587 287
3588 689
1113 596
734 316
3589 2493
3589 1874
3589 95
3590 2494
3590 2495
3591 167
3592 828
1347 1203
3593 855
918 1022
918 151
918 159
918 2496
918 586
918 1402
918 142
569 1503
1177 652
455 18
391 266
339 793
339 293
339 29
339 2497
339 345
339 2357
339 32
339 623
339 383
339 36
339 1266
339 253
339 2498
339 604
339 15
339 2499
339 431
339 88
1998 1205
3594 341
10 2500
10 616
10 2501
10 2502
10 55
10 32
10 2455
10 45
10 858
10 1637
10 258
10 2503
10 2504
10 2505
10 2506
10 1452
10 650
10 1639
421 1052
492 1925
3595 658
1133 1891
3596 646
3597 186
984 73
984 1702
984 2507
984 2508
723 182
723 754
723 316
723 78
723 1757
723 313
890 804
890 653
890 1528
890 87
890 142
1957 3
1524 222
1524 2102
1524 345
693 78
693 2475
693 468
693 336
693 360
3598 1362
3599 32
506 29
506 504
506 683
506 2045
506 434
506 2509
506 2510
3600 1506
100 991
3601 2511
3602 2283
3603 1181
565 283
1104 1032
3604 58
3605 2512
2342 2348
908 221
3606 324
3607 949
2219 1225
2219 2513
2219 439
1884 447
1158 187
1312 301
3608 186
3609 57
2482 1917
263 848
263 770
263 88
263 1391
263 2514
263 312
263 221
263 2166
263 1299
263 2515
2306 115
2306 959
2306 133
2306 32
2306 617
2306 1621
2306 650
2306 2516
1062 365
3610 3
3611 2517
419 2518
419 244
419 482
419 253
419 700
2212 58
2212 2475
2212 997
8 2167
8 2519
8 41
8 345
8 902
8 2520
8 73
8 88
8 1393
8 588
2262 365
684 1045
684 684
684 454
454 2521
454 32
454 258
454 1045
454 260
454 18
454 2522
1350 443
1350 269
3612 1995
1803 2523
771 1063
1734 2479
550 1136
550 2524
550 558
3613 2183
3614 628
791 613
151 2525
151 1619
151 132
151 2526
151 918
151 453
151 349
151 564
151 833
3615 766
3616 909
3617 339
3618 1260
2527 2527
1112 499
2082 2528
1046 449
1046 1450
1046 2294
1046 921
1046 501
597 312
1390 855
1390 295
1223 2529
1223 2530
1223 520
1223 2531
1130 1797
1628 823
1599 702
1599 1511
1599 142
1267 1779
1267 1266
2286 2532
2379 2453
3619 613
3620 1770
539 513
539 770
539 279
539 2533
539 2534
539 2535
539 1136
1038 759
1038 1839
1038 73
1432 788
1432 2536
819 2537
2073 1435
3621 567
3621 613
3621 501
406 741
406 634
3622 1177
3622 771
515 73
515 1501
515 246
515 1391
2245 2538
3623 2539
1913 258
