1282 0
1282 1
2407 2
2408 3
1383 4
1145 5
2409 6
2410 7
2192 8
2411 9
2411 10
1930 11
630 12
2094 13
2412 14
282 15
282 16
282 17
1361 18
1361 19
1361 20
772 21
1687 22
786 23
786 24
2205 25
544 26
544 27
544 28
544 29
544 30
2402 31
2402 32
2402 33
2402 34
2402 35
2099 36
1045 37
1045 38
1045 39
1045 40
2144 41
692 42
1606 43
1606 44
1387 45
128 46
128 47
1372 48
1372 49
1372 50
2413 51
2413 52
2414 53
2414 54
2314 55
2415 56
708 57
1148 58
1148 59
1148 60
1540 61
489 62
489 63
975 64
975 65
975 66
2416 67
640 68
640 69
640 70
640 71
640 72
640 73
640 74
640 4
640 75
640 76
1206 77
243 78
243 79
243 80
243 81
243 82
243 83
243 84
243 85
243 86
243 87
243 66
243 88
243 89
243 90
243 91
243 24
243 92
243 93
243 94
243 48
243 95
243 96
243 97
243 98
243 99
243 100
243 101
243 102
243 103
243 104
243 105
243 106
243 107
243 108
164 109
164 110
164 111
164 112
716 113
716 79
716 114
716 115
1819 116
1819 117
1819 32
1819 118
1819 119
1819 120
590 121
590 122
590 123
590 124
590 125
590 126
590 127
505 128
505 129
2417 130
2418 131
355 2
355 132
123 133
123 134
123 66
2419 135
1141 136
1141 137
1141 138
1638 139
2420 140
792 141
792 142
792 87
792 143
792 144
792 145
792 146
792 147
2330 148
2054 149
828 150
1855 151
1855 152
2046 153
408 154
408 155
408 156
408 157
408 158
408 159
408 160
408 161
408 162
408 163
408 164
408 25
408 165
408 111
408 166
408 167
1639 139
1639 168
1334 169
2022 170
2022 171
1469 172
305 24
305 173
305 174
305 175
305 13
2349 176
2349 177
502 147
502 178
502 179
502 180
2421 181
0 182
0 183
51 184
51 185
51 186
51 87
51 187
51 188
51 189
1456 170
1456 190
1456 191
1456 66
2160 192
1077 193
1409 194
1196 195
1196 196
1196 197
1196 198
1196 199
1196 134
2422 200
2423 201
2424 202
2424 24
1082 203
1715 204
2425 205
2425 206
2425 207
2425 208
2425 209
413 210
673 211
673 212
673 213
673 214
673 215
673 216
673 203
2426 217
2142 218
1389 114
1389 219
1389 220
1389 221
1389 222
1389 36
1389 223
2427 224
2427 225
1716 145
1431 226
1431 227
2124 228
2124 229
2124 230
1060 231
1060 232
1060 233
1060 203
1060 234
1397 235
597 236
597 237
597 238
597 239
2428 240
1421 241
1421 242
105 48
105 243
105 244
105 245
105 108
105 246
105 247
2429 248
1108 249
1108 250
2430 251
254 252
254 253
254 61
254 254
254 255
254 256
547 257
757 258
757 259
741 260
741 234
2327 261
2327 262
269 263
269 264
269 265
269 266
269 267
269 109
269 268
269 269
269 270
269 271
269 272
269 273
269 274
269 275
269 276
269 277
269 278
269 222
269 279
269 280
1533 281
2431 112
15 79
15 282
2432 283
1241 284
1258 285
1258 286
1258 2
2433 196
738 287
2434 288
2435 289
389 290
389 291
389 292
389 253
389 293
2436 25
1092 294
2437 295
478 296
478 297
478 92
1718 145
1220 207
2438 298
2118 299
2439 24
1363 135
1363 300
2440 301
2441 302
2442 228
1260 285
2001 303
1132 304
569 303
1750 305
1750 68
1750 306
1750 307
1750 308
1750 309
1750 98
1750 310
1750 311
2443 312
2444 47
1093 162
2445 313
2446 314
1288 315
1288 316
2229 317
2229 318
2229 319
2249 320
807 321
807 322
807 323
995 324
995 48
995 325
995 326
995 24
1392 327
1392 218
1392 114
2447 328
1751 329
1265 330
1265 331
947 332
947 333
2448 334
832 122
106 68
106 335
106 336
2183 190
2449 325
735 337
1425 39
1425 25
1425 338
1425 339
527 79
527 340
527 239
527 341
527 204
774 342
774 343
1471 196
1471 344
2450 345
2451 346
2452 347
2289 348
81 243
81 5
2453 349
2454 135
1959 307
1959 350
1959 351
1959 352
1959 248
1373 353
1373 23
1373 180
1373 196
1373 49
1373 354
2455 355
2456 356
2457 248
2458 357
1503 358
2459 359
2460 25
1768 45
2461 157
1564 360
1564 24
1999 18
2093 361
2462 362
185 363
1306 364
1111 365
1111 366
1111 367
1111 368
1111 369
2463 370
2464 203
2465 371
2465 372
1156 268
1156 373
1807 374
2466 24
1429 375
903 376
903 377
924 378
924 379
924 380
924 281
1756 381
2467 382
2468 176
2469 286
2470 383
1170 384
2269 385
2147 386
290 387
290 388
290 389
97 107
2471 352
545 390
2472 347
2473 391
886 78
886 392
886 393
886 326
886 394
445 395
445 396
1868 397
1868 23
1736 398
993 399
1414 400
1414 68
1414 401
1414 402
697 94
2474 403
1466 404
1466 24
2475 214
2476 405
2476 406
1697 407
156 408
156 409
156 410
2477 411
2478 352
2478 412
210 413
205 414
205 238
205 47
205 415
205 416
1273 352
2187 417
941 307
1062 233
126 418
126 92
126 234
126 419
339 78
339 420
339 421
339 422
339 423
339 424
339 425
339 92
1434 426
2479 196
2480 58
1576 24
2481 427
1812 163
1812 428
2365 429
2157 430
711 170
711 431
711 24
711 8
711 316
711 432
711 227
711 281
711 335
711 308
711 433
711 434
2482 128
551 435
1853 436
521 437
1085 438
2483 439
2484 440
2484 441
2485 442
2485 96
192 443
192 444
2036 445
2486 446
2487 447
2488 448
1154 449
2489 450
783 147
783 129
2490 182
712 228
712 451
729 452
729 453
2102 454
1104 455
1104 456
92 455
92 457
92 458
92 29
92 459
92 460
92 461
92 86
92 462
92 463
92 316
92 464
92 465
92 466
92 467
92 376
92 63
92 468
92 180
92 469
92 470
92 24
92 471
92 472
92 473
92 474
92 475
92 476
92 157
92 477
92 478
92 479
862 109
862 66
2360 480
2360 481
2491 482
2492 294
1316 483
1316 484
1316 62
1316 485
1316 486
182 487
182 0
182 488
63 489
63 490
63 92
2280 491
2280 492
1637 493
1637 269
1769 494
1769 470
1769 88
1769 495
1057 496
1057 191
593 497
1586 68
1586 498
1586 142
476 92
973 499
1239 500
1239 501
163 502
1123 503
1123 307
1123 504
1123 170
46 505
647 303
647 506
1266 507
1266 4
2493 352
2493 87
2494 508
992 509
2165 510
2495 511
2496 399
781 512
781 513
781 134
1400 514
1400 36
1400 515
437 516
437 517
437 518
437 519
437 352
437 520
437 521
954 253
414 522
2497 138
2498 523
819 524
819 146
819 63
819 525
825 243
825 24
1551 526
1770 495
340 527
1043 528
1247 529
1247 530
1581 531
1581 532
1581 533
1581 66
523 534
523 2
100 535
100 536
100 290
100 537
100 144
100 200
100 389
100 136
100 27
100 538
100 539
100 540
100 248
1937 201
2499 541
390 542
390 543
390 392
390 26
390 440
390 502
390 178
390 544
390 545
2284 4
2284 546
479 92
583 48
257 547
257 548
257 549
2346 550
686 452
686 551
686 134
686 24
350 552
350 553
350 194
350 554
350 555
350 556
350 557
350 83
350 558
350 559
350 560
2500 48
2501 561
1544 562
860 563
860 564
2166 565
2502 566
932 58
2503 239
963 567
963 568
2504 14
1863 158
1135 481
2088 569
651 570
1072 133
1072 571
2505 572
2506 573
1565 450
1565 574
1565 24
2507 575
2508 576
2509 577
1954 578
1954 162
1954 579
1954 580
761 78
761 68
761 581
761 61
761 582
761 583
761 248
2510 584
572 24
2381 585
2381 586
2381 587
2381 66
2106 588
2106 589
2511 590
1754 591
1754 68
1754 592
1074 286
1892 593
1892 594
137 595
137 596
137 408
137 597
137 428
137 598
137 599
137 600
137 601
137 333
2512 602
2513 170
2514 347
780 231
780 552
780 603
780 604
780 605
780 606
780 607
780 608
780 609
780 610
2515 611
2516 612
1101 4
1101 613
1101 614
460 307
858 376
858 615
858 616
2517 617
2518 618
2519 619
2520 620
2520 146
1268 352
747 621
747 378
991 509
991 595
991 622
991 66
1207 623
1207 624
1207 625
1207 626
1207 442
1207 627
1036 68
2521 628
12 629
12 630
12 631
2522 632
2523 358
462 633
462 92
2524 634
2525 635
450 636
450 637
2526 638
1300 639
73 640
2527 641
1501 642
1501 643
1243 644
2528 458
367 645
367 646
303 569
303 647
303 648
303 281
2529 649
2529 650
570 651
2530 652
2531 199
1773 653
2532 654
1437 161
1190 195
1777 655
1777 204
1013 656
1013 657
2295 658
2533 196
2073 659
660 660
2377 66
1194 661
1194 134
1194 377
2219 25
2534 122
2372 662
2535 663
1412 664
1412 360
1412 665
1412 666
2307 559
2307 667
2536 261
997 668
1840 669
1452 670
1452 671
1452 672
215 673
2537 674
2537 25
839 675
2538 109
2156 676
2156 677
1582 24
1837 678
1602 679
2539 245
1374 680
1459 681
1459 25
793 174
793 147
793 157
793 682
793 683
793 643
793 684
2540 685
1289 207
1289 25
2541 686
1216 534
2542 687
2542 688
2542 689
2543 690
42 464
42 691
42 692
42 693
2544 694
575 68
575 695
94 243
94 696
94 697
2231 698
784 147
852 699
317 87
317 700
577 701
577 702
577 703
577 704
343 447
461 705
461 307
461 706
228 224
228 707
228 708
228 709
228 710
228 352
228 711
228 712
228 713
228 534
228 470
228 48
228 248
2282 714
1767 715
1944 716
1805 717
2545 718
1173 719
1173 635
2546 720
2547 721
809 243
809 209
809 722
2548 78
2548 723
2548 66
2348 550
1598 724
1598 725
1598 726
1598 727
1598 433
1598 728
1598 550
1598 729
1598 730
937 731
937 732
937 733
2549 734
2186 417
2550 533
337 735
2551 736
287 731
287 737
287 738
1134 739
1134 740
234 24
234 68
234 179
234 741
234 742
234 200
234 743
234 281
234 744
234 745
234 233
234 746
234 126
234 268
234 260
234 325
234 747
234 748
234 749
1179 750
1179 751
1179 752
1903 753
1903 305
1903 281
1903 754
1903 234
2552 755
1878 756
2553 268
258 757
1963 758
1963 759
2049 760
1312 347
581 761
1292 7
1933 762
1933 84
1418 245
2554 112
1022 763
1022 194
680 764
95 765
95 766
1525 41
1525 767
1525 381
2555 768
2556 769
2253 770
2253 771
2557 481
21 68
21 772
21 87
342 773
342 774
612 775
612 776
612 777
2558 514
2558 700
829 778
829 779
607 780
2559 671
147 781
147 542
147 707
147 782
147 783
147 784
147 785
147 786
147 787
147 788
147 502
147 789
147 381
147 790
147 791
147 792
147 703
147 22
147 286
147 793
363 794
363 185
363 286
363 234
248 671
248 795
248 104
248 592
248 796
248 122
248 761
248 281
248 797
248 794
248 771
248 68
248 798
248 228
248 33
248 534
248 24
248 799
248 722
237 345
252 254
2560 800
2394 26
2561 801
2562 138
1278 802
1278 803
2563 4
2564 804
2565 805
322 360
322 68
322 155
322 66
322 432
322 806
322 807
322 808
322 200
322 194
322 809
322 810
322 206
322 24
322 326
2566 200
2566 95
2566 174
2567 811
1742 432
1742 812
1742 679
1742 813
2015 299
2139 814
278 710
2056 815
1720 145
2568 721
2569 816
2570 817
2571 182
2571 361
2571 818
525 819
2129 512
2572 820
1923 566
1180 23
752 821
826 822
2243 685
270 823
270 824
270 825
2573 818
2573 17
822 826
2026 827
754 711
754 828
754 437
2574 720
778 352
778 829
2575 619
1569 564
1569 24
1159 830
1159 186
2576 831
2576 352
2352 394
2577 832
2578 833
2579 686
2580 834
2580 835
2581 836
1054 837
1054 835
1054 838
247 839
247 134
247 105
2582 840
2583 371
2584 7
2584 841
1932 842
1932 843
1932 204
277 269
2585 844
596 845
1075 449
2586 846
2586 847
2587 392
561 848
561 827
2588 96
291 389
2018 79
2018 849
2589 850
522 231
522 851
522 852
1685 853
1685 22
865 109
865 570
865 854
865 855
2120 249
2120 24
1860 773
1860 8
466 455
466 856
1183 562
1183 857
1183 338
616 858
616 859
2590 126
564 211
564 775
564 307
564 344
564 860
564 652
564 564
564 24
1679 861
109 862
109 863
109 864
109 269
109 865
109 244
109 164
109 247
109 24
988 108
988 50
812 79
812 866
812 5
2591 867
2592 868
2593 268
1067 869
1865 459
1865 359
1865 870
1069 571
1757 871
1757 872
1757 873
2256 874
2256 875
2256 876
2594 92
2595 671
2595 877
2095 878
2596 208
1875 879
2597 880
1684 881
1684 737
1666 882
1666 378
1666 883
1666 884
78 885
78 481
78 79
78 200
78 243
78 886
78 887
78 888
78 533
78 661
78 889
78 58
78 890
78 167
78 891
78 182
78 558
78 761
78 281
78 36
78 892
78 24
78 104
78 893
78 850
78 894
78 895
78 329
78 273
78 896
2598 897
1184 898
1184 338
426 794
426 48
426 899
426 900
1908 901
1908 902
1734 564
1122 503
1122 170
1962 758
1962 903
1962 904
1006 905
1006 234
157 165
157 92
157 767
157 801
890 906
890 78
890 907
2599 145
2599 908
1516 78
1516 909
891 910
891 202
891 335
2600 911
1169 912
1169 913
1169 914
2601 531
939 915
2602 916
1558 917
1799 918
1799 29
2603 734
2604 919
2604 920
2604 921
2604 922
2604 194
1839 923
1839 768
1839 924
2605 925
2605 926
2606 927
846 928
103 243
392 912
392 886
392 163
392 390
392 929
935 731
935 755
935 930
935 635
1370 416
1370 931
1445 265
2607 783
1230 263
1230 174
1230 932
731 933
731 268
731 287
731 934
731 27
731 935
731 819
731 853
731 936
731 937
2240 938
2240 939
2240 940
2608 941
2608 768
1473 243
2058 432
2058 942
2058 943
2058 754
2058 774
2609 203
2610 135
1979 363
1979 944
1979 945
453 946
332 947
2611 858
2612 192
1953 48
1953 948
1953 429
1953 949
1953 134
1953 19
1953 950
2613 352
2614 358
2614 951
2615 823
2615 270
2616 8
2617 952
2375 953
2375 721
2375 954
2618 566
1717 145
2619 955
2620 956
2191 957
2089 958
2089 959
2621 741
1982 960
1982 66
1982 441
1982 961
538 100
538 962
580 963
2622 394
1479 964
1479 965
1479 937
960 846
960 966
960 66
1952 283
1952 449
1952 916
1952 967
2247 968
1339 552
1339 123
1339 969
1339 96
1339 970
1339 203
1627 344
1627 600
499 281
499 971
499 972
499 114
499 973
64 48
64 974
64 975
64 976
64 977
806 727
2623 978
2623 979
1844 980
1844 981
1390 114
1034 650
1034 982
1897 983
2218 25
1342 984
1650 138
2354 543
1735 882
1735 985
2393 986
2393 722
1759 987
1759 988
1759 989
509 990
509 991
509 992
325 993
325 8
325 994
325 995
325 996
325 827
325 134
325 234
744 216
744 234
744 997
744 998
1772 463
1772 999
1772 62
1772 1000
1772 164
1772 1001
1772 1002
1931 11
2624 257
2625 1003
2331 224
2331 207
2626 1004
2627 1005
2273 268
2628 1006
1910 901
1910 24
2629 626
2630 42
1250 588
1250 1007
1505 33
657 938
657 1008
657 375
657 1009
657 1010
657 1011
657 1012
657 1013
657 1014
1369 1015
1369 1016
998 429
998 531
998 1017
998 744
998 86
998 434
2631 29
2632 160
1386 268
1386 1018
1386 1019
2633 1000
1823 1020
1198 134
2634 1021
763 1022
297 478
1918 378
2635 534
2334 434
2111 1023
1888 1024
2636 855
696 243
696 794
696 1004
696 94
696 930
1438 196
1438 1025
1438 864
1395 1026
1395 24
1948 1027
1948 1028
887 1029
887 1030
1124 503
1124 1031
2637 350
1032 1032
912 392
201 194
2638 1033
982 1034
2639 1035
1181 427
1748 1036
1748 68
1748 234
1126 31
1126 769
1829 75
1829 1037
2322 642
1707 472
1193 145
1193 1038
1193 1039
1193 1040
1193 134
2640 60
1419 48
1419 1041
1419 635
2641 1042
236 552
236 481
236 1043
236 420
236 234
236 597
236 112
40 352
40 1044
40 1045
1365 1046
2255 1047
2642 1048
1195 134
2155 352
2155 677
2643 1049
837 440
837 66
837 1050
837 512
837 1051
837 1052
837 952
837 1053
837 1054
837 286
2644 1055
1690 22
2645 1056
2646 685
1790 1057
2382 1058
2382 66
233 1059
233 1060
233 1061
233 1062
233 309
233 1063
233 568
233 65
233 234
233 1064
233 14
233 1004
2647 1065
768 481
1862 773
1975 68
1975 771
1975 35
1975 1055
869 1066
869 1060
869 1067
869 841
869 1068
571 1069
571 432
571 402
571 1070
571 1071
571 419
571 1072
286 837
286 1073
286 1074
286 789
286 147
286 24
2131 810
1059 863
1059 1075
1059 14
2648 530
2649 1038
868 469
2650 1076
193 1077
452 729
452 686
452 1078
452 24
1011 657
599 595
599 137
1838 938
1838 1079
1497 1059
1497 1080
1497 1081
2651 1082
1763 1083
1895 1084
1895 941
2212 25
2652 226
1907 512
2653 1085
91 133
91 220
1038 848
1038 196
1038 1086
1038 134
1038 876
1584 24
294 1087
294 602
294 1088
294 516
294 671
294 904
294 1089
294 1090
294 1091
294 1092
294 376
294 8
294 325
1741 1093
602 91
1468 196
1468 1094
1468 481
2654 22
1157 1095
1157 577
1157 1096
1157 373
1157 441
1630 1097
2655 2
1522 467
1692 22
2656 1098
104 268
104 1099
104 1100
104 34
104 243
104 911
104 134
104 1101
104 248
2039 371
2657 254
1337 1102
1946 1103
1946 1030
2658 307
2323 526
2323 642
1356 898
456 1104
2659 758
1872 463
2660 1105
2660 253
124 1106
1463 196
1463 418
1463 1107
1673 530
1821 1108
1821 800
1821 1109
412 1110
365 1111
1921 1112
1921 900
1640 1113
1640 447
1640 139
1640 1114
1116 1115
2661 268
2661 714
1115 1116
1590 1117
1590 221
1590 1118
2057 1119
608 1120
2662 1121
2663 170
2663 438
503 504
503 1122
503 1123
503 1124
2335 1125
2072 134
2298 674
769 1126
769 1127
769 769
1176 112
1398 1128
1398 34
1398 995
1398 929
2233 1129
2233 1130
2664 524
2665 470
2666 283
2667 1131
304 1132
2668 740
2669 1133
740 1134
740 422
481 848
481 78
481 1135
481 1136
481 1137
1727 1138
1076 1139
138 1140
138 1141
1139 1142
1510 464
75 1143
75 180
75 640
75 1007
75 1144
362 1145
362 1146
333 1147
333 137
333 799
1739 720
1153 376
2670 481
1519 467
59 1148
240 533
240 1149
240 1150
240 1151
240 1152
2671 218
2672 677
2672 373
2673 800
376 1153
376 858
376 1154
376 92
2674 1155
2675 326
2676 284
373 1156
373 1157
2677 1158
830 1159
1249 1160
1249 1161
1988 160
2678 307
1315 483
1315 1162
1315 112
2679 1163
2680 609
2681 746
2681 1164
2682 1165
2683 1166
1511 464
978 48
978 1167
653 1168
653 816
2684 1169
1303 1170
1303 384
2685 14
349 1152
2686 1171
2687 632
2688 243
2689 1172
719 1173
2006 1174
2006 475
2006 371
2006 1175
1570 773
383 1176
383 1177
383 200
2690 203
2690 1178
2690 215
74 1179
74 24
74 565
74 855
74 640
2691 1180
338 762
338 1181
338 1182
338 1183
338 84
338 1184
338 112
2176 307
2692 1185
874 194
1785 1186
847 265
847 800
847 802
2693 1187
2207 1188
2207 25
134 1189
134 447
134 1190
134 1191
134 325
134 1192
134 1083
134 1038
134 250
134 1193
134 145
134 1194
134 1067
134 1195
134 1196
134 549
134 1197
134 24
134 104
134 1198
134 1199
134 208
2694 531
2694 316
1858 1200
2695 1201
2695 1202
2695 286
2695 1203
1636 358
1636 1204
77 296
77 1205
77 1206
1080 516
1080 844
2315 632
2315 1140
625 1207
625 1208
420 222
420 339
420 1209
1349 146
321 807
321 1210
2696 1211
2696 707
155 408
155 1212
155 322
155 1213
155 1214
155 1051
1730 1215
2697 182
2698 1216
979 727
979 1217
979 1218
979 661
979 1219
979 23
979 1220
979 1221
979 86
979 929
1338 212
2699 847
2699 1222
2699 727
1579 133
1579 1223
1579 24
1283 1224
1283 1225
1283 743
174 1226
174 707
174 62
174 1227
174 378
174 1228
174 1229
174 550
174 1230
174 1231
2700 125
2701 533
2702 66
1593 926
2703 1208
2704 1232
388 290
388 1233
1537 1234
1537 204
1440 787
1440 1235
892 78
892 1236
1611 68
1611 972
748 234
2164 51
2164 194
2705 291
2705 100
1535 23
1495 1237
700 145
700 36
2706 1238
2707 727
2707 876
500 1239
500 171
1520 743
2708 964
2709 492
996 1240
2222 134
1407 78
1407 33
1407 1055
1407 324
1407 447
1407 281
1407 512
1407 1241
1073 971
1073 281
1318 1242
644 1243
2710 1244
2711 1245
345 237
345 1246
2712 24
2040 249
1348 146
1348 678
529 1247
2287 1248
2045 776
1832 775
1160 1249
1747 79
875 352
1007 1250
1007 75
308 779
308 24
1585 1251
1585 974
1008 657
1236 1252
1236 892
2713 1253
704 577
704 1254
704 224
284 1255
284 327
2714 1256
285 1257
285 387
285 131
285 954
285 459
285 1258
285 1259
285 534
285 1260
285 389
285 1261
1168 653
2715 1262
578 562
578 505
1857 1200
1857 1263
2114 2
2716 741
2717 1140
1329 1264
1329 1265
2272 268
507 1266
2718 281
1025 268
352 348
352 671
352 1267
352 1268
352 875
352 221
352 1269
352 1151
352 1270
352 328
352 1271
352 1174
352 1272
352 437
352 89
352 1117
352 203
352 1273
352 1274
352 1275
352 339
352 829
352 1276
352 144
352 1277
352 268
352 779
2719 1174
803 1278
2720 319
1380 1279
253 231
253 1280
253 450
253 468
253 389
253 254
253 790
253 24
576 1281
576 1282
576 1283
576 1284
576 1285
576 62
576 807
576 1286
576 227
576 512
576 1287
576 1288
845 596
845 25
845 1289
2721 686
2722 1232
641 1066
1833 775
1833 934
1833 886
1147 333
2000 1290
14 233
1428 1291
7 1292
7 1293
7 316
7 1294
7 1295
7 1296
7 1297
7 112
915 794
1873 1298
1873 463
2723 68
2263 1299
639 1300
639 1014
2724 1301
2725 1174
532 33
1743 1302
1870 23
384 1303
384 1304
2148 1305
2148 574
364 1306
364 1307
364 1308
364 847
1138 1309
1138 1310
1138 11
1138 24
2368 48
347 632
347 1311
347 1312
2379 66
129 46
2007 728
2007 533
2726 1313
483 1314
483 1315
483 1316
2727 1317
804 790
804 286
2728 135
295 1318
767 157
2161 198
231 1060
231 1233
231 1319
231 1320
231 430
231 1321
231 780
231 354
1566 1242
1566 181
1566 1322
1566 24
2729 1323
1547 1324
1547 92
2730 1325
2731 327
766 231
766 131
244 788
244 105
2732 1326
2732 1327
1264 1328
1264 824
1264 1329
2733 711
2734 1330
2288 329
2288 1331
1051 139
1051 115
1051 1332
169 1333
169 1334
2076 894
2735 1335
1737 1336
1737 25
624 1337
624 1207
212 1338
212 1339
1099 432
1099 268
1099 104
2202 439
2202 137
1197 1340
1197 7
1197 1296
1197 887
1197 1341
1197 134
2244 549
984 1342
2736 78
2737 1343
2737 731
693 863
693 792
693 42
693 883
2738 408
271 269
1610 1344
1610 14
1610 1345
2739 1346
2740 1047
2401 1347
146 1348
146 1349
146 121
146 1350
146 22
203 1351
203 352
203 743
203 840
203 1352
326 1353
326 68
326 322
326 775
326 777
326 243
326 886
326 847
326 216
326 166
326 356
96 426
96 1339
96 1354
96 969
96 1355
96 1356
96 1357
96 951
485 1343
485 699
485 1358
485 122
485 1316
485 62
485 1359
485 243
485 817
485 934
485 1360
485 1361
485 664
485 1362
945 989
816 491
816 653
816 492
1549 543
1384 512
1384 122
702 934
702 216
702 379
702 239
2741 171
300 1363
300 1364
473 92
1443 1365
1443 1366
1443 1367
1443 451
1443 273
1071 1368
1071 869
2742 734
2743 403
1015 512
1015 58
1015 1369
1015 1370
1015 34
1112 998
403 1248
403 1371
403 775
49 48
49 1372
49 1373
49 50
458 707
458 92
1294 699
1294 7
1634 257
2744 1374
1331 866
1331 1375
1331 1376
1331 438
1331 200
1331 352
1331 1377
1331 1378
1331 1379
396 174
1811 19
1811 618
1811 171
2745 615
2745 1380
1240 996
122 671
122 174
122 1381
122 79
122 1382
122 747
122 352
122 716
122 1383
122 170
122 1133
122 1384
122 66
122 590
122 569
122 1105
122 68
122 438
122 145
122 27
122 485
122 139
122 160
122 24
122 360
122 832
122 796
122 392
122 1385
122 794
122 112
336 800
1019 1386
859 616
45 1387
2328 916
2328 1388
1396 235
114 1389
114 1390
114 1391
114 716
114 1392
2746 801
2168 218
2168 1393
1026 182
1026 1394
1026 1395
1026 112
235 285
235 1396
235 1391
235 979
235 1397
929 174
929 392
929 23
929 1398
929 979
929 707
327 1392
327 284
2747 482
2748 273
1304 1303
1304 447
1304 1399
555 350
1513 671
1513 909
2749 1125
515 1400
188 196
188 1401
188 1402
188 335
188 847
188 1403
188 204
1556 1404
1556 1034
1556 34
1556 774
863 693
863 1405
1623 1406
1588 794
1588 1407
1588 24
588 1408
2750 1409
2750 1410
2028 1411
2028 105
2751 890
2752 2
494 472
494 203
494 178
494 23
494 495
366 130
366 1111
366 1412
71 1413
1371 403
1371 1248
2158 430
2753 157
292 389
536 592
1671 268
402 48
402 1131
402 1414
402 1246
402 1415
402 1121
402 571
1140 632
1140 268
1140 1416
1140 138
1140 1417
2754 1052
2755 1418
2756 1162
2003 220
1087 294
2757 1419
1131 1420
241 170
241 1421
2758 1422
1722 145
1722 1423
1722 22
524 819
524 1331
524 926
39 1424
39 1425
39 1426
2301 79
2301 1427
2759 1428
1275 121
1275 352
1275 461
2760 24
1436 112
1806 1429
263 1095
263 269
263 1430
263 253
263 1230
226 1431
226 661
226 900
226 261
1578 1432
1578 1066
1578 963
1578 24
197 1433
197 1434
785 543
397 1435
397 146
161 1436
161 408
161 987
161 1437
161 1438
2055 709
2055 815
618 1439
618 68
618 428
790 253
790 804
2761 294
2762 1440
2762 1441
2762 1442
273 291
273 1443
273 1444
2338 1226
265 1445
1702 69
1702 50
2763 157
2033 676
2033 1097
682 1111
682 1446
682 793
656 1013
2200 25
1936 1447
2764 243
16 818
16 17
840 690
840 203
840 843
1178 1448
1178 1449
170 1125
170 148
170 322
170 1450
170 194
170 1451
170 1452
170 726
170 96
170 1063
170 896
170 711
170 1453
170 774
170 1454
170 1231
170 1455
170 1456
170 1106
170 24
170 204
1680 818
1680 221
1680 635
2765 1457
353 797
353 1373
1465 196
537 1458
537 87
537 100
681 1459
1973 847
2403 1460
2403 1026
2403 1461
196 1462
196 1463
196 615
196 196
196 1373
196 404
196 1032
196 1464
196 1465
196 1466
196 1063
196 847
196 1467
196 1031
196 1038
196 1468
196 1469
196 180
196 24
196 1470
196 344
196 1471
196 112
2766 1172
2238 1472
2238 1291
2238 1473
856 455
2767 39
2767 1474
2768 358
2769 162
1182 338
1182 84
1922 1475
1922 243
1343 1476
1632 1477
1632 87
1632 204
2143 1042
2257 86
431 1478
431 195
2770 1479
2771 1480
245 574
2128 1055
110 1133
110 164
2772 397
2184 1481
2773 1482
2773 1127
2773 94
2773 1483
670 661
670 672
670 710
670 243
670 1484
670 1485
2774 7
261 1486
261 226
261 1487
2775 1488
1672 1065
1672 1489
628 461
1521 467
907 890
2776 1490
2776 171
2777 1491
1455 316
1455 758
1455 1492
1455 34
1455 1493
1455 1494
1237 1305
1237 1237
1237 1495
1884 1496
2778 1497
2108 1498
2108 33
2779 1499
1836 775
643 1500
643 27
643 1501
643 281
2780 1502
2780 906
2780 1503
2780 1504
2780 1505
2780 146
47 205
47 128
47 505
627 1207
2781 129
1464 196
1136 1268
1450 1506
1450 918
1945 1507
1945 1508
1945 1391
464 1509
464 42
464 1133
464 133
464 775
464 243
464 352
464 1510
464 206
464 1511
464 92
909 1512
909 1513
909 1514
909 1515
909 1516
797 353
797 1517
797 1097
797 1189
797 248
2083 1328
2083 1518
2083 358
2083 154
467 1519
467 157
467 1520
467 1521
467 1522
467 92
2782 1523
315 1288
2783 174
1719 303
1719 204
1877 1524
2784 67
438 670
438 1331
438 1525
438 1526
438 1527
438 1528
438 968
1698 1529
2084 652
1629 48
1629 316
1629 122
1629 1055
1629 1240
1629 1530
1629 1531
1629 1532
1629 1533
1629 946
1629 1534
601 1535
601 137
1113 1536
1113 444
1234 1537
2785 1538
2786 1539
61 761
61 1046
61 1540
1956 682
1894 1059
1786 1110
455 466
455 465
455 856
455 1541
455 1104
1262 23
375 1542
375 657
375 1429
1388 148
1388 1388
1332 1051
1332 655
1332 1543
562 1544
562 739
562 506
562 1183
665 1412
665 1545
615 858
615 91
615 1380
615 196
684 170
684 1546
684 1547
684 1548
684 24
2787 203
1783 204
1218 979
2788 846
2789 1549
2204 1550
2790 552
34 1551
34 48
34 104
34 1552
34 454
34 200
34 1553
34 1554
34 1398
34 1143
34 1275
34 112
34 24
34 1555
34 1556
34 1455
1192 134
2791 1557
1120 608
1105 607
1105 1476
1105 901
2792 1558
2123 452
2793 956
2794 1559
1797 563
2795 635
2796 1560
2796 703
1781 204
2797 481
610 607
610 1561
24 1562
24 699
24 67
24 566
24 1138
24 569
24 305
24 844
24 322
24 1563
24 786
24 196
24 1564
24 1565
24 1566
24 1493
24 572
24 1223
24 1567
24 1568
24 1569
24 134
24 671
24 775
24 447
24 1570
24 696
24 1395
24 887
24 1571
24 1509
24 253
24 194
24 1466
24 1572
24 303
24 564
24 1066
24 1573
24 1574
24 485
24 1484
24 360
24 1575
24 1576
24 1577
24 1017
24 1578
24 1579
24 248
24 647
24 1580
24 1581
24 452
24 1582
24 1583
24 461
24 122
24 66
24 34
24 1584
24 92
24 378
24 1280
24 1585
24 48
24 228
24 1586
24 1121
24 731
24 1587
24 863
24 78
24 1588
24 534
24 352
24 234
24 308
24 1589
24 1098
24 1590
24 1591
24 58
24 285
24 648
24 711
24 825
24 980
24 1592
24 622
24 995
24 145
24 504
24 1593
24 1594
24 1450
24 371
24 1595
24 686
24 1596
24 112
959 1206
959 1597
724 1598
742 1599
1724 48
1724 8
1724 727
1053 145
1053 86
1053 1030
1053 1600
1053 979
1587 1601
2798 87
2005 1602
1688 1603
2799 200
186 1159
186 1197
200 795
200 743
200 383
200 133
200 422
200 234
200 1270
200 1604
200 66
200 1605
200 674
200 827
200 730
200 898
200 42
200 207
200 1606
200 43
200 1125
200 48
200 98
200 1607
200 1608
200 112
1504 1609
1504 733
1504 481
1504 447
1504 668
1504 794
1504 358
1504 802
2070 51
2070 1049
2065 440
2065 48
2065 1189
2065 896
1327 328
2800 508
1345 1610
1345 816
1345 706
972 1611
2801 771
1655 1612
2802 1613
2803 1614
56 1475
56 1615
56 900
56 1616
56 1617
2804 79
2380 66
1801 134
1801 1618
2805 1137
2805 1619
195 1620
195 1328
195 794
195 1621
195 134
195 952
195 97
195 1485
2806 1622
2807 1054
421 1623
421 339
421 604
2808 915
2808 740
542 408
542 390
542 502
542 147
542 1225
542 24
2809 951
703 577
703 248
703 1624
703 1625
703 1626
600 595
600 1627
600 137
600 1140
2810 1493
280 138
280 220
1144 75
2811 1612
2812 655
1255 1628
2813 444
2813 1489
946 1629
419 1630
419 1605
419 123
419 1631
1477 1632
266 269
2814 274
2814 273
2116 172
2116 170
2116 87
2116 1633
459 285
459 92
2815 1634
2816 1635
1204 1636
493 1637
2302 674
2817 423
2817 1597
1951 196
1951 27
2098 802
2098 316
139 1638
139 1639
139 1640
139 122
139 134
1106 170
1106 1641
1106 1642
1106 124
1106 1643
1106 134
1106 1644
1106 247
2818 931
2819 1459
1822 134
964 1066
964 101
2820 825
750 170
750 269
750 131
750 1645
750 1646
750 1647
750 1543
2060 766
934 731
934 1484
934 670
934 485
934 702
2821 358
1631 419
1320 1648
1849 84
1849 1649
471 92
592 948
592 68
592 1650
592 1651
592 569
592 1652
592 1653
592 798
592 289
592 12
592 1654
1545 665
777 326
777 612
777 1655
1447 1656
1447 1657
2822 655
1696 1433
1696 1658
1696 410
1696 66
1231 170
1231 268
1231 1133
1231 174
498 1659
1567 24
2823 1660
2824 374
2062 910
1780 204
705 461
1058 1661
1058 1662
1058 66
730 1598
1728 1663
1728 1664
1728 1665
883 1666
883 1667
876 1668
876 1038
876 192
2825 1669
1004 1328
1004 549
1004 734
2826 1670
2826 655
2826 786
1489 1671
1489 157
1489 335
1489 1672
1489 1226
530 1673
2827 1123
2827 1592
1776 354
1776 858
1776 1674
2828 671
2828 1376
2828 447
2828 1675
2828 1261
2828 1676
1663 661
1663 194
1310 1138
2829 1677
1893 232
2830 1066
543 1060
543 60
543 1121
543 281
543 1678
543 234
543 731
543 86
543 390
2831 1679
2831 368
2831 646
818 1680
818 1681
818 1682
818 1626
1995 305
1995 1683
1995 281
881 12
881 1684
2101 316
664 485
664 1412
22 543
22 1685
22 1686
22 1687
22 1688
22 1689
22 397
22 1690
22 1691
22 1692
2832 463
2833 1693
2834 87
514 1400
514 36
2835 1694
2836 1140
1635 202
745 1695
745 173
410 1696
1856 1200
1971 756
2837 652
407 1697
2138 814
387 171
2838 637
2839 319
1529 1698
1199 805
1199 68
1199 1121
1199 134
2840 1699
2841 982
2842 959
1086 1700
1086 1038
1765 797
2843 1701
848 1169
848 38
848 481
69 1702
69 640
1381 1703
1381 299
1381 122
1626 1704
1626 703
1626 1705
1695 746
2389 983
1989 591
1989 111
1989 1055
133 635
133 123
133 733
133 200
133 723
133 484
133 91
133 1706
1653 781
1653 1707
1653 1708
1653 1628
1653 612
1653 12
707 1709
2844 350
2844 23
2845 536
853 731
2846 764
1854 629
2847 1332
1205 1710
1205 112
585 794
585 711
585 66
2848 1223
2849 1711
2850 322
2851 1712
145 1580
145 1713
145 1251
145 744
145 1714
145 750
145 194
145 1715
145 1716
145 1210
145 1717
145 218
145 792
145 700
145 1718
145 1719
145 1193
145 1720
145 1721
145 1722
145 1723
145 24
145 179
145 268
145 23
145 1724
145 134
145 1053
145 1725
145 1726
145 112
1005 62
1005 1727
2852 1073
2852 1055
1665 1728
2853 1729
1215 1730
1215 1731
1215 1271
2246 374
2854 1732
2854 1733
2854 234
2855 465
834 604
965 1479
965 55
2126 1734
2126 1055
2126 1669
1514 909
398 1735
398 1736
1336 1737
720 1738
720 29
720 1739
1913 1740
2856 1741
2857 1493
1302 1742
1302 1743
1302 1744
1302 1745
1065 1672
1896 1746
68 78
68 640
68 1747
68 1748
68 1749
68 170
68 322
68 1140
68 196
68 1750
68 856
68 1557
68 1592
68 53
68 575
68 25
68 1751
68 1752
68 1753
68 1754
68 1586
68 1100
68 1683
68 400
68 1755
68 326
68 571
381 775
381 1756
381 707
381 1525
2208 25
1589 1757
1589 1758
1589 24
2858 1759
2859 24
142 792
142 1586
142 733
2860 1760
765 95
209 96
209 809
798 234
798 592
798 248
1628 470
1628 964
1628 1653
1467 196
1467 447
2861 1626
2862 1761
1083 1762
1083 1055
1083 661
1083 1763
1083 134
1083 1764
1083 597
2863 268
2864 635
672 71
2209 1765
2865 24
1974 325
2866 588
2866 1033
2232 871
1133 122
1133 1766
1133 268
1133 940
1133 243
1133 794
1133 464
1133 1621
1133 110
1133 1231
1133 321
1133 195
1133 564
2397 26
2376 24
1554 34
1798 1738
1798 1323
1798 29
1798 36
518 437
715 1767
495 494
495 11
495 1768
495 1769
495 1770
495 24
108 243
108 988
108 1771
108 105
2867 200
2868 1772
2868 856
1869 23
1869 25
936 141
936 731
936 531
936 1773
2162 1774
1267 875
1399 1304
1399 1399
1709 48
725 1140
2869 1365
1317 1304
1825 112
2870 1189
2871 170
2871 1775
354 1776
354 1323
2395 26
2872 626
204 1537
204 1777
204 87
204 1632
204 1778
204 1779
204 188
204 855
204 1753
204 1780
204 370
204 527
204 998
204 1781
204 1782
204 1554
204 1783
1066 966
2873 207
2874 232
2311 1784
2311 481
2875 55
2876 1449
1110 174
1110 1293
1110 1785
1110 329
1110 83
1110 412
1110 1786
2877 1614
2404 1787
621 1674
2363 811
2125 431
2125 65
2125 1788
2125 1789
191 170
191 760
191 839
191 1790
191 1791
191 675
191 1456
1705 66
1090 1792
1090 294
1524 999
1524 1793
1524 463
1699 1794
2878 1314
2879 782
2879 960
2880 378
2881 470
2881 12
2881 352
2004 813
893 419
144 352
824 670
824 1264
824 270
824 911
824 1795
1263 1200
986 133
986 234
1222 802
2882 48
563 860
563 1796
563 1797
29 1798
29 1799
29 281
29 30
29 1800
29 1784
29 36
29 720
29 92
1618 1801
2883 980
2884 1280
2884 648
2885 378
2886 785
2887 1133
2887 8
2887 322
2887 1421
2888 234
789 147
789 286
1604 200
2889 1802
2351 179
2035 62
1142 1803
1142 1804
2890 929
717 1805
2308 1000
636 1806
2891 1807
1572 24
1572 1808
1572 66
985 882
380 788
380 1809
380 924
2892 1382
2892 1810
428 19
428 1811
428 1812
428 23
2223 239
2893 86
2894 455
43 1087
43 1813
43 1793
43 200
43 1814
43 44
43 1815
43 1816
1362 843
36 78
36 42
36 901
36 29
36 27
36 1562
1484 911
2895 134
1161 1249
1161 1817
1161 1818
1552 122
1552 1478
1552 34
1552 931
1552 383
1552 568
1552 134
1552 526
638 464
638 1819
796 796
796 122
796 248
2896 307
1100 68
1100 756
451 228
451 702
451 1443
451 712
2897 624
2898 1820
2899 1366
2899 1294
116 1819
2900 552
1882 1274
250 1821
250 134
2901 1328
2362 931
1177 383
1177 1822
484 1823
484 1316
484 1824
484 1825
484 1826
484 1827
484 1706
1037 251
1037 1828
1037 1829
2274 156
1162 1775
1311 347
2902 411
710 1830
710 670
710 1787
710 1057
710 278
710 228
13 1269
1210 24
1210 66
1210 1814
1210 228
1210 321
1210 1592
606 203
1992 512
2903 1285
2903 1831
775 381
775 1832
775 727
775 65
775 1211
775 564
775 1153
775 87
775 464
775 890
775 326
775 145
775 1231
775 24
775 236
775 612
775 1143
775 1833
775 1834
775 794
775 1835
775 1836
2904 1400
468 214
468 253
468 92
2905 196
948 207
948 1837
938 1838
938 657
938 1079
2906 727
923 1839
2907 1225
2908 1179
669 1840
2909 137
2910 1841
1546 1543
1225 1506
1225 1024
1225 1842
1225 1843
1225 370
2911 543
981 1844
2912 1845
637 450
637 1846
98 200
1279 858
1279 1380
2271 1847
2913 1848
821 685
821 752
855 21
855 865
855 74
855 1136
855 1849
2914 81
2914 979
2915 1444
548 1850
548 257
2086 1645
2916 283
2917 863
2917 1851
436 1852
436 1853
436 1333
436 743
841 974
629 432
629 629
629 1854
151 1384
151 1855
1200 1856
1200 1857
1200 1858
1200 1263
773 1252
773 342
773 1859
773 1487
773 1570
773 1860
773 335
773 1861
773 1862
773 1261
158 1863
158 1519
158 408
2918 1590
2224 292
82 1864
870 1865
23 1324
23 207
23 179
23 428
23 29
23 1180
23 326
23 979
23 931
23 145
23 1337
23 218
23 1866
23 1867
23 1868
23 888
23 1206
23 1373
23 1869
23 1870
1433 1696
435 268
435 1871
435 307
2919 526
463 1872
463 1772
463 1873
463 112
2920 1874
323 807
30 29
1809 577
1809 380
2921 1299
952 975
952 122
952 432
952 1143
952 894
952 195
879 1875
879 216
879 1876
449 1877
449 1154
449 1581
1592 1210
1592 66
516 294
516 1878
516 157
516 1879
516 1080
516 711
516 1880
2922 886
2923 1881
2923 604
1274 1882
1274 352
1158 208
2924 79
1752 1883
1752 1884
504 503
504 1123
504 1118
504 1885
755 223
2002 1886
2002 220
1024 1225
1024 1887
1024 1888
1534 946
1534 1889
1534 281
1534 983
1534 51
2925 1890
2262 1299
2926 1276
2044 404
2927 721
2927 954
2928 914
2929 366
497 1891
1340 244
1340 1370
594 1892
1358 1105
1358 485
356 1280
232 651
232 1893
232 1200
306 1750
2266 180
2930 347
2930 1311
2931 129
1049 960
2932 24
28 544
2933 678
1658 1894
1658 87
1658 1696
246 1517
246 1467
1084 1895
296 478
296 1772
296 94
296 1191
1881 931
1449 1178
1271 352
1271 726
1271 1896
1271 1215
1271 1438
1271 1897
990 509
990 595
990 1898
1899 1899
2934 11
1605 1900
1605 1901
1605 685
1605 1223
1605 234
1605 1902
753 1903
1341 1532
2935 794
2935 986
2935 286
2936 1904
283 1905
2937 307
293 231
293 1906
293 461
293 387
293 389
2938 877
2939 299
2940 885
1089 8
2941 68
1917 378
2942 1042
2074 408
433 1598
433 711
1864 82
1864 1133
2943 1907
130 647
130 1356
130 366
130 1055
130 96
1859 773
2944 823
901 1348
901 1908
901 1909
901 1910
901 36
901 1749
901 1911
901 930
1686 543
788 370
1740 1912
1740 974
1740 1913
1740 1914
779 48
779 1769
779 829
2041 1915
2041 352
1778 1916
1778 523
1778 204
378 1666
378 1917
378 101
378 1573
378 924
378 1918
2945 105
2946 327
2947 48
2947 1919
2947 1159
2947 186
2947 1417
2947 1920
181 1847
181 590
977 1921
2948 326
799 354
799 1922
799 92
566 79
566 1923
566 24
1714 145
1664 663
2020 1924
2020 1925
2949 998
2265 180
1927 603
1927 1926
1926 1927
2950 1542
2951 1407
135 1599
1885 611
1885 504
2952 234
918 1450
2025 1928
2953 1260
1657 1636
1657 604
2954 1929
2954 705
2955 207
11 1930
11 827
11 1931
11 495
2956 242
2956 481
842 1932
762 1933
2957 673
1531 946
469 968
469 868
469 92
2958 203
175 305
20 335
2959 795
1417 1159
1417 138
1417 1140
2960 1934
967 1935
2961 1231
1091 862
1091 294
1091 1921
1091 25
1091 1936
2962 1937
746 1938
746 1939
746 855
746 1940
746 1941
746 1695
1261 285
1261 1860
1261 429
1261 773
1261 1942
2963 252
2964 281
2965 307
1458 268
1458 1553
225 726
2966 685
2967 1943
2968 426
1985 559
2373 435
2373 1944
1391 1945
1391 235
1391 163
1391 114
2969 1053
1030 887
1030 1946
1030 286
2078 894
2078 1947
55 1626
55 965
1305 1237
889 78
889 352
889 24
2970 1364
2971 352
2971 1499
1027 1948
1002 1772
120 1819
2972 1949
535 134
1500 643
27 1950
27 1951
27 429
27 122
27 731
27 453
27 577
27 643
27 544
27 1952
27 36
27 238
1224 1283
19 1361
19 429
19 1953
19 428
2973 1133
2974 87
1046 1954
1046 975
1046 705
1046 307
1046 1558
1046 1034
1046 1031
1046 1955
1046 1956
1046 673
1046 1365
513 781
513 1223
1121 543
1121 1293
1121 66
1121 144
1121 1957
1121 1958
1121 1774
1121 1959
1121 24
584 58
584 559
794 915
794 1133
794 1588
794 775
794 326
794 335
794 195
794 363
794 1960
794 216
794 1921
794 1961
1835 1331
1835 1379
1880 516
1880 1245
2975 685
2976 171
183 0
2189 733
2189 685
2189 1733
2189 321
930 901
930 696
2977 1066
1577 24
2149 1246
758 1962
758 1443
758 759
758 1475
758 548
758 549
758 761
758 1963
758 1455
1943 1964
2399 1965
335 533
335 422
335 352
335 711
335 188
335 1725
335 1966
335 1461
335 1489
2268 180
1713 145
1251 145
1251 1365
2978 807
1649 427
2979 840
2980 39
756 391
756 1967
756 1100
756 1878
756 1968
756 1969
756 1970
756 335
756 1971
2981 1972
974 64
974 1066
2982 105
2983 1973
1018 1386
1018 1138
2984 1431
1245 726
2290 1539
2290 954
443 192
2985 196
622 509
622 991
622 137
622 24
341 527
341 239
2986 979
2987 909
2988 531
2989 827
2342 67
2990 1974
2991 665
2992 1172
2993 1975
2994 1369
2994 1976
2994 604
2995 481
2996 360
1259 285
2997 34
216 702
216 1977
216 121
216 1978
216 794
216 1133
216 147
216 879
216 673
216 112
944 1979
2998 1980
2999 204
3000 196
2051 760
2051 679
2051 792
2011 736
1850 548
501 1239
759 758
1573 1981
1573 26
1573 378
1573 174
3001 1066
441 440
441 1982
441 847
441 1683
84 167
84 446
888 1983
888 23
888 1984
559 1985
559 1986
256 1449
2221 1987
2221 1333
2221 802
2221 1988
111 1989
1281 576
3002 646
1096 1157
1354 96
3003 1306
3004 1990
454 1710
454 25
454 436
454 700
1813 43
3005 1573
512 154
512 122
512 1991
512 1907
512 1063
512 1015
512 1992
512 134
1229 174
3006 632
722 1848
722 1469
722 670
1808 815
1808 66
3007 216
3007 1993
3008 789
281 924
281 569
281 543
281 499
281 463
281 1294
281 1705
281 1994
281 1197
281 58
281 1105
281 33
281 643
281 234
281 731
281 1534
281 1995
281 29
281 1996
281 827
18 1997
18 1998
18 1999
18 792
3009 467
3010 284
3011 2000
2182 190
1561 558
3012 640
3013 381
220 170
220 2001
220 186
220 329
220 2002
220 2003
220 160
3014 1543
737 8
813 2004
813 1742
813 2005
1624 1156
1624 379
1624 239
1175 2006
728 677
728 956
728 1055
728 2007
1151 163
3015 34
2174 307
3016 1055
3016 286
3017 2008
1682 818
50 1702
50 1372
1662 2009
1662 485
1191 1198
1191 134
1191 296
394 661
2071 2010
3018 894
3018 66
3019 901
987 1560
1014 352
1014 657
1291 2011
1291 1440
1291 1428
1291 2012
3020 733
3020 309
1599 742
1599 135
1174 866
1174 2006
1174 1421
1174 186
1174 2013
3021 2014
3022 356
1408 588
904 294
3023 999
3024 139
227 226
227 711
540 100
1448 2015
1800 29
1966 335
1966 2016
1966 869
1966 983
1966 25
3025 695
3026 1787
3027 2017
3027 684
79 243
79 1280
79 2018
79 1802
79 1376
79 439
79 25
79 674
79 699
79 133
79 527
79 2019
79 15
79 716
1925 2020
1925 1924
980 170
980 1189
980 1844
980 2021
980 910
980 339
980 24
2378 864
2378 1438
2378 66
171 2022
2390 1811
2023 2023
787 1440
787 2024
787 207
1285 121
1285 576
3028 848
3029 1174
1928 2025
827 325
827 561
827 2026
827 281
3030 2027
3031 640
2252 1209
3032 1200
3033 350
3033 46
3033 1867
1411 2028
3034 1492
3035 79
1488 268
1488 1286
187 51
107 431
344 196
344 2010
344 860
344 564
3036 794
2383 66
2216 25
1453 170
1453 1398
1453 756
3037 2029
2356 2030
2356 2031
2115 1517
3038 1813
885 48
885 1223
1097 794
1097 2032
1097 1605
1097 2033
62 503
62 1772
62 174
62 2034
62 576
62 66
62 2035
62 2036
62 699
62 1401
62 485
62 188
62 1005
62 2037
62 2038
62 2039
3039 844
519 437
3040 1059
1435 397
424 339
1280 253
1280 79
1280 145
1280 1453
1280 840
1280 356
249 1133
249 1108
249 1887
249 447
249 1821
249 2040
249 250
3041 287
1915 2041
2312 2042
1766 1796
88 243
88 1769
88 66
3042 2043
1219 743
404 670
404 2044
404 2045
404 1253
404 1466
404 1733
404 825
153 2046
1958 222
1958 7
1958 1121
3043 673
3043 1178
3044 2047
2358 2048
3045 800
3045 257
760 2049
760 191
760 2050
760 2051
760 204
3046 1095
415 2052
3047 998
1889 1534
546 2053
546 765
546 1672
3048 1128
3048 1398
149 2054
149 2027
1871 435
815 2055
815 2056
2153 112
2153 1295
2153 961
1530 1629
1530 1530
432 671
432 1133
432 322
432 179
432 2057
432 629
432 200
432 1099
432 194
432 1150
432 2058
432 465
432 145
432 711
432 2059
432 268
432 1670
432 1596
432 1383
432 1934
131 750
131 2060
131 1140
131 766
371 24
3049 78
1887 1024
1887 249
222 269
222 146
222 1443
222 1296
222 2061
910 1189
910 2062
910 2063
910 891
910 1374
910 597
1352 203
1432 1175
2392 2064
1189 797
1189 2065
1189 2066
1189 87
1189 2067
1189 677
1189 440
1189 980
1189 711
1189 134
1189 2068
1189 910
1189 326
3050 1091
3050 461
2016 48
2016 1966
1795 2069
1795 352
3051 138
1876 879
1876 2010
2337 465
928 1066
928 846
928 2070
928 1543
3052 726
971 1073
971 1216
2195 765
2195 1809
2195 1622
2010 1351
2010 2071
2010 979
666 1412
3053 507
150 828
2017 2072
2017 799
659 2073
659 1963
659 2074
659 304
659 149
2053 546
3054 24
598 1315
598 137
3055 1558
3056 2028
3057 296
2012 1291
2012 1146
1723 208
1439 821
1439 2075
1439 618
118 729
118 1819
699 79
699 985
699 1005
699 852
2367 1779
2367 843
894 2076
894 78
894 2077
894 2078
1150 432
1470 196
3058 1986
2215 25
102 243
102 180
671 123
671 1513
671 432
671 374
671 497
671 307
671 17
671 924
671 2079
671 146
671 900
671 358
671 1747
671 522
671 754
3059 20
3060 1597
1109 1821
1127 769
3061 2080
1708 643
1708 1191
3062 604
328 1327
3063 1535
2251 2081
3064 890
3064 92
1346 1152
994 1517
1079 2082
1079 938
1079 1838
1079 546
913 1169
1518 2083
1518 2068
1518 87
214 468
1031 196
1031 1046
1031 1124
3065 2084
2132 1304
2132 531
3066 941
3067 900
2152 1309
2386 26
1476 378
3068 219
1710 41
1841 523
1867 23
1867 2085
1515 909
1645 2086
1645 750
3069 8
3070 2087
3070 635
2179 307
360 378
360 2088
360 1412
360 569
360 1564
360 648
360 24
734 95
1712 1560
3071 345
3072 1613
958 2035
958 2089
579 1954
3073 1163
3074 2090
1834 775
1512 909
2279 2038
2279 227
2279 809
3075 438
3076 2091
896 170
896 78
896 2065
3077 2092
1213 657
1792 1090
3078 87
361 2093
3079 2094
3079 954
3080 1728
878 2095
3081 978
395 2096
3082 182
3083 1194
3084 716
316 2097
316 1560
316 2098
316 2099
316 2100
316 1288
316 793
316 1401
316 2101
316 946
316 7
316 215
316 918
316 569
316 51
316 1038
316 92
3085 2102
966 66
422 2103
422 200
3086 2071
3087 1233
906 2104
906 565
2107 1587
2332 207
1617 94
1818 79
1818 1299
3088 383
3088 2
3088 174
3088 937
2190 8
3089 549
1969 756
3090 234
3091 1677
3092 629
2313 196
1661 66
2260 447
2260 2105
589 2106
1601 2107
3093 847
3094 1585
3095 2108
3095 2109
477 92
3096 1180
1555 34
3097 852
2136 1528
2188 66
1444 273
1444 1033
2110 2110
2110 148
1023 2111
3098 2112
3099 129
3100 1190
238 968
238 27
238 597
3101 1941
3101 1724
2175 307
2 671
2 2064
2 523
2 355
2 2113
2 1157
2 408
2 642
2 1258
2 167
2 1841
2 887
2 2114
2 767
2 286
1517 191
1517 994
1517 797
1517 142
1517 246
1517 2115
1517 322
574 68
574 1133
87 1518
87 204
87 1477
87 36
87 2116
3102 1197
1994 281
1070 571
1070 112
1744 934
1744 1911
58 863
58 78
58 87
58 782
58 281
58 1015
58 2117
58 1148
58 24
299 2118
299 1381
299 840
849 685
849 326
2122 2119
2329 148
3103 179
229 1410
2318 2120
2318 2121
1314 483
3104 66
2119 2122
3105 170
3106 998
3107 268
1360 485
1146 2123
1146 2012
230 2124
230 200
3108 378
3108 1207
1788 2125
3109 1174
3110 126
1055 692
1055 2126
1055 2127
1055 1989
1055 1463
1055 1629
1055 2128
1055 728
1055 238
1055 247
1055 24
3111 2129
6 170
6 68
6 417
6 194
6 2130
6 1995
6 218
6 220
3112 7
3112 316
3113 196
3114 716
810 1178
810 322
810 212
810 2131
810 2132
810 2133
810 256
810 24
3115 432
1596 432
1596 1915
1596 435
2059 1646
1981 112
2237 1480
3116 2134
2235 2135
3117 354
3117 2050
1861 342
900 671
900 1616
900 44
900 900
3118 48
3118 26
76 268
1528 2136
1528 438
1528 1196
2277 1475
2277 1140
3119 62
3120 985
159 167
814 2137
814 2138
814 2139
814 2140
814 66
3121 931
218 170
218 2141
218 417
218 6
218 2142
218 2130
218 1392
218 162
218 1391
218 114
3122 234
1042 1868
1042 2143
274 269
274 29
391 48
391 756
558 1348
3123 788
3124 841
3125 802
2213 25
1009 657
1677 66
1677 1728
1677 841
1677 24
223 1389
223 635
41 2144
41 1710
41 1205
1293 1905
1293 66
1293 2145
1293 1110
1293 234
1293 828
3126 2146
386 2147
57 2148
57 708
1246 190
1246 2149
1246 345
1246 1115
1246 2150
3127 800
2391 2151
331 533
331 1329
3128 226
675 839
675 1478
1845 137
1309 2152
1309 683
1309 273
1295 1517
1295 2153
1295 7
1295 2154
677 2155
677 2156
430 231
430 2157
430 2158
2283 533
2283 2159
2283 494
2283 1535
198 1196
198 2160
198 243
198 134
198 521
198 2161
989 1759
989 945
3129 878
3129 543
1413 71
224 228
224 1157
224 439
224 704
1774 2162
1774 1121
1774 2163
194 1095
194 170
194 145
194 53
194 48
194 6
194 201
194 200
194 874
194 890
194 921
194 2164
194 268
194 1663
194 1534
194 1571
194 24
510 432
510 268
510 2165
255 254
3130 1178
2206 211
2206 1178
1791 191
418 79
418 126
3131 1382
565 74
565 65
565 2166
1393 2167
1393 2168
3132 285
3132 65
3133 97
3134 2169
2104 100
1706 133
2214 1296
166 408
166 2170
1485 195
3135 2171
1830 1928
3136 2172
3136 1547
3136 1154
1575 534
2100 551
2100 316
487 182
1143 104
1143 34
1143 121
1143 75
1143 952
307 1047
307 2173
307 1825
307 1972
307 435
307 2174
307 1959
307 2175
307 1351
307 2176
307 1490
307 1042
307 2177
307 2178
307 941
307 2179
307 1248
307 1046
307 531
307 57
307 2180
307 2181
568 233
2181 307
1683 1189
1683 441
1683 1995
3137 222
3138 933
190 1246
190 1054
190 2182
190 2183
1481 1475
1481 2047
1481 2184
1481 2185
3139 847
417 2186
417 6
417 2187
417 2188
417 218
417 1373
3140 1815
1733 404
1733 2189
1689 146
1367 1443
658 629
2241 551
2241 1280
1064 233
2087 454
1749 901
1749 1814
1749 157
1749 1592
764 196
764 680
764 1246
1803 1142
8 2190
8 1860
8 180
8 1724
8 2191
8 2192
31 1189
31 148
31 769
31 811
31 416
31 112
279 269
3141 569
3142 1346
330 1265
444 192
652 154
652 408
652 432
652 775
652 166
652 167
652 2193
652 952
652 794
652 1200
652 2194
652 134
3143 2142
369 2195
866 100
866 234
3144 139
3145 2196
1415 402
1731 1215
3146 588
3146 1269
751 1226
751 876
25 2197
25 2198
25 2199
25 2200
25 68
25 2201
25 2202
25 1459
25 204
25 154
25 66
25 681
25 2203
25 2204
25 1289
25 2205
25 2206
25 2207
25 652
25 2208
25 1761
25 1123
25 408
25 2209
25 2143
25 2210
25 2211
25 2212
25 2213
25 1676
25 1528
25 2214
25 2215
25 137
25 1188
25 1425
25 2216
25 454
25 2217
25 2218
25 1737
25 2219
25 1869
25 1966
3147 417
1775 1162
3148 2220
3149 2221
3149 125
3150 71
3151 2222
239 702
239 1274
239 105
239 2223
239 2224
239 527
239 2225
239 597
239 1980
531 998
1968 2226
2063 1174
2063 2227
2063 2228
2063 910
2063 173
482 8
3152 1982
3153 404
1426 39
1608 974
2217 25
2226 426
319 136
319 2229
319 2230
698 2231
152 91
152 269
152 1855
871 2232
871 1757
3154 1408
1810 23
1906 1439
1129 2233
1172 1558
2135 2234
2135 2235
173 305
173 2063
633 462
633 92
1480 1224
1480 2236
1480 2237
603 608
733 996
733 142
733 867
733 133
733 775
733 200
733 797
733 2238
733 1922
733 1562
733 2029
382 570
3155 1003
1017 998
1621 1190
260 234
3156 352
1738 1798
1738 29
1738 720
3157 1446
3158 2239
3159 86
1137 1135
940 2240
940 352
3160 2241
1328 195
1328 1004
3161 1163
685 2189
685 2242
685 2243
3162 1569
2370 48
2370 200
549 1481
549 374
549 758
549 1807
549 134
549 2244
549 67
549 2245
549 257
549 2246
968 885
968 2247
3163 224
3163 1294
3163 2248
3163 24
1364 2249
1301 299
372 2250
372 1691
917 1558
3164 1248
2081 478
2081 2251
1209 652
1209 2252
1209 420
1209 481
2021 980
771 2253
771 2254
112 2153
112 463
112 66
112 1688
112 31
112 1315
112 1205
112 209
112 1825
112 145
112 164
112 7
112 1026
112 34
112 1381
1782 204
1047 307
1047 1130
1047 2255
3165 924
168 203
90 1259
3166 510
1536 2256
1983 888
1983 24
86 1258
86 243
86 2257
86 2258
3167 378
776 2045
776 612
1010 231
1010 657
1507 1945
3168 25
3169 2259
1563 24
447 68
447 1304
447 2260
447 1504
447 25
447 674
447 1467
447 1427
447 325
447 343
1761 78
1761 25
950 358
950 2261
1299 2170
1299 551
1299 166
1299 2262
1299 2263
3170 2264
3171 5
1502 1615
180 231
180 671
180 2265
180 8
180 2266
180 179
180 102
180 2267
180 75
180 502
180 352
180 2268
180 952
180 1835
180 1373
180 1911
180 92
385 2269
3172 104
3172 42
3172 2270
1223 885
1223 1223
1223 24
1847 2271
3173 550
3174 100
3175 389
3176 335
2254 771
2254 25
506 562
506 647
2297 674
782 584
782 147
268 2272
268 775
268 269
268 137
268 145
268 2273
268 352
268 138
268 2274
268 1725
474 1539
474 92
1487 261
1487 773
409 2274
3177 995
3178 2006
3179 799
1297 7
488 182
795 200
1622 2275
1622 2195
1622 566
1622 2276
3180 1614
1539 470
1475 1481
1475 2277
1475 497
1475 727
1475 243
1475 2027
1475 249
3181 145
3181 2278
162 844
2134 588
3182 2279
1284 576
1571 1394
3183 4
101 243
101 378
101 1476
3184 807
1081 1497
491 2280
491 307
491 1345
3185 92
1208 625
440 441
2300 674
3186 281
884 378
3187 2281
1379 1835
714 2282
714 4
3188 2283
2178 307
3189 840
3190 2046
3190 66
3191 926
4 2284
4 48
4 869
4 1101
4 401
2339 2285
2339 2136
2339 2286
1248 1248
1248 307
1248 1371
1248 2287
1612 604
2364 429
329 68
329 123
329 2288
329 1110
329 1751
329 220
329 2148
591 1754
1700 154
1700 171
2340 1050
2340 2289
2340 2290
2163 1774
2163 2291
1454 8
3192 24
1377 1331
1377 570
3193 766
1506 1225
1506 1450
1506 194
1580 1577
1580 24
1541 466
3194 2292
3194 29
2405 1463
2405 552
3195 2293
3196 23
1758 1589
486 1316
3197 1238
3198 204
1351 2010
1351 305
1351 307
533 78
533 211
533 2007
533 392
533 296
533 331
533 2283
533 2294
533 1581
533 160
533 2295
121 1285
121 1590
121 1143
121 34
121 146
121 216
121 590
3199 2296
3200 1431
3200 1363
1357 96
674 1517
674 25
674 2297
674 79
674 137
674 447
674 200
674 2298
674 2299
674 2300
674 2301
674 2302
674 2303
3201 2304
898 432
898 969
898 2305
898 96
898 2306
898 1184
898 1356
898 368
667 2307
457 92
1000 2308
3202 755
1061 65
3203 2309
3204 1152
3205 2310
2230 319
176 1632
1784 29
1784 2311
2042 2312
211 1304
211 533
211 564
211 203
211 673
801 157
3206 2313
655 48
1012 657
1324 1547
113 2314
113 1677
3207 319
632 347
632 2315
632 1140
1560 432
1560 987
1560 316
3208 1304
2369 48
872 1937
1492 439
1492 2316
743 2317
743 1283
3209 23
1670 432
3210 673
3210 677
3211 519
54 604
3212 562
401 4
154 408
154 2318
154 2319
154 2083
154 512
154 167
154 1004
154 2320
3213 408
3214 2321
1681 1016
642 2322
642 2
642 1501
642 2323
3215 8
3216 238
3217 2324
3218 1133
3218 2325
3218 2298
3218 2326
3219 134
1568 26
262 2327
264 916
148 170
148 2328
148 2329
148 31
148 1388
148 2330
1616 1046
1616 900
207 702
207 948
207 2136
207 634
207 48
207 2331
207 787
207 1289
207 1760
207 65
207 373
207 147
207 804
207 2332
207 1691
207 370
1970 756
3220 2333
1493 24
1493 2221
1493 1455
1542 375
3221 1624
434 2334
1125 170
1125 2335
3222 813
969 1339
969 96
3223 2336
3224 1815
3225 958
3225 48
851 522
1691 1472
1691 372
1691 22
626 1207
857 1183
465 455
465 856
465 2337
465 92
1226 2338
1226 174
1226 751
1226 876
1226 1179
1226 1004
1226 1489
3226 746
957 2191
957 129
3227 733
3228 941
2286 2339
3229 1245
3230 766
3230 2340
3230 962
3231 802
1298 1873
3232 208
1001 1772
3233 926
67 2341
67 671
67 1133
67 652
67 745
67 352
67 2342
67 2343
67 820
67 549
67 100
3234 352
844 92
3235 796
3236 2344
1980 239
877 621
1935 967
3237 462
1815 228
1815 43
550 174
550 2345
550 2346
550 718
550 2347
550 2348
3238 358
1911 1744
177 2349
177 1066
177 966
3239 1615
805 1199
805 1811
143 792
3240 1355
1991 512
1991 316
1991 234
3241 800
3242 195
318 2229
2225 2350
2225 239
199 1375
2038 2279
141 794
141 447
141 936
1094 1468
446 866
179 2351
3243 2352
3244 2249
2291 1837
723 133
2387 823
2387 167
2294 533
2294 38
3245 352
406 112
348 66
348 481
348 2353
348 352
348 1839
348 38
35 2354
35 86
35 434
3246 817
3247 950
313 1907
221 1389
221 1174
221 2355
221 1590
221 106
221 1680
221 352
2031 2356
1704 1626
1704 200
2048 2357
2048 2358
3248 725
3248 207
3248 268
2250 2359
2250 372
1227 568
480 2360
726 170
726 1245
726 1599
726 324
726 225
726 1598
726 1200
726 2361
1591 24
931 1776
931 13
931 2362
811 2363
611 1885
3249 1637
3250 856
2097 316
429 2364
429 998
429 1261
429 19
429 1953
429 2365
429 100
429 112
1909 901
676 2366
676 671
676 2033
676 1211
676 2268
676 754
351 1959
213 673
213 352
3251 1246
3252 43
3253 222
3254 232
843 2367
843 1932
843 840
905 1006
48 2016
48 49
48 200
48 2065
48 335
48 1345
48 1953
48 2368
48 543
48 34
48 422
48 830
48 1372
48 64
48 2369
48 228
48 110
48 2370
48 160
48 24
48 1159
48 583
48 779
1494 1455
492 816
3255 1393
3256 147
662 2371
662 2372
662 2373
1543 750
1543 157
1543 1332
1543 20
1543 2374
573 1975
1359 485
1359 134
727 833
727 122
727 806
727 979
727 1475
727 1724
727 249
953 2375
1402 2376
3257 1781
2024 787
2024 941
3258 208
1078 452
3259 1655
52 243
66 975
66 2377
66 2188
66 200
66 322
66 2378
66 977
66 2379
66 87
66 123
66 2380
66 585
66 1572
66 1808
66 1705
66 1982
66 25
66 96
66 145
66 960
66 1696
66 1581
66 1210
66 24
66 2381
66 179
66 1661
66 1058
66 1121
66 2382
66 1814
66 163
66 2383
66 432
66 188
66 1592
66 1579
66 112
661 78
661 672
661 226
661 1418
661 1194
3260 827
3261 598
1964 1943
1063 512
1063 196
1063 233
1063 1060
1063 1403
160 533
160 122
160 1988
160 48
160 408
160 1662
160 220
178 502
178 390
3262 1984
3263 328
3264 776
37 2384
448 268
1478 1552
1478 2385
3265 2386
691 42
38 848
470 228
470 472
1934 432
3266 1552
3267 657
119 1819
1128 1197
1128 914
823 2387
823 1475
823 2388
823 138
823 270
1916 1778
1916 1384
1916 392
1118 504
1755 997
983 1966
983 2389
983 87
1914 1543
3268 1456
3269 2390
3270 1128
2151 2391
2064 363
2064 2
2064 1030
2064 2392
701 577
65 975
65 200
3271 95
85 243
26 863
26 2123
26 2386
26 66
26 2393
26 1573
26 2394
26 146
26 234
26 2395
26 2396
26 2397
1410 2082
1848 811
897 392
3272 2113
3273 2398
2400 2159
1382 350
1382 205
1382 926
1382 92
167 2
167 543
167 408
167 995
167 2399
167 2387
3274 1735
1817 1818
1984 888
1984 84
3275 307
2159 934
2159 2283
2159 2400
3276 119
1509 464
357 2401
3277 134
3278 352
32 1819
32 2402
1460 2403
1787 2404
1594 24
552 236
552 2405
552 780
3279 248
472 470
472 1707
472 92
1711 3
1114 818
2117 58
3280 2406
3281 233
3282 1296
416 205
