2733 0
2734 1
178 2
178 3
2735 4
2217 5
2217 6
2736 7
585 8
1907 9
1907 10
729 11
729 12
729 13
76 14
76 15
2737 1
326 16
326 17
326 18
2738 19
662 20
662 21
662 22
662 23
1068 24
2739 25
2740 26
2114 27
1737 28
2741 29
2741 30
2742 31
1079 32
1079 33
1079 34
1079 35
1993 36
1993 37
1993 38
2743 39
1985 40
1985 41
1985 42
1985 43
638 44
547 45
547 46
547 47
547 48
547 49
547 33
547 50
547 51
2744 52
2745 53
2273 54
2273 55
2746 56
2746 57
2747 58
1668 59
1668 60
2748 61
2749 62
2750 63
2622 64
2751 65
2751 66
2751 67
2751 68
14 69
14 70
14 71
14 72
14 73
14 74
14 75
14 76
2752 77
2753 78
2754 79
1281 80
2178 81
963 82
2755 83
2756 84
2757 85
2724 86
2724 87
319 43
88 88
113 89
113 90
113 91
113 92
113 93
113 7
113 94
113 95
113 96
113 97
113 34
113 98
113 99
113 100
402 101
402 102
402 103
402 104
402 105
402 21
402 106
402 98
2758 107
108 108
108 109
2759 110
196 111
196 112
95 113
1849 82
1795 114
2593 115
372 116
2760 117
723 118
723 119
2761 120
500 121
500 122
500 82
500 123
500 124
500 72
500 125
1338 126
1338 127
2762 128
2527 129
820 130
820 131
820 129
820 122
820 132
774 133
400 134
400 135
400 136
400 128
400 43
400 137
716 53
716 138
716 34
1613 139
1613 140
141 141
141 142
2763 143
2763 92
2764 144
2765 145
1531 146
2766 147
1267 148
1267 149
1267 150
1267 151
163 152
163 153
2767 53
2336 154
1483 155
2646 156
2646 157
2646 98
2090 158
699 159
699 160
699 161
699 162
699 163
699 164
699 1
2768 165
212 166
212 60
212 167
1183 168
2423 169
2423 170
2423 122
1116 171
1116 172
1116 173
1116 174
1116 175
2 176
2 177
2 178
2 179
2 180
2 181
2 182
2 183
1837 184
1008 185
1008 186
1785 187
2769 188
2769 102
2174 189
1327 190
1327 191
938 192
938 193
938 194
938 195
111 196
111 197
111 198
111 199
1831 98
2770 200
2770 201
2770 61
2770 202
1119 203
1119 204
2537 205
2305 206
2771 207
167 208
167 209
167 136
167 210
167 211
167 212
167 213
167 214
167 215
217 216
217 217
2772 218
277 136
726 68
726 219
726 113
726 220
1648 221
1648 129
927 222
2773 223
356 224
1635 139
2774 225
2109 226
2727 227
2470 228
2775 229
377 230
377 116
2776 231
2777 232
2777 29
2777 233
521 83
1878 234
1878 235
821 236
821 132
2778 237
2779 238
597 239
597 240
597 241
597 242
2780 243
736 244
736 245
2781 246
247 247
2782 101
120 248
2783 249
2784 250
2361 165
2361 251
2361 252
2361 253
2361 254
2785 255
2786 56
265 256
2025 257
2025 258
2025 259
2025 260
2025 235
2025 111
1478 261
1478 262
1478 263
975 264
1526 265
2787 251
1979 266
90 267
90 1
2480 268
2480 269
2027 270
2027 271
1930 272
1930 273
1615 274
1615 275
1615 276
1615 277
1615 278
1615 60
1615 279
1615 280
1615 281
1615 282
1615 283
533 284
2788 285
967 286
745 287
1729 279
1729 288
335 98
2789 289
1289 50
142 290
142 291
142 292
142 293
142 294
2190 295
2790 296
2328 297
2791 298
2792 299
890 136
890 300
890 301
890 120
890 302
890 303
890 38
2793 304
725 305
725 306
558 246
558 307
558 308
558 98
2794 309
2794 85
2795 310
2796 311
2796 312
961 167
961 313
961 314
961 122
961 43
1195 53
1195 315
2692 316
2797 317
2798 318
783 68
783 319
783 53
783 320
783 321
783 322
783 43
783 323
919 184
919 60
919 324
919 325
18 16
18 326
18 327
1402 328
1402 60
2799 176
2800 244
2801 329
462 330
462 331
462 332
252 333
252 334
252 335
252 336
2520 337
1264 338
1264 339
1264 56
1844 340
2802 341
1850 53
2803 342
361 343
361 344
2804 345
1042 346
799 50
799 347
799 348
1309 349
1309 302
1309 350
1309 351
1309 167
816 132
1209 352
1452 122
2805 174
2805 353
293 141
293 142
2806 354
224 355
224 356
1292 357
1292 6
1287 50
788 358
788 359
2173 360
343 26
343 361
1798 362
1798 363
1798 364
1798 365
2807 342
576 366
576 367
2808 26
2808 368
2808 60
2808 369
116 370
116 371
116 372
116 373
116 374
116 135
116 375
116 376
116 377
116 378
116 379
116 380
116 381
116 239
116 382
116 383
116 384
2809 296
1525 385
1525 386
2810 387
536 388
483 389
483 390
483 391
2811 392
1640 393
1263 394
1263 96
1263 395
1263 396
1263 397
2812 398
1532 399
137 400
2813 241
1005 401
2597 402
2597 403
2045 404
2045 405
2814 31
2814 139
2815 406
493 407
493 408
1763 218
1763 347
1763 409
1763 82
859 43
540 410
540 354
540 411
540 300
540 171
540 5
540 50
540 412
2816 413
2816 414
933 415
933 416
457 7
457 102
379 53
379 417
379 116
379 418
322 419
1808 41
1808 420
2117 87
2817 421
2818 422
2819 423
950 424
557 425
557 175
557 426
557 427
557 428
557 429
557 430
557 431
557 432
557 433
557 434
557 435
557 436
1019 104
2820 437
2820 438
2820 439
1412 364
2821 56
497 440
497 441
497 442
497 443
497 419
497 444
2822 278
2073 445
2823 446
2824 278
2071 447
1922 448
2825 449
602 446
602 333
602 450
602 451
602 452
602 453
602 454
602 455
2826 456
2827 457
2827 458
2828 459
2829 146
174 460
174 64
174 336
174 151
1156 461
331 462
331 463
2830 464
2831 465
2832 466
2481 179
2481 467
2833 417
2834 82
1283 468
1584 469
1584 470
1584 471
1584 234
1584 472
1584 473
2835 474
449 475
2290 476
2290 477
2290 478
2290 479
2290 393
2290 480
2290 170
2290 481
596 482
596 102
596 419
596 483
596 484
596 485
596 486
596 487
596 488
596 32
596 489
596 490
596 38
463 165
463 330
463 334
2836 491
1043 492
1043 493
441 494
441 495
441 351
441 375
441 496
441 497
441 498
441 499
441 500
441 501
441 502
441 98
2536 503
2536 205
1544 504
1544 505
1544 273
2837 402
2837 506
2837 97
2838 507
2838 508
2839 509
1884 60
2012 510
2568 171
2568 333
2840 511
2147 21
2841 512
2841 513
2842 83
406 514
406 515
406 516
2843 517
2844 518
2844 367
2845 519
200 520
200 521
2846 522
2847 302
2847 523
2046 524
2670 525
2670 526
2848 527
2849 528
2850 529
968 286
2851 530
418 531
418 532
418 13
418 78
418 53
418 375
418 533
418 220
418 379
2852 534
1811 535
1811 536
1811 537
1811 538
1811 539
2853 540
1155 541
1155 542
1155 113
1155 543
2854 62
2854 544
694 545
47 546
47 485
47 547
1474 548
1474 76
2855 71
2856 466
839 482
839 371
2857 549
431 550
431 101
431 551
431 58
431 552
431 553
431 554
431 555
431 556
431 557
2858 136
246 308
246 38
246 558
246 98
1295 50
1542 559
1130 560
2859 561
923 245
923 562
474 563
717 136
1033 564
1033 565
2429 431
2429 566
940 184
940 567
940 568
940 365
940 100
2860 569
2861 570
2862 571
2863 524
1618 572
1618 136
1618 573
921 145
2864 188
2865 574
1001 575
367 576
367 577
367 578
367 579
367 38
957 580
872 581
872 582
872 43
1184 583
1184 584
1184 455
1055 585
1055 586
2866 265
2866 587
1382 588
2152 355
1114 482
1114 589
2618 590
1779 116
2867 591
2867 263
2868 592
2869 250
667 593
667 594
667 204
667 595
0 306
0 596
239 597
239 598
239 116
422 599
1996 501
1996 600
1996 601
1835 21
1835 306
1835 98
2870 602
2587 603
2587 604
827 605
827 606
1058 607
2871 608
1041 609
1041 610
1041 53
1041 611
1041 612
1041 346
2872 613
1817 377
1817 614
626 615
1659 616
1150 54
1150 617
1150 542
1150 618
1150 122
1150 619
1150 620
1150 621
1150 562
1150 622
1150 623
1150 624
1150 625
1150 626
1150 627
1150 628
1150 629
1150 630
1150 631
1150 632
2873 633
2874 634
2875 635
773 636
621 411
2553 637
2553 638
2553 639
2069 640
1418 641
1769 642
1769 445
1769 342
1213 643
1213 644
1213 645
646 646
948 647
948 648
2876 649
2029 650
46 651
2877 71
2878 122
2500 652
2879 612
1585 653
1585 179
1972 654
2880 655
2534 656
2534 657
804 658
1558 659
742 660
2881 661
22 662
1400 429
1400 663
1400 664
1400 665
622 666
622 667
2882 26
1958 668
1958 336
1958 669
1958 390
1958 670
1958 671
1958 672
1958 436
2276 379
2276 673
1028 492
1028 136
1028 485
2883 50
2883 674
2084 675
593 676
593 677
2227 678
2884 61
2040 96
296 101
296 679
914 523
914 680
914 20
914 681
914 587
2041 682
318 683
318 684
318 685
318 501
318 686
318 687
318 84
677 593
2885 688
2886 264
2887 280
292 689
292 142
292 690
1081 691
1081 252
1081 692
1081 335
2547 50
2547 693
545 694
545 695
2020 696
2888 697
160 698
160 699
160 700
160 701
160 702
160 703
1149 704
1986 705
1986 506
1986 55
1986 706
2655 707
2294 251
2889 708
94 43
2890 709
2891 659
1000 710
2892 711
2067 712
2067 437
2067 562
865 43
865 136
865 53
865 285
865 713
865 714
865 213
600 715
138 149
138 716
138 717
138 718
138 719
138 116
2893 720
2894 721
2283 164
526 722
1315 723
1315 724
1315 194
13 275
13 725
13 122
13 136
13 82
13 726
13 727
13 562
13 728
13 729
13 730
13 1
13 731
13 418
92 417
92 542
92 122
92 732
92 733
92 734
447 221
447 515
619 735
619 509
619 736
1378 259
496 737
496 658
496 738
35 739
1349 740
1959 741
2895 742
2896 171
1497 743
2897 101
1365 33
1365 744
2546 79
287 745
2110 746
2110 747
2110 98
534 113
173 171
2898 43
2899 748
2900 749
2901 750
2902 543
2494 751
2494 752
2903 753
2224 754
2904 755
2905 150
2906 756
1 757
1 30
1 24
1 758
1 611
1 759
1 760
1 761
1 762
1 763
1 13
321 764
321 765
2907 140
2345 167
2345 766
2345 767
2345 768
2345 769
2345 770
636 771
636 772
636 773
1448 38
410 540
644 394
644 53
644 690
1132 60
133 53
133 774
2908 775
2384 232
2384 776
630 512
630 777
2909 30
880 778
880 779
880 30
880 780
880 735
880 43
880 781
880 782
1433 783
1076 413
1076 326
1076 784
1076 785
1076 317
1076 306
1076 786
1076 17
358 787
358 788
2910 708
2141 789
2911 790
2407 608
2407 688
1883 741
1883 60
1883 282
1394 791
1394 792
1394 98
2912 793
2614 794
658 62
658 494
658 795
658 688
658 394
658 171
658 796
658 604
658 797
658 148
658 798
658 154
658 304
658 799
658 800
658 801
658 63
658 802
658 803
658 804
658 10
658 805
658 488
658 806
658 807
658 808
658 374
658 809
658 658
658 810
658 811
658 302
987 812
987 165
987 785
987 77
987 813
987 241
987 671
132 41
132 814
132 815
132 68
132 82
132 726
132 286
132 816
132 817
132 818
132 819
132 135
132 610
132 107
132 116
132 820
132 34
132 821
132 822
132 122
132 823
132 824
132 825
132 245
2913 826
2517 827
833 828
833 40
833 136
833 829
833 82
833 830
833 704
833 831
833 477
833 832
833 833
833 437
833 4
833 834
833 308
2914 835
2914 43
687 318
1063 836
1063 251
1063 837
1063 838
1063 839
1354 840
825 275
825 841
825 122
825 842
825 809
825 132
1328 843
1328 595
2915 844
2690 845
2690 46
1556 846
494 101
494 176
494 847
494 578
494 848
494 100
916 524
1829 849
1829 850
2916 851
1482 658
1482 155
2917 528
2918 852
2918 259
2919 853
2016 854
2016 855
2016 856
2166 231
2545 857
2920 569
43 858
43 688
43 859
43 308
43 860
43 861
43 601
43 862
43 863
43 238
43 43
43 864
43 251
43 85
43 865
43 866
43 176
43 82
43 375
43 400
43 319
43 94
43 867
43 279
43 868
43 96
43 8
43 145
43 869
43 870
43 871
43 872
43 873
43 104
43 874
43 875
43 876
43 264
43 877
43 878
43 879
43 880
43 170
43 881
43 139
43 882
43 122
43 883
43 53
43 884
43 885
43 886
43 38
2445 887
2445 888
994 735
994 889
994 890
994 891
2921 892
2922 893
1371 894
2370 895
978 543
2923 896
979 897
2184 622
2184 710
748 898
748 899
748 900
2924 644
631 85
1182 901
1182 902
1182 608
1182 43
1124 903
1124 537
1124 294
1124 904
1124 38
2925 905
2925 596
2925 906
851 907
2498 908
2498 425
2498 113
2293 139
476 909
476 910
1559 101
1559 911
1559 419
2426 912
2926 913
2927 547
680 914
680 385
680 512
524 915
524 916
524 345
524 917
1931 273
759 918
759 919
759 1
759 920
248 921
248 922
248 299
248 923
248 8
248 120
248 924
248 925
1282 578
486 596
2264 926
1520 423
1520 123
1180 285
2928 263
222 927
2929 654
2183 928
2183 929
2569 930
2471 506
2471 320
2471 931
2471 861
2930 932
883 139
416 933
416 644
416 799
2490 934
2057 357
2931 935
2932 936
2933 113
195 937
195 938
195 939
195 98
2062 940
2062 184
2062 941
2530 942
2530 167
1743 690
1624 165
1624 406
2586 666
2586 843
119 50
119 943
119 517
119 944
1881 945
1881 720
655 946
1611 136
1151 881
648 947
648 948
2934 949
2935 413
1753 950
1753 424
2936 320
2317 951
2317 952
2317 608
2638 953
2000 904
2000 954
2937 955
93 136
1123 107
1123 956
2938 428
1210 21
2939 957
2940 958
2941 959
2942 866
1090 960
291 540
313 961
313 962
145 963
145 43
145 964
145 965
1918 400
1918 139
2943 966
2943 419
2034 913
286 967
286 968
286 969
286 132
2944 418
1420 53
1420 860
264 970
264 971
264 972
264 973
264 43
264 974
264 975
855 118
855 726
855 826
855 7
855 56
855 976
2945 101
2946 977
2946 406
2947 397
2948 978
2948 43
2948 979
2949 186
2472 980
2472 100
2950 644
2950 981
2104 982
2403 983
2725 984
2220 261
2220 985
2951 149
2952 726
2953 284
2953 480
870 986
870 43
989 570
989 255
989 987
989 988
989 282
989 325
989 989
2954 76
2955 252
2956 576
2957 990
2580 704
2011 189
2011 113
735 385
735 775
735 122
735 991
735 992
735 679
735 993
735 880
735 994
1105 730
1105 574
1105 995
587 914
587 265
587 996
587 997
587 861
2237 998
2590 999
2958 1000
575 1001
1037 1002
990 1003
798 1004
2959 1005
2620 390
2960 1006
1022 104
973 79
2961 1007
185 530
185 1008
2962 1009
2962 225
2448 1010
1833 89
1833 102
2309 1011
2309 122
104 1012
104 1013
104 1014
104 59
104 1015
104 43
104 1016
104 1017
104 85
104 485
104 347
104 1018
104 176
104 1019
104 1020
104 1021
104 282
104 1022
104 45
104 1023
104 844
104 104
104 1024
104 294
104 1025
104 1026
104 1027
104 704
104 1028
104 186
104 1029
104 1030
114 1031
114 1032
114 53
114 1033
114 1034
114 576
114 79
114 833
114 272
114 145
2722 1035
2963 644
805 658
805 1036
1463 136
1061 194
2964 1037
2964 876
2964 1038
2965 275
346 1039
346 1040
346 1041
346 1042
405 1043
405 892
405 1020
405 700
405 1044
405 1045
2052 1046
2052 1047
2052 365
2052 1048
2696 1049
109 573
109 108
109 1050
1983 1051
1983 1052
1983 1053
2966 958
1383 588
2967 1054
586 1055
1645 139
2968 703
2969 1056
2970 1057
2971 144
607 290
607 1058
607 294
607 587
1089 1059
1898 1060
1898 58
1898 1061
2972 1062
2318 608
1936 391
2973 1063
2270 940
2270 1064
1261 1065
2592 115
917 524
1550 370
1550 1066
1550 221
1550 913
1550 136
440 1067
440 151
1705 245
24 1068
348 799
1617 58
1376 852
1376 237
1077 1069
1077 1070
1077 1071
193 938
193 195
2974 1072
2975 1073
2976 658
1258 1026
2977 282
2209 1074
1639 578
2303 1075
785 1076
785 390
785 317
785 241
785 234
2978 966
1070 1077
32 156
32 320
32 1078
32 628
32 1079
32 1080
2979 555
1358 1081
1272 65
1272 113
1272 1082
1272 704
2980 1083
2981 1084
1059 804
1059 1085
1059 1086
1059 1087
1059 1088
1059 1089
1059 1090
1059 1091
2047 1092
2028 7
2982 524
2983 748
2984 1093
2984 720
2628 202
2985 875
1046 1094
1046 1095
1046 53
1046 64
1046 1096
1046 592
2986 400
2654 1097
2654 1098
390 54
390 1099
390 785
390 488
390 1100
390 1101
390 304
1129 305
2085 675
1968 139
1363 823
1363 1102
1363 151
2612 71
1973 1103
1117 1104
1917 582
2987 1105
1323 184
1323 302
1323 106
1323 1106
1323 1107
1034 766
2988 1108
1812 1109
1812 472
1812 122
2732 1110
2989 907
2990 1111
2616 1112
1652 1113
1652 413
2991 375
2991 194
482 482
482 905
482 596
482 815
482 405
482 1114
2992 1115
175 1116
175 557
1649 1117
1649 468
2274 1118
105 402
203 1119
203 1120
2993 1121
2993 1122
2993 1123
903 1124
903 1125
903 470
487 299
487 102
487 596
305 1126
305 150
305 1127
305 1128
305 306
305 43
305 1129
560 1130
560 1131
560 562
2081 380
2994 1132
2995 1133
2996 931
1285 50
1285 796
1285 48
1285 676
2997 59
2998 1134
2999 1135
3000 1136
2154 208
2603 79
2603 235
3001 237
1784 1137
3002 49
969 286
3003 43
3004 1138
3005 1139
1540 796
3006 54
3007 1140
368 1141
182 2
1516 136
1516 1142
1516 1143
1516 1144
1516 1145
1516 1146
1939 118
1198 1147
3008 151
542 841
542 139
542 1148
542 92
542 1149
542 122
542 82
542 1150
542 1151
542 1152
542 1153
542 353
542 705
542 1154
542 1155
3009 604
3010 171
461 1156
762 1157
762 1158
762 1159
762 1160
762 735
762 43
762 1017
762 251
762 1161
762 1162
762 1163
762 1164
762 1165
762 1166
762 1167
762 1168
762 1036
762 1169
762 1
762 1170
762 1171
762 1172
762 1173
762 1174
762 1175
762 833
762 624
762 1176
762 1177
1511 1178
3011 33
342 85
1662 59
2492 1179
902 104
902 1180
902 1181
902 986
902 1182
168 655
168 1183
2259 628
1825 1026
3012 1184
3013 1185
1341 667
1341 1186
236 34
3014 1187
3015 457
3015 342
3016 294
3017 1188
1219 1189
3018 1190
1803 848
3019 817
3019 805
813 987
813 727
813 966
813 1191
3020 207
1193 1192
2125 88
3021 50
3022 385
1192 879
1192 167
1192 1193
2380 1194
3023 1195
3024 1196
1407 1197
1407 153
3025 1198
3026 1013
3026 948
3027 497
3028 944
760 1
1288 1199
1288 252
1288 1200
3029 1130
1906 10
124 121
124 1201
124 1202
124 1203
124 500
124 246
124 935
1605 1204
1605 1205
1605 628
1605 1206
1605 136
44 425
44 122
44 161
44 611
44 638
44 304
44 98
225 1024
225 1207
225 1208
2444 1209
775 1210
775 245
3030 347
643 139
643 1211
643 352
643 1212
643 7
643 645
643 1213
643 1214
300 354
300 890
300 1215
300 540
300 524
300 411
300 1216
300 225
3031 1217
3032 683
1625 1218
1189 1219
2410 1220
2410 1221
2058 357
3033 1222
3034 974
3034 1112
3034 1223
3034 954
882 139
882 79
882 426
882 537
882 1224
882 43
1946 165
3035 1130
2172 1225
1731 279
1731 1226
1731 122
3036 1127
3036 775
3036 397
3037 497
2121 492
2121 513
1231 1227
1231 1228
1231 1229
1231 566
1231 1230
1231 1231
3038 1232
523 914
523 120
3039 855
3040 1233
3041 60
156 1234
156 265
156 1108
2442 1235
2442 529
2442 573
3042 60
3043 996
3044 1236
443 1223
3045 1237
3046 1238
1957 1239
1957 259
1957 671
3047 139
3047 1240
425 1024
425 44
2552 1241
2552 305
2552 709
1367 385
1367 1242
1367 1243
1367 1244
1367 306
1367 852
3048 102
1196 36
3049 1245
3050 948
3051 695
3052 1246
1609 136
68 1247
68 1248
68 567
68 136
68 53
68 726
68 1249
68 123
68 549
68 132
68 106
68 1188
68 1250
68 1251
68 387
68 881
881 68
881 1252
881 1253
881 1254
881 280
881 1255
881 140
2548 727
802 302
802 44
802 1256
334 53
3053 139
985 1257
3054 1258
2075 1127
1384 1259
1065 1260
1065 1261
3055 1262
1425 54
1425 485
3056 1263
3057 52
339 1264
339 1265
3058 1266
353 1267
353 879
353 153
353 1268
353 1269
353 763
353 1270
3059 1271
1082 65
1082 1272
1280 576
1280 265
1870 145
1332 284
1332 954
2458 481
3060 1273
1297 50
721 1274
3061 643
3061 7
3062 294
2493 1275
3063 1276
3064 1277
3065 583
830 308
830 833
830 558
830 613
830 1278
2205 371
2205 1279
243 758
243 1280
243 167
243 1281
243 1
3066 812
3067 1282
1981 696
3068 235
3069 1283
50 1284
50 937
50 194
50 540
50 996
50 357
50 1285
50 171
50 379
50 1286
50 5
50 148
50 1266
50 119
50 200
50 1287
50 799
50 411
50 1288
50 8
50 1289
50 79
50 1290
50 1291
50 1292
50 509
50 192
50 676
50 547
50 1293
50 1294
50 354
50 1295
50 690
50 1296
50 1297
50 53
50 1298
50 1299
50 580
50 1300
50 153
50 939
50 1301
50 1302
50 1303
2128 186
1713 1304
370 1305
370 1306
370 602
370 116
351 1307
351 259
351 1308
3070 1309
1035 1310
3071 1311
3072 1312
1642 139
1461 21
3073 1313
599 1314
599 422
724 1315
3074 1316
573 495
573 278
573 954
573 1317
1799 1318
795 658
3075 578
3075 1319
3075 131
1535 1013
1535 1320
2686 1321
2625 1322
302 1323
302 1324
302 658
302 890
302 802
302 1325
302 1326
302 299
302 1327
302 129
302 19
302 611
302 1328
302 1329
3076 1330
3077 570
886 1211
3078 405
3078 1331
3078 1332
1248 68
1098 1333
1098 954
3079 485
1944 1326
1569 1334
1569 306
1569 116
1721 194
1398 1335
1398 1336
1398 704
1398 665
1398 258
1398 1337
1398 1262
1096 1046
1096 1146
126 1338
866 1339
866 1340
866 526
866 722
866 43
3080 1341
2228 658
1404 1113
1404 1342
3081 1343
1932 273
1666 843
1666 912
1666 59
3082 742
3082 1344
3083 1345
3084 1105
1621 658
1621 1346
1621 1347
3085 783
740 1348
740 411
740 1349
436 557
947 948
947 648
3086 1350
2723 1351
2723 542
382 116
3087 60
3088 1352
2709 273
3089 60
1581 1353
1581 462
1581 347
2123 56
2699 567
840 1354
822 98
822 245
822 122
822 132
853 1355
853 379
853 547
1029 1356
1029 136
1029 104
1029 1357
1029 1358
1029 1359
1029 1180
1029 1
3090 684
3090 1214
3091 122
1563 1360
1563 107
1563 631
884 1361
884 43
884 1362
3092 578
71 166
1102 1363
1102 285
1102 1364
3093 1365
2404 1305
1943 1366
3094 1367
3095 1368
151 1369
151 1370
151 149
151 174
151 1363
1120 1098
1120 1333
1120 1371
1120 602
1120 1071
1120 1119
21 1372
21 727
21 1373
21 402
21 1374
21 1375
685 656
685 318
685 42
685 901
3096 221
3096 1029
3096 1376
3096 1377
943 119
3097 379
3097 1378
1549 852
2078 1379
2078 232
2078 1380
2146 1197
2127 1381
588 45
588 1382
588 1383
588 43
1259 50
1259 1384
1259 263
2156 1216
3098 1385
714 865
714 136
2716 819
2716 136
288 1386
288 1387
3099 1388
2610 1389
3100 459
3101 141
150 1390
150 1267
150 305
150 863
150 259
150 1391
150 1392
1994 65
792 1117
792 1393
792 1394
792 1104
2412 176
2412 494
2412 1395
2412 876
2412 353
1580 566
1580 43
1319 320
3102 1396
3103 1397
665 1398
665 1399
665 1400
332 1401
332 462
332 841
332 847
328 1402
328 1403
328 122
328 402
328 1404
328 16
328 38
952 1405
2225 1406
2664 1311
2664 61
2175 913
1410 1407
1410 1408
3104 1409
3105 1410
564 114
564 76
2314 370
2314 387
2314 918
2314 1411
364 1412
364 1413
364 1414
3106 333
3107 1013
1869 120
3108 1415
3109 1416
3110 1234
3110 1417
3110 60
3110 1418
505 1112
505 98
325 752
2726 478
149 1419
149 1267
149 138
149 1420
149 174
149 338
149 1077
149 151
149 52
149 455
3111 1421
2522 23
3112 836
2196 1422
2196 1423
2565 1424
1408 89
1408 169
1408 1425
1408 1426
1408 895
1408 106
1408 1427
1408 1428
1421 1127
365 940
365 1429
365 1409
1920 947
3113 1251
2666 1430
3114 1431
2629 202
719 852
719 122
1548 1432
1548 1433
681 914
1097 1434
1097 1435
1097 1436
2715 394
17 1437
17 1438
17 522
17 1439
17 327
17 1440
17 16
17 306
17 326
17 635
17 1119
17 1171
3115 1441
3116 932
1921 11
1921 12
285 565
285 1134
285 375
285 1187
285 1442
285 1443
285 1444
285 1445
285 59
285 1102
285 1446
285 1447
285 1180
285 1448
285 1329
285 543
3117 85
26 60
3118 1449
3118 913
3119 852
1762 25
1762 1450
383 139
383 1451
383 136
383 1452
383 279
383 1453
383 739
907 1338
907 1454
1938 937
1938 1455
1938 1039
1356 1029
532 695
1786 1456
1786 187
3120 593
1215 5
1215 300
1215 1457
3121 1458
796 1459
796 533
796 259
796 1460
2624 1236
1934 49
3122 1461
2163 347
2163 10
3123 1462
1487 1463
1487 56
3124 1464
3124 174
3124 43
3125 1018
1626 252
1626 1465
3126 1466
2043 604
1694 1467
1694 1468
1694 573
1694 1469
1694 391
1694 972
1694 502
1694 183
1694 1470
1694 1343
3127 289
3127 268
3127 1471
3127 1099
3127 1472
2599 1332
3128 913
3129 1
3129 30
548 1473
548 1474
548 1475
2236 380
155 176
155 1476
155 1477
155 1478
155 1479
155 1480
155 208
155 1026
155 709
155 1123
155 1481
155 750
155 96
155 1482
155 640
155 145
155 1483
155 262
3130 524
1443 497
1443 1484
3131 1478
3131 485
3132 72
3132 282
3133 1425
3133 1485
2484 1486
3134 150
2018 1487
411 1488
411 1296
411 384
411 540
411 1489
411 1490
411 153
411 6
411 1147
411 50
411 621
411 740
411 298
1136 228
1136 1491
1136 1492
1923 1493
1446 1494
1446 1495
1446 709
2398 1181
2102 1496
743 1130
743 113
743 1497
743 1351
743 1498
743 56
3135 1499
3135 1500
3136 1501
3137 449
3137 250
3137 61
3138 1095
3138 60
192 50
192 938
192 134
192 1502
3139 704
3140 1503
3140 122
1697 580
767 1504
944 1505
944 119
1676 1506
1676 1507
1227 1508
1227 1231
3141 1403
1889 1509
1889 1510
1889 113
1596 308
3142 1511
898 730
1987 1512
1488 411
1570 1513
1223 30
2229 1499
541 272
541 658
541 234
541 1155
541 586
2061 1514
2663 259
1854 53
206 1515
904 1449
904 328
904 1124
904 954
1683 562
1683 1365
1683 922
1683 1516
1683 1457
1683 387
1683 1517
20 1518
20 102
384 68
384 411
384 1519
384 727
384 280
384 116
384 130
3143 688
3144 423
3144 1520
3145 1208
3146 1521
1774 1522
1774 1523
3147 656
2148 1524
148 1267
148 658
148 1285
386 1525
386 696
3148 1526
3149 1527
2118 1528
3150 136
2422 170
2202 113
3151 53
2401 1529
2401 931
2401 1530
146 1270
146 1531
1965 819
1965 399
1965 1532
1653 695
3152 1533
2562 1212
2562 1534
2562 376
190 1327
3153 56
1320 1535
1320 740
711 1536
3154 207
3154 766
2721 1537
3155 1049
2417 1538
3156 511
398 1539
398 398
3157 60
807 533
807 695
807 1540
807 658
807 106
807 1353
807 1541
559 1542
915 524
2122 565
1342 1404
1342 1543
1342 582
1342 468
3158 79
3159 165
429 551
429 1400
429 122
429 573
901 273
901 1544
901 1545
901 1546
901 450
901 685
901 1182
2063 1547
852 1548
852 1549
852 1378
852 136
852 1550
3160 299
3160 1365
3160 1551
3160 1552
3160 1553
1501 1187
1501 285
885 1554
885 122
885 1555
846 1556
846 1557
2436 397
2269 1494
1370 151
3161 1558
3162 1505
3163 1559
528 593
528 1557
1689 60
1723 118
1064 695
1064 1560
107 67
107 132
107 1561
107 1562
107 1563
107 386
1335 1398
1335 122
1335 887
1832 98
3164 1564
841 96
841 1565
841 60
841 332
1222 462
3165 600
867 43
3166 1566
3167 1567
306 417
306 725
306 1568
306 1569
306 17
306 1076
306 0
306 85
306 929
306 954
1513 53
1513 1570
1513 259
1513 1571
1513 932
1513 1572
1513 1573
3168 1574
3168 1575
1964 796
1964 1576
3169 87
1517 1305
19 407
19 1577
19 437
910 476
3170 1578
566 101
566 136
566 53
566 1579
566 827
566 996
566 1580
566 485
566 855
566 1409
566 664
566 513
566 56
566 1351
3171 576
3172 31
2630 202
1353 1581
1353 1582
3173 1583
3174 578
1273 60
1273 1270
2706 768
3175 265
3176 1136
473 1584
473 82
3177 1307
3178 61
1234 229
1234 156
179 1585
179 2
179 1586
179 1587
179 1588
1969 1589
1969 1590
1969 628
1969 447
1357 1029
1357 578
1357 541
428 113
3179 1591
3180 142
1984 1592
1984 211
2703 1593
2287 1594
531 53
3181 1595
3182 14
3183 811
308 1596
308 1597
308 830
308 1598
308 1599
308 833
308 1477
308 488
308 43
308 130
308 1600
2437 397
3184 1601
3185 252
219 726
3186 1147
136 982
136 858
136 221
136 388
136 1602
136 1603
136 993
136 43
136 1604
136 994
136 1605
136 68
136 562
136 1606
136 167
136 93
136 277
136 1607
136 396
136 441
136 87
136 279
136 1146
136 1608
136 1609
136 1610
136 400
136 1611
136 1612
136 1613
136 1419
136 1614
136 1092
136 549
136 1463
136 879
136 1615
136 359
136 383
136 30
136 1616
136 1617
136 1618
136 258
136 42
136 122
136 573
136 53
136 1028
136 113
136 79
136 1029
136 437
136 656
136 710
136 38
1954 1619
3187 959
3187 76
3187 587
1686 387
1686 913
960 1090
960 1089
868 43
1435 948
3188 1620
3188 1621
3188 770
2010 1505
235 136
235 603
235 1622
235 1623
235 106
235 541
235 586
235 1624
235 399
3189 279
1218 1625
1218 1626
1218 639
2488 1627
1405 872
3190 1628
996 1629
996 1630
996 1631
996 876
996 739
996 1632
1560 514
2135 161
2135 977
1036 1130
1036 63
1036 805
3191 1633
2689 1634
139 1635
139 1636
139 1637
139 542
139 1638
139 136
139 1639
139 79
139 1607
139 43
139 870
139 1640
139 1641
139 1642
139 1643
139 426
139 1644
139 1645
139 1646
139 1592
468 1647
468 1648
468 1649
468 1283
468 707
468 1650
468 1651
455 149
455 602
3192 411
3192 1652
3193 933
336 672
336 543
1027 104
1027 142
1027 259
1027 1653
3194 465
344 361
3195 143
3196 60
2180 1654
2180 1372
2180 352
2180 1424
2180 294
2180 381
3197 455
2478 1655
995 446
995 1499
995 966
3198 500
3199 320
3200 855
2304 1321
3201 145
3201 142
3201 1656
683 318
683 115
1841 53
1841 1657
520 809
520 1658
520 470
3202 127
616 1659
616 1235
616 1660
616 82
3203 658
3203 1661
59 1662
59 494
59 865
59 1287
59 53
59 658
59 741
59 485
59 279
59 1663
59 1664
59 1665
59 1666
59 1016
59 1667
59 1668
59 582
1317 278
464 1187
1104 1669
1104 1117
1104 792
290 425
290 142
290 1079
2557 1670
3204 1671
3205 1672
40 1627
1578 1673
1578 1674
3206 6
1630 996
2539 179
1894 1675
3207 1039
221 136
221 250
221 1648
221 824
221 1330
221 237
221 38
3208 483
3209 1457
755 114
2381 827
3210 1676
1329 1097
1329 12
1329 285
1329 1677
1329 552
1329 1656
1329 11
1329 302
3211 75
2153 442
2153 1678
3212 1630
3213 1679
1200 1680
1200 145
450 901
450 1113
450 1681
450 273
450 602
3214 383
578 1282
2341 1682
3215 763
2591 115
11 12
387 68
387 1683
387 1684
387 953
387 1685
387 1686
387 1687
387 165
387 1688
387 939
387 192
1502 192
2033 425
2033 485
2033 1689
2033 1690
2033 1571
2033 571
1637 663
2208 1691
2208 1692
2208 1693
2208 880
2208 783
2729 1153
423 1520
1469 1694
1587 179
580 1695
580 1696
580 79
580 237
580 1697
580 1698
580 153
580 1699
580 957
580 50
580 583
580 1700
580 1039
580 1701
718 138
939 485
939 1702
939 195
939 1646
939 387
939 1703
245 822
245 1704
245 1564
245 1705
245 612
245 1486
245 205
245 562
245 1706
245 1707
245 923
245 785
245 77
245 1708
245 1709
245 120
245 1043
245 1457
3216 1710
858 136
1802 1711
3217 44
2086 189
1796 1712
1796 113
1796 865
1631 996
1304 1713
1449 1714
1449 904
1449 1102
1449 543
3218 1715
3219 1716
1641 139
1641 162
527 1717
1016 104
1016 1102
2435 614
3220 64
3220 695
3220 1718
262 155
262 1719
194 1720
194 938
194 134
194 1721
194 939
194 1061
194 1315
194 406
3221 204
2168 229
118 1722
118 1723
118 1724
118 1007
1756 1172
3222 489
3223 1725
3224 1726
3224 1727
2559 8
279 1728
279 1372
279 136
279 1729
279 437
279 765
279 1730
279 299
279 1731
279 1615
279 1732
279 874
279 59
279 85
2533 1
930 446
930 1733
1612 136
3225 809
3226 1108
303 1311
1564 1484
135 220
135 582
135 116
135 42
135 132
1472 1125
1472 18
2374 7
2374 999
2453 1326
2486 1734
2486 1735
2486 1736
2486 122
1352 60
28 1737
3227 520
3228 1738
3229 1739
2446 1010
1278 830
1278 21
54 1740
54 1425
54 658
54 1741
54 30
3230 1742
3231 1743
956 1744
956 1745
3232 1746
3233 1747
143 411
143 1365
143 59
143 264
143 1748
267 1113
267 1749
267 1750
267 1751
1186 189
1186 1341
1186 10
1186 1752
424 1753
263 1533
263 1754
263 1755
629 1150
3234 596
1695 1398
1695 1277
1695 1756
3235 1540
1757 1757
1757 1758
1757 1312
1757 835
1757 1693
1757 1759
1757 98
1277 417
3236 60
3237 1760
218 1761
218 1762
218 1763
218 540
218 285
218 1764
218 25
218 63
218 1765
3238 1766
3238 60
3239 1767
58 404
58 1768
2164 231
3240 1769
873 43
3241 1770
3242 1416
375 279
375 90
375 1332
375 205
375 1771
375 887
375 1772
375 453
375 1773
375 418
3243 306
1522 1774
1864 1775
1864 1776
1864 876
1864 115
3244 453
3244 1777
3244 1778
2512 1779
2512 1780
2512 82
2083 106
2083 122
2439 1136
2439 613
2439 397
3245 1409
3245 1781
3246 1601
1031 114
2698 1782
469 282
1947 1783
1137 733
1137 431
1137 220
1137 1784
3247 1187
3247 1674
715 600
715 602
187 1785
187 1786
3248 1787
3248 1006
488 1788
488 37
488 122
488 1032
488 762
488 308
488 658
488 390
488 596
488 1789
488 4
488 1485
1413 27
3249 1790
3250 524
2339 1506
2653 954
3251 1791
3251 1187
3251 1469
2099 1792
1712 1793
1712 1794
1712 1795
1712 1796
180 53
180 658
180 1797
3252 1798
3253 261
3253 785
3253 347
1318 1799
1318 748
1643 139
3254 1800
3255 1801
3256 1802
3256 77
848 647
848 1803
848 494
848 82
1239 1804
3257 21
2714 680
2731 1171
1951 171
3258 1805
1045 405
1045 1806
1045 1807
241 785
241 987
420 1808
2563 1809
2577 1810
3259 104
3260 1395
537 882
537 1811
2281 1804
2281 1756
2281 1156
274 1484
274 38
3261 1557
3261 306
472 1812
472 1813
472 1814
3262 533
1057 1815
1057 1661
1057 784
1057 1816
1057 1817
1057 1214
3263 1818
230 377
1539 398
2162 1819
2162 8
2162 205
1127 446
1127 1820
1127 561
1127 1821
1127 1822
1127 1823
3264 279
3265 1218
1797 1824
1026 1825
1026 1258
1026 394
1026 1826
1026 104
1616 56
1616 85
1616 136
3266 1006
3266 1827
2495 1828
3267 258
850 53
850 1829
3268 1830
98 1702
98 1010
98 1831
98 304
98 1832
98 273
98 505
98 441
98 25
98 1833
98 207
98 566
98 1807
98 1834
98 1835
98 1836
98 1669
98 122
98 1394
98 987
98 113
98 659
98 1340
98 195
184 1837
2095 1838
2095 441
2095 149
2579 1408
458 1161
3269 578
3269 1251
3270 1839
3271 53
3271 1840
53 1316
53 531
53 41
53 1841
53 836
53 644
53 1778
53 379
53 394
53 1842
53 1843
53 1844
53 1845
53 684
53 43
53 974
53 941
53 1846
53 1847
53 136
53 82
53 1046
53 477
53 1848
53 1849
53 279
53 1351
53 390
53 1850
53 1851
53 1852
53 50
53 1853
53 1291
53 1854
53 1855
53 1856
53 609
53 1479
53 133
53 880
53 116
53 1857
53 1157
53 1
53 101
53 139
53 1858
53 1859
53 1860
53 122
53 1861
53 704
53 191
53 987
53 123
53 1862
53 1863
53 1195
53 833
53 419
53 407
53 739
53 1864
53 1642
791 1394
2008 1865
280 711
280 544
280 1866
280 1615
280 1670
280 488
280 489
280 881
1312 1757
1312 1867
1312 763
1312 1868
1113 316
1113 1342
1113 450
1113 1869
1113 1652
1113 1870
3272 1871
1863 1872
1411 1411
413 1873
413 1874
413 1875
413 82
413 769
413 1439
413 1553
413 1876
413 810
413 1877
413 1878
413 1652
413 731
2219 1879
3273 666
1336 1398
307 1880
1681 450
1159 553
1159 60
1159 1091
1842 447
3274 1881
2674 1882
60 1883
60 1134
60 919
60 1884
60 1885
60 1772
60 1886
60 1
1359 299
1359 1029
1359 155
1359 713
2414 103
2092 1887
2092 1611
2092 1367
2092 1888
2092 530
3275 98
1509 1847
1509 1889
1509 217
1509 1032
1509 1890
1509 611
1509 1807
1509 220
1509 1891
1509 1892
1509 1049
1509 705
1509 1152
1509 766
1509 1893
2068 519
2068 524
1347 1621
1347 1894
810 1895
810 413
810 658
561 1896
1066 728
1066 1897
1066 485
485 1898
485 640
485 136
485 104
485 1066
485 566
485 596
485 419
485 1899
485 306
485 1900
3276 1901
3277 85
3277 1902
3278 21
3279 726
749 416
749 342
2371 284
3280 1311
3280 483
3281 1076
3282 407
1325 302
2332 1903
10 1324
10 483
10 658
10 1904
10 737
10 1905
10 1906
10 1907
10 1908
10 490
3283 576
529 620
529 1909
529 1910
3284 1911
3284 1
3285 239
3285 736
3286 1912
3286 423
1385 1913
362 704
362 581
362 573
3287 53
3287 1914
3288 1915
3289 18
2467 1916
1141 368
582 1917
582 135
582 1342
582 561
582 53
582 259
582 1052
582 1312
582 59
582 1918
3290 252
3291 1919
3292 827
3293 1669
1301 50
1301 1920
1301 1285
1589 1921
656 354
656 136
656 82
656 908
656 1493
656 685
656 602
656 76
2720 202
2720 511
2589 509
448 1922
1493 656
1493 1923
861 587
3294 945
3294 113
1204 1605
554 431
3295 1108
3296 433
3297 1924
3297 1925
3298 71
249 10
1867 1312
1867 29
1867 1926
1867 1870
2206 1927
1911 45
1911 1928
1911 1929
1911 53
1911 604
1911 235
1094 1046
1094 354
1094 549
273 1544
273 1930
273 388
273 1931
273 1408
273 1932
1929 1911
3299 241
1691 934
1691 42
1691 279
1691 403
1691 383
1691 1933
49 506
49 1934
49 96
49 499
2432 614
1780 134
1780 1935
1246 727
3300 1936
3301 412
3302 1937
3303 60
1003 1938
1003 1939
1003 1296
1095 1940
2678 890
676 1941
676 1296
676 1942
676 655
676 1301
676 32
1366 378
1366 1943
3304 419
3305 60
165 1944
165 1945
165 543
165 1946
2581 704
1783 1947
1783 1441
34 824
34 530
34 113
34 431
34 739
34 283
887 1335
887 721
887 375
887 1948
887 1312
887 596
887 1398
887 1025
3306 14
3306 651
3306 59
1647 468
1265 339
2462 452
171 1949
171 42
171 1950
171 540
171 173
171 1039
171 1951
171 1952
171 50
171 63
1071 1120
408 493
278 1143
278 1615
278 1317
278 573
3307 85
2054 1105
2468 191
3308 597
3308 308
3309 641
3309 1108
3310 1953
1619 596
1619 1954
1619 1252
1619 1955
671 1956
671 1957
671 1958
3311 305
1838 279
741 1959
2607 1960
1942 79
1942 676
1942 1961
1942 1962
1942 357
1942 437
1576 1963
1576 1964
3312 61
3313 656
399 1747
399 235
399 1532
399 1965
399 1966
728 1066
728 1967
728 13
728 1968
2319 1359
1590 1969
1590 131
1590 1513
966 45
966 60
966 111
966 419
966 995
3314 1970
3315 1102
2289 1971
654 1972
204 593
204 88
3316 1973
3317 79
2650 1974
2650 1975
3318 1976
2713 1208
2713 1977
2501 820
2526 1978
2226 1037
299 1316
299 1683
299 1597
299 41
299 1311
299 220
299 923
299 1359
299 266
299 1979
299 167
299 279
299 166
299 1980
299 205
299 1868
299 1981
299 507
299 1071
299 1974
299 1982
299 275
299 354
299 1983
299 1215
299 212
299 1984
1024 425
1024 1457
1561 107
3319 597
3320 1985
3321 1096
705 1509
705 1986
3322 718
3323 655
2510 82
530 185
55 296
1480 155
1142 1516
1512 1987
1512 1988
1512 1313
3324 726
3325 1429
3325 1114
3326 1127
2101 36
3327 1989
1030 104
1154 1945
38 62
38 258
38 1990
38 136
38 122
38 82
38 688
38 246
38 1124
38 221
38 596
38 1991
38 328
38 789
38 1448
38 1992
38 1993
3328 43
3329 1818
1324 10
1324 82
660 742
3 178
3 26
3 1932
65 1949
65 1272
65 1994
65 47
65 1010
65 403
65 628
65 76
65 1082
1813 472
1813 489
3330 1040
501 1995
501 1996
3331 53
74 1994
815 482
815 1997
815 549
815 132
3332 1998
954 1098
954 1569
954 1159
954 974
954 1999
954 2000
954 1371
954 1436
954 2001
954 255
954 306
954 2002
954 2003
954 2004
954 2005
954 644
954 1820
954 203
954 904
954 2006
954 84
954 727
954 1443
954 942
954 284
3333 2007
666 622
666 593
666 843
3334 740
3335 1677
3336 1064
1865 2008
2717 2009
3337 2010
1608 136
2023 2011
583 946
3338 890
3338 468
3338 917
1211 643
1211 886
1806 1045
510 2012
3339 52
2695 2013
3340 2014
2015 2015
854 2016
3341 2017
1982 299
2570 820
2570 225
3342 2018
2375 2019
2060 1514
2396 1535
1945 2020
1945 2021
1945 2022
1945 441
1945 165
1945 2023
1945 2024
1945 1154
260 2025
3343 2026
3344 1746
3345 139
298 411
298 540
270 2027
270 967
1380 920
1579 1898
1579 809
1579 566
1579 1406
1579 640
1579 556
3346 1134
3346 1924
3346 2028
3347 839
3348 139
650 1440
650 2029
650 2030
650 2031
2024 1060
504 1544
3349 2032
913 2033
913 1550
913 2034
765 279
765 321
765 2035
2543 60
2543 1189
2543 2036
3350 2037
3351 507
96 2021
96 2038
96 841
96 2039
96 2040
96 1263
96 2041
96 981
96 43
96 290
96 155
2639 2042
2004 2043
2004 275
2004 954
2080 53
2080 34
2080 2044
3352 2045
3353 154
3354 2046
3355 285
1092 2047
1092 136
3356 60
3357 1046
3358 1108
2267 2048
2267 167
3359 1669
3360 948
1638 2049
3361 400
1941 1691
1941 676
1941 71
1941 2050
1941 2051
1941 1998
3362 7
3363 576
2483 76
2483 1486
1586 179
1174 762
1174 1
1286 50
2642 2052
2642 2053
2642 688
2258 628
1270 2054
1270 1273
3364 1747
2564 110
3365 76
2055 2055
1431 275
3366 2056
3367 8
357 2057
357 1292
357 2058
574 1105
1334 453
3368 29
1514 2059
1514 2060
1514 2061
1776 53
1776 1864
941 53
941 2062
1992 2063
1992 2064
3369 1633
2640 1579
3370 1949
3371 2065
3372 932
7 1848
7 1249
2626 2066
2626 122
911 1559
2262 2044
712 2067
519 2068
1669 695
1669 98
3373 1065
2074 447
2074 2069
2074 2070
2074 1291
2074 2071
2074 1330
1566 398
3374 428
738 496
2159 130
1447 285
1447 76
1447 419
2511 1186
3375 452
2230 41
2333 102
3376 1487
453 1777
453 2072
445 1769
445 2073
640 155
640 1579
640 680
640 485
640 2069
640 2074
2056 656
2056 2075
3377 411
1879 1571
1879 98
2136 317
2136 2076
2136 649
3378 2077
63 1
63 98
1379 2078
451 2079
451 2080
451 2044
451 2081
451 2082
106 1015
106 122
106 82
106 104
106 1648
106 2042
106 113
106 306
106 195
106 2083
106 1291
106 30
675 2084
675 945
675 282
675 2085
3379 1047
3380 62
1747 1848
1747 1755
1747 399
3381 2086
3382 1377
1348 996
1348 740
3383 485
2242 129
2242 2087
3384 983
1255 2088
1255 740
3385 977
730 1195
730 748
730 1105
730 82
3386 711
3387 2089
3387 718
3387 1448
3388 1136
31 228
158 2090
3389 1833
1887 1996
1887 2091
1887 2092
3390 333
3391 493
3392 1894
3393 641
824 221
824 1316
824 34
824 503
824 132
928 2004
928 604
928 2093
928 82
1475 548
3394 502
3395 2003
3396 136
2677 2094
819 113
819 2095
819 1965
819 30
819 341
3397 547
2544 571
700 160
3398 359
3399 1848
1172 762
1172 1848
1172 383
1172 1756
3400 1398
3401 49
3401 2096
1956 671
3402 734
3402 2097
1646 45
1646 1571
1646 2098
1646 939
1646 139
282 104
282 675
282 1327
282 811
282 354
1792 2099
1792 1542
1792 320
1792 2100
1792 2101
1792 506
1792 1345
3403 82
3404 2102
3405 142
1350 740
3406 1741
1406 1048
3407 407
3408 1842
3408 1573
1345 959
3409 83
3410 2103
982 2104
982 136
2647 605
2647 2105
2647 13
2647 2106
3411 31
937 1938
937 2107
937 195
3412 1549
1698 2108
1698 2109
1698 580
503 824
746 2110
3413 1976
3413 98
1789 488
1914 422
2657 2111
2406 2112
2406 2113
3414 1513
27 1413
27 2114
27 43
3415 695
87 149
87 136
87 2115
87 2116
87 2117
87 130
87 43
2373 76
1528 1352
1528 60
1528 2118
3416 2014
3417 940
513 21
513 404
513 114
513 2119
513 2120
513 2121
513 87
513 347
513 763
3418 345
1622 235
2295 251
2295 13
565 291
565 2122
565 805
3419 481
3419 98
330 578
1761 1265
1761 311
1761 218
1761 339
1761 6
1761 1048
1761 2123
3420 76
2531 1691
2531 1263
2531 2124
2531 1228
1007 118
3421 407
1857 53
3422 1104
412 540
3423 2125
3423 861
1381 2126
1381 354
1381 2127
1381 127
177 2
186 104
186 1655
186 1014
186 294
186 2128
186 1828
1687 2129
2131 2130
2131 2131
2131 406
3424 342
3425 1592
2728 1153
2728 109
3426 106
3426 2132
3427 2133
3428 2134
977 901
977 53
977 7
977 611
977 258
977 2135
977 1901
1858 53
1203 935
3429 1306
15 833
15 76
317 785
317 2136
317 317
1925 1924
1925 2137
1910 45
1910 2039
1910 529
864 2138
864 2139
864 43
864 2140
3430 602
789 159
789 38
789 2141
789 113
789 2142
1458 1629
1458 167
1458 2143
1458 1305
1458 2144
1458 1657
1458 2145
1575 699
495 43
3431 387
3432 1690
1664 82
3433 1885
2506 273
2506 82
3434 229
1047 56
3435 966
3436 2146
3436 573
784 1076
1039 1284
1039 1584
1039 704
1039 96
1039 346
1039 787
1039 406
1039 541
2659 1835
2659 98
3437 2147
1977 926
1524 2148
3438 749
3439 1137
1294 333
3440 107
3440 2149
2342 596
2342 2150
2342 82
355 2151
355 224
355 2152
3441 2153
515 30
3442 1444
208 830
208 2154
208 155
208 2155
1216 2156
3443 79
2514 85
2514 13
2514 82
949 983
1495 709
763 101
763 2157
763 513
763 353
763 1312
763 1
763 1990
1233 368
1233 285
3444 12
3445 2158
3445 761
3445 30
1600 1590
3446 1007
3447 44
3448 334
162 1641
162 699
130 417
130 316
130 384
130 2159
130 308
130 87
130 2097
130 1114
130 83
130 747
2170 411
1840 562
3449 21
3450 342
2694 617
2694 1466
2694 350
2694 59
2694 282
3451 2160
3452 2161
3453 354
3453 1033
1607 139
1607 136
1607 688
3454 710
1819 405
1819 2162
1819 82
1821 1127
2326 1886
3455 766
3456 2163
3456 496
1171 334
1171 2050
1171 17
2357 1207
231 2164
231 2165
231 2166
1820 954
117 939
2126 2127
2385 620
1885 2167
1885 2168
1885 841
1885 229
1885 2169
1885 2170
1885 353
1885 519
2358 2171
1225 2172
2683 1441
2683 466
3457 390
1460 796
360 2173
360 240
1949 171
189 2174
189 2175
189 2011
189 2086
189 2176
189 1442
189 107
189 1186
189 1703
3458 53
3459 1741
3459 106
1260 1065
3460 2045
1340 866
2623 347
2454 2177
81 2178
635 2179
635 17
1703 362
1703 82
1703 511
2656 1093
2656 2132
2656 1248
352 643
352 1209
352 549
352 2180
2634 2181
1489 50
1489 1292
1489 411
3461 571
3462 2182
3463 1769
3464 1712
929 1290
929 306
929 85
929 2183
3465 354
2496 498
2496 123
2021 400
2021 1945
2573 1107
2573 2184
234 336
234 1584
234 518
234 586
234 827
234 785
234 541
234 1364
234 1878
234 1
946 53
946 655
946 30
2331 2185
1852 53
1852 29
3466 2107
3467 2186
3468 616
3468 2187
1437 49
1437 16
1067 440
3469 643
1053 354
295 56
295 2188
295 2189
295 2190
696 2020
696 2191
696 628
696 562
391 183
942 53
551 429
551 431
551 1400
551 2192
33 620
294 13
294 1593
294 104
294 2193
294 142
294 1280
2652 1143
1428 1408
1091 1312
1091 704
1091 1099
1091 2194
1343 1415
1343 1694
2338 779
2338 2195
2710 1561
3470 532
2193 1828
1423 2196
878 2197
878 43
659 2198
659 2199
144 1685
3471 77
2088 1250
2088 1255
2088 106
2088 2200
1456 1786
926 1977
3472 353
1665 2201
1665 2202
1665 1380
2243 2203
2243 2197
2243 1418
2243 2204
3473 85
1651 468
1279 2205
1279 2191
1909 272
1909 2056
2466 1533
421 2206
421 977
421 2207
421 377
3474 334
3475 951
1693 1757
1693 2208
3476 352
1718 695
2578 2209
3477 2210
1781 320
3478 1296
3479 1608
2169 1885
1701 580
1254 1013
1254 881
2130 2131
2130 406
2386 1187
3480 529
2347 2211
2347 2049
1148 2212
1148 620
1148 542
1148 283
1148 1373
3481 1037
3482 2213
945 675
1708 2214
3483 1136
415 2215
415 2216
415 2217
415 940
415 543
415 1198
879 1192
879 353
879 2218
879 43
826 2219
1997 815
1393 792
3484 1578
2368 2220
2700 1818
2700 2011
354 491
354 2221
354 402
354 1330
354 1094
354 42
354 2222
354 1288
354 50
354 749
354 2071
354 540
354 2223
354 1053
354 300
354 299
354 958
354 907
354 1348
354 1381
354 1233
354 656
354 38
354 1408
1655 186
3485 1026
754 2224
3486 486
3487 44
3488 2225
1002 2226
153 1895
153 520
153 163
153 411
2475 100
1271 437
678 2227
678 1455
678 2208
3489 2228
1933 784
1933 176
1199 2229
491 354
491 42
41 2230
41 549
41 799
41 2231
41 132
695 756
695 532
695 2232
695 2082
695 2233
695 272
695 1669
695 545
695 1096
2143 1458
1545 901
1545 273
836 1316
836 2192
836 1111
836 609
836 53
836 1874
836 1009
836 43
836 2234
836 1290
836 2235
3490 207
1442 727
1442 285
1442 330
5 1215
5 540
549 68
549 1094
549 41
549 352
549 278
549 1195
549 815
863 43
863 9
863 870
380 1702
380 658
380 2236
998 2237
2505 82
1976 780
2415 2238
1971 2239
1971 817
1971 2240
3491 755
1256 66
1256 802
3492 1665
3493 2241
250 43
2447 1010
1851 53
1851 1669
1427 485
3494 368
3494 996
2087 2242
2087 129
89 1637
89 1408
2203 2243
409 2244
409 157
2263 1112
875 506
875 43
3495 2245
2684 1900
2684 122
211 2246
211 1744
211 1305
3496 1006
3496 2247
3496 2248
3497 1505
2491 7
2491 1924
1169 762
1169 2249
3498 1513
3499 2250
3500 1742
3500 2251
3501 2252
3502 2253
3502 1646
3502 1699
3502 1303
3503 33
811 1675
811 282
3504 2254
2282 25
3505 316
3506 524
628 658
628 2255
628 1111
628 2256
628 122
628 1728
628 1901
628 397
628 2257
628 136
628 2258
628 513
628 2196
628 696
628 32
628 58
628 2259
628 2260
628 65
628 2261
2044 2262
2044 2080
2044 2263
579 2264
579 367
579 418
3507 2265
2266 2266
2266 136
91 1153
91 2267
713 2268
713 865
752 33
752 325
752 286
3508 1140
2286 604
1888 676
1450 799
1232 2269
3509 2270
3510 1105
2322 639
2322 2271
3511 2272
3512 2273
1722 118
577 108
577 367
2516 62
2516 2043
2516 616
3513 932
3514 1003
3515 2080
1118 2274
1118 1335
1118 1935
1118 2275
1118 2048
3516 1046
3516 2276
1257 2220
2204 2277
1895 153
1895 1408
1494 2269
1494 389
1494 1445
1494 2278
1494 2279
1494 422
3517 2280
1961 1942
1961 1292
2330 2185
3518 1026
645 643
645 959
3519 497
1868 1869
3520 2281
737 496
737 10
3521 136
3522 497
3523 557
2250 2282
2250 1461
164 2283
761 1190
761 2284
761 1
761 1613
3524 235
3524 2285
3524 2286
2239 2287
2239 2288
2239 2289
3525 1292
3525 833
3525 136
480 912
480 479
480 2290
3526 879
2377 1748
2377 2291
3527 831
3528 43
1134 417
1134 165
1134 2292
1134 139
3529 2293
3530 428
1866 280
3531 394
3532 1078
595 666
595 667
595 1408
1899 485
251 2142
251 82
251 79
251 2294
251 53
251 1804
251 59
251 43
251 2295
251 2296
251 2297
57 1924
57 1925
1161 1017
3533 2298
2609 2299
2609 398
2697 2300
1928 1911
3534 390
237 221
237 957
237 580
3535 529
1125 2088
1125 2179
1125 786
1125 1113
1125 1472
1546 2301
1546 42
1546 43
3536 2302
2424 466
73 1429
1075 2303
1075 2304
1075 2305
606 827
3537 494
553 431
1610 136
1632 1712
1632 2306
1632 1039
2350 214
3538 71
2198 753
3539 2307
2366 446
2366 221
2366 603
2366 60
2366 2308
2555 71
1419 1761
1419 149
1419 1516
1419 136
1419 573
1419 419
1419 855
1419 602
1419 452
2356 1680
3540 8
1011 2309
1025 104
1025 2310
3541 2311
3542 148
320 2312
320 2313
320 1781
918 2314
918 739
918 1683
918 2315
918 759
3543 1689
1754 2316
1754 263
1754 31
1754 1742
1754 578
1754 608
608 2317
608 2318
608 1126
608 748
3544 60
1100 101
3545 2319
2064 1992
3546 390
3546 2011
3546 23
778 1788
778 880
778 1018
3547 2320
1650 468
3548 580
2583 148
589 1121
3549 2321
3549 895
3549 954
152 163
639 2322
3550 1257
1444 285
546 47
1749 2323
1749 100
2346 812
3551 132
2324 2324
2246 211
1788 778
1788 2325
2637 1793
2637 2277
1126 305
3552 2317
1886 2326
1886 60
3553 993
1510 1889
1510 1733
3554 71
2388 2327
1374 21
2489 2007
297 2328
2185 2329
2185 1747
2185 102
2185 2330
2185 497
2185 1349
2185 2331
3555 783
1903 2332
1479 155
102 275
102 2333
102 20
102 205
102 457
102 676
102 987
102 1085
102 402
102 165
102 487
102 596
102 129
102 1433
102 1255
102 2334
102 2185
2474 100
3556 931
1245 82
2335 2335
3557 1334
154 658
154 2336
2477 1702
3558 2337
1860 53
3559 1115
779 781
779 880
779 2338
3560 842
3561 1801
1506 2339
216 217
3562 2340
3563 56
1682 2341
1896 561
3564 1455
1508 523
1508 2342
766 82
766 690
766 2343
766 2344
766 15
766 2111
766 2345
552 1329
605 1056
970 264
3565 1291
812 2033
812 122
812 61
812 2346
812 272
812 1255
601 1682
601 1355
601 43
3566 336
2211 2347
1856 53
2254 524
238 43
3567 60
3568 1113
3568 2132
3568 85
3569 2348
3570 2270
3571 2349
3571 2350
1567 2351
3572 1352
2119 513
258 136
258 977
258 603
258 2352
258 2353
258 2354
258 38
2070 2074
3573 2307
1109 2186
1109 49
1109 475
693 66
3574 933
1680 2025
1680 1200
1680 2355
1680 2356
1680 1024
1680 1080
3575 654
997 587
45 794
417 330
417 334
417 136
417 1134
417 753
417 379
417 306
417 130
417 92
1855 53
3576 1049
1206 1605
1206 1206
3577 2357
2026 2043
2316 1251
3578 494
3578 397
2171 2358
3579 2359
3580 245
2649 157
3581 272
275 2033
275 402
275 1788
275 2360
275 13
275 1252
275 1930
275 1431
275 2361
275 122
275 299
275 1197
275 2362
275 1615
275 1316
275 2363
275 712
275 2004
275 276
275 1032
275 139
2567 2364
3582 2365
3582 95
1252 45
1252 804
1252 1619
1252 881
3583 2366
3583 2367
3583 2368
3584 2369
847 494
847 332
895 89
895 2049
895 2370
895 1263
3585 956
1492 1136
444 497
3586 299
284 533
284 954
284 74
284 2371
2582 48
2582 1040
2582 2372
3587 122
3588 529
3589 181
385 680
385 306
385 1525
385 753
1451 383
3590 2373
1439 17
3591 139
3591 932
3592 2374
1848 1747
3593 1010
1015 901
1015 306
2019 2375
2291 2376
2291 2377
2291 1986
3594 1372
3595 1218
1606 136
161 2089
161 644
161 654
161 699
161 1398
161 304
2049 419
2115 402
3596 2378
3597 259
3598 390
2367 2379
516 406
1194 1208
1194 2380
991 735
2541 205
2541 1629
2541 1868
3599 142
3600 2381
2479 21
2479 77
2479 129
2479 2382
1409 365
3601 2383
3602 525
3603 2384
3604 2163
3605 82
1873 413
3606 525
2376 562
823 1363
823 690
823 132
620 2385
620 1150
620 1148
620 33
620 529
3607 2386
3608 317
3609 245
604 928
604 2043
604 658
3610 142
3611 199
3612 1187
3613 1365
3614 139
2167 1885
2535 2387
3615 1409
2327 2388
3616 690
2719 511
2035 765
1636 2389
1636 139
1636 2153
37 122
470 520
470 1584
255 2390
3617 2391
1599 308
1599 831
1599 2392
3618 1443
3618 30
3618 1929
312 311
1748 143
1748 2377
1748 264
1048 56
1048 2393
1048 1406
2613 353
2261 628
3619 2394
3620 259
891 994
891 2035
891 321
1369 151
3621 1150
3622 77
25 218
56 743
56 2395
3623 2396
3624 491
3625 294
1190 2397
1190 924
1720 194
2469 125
3626 2398
652 2399
2400 2400
2400 2401
2400 1418
983 949
983 2402
983 2403
3627 60
414 524
1314 599
341 809
341 819
341 865
232 542
232 2404
232 120
1967 728
1967 334
1967 578
433 54
433 1012
433 1425
433 2405
433 557
2037 2406
688 2407
688 716
688 82
688 1607
688 2408
688 43
688 1159
688 2409
688 205
688 38
2200 2088
1220 2410
1220 226
1220 2077
3628 306
3629 2411
1805 643
1660 616
974 1466
974 954
1565 841
176 494
176 155
176 104
176 2412
176 1395
176 1123
176 43
176 1030
3630 1152
42 273
42 136
42 1691
42 2413
42 1824
42 171
42 73
42 628
103 2414
103 548
103 2415
2222 43
3631 221
2503 419
2503 1020
1518 20
2428 2416
817 511
817 180
817 855
817 96
817 675
817 282
817 1971
1538 2417
1538 1788
1765 2418
1765 2419
1765 120
1765 1457
1765 1306
1765 2420
1927 2421
170 2422
170 82
170 1682
170 79
170 43
170 2423
170 481
3632 278
3633 2424
3634 1037
3634 2425
3635 93
1685 265
1685 144
1685 1280
562 2067
562 136
562 205
562 1150
562 2376
562 157
3636 2426
2433 486
181 180
2002 954
2460 2427
1746 954
2416 2428
2354 258
3637 2089
3638 2429
1656 294
1656 1329
3639 2430
3640 85
3641 1431
2355 2431
2355 2177
614 2432
614 2433
614 2434
614 2435
3642 218
3642 2147
3642 1903
3642 1765
3642 2250
856 2016
397 2436
397 2437
397 638
397 2438
397 719
397 2439
397 2440
397 140
1253 1013
3643 604
3644 747
3644 2441
3645 1318
3646 221
1476 1910
3647 2442
3647 2443
1422 2444
1422 2196
860 2445
860 1130
860 2354
860 836
860 43
3648 210
3648 609
1010 2446
1010 98
1010 2316
1010 2447
1010 2448
834 2449
3649 2080
3650 1910
1044 2450
1044 589
1044 405
3651 1910
1006 1827
1326 2451
1326 2452
1326 1944
1326 2453
1326 2454
1326 407
1326 302
1678 2153
2288 2239
2288 2376
900 748
3652 2455
3653 763
772 165
772 23
3654 342
3655 578
1853 53
592 1046
1080 1457
3656 50
781 779
3657 1910
1468 1694
1468 2456
3658 902
584 1184
3659 1292
3660 1010
3660 390
3661 2457
1181 2408
1181 2458
1181 2459
1905 863
1724 118
2427 2011
2427 2460
2427 428
452 1419
452 494
452 2461
452 447
452 2462
452 514
452 1935
452 602
452 1516
1919 229
1919 2463
3662 562
3663 47
374 2464
374 49
374 2465
374 547
3664 142
1916 2466
1916 2467
3665 668
140 881
140 1613
140 397
3666 1474
1197 1407
1197 2146
1197 352
1197 163
1197 1592
393 98
393 495
393 2290
3667 2468
125 441
125 1014
125 82
125 2469
125 500
228 31
228 2470
228 2471
228 2011
710 2088
100 494
100 2472
100 2473
100 113
100 2474
100 1749
100 2475
100 195
100 940
3668 433
1157 735
3669 2406
2549 1824
3670 1376
3671 571
3672 1510
2240 295
1702 2476
1702 472
1702 2477
1702 2318
1702 608
1702 98
3673 2464
3673 2478
2382 1057
2382 2479
2382 43
269 2480
304 161
304 44
304 658
304 2481
2538 205
2538 196
2538 2260
2538 2482
1486 748
1486 2483
1486 2484
3674 399
3675 473
1536 711
3676 1076
3677 2102
1291 2098
3678 860
3679 799
3680 931
3681 600
876 1296
876 2412
876 1864
3682 1976
3683 171
51 547
1876 413
828 2485
2461 2318
2461 494
2461 367
3684 311
122 494
122 43
122 136
122 82
122 1150
122 123
122 44
122 1155
122 2486
122 1812
122 1245
122 822
122 2469
122 122
122 53
122 107
122 1731
122 2487
122 586
122 825
122 131
122 38
1627 2322
1627 40
1627 2488
1426 1752
479 480
2007 2489
2606 2490
2606 75
1924 578
1924 2028
1924 2491
1924 57
1147 127
1179 2492
1179 2493
751 11
751 50
751 2494
751 1912
689 292
1828 2193
1828 2495
1828 186
837 734
498 2496
498 441
3685 1828
3686 2497
1674 1466
1674 1578
1160 933
1160 762
3687 183
3687 1470
2644 2498
2644 1409
2644 2499
2644 1108
2644 428
3688 2500
85 13
85 82
85 53
85 235
85 2501
85 709
85 342
85 1616
85 2502
85 306
85 43
85 739
85 929
85 631
1214 643
1214 4
1214 34
1214 370
1401 1352
1401 332
1847 53
1847 478
1020 104
1020 2503
1020 1032
1020 2197
1020 43
82 413
82 1763
82 688
82 1452
82 2504
82 1901
82 1702
82 43
82 2505
82 85
82 251
82 372
82 13
82 511
82 437
82 531
82 477
82 2506
82 2507
82 2508
82 2509
82 1493
82 928
82 583
82 783
82 2153
82 2510
82 404
82 2511
82 732
82 264
82 450
82 1245
82 2512
82 2342
82 848
82 1646
82 2513
82 139
82 885
82 2514
82 122
82 53
82 704
82 671
82 2515
82 132
82 1607
82 125
82 656
82 480
82 766
82 1703
82 341
803 2516
437 2067
437 13
437 122
437 82
437 53
437 1942
437 129
437 1857
437 1389
2507 82
3689 993
1826 1026
3690 1458
1290 836
3691 113
3691 60
3692 1889
3692 2116
3692 1485
3693 2517
980 2518
980 2472
980 1507
337 2519
337 2520
3694 2478
1771 375
3695 639
1592 139
1592 151
912 2426
3696 550
3696 1735
3697 2521
1111 836
3698 30
23 2522
2272 682
2272 2523
2272 2285
2272 2524
1912 751
301 2525
301 890
301 132
2280 113
3699 1416
3700 2143
1978 2526
3701 111
129 494
129 437
129 1648
129 102
129 2527
129 820
129 222
129 837
129 2087
3702 861
739 53
739 1732
739 2528
739 120
1834 1155
3703 2378
1110 995
3704 416
2529 2529
2529 63
3705 512
1764 218
1764 2530
1764 2531
1386 288
1386 634
758 61
758 320
758 2532
3706 1013
3707 2014
3708 132
3709 2080
661 188
661 2533
2113 2406
2113 2534
2113 354
3710 2535
3710 352
2451 1326
3711 578
205 2536
205 688
205 43
205 1979
205 2537
205 2538
205 375
205 505
205 2539
205 1780
205 1291
205 157
205 866
205 1218
205 716
205 2540
205 524
205 2541
205 1769
205 34
205 445
205 2052
205 102
205 92
205 628
205 245
3712 2542
1305 370
1305 1311
679 1408
3713 353
3714 1099
2036 2543
3715 2544
2658 259
857 2545
959 113
959 645
959 82
1962 1209
3716 1633
908 2498
908 76
3717 1656
3718 805
1360 1563
1940 1095
934 1941
934 2490
632 1150
1875 413
3719 1155
727 139
727 1457
727 13
727 122
727 49
727 136
727 578
727 2546
727 2547
727 2548
1824 2549
1824 2550
1824 1797
3720 1454
2672 2551
2672 1399
2672 948
2487 122
3721 2
426 139
1935 2274
3722 695
3723 189
3724 1213
1310 1291
3725 1632
3726 2149
499 2552
499 1331
3727 566
3728 753
637 2553
1429 2554
1429 365
1429 1983
1429 2555
1429 2556
1429 73
1429 2050
1429 2557
2165 231
3729 1779
283 34
283 1615
283 2558
2602 73
3730 2098
2360 275
3731 60
3732 2064
1523 1365
1523 387
1145 1516
1717 40
1717 527
624 30
1952 171
1952 1039
818 1861
3733 433
3734 912
3735 433
2369 1618
1874 1874
1874 413
1874 836
1995 695
3736 2559
3737 14
2688 2560
3738 1365
3739 2561
3739 304
1534 2562
1441 1127
1441 489
1441 1964
3740 1464
1237 1505
2006 954
1101 1661
1809 2563
1836 98
169 2423
3741 364
36 171
36 1993
36 2101
1202 124
1202 171
2476 608
3742 199
1527 895
3743 658
2615 649
110 2564
1424 2180
1424 398
1424 880
1424 2565
1424 186
1013 1535
1013 2566
1013 1254
388 92
388 536
388 273
388 189
3744 229
814 543
814 132
2364 2567
1018 2568
2550 1824
3745 79
3746 1941
3747 390
2576 2569
3748 2394
396 1263
3749 94
3750 60
753 53
753 5
753 2198
1274 721
2268 2570
1572 259
2315 258
2315 660
3751 1539
3751 186
1827 1006
3752 2571
3753 199
3754 2572
3755 1108
3755 60
1107 2573
1107 1323
1107 1399
1107 1441
2284 2574
1677 1329
3756 355
1790 2575
3757 290
502 1694
1810 2576
1810 2577
3758 2578
3759 608
3760 1755
3761 1284
1056 605
1103 122
704 1272
704 2579
704 2580
704 82
704 53
704 833
704 2581
704 43
704 1398
704 1139
1040 346
1040 2582
3762 677
3763 1518
3764 82
3765 113
3766 2583
2197 878
2197 2584
3767 2585
3768 1697
832 833
897 708
897 561
897 843
897 1108
897 1896
897 2586
603 2366
603 2587
3769 82
3770 2588
2693 2192
2233 695
2017 1017
3771 1611
509 2589
509 776
509 524
509 1530
999 2590
999 334
999 2374
2032 602
2235 1756
115 1864
115 1443
115 1112
115 2591
115 2592
115 2593
1436 235
1436 954
1950 171
1815 1057
3772 2594
3772 799
3773 142
3773 2011
1963 259
123 1316
123 122
123 562
123 53
123 68
123 220
123 500
123 761
123 1520
123 2595
3774 2596
3775 199
1688 1049
403 1026
403 600
403 2162
403 1691
403 65
403 2597
403 262
338 1264
338 149
338 602
3776 37
1751 1021
2320 2598
159 699
2108 1533
844 1899
844 2599
844 888
844 2600
844 2601
2452 1326
3777 1301
771 636
2277 783
3778 572
3779 2602
77 53
77 1351
77 987
3780 1162
682 2524
4 488
4 1214
2098 1291
2098 1646
3781 101
2139 864
363 1454
363 1798
1296 1505
1296 876
1667 59
2337 1238
2337 600
79 136
79 202
79 580
79 485
79 171
79 939
79 2603
79 2604
79 1400
79 406
79 1295
79 6
29 1683
29 1457
29 8
29 1980
29 2177
29 30
29 29
29 1380
29 223
29 233
29 612
29 1852
29 2515
29 1080
1862 53
2129 400
84 318
84 954
1238 614
1238 2605
1238 2337
75 14
75 2606
1960 2607
571 1108
1871 529
2137 1316
2137 628
3782 776
1568 85
653 1030
3783 1381
611 643
611 1509
611 122
849 2608
3784 294
1710 364
1604 2391
1773 375
3785 2348
3786 2220
2299 2609
2059 1514
467 2481
2509 82
3787 496
166 299
166 71
166 212
3788 597
3788 43
2005 2516
2005 954
3789 2610
70 14
70 2611
70 2612
3790 1550
3791 2613
2296 251
2532 758
3792 14
3792 1127
3793 61
3794 532
3794 151
3795 357
3796 664
794 2614
649 644
649 2615
1333 1793
1333 1333
1333 1098
2421 1980
3797 261
1112 505
1112 2616
3798 2617
3799 2618
3799 1047
1316 772
1316 2619
1316 37
1316 53
1316 655
1316 123
1316 299
1316 1134
1316 15
1316 419
1316 2322
1316 661
1316 2137
3800 123
2311 1399
924 2089
924 2620
924 248
924 1900
924 2621
924 2140
3801 263
3802 1311
3802 262
64 2622
512 1099
512 2441
3803 2623
3804 602
3805 2624
272 695
272 1930
272 114
272 1330
272 541
272 76
272 447
1602 136
1322 2306
1322 2625
3806 53
3806 1910
3807 785
2297 251
134 1779
134 400
134 1780
134 194
134 113
2066 2626
3808 2627
3809 66
202 53
202 205
202 2628
202 2629
202 402
202 2630
202 655
202 886
1021 104
1021 513
1021 1751
1021 1464
3810 2011
3811 884
430 2631
801 1437
3812 1248
207 207
207 2632
2100 1792
1164 762
3813 2633
3814 676
1750 267
3815 25
3816 368
2660 259
2660 1513
965 145
3817 987
1012 1180
3818 558
3819 1370
2186 1109
72 500
1670 66
1670 44
3820 1788
172 2320
3821 565
2181 2634
1989 139
2379 1115
256 1399
256 265
256 1125
1355 853
1355 601
3822 26
3822 2635
1069 1077
213 1912
213 728
213 549
213 1445
3823 30
2232 695
3824 2636
1793 1333
1793 2637
1793 1712
690 766
690 2220
1235 82
6 79
6 2638
6 1292
6 1761
6 127
1690 13
1690 60
266 1979
2042 2089
2042 106
2042 684
2042 2639
2042 2601
1307 347
2395 56
892 405
892 136
892 2140
3825 2640
3825 2641
3826 419
2053 2642
2053 2162
2053 688
2571 2643
2648 157
1707 373
3827 320
2499 2644
1146 1096
1146 64
1146 278
2051 1941
2051 2645
3828 1877
591 1002
157 1187
157 2646
157 409
157 1472
157 562
157 205
157 2647
157 2648
157 2649
2179 635
2179 769
3829 53
1073 820
67 107
3830 602
3831 20
2050 1171
3832 253
2244 409
1974 2650
2278 464
3833 1998
3834 2651
3834 1766
3835 1466
1143 2652
1143 278
1143 78
707 1098
707 2653
707 2654
707 561
707 2655
707 1127
707 974
707 468
3836 212
3837 1
2438 397
1732 830
1732 2656
1732 279
1732 1123
1732 2256
1732 1312
2111 2657
2111 842
259 796
259 812
259 285
259 709
259 862
259 43
259 1398
259 913
259 2025
259 1378
259 673
259 1513
259 2658
259 2659
259 2660
259 205
259 665
259 2661
259 98
259 122
259 2662
259 113
259 1869
259 2663
259 852
259 582
2528 145
920 245
920 759
920 1380
30 54
30 2321
30 136
30 2116
30 537
30 993
30 1740
30 456
3838 406
62 2516
62 658
62 59
62 2272
2142 251
2142 82
1772 375
1772 76
1311 299
1311 1305
1311 2251
1311 2664
3839 1630
3840 63
3841 322
1268 799
1268 341
1268 353
1250 1622
1250 2665
1017 104
1017 762
1504 767
2601 2042
3842 1604
3843 1236
1430 2666
3844 2667
3845 2668
3846 756
3847 333
3848 76
1454 363
1454 895
1454 1754
3849 569
2392 1599
2392 42
2392 2669
2301 1546
2301 136
3850 1128
835 1757
3851 2147
525 2670
1399 2671
1399 2672
1399 1107
3852 582
3852 566
419 1316
419 2673
419 53
419 497
419 2503
419 58
419 419
1882 2674
3853 2004
3854 506
3855 2675
986 485
3856 1333
3857 1285
3858 53
3859 2676
3860 300
3861 573
3862 1670
722 866
101 53
101 600
2094 2677
2094 2678
2094 2539
2094 342
2094 379
2094 958
2094 890
471 1584
877 98
809 658
809 841
3863 794
1499 53
1499 995
2150 2342
1249 7
2482 2538
3864 2679
407 2067
407 493
407 53
407 644
407 2680
407 19
407 2681
407 1231
1375 21
3865 2682
2079 451
731 769
731 413
731 1213
731 1952
1099 390
1395 1026
709 2552
709 155
1663 2431
869 43
3866 2063
3867 2683
1900 485
1900 2684
1900 38
347 2132
347 1763
347 799
347 104
347 2685
347 2686
347 513
347 2687
347 1307
347 2623
3868 283
2560 2688
3869 275
1634 2689
191 1327
191 122
563 1793
845 2690
3870 2691
3871 2692
3872 61
2192 551
2192 2693
233 29
617 617
617 2694
3873 1409
2013 2695
1709 299
1709 2696
1709 245
3874 580
1782 2697
1782 2698
3875 2699
3876 1805
925 387
3877 2651
3878 748
2605 1238
3879 1334
1533 2108
3880 740
2554 362
3881 26
1684 939
373 122
373 562
373 1215
373 1707
373 116
373 612
373 1899
373 1306
3882 302
1593 2700
1593 2153
1593 2701
1593 2702
1593 186
1593 2703
1593 294
1593 2427
1593 2704
1593 2705
3883 912
2308 2366
2077 513
2093 928
768 476
768 2706
768 2707
3884 2708
3885 2709
776 2384
2145 1458
1330 221
1330 272
1543 1113
438 2710
1331 234
1331 2711
1331 499
1530 279
1530 1409
1530 2712
1530 2713
1530 1601
3886 582
3886 1408
514 452
514 406
514 1202
514 1560
3887 113
3888 2714
3889 1347
2504 79
2504 149
394 1026
394 2068
394 79
394 704
394 524
394 644
394 53
394 2715
394 2204
993 735
993 1811
612 1047
612 1041
3890 465
3890 826
492 2121
492 1441
492 245
3891 1197
1060 2024
2009 53
2009 2716
2009 2717
2009 2718
1588 179
511 1564
511 82
511 2719
511 817
511 50
511 2720
511 1703
3892 2721
3893 1530
1744 852
1032 1284
1032 726
1032 1509
1032 114
1032 2722
2680 407
518 234
1351 2723
86 2724
254 2361
922 739
984 2725
3894 139
1459 796
609 53
609 1857
609 836
609 1041
3895 10
404 513
404 82
478 909
478 1847
478 2726
2199 659
475 1109
52 840
52 149
52 43
227 2727
664 1400
641 571
3896 779
1988 1512
1988 1592
1153 542
1153 91
1153 2728
1153 2729
2730 2730
1455 2648
1455 253
842 2111
2473 100
843 897
843 1781
843 666
843 1666
843 1328
843 2586
2251 1311
3897 2731
3898 2732
