438 0
244 1
244 2
244 3
424 4
424 5
424 6
2480 7
1079 8
488 9
2404 10
2316 11
2316 12
2158 13
2481 14
1443 15
1396 16
1396 17
542 18
542 19
542 20
1444 21
2088 22
2482 23
2428 24
2428 25
2428 26
2428 27
2428 28
2428 29
2483 30
2483 31
2483 32
2483 33
2084 34
2084 35
2084 36
2084 37
2484 38
1875 39
2102 40
2102 41
2102 42
2102 43
1121 44
981 45
981 46
2162 47
2485 48
2485 49
2485 50
2486 51
1065 52
479 53
2487 54
1721 55
1721 56
2027 57
2488 58
2489 59
2489 60
2489 61
1391 62
1541 8
524 63
524 64
524 65
524 66
524 23
524 67
524 68
524 69
524 70
524 71
524 72
889 73
889 74
889 75
2490 76
2490 77
2490 78
1440 79
2222 80
2222 81
133 82
133 83
133 84
133 85
2150 86
838 87
838 88
1596 89
357 90
357 91
2491 92
2492 93
59 94
2493 95
2021 96
546 97
546 79
546 98
546 99
546 83
546 100
546 101
2494 102
691 103
1184 104
2495 105
167 106
167 107
167 99
167 108
167 109
167 8
167 110
167 111
167 112
167 113
1783 114
1783 115
1783 116
1783 117
151 118
151 119
151 120
1890 121
2496 122
2497 123
395 124
395 125
395 126
395 83
395 109
395 127
395 128
395 129
395 130
395 131
395 132
395 133
2339 134
2339 135
2339 136
2498 137
2498 138
2498 139
585 140
1355 141
2499 142
2499 143
118 144
118 145
118 146
118 147
118 148
118 149
118 150
118 151
118 152
1701 153
1094 154
1094 155
1094 156
1108 157
1108 158
1108 159
1108 160
1108 161
921 162
921 163
921 164
921 165
921 166
921 167
1203 168
1203 169
1203 170
21 99
21 171
21 172
21 173
21 174
21 175
21 176
21 177
718 178
550 179
550 180
550 181
550 182
566 183
566 184
533 185
533 186
533 187
2192 188
2500 189
1308 190
1308 191
1308 192
1456 117
160 190
160 193
160 194
2501 195
2501 196
363 39
363 98
363 197
363 198
363 33
363 92
363 199
363 69
363 200
363 201
363 103
363 202
363 203
363 204
363 205
363 206
757 207
1470 208
640 209
640 210
640 211
482 212
1006 39
1006 98
1006 213
1006 121
1006 67
1006 214
1006 215
1006 216
2198 217
820 218
2502 219
2503 220
2504 221
681 222
2505 43
606 223
606 224
1545 8
2506 225
2507 226
1765 227
2508 228
1967 229
1967 230
2509 231
2510 232
1878 233
1878 24
1878 234
2511 235
1321 118
1321 231
1321 80
1321 236
1321 192
1321 237
1321 238
1321 239
1321 7
1321 240
2108 241
2356 242
2356 243
1102 227
1287 244
1287 175
1287 245
1287 246
25 247
1365 248
873 249
873 250
2512 251
2513 227
2514 252
1469 253
2515 254
2515 170
434 255
434 256
434 257
552 258
552 227
552 259
552 260
2516 261
708 262
708 263
2517 264
177 265
177 112
2128 266
2128 267
2128 268
2518 269
1658 270
730 271
730 272
730 256
2519 273
1763 274
1763 275
2520 276
2521 277
1035 128
519 278
519 279
519 280
519 281
519 282
519 283
519 17
519 284
902 83
400 285
400 223
2522 286
833 287
833 90
833 288
833 289
833 216
291 290
291 291
886 11
886 292
886 293
2523 294
1447 223
1447 295
1447 79
1447 296
1900 245
1900 297
1732 279
1732 298
1732 299
701 23
701 300
2524 276
772 301
772 6
2525 302
905 83
905 303
2413 304
1109 305
1450 277
1450 306
1450 307
112 274
112 308
112 177
112 202
112 112
1749 309
1749 310
1749 311
664 312
664 59
664 313
664 314
664 315
2526 316
2527 317
2184 318
2184 319
2528 192
2005 320
1676 321
1676 322
1610 323
1610 324
2463 325
2463 326
2529 327
2097 328
2097 329
1616 171
1616 192
1616 330
2530 215
2531 331
2059 332
2059 333
2324 67
2532 334
1825 335
1825 336
1568 337
1568 338
2533 339
841 340
2534 341
2535 342
2536 172
345 343
345 344
345 79
345 345
1255 285
2537 346
827 347
2538 348
763 349
763 6
2539 204
2540 350
2224 351
2224 352
2224 353
2338 354
2541 231
2542 355
2303 356
2543 357
1673 358
1673 359
1673 360
1673 361
2159 362
703 23
703 363
548 364
548 365
548 79
1139 366
1139 367
277 368
277 369
277 370
277 371
277 372
688 373
2544 374
545 68
545 375
545 376
1379 377
1379 99
1379 378
1379 33
1379 379
1379 380
1379 21
1153 381
1153 382
1153 295
1773 383
2275 384
2275 385
2275 386
349 387
840 388
2545 389
220 124
220 390
1871 391
1871 392
1871 393
2546 394
125 395
125 362
125 220
966 396
966 397
2547 398
2457 399
2548 400
932 401
932 343
2432 402
2549 307
2550 403
2124 404
2124 405
2124 406
2124 407
1030 126
1030 408
1030 409
1735 410
1735 411
843 412
2146 413
2146 414
2165 6
1806 415
1806 416
2271 36
1017 417
2551 418
919 419
1894 420
2552 421
2552 422
5 423
5 424
190 425
190 426
190 427
190 428
190 429
190 322
190 430
190 431
2553 432
2553 433
256 434
256 435
256 436
256 212
256 437
256 438
256 214
256 202
256 439
256 262
256 440
256 441
256 442
256 443
256 444
256 445
256 284
256 370
256 167
256 446
256 447
256 271
256 448
256 449
256 450
256 451
256 107
256 452
256 453
256 454
256 455
256 456
1404 16
1404 193
1404 457
1404 7
853 458
853 459
853 460
2057 461
2057 189
462 462
1929 463
1276 464
1276 465
2554 317
2554 466
2555 3
554 467
554 468
1029 325
2079 469
2034 470
2556 471
136 472
2557 473
2174 474
2174 348
2174 475
2004 476
2004 477
2558 478
2007 479
2559 480
284 256
284 481
284 482
661 172
1335 483
1335 484
1335 485
1335 486
1335 487
2305 202
2305 488
2305 305
2305 489
2560 490
1274 152
1274 491
1274 492
2266 493
2266 494
762 495
762 496
288 497
288 498
288 116
288 499
288 79
288 500
288 501
288 502
288 503
288 504
288 505
288 506
288 507
288 214
288 215
288 508
288 343
288 509
288 181
288 510
2561 295
1256 511
2562 61
1498 512
1498 513
1498 514
2175 515
2175 362
2175 516
2563 517
1957 518
1754 426
2407 473
2407 519
2564 520
1344 521
1344 522
1344 79
1344 98
1344 523
1344 524
1344 332
1344 525
1344 526
1344 99
1344 527
1344 528
1344 529
1344 175
1344 530
1344 335
1344 531
1344 532
187 533
2565 192
888 534
888 535
888 214
888 536
2425 537
2566 538
2567 39
2567 500
1824 539
1824 540
1824 541
1824 542
421 258
421 543
2285 544
68 545
100 546
2568 547
2569 185
365 548
365 549
179 550
1571 551
2570 552
1692 134
1692 24
1692 553
467 554
1334 555
1334 75
751 556
751 541
2571 557
2203 212
1742 558
2572 116
2573 559
596 560
2574 11
1747 561
959 562
993 563
242 90
242 227
242 78
242 243
2575 564
891 565
891 566
891 178
891 183
891 567
2576 568
2576 569
1042 570
359 571
2322 572
174 21
174 573
2123 574
355 575
1844 247
1096 576
2577 6
1197 140
1197 423
1197 457
1197 577
1197 578
940 579
42 140
42 580
2018 581
2578 582
2579 583
2579 77
2579 33
2579 584
1650 1
1650 585
1650 586
1650 253
2580 269
1059 587
1059 27
1162 588
2101 589
2101 590
2101 591
2101 592
2581 267
1687 593
1370 8
1370 594
122 595
560 596
560 597
560 32
560 598
2582 599
2583 600
2421 601
457 8
457 602
457 61
869 208
2312 603
2312 604
478 362
1 605
1 123
1 606
1 607
1 223
1 608
822 609
822 218
620 610
620 611
620 612
620 613
620 614
620 615
620 616
620 617
620 618
620 619
611 620
2269 621
1155 67
2584 99
2585 71
2585 622
1968 361
2586 623
211 6
650 624
650 625
650 256
650 626
650 627
650 628
1089 629
1089 630
1089 631
1089 99
1089 632
1089 633
1089 634
1089 635
1089 636
1089 297
1294 435
1533 637
2587 316
684 333
872 104
872 378
872 53
872 638
2588 351
210 639
210 640
1041 549
1041 641
1041 477
1665 53
1921 642
2589 643
1512 171
1512 644
2590 645
725 90
725 474
725 189
725 646
2591 647
41 380
41 648
1728 649
2592 279
2593 650
669 609
1432 128
1432 474
1432 651
1432 652
1432 355
2472 653
2472 654
2594 655
2595 656
2596 78
2112 332
2597 657
1018 497
1182 418
1182 658
1182 659
172 21
172 660
172 297
172 661
172 466
1171 514
1842 247
2598 662
1838 663
1838 552
313 664
609 665
609 666
609 667
609 668
609 669
609 670
1164 588
2453 671
2453 672
2161 673
2599 255
2600 35
2601 204
2602 674
2313 675
2603 444
1049 676
1049 202
1049 204
2604 677
1840 678
1840 247
2605 679
2606 680
2607 272
2608 43
222 681
222 682
222 659
2609 683
2610 65
294 607
2611 684
2612 685
0 438
0 686
2613 231
1907 687
1188 123
1774 366
1774 688
1774 376
2614 689
2615 690
2616 366
2617 691
2618 219
968 692
968 492
2017 693
2619 192
1209 694
2620 695
2620 403
1099 696
2621 697
306 504
306 362
306 698
306 53
306 224
2286 696
1528 77
1528 699
1528 242
1528 111
23 700
23 656
23 701
23 57
23 702
23 703
23 704
23 288
55 705
2622 320
2623 366
2623 706
2624 231
2624 707
1638 366
1638 708
1638 130
1638 709
3 710
3 711
3 288
3 362
3 701
1352 712
1352 555
1352 713
1352 524
1352 579
1352 714
246 715
246 236
246 716
1965 361
1024 717
1024 718
1024 225
610 620
610 615
1614 719
1956 720
2625 721
657 13
657 722
657 631
771 231
771 723
771 116
771 336
771 724
771 6
771 300
771 450
2626 725
790 726
430 190
430 161
802 231
802 279
802 727
802 728
802 134
802 729
2627 102
2627 730
2627 280
2627 79
2627 181
2627 731
2627 732
2259 733
278 734
278 519
2628 273
1492 464
1492 735
1492 400
1492 736
1492 737
1492 738
556 739
556 740
556 741
556 631
556 742
556 743
556 744
556 745
556 746
556 747
556 748
556 749
556 750
556 130
556 751
556 752
556 280
2298 631
964 753
964 754
6 4
6 330
6 90
6 225
6 349
6 755
6 128
6 756
6 204
6 757
6 202
6 758
6 759
6 280
6 760
6 219
6 174
6 761
6 762
6 276
6 440
6 107
6 763
6 211
6 48
6 764
6 765
6 766
6 767
6 768
6 769
6 99
6 108
6 770
6 771
6 772
6 773
6 774
6 775
1972 776
2629 777
1220 778
1250 779
1250 780
2630 781
623 782
2631 102
2631 783
2631 189
262 653
262 8
262 784
262 742
262 53
2221 57
1546 8
1546 98
50 785
50 786
1315 787
1910 265
2014 197
2014 788
2014 789
2632 424
2632 790
2632 791
1399 16
1693 256
1693 792
1693 793
1744 558
1183 794
1183 795
1183 796
2427 797
2427 798
2427 775
2427 27
2427 799
728 800
728 801
728 572
728 802
1260 803
1260 804
2633 588
2634 692
181 204
181 128
181 805
181 806
1170 513
2635 642
1873 807
1873 147
1873 808
1873 557
1873 809
1873 810
2636 34
2636 811
2044 83
2044 579
2044 812
2243 813
2637 351
218 814
218 811
218 815
218 816
218 817
218 818
218 819
218 820
218 821
218 822
218 823
218 824
2638 825
1040 107
2194 826
1805 709
1540 827
1888 579
1888 828
1888 829
90 822
90 116
90 311
90 79
90 830
90 20
90 831
90 832
90 833
90 834
90 242
90 6
90 725
90 357
90 835
90 836
90 53
1400 413
1400 685
2639 837
88 838
2062 839
2062 510
344 840
340 841
2640 463
2050 842
412 843
280 73
280 844
280 845
280 39
280 519
280 631
280 846
280 158
280 847
280 848
280 849
280 99
280 850
280 628
280 642
280 6
280 851
280 191
280 169
280 852
280 53
393 853
1818 854
1818 855
1818 348
1818 856
1818 857
1818 123
1818 858
1818 95
1818 859
1818 860
2641 95
2641 187
31 861
31 80
727 802
1756 14
1756 862
2642 27
561 863
561 98
561 501
561 864
561 865
561 23
561 558
561 2
2643 866
208 233
208 631
208 867
208 868
208 214
208 869
2644 870
2645 871
2295 202
2646 872
249 873
2647 874
1547 8
767 875
767 767
767 231
767 104
767 876
767 6
2648 877
1499 878
1499 879
1499 880
2649 129
2650 881
1794 882
2651 883
2652 382
2652 884
2653 885
2653 886
2653 606
1356 887
2654 888
2654 889
2654 890
178 530
178 891
178 718
178 401
178 892
178 893
178 894
977 8
977 113
977 269
83 75
83 895
83 783
83 896
83 133
83 97
83 79
83 546
83 897
83 191
83 898
83 899
83 900
83 901
83 902
83 903
83 510
83 116
83 904
83 295
83 905
83 906
83 46
83 907
512 470
2655 908
1585 909
1585 910
1585 349
2656 320
2090 911
2657 912
422 913
422 692
422 914
422 288
422 915
422 710
1224 389
1476 175
281 519
2658 916
2659 386
1504 917
419 918
419 919
1230 201
1230 67
2415 920
164 331
164 921
1320 516
1320 922
2660 720
2661 469
1723 56
15 632
15 923
15 664
15 924
2662 925
2663 926
1682 927
1682 631
2239 223
2239 362
1066 214
1066 555
1066 116
1775 928
1775 377
1775 929
1775 693
401 272
401 178
401 930
401 931
401 524
401 119
401 932
401 175
613 618
2172 260
1549 8
2664 8
1039 272
1039 20
2665 630
2665 765
2360 933
2167 934
1864 935
1864 936
1864 937
1490 938
1490 128
2666 915
1525 57
1525 939
1525 940
1525 941
2667 942
854 943
854 944
854 945
854 946
854 856
1606 270
1606 579
2668 947
527 948
2669 949
2669 369
2479 950
2479 775
2670 424
372 855
372 403
2671 645
2672 951
2673 346
1958 552
2674 952
2674 953
1488 128
1151 752
2311 954
2675 955
2676 956
2676 595
2342 957
2677 958
2678 860
2679 916
2679 457
562 959
427 960
427 961
2680 962
1716 963
1716 964
849 965
2681 163
392 243
1422 189
2682 456
2683 114
2683 474
2684 966
2685 378
1637 130
1010 967
1010 968
1010 969
1010 970
1010 384
2686 971
510 386
510 99
510 353
510 202
510 972
510 558
1055 973
1055 974
1401 16
2264 975
1601 647
2687 976
2035 172
2035 977
2688 978
2689 248
290 595
290 979
290 980
290 291
45 981
2043 982
2690 983
2691 984
2692 985
2693 192
2693 986
1848 987
37 362
37 988
37 989
37 990
37 991
2694 391
129 284
150 16
150 118
150 992
818 218
2695 993
2696 994
74 543
74 995
74 309
74 889
74 642
74 887
74 996
1464 997
2193 695
2048 455
2048 579
2697 550
628 99
628 998
628 650
628 631
1581 999
2698 1000
2699 1001
2700 762
1591 279
2137 1002
2154 1003
1913 1004
2701 1005
1897 11
1897 1006
1897 386
1897 437
1897 219
1897 466
2417 1007
2702 1008
1583 783
998 628
998 6
1787 14
1787 1009
1787 371
384 1010
2703 122
2704 524
2705 1011
2706 682
1617 1012
1503 1013
2351 882
1425 540
1675 1014
795 411
795 1015
795 634
795 79
2707 1016
1165 696
1165 79
1165 1017
2708 537
2709 861
2710 1018
1000 1019
1000 1020
1000 389
1776 928
2711 1021
929 57
1312 276
1312 269
1745 558
941 322
941 1022
717 1023
717 1024
717 123
2258 1025
2258 285
2258 1026
2258 400
2712 1027
480 907
480 453
480 1028
2713 621
409 1029
409 663
409 300
409 1030
272 991
272 1031
272 541
272 1032
272 6
272 202
272 233
272 844
272 730
272 79
272 1033
272 1034
272 1035
272 395
272 1036
272 1037
272 401
272 1038
272 271
272 21
272 1039
272 346
272 335
272 512
272 456
272 1040
2105 1041
2714 1042
2715 102
2214 749
2214 789
2716 210
2716 1043
2717 1006
2718 6
63 1044
63 1045
63 79
63 631
63 1046
63 371
63 541
63 524
63 1047
63 1048
63 1049
63 1050
63 130
63 1051
753 964
516 348
516 1052
2719 1053
1532 804
2720 1054
973 1055
973 1056
973 566
973 1001
973 862
1123 44
1959 851
1959 1057
2 523
2 561
2 128
2 436
2721 1058
2722 35
2063 587
2063 1059
1961 502
1961 1060
1961 860
1360 1061
2231 822
2231 499
2231 1062
2723 578
2724 1063
2725 552
1012 1064
207 757
2019 116
2019 1022
2726 480
123 217
123 715
123 607
123 1
2727 8
52 1065
77 451
77 306
77 1066
77 227
77 477
77 552
77 1067
77 555
77 1068
77 719
77 1069
77 480
77 1070
77 376
77 1071
77 202
77 243
77 859
1265 79
1265 1072
1265 541
1265 1073
1265 660
1265 1074
1265 1075
1678 217
1678 1076
131 395
131 1077
131 1078
131 297
1397 16
2728 1079
2026 710
1052 512
1052 1080
1052 661
1052 858
1052 1081
809 1082
2729 1083
1473 308
1954 1026
1954 1084
1424 1085
1424 540
1424 443
1424 1086
1424 134
1424 1087
1424 1088
2730 475
630 1089
734 278
734 1090
734 1091
1254 579
1700 1092
1700 1093
108 65
108 964
108 6
1020 1000
156 1094
156 1095
156 1096
774 6
774 578
1009 1097
1009 1098
1009 663
696 1099
696 1100
696 1101
2731 927
1930 163
1273 1102
1273 1103
1273 623
1273 1104
1273 888
1273 1105
1273 579
161 425
161 572
161 1106
161 57
161 1107
161 159
161 1108
161 1109
161 1110
161 1111
161 1112
161 158
161 1113
161 836
945 944
945 1114
945 354
945 519
2127 123
2127 267
1207 199
1207 1115
1207 212
1207 884
2336 1116
2336 1117
755 1118
2732 1119
2423 499
2733 1120
2734 204
44 1121
44 1122
44 403
44 1123
44 1124
2735 1125
2138 1126
2015 693
2736 158
2736 118
2737 578
2738 1127
2739 3
663 1128
663 231
663 1129
2740 231
2741 474
2373 1130
1919 231
1919 642
1919 1131
1282 371
2742 1132
1781 1133
1781 114
1781 144
1238 1134
2743 202
2743 1135
2743 541
417 1136
417 1017
2744 1137
1180 1087
1636 21
2745 657
1943 134
1943 977
1943 214
2746 1138
770 607
770 6
742 556
742 262
455 366
455 116
455 440
455 270
455 702
455 468
455 524
455 1139
455 256
455 456
455 370
455 1140
455 69
455 1141
455 1142
1666 510
1666 456
1666 53
2747 1143
2068 1144
898 1145
898 1146
898 86
2216 598
1667 55
1667 1147
1667 1148
1667 53
752 1149
752 1150
752 1151
714 213
145 118
311 1152
311 90
311 635
311 1153
311 1154
2748 1155
2748 1156
2749 686
2750 282
2751 1157
2752 474
2277 1158
2753 1058
2754 256
2755 14
1800 965
845 280
213 524
293 335
293 295
293 927
334 1159
334 1160
334 1161
2756 7
2756 769
588 1162
588 1163
588 1164
1436 938
258 421
258 522
258 552
258 1165
258 1166
258 594
258 167
1392 1167
148 118
148 864
148 122
148 1168
148 273
148 1169
2757 1170
2757 914
2757 230
2757 709
84 1171
1849 1172
1849 1117
2204 368
2204 355
2204 212
346 1173
346 1174
346 1175
720 112
720 1176
2758 210
1661 1177
1661 447
1661 1178
1661 1179
1661 479
1661 53
582 1180
582 123
582 191
582 1181
2759 1069
2759 68
2760 1182
2067 267
806 116
806 98
806 1183
806 181
806 8
806 480
806 1184
806 836
2761 1185
2761 400
2761 1186
1999 1187
2762 227
2763 1188
283 416
2217 1189
2344 311
1186 61
2764 201
2765 1190
2230 202
2230 1191
2230 324
2766 1192
844 272
844 280
60 1193
2767 503
2381 1194
2768 1195
221 1021
2769 1196
2770 279
423 1197
423 1198
423 885
423 632
423 1131
423 1199
423 489
423 519
423 175
1621 1200
2771 279
1114 519
569 1201
1502 1202
2049 1203
2772 81
2773 345
2774 1204
1519 1205
2775 1206
2776 256
454 1207
454 256
2348 193
473 519
2777 1208
2777 1209
2433 107
576 1096
11 1210
11 1211
2778 462
761 1212
761 6
530 1182
530 101
530 530
530 128
530 1213
1974 1214
1974 1215
2779 1216
1662 1217
2780 1218
390 220
390 1219
2781 545
1268 692
1268 166
2782 1177
2341 791
778 1220
1115 1221
2783 1222
2248 762
2248 651
2248 243
2396 559
2396 1223
2784 226
2784 457
1764 267
1764 686
2300 631
389 1224
389 1225
389 1226
389 355
389 951
389 776
389 1227
389 1000
389 1228
389 787
389 7
367 397
367 600
201 500
201 67
201 1229
201 68
201 858
201 1230
124 395
124 220
636 1231
636 978
636 1232
636 60
636 297
636 1233
636 1234
636 1235
636 1236
636 1089
636 1237
636 1238
636 480
636 1239
636 1240
636 325
636 636
636 21
636 1241
636 53
1210 1242
326 1243
1555 1244
2785 1245
1318 754
918 1246
918 419
2786 1247
2787 1248
2788 366
2788 1249
970 967
780 1250
780 212
748 556
748 623
2789 1251
1157 1252
1157 1106
2790 1253
32 1254
32 1255
32 560
2791 1124
2792 1230
51 231
51 723
51 386
51 968
51 1256
51 123
51 905
51 224
1329 1257
2793 6
1602 647
1332 1258
1471 308
1786 11
1786 1259
2794 246
1584 910
1584 660
1584 389
2795 464
803 1260
2073 1261
2073 1262
1955 1263
316 685
316 1011
2796 1264
2797 1006
745 556
1390 192
450 107
450 1265
450 1266
450 771
450 256
450 1267
2798 204
619 1268
619 620
2799 33
451 256
451 77
451 1269
1036 1270
234 423
234 255
2800 380
2800 1271
2801 1052
731 1272
2802 806
1103 1273
1103 969
1103 1274
1252 1157
1252 603
1252 214
255 234
2803 1275
374 1259
7 279
7 1124
7 1276
7 552
7 855
7 1277
7 389
7 268
2804 499
1346 1278
2805 351
2806 1279
2807 997
2808 578
2809 1280
2810 1281
1932 157
1932 1282
1932 1283
1932 1284
1932 1285
1909 1286
388 1287
1788 1288
2811 1289
2812 1290
907 83
907 1291
2422 1292
2144 413
2813 1293
2814 219
435 1294
811 218
1952 476
1952 1295
1952 1296
1023 717
2815 366
1082 1297
1934 231
1934 594
1928 324
1243 102
1243 326
944 1298
944 945
944 854
1299 1299
1299 706
521 189
2816 1300
2817 941
2818 397
1451 1301
1451 1302
779 3
2205 663
2391 1303
2391 1304
777 912
777 1305
191 107
191 1306
191 280
191 79
191 1307
191 83
191 754
191 582
191 223
191 1308
191 53
276 1299
276 511
276 1309
276 1310
276 1096
276 1311
276 6
276 1312
276 1011
276 866
2819 702
2820 1313
2821 99
2251 1314
2251 204
1681 1315
2822 77
1550 8
801 1316
1125 994
2823 386
1731 1317
1731 268
754 753
754 681
754 1318
754 964
1340 355
239 1319
239 1320
239 1321
2824 1322
2824 1323
2825 1022
885 1324
885 1078
885 1325
1729 1326
1729 1327
2155 1003
2155 1328
2155 848
2826 810
2827 21
2828 1329
1258 1330
1258 131
1258 1331
1258 1332
1258 1333
1258 373
1258 1334
484 645
484 1335
2829 1336
831 90
1739 1337
2314 128
1462 1338
1462 433
1462 13
1462 1173
1593 202
1593 642
2830 57
2246 137
2246 1339
1896 1143
514 1340
514 330
514 1341
514 128
514 462
514 53
2831 1342
2832 636
2833 1343
528 1344
528 1345
529 1344
1278 1346
1278 1347
1947 915
2834 270
2835 900
2836 1348
2837 140
1496 709
2013 1349
470 477
1439 1036
1439 192
1439 79
668 609
2838 250
1408 209
303 1350
303 1351
303 905
644 1352
644 1353
2839 956
1368 248
2840 571
1684 927
141 1354
141 1355
887 632
887 74
887 307
887 1356
887 1357
2841 161
2842 1358
979 290
979 810
979 342
979 965
2843 1359
608 1
1061 1360
158 280
158 79
158 98
158 837
158 884
158 1361
158 1108
158 298
158 161
158 1362
158 622
1485 295
1485 128
2844 1363
2845 122
1104 1273
1104 368
1880 99
1880 1364
1880 72
110 472
2846 348
2847 375
248 1365
248 1366
248 1367
248 927
248 1368
248 418
1350 227
1350 1369
1350 386
1350 1370
1350 1371
1350 653
1350 1348
2848 338
10 1372
10 33
2323 335
2323 394
2323 1373
2849 1374
219 378
219 33
219 1375
219 6
219 1376
219 7
1841 247
679 811
679 1231
2850 791
1341 514
1891 269
257 710
257 434
2212 1377
33 464
33 928
33 217
33 1378
33 206
33 1379
33 1380
33 1381
33 67
33 270
33 1382
33 1383
33 1384
33 250
33 607
33 1385
33 1347
33 95
33 361
33 1386
1644 1387
1644 1388
1644 1389
2851 436
1431 2
975 192
62 1390
62 1391
62 618
414 826
1167 1392
16 279
16 1393
16 1394
16 150
16 555
16 1395
16 17
16 196
16 1396
16 240
16 144
16 231
16 1397
16 1398
16 1399
16 1400
16 400
16 269
16 1401
16 7
16 1402
16 1403
16 108
16 1404
16 1405
16 1406
16 1407
209 1408
209 1189
209 640
2852 1409
2853 1410
1727 735
1727 911
2219 1411
2278 1412
2854 293
1406 16
2196 826
189 1413
189 53
189 461
189 1414
189 316
189 549
189 1415
189 1274
189 1416
189 1417
189 801
189 1418
189 340
189 1419
189 1420
189 1338
189 976
189 1421
189 1422
1465 892
2855 1423
2180 403
540 366
540 1424
540 1425
540 276
540 1426
540 1427
540 1428
540 1088
540 949
540 1429
540 1430
540 1431
540 1432
540 1011
540 182
540 53
2856 1041
2857 1433
2858 1434
2241 705
2241 133
2859 1435
2860 229
938 1436
2329 782
2861 1437
2861 1013
2861 217
2861 1438
79 991
79 90
79 444
79 1439
79 503
79 1165
79 1300
79 214
79 1440
79 204
79 1441
79 202
79 876
79 272
79 39
79 885
79 91
79 546
79 8
79 1442
79 480
79 1443
79 191
79 345
79 231
79 603
79 1265
79 1444
79 1445
79 181
79 288
79 1446
79 1447
79 1192
79 1448
79 66
79 1449
79 83
79 332
79 99
79 1065
79 1450
79 1362
1301 1451
2191 1452
1226 855
1226 389
1226 812
1311 276
876 1453
876 79
876 1454
876 1215
876 519
876 1034
2054 1455
1802 1456
1802 852
2107 416
894 1092
2862 192
2000 1457
1075 632
1075 1265
80 202
2069 1144
2069 871
2863 1458
1419 1459
1419 189
1323 144
1323 332
1323 922
1887 900
1887 1460
1310 1461
1310 276
1173 1462
1173 346
997 1463
997 481
997 1464
892 1465
892 178
892 1466
892 1467
892 1468
892 912
2864 420
2865 1469
2866 1470
308 1196
308 1471
308 1472
308 1089
308 457
308 112
308 1473
308 53
2867 1474
2868 709
2869 1475
2869 55
57 1476
57 917
57 1477
57 1478
57 1479
57 23
57 851
57 897
57 1480
57 1481
2400 1482
2400 128
2400 1052
2343 1019
2343 904
128 1052
128 1483
128 1124
128 386
128 631
128 1484
128 1485
128 657
128 514
128 1486
128 181
128 1487
128 530
128 1488
128 247
128 1489
128 6
128 2
128 1035
128 1490
2405 1491
2405 1492
1711 1493
2870 512
2871 1494
513 233
513 1495
513 1496
513 1497
513 1170
513 1498
878 1499
2872 1500
353 510
2873 500
1877 233
1813 491
2874 1501
196 99
196 16
196 665
786 537
786 1502
786 922
1013 1503
1345 709
1758 862
2119 607
917 57
917 1504
917 1215
917 787
1820 1505
1820 375
1820 1506
1820 1507
1820 536
1820 541
1820 1508
1654 1509
2029 692
2875 1510
1579 332
1579 1323
1579 584
1953 855
1953 1511
1953 55
2876 771
2877 1186
986 516
2337 1512
2337 825
2337 579
2337 1513
2337 75
289 130
289 833
2878 619
2879 424
1348 576
1348 1
1348 227
1348 31
1348 1152
1348 192
1348 1470
2880 863
1522 1514
1522 99
1522 108
1522 8
1522 1515
1522 1136
1633 579
1633 447
2881 1516
2881 1189
2881 1483
2881 1416
2881 1517
2881 1518
1205 320
1205 1519
1248 595
1248 79
1248 1520
1248 499
1248 440
1248 631
1248 426
1248 1261
1248 1521
1248 1165
1248 1287
1248 256
1248 1522
1248 1523
1248 1524
1248 1525
1527 1526
2882 233
2075 1131
2883 1021
1526 1527
1526 510
1526 1092
625 39
625 650
1803 622
1803 1528
2070 1529
1245 1530
1245 329
1245 1531
2452 595
1001 973
1001 440
1962 1532
1962 914
637 1533
637 1534
637 1458
639 210
639 261
1378 1535
2884 99
2885 547
1791 1034
1623 1536
1623 1537
8 1538
8 1539
8 1540
8 806
8 1541
8 1188
8 1186
8 1542
8 1432
8 1441
8 262
8 1079
8 79
8 1543
8 1067
8 1195
8 1544
8 27
8 457
8 1545
8 1546
8 1547
8 765
8 1548
8 1549
8 1550
8 1515
8 53
8 1495
8 1551
8 83
8 1552
2886 95
2887 1315
824 37
1777 928
1777 1553
1777 57
2095 541
425 190
425 836
425 161
1521 1520
2186 1261
2186 1554
1244 1555
2888 1556
1946 35
2257 1404
2889 1557
2889 627
963 1558
1612 192
1612 481
1612 332
2435 987
2435 659
2435 1559
2890 1560
1483 30
1483 1561
1483 128
1483 212
1483 1562
2891 15
2892 1563
2892 677
2892 192
2892 1564
2892 322
408 1030
2134 1565
836 425
836 161
2893 10
1566 1566
2894 79
2895 1567
2896 1568
883 1569
883 1570
875 1110
551 1571
2897 126
437 664
437 1572
437 1236
437 1300
437 1573
437 699
437 256
437 1574
437 1575
437 1576
437 1577
1857 126
140 1197
140 603
140 713
140 1578
140 244
140 1579
140 1096
140 1580
140 223
140 202
140 1581
2898 1300
783 1098
783 83
783 1582
783 1583
2449 1442
910 1584
910 660
910 416
910 1585
2403 1586
1903 1587
1903 297
1903 1588
2152 1589
39 1590
39 279
39 625
39 99
39 378
39 475
39 1591
39 1592
39 1593
39 370
39 202
39 21
39 113
1289 153
504 1185
504 306
89 1594
89 1595
89 1335
89 1596
89 409
89 98
89 384
89 631
89 455
89 1597
89 1598
89 175
89 1248
89 1234
89 170
2899 360
2900 1599
2901 504
647 1600
647 511
647 1601
647 1602
647 322
647 1603
647 1604
647 1605
647 702
647 1089
647 1606
647 705
647 915
647 1297
647 230
647 1607
647 1608
647 1609
647 1124
192 1439
192 1610
192 1185
192 1124
192 403
192 1611
192 675
192 1423
192 606
192 480
192 1612
192 144
192 1
192 1613
192 354
192 1321
192 726
192 975
192 53
192 453
192 116
192 1614
192 1615
192 332
192 1348
192 874
192 1616
2434 378
2434 107
2058 134
1064 1012
1064 33
1064 1617
2362 1618
1056 116
1056 973
1056 1619
1056 79
1613 1620
1613 366
1613 1277
1613 1621
1948 511
1580 1622
1580 42
1537 1623
1537 217
1689 1624
1689 1625
2902 99
30 1483
1338 1626
1338 1031
1338 963
1338 1627
1338 1304
1338 522
1338 1628
1338 884
1338 1383
1338 1281
1338 1629
764 1630
764 1631
764 6
481 997
481 284
481 1612
468 455
468 1632
468 1633
468 172
2066 1634
130 395
130 1635
130 1636
130 477
130 1637
130 289
130 1638
130 138
130 1639
2903 43
2904 578
305 1109
2905 48
330 14
1640 8
1640 1640
1640 1318
942 655
1363 947
1363 60
1363 1641
1363 1642
1363 1643
1363 132
1363 1388
1363 1644
1363 729
1762 1645
2906 202
2907 572
2908 960
2042 538
2909 459
2081 960
2081 1646
2081 1647
2910 1648
2006 389
1484 1649
1487 1
1487 723
1487 1650
1487 128
1487 1651
1487 418
2911 1010
2912 192
2913 1652
2914 1653
1766 1229
2293 469
2293 202
2293 503
2293 43
2915 79
1509 1654
1509 1257
1509 1655
1509 1656
1509 1274
2916 1657
2917 1225
2918 103
2919 704
270 1452
270 1658
270 75
270 1606
270 1659
270 455
132 395
132 1522
132 534
2920 99
2921 1660
447 424
447 903
447 1661
2922 386
53 366
53 621
53 75
53 90
53 540
53 225
53 189
53 65
53 479
53 1662
53 71
53 103
53 202
53 262
53 98
53 384
53 514
53 8
53 1663
53 1664
53 1209
53 830
53 33
53 112
53 1338
53 636
53 769
53 83
53 507
53 1665
53 1666
53 1661
53 1016
53 638
53 1667
1733 1307
1733 1209
1733 1668
1733 224
1158 1669
1590 1300
1590 1670
1590 21
1590 6
1552 1185
1552 8
1552 181
1105 144
1105 16
1105 555
1105 579
1105 1273
2923 1671
2924 1159
1051 63
2925 1254
1719 1545
2926 1672
1067 8
1067 77
358 1673
1573 1016
322 1674
322 44
322 126
322 1675
322 189
322 941
322 190
322 1676
322 1283
322 1677
322 402
322 248
1799 3
1752 500
700 633
2335 1117
759 293
1076 1678
1076 1679
1076 256
1076 1680
1076 720
2927 189
2077 1131
2928 1681
927 1682
927 116
927 293
927 1683
927 250
927 1684
927 1685
927 1686
593 1687
1624 1688
1624 1689
1624 918
1624 1690
1845 247
1784 1691
485 1692
1154 134
1154 311
286 178
793 1693
317 18
317 1694
317 1695
317 1696
317 1697
1093 592
1093 1698
1093 1124
1093 806
1093 1535
1093 27
1093 1416
1093 448
1093 1059
1093 1699
1093 202
1093 1700
153 1701
153 1702
153 1289
2929 1703
376 545
335 366
335 1328
335 33
335 1373
382 381
382 362
382 348
382 1704
382 1153
2930 366
432 211
432 1585
2931 231
924 192
2932 559
2932 1022
2933 126
2380 1705
638 872
638 1022
2934 53
2935 1077
523 159
523 2
1427 350
1316 1706
1316 1707
1493 1493
1493 1708
1493 1709
1493 1710
1493 889
1493 1711
475 279
475 202
475 39
475 1712
475 1124
724 424
724 1713
724 227
724 771
1713 724
2936 771
634 1089
634 1015
1688 1714
1629 888
1629 1338
2937 1612
2304 1715
2304 489
2938 979
2938 558
206 1716
206 33
206 1717
206 199
206 200
206 1209
206 208
206 1718
2939 1204
1454 876
832 90
832 81
1544 8
1500 1703
2940 134
2940 1497
2941 1719
2941 1720
535 214
56 99
56 1721
56 1722
56 1723
56 147
347 827
347 1724
1679 1725
1413 189
1413 3
2942 1726
2350 193
856 854
2382 366
2382 1727
649 1728
1327 1729
807 425
807 757
807 1730
807 161
1317 1731
299 1732
1307 1733
1307 83
1307 191
2943 481
2476 1734
411 1735
411 795
2944 703
2945 934
456 1152
456 455
456 1736
456 787
456 189
1016 1737
1016 382
1016 549
1016 386
1016 335
1016 1573
1016 99
1016 1345
1016 1738
1058 35
1058 11
787 1606
787 1739
787 1740
787 917
558 700
558 1741
558 992
558 1742
558 830
558 1743
558 1744
558 1745
558 1746
558 848
558 98
558 692
558 1747
558 561
558 6
558 279
558 18
558 1748
558 1749
558 202
2393 1750
2393 1751
2946 1703
2056 1752
296 1447
426 1753
426 1754
426 425
426 1248
426 377
2947 1248
862 1755
862 1756
862 973
862 1757
862 204
862 1758
862 1759
2416 8
1645 1760
1645 1761
1645 1762
275 1339
275 1763
666 609
666 74
666 884
2948 1764
227 1452
227 1
227 1765
227 1766
227 386
227 552
227 270
227 77
227 514
227 724
227 27
227 243
227 325
227 242
227 600
227 417
227 202
227 1386
227 1117
1146 67
2197 1767
578 1768
578 874
1110 161
1535 99
1535 1378
1535 1592
1535 1093
403 1737
403 372
403 241
403 1323
403 1124
371 63
371 107
371 1769
371 1525
371 631
371 99
371 1282
371 362
371 117
371 1770
371 524
371 27
371 369
371 1731
371 134
371 277
371 1517
371 1285
1395 366
2949 801
2206 104
2318 855
2950 1015
2951 552
2952 1021
686 686
2365 1771
2365 1772
1168 636
1168 510
1168 499
379 99
379 399
379 663
379 1430
383 1773
2953 256
2953 1774
928 1775
928 33
928 1776
928 1448
928 1777
928 579
2954 219
2242 1778
1266 594
1266 450
1266 631
1854 352
1608 1068
1597 99
1597 89
2955 1779
1349 1036
170 1258
170 1369
170 99
170 89
170 250
170 979
170 1203
1264 929
2956 1780
713 993
713 563
1479 57
2957 1651
114 1781
114 916
114 1282
114 795
114 1782
114 1783
1691 1784
2358 1660
2023 888
2023 87
2023 21
2023 1785
1259 1067
1259 83
1259 1786
1259 1731
1259 851
1259 1431
1259 1432
1259 2
988 1665
988 37
1639 130
2958 1787
2959 1229
643 219
643 386
2072 32
2960 1015
1331 8
1331 437
1331 1258
2961 1669
2962 975
2962 1788
1034 876
1034 1789
1034 1790
1034 1791
1850 1386
1474 512
1285 1498
1285 31
1285 371
1285 194
1851 231
1717 206
1937 134
1937 77
1937 295
1937 371
2963 222
1100 1792
1100 696
1100 623
782 623
2964 342
1060 665
1060 497
1060 1793
1060 1794
1978 1319
1978 635
165 921
958 1795
958 1796
958 1157
958 1797
2429 1528
2429 705
2429 500
2429 1439
2429 65
2429 243
2429 1798
2429 659
2965 1799
2966 1020
965 849
965 979
965 1800
965 713
965 1801
2215 598
852 270
852 1802
852 889
2967 1416
282 519
71 8
71 13
71 1803
71 456
2968 212
2968 961
2969 1767
2970 994
1722 1804
1722 56
1141 455
859 202
859 1463
859 1805
859 77
2971 1139
2972 804
2973 735
2974 1529
2975 1026
2975 1287
2975 1806
2976 16
2977 776
169 984
169 280
169 1807
169 1808
169 505
169 1203
169 499
1087 107
1087 1809
1087 1094
1087 1086
1087 1810
1087 1811
2978 33
2979 1812
2979 111
491 1813
497 1814
497 288
497 1018
497 499
497 1060
2980 1439
115 518
1882 264
1882 905
1366 248
2460 1300
229 825
597 560
200 363
486 1338
486 1335
1863 1815
2981 1014
1050 63
2157 1816
2157 1817
2982 1339
2983 1512
2260 1296
2984 570
2984 565
2984 3
652 1432
652 692
2985 1818
2091 1819
2091 435
2091 1820
2091 541
2986 1772
989 37
1542 8
2987 1821
2987 1822
91 357
91 1006
91 79
715 246
715 123
715 1823
715 89
2237 1824
2237 1825
2439 98
2988 958
2170 266
2989 523
2989 269
2989 541
2989 810
2989 1480
2989 1051
532 1344
532 921
444 1328
444 79
444 585
444 1826
444 256
444 367
444 889
2387 1650
2990 916
1302 1827
1302 1451
464 33
464 1276
2991 1828
2992 1829
2992 1830
2993 250
2994 1165
1277 1613
1277 7
2995 1121
2995 524
2995 622
2995 1831
2996 242
2997 1191
2998 1428
195 7
81 1246
1736 1832
1736 456
2249 1833
2249 1077
2249 1834
2249 594
1935 134
1563 1835
85 783
2999 279
1846 175
1846 78
1740 1386
3000 1836
446 1837
1615 1838
1615 192
2458 316
2390 1304
3001 230
375 134
375 1543
375 2
375 1839
375 1820
247 1533
247 1315
247 1840
247 651
247 1841
247 1842
247 1843
247 1052
247 1844
247 1666
247 128
247 1692
247 1845
247 709
247 1386
247 553
3002 380
3002 1026
1538 1846
1538 7
1538 1847
1538 53
3003 1432
157 466
1415 189
3004 472
3005 465
3006 279
3006 683
987 1848
987 386
1172 1849
1172 1386
2261 1850
2261 1037
3007 929
723 1487
723 724
231 1851
231 767
231 452
231 1852
231 79
231 98
231 350
231 121
231 1853
231 1214
231 808
231 771
231 524
231 1501
231 1854
231 791
231 1855
231 663
231 1856
3008 117
2030 692
2030 1618
3009 247
126 1857
126 1858
1138 1859
3010 1860
3011 851
3012 1556
144 1405
144 118
144 192
144 7
1200 201
1200 1621
1200 453
1200 1861
3013 83
622 1225
622 158
622 1803
1901 538
823 1609
3014 555
3015 1862
564 1863
937 1864
1137 98
1077 366
1077 344
1077 1380
1077 1865
2133 343
2133 1191
1298 943
3016 1866
3016 1867
2208 1868
2208 1869
3017 400
3018 962
614 1870
614 609
954 555
1523 1136
1523 7
95 1818
2139 377
2238 1871
2238 765
3019 1259
3020 1152
1790 1034
2470 1872
2470 627
1416 1093
1927 285
1927 1175
1927 1545
1122 588
1122 16
1122 44
960 458
960 1161
810 1873
810 452
810 1874
810 98
810 1007
810 1710
810 1524
810 979
810 1875
810 1876
233 1877
233 848
233 1878
233 1692
233 709
233 1879
1364 1880
1477 57
287 833
948 158
948 1284
948 1661
2053 1573
995 202
995 1881
995 923
995 15
3021 1882
370 455
370 865
370 1883
370 205
370 277
3022 1884
3023 1885
1778 1705
1778 1886
1234 89
1234 636
1234 219
1234 279
1234 1554
146 118
900 83
900 1887
3024 438
828 1888
121 1889
121 231
121 621
121 1747
121 1890
269 1891
269 885
269 16
269 1592
269 1892
269 1065
269 310
269 1312
1190 889
850 1893
850 280
726 188
726 884
420 1894
420 1895
420 1896
466 595
466 441
466 1897
466 1720
466 157
466 427
466 549
1990 693
1990 1569
1235 916
1235 636
865 561
865 79
865 363
865 1898
865 1302
1847 1538
1337 1739
1081 1052
1866 361
1798 658
1798 635
3025 306
716 464
716 75
716 456
716 133
3026 1892
621 1544
621 585
621 79
2012 1899
297 63
297 245
297 1900
297 1901
297 131
297 1089
297 172
297 1902
297 1139
297 128
297 636
297 1783
297 1903
953 1077
655 942
655 128
655 1124
655 6
2153 35
3027 1155
1536 102
1536 1904
1837 657
1837 1905
1837 1906
1592 1907
215 1808
215 1006
215 1908
1286 1372
1286 1909
265 1910
265 555
265 536
265 1380
265 107
3028 908
459 1911
3029 1912
1886 1778
1004 1913
1004 1573
2352 848
3030 1914
913 422
2116 1670
2116 1915
2116 978
2116 202
3031 1583
2009 1916
2009 716
1925 285
1925 6
3032 1917
2126 267
1387 877
1387 1644
1380 265
1380 33
2052 1918
3033 1192
3034 403
3034 1720
3035 591
642 996
642 280
642 1919
642 1920
642 74
642 1921
642 1810
642 1480
642 1922
285 1255
285 386
285 1923
285 332
285 400
285 1924
285 1925
285 1666
285 1926
285 1927
285 1026
1136 417
1136 541
3036 202
3037 108
1367 927
1876 810
259 552
3038 1386
3039 1928
2227 1841
2227 75
1228 389
1088 540
1922 677
1922 107
3040 1929
1206 980
163 1930
936 1
936 1439
936 1931
1284 1932
1284 427
1284 570
3041 1933
563 993
3042 729
184 1328
134 279
134 20
134 1934
134 733
134 202
134 1438
134 1455
134 280
134 79
134 1236
134 172
134 1692
134 1935
134 1777
134 1154
134 1936
134 272
134 594
134 269
134 1937
134 1938
134 1939
134 1940
134 1734
134 1941
134 1942
134 1943
134 108
134 1944
134 375
134 378
2383 366
746 556
186 1945
186 533
186 371
3043 250
3044 500
3045 685
35 1946
867 208
867 796
3046 746
3047 1748
1991 1569
3048 81
1269 729
3049 1947
3050 927
3051 637
1768 193
236 246
236 1321
1770 371
3052 1948
3052 1949
1793 1950
154 1094
3053 1462
2385 633
3054 1951
3054 765
1372 1952
1372 10
1372 1286
1142 455
1142 1818
3055 1432
3055 376
3056 352
1511 1953
1516 57
1516 1189
1516 6
3057 721
3057 671
315 664
3058 366
3059 726
1084 1954
1084 16
1084 1026
1263 1955
3060 37
1072 1265
1328 1956
1328 184
1812 10
3061 518
505 169
3062 607
3062 713
65 534
65 178
65 1957
65 99
65 1958
65 1052
65 401
65 570
65 219
65 510
65 1959
65 622
65 775
65 243
65 53
3063 1179
575 389
3064 1960
3065 1524
1514 1522
1283 1885
1283 1321
1283 322
3066 1961
1428 540
1428 1962
2408 1510
2375 1835
2375 228
1140 455
361 1510
361 1963
361 1066
361 1964
361 1965
361 1966
361 1866
361 33
361 1967
361 1968
361 1673
361 1969
361 1970
361 1971
361 7
776 1268
776 1972
776 1458
776 389
776 1552
2244 1973
1595 89
1214 1974
1214 231
899 83
899 1765
899 1458
3067 130
3067 1975
2173 1976
109 167
109 83
1319 1977
1319 239
1319 1978
1319 1655
1342 572
28 1448
3068 1611
3069 1743
3069 1979
627 650
2265 1980
2265 377
2265 11
2265 1699
2265 1981
2265 1982
2265 1983
2265 121
2265 646
2265 1984
2265 329
2265 1985
2265 1986
2265 1987
3070 1
1792 1100
1569 883
1569 1988
1569 1989
1569 1990
1569 1914
1569 812
1569 1991
1569 74
1569 1992
1569 1993
1569 1472
1569 49
73 889
73 280
2003 536
1989 1569
1989 1994
2371 1995
3071 765
2122 179
2122 384
2122 53
2122 1064
2122 1996
3072 307
3073 1997
3073 663
3073 23
3073 191
3074 1998
3075 510
3075 551
1187 8
1187 1615
1187 437
1187 1999
2398 603
2398 1592
1457 199
1457 2000
991 984
991 79
2359 8
443 2001
3076 2002
3077 719
536 22
536 2003
536 110
536 265
536 536
536 1248
3078 2004
3079 2005
2121 8
2121 2006
1177 2007
1177 541
1177 1217
1177 346
3080 75
1832 1736
3081 1049
3082 611
1706 1316
1706 517
3083 623
1831 1330
1421 189
1421 1011
683 1609
683 2008
3084 1296
3085 1919
3085 2009
1559 1585
1163 2010
1163 517
336 272
336 864
336 1825
336 1592
336 175
336 204
336 53
14 804
14 706
14 1787
14 724
951 389
858 201
858 1818
3086 104
449 2011
1940 134
1940 960
1940 1644
1899 335
1899 973
1899 2012
3087 1351
1564 373
1564 2013
3088 83
693 2014
693 2015
693 1990
693 2016
693 2017
116 1056
116 650
116 499
116 386
116 806
116 90
116 2018
116 2019
116 927
116 8
116 455
116 570
116 83
116 862
116 175
116 2020
116 1339
116 276
3089 1363
96 107
96 1178
96 2021
96 1090
96 134
96 954
3090 1522
3091 1304
3092 1
3093 2022
3093 1922
3094 1719
3095 1867
3096 2023
1920 642
549 2024
549 1128
549 2025
549 1041
549 2026
549 69
549 1016
549 71
549 2027
549 466
1175 89
1175 1927
895 83
3097 1258
3098 2028
570 65
570 572
570 116
570 1725
570 833
692 1268
692 2029
692 332
692 39
692 386
692 2030
692 2031
692 557
692 2032
692 2033
692 544
3099 2034
3100 356
3101 1439
1246 918
1246 81
2290 202
1434 325
3102 21
3103 2035
1655 631
1933 67
1933 250
1933 600
3104 2036
641 510
1839 375
1737 403
3105 2037
3106 1843
3107 655
3108 43
1211 954
3109 874
3109 1160
448 1698
448 256
448 1093
729 451
729 2038
729 1363
729 2039
729 1269
729 2040
729 457
729 1692
3110 1172
3110 1036
3110 2041
3111 204
3112 214
1232 636
3113 462
3114 777
538 1511
538 2042
3115 848
3116 1190
982 2043
1358 201
2235 2037
2410 706
579 1273
579 1005
579 353
579 2044
579 2045
579 1606
579 2046
579 940
579 2047
579 1445
579 1105
579 2048
579 1752
3117 2049
3117 2050
3118 140
3118 580
3119 864
1510 1150
1510 1636
3120 500
20 1104
20 1859
20 2051
20 631
20 2052
20 2053
20 1138
20 2054
20 2055
20 1663
20 2056
20 90
20 134
20 542
20 202
20 1039
1807 215
461 2057
461 189
3121 1772
333 684
333 2058
333 2059
3122 1
487 1335
3123 83
839 2060
839 283
839 331
839 2061
839 2062
331 839
331 164
1441 79
830 2063
830 830
830 336
830 591
830 192
830 558
830 53
580 1580
580 42
580 500
3124 1
943 854
1179 1178
2321 2064
1696 317
1696 2065
1664 53
1634 2066
990 1946
1313 267
1313 2067
670 609
1144 2068
1144 2069
1529 11
1529 578
1529 33
1529 2070
1529 1352
1529 1021
1529 1609
1306 191
667 424
667 609
667 2071
2099 804
3125 35
2185 231
2185 2072
2185 1261
2185 2073
2185 210
2185 2074
1131 423
1131 1919
1131 2075
1131 2076
1131 2077
704 1330
704 23
3126 112
180 2078
3127 765
469 2079
469 1765
469 2080
2169 1867
3128 559
868 2081
868 631
1771 2082
3129 2083
1375 219
1375 21
34 2084
34 1720
3130 2085
368 277
368 2086
3131 375
3131 1914
3131 2087
3132 1374
22 991
22 2088
22 581
22 480
22 2089
22 1334
22 2090
2136 1
2136 245
541 272
541 1265
541 1177
541 1820
541 77
541 719
541 524
541 87
541 2091
541 417
541 2092
541 2093
541 2094
541 751
541 2095
541 2096
476 1952
476 295
328 2097
804 2098
1143 1896
2098 2099
3133 1836
3134 2014
3135 2100
3136 1330
3136 836
3137 1513
1486 119
591 2101
591 830
591 75
3138 1011
3138 2102
3139 1724
3140 185
3141 1667
17 1396
17 16
17 1493
17 314
3142 362
1239 607
3143 1750
2156 366
2156 1999
2156 2103
9 488
9 219
9 2104
983 2105
1810 642
1611 166
3144 2106
3145 1113
182 550
182 1581
2045 579
3146 887
397 1783
416 1192
416 686
416 1806
416 547
416 2107
416 910
416 1752
416 1609
3147 2108
616 620
3148 2109
2395 2110
1686 2111
102 326
511 354
511 276
511 796
511 2112
3149 704
925 1321
925 1037
543 1300
543 2062
543 1443
543 1093
543 777
543 2113
735 306
735 1124
735 362
735 2114
735 2115
735 1492
1670 1590
1670 2116
1670 2117
607 2118
607 1
607 2119
607 279
607 267
607 33
607 770
607 997
607 1239
607 2120
607 294
338 1209
338 1568
3150 2121
3151 2122
574 2123
404 2124
404 991
404 2125
1704 382
800 1150
800 500
267 1604
267 2126
267 2127
267 1313
267 2128
2374 2129
271 730
271 202
271 830
271 2130
271 2131
1423 192
3152 1863
3152 110
3152 515
1632 1124
3153 245
1782 114
343 345
343 2132
343 2133
1565 2129
1565 1565
1565 2134
3154 1259
3155 1188
2111 2005
2111 2135
2111 83
2111 1135
2111 1746
1112 161
245 1352
245 2136
499 511
499 497
499 1062
499 2137
499 181
499 1011
499 137
499 338
499 150
2411 960
2411 1161
1126 2138
1126 1188
1126 2067
377 2139
377 426
377 190
377 692
377 161
377 1119
571 359
571 366
571 2140
571 177
2386 2141
1090 96
1090 734
1090 1304
2406 2142
1649 1484
413 2143
413 413
413 1500
413 2144
413 1479
413 2145
413 2146
413 1400
413 2147
413 2148
413 1976
413 1814
413 1863
413 321
228 726
711 112
711 2149
711 227
711 75
3156 1169
605 1
3157 2120
3158 132
138 75
3159 1677
3159 74
3159 402
904 2150
798 1427
2024 549
3160 578
705 704
705 136
705 886
705 245
705 500
312 664
3161 1816
119 401
119 151
877 1387
3162 891
3162 566
3163 6
3164 2151
629 256
629 631
1695 18
1589 2152
3165 2153
1003 2154
1003 2155
3166 43
171 2156
171 1616
171 1499
171 386
171 1369
1817 2157
3167 1953
13 2158
879 1499
1718 206
624 650
1031 202
1031 2159
3168 1309
573 775
654 2064
3169 2160
673 1633
673 2161
903 650
47 2162
47 320
1530 389
120 1512
120 1951
120 151
3170 377
1330 704
1330 1831
1330 1613
1330 280
1330 631
3171 606
99 2163
99 1765
99 6
99 328
99 1440
99 202
99 927
99 39
99 1124
99 79
99 2164
99 546
99 1663
99 219
99 56
99 628
99 272
99 1149
99 2165
99 2088
99 1089
99 2166
99 510
99 2167
99 1011
99 178
99 378
99 170
99 2168
99 256
99 1522
99 519
99 594
99 112
99 1016
99 1973
3172 1637
3173 11
3173 224
1867 876
1867 2169
1867 631
1671 1659
3174 231
48 1770
3175 67
266 2170
266 1106
266 2128
101 530
101 631
101 2171
660 172
660 910
660 1843
660 34
660 98
1970 83
1970 363
1970 1153
3176 2172
3177 960
1856 362
3178 759
1870 614
1976 413
1976 2173
1915 500
348 516
348 2014
348 706
348 476
348 519
348 202
348 2174
348 2175
3179 1160
656 2176
656 2177
656 23
656 2178
1458 2179
1458 1765
1458 389
1458 886
1458 698
1458 776
2183 628
2183 884
3180 2180
3181 1861
61 351
61 1433
61 457
61 1186
884 2181
884 2182
884 713
884 666
884 1578
884 2183
3182 61
3183 874
3184 65
319 423
319 2184
1261 1234
1261 2073
1261 1262
1261 1554
1261 592
1261 55
1261 2185
1261 2186
1261 2187
1261 1248
1261 2188
1261 2189
1261 2190
1261 2074
3185 386
3186 213
736 848
3187 2191
3187 75
3187 6
188 2192
1814 413
1814 1018
1814 723
1814 836
2441 98
695 2193
695 477
445 134
445 256
826 2194
826 2195
826 2196
826 2146
826 414
3188 1152
1767 2197
2176 656
3189 440
1353 810
2226 2198
2226 250
2226 32
3190 751
2092 134
3191 645
86 2150
766 175
766 6
3192 1098
1025 7
1336 1676
1336 228
3193 1719
1604 647
1604 267
1604 1493
1604 241
1217 1662
3194 945
3195 1549
3196 2199
3197 457
3198 166
738 1491
738 1492
592 1739
592 102
592 416
592 553
3199 2200
3200 487
212 2201
212 2202
212 1483
212 706
212 2203
212 256
212 2204
104 1540
104 1152
104 2205
104 594
104 663
104 2206
104 2207
3201 279
3201 765
3202 519
1869 2208
635 311
3203 2209
1513 2142
2060 839
474 474
1128 1344
1128 663
1128 549
1130 2210
3204 956
3205 963
3206 874
1377 2211
1377 2212
1377 330
2378 2213
749 2214
1531 652
685 316
3207 79
472 136
472 1755
3208 1433
415 1806
2287 1229
2287 1961
509 287
509 767
509 108
598 2215
598 2216
598 560
598 457
534 1111
534 65
534 1441
534 888
534 132
1809 1087
1809 775
2188 1261
1823 67
1823 1230
1189 209
1189 30
1189 1516
1189 2217
507 2218
874 578
1598 170
796 867
796 511
1411 11
1411 2219
1750 1751
54 2220
54 2221
1801 2046
1801 1943
1801 448
1801 1810
1801 2222
1801 202
1801 300
1801 965
3209 2223
75 1452
75 2224
75 1258
75 2225
75 270
75 83
75 2226
75 591
75 711
75 214
75 3
75 710
75 1334
75 2227
75 531
75 1386
75 716
75 53
3210 2228
3210 2229
3211 389
3212 2230
3213 855
94 59
3214 8
3215 473
1062 2231
1062 400
496 2232
496 68
3216 631
1753 426
1351 303
1351 685
2468 37
2468 406
3217 1124
1305 159
1305 2023
1305 79
3218 2233
3219 417
1524 2234
1524 2235
1524 18
765 595
765 2236
765 2237
765 686
765 427
765 81
765 2238
765 8
765 202
765 539
147 56
967 1010
2195 557
362 2239
362 306
362 2240
362 1153
362 335
362 1720
362 3
362 2241
362 223
318 2184
3220 2242
699 437
813 2243
1973 2244
2267 1504
930 32
3221 851
851 57
851 1959
2010 517
1893 247
3222 1426
722 2099
722 657
722 439
722 2245
3223 191
1942 134
3224 1269
352 1854
1445 579
1339 2246
1339 848
3225 123
2178 656
1270 1606
1270 1036
1270 2247
815 1035
815 218
815 818
651 2248
651 1213
651 1158
651 530
651 65
651 1295
651 247
651 1432
225 1024
225 219
225 1786
3226 2249
3227 1182
1570 883
949 540
3228 705
3229 1177
2093 2064
1635 851
204 2250
204 1352
204 363
204 79
204 2251
3230 985
3231 1358
906 83
906 631
555 1
555 1373
555 1066
555 2252
555 77
555 1691
555 1767
555 1960
555 16
555 457
555 1105
555 1334
555 954
555 1438
555 1204
2179 1458
2179 776
1124 44
1124 735
1124 1107
1124 394
1124 403
1124 557
1124 27
1124 2253
1124 103
1124 2174
1124 2254
1124 2255
1124 7
1383 1338
314 664
508 2256
3232 2257
1026 885
1026 706
1026 2258
1026 804
1026 285
1026 1432
1026 2259
3233 1190
1314 167
1314 2260
3234 1239
1037 272
1037 925
1037 2261
380 1379
2301 631
223 2239
223 1
223 400
223 606
223 698
223 191
223 1447
3235 90
3236 470
3237 1659
3238 1720
332 2059
332 1089
332 1041
332 292
332 285
332 1497
332 1323
618 1005
618 2262
2426 152
458 853
458 960
458 1883
458 457
458 2263
1997 709
3239 134
3240 588
3240 181
3241 192
1309 276
1309 2264
1986 2265
2477 1460
253 1469
3242 623
493 2266
493 81
3243 2267
3243 2268
3243 43
2384 2269
2384 366
2384 2156
2384 2270
2357 243
3244 1749
2020 116
36 2084
36 2271
2131 2272
3245 311
3246 686
1015 634
1015 795
694 1209
3247 1650
3248 2273
385 2274
385 2275
3249 2276
1095 65
1095 1158
1095 156
1095 921
1095 2277
602 927
1412 2278
1412 10
2118 607
3250 2110
939 2279
939 541
3251 2280
1560 1933
1560 1818
1560 366
3252 1708
3253 85
3254 500
386 1682
386 1350
386 2281
386 631
386 384
386 171
386 119
386 1017
386 128
386 987
386 2282
3255 226
2113 543
3256 2283
3256 2284
594 2240
594 1934
594 1370
594 1897
594 6
594 1266
594 27
594 99
594 104
594 134
594 202
594 909
594 1059
594 1903
594 1577
912 892
3257 2285
1106 2286
1106 266
1106 987
1106 1011
1325 885
1133 1781
1229 201
1229 2287
2076 1131
2041 1386
3258 1281
1057 2
1054 2288
1631 1182
1631 530
202 1328
202 2289
202 6
202 810
202 363
202 1593
202 1757
202 2230
202 2290
202 730
202 39
202 1302
202 2116
202 2291
202 8
202 2292
202 859
202 2293
202 238
202 765
202 80
202 77
202 271
202 2166
202 510
202 134
202 227
202 1170
202 53
202 99
202 378
202 2294
202 2295
202 1093
202 112
202 634
1324 885
1324 1078
1185 886
1185 488
1185 192
1185 1552
2038 729
773 1801
3259 2296
1193 60
1193 2297
631 366
631 2298
631 1889
631 128
631 6
631 71
631 206
631 280
631 89
631 876
631 1209
631 628
631 345
631 2299
631 848
631 1089
631 2300
631 2301
631 63
631 386
631 1266
631 1867
631 99
631 632
631 101
631 1248
3260 379
2031 692
3261 133
1071 1067
216 1201
216 2302
216 1006
216 833
3262 1322
1994 250
1994 33
1994 1989
3263 1011
3264 2303
1080 1052
662 500
678 247
2418 8
2418 765
2418 522
2253 1124
489 2304
489 2305
489 161
489 1281
489 71
489 175
2319 366
2319 1450
2319 2306
2319 2307
2319 2308
1941 603
1941 644
1941 558
3265 854
356 2309
356 1102
3266 128
295 83
295 293
834 90
518 1268
2320 2310
3267 706
3268 465
1201 569
1201 929
3269 199
3270 2311
1520 1521
1520 1248
604 2312
808 231
3271 172
675 2313
675 2314
3272 366
3273 2315
2149 711
3274 1039
866 888
866 767
866 1775
866 500
784 2016
612 620
3275 392
3276 57
3276 804
3276 719
3276 1165
3276 1286
1931 1089
1152 386
1152 104
1152 295
1152 2316
1152 848
1152 193
2115 1888
2115 2317
2115 735
261 457
1630 231
1630 764
3277 1588
155 1095
155 1094
155 1158
155 2277
2367 134
2367 915
2367 1410
539 1344
539 2237
1534 637
3278 254
2397 1021
2397 892
855 208
855 2318
3279 1483
2308 2319
2310 2320
2310 279
600 926
1515 8
1515 1522
1515 1720
1508 1820
2064 1265
2064 104
2064 654
2064 2321
2064 709
2064 2093
2064 1941
572 2322
572 1342
572 161
2297 89
3280 128
3280 218
2225 10
394 2323
394 128
67 588
67 339
67 2324
67 1823
67 1230
67 870
67 201
67 2325
1720 362
3281 134
3281 202
3281 272
3281 1663
3282 2326
3282 1479
2281 386
3283 317
323 1610
3284 1017
175 1476
175 283
175 1095
175 2327
175 6
175 2328
175 2329
175 89
175 219
175 1239
175 423
175 2330
175 272
175 2331
175 401
175 336
175 2332
175 489
175 1100
175 782
175 21
175 766
175 396
175 116
175 1287
175 335
175 892
175 2333
175 1344
175 388
175 976
439 256
439 722
3285 2314
2394 2334
1117 2317
1117 2335
1117 227
1117 2336
3286 116
3287 332
440 227
440 541
440 455
440 256
440 6
440 1073
440 2337
440 1001
3288 363
1780 716
2291 202
974 245
974 1055
3289 1089
2284 382
1382 33
492 968
492 1274
3290 417
2233 323
3291 2338
3291 905
135 2339
1582 783
2299 386
3292 1820
3293 273
3294 614
3295 513
2448 517
199 1207
199 206
758 395
758 6
3296 1530
1557 627
3297 1010
999 557
1904 1536
1904 2340
3298 911
791 2341
3299 871
1362 158
1362 79
957 2342
1539 8
3300 1681
3300 2343
3300 2344
969 2310
969 1010
969 1103
3301 2026
992 2345
3302 2281
2106 2346
1028 1454
3303 2347
702 360
702 2001
702 427
702 23
702 1366
702 455
1779 288
897 57
897 256
3304 1481
193 1768
193 2348
193 601
193 2349
193 2350
193 1152
193 775
193 1836
882 2351
947 1363
3305 1939
3306 1089
848 2352
848 441
848 280
848 657
848 2353
848 736
848 1152
848 2166
848 301
848 256
848 1339
848 284
848 2354
848 2355
3307 128
2171 101
243 2356
243 77
243 65
243 392
243 2357
243 243
1660 2358
665 609
665 196
159 2359
159 233
159 559
159 523
159 161
768 1486
768 6
769 6
769 631
378 99
378 373
378 202
378 386
378 631
410 1735
410 2360
1816 2157
1816 2361
1816 202
3308 427
3309 1961
544 579
544 692
976 175
976 189
3310 2362
3311 276
3312 2363
3313 991
586 1650
586 1409
3314 934
3315 2364
3316 81
3317 227
1836 193
3318 270
3318 889
2349 193
1772 2365
1772 2366
1772 767
1174 876
1174 1653
1174 1065
1174 346
3319 231
3320 1362
3320 2367
1011 2368
1011 1106
1011 335
1011 316
1011 33
1011 99
1369 1350
1369 1500
1690 993
1690 2084
1690 2369
1690 1624
1053 915
3321 193
1156 310
1085 1424
309 1749
309 2168
309 279
309 74
309 2370
1995 2371
709 2056
971 2372
2125 404
2125 2210
2125 2373
3322 295
3322 392
3323 1106
2129 2374
3324 566
1835 2375
3325 467
1668 1733
429 190
429 1106
429 1929
3326 473
1945 186
3327 279
3328 1479
3329 1736
3329 1962
3330 265
1627 1338
2438 1441
3331 709
1924 285
1092 1526
1092 578
1092 1700
1092 894
1092 380
1092 1334
1562 1483
1562 1281
3332 2376
3333 1114
3334 2377
97 83
97 262
97 546
12 11
12 2316
3335 1950
2213 2378
2213 698
3336 885
2209 59
3337 237
3338 2379
3338 276
3339 1788
3340 588
3341 541
3342 1547
3343 2111
3344 1231
2315 1544
3345 578
935 1864
1705 1778
1705 2380
3346 1808
994 1125
857 885
857 1350
3347 973
1194 2381
3348 956
3349 545
1730 807
2089 22
366 2319
366 2156
366 1077
366 1581
366 386
366 2382
366 1395
366 540
366 631
366 1709
366 1442
366 2383
366 1774
366 1096
366 101
366 1139
366 579
366 663
366 571
366 2384
3350 10
3350 686
633 2385
2141 2386
3351 519
1418 189
292 1
292 11
292 2387
292 332
292 424
292 2388
292 886
292 223
292 2389
292 133
3352 337
3353 231
1333 1258
3354 231
1576 437
3355 1486
1198 632
1304 595
1304 1364
1304 350
1304 2390
1304 2391
1304 1338
1977 1319
1543 8
1543 2392
1543 375
1751 2393
1751 1750
3356 14
2334 2394
2334 510
2110 2395
2110 1281
3357 1174
1223 2396
3358 2397
3359 23
3360 698
2442 112
2442 503
2442 98
2207 104
106 487
3361 1436
3361 1296
603 2398
603 603
603 79
603 1252
603 295
603 1192
603 2312
1078 885
1078 223
1078 2399
1078 1324
1078 224
1715 2304
1482 2400
2340 2401
2340 39
3362 1
3363 2402
2431 1290
2469 403
2078 180
2078 552
1586 2403
1586 709
680 13
1577 594
2401 39
2355 848
2103 2156
3364 288
3365 1372
3365 2404
3365 10
1491 1878
1491 2405
2142 2406
2142 1513
3366 572
3367 871
3368 2407
3369 1808
3370 2408
3371 671
1116 675
214 75
214 1252
214 1943
214 2041
214 256
214 2344
214 635
214 1170
214 208
214 659
214 2409
706 14
706 413
706 1026
706 2410
1161 2411
304 2412
304 2413
304 2414
1032 480
1861 1200
2037 552
2444 1504
3372 1001
920 2415
920 107
3373 1069
3374 487
3375 2416
1007 636
1007 2417
1007 1410
1834 2249
946 854
3376 1014
2120 123
1204 221
3377 469
1698 448
1698 177
1698 7
2369 563
522 258
522 1344
522 2418
3378 2419
3379 1191
3380 2420
2039 729
1501 647
3381 1894
452 231
452 256
452 834
3382 1137
601 2421
601 2350
2262 1005
3383 369
3383 227
3384 1858
3384 500
250 2226
250 927
329 366
329 1297
1292 2422
3385 6
387 1617
1463 859
3386 1928
3386 1545
1594 89
1594 904
1594 280
3387 726
1381 33
3388 702
2420 2423
2420 2424
1755 1950
1755 38
1755 862
127 395
3389 134
3389 1128
3389 1836
3390 8
737 2425
737 178
3391 192
3392 126
152 2426
351 61
577 1229
418 658
418 1487
418 659
418 2
3393 83
1759 1510
1759 862
27 356
27 705
27 2427
27 8
27 2428
27 1093
27 775
1663 279
1663 53
69 440
69 386
69 501
69 1756
69 524
69 455
69 2429
69 338
69 363
103 227
103 711
103 1544
103 1650
103 363
103 1469
3394 51
1625 1225
252 37
1288 1788
3395 2430
1290 2431
3396 1674
3396 1648
3396 1321
1227 389
1038 272
1647 2081
870 67
2294 202
2294 21
2294 503
402 2432
785 50
107 191
107 1678
107 96
107 265
107 2433
107 2434
3397 279
501 288
501 1631
501 1132
3398 1290
1068 77
274 1763
587 1059
3399 250
2086 368
3400 134
3400 515
3400 149
3400 466
710 422
710 75
3401 1659
659 2435
659 1182
659 784
659 244
659 214
659 418
659 222
3402 2436
3403 2088
263 709
2147 413
503 2437
2055 413
2055 787
2055 20
2047 579
3404 256
3405 272
260 2172
342 979
3406 1275
1438 134
1438 107
1438 1387
3407 2146
1898 2200
98 2438
98 158
98 2439
98 214
98 363
98 6
98 810
98 436
98 864
98 293
98 561
98 2440
98 2441
98 1546
98 2442
98 2443
98 231
98 1137
98 572
98 386
98 89
98 137
98 558
846 1594
846 280
1215 2444
1215 917
1215 2445
1215 517
1215 876
1215 1974
1215 2446
1588 2447
517 2448
517 1215
1442 8
1442 2449
3408 2450
3408 2451
595 1373
595 765
595 2452
996 74
3409 1573
3410 123
2466 406
3411 2453
3412 413
2080 469
2187 1261
922 786
922 1323
3413 268
3414 1019
3415 2454
3416 1006
3417 1224
2240 27
2240 362
2240 2455
3418 50
1225 1571
1225 692
1225 1625
1225 389
3419 351
909 384
909 1585
909 2456
909 594
909 6
399 2457
399 250
1926 285
1926 400
1926 371
1874 810
1874 948
3420 1487
1083 245
1280 2458
279 464
279 1543
279 2459
279 16
279 158
279 8
279 373
279 309
279 692
279 1443
279 2405
279 1352
279 279
1982 646
1789 1034
1300 2460
1300 2461
1300 79
1300 2462
325 2463
3421 1336
1757 202
1757 862
1111 24
1111 1106
1111 559
1111 161
3422 1344
896 2225
896 2464
896 2465
896 182
972 510
861 861
3423 79
3424 1089
3424 1673
3424 600
1150 1510
1150 791
406 2466
406 272
406 407
406 2467
406 2468
406 2469
406 2124
1872 2470
3425 53
590 2101
553 592
2368 1011
2201 1154
3426 2471
3427 1
653 202
653 2472
653 262
3428 256
1409 2473
1409 2474
1409 586
1409 2441
985 2475
3429 107
3430 1235
3431 142
1480 57
1480 642
1734 134
1734 279
1734 2476
1430 2477
1430 1426
1430 1460
453 1621
453 2409
453 1643
241 403
194 1511
194 159
837 512
837 978
837 2457
2104 9
2104 192
632 1529
632 1198
632 631
632 99
632 378
632 1089
632 1075
632 2478
632 15
2166 202
137 1268
137 364
137 499
137 57
137 1530
137 2230
775 572
775 1809
775 73
775 1252
775 90
775 65
775 27
775 606
775 6
775 2479
775 775
775 193
775 573
2455 499
