2394 0
2395 1
1016 2
2396 3
3 4
3 5
3 6
3 7
3 8
3 9
305 10
305 11
305 12
2397 13
490 14
490 15
490 16
490 17
490 18
490 19
490 20
1698 21
224 22
224 23
224 24
2398 25
1810 3
1810 26
1810 27
1810 28
2399 29
2357 30
2357 31
438 32
438 33
1539 34
2400 35
2401 36
472 37
81 38
81 39
2402 40
2402 41
2403 42
486 43
2404 44
2404 45
2404 46
1740 47
1740 48
1740 49
2405 50
1873 51
2406 52
279 35
279 53
279 54
279 55
279 56
279 57
279 58
279 59
279 60
279 61
279 62
279 63
279 64
279 65
279 24
279 66
279 67
279 68
279 69
279 70
279 71
279 72
279 73
279 74
279 75
279 76
279 77
279 78
279 79
279 80
279 81
279 82
279 83
279 84
279 85
279 86
279 87
279 88
279 23
1481 89
2407 90
857 91
1525 92
1525 76
982 93
982 94
297 95
297 96
297 97
2199 98
2199 99
2408 100
2409 101
694 102
694 103
1153 104
121 105
743 106
743 107
2410 46
2411 108
1370 109
215 110
215 111
215 25
782 112
782 113
782 23
782 114
782 115
1780 116
998 117
390 118
390 119
968 0
968 120
968 121
968 122
314 123
314 23
314 124
314 125
314 65
1186 126
1186 0
1186 127
1213 3
1213 128
1922 129
1932 130
1932 131
1932 132
1932 84
1932 133
2412 134
1319 135
661 136
24 137
24 138
24 139
24 140
24 141
24 142
24 143
24 144
24 97
24 145
24 146
24 147
24 148
24 149
24 150
24 151
24 104
24 152
24 153
24 154
24 155
24 156
24 157
24 78
24 158
24 159
24 160
24 161
24 162
24 84
24 28
24 163
24 164
24 165
2413 166
239 167
1022 168
1022 169
1022 170
1022 171
1022 172
1022 173
1022 46
1022 174
1022 175
1022 176
1022 177
1022 178
780 117
780 179
780 97
1700 180
1700 97
2414 181
2414 182
1276 183
499 184
499 185
499 186
499 187
499 188
499 33
2415 189
1993 38
1993 190
2068 191
565 192
565 193
565 194
2416 195
1462 196
2417 197
1191 198
1191 199
1191 200
1191 28
1191 129
1191 0
1191 201
1783 202
1828 203
1423 21
1891 19
1891 140
1891 204
1891 205
1891 206
2418 207
1825 28
1825 208
2139 209
2419 193
355 210
355 211
2420 212
2421 213
1395 214
943 215
943 216
943 217
943 218
658 219
658 220
2422 221
2422 222
2423 223
1978 146
591 72
591 224
591 225
591 226
591 25
591 227
591 97
591 228
591 229
591 230
763 231
763 232
763 223
763 233
922 234
2424 235
2425 212
2425 97
417 236
2270 237
2270 238
2270 239
1522 240
474 173
474 241
2305 242
575 243
2426 244
1229 245
2427 246
2428 247
2429 248
797 97
731 249
731 69
731 250
731 251
731 252
731 189
731 253
1857 254
2315 255
1495 256
1495 35
504 257
504 258
504 259
504 260
504 261
504 252
504 262
504 263
504 33
2430 264
2431 54
715 265
1465 266
1618 41
744 267
744 258
744 268
2002 93
2002 269
2432 270
1251 117
1251 271
2433 272
2434 273
2435 274
2436 212
2437 275
423 212
423 276
423 277
2209 278
61 279
61 97
1640 280
1640 281
2438 194
1612 212
450 282
2439 283
1543 23
607 284
2022 285
2440 286
1458 287
669 288
354 289
354 21
354 132
354 290
354 291
354 65
2441 185
2442 110
1400 154
2443 292
2444 227
2444 293
1045 104
2445 294
1027 187
1027 82
2446 295
95 296
95 297
95 85
95 298
95 299
95 207
95 300
95 301
95 302
95 65
1862 303
2447 304
10 305
10 306
2448 307
2449 54
1271 308
1271 309
23 310
23 212
23 311
23 312
23 313
23 314
23 315
23 185
23 224
23 316
23 317
23 318
23 319
23 320
23 321
23 322
23 323
23 15
23 28
23 324
23 25
23 325
23 326
1660 270
1660 327
803 328
803 329
803 330
803 224
803 331
803 332
803 274
803 97
803 333
2134 334
2134 335
2134 336
2134 337
518 338
518 339
518 340
518 341
518 342
518 343
518 21
518 344
518 191
1941 345
684 346
684 109
684 347
684 348
684 97
1128 349
1128 350
2450 351
290 352
290 184
290 353
290 70
290 354
290 355
290 356
290 357
290 358
290 359
2451 148
56 360
56 361
56 154
2452 362
592 363
592 364
592 365
2453 366
2454 319
2455 367
1630 368
2456 46
2456 183
2457 369
2457 252
2457 33
371 370
371 343
371 371
1379 372
1379 373
2458 374
2146 109
45 375
45 376
2262 377
2262 271
2459 378
2459 379
2459 312
2460 380
2461 58
381 381
381 84
381 382
381 180
381 383
381 384
381 385
381 386
381 146
577 197
1480 89
1480 97
1980 387
1980 388
2462 89
1861 389
1590 390
2463 391
2464 392
904 393
904 394
1047 395
1047 135
2003 396
2003 177
2465 397
2465 398
2465 154
2466 347
2466 32
2466 399
2467 400
595 401
181 402
181 403
2363 404
326 405
326 226
326 406
326 28
326 407
326 408
326 409
326 252
326 410
326 411
1546 412
300 413
300 95
300 414
300 415
1265 416
2468 240
1152 173
236 417
236 418
2191 419
261 420
261 421
276 422
276 423
276 424
276 425
666 426
785 277
785 427
785 185
785 32
785 97
2469 415
749 25
2470 200
2471 428
443 429
443 235
1940 167
1013 75
712 362
712 430
2472 31
1741 163
1741 431
1344 109
1409 280
1409 84
986 21
2065 235
2116 227
1935 35
2349 432
2349 414
68 176
68 433
2473 434
2474 435
2475 436
1309 437
1309 438
2476 439
463 440
1701 441
1701 442
682 443
2477 444
2478 212
521 445
1003 446
2479 425
2480 447
2481 448
1170 449
282 450
282 451
282 452
282 453
807 310
807 454
807 455
807 456
807 457
807 458
807 21
807 47
807 459
807 460
807 461
807 97
807 462
807 104
807 333
822 218
440 463
2482 92
482 190
482 464
1394 465
1394 258
2483 466
2484 467
137 468
137 469
137 470
137 89
137 471
137 472
1996 473
1996 28
1996 474
2485 475
2486 476
2487 477
1777 478
190 479
190 480
190 481
190 411
190 482
190 464
1118 483
1118 484
1118 485
43 486
43 128
43 35
677 487
677 374
677 488
677 103
677 312
677 97
677 489
677 64
677 99
32 109
32 490
32 491
2080 492
2080 493
2488 494
1202 495
33 496
33 212
33 35
33 497
33 369
33 498
33 32
33 491
33 499
33 500
33 501
33 502
33 503
33 504
33 505
1637 506
456 507
456 508
456 509
1363 510
1363 511
1302 212
2489 512
2490 513
879 259
343 514
343 0
343 240
343 477
343 515
343 516
343 517
343 518
343 216
343 519
343 520
343 521
343 522
343 38
343 523
343 524
343 25
343 196
343 88
343 525
1120 526
1120 527
2491 308
2492 528
2265 529
2265 530
1426 531
1426 532
1923 129
2100 28
1992 533
1992 534
1992 535
2369 16
2493 13
2493 536
108 537
2494 104
2494 353
2495 538
2496 89
2496 505
427 313
427 539
427 540
427 185
1866 541
1853 542
313 543
313 227
313 544
313 545
2497 467
2273 546
1579 173
2498 243
2112 106
2499 440
2500 227
2501 547
2502 548
2378 549
2378 550
2503 206
1724 551
2504 552
2504 553
1469 15
1288 554
1288 555
1288 556
1288 557
1288 558
444 559
1985 560
813 561
813 562
813 563
813 315
813 564
193 565
193 566
193 567
1668 568
1668 166
2505 569
761 570
761 571
761 572
761 573
761 574
761 575
2506 124
776 258
2507 576
491 192
491 32
491 33
2508 270
2159 109
197 577
197 371
197 578
197 579
197 180
197 580
197 581
1884 582
2509 583
1175 283
1074 53
1074 484
1074 584
2510 585
1235 586
1235 587
1235 193
2212 588
1653 589
825 28
2511 251
2511 308
2511 590
2511 591
363 592
363 154
1506 25
1042 394
1042 593
1042 266
1042 594
1042 595
1042 596
2512 109
1169 597
2204 598
2513 38
2514 599
1524 76
2515 600
843 565
843 601
843 41
843 503
843 602
843 603
843 92
843 604
843 605
843 606
843 607
1747 154
938 109
938 69
938 536
1159 608
1159 609
1159 610
1159 611
1159 127
1159 612
2516 613
1566 28
2517 24
1733 614
1733 615
1733 616
1733 617
1960 384
2518 618
2107 544
1907 619
299 95
775 620
775 216
775 621
775 622
775 623
775 511
775 144
775 624
775 386
775 277
1533 625
1954 626
1954 627
926 628
926 31
926 629
926 630
1448 212
1448 631
1448 500
1448 280
1448 187
1448 557
1066 38
1066 632
2172 633
1967 36
2519 135
1023 177
1023 287
1951 634
318 23
318 635
1126 636
1126 637
54 638
54 639
54 54
54 640
54 641
1975 160
1799 642
2520 643
2520 550
2521 24
1608 69
1608 270
2522 494
342 644
630 645
244 646
2523 647
2524 572
1482 648
826 649
826 650
826 21
826 651
826 488
826 28
826 595
826 396
457 652
457 54
1275 653
1275 446
1275 252
1886 376
469 377
2247 654
814 530
1966 655
2525 656
2525 657
2526 45
1846 203
83 53
83 44
83 279
83 658
2527 538
1705 21
1705 252
2528 141
2529 659
1991 660
2229 661
2229 662
207 15
2530 124
2531 663
1304 664
298 95
2532 137
2533 653
2534 622
2535 413
1036 24
1036 396
1036 454
1036 665
1036 235
939 666
939 527
939 444
939 667
939 668
288 669
1206 670
2536 671
178 40
178 374
178 672
1030 673
1030 220
1427 674
1427 675
1427 676
99 106
99 677
99 508
1381 678
1381 679
1381 680
1381 362
1381 681
1381 682
1385 683
348 28
348 139
348 684
348 685
2348 686
1699 687
1699 688
1699 689
530 690
530 691
530 21
530 692
530 428
530 693
530 694
530 283
204 527
204 695
204 279
204 696
204 697
204 698
204 699
204 700
204 701
204 0
204 551
204 702
204 357
204 703
204 65
1337 44
1337 704
1337 705
2537 389
2537 706
2538 707
2538 565
2538 708
2538 709
1585 40
362 710
362 711
362 712
362 713
362 714
362 715
1798 78
1798 508
827 716
2539 294
2540 717
350 718
350 719
403 720
403 154
2541 721
1670 722
2542 723
552 724
552 725
552 726
552 243
552 109
552 587
552 727
552 154
552 66
552 728
552 588
552 320
552 729
552 730
552 731
552 732
552 733
552 734
552 84
552 15
552 552
552 39
552 735
1587 736
1587 737
1587 591
1587 738
1587 505
1587 739
1587 740
25 741
25 742
25 227
25 743
25 744
25 100
25 745
25 746
25 61
25 591
25 747
25 185
25 748
25 749
25 750
25 751
25 4
25 249
25 562
25 752
25 21
25 753
25 754
25 241
25 160
25 755
25 756
25 28
25 757
25 758
25 462
25 759
25 760
2188 454
574 761
1526 524
19 490
2203 598
2543 212
232 762
232 763
232 764
232 383
232 673
232 555
232 494
2544 239
130 765
130 203
130 435
130 766
420 767
420 768
420 267
924 731
485 35
485 769
485 770
485 92
485 771
485 772
503 28
503 773
503 774
503 117
2545 389
2546 186
1197 4
1197 21
1197 775
1197 776
1197 166
972 777
972 45
972 778
97 212
97 254
97 698
97 235
97 779
97 408
97 780
97 781
97 782
97 783
97 784
97 785
97 786
97 61
97 787
97 185
97 319
97 540
97 383
97 788
97 89
97 176
97 104
97 789
97 790
97 791
97 792
97 38
97 793
97 160
97 21
97 794
97 795
97 796
97 471
97 797
97 78
97 241
97 158
97 55
97 689
97 28
97 798
97 799
97 25
97 800
97 801
97 802
97 803
1614 257
1614 411
1681 536
2547 804
2359 805
1374 479
1374 505
460 732
460 226
460 38
460 442
460 185
460 224
460 21
460 806
460 355
460 807
460 211
460 808
460 700
460 552
460 24
2276 28
2276 517
2548 540
448 405
448 809
2549 225
2356 319
1212 128
1212 810
2150 109
2550 811
1142 812
564 813
564 744
564 814
564 815
2135 816
2551 817
2551 531
2551 818
1241 819
1241 820
2552 801
2055 445
218 821
218 822
676 570
794 823
794 185
794 283
794 824
794 825
794 97
1461 316
488 677
488 826
2553 565
716 827
716 75
984 828
984 829
900 830
900 831
2554 681
1896 832
1896 833
1896 834
285 835
285 836
285 837
183 240
1969 838
2555 839
1769 103
2556 45
2557 840
2558 760
2559 493
1068 841
2560 3
604 842
604 843
605 843
277 674
277 844
277 308
277 845
277 97
277 846
277 847
277 848
277 849
277 850
277 775
277 258
277 325
277 808
277 851
277 852
277 853
277 383
277 252
277 854
277 855
277 562
277 160
277 856
277 78
277 146
277 857
277 28
277 39
277 858
2561 859
2320 618
2320 860
310 653
310 861
310 386
1837 862
708 216
708 863
708 864
708 865
708 866
708 867
2562 868
1419 869
2563 870
2564 871
2565 9
2565 872
2565 873
338 874
12 875
12 10
12 876
12 877
12 40
12 878
12 305
259 879
259 265
151 405
151 880
151 881
151 882
151 607
151 408
151 692
151 883
151 884
151 3
151 885
151 829
151 886
151 887
151 24
151 375
151 888
151 889
2186 142
2186 890
2186 21
1136 891
1401 587
1401 154
1401 892
1323 893
1323 406
2566 279
2271 575
1189 0
2337 894
1004 742
1004 394
1004 895
1004 896
1004 104
1004 78
1004 51
2567 19
2567 54
667 152
1446 285
1446 84
901 897
901 898
901 899
899 897
899 900
899 901
73 902
73 903
393 160
393 539
393 904
2568 476
2569 905
700 906
700 907
700 204
700 908
700 31
471 137
471 909
2570 284
153 910
2571 31
1949 911
755 109
755 24
755 912
755 28
307 163
2572 913
2573 744
1664 914
1664 92
410 915
410 916
410 917
410 258
410 419
410 28
410 21
410 293
410 25
410 9
2183 28
2183 918
735 459
164 919
164 274
164 866
164 293
164 920
164 679
164 163
164 144
2574 212
1279 124
2575 921
365 447
365 922
1024 241
1024 177
422 276
784 923
784 505
268 924
268 925
268 37
645 926
645 810
1445 927
746 64
746 25
2576 928
2577 29
2578 313
2579 89
2580 14
2580 235
1720 86
1720 929
1720 930
507 931
507 456
507 103
622 932
622 775
622 933
330 803
69 496
69 479
69 934
69 38
69 279
69 319
69 935
69 936
69 937
69 938
69 939
69 264
69 731
2581 423
70 212
70 940
70 941
70 942
70 943
70 944
70 587
70 945
70 946
70 947
70 948
70 152
70 504
70 949
70 81
70 793
70 99
70 950
70 491
70 951
70 952
70 462
572 764
572 953
572 954
572 955
2582 956
2583 957
245 93
2584 454
1360 958
2585 707
2586 331
2586 959
878 742
878 960
878 961
878 962
878 185
2587 963
2588 28
2588 82
2588 397
2589 681
186 964
186 801
120 965
120 552
120 221
120 966
120 967
120 968
2590 154
2313 523
2313 383
1751 969
2591 316
1244 200
1198 970
1987 748
2373 846
777 861
777 971
777 972
2592 878
2593 33
2593 684
2593 512
2594 109
2595 973
1893 974
357 662
357 975
357 976
357 290
689 454
689 325
689 853
689 977
689 603
689 978
470 543
1223 28
1223 979
1223 980
1530 981
2596 521
2597 309
93 93
93 982
93 245
1430 983
2598 394
20 28
20 984
2086 773
2086 225
2086 985
2599 28
2600 986
2600 127
2601 394
1143 987
2602 224
2603 787
52 413
2604 988
2605 989
2605 28
2606 391
1050 990
1196 991
1196 992
1196 25
1196 214
1196 155
2607 660
428 993
2608 592
2608 994
2077 655
2077 995
2609 677
2609 996
2609 97
883 151
883 316
883 38
883 997
883 998
2322 999
2322 1000
2322 481
1425 1001
289 354
1489 1002
1634 63
1607 175
896 1003
896 1004
896 1005
158 97
2610 503
2611 774
228 426
228 1006
228 591
989 701
1007 1007
2612 1008
49 49
1874 1009
1874 506
1973 64
2613 1010
1644 1011
1644 1012
1644 411
1646 588
1646 411
2614 1013
2615 47
2616 1014
2617 1015
1179 1016
1179 12
1179 1017
1179 1018
1459 1019
1459 1020
1554 1021
177 1022
177 1023
177 38
177 241
177 1024
2618 97
1491 1025
1491 1026
82 28
82 1027
82 260
82 1028
1354 1029
2284 1030
2284 523
815 521
815 418
815 564
815 286
1121 1031
1121 1032
1121 1033
1121 805
1121 602
1121 1034
1121 1035
1121 117
1121 1036
1121 1037
1121 606
1121 165
2619 1038
576 28
576 1039
576 1040
576 25
2291 1041
596 1042
2620 191
2621 475
2622 1043
2623 1044
395 1045
395 1046
395 1047
1826 208
2202 713
635 1048
635 912
2624 287
2625 1018
2370 782
2370 1049
2370 242
2626 872
2626 873
1714 1050
1714 585
1187 942
1187 1051
2627 1052
2627 1053
579 197
2628 1054
1025 554
1025 1055
2629 983
1854 124
1854 542
1080 805
66 38
66 1056
66 1057
66 220
66 1058
66 529
2630 997
38 1059
38 406
38 844
38 123
38 1060
38 694
38 1061
38 97
38 548
38 1062
38 315
38 258
38 185
38 1063
38 182
38 176
38 1064
38 66
38 69
38 883
38 129
38 177
38 386
38 81
38 15
38 1065
38 1066
38 410
38 189
38 1067
841 1068
841 376
1616 531
1918 1020
2001 109
1171 283
613 1069
2631 913
2075 1070
2632 1071
2633 1072
119 390
1192 0
1692 21
1692 315
641 109
641 54
2634 1073
172 1074
172 302
172 985
2635 1075
2636 938
1910 811
1114 1076
559 444
2637 772
781 1077
781 279
8 3
8 11
2304 1078
897 235
897 686
897 475
897 1079
805 1080
805 281
805 1081
550 1082
550 277
745 825
1577 1083
1577 1084
1577 13
1577 1085
1093 1086
1093 171
1807 197
1807 1087
2638 841
62 1088
2639 1089
1350 346
1350 355
1350 89
1350 684
1690 1090
1690 21
1690 733
1690 829
1690 151
2640 366
2641 500
1466 1091
1466 1092
1466 1093
1466 364
1466 1094
1466 1095
1466 1096
1466 1097
1466 1098
1466 1099
1466 13
1466 1100
1695 736
1695 394
2642 1101
2643 1102
2644 1103
2645 377
2645 196
2646 10
2646 753
2296 166
801 1104
2647 338
1454 1105
2648 28
2649 1106
903 28
903 355
903 1107
903 73
2650 755
2651 1108
2127 200
842 604
2652 1109
2653 276
747 441
747 1110
747 1111
747 550
2654 1112
2654 1113
2655 591
2656 203
1269 1114
1269 89
1269 1115
1269 517
1455 900
1116 1116
1116 1117
1116 1118
2061 528
2341 1119
527 1120
1123 41
1349 346
2657 1121
534 1122
1915 1123
2658 1124
2659 260
1291 1125
2660 207
637 812
637 315
637 1126
349 1127
349 1128
2661 1129
1528 1130
1528 1131
2662 1132
2663 918
1865 1133
464 190
464 464
446 1134
446 1003
446 766
446 1135
446 185
891 1136
1413 1137
1413 227
1413 394
1413 1138
1413 84
1413 844
1413 1121
1413 282
1413 189
2664 1139
2665 1140
2665 1110
2665 84
71 279
2666 377
2026 445
971 777
1476 371
1476 15
1476 221
1476 1141
1476 807
1476 121
1476 1142
1476 1143
2667 1144
561 813
2668 75
2669 991
429 227
429 443
2670 10
2671 0
724 552
2672 686
1800 741
2673 396
58 279
58 25
2674 60
2675 41
1638 506
1676 1145
1676 1146
2676 1147
2677 1148
1109 1149
1109 97
104 1045
104 413
104 1150
104 152
104 650
104 1004
104 751
104 1151
104 67
104 28
104 38
104 241
104 1152
104 1127
104 106
104 24
104 58
104 1153
104 1154
30 1155
30 475
30 540
1031 1121
1588 1156
2678 379
263 1157
263 504
2236 1158
2679 67
2680 258
356 1159
356 290
356 1160
2332 1161
284 15
1864 1162
405 552
405 448
405 411
2039 1163
2039 1164
2039 1165
756 1106
756 25
15 1166
15 166
15 1167
283 1168
283 1169
283 1170
283 1171
283 326
283 1172
283 144
283 1173
283 1174
283 1175
283 1176
1034 1049
1034 482
1034 1121
1034 969
1034 787
324 23
324 1177
324 408
2040 543
1017 160
1017 227
1017 1178
1017 117
1017 1179
1017 386
1017 867
1065 38
1065 1180
1065 753
1263 144
2372 1181
0 1182
0 1183
0 204
0 1184
0 1185
0 968
0 745
0 1186
0 1187
0 185
0 1188
0 89
0 1189
0 21
0 588
0 1190
0 146
0 1191
0 84
0 1192
0 1177
0 191
0 624
0 494
1473 1193
1473 322
844 728
844 185
844 1194
844 25
844 1195
844 277
992 72
992 1196
1611 420
1486 410
1096 92
2681 1197
2682 1198
2683 227
59 72
849 1199
849 376
849 1200
849 1201
849 383
849 1202
849 1203
849 433
1511 851
1511 154
991 1204
991 1196
2684 1205
670 809
670 1206
1361 1207
852 1208
852 639
1418 1209
1418 508
1418 869
1418 1210
1064 1211
2685 97
525 148
2686 206
2687 861
128 394
128 689
128 1212
128 1213
128 203
128 1214
128 1215
128 744
128 126
128 351
128 1216
128 146
1596 1217
778 972
1806 1218
1806 1219
2085 109
2085 1220
2688 1221
2689 1222
2689 562
2689 1123
695 204
2690 119
80 279
80 1115
2014 858
980 1223
980 459
2691 1224
2691 479
643 1123
87 203
87 1225
87 166
222 38
222 711
1844 1226
1844 616
2692 1227
2693 315
2694 1228
2120 23
2120 227
1899 744
2695 843
2695 102
2696 412
1575 1137
2697 76
2698 1229
2699 842
2700 238
1384 688
1037 1121
1037 315
1232 1230
1232 1231
1232 1232
1232 146
1563 764
1563 1233
1563 498
1563 475
2701 646
2702 803
1791 1234
1514 468
1514 235
1514 587
1514 1235
1514 1020
1514 396
1514 1236
1237 282
1237 13
1237 1237
1757 1238
2703 1239
2704 33
94 1240
94 982
94 818
2705 653
200 1106
200 1241
200 510
200 1233
200 1242
200 1191
200 756
200 1243
200 1244
200 1003
200 140
200 1245
200 1246
200 819
200 200
200 1247
200 1248
200 1249
200 441
200 1250
200 1251
1550 1013
1550 1252
2706 787
1266 497
1266 1253
2707 1254
612 1159
2708 1255
2335 714
2256 1256
2256 1099
2256 64
2281 793
2709 124
2710 1257
2711 621
2712 1005
2713 1258
1456 369
1456 924
1456 1020
1456 1259
1965 164
2714 93
2715 1260
2716 277
2288 274
2288 227
477 61
477 224
477 554
477 44
477 316
477 144
477 426
477 9
1451 1105
144 212
144 1261
144 477
144 235
144 117
144 394
144 204
144 1262
144 28
144 1263
144 974
144 241
144 811
2717 1094
2718 97
1515 692
1515 1264
317 23
317 1265
497 1266
497 33
2719 252
1260 787
1260 1267
2084 1268
2720 1005
2206 439
1205 1269
308 1270
308 1271
2721 16
2721 505
2722 646
2723 97
2309 1272
2309 1273
1442 1274
2724 716
2724 75
461 1275
1060 227
386 381
386 733
386 38
386 69
386 369
386 203
386 1063
386 1276
386 1017
386 553
386 21
386 23
1958 1277
159 1278
159 375
159 29
2725 126
2387 773
31 256
31 251
31 1279
31 1280
31 1281
31 1223
31 1282
31 907
31 1283
31 1284
31 1285
31 700
31 284
31 555
31 1286
31 96
31 1287
2726 785
1680 660
1680 536
1139 1288
1139 1049
1139 1100
2267 1289
1512 587
1574 1090
1574 1290
2727 428
766 5
2728 72
1125 879
1125 1291
1125 530
2729 1292
2730 781
1538 1137
1538 355
1538 1293
2110 1294
2731 450
2142 1295
2142 793
2142 12
2142 876
501 655
1100 1296
1100 1297
1100 1298
1549 1299
2190 1111
2732 3
2041 543
2733 454
2734 200
1629 106
1629 1300
1629 760
1629 212
246 251
246 1301
246 591
44 800
44 241
44 477
44 599
2735 1302
664 1303
664 1304
664 1305
789 97
555 1288
555 31
359 290
2123 335
2736 505
2185 210
2111 110
1881 1306
1881 1307
2124 867
2737 11
1731 1308
437 1309
1355 1310
856 1311
856 277
79 279
2738 1312
1398 1313
701 479
701 942
1516 580
2223 1314
2739 27
2740 983
2385 114
2741 1315
2741 1316
135 1317
135 1318
135 685
135 833
135 1047
135 1319
135 1046
135 377
2742 1320
718 1128
718 1321
406 42
406 1322
406 1323
406 326
406 76
406 1218
406 700
1527 1228
1527 1324
1378 878
2743 821
2744 21
2744 1325
2744 127
2219 1326
2745 135
2746 1327
253 315
253 1328
253 319
253 552
253 969
253 103
253 731
2047 1329
2047 1330
2087 1331
2747 1332
2748 1333
686 764
686 1334
923 784
993 338
993 428
2749 1335
2217 1336
767 420
829 249
829 1337
829 984
829 151
829 1338
829 277
1356 199
1356 1339
1356 235
1356 1104
1356 1340
1356 1341
1033 1121
2750 1342
1771 1343
965 120
2008 1344
2008 27
2008 1345
2751 15
2752 1288
1921 343
866 1004
866 258
958 1346
958 394
958 668
958 635
2753 333
1841 913
1841 374
2754 1347
2755 1348
346 1349
346 1350
2756 1351
2757 684
230 140
230 1352
230 1353
1029 1354
1029 1355
1029 888
1029 440
2257 570
2257 587
1104 1356
1104 1357
1104 1358
2758 1359
558 1288
668 1360
2759 277
1258 227
1258 1361
2253 1362
2760 1363
2761 1364
539 393
539 347
539 1365
539 411
1912 195
1517 1366
1517 1367
489 21
2762 922
2763 830
1372 479
479 1368
479 1369
479 701
479 1370
479 1371
479 69
479 1372
479 1066
479 861
479 280
479 391
479 1373
479 1374
479 1375
1545 107
2764 890
1312 47
1312 1376
1312 1377
1591 1378
2036 212
2765 495
753 28
753 179
753 466
753 306
2766 512
372 1379
2767 834
2768 1380
2769 1381
2770 1102
553 508
229 591
229 745
2771 421
17 490
391 265
391 1382
391 1383
1405 861
1405 760
688 1384
528 1385
528 760
1840 374
2772 336
1383 879
791 902
791 1386
791 117
791 1387
791 744
791 1388
791 97
791 791
2244 163
2773 427
2226 1389
1417 471
1417 394
1484 1299
1484 744
1484 293
1484 1390
402 181
690 1072
690 530
2774 196
258 1391
258 505
258 227
258 38
258 531
258 315
258 1392
258 28
258 773
258 268
258 127
258 776
258 1393
258 107
258 249
258 866
258 1394
258 377
258 146
1216 128
1216 662
573 1395
573 761
1313 1396
1313 733
1313 396
1313 1397
1313 1398
2775 1399
154 552
154 336
154 1400
154 467
154 124
154 1401
154 363
154 142
154 1298
154 1402
154 1403
154 1404
154 1405
154 165
1399 1406
2776 1407
1199 1098
1199 1408
1199 1409
1199 1410
1199 849
394 1411
394 1412
394 1413
394 1414
394 28
394 251
394 958
394 1415
394 847
394 227
394 1416
394 1130
394 224
394 65
394 128
394 904
394 1417
394 386
2777 826
1957 46
1957 826
1754 480
1560 619
869 1418
869 21
869 1419
1210 1418
2778 440
2294 1035
650 104
650 1420
2352 1239
2352 25
2352 803
2352 185
117 1421
117 1422
117 650
117 503
117 588
117 1070
117 1017
117 1423
117 252
117 432
117 266
117 587
117 791
117 500
117 1424
117 386
117 1425
1164 673
2779 508
532 1426
674 1427
674 591
674 454
983 1428
983 1429
983 1430
983 171
425 276
425 103
2780 1431
2781 45
2782 1212
1870 1432
1870 1002
1870 89
1870 716
1870 146
1609 1121
188 499
1092 1312
1092 1433
2090 822
2090 1434
1305 1435
956 1436
711 280
788 189
788 97
788 530
2783 543
2784 385
2785 1437
2786 1438
2240 679
65 812
65 1439
65 214
65 95
65 1440
65 354
65 679
65 460
65 252
65 343
65 1441
65 322
65 21
267 744
2787 1442
1894 974
1894 1443
1894 1444
2788 28
2122 127
927 420
927 1445
280 1446
280 1268
2104 56
2104 352
2104 1447
2104 154
187 662
187 1448
187 1449
187 1070
187 1027
187 1450
1105 1451
1105 1452
1105 1453
1105 1454
889 244
889 1455
902 28
902 791
2789 737
599 376
599 369
599 142
599 680
599 313
599 1158
599 302
2790 692
2791 685
1020 160
1020 1456
1020 1457
1020 1458
1020 151
1020 1459
1020 1236
2792 3
196 722
196 38
196 1460
196 258
196 1461
196 1462
196 1463
196 77
266 1464
266 1042
266 117
266 25
266 1465
266 541
266 104
2793 1466
2794 326
1694 1467
2795 564
1831 319
1573 1468
379 40
1809 1087
2796 700
2797 1469
2797 1470
660 1471
660 997
2798 1312
2798 1472
2799 1473
441 1474
441 1111
441 1475
89 1476
89 565
89 149
89 1477
89 203
89 1478
89 320
89 1479
89 822
89 1480
89 990
89 109
89 538
89 1216
89 1481
89 1341
89 315
648 1482
2800 142
2800 1483
293 257
293 1484
293 1485
293 1298
293 1486
293 410
88 343
88 279
2801 1487
2802 1488
2803 46
2803 510
1838 539
1838 374
1207 1361
2804 539
1002 1489
1877 1490
1026 1491
2805 1492
1883 1434
256 1493
256 1494
256 31
256 1495
256 1496
1332 618
2806 1198
609 1159
2807 1326
509 1497
2078 1224
2078 204
2808 1197
2808 204
2809 1498
2810 441
2810 779
2810 1499
1984 1500
102 235
2811 355
1827 522
2812 1501
2141 109
2813 888
2814 1502
2059 1503
449 1170
449 1476
2815 391
2816 25
2817 645
587 1504
587 1505
587 793
587 1506
587 84
587 1507
587 587
587 70
587 564
587 117
587 343
587 1508
587 1509
587 1510
587 1511
587 1512
587 1513
587 1514
587 65
587 315
692 1515
692 530
1624 517
1624 1516
2818 1517
337 1518
796 1130
796 97
2819 905
1411 21
1411 395
1411 394
1411 1519
960 878
960 383
517 1332
517 1520
517 41
517 773
517 1521
517 251
517 1522
517 587
517 775
1824 338
2820 178
76 1523
76 1524
76 1525
76 905
1860 1519
524 343
524 1526
1228 1527
250 1270
1130 1528
1927 1529
1982 146
2821 347
981 913
981 1530
1642 411
2822 117
1059 38
2213 283
2213 132
1565 1531
1565 772
1565 1532
1565 483
2823 1049
2823 1464
625 1533
625 1534
2824 237
2825 1535
2826 1218
719 66
2827 1536
2828 310
219 439
219 220
2829 1537
1293 1538
2830 381
34 1073
34 1539
1073 127
2831 787
2197 1230
2197 1272
2197 515
802 1540
2832 25
1298 467
1298 293
1328 23
1328 270
1063 386
1063 438
540 277
540 46
540 30
540 607
540 185
2833 1541
811 1542
811 144
811 174
500 502
1253 1543
1253 1266
1801 1159
107 743
107 258
107 1544
107 210
107 1545
107 1389
107 270
1057 1546
1057 66
1127 104
1127 1128
2834 1278
2835 1073
453 282
77 196
2069 598
1721 109
1721 332
1772 432
1772 123
1772 1547
1772 1548
2836 1549
1432 1013
623 1195
623 775
2837 1288
1788 742
1788 1550
1788 1551
1788 1552
2021 1553
2838 1554
1561 619
1561 1555
2839 588
2840 84
1643 1461
1643 976
1643 411
1643 1556
2290 484
170 1557
170 510
1012 232
1716 1265
1716 102
1716 1558
1716 849
2841 212
1107 903
2842 1559
2842 599
619 1555
619 1560
619 1561
619 617
1392 1562
1392 1563
1392 1154
1392 25
1347 1487
1889 140
808 460
808 277
894 727
1691 21
1691 1564
1531 1565
2843 447
1765 103
1601 28
1601 1566
1601 1567
1666 500
2844 547
2845 471
2845 459
2846 1568
1749 1569
2847 109
220 1030
220 1570
220 1571
220 658
1576 1572
1576 1074
1576 1290
1468 1573
1468 1574
1137 1575
1572 1576
2848 212
1340 1356
1340 484
1340 1565
1085 1490
1085 1577
2849 54
2295 4
2295 743
2167 1578
2167 1051
1254 1579
2850 467
1729 1580
516 1581
1544 755
1544 258
1544 107
1544 15
1544 552
1544 1582
1544 152
1184 252
2851 281
1620 155
2852 1583
347 171
347 684
347 32
468 226
2853 384
40 394
40 185
40 1584
40 1585
40 1586
40 241
40 178
738 1587
1869 100
652 457
1255 539
2854 1438
1814 885
302 95
302 170
302 172
562 1497
562 591
562 1588
562 28
562 552
562 813
562 1589
562 886
562 277
1299 1484
1299 1590
1299 639
882 151
1805 846
2239 531
2239 679
1147 902
1147 1591
725 1019
725 1592
725 552
725 1593
2855 1594
2856 1339
426 249
426 477
426 1595
426 858
426 110
426 1365
426 666
426 320
426 252
426 766
426 1596
426 21
426 228
426 1078
426 735
426 164
2857 144
2224 1597
2224 1598
2858 396
2858 883
2858 680
9 3
9 1599
1377 1312
2859 1506
1593 754
1508 423
1508 611
1508 76
2860 1162
2860 268
1567 1413
1567 101
1567 1600
1567 1567
1567 1601
1567 1602
175 1022
175 435
189 38
189 1413
189 788
189 1603
189 1604
189 731
333 1605
333 1606
333 583
333 1607
333 1608
165 1609
165 154
165 1121
165 1610
1112 1113
2861 1611
2861 1612
2862 523
2863 1339
726 552
786 97
2168 1613
2864 1614
962 878
962 374
962 103
2865 1457
831 900
831 1615
531 67
531 510
531 1616
531 258
2866 1617
2316 325
192 491
192 1270
192 326
192 565
855 277
41 1618
41 511
41 33
41 1619
41 64
2867 803
2868 1174
75 1312
75 716
155 275
155 1196
155 1620
251 394
251 279
251 480
251 306
251 28
251 21
251 308
251 1350
251 439
251 1621
251 517
251 1564
251 477
251 1622
251 546
251 1623
251 731
251 1624
251 1625
378 1147
378 1626
378 1627
1619 1016
2869 1628
2869 764
2869 484
2870 710
1722 204
2871 166
2871 1318
1300 1629
2872 1630
2872 151
2872 886
2873 135
2222 487
2222 1631
2222 1194
2133 1048
2133 1632
2874 773
1723 1633
1452 996
1338 829
2875 1634
1898 1437
1968 1635
2876 1636
2277 1041
2277 413
506 1637
506 1638
506 1612
506 1639
506 134
506 164
2877 250
105 117
105 21
2205 284
2205 737
1195 623
1195 87
1195 844
1812 1083
2878 1640
411 4
411 405
411 435
411 1221
411 1641
411 1642
411 1643
411 1197
411 326
411 1644
411 475
411 714
411 1645
411 1646
411 539
411 1647
411 1648
411 1649
411 271
2879 1013
78 227
78 1458
78 97
78 1650
78 731
78 111
2880 1333
1084 1515
2038 1650
1696 1651
1696 1652
2881 1042
1376 1312
1081 805
1081 319
2882 1021
1346 958
589 1653
2883 1654
1204 991
199 1191
199 1356
199 884
199 252
199 5
199 1655
199 766
1422 21
2884 124
2884 1471
2885 1508
2886 1656
1880 1657
2887 1658
327 1659
327 160
327 1660
2888 1661
2889 857
2890 844
515 1230
2891 1644
2892 413
2009 1345
1551 775
57 279
57 15
301 95
2175 28
2175 1662
2175 1470
2175 1663
914 1664
914 92
2893 376
2894 1665
2895 109
699 254
699 386
2208 126
2896 196
2232 331
1390 562
2054 445
1117 1116
1406 628
1406 1399
1264 1515
2007 203
1185 0
1185 970
2897 1666
156 732
156 1667
156 821
156 265
156 24
156 1668
2898 203
1990 319
888 151
888 1029
2899 803
2899 331
2899 1669
722 1022
722 1670
722 1671
722 28
722 1672
722 1673
722 241
722 196
2900 1113
2334 1674
798 97
1834 27
1834 945
262 504
2901 366
1224 704
1168 283
1108 1675
1145 1676
2902 212
1415 394
2010 1677
2903 1678
1856 254
1856 477
487 275
487 1131
2904 1294
2286 1679
665 54
364 1055
364 1466
2905 235
2906 1144
536 938
536 1680
536 1681
536 1252
1782 247
1782 1154
2299 1682
1211 409
2907 203
2907 1511
2908 247
1342 171
2909 1683
640 54
1929 1684
21 227
21 493
21 1239
21 203
21 1685
21 1564
21 127
21 1686
21 1197
21 144
21 105
21 97
21 1687
21 1688
21 466
21 1689
21 315
21 773
21 518
21 1690
21 1691
21 1692
21 44
21 252
21 1693
21 1694
21 1695
21 104
21 1696
21 1697
21 1698
21 1699
21 23
21 1700
21 1275
21 1471
21 354
21 535
21 1049
21 1701
21 416
21 1190
21 24
21 1702
21 426
21 78
21 732
21 1703
21 14
21 1704
21 84
21 1705
21 15
21 117
21 1706
21 254
21 1340
21 25
21 429
21 343
21 807
21 410
21 952
21 1423
21 0
21 388
21 475
2910 1707
2910 1708
2911 276
2912 280
2913 374
1497 89
1497 562
1497 1709
910 1569
910 1710
910 153
944 70
134 1711
1424 117
2237 142
2237 1158
905 76
905 1712
905 558
585 1713
585 1714
799 97
118 390
1134 446
1134 200
1134 693
2914 1568
265 212
265 1715
265 983
265 391
265 156
265 1490
265 657
265 1665
2915 539
1414 203
1414 394
1505 742
593 1042
1558 1716
407 326
408 1717
408 1718
408 324
408 1630
408 151
408 97
2347 47
332 117
332 1719
332 116
332 1720
332 1721
551 311
551 227
551 1722
551 787
551 204
551 270
551 1723
551 23
551 47
551 1724
551 1633
1950 1725
1950 1726
13 1577
13 154
13 1237
13 1433
13 171
2916 1727
850 277
1295 109
1193 1473
1193 1728
1193 1729
1193 1730
1193 233
1193 146
1308 1731
1308 1732
2917 183
2149 109
2918 235
1645 7
1645 411
615 1733
2919 376
985 1734
249 1476
249 258
249 28
249 866
249 1735
249 25
249 829
249 731
2353 462
2073 675
1141 1476
1141 1736
2920 1737
47 1738
47 225
47 721
47 1739
47 1312
47 1132
47 1740
47 807
375 45
431 1741
431 100
431 1742
431 280
1052 425
281 28
281 1049
281 281
950 1743
950 1744
950 1745
950 68
1290 1576
1483 1042
1730 1746
1039 1747
1039 576
205 448
2921 530
1443 47
2922 1748
909 212
1569 1749
1569 910
2923 1750
2924 41
1441 1751
1441 1752
657 468
657 1753
657 1754
657 97
1971 624
2925 220
812 214
812 637
812 1143
812 1755
636 1126
2024 1756
1238 1757
2926 560
1819 1758
1819 1128
1819 1759
851 315
851 265
851 362
851 1760
851 1341
851 277
2927 1418
1335 21
2928 1159
103 1761
103 184
103 331
103 425
103 1762
103 694
103 962
103 1384
103 253
103 677
103 1198
103 1763
103 1764
103 1765
103 507
103 318
103 562
103 1766
103 266
103 606
103 1045
103 1767
103 1768
103 1769
103 1770
103 744
1933 1771
1933 1178
1933 1504
1933 51
649 28
649 826
1547 40
1547 1772
1547 760
1547 1773
2929 871
2368 84
2368 1774
2368 411
2368 97
977 689
977 1775
2930 1776
478 1777
2931 1206
2932 587
217 943
1745 84
836 285
2012 1778
930 1779
930 1780
930 1720
243 462
243 575
243 552
2933 81
168 1781
168 44
168 770
168 413
1154 1782
1154 103
1154 1783
1154 1784
1154 153
2164 109
1382 1785
1382 391
2934 134
2934 476
1621 251
955 941
955 572
1178 1448
1178 144
1178 1017
810 28
2248 1786
2935 82
432 117
432 241
779 97
143 28
143 1787
2936 572
1367 260
2937 496
2938 38
2269 1663
2939 753
839 170
839 1788
2940 241
602 1789
602 1790
2941 1791
1098 1199
1098 840
1090 454
1090 1574
557 1288
557 1105
557 70
557 1448
557 530
1343 1771
2089 1792
2089 552
2942 554
2943 1793
2943 1794
1651 104
1651 1696
1651 343
465 62
2944 46
1953 626
2945 1164
2946 376
322 1473
322 23
2947 1795
2947 1796
1542 811
2948 1797
2948 84
1485 293
508 1798
508 689
508 553
508 1799
508 1418
508 99
2949 1800
1706 277
1994 999
1994 479
1070 187
1018 1801
1018 1179
1018 1802
1088 62
681 1803
2950 1788
213 73
2951 1110
563 514
563 718
563 813
123 1804
123 124
123 38
123 216
123 1805
510 46
1219 1806
1087 1807
1087 1808
1087 1809
2144 109
514 343
2306 543
2952 203
26 1810
2953 1811
2953 1812
2954 1813
885 1814
1815 1815
176 1579
176 1157
176 68
176 591
176 1049
176 1467
176 281
176 97
176 1571
176 607
638 1816
638 390
421 1288
421 261
1711 134
2241 163
1368 751
770 168
770 241
1151 1045
1151 1452
1151 1097
1151 1817
291 354
2955 38
2956 631
1058 66
1959 380
2957 124
2958 1818
2958 1476
2959 1503
1759 1819
1759 1820
412 1546
412 154
2960 1821
671 553
671 997
1792 243
270 1822
270 148
270 1823
270 970
1249 200
2252 1824
208 1825
208 1826
208 624
1225 87
1146 1433
1146 92
1146 1676
1728 1827
1728 191
2961 203
2961 1828
2962 1337
2963 420
2238 679
55 1829
55 279
55 1830
821 155
1977 146
1977 1831
2964 28
496 1102
912 1832
912 42
912 185
912 1004
912 1262
2131 876
2131 84
945 1833
945 1834
2056 445
2965 338
2966 113
1793 1294
1341 1835
1341 1356
1341 1587
1341 1836
1341 1511
996 1239
996 1483
2967 1723
862 1837
374 875
374 677
374 1838
374 1839
374 171
374 1840
374 552
374 1841
374 21
374 1842
374 178
961 878
2968 1843
2365 1316
1226 1844
1226 1845
2331 1320
1194 142
1194 1846
1194 1631
2969 343
2361 498
241 235
241 44
241 25
241 144
241 97
377 1847
377 135
377 1641
404 1061
2250 1848
2970 745
400 1849
2380 1742
2971 1816
2971 1850
2972 1851
171 92
1402 28
1402 1852
1402 377
1402 106
542 1190
542 1853
542 1854
542 180
542 1855
542 146
2973 1769
254 699
254 1856
254 1857
254 1858
254 97
2029 1296
2029 166
312 1859
312 677
1519 1860
389 1861
389 1381
389 1123
389 129
2974 93
303 1862
303 1863
1162 1864
1162 744
1133 1865
541 1866
2975 1867
2975 1868
2975 207
100 25
100 1869
642 109
642 1849
642 1799
112 1870
112 271
112 1871
2976 1125
2976 1872
2976 599
2976 1873
1369 479
325 1045
325 422
325 313
1457 1874
2140 1525
2140 1875
1410 1199
946 948
946 1876
1490 1877
11 305
11 8
2977 46
594 1878
594 969
2978 689
790 97
1876 1879
1876 946
1657 1880
1947 611
1306 1881
1306 182
936 69
2979 1882
2980 21
2981 210
2982 84
764 1563
764 232
764 686
764 572
2983 103
2018 858
2984 1191
2984 1883
771 485
771 1094
2249 646
2155 109
162 24
2985 97
582 1884
1931 212
1931 260
1931 1885
1099 1312
1099 1093
1099 679
1218 21
1218 406
2986 857
2987 829
2988 1451
2989 1699
1110 227
1110 747
376 462
376 1886
140 413
140 1887
140 84
140 1822
140 21
140 124
140 1888
140 572
140 1889
140 1890
140 551
140 1891
2028 1892
2990 25
2991 1218
974 1893
974 343
974 1894
974 144
1682 435
2082 288
2082 203
2082 953
2082 1382
2082 544
1808 92
1808 1087
2992 1318
1625 251
1625 45
1852 1402
1852 1010
1852 28
1781 1352
2329 1895
833 1896
833 135
833 377
969 949
969 1897
969 1034
969 594
1475 848
2993 164
2994 1896
2995 454
1437 1898
723 1899
2996 1900
837 285
837 279
2997 760
1901 1344
2317 212
2998 1901
2220 570
2220 1902
2220 941
988 109
988 1518
988 1903
2999 287
1776 28
3000 176
757 1049
757 1904
1934 510
1934 35
2376 1905
600 1073
1970 1906
1970 1907
1970 1240
1970 1908
1970 1724
452 282
828 1909
174 1910
174 811
195 368
195 151
195 1911
195 1912
3001 1446
3002 853
3003 109
1089 439
631 117
631 1448
631 1913
3004 760
893 15
893 1060
3005 1139
979 1914
979 374
3006 1915
466 23
809 448
3007 949
569 376
353 160
353 290
1449 187
937 680
1928 764
1928 1916
597 1917
533 521
392 1359
392 1918
2210 0
2108 1919
2108 1920
3008 1921
129 227
129 38
129 1191
129 598
129 389
129 1013
129 1922
129 1923
129 1924
129 1925
129 440
3009 1926
3009 587
3009 624
3009 591
752 319
752 25
1529 1927
3010 659
3011 580
1076 1114
1739 47
145 146
3012 277
1916 1928
1460 1929
2079 1930
2079 1548
260 1931
611 82
611 1508
1871 1932
39 81
39 160
39 38
39 315
39 1530
39 1805
39 913
39 97
39 548
39 277
3013 565
3014 433
1155 30
51 1933
51 670
51 1873
875 1299
875 305
875 10
875 12
35 279
35 1495
35 43
35 1934
35 33
35 1935
35 485
206 1891
206 493
206 235
1822 140
1822 270
1822 1347
2196 1936
1366 548
3015 607
370 371
1132 1937
3016 1588
548 39
3017 1938
3017 1939
3017 117
3017 242
3017 267
3017 1940
3017 326
3018 1003
1580 1729
2062 227
1352 230
345 1941
567 193
2382 1942
959 164
959 15
1794 1943
3019 949
3020 325
3021 1349
1553 1944
3022 1945
3023 130
3023 1946
3024 1374
3025 109
3026 1947
96 297
96 95
96 1948
96 485
911 1949
1885 363
481 190
481 411
647 1427
3027 744
3028 21
3029 109
2264 320
1766 103
1622 1137
3030 444
122 462
122 1071
122 384
741 1886
741 25
741 1800
741 867
1725 1950
1998 733
1998 1070
634 1951
53 1074
53 38
53 279
53 1191
53 1063
53 1901
53 1230
53 1952
3031 1788
626 1953
626 1954
626 1955
2371 1487
3032 692
1062 1956
3033 174
3034 957
2049 109
46 173
46 510
46 868
46 540
46 646
46 1957
522 1827
522 343
522 1102
687 1699
1259 625
1259 216
1259 270
1259 21
3035 1076
3035 345
3036 302
3037 982
1277 1958
380 1959
380 952
384 1960
384 381
384 705
384 1961
384 122
1144 1962
1144 737
1144 146
3038 315
3039 306
329 1963
329 203
329 68
329 1964
655 529
655 815
655 1734
655 1965
655 501
655 1966
74 139
74 1805
2027 28
36 1522
36 1967
1635 1968
157 24
182 179
182 352
182 1828
2214 1914
2214 310
838 1969
2245 459
3040 139
2366 224
3041 1048
1906 243
1906 1240
1906 1970
1240 1906
1056 66
1055 447
624 792
624 1971
624 1972
3042 21
67 279
67 1973
67 531
67 185
3043 1333
3044 584
2169 185
1371 479
1303 664
2221 1974
2221 442
3045 1975
3046 1216
3046 1070
3047 38
2342 1590
146 1976
146 235
146 54
146 1197
146 1977
146 1870
146 1232
146 496
146 514
146 145
146 1978
146 689
146 612
146 383
146 1979
146 822
146 1144
146 112
146 128
146 1980
146 1981
146 24
146 471
146 732
146 160
146 1982
146 544
146 28
146 369
146 110
146 117
146 1983
146 0
146 624
146 277
1500 1984
63 1634
63 1985
1581 516
319 746
319 733
319 279
319 1838
319 1986
319 752
319 1300
319 320
319 1987
319 267
319 1988
319 1989
319 173
319 69
319 144
319 467
319 23
319 1990
319 1905
3048 163
3049 1781
3050 54
1038 1991
1464 441
1464 431
2020 755
2020 997
247 1956
3051 109
535 1992
693 1134
693 1345
999 861
999 1993
999 1994
606 898
976 357
2336 1604
733 1995
733 227
733 1996
733 279
733 15
733 319
733 1662
733 1997
733 1690
733 215
733 818
733 574
733 974
733 791
733 1998
733 552
733 1999
1939 1940
1939 2000
1242 2001
3052 176
1507 587
3053 467
269 2002
3054 117
3054 366
3055 84
3056 480
3057 1965
396 2003
396 565
396 826
396 204
396 408
396 686
396 488
396 1313
396 355
396 1259
3058 2004
3059 212
3060 861
3060 386
3060 1061
898 2005
898 606
898 39
898 84
3061 41
3062 808
3062 1533
3063 2006
203 130
203 329
203 403
203 467
203 2007
203 567
203 1296
203 1828
203 373
203 146
1345 2008
1345 2009
765 130
864 1421
864 32
1214 203
1677 2010
1677 2011
739 775
739 386
3064 1320
1778 2012
3065 2002
3066 580
1652 467
934 69
467 154
1773 1547
2013 2013
858 2014
858 2015
858 2016
858 1595
858 1337
858 2017
858 2018
858 2019
858 426
858 277
1830 224
997 2020
997 1042
997 1483
3067 1667
1208 852
3068 2021
3068 2022
1180 1065
1568 1554
1568 2023
1568 1399
3069 2024
1286 2025
3070 1349
949 2026
3071 2027
1892 2028
2152 109
1903 988
1903 713
3072 560
1296 742
1296 2029
1296 951
1296 1550
1296 1866
1296 777
3073 2030
1655 2031
1655 199
113 918
3074 1911
570 419
1887 2032
1887 140
1887 2033
1028 82
1882 733
3075 1031
2119 227
3076 32
3076 84
3076 2034
316 1381
316 1461
316 883
887 151
556 1288
1661 982
212 315
212 2035
212 1629
212 2036
212 176
212 564
212 33
3077 315
1239 2037
1239 996
1239 493
1239 1100
1239 477
1239 557
3078 2038
3079 510
3080 2039
3080 1475
3081 218
3082 480
2391 1096
150 214
150 939
150 428
1496 1926
1496 720
1496 308
1496 1727
3083 1239
543 115
543 242
543 2040
543 2041
3084 2042
854 2043
854 21
854 227
854 2044
854 103
3085 1590
1091 1312
1440 2045
1440 2046
1440 65
1330 2047
3086 1257
2031 1655
1234 385
1234 1142
1234 1476
1234 1791
2076 220
2076 1759
1913 2048
1913 13
1913 508
1913 631
3087 1590
3087 228
3087 493
2161 109
2161 2049
2161 2050
149 591
275 487
275 148
275 218
275 821
275 155
275 11
275 83
275 2051
1201 2052
1667 156
1209 1418
1209 1071
1209 2053
1209 1969
1209 869
445 949
445 2054
445 2055
445 521
445 2026
445 2056
445 26
445 533
445 2057
445 860
3088 2058
1503 2059
1188 0
3089 2060
1592 725
1217 16
1217 1596
3090 84
3091 951
2174 2061
2174 1737
3092 2062
235 102
235 394
235 447
235 2063
235 28
235 2064
235 860
235 2065
235 2066
235 3
235 1644
235 144
235 443
235 97
235 938
235 897
235 1195
235 383
235 241
235 146
3093 2067
2192 151
3094 1711
1897 441
3095 2068
3096 2049
916 410
3097 1541
787 97
2102 2069
3098 2070
947 70
947 276
7 3
7 1645
7 154
7 2071
3099 750
1510 587
1510 312
2358 685
3100 761
3101 319
3102 1758
675 2072
675 1427
675 2073
1654 214
1654 1399
306 251
306 2074
306 2075
306 753
306 419
3103 1144
3104 844
124 117
3105 2076
1040 21
2 1016
1649 481
3106 212
1404 154
3107 315
995 2077
131 133
3108 2078
1548 1022
1548 1772
1548 1024
1548 173
1548 2079
1548 1586
3109 1803
492 2080
1375 479
1498 2081
1498 203
1498 2082
2000 1939
3110 2083
1631 2084
1631 1194
1631 1268
111 216
111 215
111 1067
620 320
620 270
872 1667
872 563
872 447
872 873
1220 2085
3111 991
3111 1717
225 2086
225 2087
225 552
225 540
225 55
225 2088
225 591
3112 1016
1584 40
967 724
967 2089
373 1379
373 203
1129 2090
2388 773
1236 587
1236 1514
1236 1020
2143 2091
2121 2092
1086 1048
1086 1093
1086 315
3113 2093
216 183
216 271
216 708
216 123
216 180
216 343
216 932
216 775
216 943
216 111
216 240
621 2094
621 2095
621 761
621 2096
315 678
315 2097
315 258
315 689
315 15
315 2083
315 503
315 2098
315 813
315 1480
315 587
315 2099
769 474
1032 1530
1032 1121
1274 591
3114 2100
3115 2101
234 922
3116 28
1719 2102
1712 495
1712 84
1167 15
3117 517
352 2103
352 2104
847 117
847 866
847 539
847 2105
847 1124
3118 540
578 197
2025 1286
3119 1381
3120 203
1702 21
1523 196
1843 1073
3121 942
115 543
3122 2106
544 93
544 1436
544 2082
544 2107
544 146
1920 2108
1920 2109
3123 137
1294 1793
1294 279
1294 2110
110 2111
110 426
110 164
1010 1852
1010 212
511 386
106 1402
106 1629
106 2112
2319 860
3124 1631
3125 1320
3126 883
2350 1049
227 1071
227 1110
227 274
227 38
227 97
227 313
227 2113
227 2114
227 258
227 2062
227 2115
227 2116
227 2117
227 394
227 1413
227 21
227 78
227 2118
227 28
227 2119
227 1017
227 1438
227 2120
2092 2121
835 285
127 2122
127 252
127 1073
127 1714
127 127
1518 2123
1518 1193
1166 15
1097 1093
1097 1151
1097 1712
1097 1466
3127 212
867 741
867 46
867 708
867 1017
867 2124
1586 40
1586 1548
702 420
3128 1706
1842 374
748 2125
748 1987
2318 117
2318 2126
3129 103
3130 589
1247 2127
3131 2128
3132 354
3133 2129
1357 1104
1357 1433
1357 1355
1357 404
3134 1198
1471 21
1471 2130
3135 1270
3136 213
3137 486
3138 1683
1767 103
84 503
84 1848
84 139
84 1712
84 185
84 28
84 16
84 1806
84 1461
84 32
84 180
84 2131
84 1409
84 97
84 1413
84 731
84 140
84 1389
369 2132
369 386
369 32
369 599
369 146
3139 309
1917 597
3140 124
1048 2133
1048 1004
1048 905
335 2123
335 2134
335 2135
2179 28
505 1086
505 512
505 2136
505 114
505 465
505 784
505 23
505 2137
505 2138
505 1156
505 33
736 1587
736 1695
209 2139
3141 707
895 357
3142 1232
3143 1884
1261 144
92 171
92 2140
92 1013
92 1096
92 1664
92 843
3144 1231
109 2049
109 1998
109 1370
109 1220
109 459
109 2141
109 978
109 2142
109 938
109 2143
109 684
109 2144
109 2145
109 109
109 2146
109 2147
109 32
109 2148
109 2149
109 89
109 2150
109 1890
109 2151
109 2152
109 112
109 2153
109 2154
109 2155
109 2156
109 2157
109 2085
109 2001
109 2158
109 2159
109 2160
109 385
109 988
109 2161
109 377
109 1721
109 2162
109 755
109 552
109 1336
109 2163
109 2164
109 2165
109 641
109 642
3145 124
942 405
942 701
942 1187
942 2166
942 1929
942 312
942 2167
1157 176
1157 2168
3146 140
185 212
185 1996
185 844
185 2169
185 303
185 782
185 2037
185 97
185 548
185 1714
185 591
185 787
185 40
185 540
185 945
185 421
185 557
185 949
185 446
185 38
185 794
185 1049
185 499
185 1389
185 160
185 28
185 214
185 2170
185 25
185 117
185 39
185 2171
633 2172
1501 760
3147 146
418 236
3148 2173
28 1825
28 1996
28 235
28 1776
28 503
28 1852
28 1049
28 180
28 2042
28 2174
28 144
28 1972
28 97
28 897
28 825
28 2175
28 411
28 2176
28 2177
28 281
28 258
28 185
28 382
28 773
28 1810
28 326
28 445
28 2178
28 649
28 2179
28 1568
28 9
28 2180
28 249
28 562
28 826
28 2166
28 1337
28 810
28 155
28 251
28 320
28 764
28 903
28 753
28 1850
28 536
28 902
28 82
28 755
28 84
28 1191
28 117
28 214
28 2181
28 25
28 1223
28 2182
28 1567
28 2183
28 23
28 2184
28 277
588 117
588 2185
142 2186
142 24
1849 2062
2195 2187
475 1411
475 686
475 1130
475 1344
475 385
475 1155
754 1593
754 25
3149 1680
1317 1022
1317 135
454 2188
454 2189
1111 2190
3150 1541
3151 40
419 1490
419 1688
419 2191
419 306
419 185
3152 2192
3153 97
1813 69
1813 2193
1813 2194
2187 2195
1936 2196
1230 2197
1230 515
1230 2198
1230 773
1230 2199
1230 392
3154 200
3155 706
336 441
184 1763
184 357
184 290
184 103
554 1288
554 2200
554 477
554 1114
554 611
554 1547
1365 539
1832 912
1832 872
1832 1446
1035 1121
1035 2201
713 2202
598 2203
598 2204
2125 748
737 2205
737 1587
737 540
1790 602
1790 1790
2275 552
2275 351
2275 487
2275 119
2242 308
439 2206
439 1089
439 1013
3156 1875
3157 117
3157 2207
126 1186
126 2208
126 185
278 2209
931 507
931 2210
296 2211
296 95
2130 1471
1736 1476
1948 299
2109 1920
884 741
884 151
1617 1239
2060 356
3158 539
385 479
385 1234
385 97
385 475
385 2212
1752 1441
161 24
2198 1230
2374 932
132 2213
132 32
132 354
132 155
132 1932
132 1563
132 277
3159 1311
1914 2214
1914 1071
1914 979
861 41
2333 2129
2333 742
3160 782
3161 1118
3162 279
3163 2215
3164 1118
1715 383
3165 2216
3165 142
845 277
1322 406
1322 45
3166 517
3166 41
3167 2217
2052 1201
2052 929
2338 2218
3168 539
1326 1055
1326 2219
1902 2220
442 2221
2051 275
1268 2222
1268 1631
3169 1270
1890 319
1851 2223
2246 1262
1598 2224
3170 234
3170 447
3171 570
3172 191
2280 179
2243 163
2235 1158
1389 74
1389 2225
1389 2226
1389 107
1389 84
1403 154
1403 2227
1403 263
804 777
2145 109
252 117
252 21
252 426
252 1926
1562 2228
3173 2229
868 46
2136 948
2136 2230
2136 505
1911 195
3174 1139
3174 1046
3174 146
29 159
473 104
644 1304
644 342
1156 1556
1420 650
3175 2231
3176 47
1976 146
480 251
480 1590
1439 65
331 2232
331 1320
331 803
331 2233
840 2234
3177 210
1158 2235
1158 2236
1158 749
1158 2237
1158 599
679 2174
679 562
679 171
679 2238
679 1830
679 2239
679 1381
679 1099
679 164
679 2240
679 65
2096 2208
1688 853
1688 419
2177 28
2177 25
163 2241
163 2242
163 307
163 2243
163 1741
163 2244
163 24
163 164
3178 1888
3179 1729
913 1530
913 39
1278 159
3180 807
459 212
459 1738
459 2245
459 980
459 220
459 2097
459 807
459 2148
459 505
459 1583
1979 146
3181 46
1964 2106
1964 329
2375 906
2375 651
3182 953
1900 849
3183 151
951 861
951 70
951 1123
3184 1191
1262 2246
1262 1640
1262 144
1262 912
3185 1297
3186 1258
323 23
3187 723
3188 602
3189 142
963 1436
133 131
214 28
214 1395
214 1196
214 2247
214 185
2328 1895
3190 955
1786 2248
646 244
646 46
646 2249
2165 109
2165 1253
3191 1468
1848 2250
1848 180
1848 727
1848 84
1848 2251
3192 2252
3193 20
3194 480
3195 97
1761 694
1362 2253
3196 787
1686 319
1829 949
1829 516
1829 2254
295 966
3197 44
3198 621
1557 170
2389 1949
2147 109
64 2255
64 320
64 41
64 2256
1904 757
1014 2257
3199 154
3200 343
3201 2258
2343 2259
3202 2045
881 707
627 470
627 242
627 329
627 2260
627 571
271 216
271 2261
271 2212
271 2262
271 2263
271 1224
271 1760
728 552
728 2092
728 2210
2345 1307
3203 553
320 620
320 319
320 28
320 131
320 552
320 984
320 224
320 23
1444 1894
286 2264
286 417
286 357
3204 2176
529 2265
529 2266
529 315
3205 28
1289 2267
72 992
72 279
72 591
72 1809
72 319
3206 2268
601 843
751 104
751 25
1477 89
3207 1962
3208 1100
3209 405
1599 2269
1875 2140
237 2270
237 2271
1738 47
1738 426
1738 2272
546 251
546 2273
546 2274
3210 2275
3211 1828
2321 28
2321 570
2321 817
3212 1788
3213 2276
3213 773
502 500
1647 481
413 104
413 140
413 432
413 2277
147 24
147 193
1082 550
2384 1101
2384 252
2384 2278
2314 241
3214 148
3215 1048
948 2279
948 70
948 2136
948 946
1173 283
1173 1786
1173 683
1046 135
179 2280
179 753
793 1391
793 2281
793 315
793 587
793 2282
793 2142
793 97
1981 1650
3216 857
1946 2283
3217 1056
3218 39
523 2284
3219 2285
632 653
3220 873
169 1022
727 1270
727 38
727 894
727 501
2255 25
2255 64
3221 117
3222 1796
3223 2286
3224 2287
1071 1209
1071 227
1071 2288
1071 315
1071 235
698 1591
698 97
3225 203
1641 68
1641 2071
1307 951
953 2289
953 64
3226 937
5 3
5 21
5 731
5 766
5 411
484 2290
484 772
484 1118
978 109
1963 442
1435 1305
1041 2277
1041 2291
3227 351
3227 1800
3228 28
1863 109
1863 303
1135 2292
1135 446
3229 391
3230 766
3231 2293
1513 587
1513 150
2201 441
2201 2294
4 212
4 25
4 1197
4 2295
4 47
4 411
166 279
166 1790
166 15
166 2296
166 1197
166 87
166 1848
166 744
166 66
166 0
166 2297
166 1668
435 130
435 2298
435 2299
435 411
435 175
3232 761
3233 2300
1297 2301
890 2186
3234 2302
1943 3
1943 1794
3235 117
3236 1096
3237 2303
3238 974
1078 2304
242 2305
242 543
242 2306
242 2307
2066 2202
3239 1748
3240 466
1571 176
1571 2308
1930 588
1787 1218
1787 1521
1787 799
1787 1788
3241 574
1272 2197
1272 2309
954 572
455 807
3242 2310
226 468
226 591
226 1255
226 320
226 326
226 564
783 454
783 97
3243 266
1972 503
2254 1835
2254 1829
383 409
383 2311
383 2312
383 2313
383 679
383 849
383 146
3244 33
60 279
3245 2314
255 2315
3246 279
3246 826
3246 276
3247 2316
3248 235
274 1504
274 732
274 227
274 2317
274 144
274 2069
274 1675
2126 2318
3249 750
1509 279
1509 65
860 84
860 235
860 445
860 643
860 2319
860 2320
3250 252
3251 21
2386 1574
2386 114
817 2321
1878 845
3252 440
3253 864
1079 897
1079 1705
1314 411
1314 2223
3254 2020
3255 1712
732 821
1000 2322
1429 983
1429 250
1836 2323
1836 2324
1836 860
2261 2325
2261 589
2261 2326
2261 1986
1094 1433
3256 1337
3256 1040
3257 578
3257 2327
3257 1041
1895 552
1895 2328
1895 2329
1895 2330
1578 942
3258 1579
1816 1656
1320 749
1320 2331
1320 706
1789 602
2234 2332
1504 274
1504 587
1504 1296
742 878
742 2333
742 1788
742 25
3259 71
3260 1101
1839 374
3261 7
3262 1179
1674 2334
714 160
714 389
714 2169
714 298
714 362
714 2335
714 2336
714 411
714 2337
2218 392
2218 2338
1615 831
1256 2256
710 2339
1119 2340
1119 2341
2083 315
1597 2224
3263 2342
3264 377
2259 2343
3265 241
3265 474
3266 166
3266 2344
1252 536
136 131
136 775
136 661
136 15
2129 2345
152 104
152 1544
152 755
152 684
152 24
2064 2346
2064 2347
3267 2129
42 462
42 851
42 2348
42 912
42 406
414 300
414 310
414 2349
3268 440
3269 2052
3270 97
1988 913
1988 319
1433 13
1433 92
1049 612
1049 281
1049 2350
1049 185
3271 2351
401 595
1602 1567
351 203
351 2275
351 128
3272 1131
160 1670
160 591
160 1671
160 353
160 1017
160 39
160 55
160 2131
160 1975
160 739
160 1020
160 714
160 97
160 146
160 2352
160 277
3273 957
919 164
1001 1425
3274 1056
3275 904
462 42
462 38
462 2353
462 2354
462 70
462 243
462 78
3276 2220
3277 1157
760 1629
760 952
760 1405
760 528
760 319
3278 1121
3278 624
1138 1413
1138 2046
3279 2355
180 381
180 2324
180 84
180 946
1684 1929
1684 1071
1684 939
3280 1820
3280 1587
3281 318
639 1208
639 1299
639 2356
639 852
639 2357
639 146
430 712
3282 212
3283 1579
3284 371
685 2358
685 348
3285 2359
3285 818
2103 352
1428 983
1762 103
1215 351
2339 1010
2339 710
818 844
3286 848
3287 1193
3288 1249
3289 9
906 700
906 1131
3290 1727
2074 1402
2074 306
3291 707
3292 495
1386 338
2377 2360
366 1683
366 1525
498 2361
498 33
1785 1382
321 315
3293 2362
584 1074
2390 1666
424 276
3294 2363
1131 906
1131 487
1131 2364
1704 2365
1774 2366
1774 1723
1774 2367
1774 2368
800 44
800 97
16 490
16 2369
16 84
3295 454
2182 441
2182 1020
3296 1522
3297 212
3298 2370
2117 227
138 224
139 938
139 2371
139 587
571 627
493 14
1999 733
1999 1397
1270 1835
1270 1496
1270 727
1270 192
1270 1803
1181 2372
1487 2371
846 983
846 2373
932 2374
1447 2104
2057 445
2042 28
2042 651
2042 2375
547 678
547 196
547 383
1835 1381
1905 2376
1905 319
2360 2377
2360 2129
1763 184
1763 103
1639 506
1494 256
1494 2378
1494 1478
1742 1741
1742 2379
1742 1335
1742 2380
1742 97
1742 431
3299 2381
3300 903
3301 1201
3302 2382
2156 109
2156 1239
706 362
706 1320
1393 1996
1393 446
1393 454
2171 2383
964 186
86 1720
1021 1554
14 21
14 2212
2278 2384
3303 1197
114 2385
114 782
114 2386
3304 1715
773 2086
773 258
773 28
773 517
773 2387
773 2388
3305 2389
3306 2390
3307 283
3307 2391
3307 2392
388 21
388 1980
1845 2393
1845 616
