98 0
98 1
98 2
98 3
98 4
98 5
98 6
98 7
98 8
98 9
98 10
98 11
98 12
98 13
98 14
98 15
98 16
98 17
98 18
98 19
98 20
98 21
98 22
546 23
100 24
282 25
282 26
282 1
547 27
547 28
149 29
261 30
548 31
321 32
377 33
377 34
514 35
514 36
456 37
297 2
297 38
297 35
297 39
297 40
297 41
243 42
549 43
550 44
333 45
333 46
36 47
36 48
36 2
36 49
36 50
36 25
36 51
36 52
36 37
36 53
36 54
36 55
36 56
36 57
36 58
36 59
36 60
379 33
379 61
542 2
95 62
95 63
95 57
95 2
95 64
95 28
95 25
95 65
95 66
95 20
95 67
95 68
95 69
95 70
95 11
95 71
551 72
551 64
364 25
364 60
163 73
163 29
405 74
232 75
232 76
232 77
232 78
232 79
206 80
206 81
400 66
371 82
371 83
371 84
277 85
277 86
431 18
420 87
234 88
177 89
177 90
177 91
496 57
496 2
496 92
272 11
148 29
53 44
53 85
53 93
53 94
53 58
53 36
53 2
69 95
535 2
552 39
553 81
231 96
231 97
231 22
231 12
554 98
449 99
555 11
556 39
556 100
66 98
66 101
66 2
66 46
66 13
66 25
66 66
66 102
66 35
66 18
66 95
66 86
557 75
324 103
324 104
104 30
558 105
426 18
13 98
13 86
13 106
13 65
13 107
13 108
13 35
13 109
13 43
13 110
13 111
13 25
13 112
13 113
13 114
13 115
13 47
13 48
13 33
13 116
13 117
13 118
428 18
363 39
363 25
363 2
442 119
235 120
235 121
235 122
460 123
559 124
559 125
559 126
382 33
407 127
407 128
407 74
81 129
81 130
81 131
81 132
81 133
81 134
81 135
81 136
81 137
81 20
81 138
81 139
81 140
81 141
81 10
81 39
81 11
81 142
81 36
286 143
286 112
71 110
71 2
71 25
71 65
71 14
71 39
71 95
71 144
240 110
240 12
240 57
240 111
240 145
240 146
29 147
29 2
29 106
29 148
29 149
29 4
29 150
29 151
29 152
29 57
29 153
29 154
29 11
29 155
29 156
29 63
29 12
29 157
29 46
29 158
29 25
29 159
29 160
29 68
29 161
29 162
29 163
29 48
29 134
29 35
29 164
29 165
29 39
528 166
528 167
528 168
560 169
328 2
27 170
27 171
515 105
561 172
561 173
562 174
281 57
281 172
281 136
281 14
281 175
281 140
281 81
403 88
563 81
90 0
90 176
90 33
90 177
90 50
90 178
90 179
90 2
90 180
90 58
90 181
90 182
326 179
326 25
326 18
538 2
342 152
418 138
418 183
523 92
564 184
170 185
170 61
170 147
170 2
170 25
170 27
170 186
170 155
246 130
246 44
246 187
246 73
246 188
246 2
246 64
246 25
246 102
246 189
246 12
246 190
246 39
246 191
246 192
492 57
492 33
492 93
492 179
492 193
492 153
492 194
492 195
492 146
497 57
497 64
565 187
225 196
16 98
236 27
524 197
524 38
524 198
524 64
336 182
461 174
96 199
96 57
96 2
96 200
96 201
96 202
96 203
96 93
96 204
96 172
96 205
115 25
516 105
80 206
137 207
137 206
137 96
137 74
137 208
137 209
137 210
137 81
137 211
500 11
327 179
566 212
245 190
245 213
245 48
245 214
245 215
312 179
312 216
312 2
567 188
155 170
155 217
155 29
155 165
155 39
155 218
568 219
569 220
437 221
151 35
151 57
151 222
151 105
320 73
320 223
320 224
320 196
320 225
320 47
320 11
226 25
226 226
226 57
226 227
7 98
432 138
432 228
432 57
78 229
78 58
78 230
78 231
79 232
233 233
233 185
233 48
233 2
233 39
570 61
88 2
88 234
120 130
120 235
120 2
120 33
120 177
120 25
120 174
120 97
120 236
571 2
572 237
572 36
573 238
573 239
527 2
409 175
110 18
110 2
110 64
110 240
110 32
110 39
110 71
416 154
416 35
416 241
452 242
157 29
339 18
339 2
339 71
42 243
42 2
42 66
190 244
190 245
190 246
190 247
190 248
58 249
58 2
58 33
58 216
58 4
58 250
58 97
58 251
58 252
58 53
58 212
58 231
58 78
58 230
58 41
347 253
347 254
134 175
134 255
220 65
574 39
575 251
189 256
189 39
189 11
189 241
189 96
395 257
395 39
395 258
395 259
30 260
30 48
30 36
30 4
30 179
30 261
30 253
30 104
30 39
30 57
30 262
21 89
21 12
21 2
21 159
21 29
21 179
21 263
340 182
576 2
188 73
188 57
188 246
188 172
188 93
188 33
188 12
188 264
188 182
507 146
577 224
311 216
4 265
4 91
4 41
4 266
4 33
4 3
4 29
4 267
4 268
4 179
4 269
4 39
4 30
4 81
4 270
4 138
4 51
4 271
4 11
4 272
4 2
310 216
310 273
509 274
480 56
458 64
351 12
351 20
351 4
351 275
86 2
86 276
86 25
86 29
86 66
86 241
86 179
86 175
86 193
86 81
86 277
86 41
578 170
578 28
579 216
124 57
124 33
124 278
124 25
124 93
124 184
124 39
580 279
580 223
276 86
276 280
276 93
388 39
136 81
136 281
136 12
136 140
238 28
26 282
210 137
255 134
384 283
384 284
384 101
384 285
581 73
143 130
143 187
143 36
143 46
143 33
143 3
143 20
143 180
143 286
143 287
143 60
143 2
292 154
292 179
292 170
292 11
292 288
144 2
144 57
144 71
144 64
525 289
429 172
429 18
223 73
285 64
441 119
465 187
582 290
582 220
582 36
0 90
502 291
288 292
583 293
583 294
584 50
422 87
585 246
586 73
587 29
391 2
9 98
361 295
361 33
361 25
361 179
361 123
361 296
361 90
588 264
72 12
72 124
72 116
72 27
72 248
72 182
434 146
38 297
38 46
417 241
589 96
130 143
130 234
130 246
130 136
130 241
130 251
130 298
130 299
130 2
166 260
166 1
166 49
166 46
166 33
166 57
166 300
590 301
590 302
268 303
268 4
591 81
252 15
252 58
252 304
252 46
396 172
396 39
396 305
592 281
227 306
227 271
227 2
227 307
360 41
360 64
360 25
360 193
360 39
360 182
520 27
520 308
357 33
357 39
357 12
357 34
161 29
161 309
184 124
216 57
216 2
216 96
216 25
216 310
216 311
216 312
216 39
369 93
593 249
594 64
185 185
185 2
185 46
185 172
185 25
185 180
185 39
185 313
50 73
50 36
50 46
50 314
50 15
50 315
50 316
50 22
50 2
97 58
97 6
97 231
595 28
596 68
142 81
597 182
23 12
133 81
122 212
399 317
399 61
109 318
109 2
109 112
109 319
15 98
15 57
15 50
15 320
15 252
15 321
15 95
368 2
598 25
48 172
48 57
48 2
48 322
48 33
48 13
48 323
48 29
48 111
48 216
48 96
48 39
48 51
48 22
48 36
51 166
51 48
51 36
51 49
51 237
51 4
51 179
51 2
222 74
521 108
162 29
358 246
103 324
178 89
178 172
178 90
178 33
179 130
179 174
179 18
179 2
179 325
179 46
179 202
179 64
179 25
179 326
179 4
179 327
179 292
179 328
179 30
179 39
179 35
179 263
179 329
179 244
179 182
414 330
414 155
451 164
451 331
451 332
451 99
45 333
383 89
383 185
383 334
383 335
383 231
599 50
182 336
182 12
182 188
182 64
182 337
182 50
182 25
182 32
182 338
182 120
182 339
182 77
182 123
182 72
182 33
182 18
182 340
182 341
532 2
152 342
152 29
600 36
175 281
175 12
175 57
175 86
175 46
175 134
175 343
175 344
175 97
175 247
237 229
237 127
237 25
237 4
601 345
457 2
264 33
264 188
264 2
303 268
303 263
204 95
204 57
254 39
254 87
254 346
254 347
62 95
62 348
602 97
41 33
41 81
41 18
41 308
406 74
322 48
536 97
536 2
445 185
445 334
445 349
445 231
603 264
603 170
603 4
475 350
12 188
12 2
12 64
12 175
12 240
12 29
12 328
12 27
12 6
12 1
12 307
12 351
12 231
12 352
12 187
12 57
12 353
12 96
12 90
12 136
12 346
12 172
12 86
12 263
12 110
12 174
12 23
12 116
12 111
12 25
12 354
12 190
12 58
12 146
12 355
12 75
12 356
12 18
12 357
12 358
12 33
12 16
12 123
12 30
12 21
12 39
12 36
12 22
12 359
12 227
28 187
28 57
25 101
25 2
25 326
25 29
25 216
25 5
25 148
25 87
25 86
25 185
25 124
25 96
25 357
25 66
25 120
25 360
25 12
25 361
25 362
25 36
25 246
25 46
25 172
25 13
25 48
25 363
25 57
25 95
25 364
25 115
25 18
25 85
25 170
25 179
25 226
25 365
25 366
25 367
25 39
25 227
25 71
25 359
25 182
203 2
604 230
131 73
131 300
131 46
131 4
131 368
131 22
93 369
93 300
93 86
93 64
93 276
93 269
93 74
93 370
93 138
93 371
93 124
93 188
93 146
605 372
605 20
193 98
193 86
193 373
193 2
193 39
193 35
193 374
193 360
606 323
156 29
156 241
607 375
411 262
59 81
33 61
33 2
33 64
33 242
33 4
33 124
33 53
33 273
33 27
33 190
33 264
33 376
33 86
33 185
33 111
33 57
33 377
33 120
33 50
33 357
33 109
33 360
33 12
33 378
33 85
33 379
33 172
33 13
33 380
33 14
33 34
33 119
33 58
33 44
33 166
33 381
33 18
33 33
33 382
33 178
33 334
33 116
33 96
33 312
33 39
33 383
33 182
393 39
393 2
393 308
354 123
165 155
165 29
165 64
283 384
283 385
39 2
39 64
39 29
39 386
39 297
39 387
39 216
39 148
39 78
39 57
39 388
39 357
39 389
39 390
39 391
39 155
39 85
39 111
39 25
39 132
39 392
39 95
39 44
39 48
39 393
39 254
39 394
39 395
39 366
39 30
39 367
39 396
39 397
39 71
67 95
67 2
61 398
61 170
61 399
61 33
61 4
61 400
61 401
61 253
61 402
61 264
61 182
101 172
101 25
101 4
101 66
101 99
481 171
608 2
609 403
1 260
1 223
505 56
444 404
610 81
74 405
74 406
74 25
74 4
74 93
74 407
74 35
74 408
539 2
153 29
355 12
510 220
43 409
43 13
522 410
522 411
362 412
362 342
362 413
330 414
330 415
241 130
241 156
241 416
241 18
241 57
241 86
241 172
241 25
241 48
241 417
241 179
241 193
241 418
241 39
241 81
241 222
508 419
87 420
87 421
87 2
87 25
87 65
87 254
87 32
87 422
87 57
87 308
87 263
18 98
18 423
18 326
18 99
18 424
18 425
18 57
18 41
18 426
18 110
18 12
18 25
18 427
18 241
18 428
18 403
18 429
18 33
18 179
18 116
18 21
18 182
18 430
18 431
611 263
202 179
202 210
202 48
192 246
612 4
394 39
138 39
138 432
138 418
138 4
138 64
486 123
366 39
366 25
366 246
430 170
430 18
302 185
613 66
614 433
615 210
616 361
617 204
617 44
617 269
617 2
526 10
353 39
353 12
52 403
52 36
453 247
453 263
618 434
70 74
63 85
63 74
63 435
73 75
73 91
73 57
73 2
73 246
73 436
73 50
73 25
73 117
73 29
73 4
73 224
73 127
73 391
73 209
73 41
73 31
73 223
73 92
73 22
73 85
221 437
221 391
221 438
169 170
169 300
169 36
169 20
263 303
263 439
263 21
263 251
263 179
263 349
263 87
398 61
398 260
47 223
47 36
47 46
47 13
47 247
47 440
119 172
119 33
119 441
119 442
94 53
94 89
94 375
244 174
244 47
244 2
244 251
244 179
244 190
244 205
244 443
244 444
8 98
334 33
334 445
334 383
116 44
116 72
116 18
116 41
116 12
116 446
116 58
116 316
116 182
619 1
620 447
621 58
278 124
147 448
147 170
147 29
147 370
99 18
99 449
99 450
99 50
99 159
99 451
99 57
99 262
173 39
5 25
5 164
5 98
5 57
5 2
207 137
331 451
128 407
622 10
265 68
265 4
242 33
242 4
242 452
459 64
295 361
247 175
247 453
247 47
247 190
424 18
378 33
378 4
623 28
259 395
624 81
624 251
284 384
113 39
113 13
308 49
89 31
89 172
89 177
89 454
89 178
89 97
89 21
89 231
89 455
421 120
421 41
266 44
266 4
266 351
625 230
626 143
111 73
111 48
111 2
111 33
111 240
111 389
111 20
111 39
111 316
111 262
111 307
111 83
217 155
102 66
338 172
338 396
338 182
269 93
627 39
628 456
544 2
629 130
213 172
287 179
531 457
531 2
76 232
76 36
64 360
64 110
64 175
64 77
64 95
64 458
64 144
64 187
64 57
64 276
64 459
64 142
64 384
64 300
64 105
64 126
64 68
64 205
64 87
64 460
64 33
64 178
64 179
64 138
64 2
64 165
64 39
64 183
64 182
65 110
65 2
65 13
65 356
65 220
65 96
65 87
65 41
174 164
174 461
174 12
174 244
174 179
174 120
174 24
174 78
174 130
174 182
6 97
315 33
315 50
376 413
187 12
187 462
187 2
187 246
187 64
187 143
187 204
187 463
187 28
187 464
187 465
218 155
390 172
390 39
390 170
390 159
248 72
10 81
10 71
10 146
468 68
490 466
630 395
200 96
631 303
172 96
172 281
172 12
172 57
172 2
172 172
172 240
172 25
172 396
172 185
172 188
172 241
172 119
172 467
172 67
172 212
172 31
172 87
172 78
172 155
132 39
132 142
132 81
632 30
633 82
140 81
140 281
140 136
68 72
68 36
68 64
68 29
68 15
68 160
68 35
68 468
68 22
68 469
392 39
443 306
443 2
443 107
488 31
385 283
183 75
183 421
183 137
183 246
183 64
85 98
85 73
85 2
85 25
85 68
85 212
85 53
85 39
85 277
85 36
344 175
634 179
106 13
106 29
150 470
150 39
150 29
150 471
250 58
250 2
273 33
273 310
273 116
55 308
271 472
271 4
512 22
356 12
356 2
356 33
356 65
356 473
356 182
635 474
389 111
389 39
229 78
636 2
636 20
350 181
350 475
209 476
209 477
209 73
209 478
209 137
304 252
637 479
300 166
300 131
300 93
638 480
639 134
257 395
640 96
214 245
313 172
171 481
171 27
171 222
37 482
37 456
37 483
37 282
37 20
469 68
91 177
91 4
91 73
91 251
91 60
464 187
641 419
251 130
251 39
251 368
251 91
251 263
164 174
164 5
164 29
123 12
123 460
123 484
123 485
123 486
123 354
123 361
123 182
642 64
145 2
425 429
31 89
31 73
31 119
31 487
31 172
31 488
31 438
31 48
545 2
643 489
644 10
645 116
466 490
314 50
349 491
349 445
482 37
482 146
194 174
194 492
57 98
57 188
57 2
57 64
57 175
57 240
57 316
57 29
57 99
57 108
57 493
57 73
57 5
57 151
57 432
57 58
57 36
57 92
57 494
57 124
57 495
57 96
57 241
57 87
57 331
57 303
57 166
57 11
57 496
57 30
57 46
57 172
57 25
57 492
57 497
57 498
57 93
57 204
57 160
57 339
57 144
57 68
57 363
57 254
57 95
57 226
57 146
57 44
57 15
57 18
57 33
57 467
57 20
57 216
57 359
57 28
57 39
57 213
57 71
57 12
57 227
543 2
323 48
323 2
346 12
346 254
346 499
646 2
647 496
154 292
154 416
154 29
648 35
11 73
11 57
11 41
11 46
11 111
11 500
11 29
11 4
11 189
11 223
11 320
11 292
11 39
11 95
11 501
11 306
335 383
291 502
649 503
649 93
529 374
529 493
529 504
529 282
427 18
401 61
401 260
650 467
415 337
413 376
56 237
56 505
56 36
56 480
408 74
146 12
146 57
146 240
146 93
146 32
146 434
146 506
146 507
146 10
146 39
146 482
75 12
75 232
75 107
75 73
75 508
75 39
75 183
75 22
49 166
49 51
49 308
160 73
160 57
397 39
19 98
375 46
370 147
370 93
651 41
367 39
367 25
367 12
274 509
652 50
653 510
22 333
22 98
22 12
22 48
22 511
22 46
22 50
22 131
22 20
22 127
22 73
22 68
22 512
22 37
129 81
513 179
513 513
513 29
487 31
423 172
423 18
423 12
423 259
654 33
654 1
655 224
656 230
77 64
657 95
657 58
657 83
35 2
35 514
35 29
35 68
35 39
35 41
658 202
299 167
659 68
660 166
318 109
478 209
661 73
661 46
32 87
84 477
84 188
84 371
662 284
663 81
44 53
44 39
44 57
44 246
44 146
105 515
105 140
105 516
105 517
46 333
46 185
46 57
46 2
46 46
46 240
46 25
46 29
46 50
46 20
46 179
46 252
46 81
46 39
46 58
46 93
191 246
159 241
159 29
159 21
159 39
159 99
159 518
253 347
253 253
253 30
34 519
212 2
212 122
212 64
212 172
212 33
212 520
212 58
316 111
316 50
316 474
316 20
664 43
40 297
108 294
108 57
108 521
410 522
410 367
467 393
467 413
20 384
20 98
20 57
20 2
20 46
20 50
20 185
20 95
117 29
92 523
92 496
92 57
92 73
228 432
359 172
359 25
359 57
359 2
197 524
436 73
477 84
477 209
289 525
289 4
289 308
484 123
665 298
665 413
666 526
260 398
260 166
260 30
667 264
668 39
668 25
668 307
438 103
438 221
438 31
669 527
167 41
167 528
504 529
419 179
419 232
419 2
158 29
670 136
670 361
670 116
121 235
121 2
541 35
671 96
672 426
673 530
674 39
404 444
317 444
317 399
373 193
373 180
127 73
127 41
127 25
127 226
127 39
127 22
127 2
675 426
2 531
2 532
2 98
2 247
2 86
2 533
2 65
2 120
2 534
2 108
2 216
2 328
2 422
2 264
2 35
2 535
2 233
2 58
2 144
2 339
2 536
2 185
2 57
2 537
2 323
2 491
2 96
2 90
2 136
2 538
2 66
2 307
2 539
2 540
2 391
2 496
2 180
2 419
2 110
2 63
2 73
2 36
2 246
2 46
2 111
2 100
2 25
2 203
2 121
2 298
2 109
2 312
2 193
2 541
2 363
2 542
2 212
2 51
2 95
2 356
2 48
2 49
2 543
2 33
2 145
2 244
2 393
2 50
2 20
2 179
2 127
2 21
2 544
2 39
2 181
2 71
2 12
2 227
60 91
60 143
306 227
24 174
24 100
24 64
676 337
677 545
440 47
440 302
440 4
