519 0
57 1
57 2
57 3
57 4
57 5
57 6
57 7
57 8
57 9
520 10
521 11
419 12
81 13
11 14
11 15
11 16
11 17
11 18
301 19
301 17
301 20
509 21
250 22
250 23
250 24
250 25
234 26
234 27
522 28
24 29
24 30
24 26
24 31
24 25
24 32
24 33
24 34
24 35
24 36
24 37
24 38
523 39
523 40
59 1
524 41
299 42
299 43
104 44
104 43
104 25
380 45
285 41
131 46
131 47
362 48
148 37
441 49
441 43
525 23
526 50
122 10
122 51
122 52
326 23
326 53
309 26
309 9
309 54
309 37
309 55
1 56
1 57
1 58
1 59
233 27
233 60
527 61
472 62
108 63
108 24
94 64
160 60
160 65
160 26
160 66
160 67
160 68
160 69
160 70
160 71
160 72
528 73
388 45
388 74
388 75
228 25
417 76
417 33
417 77
298 10
298 25
298 78
298 54
298 62
13 79
13 80
13 81
13 82
353 72
82 83
82 84
136 23
136 25
287 85
529 86
426 87
426 88
109 63
530 24
20 89
20 10
20 5
20 90
20 69
20 91
20 92
219 8
203 45
203 69
203 93
97 18
97 69
376 17
354 45
64 94
18 95
18 96
18 26
18 97
18 98
18 99
291 96
291 86
291 100
291 101
291 102
291 103
330 23
330 104
63 105
63 17
63 106
63 107
63 108
63 25
63 63
63 26
63 45
63 109
63 110
206 26
10 111
10 112
10 113
10 114
10 115
10 69
10 116
10 17
10 24
10 117
10 118
10 119
10 56
10 120
10 121
10 89
10 33
10 23
10 122
10 123
10 92
10 105
10 124
10 26
10 125
10 126
10 127
144 128
144 23
144 129
144 130
46 131
46 105
146 132
146 133
146 93
146 134
146 26
146 27
146 135
146 136
146 137
146 138
146 129
146 33
146 139
146 140
146 23
146 103
531 25
143 3
152 141
152 142
387 45
532 7
532 143
532 144
415 27
365 17
421 103
421 33
436 145
138 146
138 140
533 147
324 95
324 28
324 148
324 149
324 98
324 8
324 150
324 151
141 10
141 152
215 153
106 26
106 63
106 17
338 154
338 155
534 17
535 69
321 156
151 157
151 158
151 83
151 49
151 43
151 44
151 159
151 67
151 23
151 47
71 69
71 160
71 161
292 28
319 17
319 26
319 10
319 8
319 162
319 54
319 163
77 164
77 54
424 161
79 165
79 1
79 26
79 166
79 167
79 101
79 25
79 168
79 169
79 170
79 8
79 171
79 13
79 172
66 173
66 113
66 149
66 160
66 67
66 45
66 54
268 9
268 54
343 174
401 34
225 105
225 26
225 175
225 32
225 25
225 176
225 54
214 23
214 177
536 45
352 19
537 25
238 83
238 178
238 179
238 135
238 106
538 45
167 79
510 180
510 181
264 182
264 183
264 184
98 26
98 178
98 183
98 185
98 38
332 45
332 23
332 111
332 26
185 10
132 0
132 17
132 186
132 146
539 17
253 22
253 187
406 51
499 26
499 188
499 189
140 138
140 25
540 190
540 60
110 63
110 177
210 191
412 135
501 26
541 192
542 67
542 193
80 13
364 194
364 17
333 26
333 23
316 87
316 195
316 193
316 25
316 196
543 36
270 105
270 26
418 197
61 151
7 57
544 100
162 38
281 26
281 127
360 69
360 95
360 198
360 54
459 17
459 60
459 199
459 26
459 200
459 201
69 202
69 17
69 86
69 10
69 27
69 203
69 25
69 97
69 204
69 205
69 206
69 9
69 71
69 36
69 54
69 189
69 207
92 94
367 37
14 26
14 23
14 17
208 208
208 209
191 210
191 211
84 82
84 43
177 23
177 212
177 213
177 214
177 110
263 179
448 133
448 215
448 216
466 17
366 37
545 217
546 25
235 27
547 36
547 218
548 219
25 29
25 220
25 136
25 221
25 17
25 144
25 180
25 24
25 45
25 104
25 56
25 222
25 86
25 223
25 196
25 63
25 224
25 225
25 226
25 207
25 227
25 26
25 43
25 32
25 23
25 228
25 229
487 26
487 29
91 26
91 45
91 54
91 20
173 26
173 23
173 118
173 230
173 231
481 232
2 26
2 57
392 36
252 22
429 132
27 233
27 234
27 146
27 9
27 235
27 26
27 0
27 95
27 236
27 69
27 47
549 26
549 237
549 238
549 239
550 240
283 241
328 23
56 107
56 25
56 242
56 243
266 26
266 32
266 105
222 19
222 244
222 25
551 171
381 45
89 29
89 20
89 33
89 127
89 86
552 106
280 29
280 69
280 85
280 245
236 27
209 0
209 17
209 26
209 208
209 179
209 209
209 246
36 29
399 247
16 248
227 26
444 249
83 238
553 209
463 17
313 171
474 133
4 57
22 250
22 17
22 26
22 251
22 252
22 253
170 254
170 255
179 129
179 256
179 257
179 128
179 15
179 258
179 26
179 259
179 95
179 260
179 156
179 209
395 17
395 96
213 26
213 177
213 261
213 262
213 121
243 56
182 182
182 67
182 263
182 264
189 45
189 69
189 95
554 156
260 26
260 23
260 245
260 228
260 37
172 79
361 48
361 23
361 89
361 99
361 175
493 26
348 10
348 156
348 265
348 266
555 216
556 26
556 267
469 38
307 117
557 60
335 17
335 145
335 29
558 268
408 51
105 269
105 134
105 270
105 10
105 271
105 25
105 63
105 266
105 85
317 17
317 8
317 272
317 273
477 128
559 26
559 10
559 17
559 274
494 26
560 69
561 11
385 45
562 10
159 275
73 17
73 26
73 74
73 159
73 67
73 276
516 60
339 277
3 57
3 1
3 23
65 278
65 68
112 17
112 10
112 279
112 26
112 280
112 281
112 45
184 264
355 282
452 17
563 283
563 284
300 26
300 32
300 277
300 54
300 28
564 29
564 43
564 241
41 285
41 286
404 287
302 32
302 288
349 23
349 17
349 289
349 87
565 290
566 10
303 32
303 207
567 106
74 73
568 69
569 291
261 292
224 293
224 294
224 17
224 25
248 16
248 54
47 23
47 295
47 296
356 297
78 107
78 298
78 54
5 32
5 121
5 20
6 57
462 17
42 299
42 158
42 288
32 29
32 25
32 300
32 301
32 102
32 20
32 17
32 121
32 24
32 302
32 266
32 303
32 9
32 86
32 10
32 135
32 175
32 304
32 69
32 95
32 26
32 247
32 305
32 23
32 127
570 63
34 306
34 51
34 17
34 28
34 26
34 307
34 181
34 245
498 67
405 308
134 105
134 32
134 288
571 154
571 309
271 105
271 310
271 311
271 312
271 126
271 54
310 271
171 45
171 269
171 313
422 288
572 212
202 199
372 314
372 17
345 315
508 21
573 174
479 17
574 171
251 22
575 228
196 26
196 316
196 17
196 25
8 317
8 205
8 17
8 318
8 319
8 219
8 320
8 79
8 282
8 24
8 25
8 321
8 322
8 181
8 23
8 323
8 127
8 92
432 113
290 23
398 220
403 17
403 28
576 28
107 56
107 63
107 78
107 109
336 69
336 280
23 173
23 72
23 25
23 275
23 140
23 19
23 324
23 91
23 3
23 325
23 75
23 10
23 150
23 45
23 326
23 327
23 328
23 86
23 329
23 330
23 261
23 290
23 17
23 331
23 214
23 47
23 14
23 60
23 26
23 8
23 288
23 54
111 10
111 332
49 24
49 155
114 10
295 47
577 283
29 304
29 220
29 28
29 204
29 301
29 17
29 24
29 51
29 333
29 334
29 335
29 273
29 161
29 280
29 296
29 26
29 54
29 32
29 336
29 34
29 288
29 337
277 338
277 28
277 26
277 247
277 300
277 339
578 340
163 312
325 17
325 25
325 98
325 341
325 23
325 209
325 342
325 20
58 1
579 75
579 72
483 29
483 86
174 343
396 291
580 196
512 66
178 26
178 307
178 69
178 207
188 17
188 288
581 261
581 69
582 144
129 19
129 179
129 17
583 23
181 8
181 344
315 345
315 209
420 26
341 209
341 325
294 224
85 105
85 86
369 346
584 96
585 347
586 25
44 348
44 151
44 37
289 349
505 350
247 32
247 101
247 54
247 351
247 28
587 45
154 338
312 163
204 29
204 17
204 127
491 156
491 209
491 15
588 42
19 352
19 222
221 25
375 155
72 353
72 75
72 127
72 156
72 23
72 354
589 29
589 333
157 155
212 17
212 177
212 29
590 45
282 17
282 86
282 355
282 8
282 280
282 9
297 356
297 17
150 23
150 324
150 25
327 23
120 10
340 346
591 357
121 10
121 26
121 54
121 220
121 32
230 26
230 45
230 118
592 221
207 9
207 25
95 32
95 202
95 17
95 358
95 28
95 26
95 18
95 27
95 24
95 43
95 232
95 171
95 179
95 359
95 67
95 189
95 360
95 23
95 69
95 54
95 20
48 361
48 362
149 95
149 29
149 86
149 26
149 66
149 23
149 118
149 54
194 363
194 9
194 364
194 17
194 365
125 10
278 65
37 366
37 367
37 9
37 26
37 368
37 148
37 200
37 54
37 309
447 54
447 62
377 45
374 155
451 26
451 23
451 17
593 127
346 369
346 340
346 15
346 161
594 370
595 371
596 0
596 17
314 71
314 372
363 194
363 155
70 316
70 160
597 269
597 57
155 373
155 338
155 374
155 49
155 375
155 47
175 225
175 376
175 54
175 32
45 112
45 377
45 25
45 378
45 17
45 144
45 379
45 24
45 203
45 189
45 380
45 9
45 381
45 382
45 383
45 135
45 171
45 63
45 23
45 384
45 26
45 127
45 385
45 386
45 387
45 388
45 54
67 182
67 17
67 389
67 28
67 26
67 66
67 159
67 390
67 69
407 51
391 391
391 17
391 54
391 392
598 127
599 357
478 329
473 216
322 105
600 209
601 180
602 393
602 33
602 37
603 394
604 150
605 356
606 26
464 395
607 26
607 23
607 396
608 117
609 69
220 269
220 29
220 30
220 26
220 397
220 98
220 398
28 399
28 400
28 29
28 86
28 67
28 247
28 15
28 355
28 54
28 32
28 401
28 402
28 300
28 34
28 336
28 403
28 404
28 277
28 37
28 405
442 43
51 29
51 406
51 26
51 407
51 19
51 408
51 326
51 404
51 122
500 26
610 37
183 98
183 409
183 9
183 264
611 50
518 26
518 46
518 325
518 60
612 104
613 26
613 280
35 24
119 26
119 10
119 240
246 209
614 6
371 33
269 105
269 303
269 9
269 410
269 77
269 171
269 54
269 411
223 25
135 17
135 412
135 413
135 28
135 26
135 24
135 171
135 45
135 33
135 384
135 29
135 337
135 405
93 23
93 414
245 415
245 245
245 26
245 24
245 32
245 260
245 34
245 17
245 50
245 416
245 59
169 79
169 17
33 282
33 371
33 89
33 24
33 224
33 130
33 45
33 69
33 417
453 26
453 17
331 23
331 122
331 179
197 418
502 26
480 329
615 118
218 171
12 32
12 419
393 105
393 233
393 392
393 26
393 420
393 127
337 29
337 62
288 105
288 29
288 421
288 43
288 422
288 130
288 302
288 45
288 188
288 423
288 42
161 29
161 124
161 424
161 25
161 346
161 71
161 127
161 425
616 10
616 426
616 427
617 384
617 26
617 93
618 254
619 257
68 3
68 428
68 429
68 65
68 160
68 71
187 430
244 431
244 222
425 161
488 26
488 265
488 25
488 28
113 10
113 23
113 432
113 17
489 433
489 26
489 434
620 17
621 288
622 45
449 68
623 25
497 330
497 270
394 10
394 69
394 17
9 269
9 183
9 17
9 57
9 27
9 32
9 435
9 194
9 159
9 69
9 207
9 37
9 309
158 151
158 42
456 17
456 72
334 29
145 436
145 335
55 26
55 8
55 54
55 437
624 438
624 26
258 179
517 166
342 325
467 439
467 208
467 440
625 29
626 26
100 17
100 243
43 95
43 158
43 26
43 441
43 25
43 84
43 99
43 156
43 23
43 69
43 104
43 442
627 32
249 29
249 443
249 25
249 171
249 26
249 444
54 29
54 298
54 28
54 271
54 25
54 170
54 300
54 156
54 91
54 269
54 41
54 17
54 24
54 147
54 319
54 121
54 445
54 446
54 66
54 268
54 55
54 291
54 248
54 309
54 95
54 78
54 26
54 247
54 149
54 23
54 54
54 37
54 447
468 347
454 26
454 17
628 448
492 26
629 46
629 71
629 65
630 161
631 26
457 26
457 449
457 17
17 132
17 450
17 29
17 3
17 365
17 427
17 128
17 191
17 140
17 451
17 25
17 241
17 452
17 453
17 160
17 454
17 212
17 301
17 245
17 395
17 372
17 98
17 194
17 209
17 17
17 144
17 455
17 282
17 113
17 297
17 50
17 382
17 260
17 10
17 155
17 45
17 349
17 364
17 394
17 0
17 9
17 319
17 86
17 329
17 456
17 446
17 441
17 291
17 335
17 66
17 169
17 63
17 8
17 457
17 67
17 73
17 458
17 459
17 69
17 391
17 38
17 105
17 317
17 96
17 95
17 14
17 460
17 26
17 461
17 100
17 462
17 32
17 107
17 177
17 463
17 37
17 464
17 23
17 465
17 466
17 54
17 62
439 467
147 0
147 173
147 26
147 24
147 435
147 22
101 247
390 67
118 26
118 149
632 10
323 26
440 467
382 26
382 45
347 32
347 102
347 468
15 401
15 179
15 346
15 28
38 131
38 17
38 26
38 469
38 98
38 8
38 162
38 156
633 470
633 90
124 10
124 127
124 62
124 173
461 17
257 179
634 82
176 32
127 124
127 10
127 89
127 75
127 8
127 161
127 281
127 45
127 72
62 471
62 17
62 298
62 124
62 26
62 472
62 337
635 372
216 373
216 473
216 474
216 18
216 475
216 476
216 448
128 179
128 17
128 144
128 477
435 147
435 26
275 159
275 29
495 196
156 26
156 429
156 348
156 43
156 321
156 179
156 309
156 123
156 54
156 38
115 10
115 69
359 26
329 478
329 479
329 480
329 23
496 17
75 23
75 388
75 426
75 127
75 72
232 481
232 95
232 482
636 159
636 25
192 26
637 388
638 150
0 132
0 95
0 17
0 298
0 27
0 147
0 44
0 172
0 23
86 17
86 26
86 483
86 25
86 23
86 178
86 459
320 8
87 316
87 484
639 485
99 18
102 30
102 291
102 51
102 23
102 288
102 486
123 26
123 10
640 171
31 24
414 87
414 93
476 216
26 29
26 25
26 160
26 487
26 426
26 91
26 234
26 2
26 144
26 488
26 27
26 24
26 489
26 45
26 104
26 266
26 490
26 135
26 55
26 420
26 209
26 118
26 309
26 227
26 230
26 43
26 54
26 22
26 200
26 491
26 454
26 492
26 17
26 189
26 147
26 51
26 101
26 260
26 493
26 323
26 121
26 382
26 18
26 15
26 206
26 63
26 146
26 494
26 149
26 62
26 173
26 112
26 451
26 435
26 249
26 300
26 495
26 156
26 359
26 106
26 257
26 496
26 349
26 192
26 319
26 86
26 87
26 79
26 204
26 95
26 67
26 136
26 225
26 123
26 497
26 32
26 179
26 34
26 498
26 134
26 499
26 186
26 500
26 501
26 246
26 316
26 329
26 196
26 8
26 281
26 453
26 459
26 69
26 502
26 14
26 26
26 503
26 37
26 393
26 23
26 504
465 17
350 505
21 506
21 507
21 10
21 79
21 508
21 509
641 10
430 187
642 200
643 317
186 132
186 189
644 278
645 65
180 45
180 510
180 43
96 395
96 205
96 17
96 291
96 95
513 511
513 512
274 319
507 21
646 45
446 26
446 18
446 102
446 17
446 11
201 142
511 513
458 17
256 179
400 356
60 26
60 514
60 515
60 160
60 516
273 317
273 445
166 517
166 79
166 220
166 86
504 28
647 518
