598 0
55 1
55 2
55 3
403 4
403 5
599 6
261 7
600 8
583 9
583 10
165 11
436 12
436 13
437 14
601 13
85 15
85 16
85 17
85 18
85 19
85 20
85 21
85 22
85 23
85 24
85 25
85 26
85 27
85 28
85 29
85 30
85 31
85 32
85 33
85 34
85 35
85 36
85 37
85 38
85 39
85 40
85 41
85 42
204 43
204 44
204 45
81 46
81 47
26 48
26 49
26 50
26 51
602 52
561 53
561 54
561 15
123 55
123 6
123 56
159 17
159 14
159 57
159 58
159 59
264 60
264 61
264 46
264 15
264 48
264 62
603 63
549 64
459 65
516 48
516 66
516 51
69 48
69 67
604 68
67 69
67 70
67 71
67 8
67 72
67 73
605 74
606 75
236 76
607 77
608 78
609 79
610 80
611 81
612 28
127 82
127 83
127 84
127 61
127 85
127 86
127 87
127 57
127 88
127 89
127 90
127 91
127 92
127 66
127 93
127 13
106 2
106 94
106 52
106 84
106 79
349 95
337 96
337 84
337 97
337 98
196 89
196 99
196 79
70 69
408 100
408 101
365 102
365 32
365 61
288 86
288 103
288 104
288 93
288 105
99 48
99 106
577 107
462 65
613 107
190 41
190 108
190 109
190 110
190 111
614 112
614 8
421 74
615 113
71 114
71 111
71 85
71 115
71 116
71 117
71 118
71 119
569 120
160 48
160 89
160 47
160 121
534 122
22 85
22 123
219 124
219 125
616 126
391 122
391 127
391 128
391 13
469 6
177 129
177 31
177 130
177 46
177 47
177 98
177 122
177 131
617 132
617 46
617 133
149 134
149 51
149 135
149 89
149 136
149 137
149 138
149 139
149 17
149 119
149 140
149 48
149 12
149 141
149 142
149 143
496 144
496 145
380 146
203 44
203 89
203 146
203 79
618 147
618 122
618 31
512 14
512 148
138 149
412 48
619 89
619 34
619 56
235 150
502 31
290 6
290 151
290 152
290 153
290 154
290 15
290 155
290 156
290 157
290 53
290 158
169 92
47 159
47 160
47 161
47 89
47 81
47 47
47 79
47 162
47 163
47 164
47 13
11 165
11 166
11 36
11 167
554 48
554 168
182 111
182 98
620 34
92 169
92 98
92 170
245 171
245 8
621 74
621 89
621 111
247 46
247 172
402 4
402 13
622 13
623 173
624 46
625 126
488 79
413 48
413 61
413 174
626 175
162 48
162 31
125 176
125 124
31 85
31 14
31 6
31 177
31 144
31 89
31 106
31 178
31 179
31 180
31 181
31 53
31 162
111 182
111 43
111 183
111 15
111 79
111 184
111 65
111 185
111 34
111 186
111 187
111 54
111 46
111 188
111 189
111 114
111 6
111 190
111 152
111 71
111 89
111 191
111 44
111 192
111 193
111 12
111 194
111 1
111 195
111 61
111 196
111 11
111 106
111 197
111 198
33 89
33 85
250 199
250 46
250 200
250 15
250 79
425 80
438 23
438 201
438 178
438 46
438 202
627 85
44 6
44 203
44 121
44 204
44 79
44 193
44 48
44 205
44 206
439 12
439 117
377 207
377 89
377 79
555 170
531 146
531 6
531 98
59 159
59 79
388 104
388 12
388 208
388 98
521 209
521 210
521 191
521 15
521 211
628 212
419 53
419 213
629 214
475 215
124 216
124 217
124 218
124 219
124 220
124 221
124 13
118 222
118 61
118 71
118 223
118 224
118 89
118 225
118 226
118 227
73 228
73 229
630 230
630 231
631 232
150 193
150 51
150 233
150 234
150 235
150 211
76 180
76 236
76 237
243 121
243 79
382 34
382 238
382 239
382 61
382 98
17 111
17 149
17 240
17 16
17 241
17 117
17 48
277 242
323 116
185 135
185 111
186 193
186 136
186 119
186 134
222 118
342 57
46 51
46 43
46 243
46 15
46 244
46 53
46 245
46 246
46 247
46 54
46 46
46 146
46 107
46 248
46 201
46 249
46 189
46 111
46 250
46 132
46 251
46 208
46 4
46 7
46 252
46 13
429 184
429 233
429 8
446 114
446 253
446 254
446 99
446 40
446 48
446 255
330 60
330 31
330 110
330 120
330 53
330 239
330 170
232 256
268 257
268 152
268 258
268 46
268 89
268 63
268 259
268 260
268 40
268 6
268 261
268 7
268 262
268 119
201 46
201 263
201 4
201 202
201 79
62 8
62 264
62 79
515 51
528 265
519 48
519 217
420 74
45 204
376 89
376 4
376 170
327 64
327 266
34 30
34 267
34 61
34 268
34 269
34 243
34 14
34 98
34 147
34 122
34 239
272 270
272 271
272 272
272 273
28 30
28 85
476 119
211 86
211 126
313 6
313 274
313 89
313 275
313 270
313 47
313 276
313 48
517 195
517 51
571 131
450 61
301 112
301 277
301 89
301 278
301 111
576 82
473 107
473 199
473 208
473 279
473 153
632 256
52 60
52 266
52 161
52 195
52 106
195 52
195 111
195 74
195 89
195 280
195 189
309 281
309 89
309 93
15 282
15 283
15 284
15 43
15 85
15 107
15 46
15 89
15 250
15 285
15 286
15 4
15 234
15 287
15 288
15 289
15 290
15 291
15 128
15 292
494 48
494 38
494 293
494 127
383 98
478 119
478 294
164 295
164 47
374 48
257 268
216 296
216 14
216 10
216 79
216 228
216 98
130 177
130 8
112 297
112 298
112 264
112 299
112 46
112 89
112 8
112 233
112 79
112 300
112 301
112 302
112 98
112 303
146 6
146 304
146 8
146 46
146 89
146 51
146 206
146 193
146 48
146 79
136 305
136 83
136 186
136 114
136 51
633 193
354 306
25 34
25 307
25 193
634 308
635 193
636 106
281 256
281 309
281 98
595 173
595 199
595 310
10 217
10 216
10 89
10 15
460 65
556 117
110 190
637 74
532 311
103 288
103 98
379 89
638 312
638 14
638 170
275 313
102 271
255 314
639 315
639 316
387 196
387 85
387 191
387 61
387 98
464 191
547 317
547 278
547 152
373 89
373 167
640 318
90 89
90 127
641 319
642 189
643 320
139 149
139 321
456 18
456 197
456 13
442 61
644 266
134 149
134 322
134 186
645 46
142 323
142 149
142 117
142 111
483 60
539 324
646 325
482 14
482 161
326 326
316 48
266 52
266 193
266 51
266 327
266 328
266 12
266 13
266 292
364 40
60 82
60 52
60 121
60 38
60 329
60 330
60 331
60 34
338 89
338 146
338 332
338 189
367 13
258 268
224 118
647 333
647 1
647 334
647 51
251 48
648 111
1 43
1 122
1 243
1 50
1 55
340 34
156 53
156 321
156 290
649 54
299 86
299 122
299 335
524 290
524 193
133 173
133 132
133 12
133 51
133 170
97 335
97 336
97 122
97 337
650 320
441 86
441 61
80 6
80 264
80 173
80 89
80 79
80 338
56 144
56 114
56 339
651 48
651 59
651 15
63 126
63 6
63 191
652 46
179 31
179 170
16 14
522 29
522 46
522 340
143 149
653 99
527 341
527 12
527 15
307 85
654 48
654 79
533 89
533 56
57 159
57 342
57 61
57 343
57 344
57 127
489 79
389 345
389 10
228 346
228 73
228 347
128 14
128 10
128 135
128 15
128 79
128 286
128 348
128 349
128 48
128 98
395 61
655 260
563 74
563 343
656 173
656 6
386 48
386 350
386 98
424 48
424 255
424 116
424 296
657 174
405 46
405 84
405 8
658 351
181 31
181 54
181 352
181 353
181 15
181 6
181 109
306 354
306 355
565 121
283 89
283 277
129 177
274 109
274 313
180 61
180 8
180 217
180 356
180 270
180 47
180 322
180 98
180 79
180 175
180 266
180 15
180 357
180 34
180 358
180 359
180 360
659 329
659 361
660 48
661 362
467 6
467 84
662 363
335 97
663 364
581 298
523 365
523 29
523 191
523 6
126 211
126 63
126 366
410 48
246 367
54 86
54 368
54 250
54 160
664 48
225 267
665 171
666 369
667 48
667 117
359 180
113 370
113 61
113 29
113 365
113 371
113 193
113 145
550 372
58 14
668 82
89 373
89 374
89 51
89 375
89 47
89 79
89 90
89 303
89 6
89 376
89 320
89 74
89 146
89 321
89 10
89 377
89 378
89 29
89 31
89 152
89 111
89 191
89 98
89 379
89 380
89 170
89 61
89 203
89 160
89 112
89 301
89 48
89 122
218 124
98 182
98 343
98 381
98 79
98 382
98 383
98 384
98 216
98 54
98 112
98 46
98 2
98 385
98 386
98 128
98 173
98 89
98 191
98 103
98 193
98 34
98 267
98 387
98 61
98 388
98 86
98 87
98 180
98 74
98 106
98 48
369 48
369 347
369 286
669 86
151 290
542 345
542 389
416 61
416 390
416 121
416 15
416 391
416 48
416 208
417 392
36 11
36 85
433 233
463 393
463 8
86 394
86 211
86 216
86 61
86 77
86 249
86 89
86 233
86 214
86 79
86 345
86 395
86 389
86 288
86 48
86 396
86 98
86 397
86 87
115 398
115 334
353 399
422 399
41 183
41 190
41 400
41 85
4 401
4 402
4 403
4 51
4 404
4 15
4 180
4 405
4 406
4 407
4 174
4 48
4 249
4 282
471 6
101 408
670 189
48 374
48 51
48 99
48 15
48 79
48 184
48 409
48 410
48 411
48 160
48 412
48 188
48 321
48 371
48 413
48 414
48 399
48 128
48 29
48 8
48 149
48 89
48 161
48 233
48 98
48 193
48 285
48 208
48 170
48 69
48 313
48 61
48 86
48 269
48 13
48 415
546 109
505 416
505 47
392 417
392 170
167 407
167 11
167 79
77 86
498 418
498 25
671 277
672 48
673 146
415 48
276 31
276 313
276 291
407 167
674 287
213 419
74 89
74 420
74 421
74 98
675 17
676 348
75 395
677 320
378 89
399 48
399 422
399 4
399 353
399 79
189 46
189 51
282 252
282 4
282 79
96 244
96 423
96 13
96 337
152 48
152 89
152 290
152 268
296 95
296 6
296 216
296 8
296 424
296 40
296 425
233 426
233 304
233 51
233 47
233 15
233 427
233 286
233 126
233 150
233 112
233 428
233 429
233 26
233 430
233 431
233 432
233 149
233 8
233 114
233 433
233 86
233 314
233 434
233 48
263 201
678 89
552 372
317 122
12 51
12 47
12 435
12 436
12 160
12 46
12 437
12 248
12 66
12 8
12 149
12 89
12 191
12 438
12 439
12 34
12 114
12 61
12 388
12 341
12 440
12 48
679 334
194 111
61 441
61 174
61 442
61 365
61 229
61 79
61 382
61 113
61 443
61 61
61 444
61 121
61 269
61 445
61 446
61 316
61 413
61 159
61 395
61 264
61 111
61 8
61 89
61 191
61 98
61 147
61 447
61 12
61 285
61 416
61 448
61 387
61 86
61 449
61 180
61 13
61 127
61 48
61 118
61 217
61 450
680 14
680 66
680 268
116 71
116 89
116 424
116 175
116 323
116 318
116 272
314 255
50 1
50 108
50 79
50 47
50 170
175 180
175 286
175 116
472 451
472 452
472 6
472 453
292 104
292 15
681 191
682 454
493 144
493 339
683 24
304 146
304 233
684 389
506 87
541 455
685 8
497 145
18 114
18 456
65 457
65 458
65 111
65 74
65 46
65 459
65 460
65 461
65 462
393 463
393 38
393 339
393 117
393 8
368 54
686 464
687 6
320 89
688 189
23 465
23 466
256 217
689 48
690 170
6 467
6 135
6 63
6 14
6 15
6 315
6 410
6 372
6 268
6 2
6 468
6 469
6 123
6 470
6 111
6 8
6 89
6 233
6 132
6 44
6 439
6 48
6 313
6 471
6 472
279 53
279 473
691 46
94 79
474 114
474 474
692 270
692 47
693 251
215 475
215 61
119 476
119 71
119 111
119 115
119 269
119 11
119 477
119 266
119 117
119 46
119 12
119 478
119 186
694 398
586 479
586 480
586 40
586 98
586 8
84 296
84 3
84 127
84 320
267 1
267 31
267 267
267 225
267 98
267 147
457 394
457 79
457 189
38 80
38 85
38 481
38 482
38 26
38 189
7 63
7 262
7 161
7 141
7 268
695 60
695 29
695 483
695 183
695 484
188 48
188 93
499 144
499 485
696 17
697 175
698 486
79 14
79 80
79 402
79 51
79 76
79 243
79 47
79 398
79 286
79 65
79 53
79 34
79 384
79 62
79 339
79 216
79 372
79 121
79 112
79 46
79 146
79 167
79 119
79 487
79 488
79 12
79 202
79 86
79 377
79 201
79 399
79 128
79 282
79 457
79 113
79 8
79 173
79 149
79 89
79 391
79 94
79 132
79 44
79 266
79 193
79 489
79 98
79 59
79 148
79 147
79 203
79 449
79 434
79 87
79 196
79 353
79 490
79 239
79 74
79 48
79 278
79 93
398 193
435 12
435 347
435 79
280 195
291 491
404 4
20 85
199 82
199 250
199 369
199 147
199 492
199 391
199 473
699 53
321 1
321 171
321 156
321 493
321 89
700 77
107 29
107 153
107 8
107 418
107 15
107 98
107 494
107 495
107 473
564 121
145 113
145 8
145 112
145 496
145 497
145 393
183 41
183 29
183 111
183 117
701 393
701 458
418 498
418 174
485 499
702 108
702 500
447 501
447 44
447 61
447 98
703 502
208 86
208 48
208 122
208 119
208 473
704 8
297 112
297 478
297 363
297 428
705 503
705 504
705 355
705 505
705 301
706 63
87 86
87 506
87 79
434 454
348 507
348 508
348 509
557 132
122 1
122 249
122 54
122 203
122 121
122 208
122 89
122 299
122 15
122 98
122 44
122 330
122 336
122 48
122 34
122 469
122 510
122 411
468 6
93 51
93 511
93 47
93 79
93 430
93 127
93 290
14 159
14 31
14 58
14 512
14 79
14 513
14 170
284 15
51 51
51 79
51 277
51 394
51 46
51 146
51 136
51 26
51 202
51 514
51 515
51 149
51 89
51 516
51 234
51 48
51 34
51 1
51 517
51 341
51 4
51 101
51 518
51 18
285 86
285 48
285 61
285 15
366 494
366 397
241 85
397 86
397 15
397 366
394 457
394 13
339 493
339 6
339 372
339 56
339 79
339 393
252 282
217 159
217 519
217 180
217 124
217 119
217 10
707 363
513 14
262 393
262 7
262 268
286 8
286 369
286 15
286 79
286 286
286 175
286 184
286 520
286 128
286 289
140 149
470 53
470 6
223 34
708 173
708 53
458 459
458 65
458 458
428 297
428 233
173 114
173 80
173 51
173 173
173 213
173 79
191 121
191 96
191 61
191 387
191 464
191 63
191 89
191 521
191 98
191 522
191 415
191 127
191 523
191 12
191 170
147 107
147 411
147 61
234 150
234 144
234 15
234 193
234 361
234 291
193 31
193 8
193 146
193 524
193 44
193 266
193 48
193 525
584 465
153 107
153 290
30 34
490 398
490 12
490 266
490 193
341 526
341 51
341 134
341 527
265 53
265 6
265 528
265 8
709 470
710 108
510 122
2 55
2 6
2 321
2 117
2 106
2 393
2 478
545 109
711 529
43 264
43 204
43 46
43 15
43 197
43 23
43 391
43 347
712 6
597 260
713 113
220 124
336 122
184 286
184 530
184 429
558 531
311 532
714 182
715 533
214 122
214 534
329 60
543 535
202 201
202 79
205 44
289 286
29 85
29 536
29 135
29 183
29 537
29 371
29 523
29 48
29 469
29 89
29 128
355 14
154 290
154 15
161 48
161 47
161 538
322 82
229 73
324 539
114 61
114 173
114 136
114 446
114 540
114 474
114 122
158 290
455 541
716 278
344 57
239 183
239 264
239 8
345 86
345 542
345 389
717 122
717 216
109 113
109 190
109 274
109 543
109 544
109 181
109 545
109 546
278 547
278 548
174 418
174 34
390 416
390 48
390 147
135 29
135 54
135 149
135 142
135 117
135 135
135 67
135 128
64 549
64 79
64 327
64 8
718 79
540 122
719 6
719 8
83 136
271 272
271 102
271 54
538 161
372 246
372 6
372 550
372 311
372 551
372 15
372 79
372 339
372 552
372 122
372 454
347 74
347 43
347 435
347 487
401 4
248 46
720 470
249 86
249 122
249 4
249 66
249 8
360 180
360 553
360 554
305 369
305 136
305 193
305 454
157 521
721 149
721 493
32 85
722 161
722 141
723 170
724 442
170 82
170 392
170 179
170 121
170 146
170 191
170 161
170 50
170 14
170 79
170 555
170 48
170 92
170 89
287 15
448 365
448 31
448 270
448 61
350 386
725 556
172 247
172 402
132 79
132 6
132 98
132 557
141 149
726 159
294 478
587 40
381 103
381 558
381 98
727 500
727 46
727 79
574 454
117 559
117 149
117 2
117 439
117 135
117 393
53 244
53 144
53 31
53 560
53 561
315 6
728 394
729 562
729 563
589 197
590 147
590 270
121 14
121 135
121 243
121 270
121 79
121 6
121 160
121 146
121 564
121 431
121 31
121 340
121 89
121 191
121 44
121 380
121 565
121 59
121 170
121 416
121 566
121 61
121 48
121 122
121 269
121 450
269 269
269 15
269 50
269 567
269 121
343 243
551 372
137 149
487 568
487 347
487 79
730 189
120 569
544 109
731 48
732 321
733 335
733 31
733 570
733 15
454 6
454 112
454 571
454 375
454 572
454 573
454 574
454 413
454 287
454 453
454 122
454 106
734 15
207 377
82 60
82 144
82 270
82 309
82 575
82 351
82 576
82 170
8 107
8 15
8 79
8 286
8 577
8 393
8 121
8 578
8 146
8 429
8 23
8 579
8 431
8 249
8 239
8 189
8 111
8 149
8 89
8 463
8 193
8 145
8 296
8 580
8 48
525 193
735 98
298 581
298 2
192 189
736 582
396 107
396 77
396 583
396 47
396 91
465 98
465 584
465 585
737 290
144 499
144 493
144 264
144 56
144 234
144 53
40 586
40 587
40 446
40 588
40 198
40 106
40 364
40 27
40 478
453 472
451 472
451 480
451 452
302 112
197 43
197 589
197 456
738 243
231 321
270 82
270 590
270 313
270 448
270 121
270 591
270 47
270 272
443 61
371 48
385 98
440 86
440 113
440 127
384 98
431 592
431 233
431 8
739 593
104 113
104 388
104 86
104 288
104 89
104 389
104 181
104 375
104 292
480 451
480 586
300 594
300 47
310 595
740 250
741 596
260 597
423 439
423 96
423 47
742 48
743 330
13 394
13 208
744 8
131 571
131 177
