548 0
597 1
597 2
597 3
268 4
193 5
193 6
401 7
401 8
401 9
401 10
230 11
230 12
230 13
230 14
197 15
221 16
221 17
221 18
221 19
221 20
221 21
221 22
221 23
221 24
598 25
599 26
599 27
458 28
458 29
458 30
459 31
459 32
600 33
573 27
573 34
305 35
305 36
441 26
154 37
154 38
154 39
154 5
154 40
154 41
154 42
154 43
154 44
154 45
154 26
154 46
154 27
154 47
154 48
154 49
154 50
154 51
154 52
601 53
116 54
116 55
116 56
116 57
211 46
211 31
211 58
211 59
528 60
528 61
602 62
590 63
590 64
167 60
167 65
603 66
538 67
190 4
190 68
190 59
190 26
190 6
190 23
566 69
288 70
539 71
539 72
539 73
539 74
61 34
61 75
61 31
61 76
61 26
61 65
61 77
61 78
61 73
61 79
485 80
461 81
571 27
571 36
525 82
525 83
313 27
313 84
313 34
313 55
604 41
420 85
605 86
605 87
388 88
521 89
521 72
448 90
448 27
37 91
37 92
37 71
37 93
37 94
117 95
117 96
117 55
117 46
117 57
117 97
117 26
117 56
117 98
117 99
117 100
338 101
368 102
104 103
104 72
104 104
549 66
560 105
158 38
158 106
158 107
158 108
158 31
158 92
158 54
158 109
158 110
158 111
158 112
158 55
591 31
115 113
115 114
115 72
115 111
115 115
57 5
57 55
57 72
57 116
57 117
57 26
57 118
57 119
147 53
147 120
147 121
118 122
118 123
118 57
118 124
118 121
118 119
118 23
19 125
19 126
19 27
19 127
19 128
19 111
19 129
19 130
519 131
519 132
519 133
272 134
272 41
272 135
272 136
272 137
272 101
341 138
341 139
341 140
341 141
341 92
341 90
128 19
606 66
152 142
152 143
64 63
607 144
355 145
121 146
121 147
121 148
121 118
121 71
121 149
120 150
120 55
120 151
120 31
120 152
120 36
120 153
120 53
120 18
120 154
120 155
120 129
120 156
120 27
120 157
94 37
94 158
94 43
386 111
386 159
161 160
161 161
126 90
239 11
608 27
608 162
411 163
411 31
411 72
411 60
411 164
411 104
411 165
65 166
65 167
65 99
65 26
65 114
65 61
251 120
251 168
251 41
251 169
251 141
251 170
251 171
251 96
251 172
251 173
486 90
486 80
609 122
609 141
205 174
205 29
205 175
205 176
40 154
226 93
226 177
226 178
326 90
493 38
493 90
493 6
540 124
443 179
443 180
443 26
443 36
443 61
513 181
416 182
416 53
416 183
416 133
416 184
480 185
610 38
437 26
449 90
449 28
449 114
449 186
24 187
24 26
24 23
24 90
24 61
6 4
6 72
6 188
6 66
6 189
6 67
6 190
6 36
6 26
6 191
6 192
6 81
6 193
6 194
6 90
6 195
6 156
6 196
93 37
93 29
93 197
93 95
93 198
93 199
93 27
93 19
93 200
93 201
93 202
580 145
580 203
175 79
175 198
175 31
175 45
175 204
175 46
175 205
175 19
175 206
175 207
175 130
307 90
307 208
307 36
611 23
46 209
46 97
46 55
46 154
46 210
46 211
46 26
46 27
46 109
46 194
46 9
46 212
354 213
354 53
354 131
354 114
354 214
354 111
612 105
500 153
287 215
613 216
351 90
351 217
351 119
351 218
351 79
530 219
530 220
530 221
530 60
530 98
530 111
530 222
530 223
476 27
476 224
476 225
177 226
614 151
614 227
615 228
583 229
616 66
617 230
331 231
433 155
618 59
234 232
160 161
391 111
347 53
347 42
347 44
347 233
347 120
200 234
200 93
520 235
464 81
11 236
11 237
11 238
11 239
11 26
11 12
11 240
11 241
11 230
11 242
619 243
619 244
302 14
302 36
302 245
302 27
302 246
302 247
620 61
621 248
622 122
106 83
623 61
332 249
170 53
170 250
170 251
170 41
170 170
252 252
252 253
252 27
252 111
252 254
256 53
256 99
256 238
256 255
256 103
256 256
256 257
256 258
256 259
256 196
256 149
624 6
508 5
508 103
508 119
508 84
516 16
123 118
123 260
123 261
123 55
123 262
625 263
4 111
4 264
4 95
4 265
4 266
4 267
4 268
4 269
4 26
4 69
4 270
4 64
4 155
4 271
4 101
4 6
4 272
4 3
245 273
245 103
245 274
245 133
153 66
122 181
122 91
122 275
122 276
122 27
122 277
122 278
122 279
122 118
122 96
122 280
122 31
122 79
51 103
51 154
51 48
33 61
281 281
469 282
469 95
626 283
43 47
43 94
43 31
43 204
43 26
43 27
43 284
43 285
43 286
43 129
43 154
215 287
419 85
70 111
70 288
273 289
273 59
273 10
273 245
273 26
273 99
627 181
627 290
192 291
194 247
194 14
194 189
194 155
194 36
194 46
194 292
194 49
194 90
194 111
194 293
194 294
99 143
99 238
99 61
99 117
99 36
99 295
99 3
99 155
99 104
99 195
99 96
156 120
156 271
156 66
156 53
156 36
156 270
156 296
156 6
289 297
289 298
289 216
289 114
289 113
289 131
289 258
289 299
568 6
13 217
13 300
13 103
13 230
36 120
36 26
36 301
36 35
36 302
36 303
36 108
36 99
36 76
36 304
36 56
36 178
36 21
36 6
36 305
36 72
36 111
36 306
36 307
36 53
36 308
36 156
387 38
387 5
387 309
387 279
387 310
387 111
54 27
54 308
54 116
628 89
629 66
475 34
630 311
55 120
55 158
55 312
55 313
55 36
55 117
55 314
55 3
55 315
55 79
55 163
55 5
55 55
55 67
55 316
55 317
55 318
55 27
55 81
55 147
55 319
55 7
55 123
55 320
55 57
55 72
55 116
55 187
55 46
55 321
55 218
55 219
55 322
55 91
55 323
55 96
238 324
238 99
238 26
238 325
238 71
238 206
210 46
301 312
301 178
527 5
171 251
21 153
21 72
21 36
404 96
299 289
185 326
631 245
344 191
344 327
344 328
231 120
231 329
231 29
231 330
231 142
231 331
632 66
249 332
95 4
95 333
95 93
95 334
95 117
95 248
95 60
95 335
95 42
95 336
95 96
95 319
374 98
137 272
286 43
584 53
101 4
101 5
101 55
101 189
101 337
101 26
101 338
101 339
101 340
101 101
101 96
101 272
138 341
498 342
385 343
328 344
328 345
328 72
328 114
328 336
328 90
328 71
534 53
534 92
633 120
633 111
367 279
634 48
195 99
195 255
195 34
635 122
518 346
44 347
44 141
636 210
637 163
638 154
638 251
97 42
97 348
314 99
314 111
42 97
42 347
356 114
639 349
134 350
303 289
303 142
303 302
303 36
316 187
316 26
316 158
316 46
217 217
217 351
217 119
217 27
114 298
114 224
114 352
114 345
114 53
114 31
114 189
114 353
114 27
114 65
114 354
114 355
114 356
114 357
114 115
114 358
180 26
180 359
180 31
180 360
180 361
142 362
142 231
142 116
142 152
142 36
142 363
142 339
142 48
142 331
142 33
142 119
142 196
142 55
439 26
439 120
439 364
439 71
640 101
402 365
402 5
402 366
402 99
402 72
402 90
402 96
491 367
102 368
102 369
445 370
330 371
330 72
330 231
263 90
263 372
263 373
641 374
481 375
642 103
110 158
110 376
456 377
157 378
181 63
181 107
181 67
181 122
181 81
181 379
181 112
308 90
308 54
567 69
369 380
643 198
254 381
359 382
359 23
644 175
264 26
645 34
646 7
647 103
647 124
648 202
274 383
274 245
649 72
3 4
3 384
3 111
343 258
343 385
650 26
650 270
78 61
111 106
111 94
111 386
111 387
111 26
111 92
111 388
111 389
111 4
111 55
111 108
111 390
111 238
111 371
111 73
111 391
111 66
111 392
111 354
111 34
111 53
111 393
111 194
499 394
173 66
173 251
651 296
125 72
125 395
125 330
125 117
125 27
125 396
125 112
357 397
357 114
204 90
652 72
319 250
319 88
250 398
250 224
250 170
250 92
250 27
250 90
250 361
250 319
478 91
478 111
478 2
595 90
595 9
339 399
339 101
339 400
339 36
340 101
340 98
479 2
479 244
653 310
529 124
529 107
654 225
8 401
366 379
366 402
248 26
248 90
248 403
248 404
248 61
415 120
655 114
655 126
656 185
446 26
657 168
658 114
658 6
658 405
658 189
400 339
400 406
659 407
660 248
269 4
661 79
77 61
79 55
79 27
79 229
79 408
79 90
79 71
79 351
79 6
487 409
487 410
60 411
60 412
554 36
662 93
361 141
361 345
348 413
348 97
348 55
663 255
290 26
664 4
353 114
353 414
465 81
665 38
665 90
665 96
665 55
309 258
575 27
575 415
184 416
490 417
490 63
109 158
109 109
109 48
421 101
666 418
666 26
666 345
85 297
85 163
85 419
85 289
85 373
85 420
85 421
39 154
39 422
544 423
576 38
576 27
576 31
497 38
497 424
467 209
467 71
467 258
467 425
467 289
233 53
233 31
233 426
233 26
233 27
233 81
233 161
233 90
233 383
103 158
103 163
103 167
103 37
103 72
103 221
103 245
103 60
103 427
103 104
103 51
103 428
103 429
26 264
26 430
26 431
26 432
26 433
26 434
26 313
26 435
26 117
26 26
26 372
26 436
26 27
26 201
26 248
26 4
26 224
26 5
26 59
26 316
26 238
26 437
26 76
26 438
26 338
26 142
26 439
26 81
26 290
26 440
26 101
26 23
26 441
26 324
26 31
26 282
26 61
26 46
26 36
26 442
26 111
26 119
26 443
26 96
26 34
26 444
26 53
26 190
26 233
26 273
26 11
26 285
26 445
26 409
26 90
26 446
26 156
26 109
10 66
90 26
90 328
90 98
90 447
90 79
90 448
90 204
90 449
90 402
90 282
90 72
90 307
90 450
90 394
90 218
90 451
90 351
90 341
90 107
90 322
90 337
90 308
90 233
90 141
90 452
90 248
90 60
90 194
546 453
667 180
667 431
489 436
489 90
489 454
489 37
489 135
668 124
669 66
579 455
377 38
377 456
451 56
451 90
76 26
76 36
76 61
670 96
670 457
28 92
28 449
28 458
671 327
214 354
389 38
389 111
389 459
378 157
318 119
418 324
672 108
572 27
572 72
572 13
81 181
81 460
81 62
81 461
81 462
81 26
81 463
81 464
81 465
81 383
81 24
310 81
310 387
300 93
300 466
673 317
209 99
209 467
209 57
209 36
209 26
209 46
209 61
209 468
209 96
209 223
674 26
674 90
168 251
282 26
282 90
282 27
282 469
414 353
553 470
258 270
258 343
675 364
329 329
329 96
329 231
213 53
213 119
213 354
543 124
34 471
34 472
34 312
34 473
34 108
34 131
34 72
34 313
34 69
34 474
34 407
34 229
34 98
34 61
34 118
34 195
34 27
34 475
34 111
225 72
225 476
225 477
113 289
113 111
2 478
2 55
2 99
2 479
2 27
2 111
337 38
337 153
337 114
337 396
337 90
337 101
676 480
676 55
14 302
14 284
14 247
14 194
261 123
677 7
474 111
295 3
375 481
229 482
229 34
229 79
35 305
163 411
163 85
163 103
163 72
163 55
678 53
216 120
216 483
216 98
141 90
141 341
141 361
56 116
56 55
56 36
425 484
679 118
131 93
131 53
131 289
131 334
131 27
131 354
680 96
178 120
178 11
178 238
178 36
178 178
80 485
80 344
80 72
80 114
80 486
80 428
681 105
409 26
409 487
682 142
682 488
306 66
306 36
683 103
684 38
322 56
322 81
322 55
322 36
91 478
91 122
91 55
685 53
135 272
135 489
166 65
501 390
417 490
358 114
358 491
358 104
38 492
38 493
38 494
38 377
38 337
38 72
38 387
38 92
38 409
38 495
38 496
38 497
186 28
342 342
342 498
174 205
373 53
373 85
373 411
373 396
247 194
315 37
315 90
315 499
686 496
136 272
224 250
224 476
224 59
224 72
224 114
224 431
224 153
224 500
265 170
41 154
41 170
41 272
41 251
41 345
563 26
563 273
563 71
563 242
563 110
390 111
390 501
350 134
687 2
688 390
203 180
203 502
203 72
203 503
203 396
203 71
203 23
88 31
88 388
88 319
88 189
689 155
429 114
7 401
7 5
7 55
7 504
7 99
690 142
320 55
691 157
691 141
692 142
29 505
29 93
29 205
29 143
394 506
394 108
394 36
394 27
394 90
394 507
427 103
84 31
84 313
84 508
693 113
325 53
325 238
119 38
119 509
119 213
119 93
119 55
119 324
119 57
119 103
119 26
119 53
119 142
119 439
119 48
119 354
119 109
119 505
119 90
119 111
119 351
119 71
119 510
176 191
176 186
176 205
176 327
694 42
695 511
696 90
452 90
179 443
191 344
191 26
191 331
191 176
191 512
191 74
697 303
379 120
379 181
379 366
379 513
196 93
196 98
196 95
196 55
196 27
196 514
196 148
196 178
196 515
362 142
16 516
16 221
16 177
698 38
698 13
148 263
240 11
240 109
20 221
462 54
699 54
398 250
398 31
700 48
108 111
108 459
108 36
108 34
108 108
317 180
317 517
317 153
346 518
492 38
132 519
392 111
574 27
72 38
72 120
72 345
72 36
72 26
72 92
72 148
72 71
72 520
72 205
72 163
72 521
72 303
72 67
72 114
72 15
72 27
72 104
72 300
72 80
72 115
72 31
72 522
72 330
72 103
72 53
72 233
72 328
72 225
72 523
72 61
72 524
72 90
72 96
701 337
83 525
83 23
83 345
243 158
243 92
243 99
243 526
49 270
49 527
49 439
49 194
49 50
482 229
241 11
22 528
22 221
702 55
107 158
107 90
107 38
107 529
151 120
523 72
396 53
396 409
396 530
396 383
524 373
524 90
524 114
524 72
524 345
246 302
144 101
703 53
704 436
704 90
382 359
382 92
382 497
382 531
705 274
220 219
434 26
434 203
434 532
434 533
706 31
270 258
270 156
92 38
92 158
92 341
92 180
92 72
92 382
92 534
92 436
92 398
92 243
92 111
92 371
92 535
92 536
48 120
48 39
48 537
48 0
48 36
48 109
48 51
206 238
206 5
52 154
146 121
67 181
67 55
67 538
67 72
67 27
67 118
67 6
384 384
707 190
708 114
708 354
559 300
581 189
428 103
428 80
207 45
207 72
207 5
207 205
74 191
74 98
74 539
426 379
426 233
709 170
260 270
260 123
124 432
124 540
124 146
124 541
124 27
124 542
124 470
124 118
124 543
124 529
410 487
155 120
155 205
155 194
155 433
507 111
507 394
507 19
423 544
219 530
219 55
472 545
472 34
453 546
453 547
0 180
0 43
0 548
199 93
710 381
711 42
712 206
713 72
89 521
565 298
557 549
570 408
714 53
714 126
370 445
172 251
5 298
5 521
5 55
5 34
5 57
5 550
5 26
5 205
5 270
5 92
5 527
5 354
5 287
5 101
5 207
5 133
502 61
715 120
715 114
716 27
717 302
551 551
718 552
470 553
470 554
555 62
555 5
130 27
130 175
483 118
483 96
183 416
62 555
62 27
62 63
62 33
66 556
66 59
66 345
66 557
66 153
66 558
66 559
66 33
66 129
66 156
473 34
324 187
324 250
324 238
324 27
719 111
450 90
720 196
279 367
279 122
412 411
105 560
105 345
23 187
23 118
23 114
23 561
23 170
562 562
562 48
87 66
327 344
327 176
721 6
12 230
284 109
257 256
140 341
96 111
96 72
96 119
96 27
578 27
242 563
242 11
242 36
242 108
298 564
298 565
298 235
312 34
237 11
345 83
345 66
345 328
345 345
69 566
69 4
69 567
69 34
463 81
463 133
98 530
98 568
98 190
98 374
98 340
98 111
408 569
408 570
722 181
222 530
413 348
202 413
723 120
723 53
723 119
198 415
198 175
198 412
724 7
724 61
27 120
27 312
27 571
27 455
27 313
27 36
27 117
27 26
27 381
27 374
27 79
27 122
27 302
27 55
27 56
27 269
27 125
27 448
27 255
27 474
27 324
27 572
27 253
27 72
27 130
27 250
27 573
27 189
27 574
27 131
27 31
27 282
27 83
27 575
27 46
27 103
27 19
27 476
27 576
27 34
27 93
27 67
27 233
27 114
27 577
27 285
27 99
27 2
27 196
27 578
440 26
127 19
455 579
468 240
403 248
403 302
496 38
496 425
725 203
145 355
145 458
145 580
189 493
189 53
189 99
189 27
189 88
189 581
189 352
726 582
726 152
218 90
561 440
201 93
201 49
371 92
371 583
371 330
365 402
586 334
587 63
53 19
53 186
53 416
53 233
53 373
53 26
53 347
53 357
53 170
53 256
53 212
53 189
53 324
53 131
53 31
53 147
53 49
53 325
53 111
53 119
53 133
53 584
53 534
53 585
53 114
53 396
393 56
393 111
727 103
228 187
535 92
728 66
729 490
730 90
334 289
334 131
334 586
593 349
63 120
63 181
63 62
63 587
63 490
63 64
63 588
63 589
63 590
71 249
71 53
71 316
71 31
71 328
71 26
71 563
71 439
71 48
71 539
71 408
71 71
71 238
71 79
435 26
352 114
352 189
585 53
585 104
45 90
45 103
45 175
45 163
466 300
50 154
253 27
253 252
112 181
112 158
112 99
112 125
112 61
731 26
731 345
143 99
143 29
31 163
31 122
31 576
31 60
31 53
31 43
31 72
31 233
31 211
31 411
31 591
31 26
31 180
31 225
31 285
31 61
31 71
31 459
732 120
733 592
477 225
187 158
187 55
187 324
187 316
187 36
187 23
187 228
187 24
495 38
133 5
133 72
133 245
133 463
133 519
133 133
349 593
75 436
734 594
735 49
363 142
285 26
285 31
736 181
9 46
9 53
9 190
9 595
9 26
9 191
9 75
737 259
738 23
444 26
444 596
