280 0
519 1
131 2
131 3
131 4
131 5
131 6
643 7
643 8
643 9
157 10
157 11
741 12
745 13
746 14
67 6
747 9
117 15
117 16
117 17
117 18
748 19
749 20
593 21
174 17
174 22
174 23
174 24
174 25
174 26
750 27
374 28
374 29
374 18
374 30
374 31
374 32
374 33
374 34
374 35
398 36
751 2
392 6
416 37
416 38
363 39
563 40
563 41
200 3
229 42
229 19
229 43
229 44
229 45
752 46
358 47
358 48
358 18
358 49
358 50
358 51
358 52
358 6
584 26
27 53
27 54
291 5
291 55
291 56
291 57
291 58
291 59
291 60
291 9
80 3
80 61
80 44
80 62
470 63
470 64
219 65
219 14
421 66
421 67
594 68
129 69
129 70
129 71
129 59
129 18
129 72
129 13
753 73
444 5
444 74
444 9
444 75
270 76
639 6
84 58
84 77
84 78
84 79
84 18
754 80
755 81
755 82
755 83
755 84
756 20
469 69
469 41
469 85
469 64
469 86
469 87
509 88
439 89
439 90
439 20
439 28
439 33
296 89
397 6
506 85
757 91
757 92
758 93
617 94
617 95
617 96
759 97
760 48
468 98
529 99
529 20
449 28
449 100
449 101
449 102
449 103
141 3
141 104
311 41
761 105
762 11
151 106
151 1
151 74
151 107
151 108
151 109
151 110
151 83
577 92
577 111
577 108
763 1
589 3
764 38
764 112
764 113
483 90
596 114
596 115
596 116
596 30
596 117
596 62
701 92
572 41
765 118
624 101
170 41
170 71
170 63
170 18
170 119
170 86
170 9
170 13
170 38
460 77
460 4
574 120
574 20
574 121
574 122
574 123
133 2
133 55
133 124
133 41
133 29
133 4
133 18
133 85
133 125
133 126
133 127
133 128
133 73
133 129
133 130
2 6
2 131
2 132
2 133
766 19
536 134
536 135
536 58
536 47
632 136
161 137
161 47
161 138
161 139
161 15
161 140
161 141
161 142
161 143
161 144
161 145
63 146
63 65
63 29
63 85
63 147
63 100
63 6
63 38
63 73
419 148
186 69
186 148
614 9
767 149
492 150
768 140
367 18
367 41
610 74
610 151
610 9
769 152
215 153
215 1
215 71
215 85
215 154
215 155
215 23
215 156
215 12
215 3
215 8
215 100
215 6
770 147
771 157
166 158
166 159
166 90
166 41
166 160
166 65
166 63
166 16
166 100
166 50
166 161
166 162
166 163
166 30
166 164
166 165
166 166
166 6
162 166
162 41
717 167
717 168
717 29
717 11
242 20
242 169
242 1
201 103
201 119
201 9
201 41
201 170
442 171
24 29
24 18
24 172
24 173
24 8
24 174
24 0
294 50
294 103
426 175
579 26
772 6
422 176
203 65
292 177
512 56
512 9
520 1
360 5
360 178
360 179
360 58
360 41
360 180
360 92
360 18
360 147
360 3
297 181
297 58
359 18
660 7
660 182
110 151
773 183
264 184
264 185
264 186
264 187
264 188
264 189
430 3
430 74
430 33
430 190
430 35
567 13
567 119
567 191
567 41
774 192
774 28
774 193
774 194
774 89
573 195
573 196
431 197
431 198
431 41
431 18
254 3
254 199
254 200
775 201
386 6
89 58
89 202
89 203
89 204
89 187
89 205
89 97
89 85
89 206
89 57
89 15
89 207
89 55
89 208
89 209
89 92
89 30
89 12
89 6
89 210
89 211
89 212
89 156
89 213
89 132
89 33
222 13
222 214
153 55
153 215
153 1
153 216
153 41
153 217
153 218
153 13
153 219
153 147
153 15
153 220
153 26
139 183
139 86
139 221
139 44
139 147
214 222
214 223
214 224
776 130
337 18
337 147
209 89
265 225
265 226
265 227
265 228
265 85
265 7
265 188
265 111
265 103
43 229
43 74
43 93
43 230
725 205
725 231
725 6
777 105
777 232
778 215
391 29
391 6
306 12
306 232
320 16
320 117
320 6
779 233
779 234
179 38
179 9
179 235
179 85
413 236
413 61
413 57
124 125
124 237
124 140
124 41
124 133
322 22
322 238
322 239
780 38
554 3
554 187
554 29
554 115
781 6
20 240
20 7
20 241
20 242
20 243
438 167
438 160
438 29
438 18
438 244
438 245
438 72
438 3
438 246
438 6
156 161
156 221
156 9
156 247
156 248
156 100
3 249
3 20
3 199
3 131
3 99
3 96
3 250
3 35
3 47
3 11
3 251
3 123
3 252
3 200
3 253
3 207
3 254
3 42
3 255
3 82
3 256
3 137
3 55
3 177
3 257
3 258
3 38
3 259
3 6
3 143
3 215
3 260
3 140
3 261
3 262
3 50
3 7
3 263
3 25
3 103
3 210
188 264
188 265
188 266
188 226
188 4
188 267
188 3
188 8
188 111
188 105
188 268
188 103
249 3
493 85
564 64
564 9
564 41
564 269
719 9
719 246
324 103
517 36
76 270
355 271
355 4
782 272
710 273
384 274
384 6
783 275
784 276
79 50
79 42
79 90
79 61
785 277
15 55
15 153
15 65
15 163
15 117
15 13
15 278
15 100
786 279
542 13
542 32
0 280
0 28
0 225
0 211
0 18
0 7
0 187
0 0
0 281
664 261
128 282
128 55
128 283
128 11
128 284
128 275
128 94
128 67
128 9
128 285
128 64
128 286
128 287
128 132
128 133
128 288
128 289
128 35
705 109
329 5
625 290
177 93
177 261
177 291
177 292
177 3
177 38
654 19
787 202
349 183
349 293
788 64
58 294
58 295
58 296
58 9
58 297
58 45
58 261
58 246
58 256
58 208
58 298
58 94
58 288
58 299
58 109
58 235
58 6
58 225
58 84
58 300
58 301
58 51
58 13
304 12
304 147
557 6
12 174
12 302
12 215
12 225
12 260
12 147
12 6
12 303
12 100
12 304
12 299
12 26
12 305
12 238
12 306
12 166
12 73
38 55
38 307
38 51
38 308
38 192
38 170
38 3
38 7
38 25
38 8
38 30
38 147
38 18
38 276
38 13
38 100
38 309
259 3
259 13
259 16
259 143
789 207
618 310
790 6
393 94
791 311
228 265
464 312
530 50
530 313
530 314
16 5
16 315
16 316
16 266
16 117
16 115
16 260
16 317
16 29
16 318
16 170
16 85
16 22
16 119
16 319
16 263
16 147
16 48
16 309
16 18
16 320
262 3
447 74
447 321
447 92
447 29
163 168
238 322
147 5
147 323
147 16
147 58
147 143
147 266
147 4
147 32
147 324
147 44
147 164
147 85
147 325
147 326
147 327
147 328
147 115
147 59
147 123
147 64
147 263
147 63
147 36
147 100
147 329
147 55
147 153
147 330
147 331
147 92
147 332
147 333
147 334
147 154
147 102
147 8
147 30
147 302
147 103
147 335
147 12
147 38
147 336
147 337
147 6
147 217
147 338
147 339
147 41
147 165
147 260
147 210
147 29
147 340
147 341
147 342
147 51
147 192
147 13
147 343
147 344
147 132
147 345
615 346
615 347
615 348
615 258
213 89
293 349
792 75
591 226
591 336
591 350
143 28
143 147
143 58
143 161
143 65
143 29
143 220
143 7
143 188
143 9
143 25
143 3
143 8
143 6
143 351
143 33
266 55
266 11
266 41
266 59
266 352
266 353
266 354
266 7
266 187
266 8
266 355
266 122
266 38
266 356
17 239
17 215
17 212
17 299
17 357
17 11
17 174
17 358
18 312
18 359
18 65
18 115
18 187
18 117
18 360
18 361
18 362
18 348
18 261
18 363
18 170
18 64
18 364
18 91
18 6
18 365
18 263
18 55
18 139
18 8
18 366
18 367
18 368
18 140
18 16
18 85
18 50
18 369
18 7
18 156
18 13
18 256
287 370
287 41
287 115
287 353
287 9
287 133
287 326
709 99
709 270
309 38
459 371
459 11
459 58
459 300
459 8
459 9
459 3
459 41
736 91
168 372
168 142
168 163
168 30
168 373
168 103
168 34
168 256
328 13
251 374
251 1
793 160
555 187
555 93
541 13
484 28
484 375
484 90
484 274
484 376
484 128
107 151
23 220
23 120
23 13
23 215
23 73
794 13
377 23
377 377
6 5
6 378
6 131
6 379
6 55
6 65
6 143
6 4
6 67
6 204
6 58
6 9
6 44
6 380
6 381
6 26
6 32
6 382
6 383
6 384
6 28
6 11
6 180
6 119
6 374
6 385
6 18
6 100
6 386
6 387
6 137
6 388
6 358
6 160
6 63
6 92
6 389
6 74
6 8
6 390
6 391
6 392
6 320
6 128
6 167
6 393
6 215
6 41
6 187
6 260
6 29
6 394
6 85
6 395
6 86
6 147
6 3
6 13
6 396
6 397
6 166
6 376
82 3
82 9
82 330
232 220
232 398
232 399
256 167
256 58
256 180
256 18
256 400
256 401
256 402
256 403
256 404
795 405
796 13
640 94
434 406
217 153
217 407
581 408
581 266
581 11
581 147
581 29
581 92
581 409
581 410
581 7
581 9
581 25
581 26
581 411
581 412
797 281
562 28
562 194
236 413
299 29
299 414
299 41
299 218
299 17
299 61
299 274
299 415
299 38
299 201
37 416
37 64
37 187
733 10
798 13
799 2
799 11
127 417
127 133
800 266
801 3
802 418
802 350
148 38
148 419
148 420
148 41
83 151
315 41
66 421
78 41
176 422
689 3
689 28
689 423
178 360
185 264
655 424
655 14
803 19
804 425
672 100
399 232
106 22
106 151
595 92
175 426
175 376
175 160
488 35
125 133
53 5
53 27
385 100
385 30
385 6
606 427
606 109
673 3
673 7
673 61
673 18
673 85
559 164
559 41
805 428
348 429
645 8
331 155
331 58
331 430
331 7
331 431
331 147
331 252
806 261
721 432
807 41
279 389
279 85
406 74
406 16
406 433
406 434
406 18
808 435
336 408
336 138
336 147
631 146
631 85
34 374
34 168
34 28
809 6
167 436
167 437
167 261
167 90
167 438
167 9
167 439
167 256
500 187
500 440
441 29
441 441
810 156
621 239
171 15
171 442
171 443
171 9
171 387
678 225
74 444
74 445
74 446
74 363
74 85
74 447
74 189
74 36
661 448
103 282
103 294
103 323
103 449
103 18
103 324
103 187
103 188
103 26
103 212
103 450
103 28
103 192
103 451
103 207
103 255
103 452
103 453
103 1
103 168
103 161
103 265
103 454
103 74
103 140
103 68
103 85
103 147
103 3
103 242
103 455
103 33
404 38
404 32
404 41
404 256
344 5
344 11
344 139
344 29
344 324
344 119
344 147
387 171
387 456
387 457
387 6
371 458
371 459
77 280
77 84
77 143
77 140
77 85
77 460
77 7
77 406
77 461
77 36
77 32
77 212
317 13
317 129
317 16
379 364
379 6
234 301
234 353
234 147
42 3
42 242
42 119
42 109
565 41
811 13
165 166
165 85
165 28
165 111
165 62
561 92
561 462
429 348
312 463
312 464
312 18
312 65
312 7
312 3
312 100
812 465
582 294
582 55
582 393
582 449
582 466
582 26
417 127
245 438
245 160
192 103
192 147
192 55
81 467
64 37
64 468
64 115
64 92
64 18
64 469
64 470
64 471
64 9
64 335
64 472
716 119
716 29
716 466
716 66
535 28
189 264
137 5
137 473
137 372
137 41
137 48
137 260
137 59
137 94
137 119
137 18
137 161
137 474
137 28
137 390
137 147
137 3
137 12
137 38
137 475
137 403
137 6
720 476
720 477
813 220
813 478
740 86
740 27
646 8
814 10
302 8
302 147
302 83
114 38
114 92
114 479
114 41
472 64
73 63
73 73
73 155
73 133
73 12
815 353
816 406
218 153
218 28
218 218
218 18
218 109
218 439
817 73
818 29
620 480
620 481
819 276
301 187
301 58
301 18
301 234
504 71
504 3
504 29
504 11
820 105
688 482
688 208
821 100
712 115
822 20
90 483
90 484
90 131
90 243
90 485
90 266
90 194
90 85
90 486
90 109
90 380
90 100
90 38
250 3
250 487
823 29
494 4
494 9
494 85
508 6
150 11
150 41
150 488
150 489
150 29
150 92
150 490
150 9
150 85
150 491
150 492
418 331
418 57
376 55
824 151
325 11
325 147
85 445
85 493
85 261
85 494
85 179
85 150
85 495
85 165
85 187
85 9
85 13
85 26
85 212
85 38
85 145
85 79
85 115
85 123
85 485
85 363
85 469
85 364
85 133
85 36
85 105
85 496
85 89
85 265
85 281
85 332
85 63
85 497
85 92
85 333
85 498
85 74
85 279
85 30
85 314
85 258
85 276
85 499
85 77
85 235
85 6
85 500
85 93
85 41
85 215
85 84
85 501
85 90
85 502
85 7
85 503
85 504
85 147
85 192
85 3
85 103
85 505
85 506
85 480
85 507
575 373
575 92
575 89
575 166
825 405
450 508
450 115
450 29
450 415
450 103
450 6
69 13
69 129
69 187
88 509
11 510
11 511
11 155
11 118
11 409
11 186
11 288
11 156
11 36
11 512
11 513
11 6
123 140
600 7
36 398
36 77
36 11
36 41
36 514
36 15
36 4
36 85
36 515
36 74
36 58
36 516
36 517
36 147
36 3
36 499
36 518
826 421
283 5
283 128
388 6
388 186
388 85
1 266
1 519
1 28
1 41
1 215
1 140
1 94
1 92
1 467
1 372
1 7
1 520
1 111
1 521
1 522
1 103
1 100
1 1
1 523
1 524
364 183
364 525
364 18
364 85
375 526
375 527
375 484
375 1
375 24
308 38
641 94
827 9
198 26
198 13
198 4
198 528
592 60
828 529
130 136
130 57
130 133
314 5
314 358
314 58
314 530
314 92
314 85
314 210
675 15
675 142
669 55
669 32
662 261
257 531
257 216
257 284
257 291
257 25
257 3
829 532
347 18
347 115
339 2
339 140
339 533
339 9
339 38
339 166
339 6
830 20
830 109
260 137
260 307
260 534
260 215
260 89
260 266
260 92
260 474
260 7
260 147
260 449
260 3
260 12
260 14
260 535
260 6
831 8
300 280
300 28
300 29
300 447
300 32
300 6
832 133
833 57
50 294
50 530
50 79
50 18
834 20
135 536
835 89
31 376
13 537
13 266
13 18
13 538
13 539
13 174
13 540
13 69
13 28
13 57
13 259
13 541
13 542
13 129
13 6
13 543
13 55
13 94
13 92
13 109
13 380
13 14
13 544
13 128
13 37
13 545
13 169
13 41
13 546
13 547
13 86
13 548
343 549
343 187
343 41
836 5
627 92
627 206
138 161
138 336
138 290
699 153
699 92
604 126
604 550
604 25
499 36
499 16
499 85
267 188
837 89
187 266
187 18
187 205
187 327
187 180
187 100
187 6
187 89
187 52
187 61
187 142
187 30
187 103
187 551
187 552
187 496
187 553
187 37
187 500
187 93
187 554
187 211
187 555
187 7
187 301
187 221
187 3
187 151
111 556
111 1
111 4
111 165
111 557
111 558
111 3
111 28
111 100
111 6
838 177
97 74
97 86
97 89
361 18
164 11
164 495
164 8
164 147
164 559
164 166
479 13
479 114
35 11
35 58
35 488
35 63
35 374
35 438
35 9
35 128
35 560
333 147
333 85
476 189
241 20
352 315
352 8
839 484
158 48
158 204
158 307
158 47
462 561
556 260
556 307
155 29
674 142
144 161
497 3
194 215
194 155
194 131
194 41
194 266
194 562
194 30
194 90
840 187
840 151
223 214
380 6
728 32
650 62
230 485
41 315
41 445
41 563
41 564
41 65
41 211
41 565
41 150
41 415
41 311
41 9
41 97
41 360
41 566
41 115
41 28
41 261
41 567
41 170
41 568
41 569
41 431
41 36
41 100
41 29
41 126
41 459
41 55
41 1
41 434
41 570
41 194
41 571
41 18
41 299
41 162
41 367
41 572
41 6
41 124
41 41
41 287
41 201
41 140
41 48
41 469
41 147
41 13
41 404
41 343
41 166
41 132
841 190
87 87
196 573
196 11
665 8
665 261
122 574
616 9
842 45
843 6
48 137
48 11
48 41
48 575
48 525
48 16
48 17
48 158
48 119
48 44
48 59
48 32
48 576
48 358
199 3
199 63
199 254
70 129
844 33
202 3
202 57
633 136
845 161
108 55
108 46
108 151
108 577
381 6
381 109
26 408
26 531
26 578
26 266
26 4
26 9
26 26
26 579
26 384
26 174
26 466
26 496
26 580
26 55
26 153
26 1
26 581
26 92
26 142
26 354
26 198
26 582
26 291
26 14
26 583
26 6
26 167
26 584
26 85
26 86
26 3
26 103
382 6
846 343
847 585
848 586
848 587
713 253
676 13
676 353
707 588
707 203
849 589
850 160
851 89
543 13
453 547
453 51
852 183
298 13
298 9
298 58
704 13
704 74
704 590
704 109
668 362
226 3
226 29
226 188
226 591
60 592
60 9
456 547
456 7
456 387
456 115
853 593
68 594
68 103
68 595
68 92
68 30
30 187
30 44
30 212
30 566
30 168
30 596
30 485
30 385
30 597
30 246
30 1
30 160
30 92
30 194
30 68
30 38
30 6
30 167
30 85
30 147
30 242
30 166
30 524
269 55
854 38
528 198
855 20
544 13
544 100
544 28
544 302
544 598
414 299
414 406
414 44
718 269
307 556
307 45
307 147
307 109
307 13
307 166
307 6
856 74
104 141
501 85
857 484
212 218
212 58
212 261
212 266
212 4
212 18
212 77
212 309
212 9
212 599
212 381
212 212
212 28
212 115
212 160
212 586
212 55
212 155
212 139
212 600
212 194
212 17
212 30
212 13
212 601
212 167
212 140
212 29
212 85
212 7
212 87
212 103
212 602
212 132
207 294
207 393
207 11
207 438
207 216
207 3
207 103
503 61
547 13
547 92
547 9
547 194
547 603
25 3
25 604
25 174
25 581
25 187
5 137
5 5
5 283
5 434
5 65
5 143
5 484
5 605
5 569
5 288
5 314
5 360
5 329
5 6
427 606
445 74
445 109
445 28
445 41
445 85
532 33
858 112
858 109
490 150
605 5
605 92
605 291
205 187
205 372
9 511
9 29
9 150
9 607
9 143
9 494
9 103
9 290
9 18
9 287
9 58
9 309
9 9
9 44
9 608
9 459
9 212
9 353
9 547
9 159
9 28
9 11
9 242
9 552
9 609
9 119
9 170
9 372
9 64
9 576
9 263
9 449
9 100
9 610
9 82
9 156
9 611
9 1
9 358
9 483
9 161
9 581
9 92
9 60
9 288
9 3
9 74
9 612
9 8
9 406
9 62
9 477
9 20
9 14
9 235
9 6
9 179
9 41
9 215
9 311
9 201
9 140
9 171
9 85
9 50
9 7
9 613
9 132
9 614
9 615
9 616
9 506
9 166
9 128
9 33
95 617
310 618
47 161
47 158
47 317
47 8
47 9
47 3
540 13
540 8
540 109
180 187
180 360
180 256
180 6
485 486
96 3
96 221
233 406
191 567
59 137
59 619
59 239
59 266
59 115
475 137
697 38
697 581
859 352
351 143
860 194
860 214
473 137
473 51
481 11
481 620
861 56
295 58
248 156
862 3
862 8
649 115
649 261
863 151
247 156
679 225
366 266
366 85
411 581
14 260
14 109
14 495
14 74
14 9
14 13
14 26
583 55
436 167
436 263
436 142
637 619
637 29
239 144
239 621
239 61
239 622
239 623
239 109
864 395
865 3
211 549
211 41
211 266
211 18
211 187
211 0
211 3
211 89
730 187
410 105
410 581
607 74
607 11
101 347
101 449
101 624
101 44
101 13
101 11
93 3
93 187
866 284
140 71
140 77
140 124
140 339
140 41
140 123
140 161
140 18
140 85
140 260
140 138
140 3
140 212
140 496
408 26
323 217
323 147
323 109
290 625
290 138
290 90
290 142
290 9
290 6
722 6
644 539
644 20
644 1
644 225
700 92
415 531
415 41
415 226
415 311
415 342
415 216
686 3
686 121
686 206
172 24
714 77
714 539
714 29
867 626
868 3
206 627
206 628
206 92
206 629
206 89
869 630
869 11
870 160
146 3
146 63
146 631
146 18
146 13
871 41
872 553
136 632
136 633
696 118
873 354
474 137
319 3
319 16
319 111
461 77
461 598
461 29
461 634
461 147
461 13
461 479
154 28
154 215
154 635
154 18
154 9
154 147
154 32
874 263
52 358
52 4
875 130
465 636
876 154
71 3
71 100
71 637
71 92
71 638
877 85
94 187
94 408
94 639
94 298
94 58
94 137
94 617
94 640
94 92
94 393
94 163
94 8
94 147
94 63
94 3
94 641
94 128
94 642
94 26
570 1
570 0
570 41
570 133
389 279
8 643
8 644
8 143
8 266
8 188
8 459
8 325
8 164
8 358
8 47
8 540
8 484
8 352
8 60
8 36
8 6
8 40
8 1
8 434
8 645
8 63
8 94
8 527
8 142
8 646
8 288
8 24
8 38
8 496
8 601
8 239
8 215
8 171
8 33
878 85
62 167
62 5
62 647
62 434
62 58
62 234
62 648
62 18
62 80
62 165
62 649
62 9
62 3
62 650
62 651
62 652
879 215
880 6
252 331
252 653
252 74
252 7
252 216
252 3
252 38
252 89
252 242
683 654
457 387
881 655
881 256
882 94
345 147
345 115
729 143
729 466
685 65
412 36
412 581
656 656
883 171
883 468
883 281
288 5
288 58
288 9
288 657
288 128
288 658
884 28
885 659
886 132
524 204
524 242
524 1
887 69
737 100
4 131
4 29
4 212
4 460
4 188
4 355
4 133
4 6
182 660
182 20
888 187
220 3
220 143
220 7
220 153
373 158
373 41
373 575
327 187
327 147
566 30
566 41
566 263
448 503
448 661
57 418
57 291
57 413
57 147
57 202
261 167
261 662
261 159
261 16
261 372
261 11
261 41
261 29
261 92
261 663
261 212
261 177
261 664
261 649
261 665
261 28
261 666
889 44
890 2
708 232
253 3
253 667
253 11
739 6
362 668
362 28
362 18
891 20
892 38
892 372
893 606
55 282
55 266
55 4
55 18
55 9
55 44
55 26
55 582
55 79
55 15
55 109
55 586
55 263
55 133
55 11
55 128
55 669
55 89
55 246
55 153
55 670
55 160
55 390
55 269
55 477
55 583
55 6
55 108
55 41
55 29
55 38
55 212
55 455
55 147
55 192
55 3
55 13
55 213
55 132
55 376
372 168
372 261
372 126
372 129
372 255
372 6
39 363
346 615
682 531
682 1
682 11
682 74
682 219
682 109
682 32
682 671
894 672
61 413
61 93
61 239
61 161
61 673
61 299
142 187
142 168
142 290
142 674
142 41
142 65
142 63
142 85
142 161
142 74
142 626
142 44
142 26
142 404
142 579
142 675
142 603
181 297
286 622
571 28
571 38
571 343
571 41
353 676
353 115
258 3
258 615
258 85
258 167
258 496
276 71
276 28
276 9
276 677
276 85
495 539
495 559
495 85
895 263
169 13
169 94
225 28
225 58
225 644
225 29
225 678
225 570
225 679
225 0
225 12
225 539
896 187
897 353
313 530
369 18
86 11
86 139
86 239
86 266
86 22
86 569
86 634
86 97
86 6
898 154
898 337
609 3
609 32
609 226
609 9
396 5
396 6
602 12
602 680
602 212
282 55
282 147
282 455
282 103
531 2
531 28
531 115
531 226
531 681
531 682
531 257
531 7
531 188
531 26
284 683
65 5
65 41
65 57
65 684
65 65
65 15
65 63
65 685
65 18
65 142
65 187
65 143
65 100
65 203
65 506
65 166
65 6
550 686
899 18
204 137
204 41
204 687
204 115
204 92
204 158
204 89
204 6
401 256
273 532
273 44
365 28
365 18
539 13
539 44
482 688
28 294
28 29
28 689
28 266
28 296
28 9
28 117
28 365
28 539
28 32
28 690
28 28
28 115
28 484
28 109
28 170
28 586
28 207
28 54
28 0
28 63
28 535
28 137
28 362
28 92
28 581
28 43
28 74
28 571
28 557
28 302
28 103
28 276
28 167
28 691
28 215
28 41
28 225
28 218
28 692
28 212
28 439
28 3
28 13
22 106
22 315
22 693
22 131
22 322
22 694
22 15
22 285
22 96
22 174
22 14
22 695
22 246
22 239
900 6
681 531
118 696
118 11
586 8
586 307
586 28
586 55
586 697
901 133
569 5
569 41
342 415
342 147
342 13
105 410
105 109
105 300
105 698
902 55
903 187
452 103
452 109
670 55
670 208
635 154
92 5
92 77
92 131
92 699
92 700
92 150
92 605
92 285
92 187
92 577
92 360
92 206
92 468
92 701
92 115
92 642
92 377
92 100
92 256
92 611
92 208
92 51
92 71
92 261
92 94
92 581
92 68
92 18
92 314
92 702
92 38
92 235
92 6
92 114
92 29
92 703
92 85
92 547
92 221
92 504
92 147
92 404
92 9
102 449
102 6
904 264
109 540
109 307
109 28
109 239
109 58
109 105
109 90
109 682
109 29
109 636
109 606
109 109
109 13
109 704
109 20
109 705
378 6
905 74
480 85
636 161
636 1
636 33
906 155
907 406
496 537
496 140
496 85
496 187
496 120
496 26
496 1
908 539
534 41
909 29
910 706
588 707
703 118
911 261
912 3
455 103
913 187
511 3
511 11
511 708
511 9
341 92
341 147
56 512
56 4
216 415
216 153
216 207
629 206
99 131
99 529
99 212
99 709
99 3
99 593
99 11
303 12
44 378
44 55
44 153
44 28
44 147
44 225
44 48
44 266
44 80
44 119
44 273
44 263
44 44
44 539
44 710
44 711
44 6
914 215
326 167
326 41
159 374
159 261
159 703
159 6
915 183
115 531
115 16
115 353
115 596
115 28
115 11
115 59
115 64
115 543
115 256
115 372
115 409
115 69
115 18
115 41
115 554
115 456
115 85
115 221
115 147
115 712
115 345
744 358
744 215
916 128
611 92
611 198
611 74
611 188
611 9
611 3
611 103
443 171
443 281
463 206
463 312
119 42
119 16
119 27
119 567
119 170
119 9
119 44
119 6
263 38
263 55
263 18
263 9
263 147
917 690
403 3
403 256
29 711
29 591
29 713
29 266
29 194
29 4
29 150
29 115
29 309
29 9
29 44
29 714
29 539
29 164
29 174
29 13
29 32
29 715
29 168
29 28
29 45
29 261
29 192
29 428
29 342
29 461
29 133
29 11
29 128
29 716
29 246
29 55
29 518
29 155
29 160
29 92
29 94
29 226
29 27
29 74
29 441
29 406
29 157
29 109
29 12
29 38
29 6
29 37
29 637
29 41
29 215
29 225
29 554
29 16
29 299
29 447
29 7
29 717
29 147
29 188
29 132
246 55
246 88
246 718
246 719
246 85
246 613
246 221
246 147
246 183
246 12
190 12
184 264
160 245
160 94
160 18
160 6
918 288
390 137
390 71
390 38
390 532
390 6
305 26
305 12
305 6
477 720
477 480
477 263
477 147
477 120
477 6
642 94
467 81
432 721
368 38
368 18
919 242
210 596
210 314
210 722
210 147
210 3
210 242
210 723
601 8
920 126
921 443
922 89
923 6
743 724
522 1
666 261
924 183
924 6
576 9
925 93
925 62
98 468
40 8
40 563
742 546
742 256
208 3
208 16
208 89
208 58
208 115
231 725
926 364
32 726
32 5
32 727
32 379
32 42
32 90
32 77
32 151
32 9
32 32
32 106
32 57
32 609
32 374
32 154
32 29
32 89
32 682
32 288
32 299
32 109
32 38
32 728
32 238
32 6
32 20
32 300
32 147
32 404
145 161
274 510
437 167
437 9
466 28
466 729
466 341
7 643
7 531
7 77
7 694
7 266
7 4
7 660
7 187
7 220
7 164
7 730
7 11
7 731
7 1
7 331
7 581
7 265
7 142
7 8
7 109
7 16
7 642
7 610
7 167
7 639
7 41
7 260
7 456
7 85
7 15
7 3
568 732
568 532
568 41
568 273
568 44
568 13
568 33
10 733
10 117
19 229
19 734
281 735
558 111
91 736
91 18
120 23
100 737
100 20
100 738
100 449
100 18
100 187
100 9
100 26
100 63
100 672
100 11
100 123
100 15
100 739
100 71
100 119
100 740
100 29
100 75
100 1
100 161
100 92
100 581
100 502
100 27
100 409
100 257
100 690
100 163
100 385
100 109
100 12
100 38
100 544
100 6
100 41
100 215
100 90
100 595
100 147
100 3
100 13
100 238
100 111
927 741
546 167
546 742
546 132
546 13
523 1
332 85
224 90
224 214
409 11
690 100
928 20
647 62
356 86
235 11
235 179
235 9
235 98
691 13
929 743
598 744
598 486
598 94
598 122
692 67
237 1
237 124
237 18
930 734
587 12
221 617
221 644
221 115
221 92
221 203
221 257
221 395
221 187
221 96
221 3
221 246
51 137
51 358
51 58
548 4
931 20
33 568
33 143
33 48
33 92
33 636
33 374
33 103
33 89
932 16
132 147
132 41
505 166
505 85
