328 0
328 1
744 2
745 3
491 4
491 5
189 6
189 7
189 8
189 9
189 10
746 11
345 12
345 13
345 5
345 14
660 15
644 16
519 17
519 18
747 19
599 20
23 21
23 22
21 23
748 24
748 25
115 26
115 27
115 28
115 29
272 30
272 31
272 32
501 27
501 33
749 34
720 35
750 36
751 37
526 38
752 39
738 40
738 41
140 42
140 43
140 19
140 44
140 45
140 46
140 47
640 48
753 49
754 50
510 51
510 52
510 53
510 2
755 54
602 55
756 56
54 57
54 58
54 59
54 60
54 61
54 0
54 62
54 63
54 2
54 64
54 65
310 38
310 66
310 67
757 68
757 69
757 70
124 71
124 72
124 73
124 17
124 4
124 50
124 40
182 52
182 74
758 75
705 76
703 77
703 78
409 79
409 80
409 81
409 82
171 17
171 60
171 83
171 84
453 58
570 85
570 72
487 86
759 87
760 88
760 50
761 89
123 90
123 91
123 18
123 32
123 92
762 93
101 94
101 95
101 96
101 87
101 97
101 98
101 99
101 100
101 45
101 101
101 50
101 102
763 103
127 64
459 104
98 105
98 106
98 74
98 107
98 108
252 109
252 110
252 74
252 72
252 111
29 112
29 28
29 86
29 113
29 114
29 32
29 91
29 115
29 116
444 7
444 117
44 118
613 52
764 119
765 120
585 121
585 122
766 111
71 57
71 87
71 88
71 123
71 5
71 124
71 125
71 126
71 127
85 42
484 128
484 129
484 9
484 46
767 130
386 74
386 131
386 132
386 133
386 79
629 134
341 121
341 32
208 2
208 120
208 62
208 135
545 36
545 136
142 72
142 137
142 138
142 139
142 140
142 141
142 142
558 143
596 144
768 145
768 146
768 52
768 147
152 26
152 120
152 148
152 149
152 150
150 151
150 152
150 153
150 87
150 88
150 145
150 154
150 32
150 64
150 54
307 155
307 87
499 58
499 52
499 32
499 72
403 43
403 72
403 156
403 52
403 157
403 16
403 158
75 159
75 72
75 135
75 160
75 161
75 162
75 163
75 164
75 79
75 2
75 64
75 116
75 40
260 74
655 72
161 50
161 64
161 165
161 166
161 167
219 168
219 62
219 169
149 170
149 2
149 168
149 171
281 50
281 172
281 155
281 173
281 174
6 72
42 175
42 58
42 176
42 134
42 90
42 177
42 178
42 145
42 85
42 179
42 180
42 181
42 140
42 147
42 170
42 182
42 22
42 183
42 184
42 185
42 186
42 123
42 131
42 187
42 50
42 2
42 188
382 19
769 20
9 117
9 72
9 189
9 52
9 22
9 190
770 191
771 120
229 192
358 193
732 194
732 195
732 196
732 53
732 74
732 26
732 149
732 197
381 198
334 199
334 200
772 201
321 64
120 202
120 203
120 204
120 98
120 86
120 205
120 206
120 207
120 208
120 126
120 209
120 152
120 210
120 26
120 91
120 211
120 212
120 3
120 72
120 213
120 84
120 214
120 32
120 50
120 215
773 4
255 90
255 110
449 136
449 58
449 196
449 74
449 131
449 148
449 216
449 40
41 87
41 217
552 83
552 218
169 219
169 17
169 48
169 220
774 126
340 221
404 222
404 170
525 2
103 58
103 223
103 62
103 135
103 224
103 225
719 226
719 43
775 227
776 94
777 228
192 229
192 148
192 16
192 62
778 57
203 64
203 66
462 46
494 36
494 148
779 230
665 187
665 231
665 232
665 7
665 22
286 233
286 83
286 72
286 59
286 234
286 5
286 24
286 113
286 235
286 50
286 236
286 237
286 238
780 239
407 170
342 94
342 240
342 153
342 87
342 72
342 241
342 52
342 242
342 243
342 235
342 244
342 245
342 10
781 140
781 55
384 246
528 72
528 58
528 247
364 248
364 109
364 60
364 249
782 72
631 231
783 250
110 212
110 42
110 43
110 87
110 251
110 17
110 252
110 253
110 254
110 145
110 131
110 255
110 32
110 101
110 256
110 257
366 258
366 43
366 259
366 72
366 52
366 260
366 131
366 261
366 90
366 47
366 87
217 2
217 16
217 41
622 116
622 262
622 84
522 263
292 50
292 36
292 43
292 264
292 265
784 266
118 267
118 268
118 24
118 44
118 269
118 2
118 120
483 8
294 50
294 64
294 31
683 248
785 26
785 270
785 74
24 271
24 272
24 17
24 121
24 5
24 24
24 86
394 273
266 17
266 274
266 275
266 5
786 252
589 276
214 52
439 91
50 277
50 73
50 278
50 19
50 62
50 23
50 248
50 197
50 279
50 280
50 65
50 181
50 281
50 25
50 282
50 239
50 283
50 284
50 285
50 138
50 286
50 40
50 287
50 271
50 83
50 43
50 288
50 289
50 290
50 124
50 161
50 291
50 292
50 293
50 111
50 64
50 116
50 294
50 72
50 259
50 17
50 52
50 295
50 296
50 297
50 298
50 61
50 2
50 120
689 163
474 60
474 171
474 149
787 2
788 299
788 107
388 0
388 297
318 211
586 211
586 276
337 197
337 19
337 110
337 300
349 32
789 64
790 301
206 59
325 111
325 0
325 62
325 121
325 302
559 303
559 42
559 58
699 304
557 118
557 305
557 72
59 94
59 306
59 43
59 54
59 307
59 308
59 104
59 22
59 79
59 50
59 2
59 120
59 309
59 197
59 87
595 0
791 94
209 120
67 61
67 310
67 298
548 311
792 253
792 183
210 50
210 225
210 312
210 65
793 126
794 100
794 41
795 306
796 313
0 314
265 196
265 104
265 5
265 315
265 26
265 27
265 157
265 62
265 2
265 31
302 50
302 316
302 28
302 62
64 317
64 58
64 318
64 74
64 62
64 90
64 135
64 319
64 320
64 321
64 145
64 27
64 76
64 83
64 54
64 150
64 322
64 161
64 111
64 87
64 323
64 148
64 72
64 52
64 243
64 32
64 50
632 42
632 324
632 325
632 326
632 52
632 38
632 157
632 22
632 135
632 142
797 327
1 328
331 329
610 62
610 330
196 60
196 74
196 305
329 331
329 64
371 2
371 332
371 99
371 333
798 334
406 2
406 170
406 5
406 335
583 17
32 52
32 272
32 58
32 104
32 74
32 18
32 336
32 337
32 221
32 338
32 339
32 145
32 121
32 340
32 341
32 27
32 342
32 49
32 343
32 13
32 150
32 88
32 110
32 231
32 344
32 345
32 22
32 346
32 64
32 347
32 8
32 12
32 3
32 72
32 348
32 123
32 296
32 349
32 101
32 350
32 2
427 52
427 74
427 296
427 181
427 351
427 135
61 233
61 168
61 352
61 54
61 72
61 353
61 354
61 355
61 104
61 5
61 356
61 286
61 50
61 357
61 67
193 358
277 359
472 360
472 60
472 361
799 362
800 185
743 56
743 16
743 363
109 148
109 72
109 252
109 364
109 22
109 36
109 59
109 135
109 365
109 120
104 94
104 175
104 366
104 367
104 87
104 72
104 59
104 368
104 24
104 32
104 369
104 135
104 54
99 153
99 211
99 59
99 370
99 265
99 5
99 2
99 371
5 168
5 98
5 128
5 99
5 345
5 372
5 373
5 282
5 374
5 286
5 375
5 122
5 290
5 265
5 376
5 377
5 378
5 106
5 72
5 9
5 266
5 296
5 379
5 298
5 164
198 380
198 381
19 382
19 72
19 5
19 26
19 50
19 111
246 383
246 384
801 385
802 109
802 123
802 270
802 386
802 387
319 64
267 388
267 101
267 389
267 74
267 231
267 59
267 120
267 118
681 390
803 58
727 90
391 391
702 392
695 393
108 98
108 50
273 394
273 62
564 76
564 72
594 395
594 396
594 397
594 296
804 2
805 395
724 66
724 5
715 126
715 111
715 398
166 147
166 161
166 64
389 267
389 376
653 399
170 12
170 8
170 400
170 72
170 401
170 402
170 403
170 52
170 404
170 405
170 162
170 406
170 407
170 408
170 59
170 50
170 111
423 74
423 5
423 353
652 196
164 17
164 134
164 40
164 75
164 5
81 50
81 409
81 161
81 84
81 82
806 17
806 126
806 164
806 296
352 61
352 410
237 286
146 60
146 398
633 120
633 52
213 28
213 249
213 292
213 79
213 411
213 120
456 58
807 50
807 135
807 185
807 52
546 36
546 269
546 136
696 393
411 213
10 72
10 412
10 389
10 74
10 29
10 79
10 363
372 5
372 32
446 120
344 413
344 32
102 414
102 415
102 101
380 198
380 416
380 363
808 62
222 52
222 74
74 175
74 204
74 98
74 104
74 417
74 418
74 36
74 62
74 338
74 248
74 135
74 267
74 87
74 93
74 419
74 420
74 386
74 311
74 269
74 421
74 403
74 422
74 423
74 26
74 22
74 111
74 424
74 182
74 366
74 185
74 72
74 425
74 52
74 426
74 297
74 427
74 2
694 233
694 393
694 5
351 22
351 427
809 52
810 161
725 428
14 2
14 231
14 345
14 412
94 429
94 267
94 306
94 93
94 59
94 26
94 383
94 2
451 26
451 8
451 62
451 58
239 50
239 430
239 52
239 16
239 75
254 110
131 42
131 148
131 431
131 432
131 123
131 133
131 379
131 433
606 408
606 223
606 26
606 157
606 62
606 434
283 50
283 283
473 360
39 126
39 62
811 148
812 94
813 8
814 292
79 435
79 42
79 43
79 213
79 84
79 2
79 64
79 10
242 342
242 64
242 436
242 103
815 94
816 437
91 438
91 439
91 121
91 440
91 123
91 441
91 29
91 91
817 120
445 157
445 308
445 442
445 103
502 126
502 59
502 123
502 74
194 443
194 38
194 87
194 72
818 444
370 153
223 52
223 420
223 296
223 26
223 62
223 2
223 445
819 90
95 101
356 61
605 272
605 62
605 79
820 103
224 38
224 13
224 103
612 62
387 386
429 2
429 58
175 64
175 446
175 104
175 74
175 40
821 3
168 83
168 87
168 17
168 109
168 186
168 295
168 5
168 148
168 145
168 342
168 447
168 164
168 448
168 61
168 90
168 135
168 39
168 434
168 54
58 449
58 412
58 74
58 89
58 450
58 93
58 451
58 271
58 43
58 403
58 452
58 416
58 64
58 453
58 183
58 42
58 454
58 455
58 52
58 243
58 456
58 2
58 257
58 433
58 188
58 62
156 403
156 239
156 16
412 211
412 58
412 55
412 339
412 45
412 2
412 64
412 14
172 457
172 281
822 46
823 234
313 458
313 72
235 342
235 12
235 286
235 187
656 104
656 87
253 110
253 183
191 459
649 305
649 188
824 211
138 300
138 104
138 157
138 62
138 142
138 50
582 197
582 43
825 20
509 460
509 461
49 42
49 462
49 88
49 74
49 22
49 2
49 46
826 120
271 50
271 24
271 135
271 72
271 363
671 87
682 297
12 463
12 87
12 243
12 109
12 345
12 295
12 5
12 234
12 26
12 163
12 399
12 62
12 32
12 101
12 4
12 205
12 116
315 265
26 464
26 13
26 3
26 72
26 55
26 368
26 465
26 466
26 0
26 27
26 62
26 135
26 134
26 120
26 115
26 19
26 467
26 468
662 36
691 13
357 429
357 148
357 153
357 72
357 241
357 376
357 36
357 4
357 62
357 2
357 45
357 469
357 160
668 470
518 375
212 120
212 110
827 136
828 302
829 389
625 46
60 36
60 168
60 27
60 54
60 17
60 109
60 471
60 472
60 148
60 216
60 473
60 171
60 474
830 475
541 476
541 22
713 292
831 62
832 40
833 365
375 38
375 8
375 477
375 5
375 93
834 249
708 93
620 136
835 478
202 201
202 479
8 480
8 129
8 481
8 58
8 451
8 59
8 52
8 170
8 482
8 32
8 375
8 2
8 40
8 483
8 120
523 402
704 450
128 145
128 7
128 484
128 5
836 485
86 57
86 486
86 24
86 0
86 62
86 120
86 487
86 488
86 489
4 490
4 72
4 491
275 492
275 493
275 249
244 43
244 494
244 226
244 495
244 19
244 36
244 496
244 158
837 100
837 2
837 230
464 26
464 380
464 72
129 8
129 484
129 497
129 338
87 83
87 72
87 20
87 110
87 74
87 498
87 351
87 50
87 64
838 249
839 499
374 5
840 500
27 501
27 251
27 52
27 72
27 55
27 60
27 265
27 83
27 64
27 115
47 126
126 502
126 503
126 7
126 43
126 207
126 72
126 504
126 505
126 121
126 55
126 200
126 5
126 506
126 465
126 2
126 120
126 507
126 62
31 29
132 50
132 120
132 52
132 158
132 249
841 168
842 202
43 401
43 72
43 58
43 22
43 508
43 140
43 79
43 126
43 135
43 40
43 325
43 450
308 59
460 12
460 509
460 460
53 510
53 32
53 58
165 161
247 72
247 74
247 20
247 163
247 511
247 40
247 301
684 248
684 512
113 286
113 29
306 59
306 231
306 178
264 193
264 513
264 153
264 292
369 52
435 401
463 12
106 514
106 5
211 515
211 516
211 318
211 99
211 72
504 430
504 52
504 517
504 126
504 2
504 46
504 518
17 168
17 58
17 169
17 5
17 24
17 36
17 519
17 134
17 520
17 521
17 145
17 40
17 110
17 124
17 522
17 164
17 64
17 171
17 60
17 200
17 266
17 296
200 317
200 278
200 17
200 74
200 0
200 334
200 111
843 523
45 45
45 412
45 524
45 101
2 429
2 57
2 109
2 525
2 62
2 339
2 90
2 520
2 14
2 87
2 59
2 526
2 527
2 448
2 412
2 126
2 122
2 49
2 528
2 529
2 530
2 291
2 531
2 149
2 357
2 46
2 532
2 533
2 131
2 406
2 534
2 535
2 371
507 126
844 120
845 365
55 536
55 100
55 537
55 141
55 538
55 412
55 249
55 26
55 27
55 16
55 539
55 540
293 50
293 72
476 541
36 60
36 207
36 109
36 525
36 542
36 62
36 228
36 543
36 471
36 285
36 544
36 545
36 511
36 136
36 185
36 216
36 292
36 148
36 17
36 52
36 546
36 494
36 164
846 94
847 435
65 547
65 153
65 54
65 145
65 50
65 540
65 248
65 2
537 55
30 95
30 272
670 415
670 58
221 64
221 32
284 50
311 110
311 548
311 74
848 52
544 36
141 502
141 549
141 550
141 27
141 142
849 283
849 16
83 551
83 383
83 218
83 552
83 110
83 355
83 60
83 297
83 553
83 554
83 555
83 286
83 148
83 556
83 62
83 32
83 246
83 40
83 466
83 27
83 557
269 546
269 118
269 74
850 94
851 558
249 559
249 74
249 265
249 375
495 560
495 27
677 481
216 543
216 561
591 276
51 510
184 28
361 472
568 72
301 2
301 247
56 363
571 297
571 562
571 72
571 293
72 38
72 383
72 109
72 293
72 389
72 74
72 345
72 313
72 563
72 4
72 197
72 248
72 43
72 279
72 464
72 153
72 557
72 121
72 430
72 104
72 347
72 286
72 564
72 342
72 40
72 194
72 357
72 565
72 566
72 364
72 28
72 85
72 567
72 298
72 170
72 568
72 249
72 247
72 26
72 126
72 475
72 556
72 5
72 75
72 569
72 111
72 64
72 124
72 116
72 570
72 76
72 6
72 366
72 571
72 211
72 572
72 573
72 186
72 52
72 9
72 29
72 32
72 59
72 50
72 63
72 120
72 61
72 416
72 574
348 556
348 32
609 62
573 559
573 52
573 72
621 569
455 43
455 58
455 465
455 379
455 188
455 575
455 232
455 49
852 261
853 62
639 337
639 576
433 131
433 577
433 58
854 6
721 26
855 578
855 579
77 87
856 50
385 210
385 25
711 580
857 2
197 559
197 581
197 258
197 87
197 72
197 582
197 52
197 170
197 368
197 243
197 337
197 157
197 62
197 111
197 59
197 134
197 2
197 554
197 583
858 2
859 55
178 42
178 306
178 183
92 90
480 8
680 584
860 2
861 74
121 72
121 40
121 338
121 339
121 2
121 135
121 585
121 46
276 72
276 586
276 587
276 588
276 553
276 589
276 590
276 591
669 502
669 107
862 2
862 64
862 308
645 6
645 87
645 239
645 423
645 16
645 357
592 592
658 376
650 296
322 64
863 134
864 147
864 593
864 579
864 385
350 32
396 594
482 8
482 32
482 55
377 5
190 9
378 5
608 62
577 104
577 344
577 8
577 180
577 595
865 592
866 525
185 72
185 52
185 423
185 22
185 198
185 351
185 36
185 142
185 120
185 230
867 88
454 379
454 58
144 94
144 596
561 85
441 90
441 91
674 597
868 134
20 134
20 598
20 87
20 599
20 600
636 52
636 72
615 522
607 157
607 62
737 40
233 286
233 373
493 12
493 275
73 50
73 124
630 52
869 26
870 293
556 601
556 7
556 27
556 557
556 72
405 602
405 170
604 603
62 175
62 604
62 102
62 420
62 104
62 74
62 86
62 36
62 399
62 62
62 357
62 197
62 135
62 267
62 153
62 239
62 226
62 273
62 208
62 413
62 605
62 40
62 132
62 271
62 192
62 28
62 325
62 606
62 210
62 607
62 124
62 26
62 0
62 452
62 481
62 22
62 111
62 608
62 238
62 366
62 136
62 211
62 609
62 610
62 52
62 295
62 611
62 90
62 450
62 312
62 101
62 2
62 612
62 613
871 2
543 36
543 216
521 499
521 0
521 183
521 22
872 395
159 168
159 75
873 20
628 145
628 186
524 52
874 32
718 50
181 50
181 614
181 427
875 214
876 615
877 94
878 616
878 28
879 261
160 357
160 617
160 75
160 2
390 52
880 103
97 618
97 135
359 277
290 50
290 54
290 5
486 86
626 46
136 36
136 226
136 475
136 546
136 619
136 545
136 339
136 620
199 16
489 86
569 621
569 87
569 72
549 141
116 72
116 403
116 622
116 16
116 50
116 2
116 115
46 462
46 59
46 52
46 623
46 504
46 388
46 93
46 624
46 625
46 626
46 157
46 375
46 2
46 49
566 100
881 94
693 382
693 259
278 297
278 200
659 627
659 157
659 5
186 42
186 168
186 72
186 628
186 629
186 145
186 22
186 134
186 135
52 60
52 317
52 207
52 630
52 74
52 62
52 197
52 521
52 58
52 93
52 524
52 527
52 260
52 342
52 158
52 510
52 390
52 54
52 631
52 403
52 170
52 133
52 249
52 182
52 22
52 369
52 346
52 64
52 46
52 632
52 633
52 148
52 504
52 573
52 634
52 52
52 9
52 296
52 635
52 636
52 427
52 50
52 2
52 120
52 239
243 12
243 25
243 58
243 2
243 342
243 197
418 196
418 74
418 249
414 102
261 366
882 126
883 637
883 0
883 64
883 2
884 511
416 58
416 380
416 634
416 638
416 342
416 2
416 434
885 74
38 632
38 87
38 72
38 526
38 310
38 639
38 375
38 2
38 224
48 169
48 55
48 58
48 640
207 503
207 120
207 52
735 101
550 141
89 337
89 58
89 641
886 183
16 642
16 643
16 557
16 55
16 199
16 403
16 239
16 104
16 217
16 475
16 644
16 157
16 645
16 197
16 116
16 192
134 89
134 20
134 164
134 646
134 197
134 135
686 647
296 175
296 648
296 5
296 62
296 135
296 649
296 521
296 153
296 121
296 594
296 342
296 40
296 132
296 650
296 651
296 427
296 475
296 508
296 305
296 51
296 64
296 6
296 42
296 148
296 490
296 211
296 144
296 504
296 17
296 52
296 231
296 297
296 79
296 50
296 120
365 109
365 120
365 153
887 652
373 233
373 5
251 251
251 27
251 148
888 131
888 42
889 336
889 62
890 531
179 42
179 427
179 107
179 363
399 69
399 653
399 654
891 87
892 120
685 339
685 49
893 655
728 90
728 74
63 59
63 148
63 87
63 72
554 83
554 457
894 606
88 71
88 430
88 64
895 393
258 508
258 656
155 281
376 657
376 5
376 658
896 612
492 275
157 632
157 659
157 606
157 607
157 265
157 660
157 16
157 101
157 2
157 64
157 445
305 649
305 296
305 80
305 661
897 662
898 126
238 286
899 663
3 162
3 624
900 79
654 210
295 632
295 62
295 664
533 499
533 2
533 375
590 295
590 276
534 2
457 40
457 297
457 172
66 310
100 135
100 533
100 72
100 101
901 94
231 631
231 115
231 14
231 306
231 665
643 666
643 16
368 26
598 20
902 161
339 90
339 136
339 412
339 32
339 121
205 120
205 667
716 69
470 668
398 76
398 413
107 98
107 179
107 242
107 669
443 194
903 126
600 20
143 59
143 474
143 276
904 131
710 434
666 643
415 670
415 13
415 164
905 74
906 671
907 49
28 213
28 74
28 672
28 305
28 115
28 183
288 50
908 673
908 87
436 242
436 62
909 511
910 121
234 12
234 196
465 455
465 26
911 674
263 520
461 509
531 87
531 675
531 79
531 0
531 676
531 2
531 54
508 663
508 258
18 346
18 123
18 519
18 32
481 8
481 677
481 481
912 663
912 619
912 255
912 296
111 104
111 43
111 87
111 72
111 52
111 74
111 5
111 296
111 678
111 679
111 19
111 50
111 111
111 64
111 285
111 325
913 94
7 58
7 189
7 5
7 145
7 665
7 126
7 111
148 449
148 192
148 168
148 109
148 494
148 60
148 226
148 296
148 26
148 555
148 131
148 36
148 375
148 63
148 64
148 244
148 471
914 531
532 145
532 2
532 40
584 52
584 680
584 681
297 54
297 682
297 308
297 278
297 74
297 296
297 26
297 457
297 214
297 32
297 62
312 210
312 62
915 188
916 74
257 60
248 197
248 40
248 683
248 263
471 52
471 17
471 60
471 456
471 635
471 36
917 304
512 684
918 455
919 12
920 203
139 79
183 253
183 379
183 28
183 64
183 22
338 121
338 32
338 338
572 72
236 286
921 90
468 26
468 111
468 58
468 22
922 145
922 157
153 136
153 150
153 203
153 263
153 99
153 498
153 685
153 264
153 79
153 228
153 520
153 72
153 65
687 145
734 285
647 686
145 7
145 168
145 484
145 687
145 17
145 628
145 186
145 110
145 46
145 32
145 64
145 132
145 688
923 168
163 50
163 75
163 689
511 50
511 36
122 5
147 181
147 90
924 36
13 59
13 345
13 26
13 690
13 32
13 691
13 652
13 224
218 83
218 552
678 50
678 2
678 111
167 161
616 692
355 355
355 83
925 131
588 276
105 98
105 580
22 59
22 42
22 43
22 420
22 494
22 52
22 9
22 74
22 541
22 36
22 32
22 2
22 248
22 692
22 468
22 49
22 183
346 32
346 18
347 72
347 32
926 101
927 161
490 606
490 72
490 296
259 693
425 74
393 694
393 695
393 696
634 52
220 115
220 697
220 434
220 169
611 698
611 62
479 202
928 395
187 42
187 665
354 61
304 337
304 225
304 699
291 2
291 62
929 50
930 246
931 36
57 71
57 700
57 701
392 702
932 94
353 61
353 423
648 598
648 153
648 296
933 304
397 594
78 703
336 32
383 94
383 83
383 246
383 293
400 47
450 50
450 704
450 379
450 420
450 62
688 145
520 153
520 87
520 263
520 17
520 648
520 0
520 522
520 2
562 571
279 50
279 705
279 72
934 706
15 660
395 594
395 296
25 94
25 394
25 707
25 50
93 94
93 52
93 58
93 104
93 74
93 708
93 46
935 51
420 134
420 60
420 74
420 325
420 450
527 2
527 52
539 55
413 344
413 132
413 62
936 709
158 244
158 50
158 403
937 36
434 148
434 43
434 606
434 220
434 241
434 710
434 498
434 338
434 416
580 52
580 711
618 97
581 197
938 511
939 87
940 61
496 50
496 712
941 94
941 58
941 434
692 616
692 494
692 22
942 2
942 104
943 59
76 64
76 559
76 366
76 54
76 72
76 32
76 52
76 249
76 564
76 713
76 531
76 243
76 714
76 59
76 87
76 120
76 46
76 715
944 38
944 716
944 717
944 718
945 94
226 148
226 226
226 719
226 584
226 475
226 136
226 372
303 559
35 720
946 531
947 64
948 721
466 722
466 598
466 83
466 723
635 471
635 345
635 724
563 72
298 50
298 67
298 123
298 5
298 72
428 725
729 92
949 98
949 726
949 58
419 74
950 532
951 94
240 101
690 13
204 74
90 147
90 559
90 42
90 168
90 43
90 58
90 521
90 727
90 322
90 123
90 62
90 728
90 339
90 64
90 729
135 123
135 58
135 109
135 74
135 667
135 100
135 62
135 135
135 730
135 304
135 208
135 126
135 731
135 64
135 89
135 194
135 211
135 505
135 186
135 103
135 732
135 427
135 2
135 188
603 604
623 46
379 131
379 183
379 43
379 22
285 733
285 111
285 556
285 423
285 734
40 449
40 203
40 735
40 98
40 24
40 736
40 62
40 338
40 248
40 135
40 121
40 737
40 738
40 83
40 43
40 54
40 75
40 423
40 249
40 247
40 231
40 457
40 22
40 124
40 739
40 740
40 72
40 532
40 8
40 475
40 296
40 17
40 32
40 101
40 50
40 188
952 211
530 2
475 40
475 136
475 475
619 136
953 741
954 742
84 79
84 622
84 81
84 142
84 120
84 171
955 47
324 632
324 142
956 498
957 494
330 610
958 94
959 406
535 2
225 210
960 363
430 87
430 72
430 504
430 88
430 239
430 52
188 455
188 649
188 5
363 179
363 210
363 344
363 743
363 380
