140 0
140 1
140 2
140 3
140 4
63 5
558 6
255 7
255 8
392 9
68 5
452 10
452 11
452 12
210 13
232 14
232 15
232 16
559 17
543 14
379 18
379 19
379 20
141 21
141 22
141 16
141 23
141 24
560 25
416 26
518 16
122 27
122 28
144 29
144 16
144 30
144 31
144 32
144 33
144 34
144 35
144 36
137 37
137 38
137 20
561 1
444 14
444 39
444 40
444 24
444 41
562 42
402 43
563 44
489 45
489 16
564 46
260 47
260 48
260 49
260 50
260 51
260 52
220 53
220 14
220 15
220 54
220 55
220 56
220 57
259 30
238 58
59 59
59 14
5 60
5 61
5 62
5 63
5 64
5 65
5 8
5 46
5 14
5 66
5 67
5 68
5 16
506 69
60 8
426 70
186 16
186 71
186 72
186 14
186 73
186 74
186 75
186 46
186 76
186 77
296 78
296 79
204 16
204 80
204 81
204 82
204 52
204 83
204 84
204 20
501 85
565 86
160 87
160 88
160 16
160 89
160 30
160 61
160 90
160 8
160 91
160 14
160 92
160 83
160 93
160 94
160 36
160 95
160 20
111 96
491 97
491 98
566 99
342 100
156 87
156 16
143 101
145 102
145 61
145 103
145 104
145 7
145 105
145 23
145 106
401 8
302 107
302 108
96 109
96 110
96 111
96 112
96 100
96 113
96 78
96 114
96 115
96 116
96 8
96 30
96 16
96 117
96 118
96 83
96 36
96 119
96 120
116 121
116 96
27 109
27 122
27 14
27 123
27 41
27 124
27 125
167 126
487 127
487 70
399 6
368 83
368 1
368 22
211 64
45 47
45 128
45 129
45 115
45 130
45 131
45 132
45 66
45 16
45 7
45 83
45 133
45 134
45 135
45 20
533 16
533 97
38 16
38 136
38 137
266 23
567 138
493 139
299 49
4 140
21 16
21 1
21 37
21 141
21 20
423 142
423 62
423 8
423 88
101 45
101 64
101 143
33 144
105 145
148 14
148 146
407 83
568 147
134 45
134 6
146 148
146 16
146 149
87 150
87 151
87 152
87 153
87 1
87 154
87 155
87 156
87 54
87 157
87 83
87 158
87 159
87 160
1 87
1 47
1 161
1 113
1 162
1 163
1 164
1 103
1 165
1 166
1 167
1 168
1 169
463 67
569 170
17 171
17 172
34 144
570 88
571 14
189 173
189 174
189 16
189 175
189 176
189 14
189 96
189 145
189 177
189 8
189 178
189 179
189 180
189 142
189 83
189 36
189 20
224 16
224 14
224 74
224 181
224 117
224 182
224 183
224 160
555 184
345 43
345 185
345 71
345 14
345 186
345 161
345 187
345 188
345 20
177 62
177 189
177 190
177 14
177 178
177 191
177 192
177 52
177 20
215 193
572 1
572 194
573 46
394 195
394 16
394 196
517 16
574 15
574 197
213 16
213 14
213 198
213 199
213 200
213 201
213 202
575 203
84 83
84 204
121 116
153 87
153 205
153 66
153 206
153 32
153 57
153 191
153 207
13 109
13 91
13 89
13 208
13 8
13 6
13 209
13 210
13 16
13 20
13 207
64 211
64 212
64 14
64 8
64 101
198 213
198 214
198 16
576 215
132 45
132 95
132 216
128 217
128 8
128 20
377 218
577 219
125 109
125 27
174 189
193 220
262 123
262 16
262 8
181 221
181 222
181 223
181 30
181 224
181 225
181 217
181 160
523 225
523 1
523 74
357 46
357 26
357 226
3 15
3 225
3 227
578 141
434 228
579 229
542 230
542 66
542 228
288 46
288 39
355 57
15 231
15 16
15 232
15 14
15 222
15 90
15 23
15 233
15 234
15 33
15 7
15 51
15 235
15 35
15 236
15 135
15 3
398 6
415 26
490 237
580 30
581 1
323 219
58 238
209 239
519 240
451 241
451 242
35 231
35 88
35 16
35 222
35 243
35 15
35 57
35 144
36 109
36 43
36 16
36 222
36 93
36 244
36 245
36 246
36 14
36 23
36 160
36 247
456 248
456 249
582 250
94 88
94 16
94 251
94 14
94 8
94 15
94 55
94 83
447 252
427 253
583 236
131 16
7 254
7 45
7 255
7 228
7 6
7 145
7 256
7 257
7 20
584 258
551 259
123 260
123 222
123 44
123 261
123 103
123 54
123 262
123 263
123 83
123 20
23 67
23 222
23 184
23 264
23 15
23 221
23 14
23 145
23 265
23 36
23 20
23 266
23 160
190 177
522 231
522 74
97 233
97 62
97 239
97 267
8 110
8 222
8 65
8 268
8 133
8 269
8 270
8 233
8 271
8 272
8 273
8 274
8 61
8 275
8 13
8 67
8 246
8 212
8 14
8 276
8 7
8 5
8 207
8 20
212 54
212 16
212 66
212 64
212 20
234 277
234 23
234 222
234 30
234 74
234 278
234 15
234 39
234 279
234 20
541 14
112 14
112 96
585 6
408 83
408 280
408 101
319 281
222 23
222 8
222 282
222 160
222 163
222 123
222 15
222 78
222 93
222 96
222 54
222 283
222 35
222 36
222 284
222 0
222 285
222 223
222 286
222 14
222 133
222 287
222 288
222 20
509 16
482 289
482 22
482 290
482 11
482 291
586 292
72 186
233 109
233 97
233 8
587 293
557 147
289 16
150 87
373 90
172 14
78 294
78 295
78 296
78 297
78 298
375 160
375 178
588 83
49 299
457 300
589 74
120 96
511 14
511 16
511 159
590 301
347 14
347 83
347 1
591 30
108 302
322 160
440 303
440 297
592 15
387 65
433 14
433 83
418 304
310 305
310 306
465 51
28 122
540 14
349 295
349 162
349 44
349 103
349 307
349 15
349 83
349 10
349 86
218 308
593 30
594 231
446 44
446 252
135 66
135 20
135 228
135 309
305 14
305 310
305 311
305 312
354 197
595 313
179 314
179 40
179 16
179 315
508 238
485 132
596 109
597 8
597 6
438 316
598 97
599 317
600 187
601 318
601 21
80 16
80 267
80 204
602 1
281 14
281 319
603 320
604 305
275 321
275 8
109 322
109 233
109 323
109 27
109 324
109 325
109 326
109 51
109 36
109 20
109 125
109 327
338 285
338 16
338 14
338 61
338 217
338 160
278 61
278 234
278 6
42 328
244 61
244 36
244 87
445 329
605 86
606 229
400 330
298 78
607 1
607 20
607 30
384 160
608 39
161 83
89 13
89 331
89 160
243 57
243 332
243 62
243 35
344 100
37 160
37 333
37 137
37 133
412 334
609 20
55 47
55 94
55 14
55 335
55 46
55 220
404 36
404 336
404 337
217 109
217 338
217 22
217 16
217 14
217 40
217 339
217 46
217 330
217 340
217 91
217 220
100 341
100 96
100 342
100 343
100 344
100 83
47 47
47 16
47 30
47 1
47 115
47 19
47 55
47 260
185 345
362 327
429 346
432 265
432 90
432 117
432 347
432 20
610 121
435 87
435 53
435 228
435 101
435 348
435 166
267 80
267 97
267 83
86 46
86 349
86 13
86 178
221 350
221 23
221 351
221 176
352 352
611 165
612 353
32 246
32 222
57 88
57 354
57 253
57 30
57 243
57 246
57 355
57 356
57 36
57 220
229 166
534 103
171 14
171 17
171 247
129 14
129 83
314 14
314 83
314 32
314 217
314 179
202 213
202 16
613 239
46 23
46 253
46 190
46 65
46 186
46 55
46 242
46 357
46 217
46 16
46 248
46 15
46 166
46 5
46 86
46 62
46 30
46 61
46 22
46 358
46 359
46 14
46 360
46 361
46 51
46 83
46 20
309 9
309 16
309 37
309 97
309 54
309 260
309 187
309 135
265 23
265 278
265 16
265 133
327 165
327 109
327 61
327 362
20 140
20 23
20 232
20 113
20 245
20 363
20 8
20 204
20 212
20 234
20 177
20 138
20 182
20 102
20 364
20 365
20 160
20 366
20 39
20 367
20 16
20 368
20 47
20 21
20 7
20 1
20 248
20 369
20 178
20 222
20 370
20 371
20 372
20 30
20 168
20 272
20 373
20 91
20 144
20 189
20 374
20 375
20 376
20 87
20 6
20 377
20 315
20 378
20 57
20 36
20 166
20 379
20 187
20 328
20 284
20 109
20 13
20 45
20 94
20 161
20 227
20 334
20 14
20 380
20 381
20 382
20 46
20 18
20 128
20 51
20 383
20 83
20 183
20 384
614 384
453 16
453 11
453 385
453 8
453 386
65 67
65 387
65 8
65 388
65 11
65 5
422 61
363 231
170 7
268 389
268 8
615 103
73 186
462 67
372 61
372 16
372 20
469 115
469 16
468 113
88 366
88 390
88 37
88 94
88 8
88 166
88 57
88 35
88 391
616 16
9 16
9 392
9 309
371 20
617 393
195 394
195 23
154 231
154 87
154 16
154 14
154 19
154 395
154 20
6 396
6 397
6 14
6 398
6 130
6 8
6 309
6 166
6 242
6 399
6 134
6 284
6 20
330 400
330 217
472 401
618 135
43 36
43 402
374 326
378 239
378 403
378 103
378 20
18 14
18 379
529 212
529 11
529 220
199 49
199 213
276 83
276 8
301 404
619 304
83 161
83 405
83 8
83 212
83 406
83 407
83 408
83 409
83 160
83 16
83 123
83 369
83 117
83 168
83 272
83 100
83 52
83 189
83 61
83 96
83 32
83 410
83 260
83 84
83 94
83 129
83 276
83 46
83 347
83 411
503 277
107 8
107 224
334 412
334 20
504 277
409 83
409 117
251 94
620 413
26 414
26 415
26 54
26 416
26 209
621 83
622 417
304 418
207 43
207 13
207 219
207 248
207 80
207 8
207 419
207 51
207 420
79 83
79 296
62 421
62 30
62 65
62 90
62 422
62 21
62 423
62 243
62 68
62 5
62 77
62 424
623 16
624 425
326 109
326 426
326 374
343 100
200 373
200 100
200 427
200 90
200 25
200 204
200 165
200 213
200 428
200 52
200 160
346 429
531 14
531 30
458 430
526 431
526 134
526 284
385 432
385 176
385 433
228 434
228 435
228 135
538 73
436 436
297 437
455 191
625 154
625 395
75 16
539 14
539 83
539 345
389 16
626 354
316 438
316 16
316 439
50 440
50 260
50 236
235 15
158 87
308 14
308 396
308 30
308 441
308 20
39 11
39 442
39 179
39 178
39 443
39 444
39 187
329 36
329 445
252 446
252 447
513 16
513 448
627 140
628 90
247 171
247 449
247 182
247 16
247 36
464 51
239 57
239 246
629 450
40 83
40 1
40 217
40 179
196 83
196 394
81 39
81 204
241 451
630 70
328 42
231 14
231 35
231 16
11 46
11 16
11 452
11 453
514 147
514 231
514 16
306 310
439 83
439 454
250 14
250 83
250 54
250 406
250 160
191 177
191 455
395 154
248 61
248 456
248 410
248 207
300 457
500 10
500 16
537 405
164 1
214 61
214 14
214 198
631 247
430 61
430 217
430 458
632 40
525 321
56 459
56 83
56 220
633 176
208 91
208 145
376 20
634 20
173 46
173 177
173 189
410 83
410 460
410 248
635 95
476 147
476 281
476 134
67 461
67 462
67 65
67 8
67 463
67 14
67 66
67 5
336 404
636 242
637 20
638 87
639 225
361 46
331 89
51 109
51 464
51 260
51 14
51 186
51 465
51 46
51 15
51 83
51 20
51 207
640 19
641 15
642 16
249 16
643 421
113 373
113 16
113 30
113 14
113 123
113 466
113 8
113 188
113 340
113 20
113 467
113 1
113 468
115 47
115 45
115 4
115 96
115 90
115 30
115 469
115 470
19 14
19 231
19 47
19 115
19 16
478 168
242 353
242 471
242 46
242 451
242 6
242 20
364 472
364 20
188 109
188 16
188 113
188 14
188 345
188 117
644 473
270 474
270 119
270 8
270 20
442 123
44 91
44 447
44 446
44 123
44 349
44 257
645 475
324 47
646 222
340 476
340 253
340 113
168 341
168 142
168 248
168 477
168 16
168 100
168 96
168 1
168 342
168 369
168 165
168 46
168 478
168 479
168 480
168 83
168 481
168 168
168 52
168 20
22 482
22 453
22 141
22 483
22 369
22 484
22 168
22 217
274 401
274 8
61 430
61 338
61 327
61 16
61 231
61 14
61 228
61 46
61 54
61 5
61 83
61 468
61 284
61 160
165 1
165 166
165 485
165 149
165 486
70 487
486 222
102 184
102 488
102 145
647 20
258 149
246 36
246 16
246 8
246 313
130 6
648 489
521 83
237 14
237 490
237 491
237 103
110 165
110 8
649 160
48 260
498 492
498 20
66 187
66 135
139 83
139 493
494 16
494 494
24 495
24 496
24 141
365 20
90 432
90 1
90 369
90 15
90 166
90 406
90 168
90 365
650 8
178 39
178 189
178 375
178 177
178 497
178 20
492 498
443 499
10 500
10 349
10 16
10 452
10 91
272 83
272 8
142 168
273 16
273 8
91 142
91 39
91 16
91 44
91 13
91 394
91 217
91 160
510 6
85 46
85 501
85 50
337 404
155 14
155 46
155 121
497 46
497 178
201 213
201 37
187 221
187 260
187 22
187 54
187 66
187 187
187 20
651 394
652 56
653 36
114 96
654 61
313 16
313 207
313 80
313 20
524 502
655 160
277 503
277 504
656 481
657 505
658 46
180 421
180 189
257 44
257 7
69 506
16 232
16 507
16 8
16 494
16 508
16 222
16 509
16 141
16 289
16 10
16 272
16 273
16 510
16 49
16 372
16 511
16 313
16 198
16 512
16 186
16 75
16 204
16 349
16 321
16 160
16 9
16 39
16 252
16 156
16 179
16 217
16 513
16 220
16 247
16 96
16 80
16 231
16 45
16 514
16 316
16 21
16 33
16 249
16 473
16 146
16 53
16 453
16 221
16 189
16 224
16 515
16 516
16 296
16 32
16 394
16 517
16 213
16 94
16 518
16 13
16 202
16 46
16 309
16 265
16 38
16 20
16 193
16 113
16 245
16 19
16 262
16 30
16 166
16 340
16 168
16 274
16 366
16 61
16 6
16 519
16 240
16 35
16 36
16 520
16 397
16 246
16 338
16 14
16 483
16 131
16 83
16 52
659 141
41 27
264 23
230 54
271 8
77 349
77 186
77 62
77 521
77 15
660 36
29 144
29 284
499 443
661 285
152 57
152 87
74 224
74 522
74 186
74 46
74 234
74 523
502 524
502 135
662 525
663 113
548 14
159 87
159 511
284 29
284 526
284 527
284 222
284 6
528 528
31 144
54 87
54 16
54 250
54 14
54 123
54 141
54 230
54 309
54 83
54 220
54 26
54 135
664 337
287 93
287 14
287 36
550 14
169 78
169 62
169 119
311 310
253 46
253 57
253 427
253 83
253 340
294 78
665 23
527 284
431 182
666 529
666 284
282 36
667 87
269 8
341 100
668 16
668 242
669 281
369 83
369 90
369 22
157 87
405 405
124 27
448 513
448 530
117 373
117 224
117 317
117 96
117 84
117 83
117 409
117 188
117 20
670 200
670 20
226 357
30 260
30 531
30 16
30 532
30 54
30 32
30 83
30 57
547 14
547 83
103 378
103 123
103 217
103 533
103 32
103 534
285 14
285 338
285 222
283 222
356 57
332 318
359 46
303 440
671 30
339 217
672 46
133 265
133 535
14 536
14 227
14 112
14 232
14 113
14 537
14 507
14 180
14 538
14 306
14 8
14 539
14 540
14 27
14 541
14 55
14 404
14 188
14 22
14 148
14 542
14 217
14 135
14 160
14 46
14 543
14 421
14 442
14 230
14 162
14 308
14 141
14 138
14 544
14 15
14 166
14 321
14 545
14 220
14 546
14 285
14 142
14 172
14 221
14 189
14 30
14 61
14 19
14 547
14 5
14 116
14 177
14 6
14 54
14 326
14 16
14 36
14 548
14 280
14 171
14 231
14 67
14 94
14 531
14 64
14 250
14 18
14 549
14 154
14 281
14 59
14 14
14 287
14 71
14 234
14 21
14 314
14 345
14 550
14 247
14 237
14 52
14 20
673 14
673 233
673 166
673 64
674 178
675 231
676 551
245 36
147 476
147 119
677 23
419 64
419 207
406 83
406 552
406 250
678 113
679 359
162 65
162 529
162 1
162 27
162 139
162 487
162 379
162 187
553 553
466 113
680 142
166 88
166 16
166 14
166 90
166 6
166 229
166 435
166 20
321 46
321 525
545 14
545 84
554 554
95 132
681 116
333 37
333 6
333 217
333 20
383 20
184 555
184 102
118 96
450 8
470 115
286 222
549 14
682 20
71 87
71 23
71 14
71 186
71 556
71 61
71 209
683 180
119 557
52 14
52 1
52 16
52 177
684 268
