450 0
450 1
450 2
659 3
659 4
843 5
836 6
568 7
568 8
568 9
568 10
568 11
70 8
70 12
70 13
70 14
70 15
70 16
70 17
70 18
70 19
70 20
70 21
70 22
70 23
70 24
70 25
70 26
70 27
70 28
70 29
70 30
70 31
70 32
70 0
70 9
70 33
70 34
70 35
485 9
222 36
222 37
438 38
438 32
438 19
438 39
438 40
438 41
438 42
438 3
546 43
167 44
167 32
167 45
167 39
167 46
167 9
413 39
413 47
244 48
477 49
477 50
477 51
477 52
235 53
844 54
741 55
398 56
398 32
398 57
113 58
202 8
202 18
845 59
566 60
846 61
285 62
285 63
285 64
204 8
204 9
204 65
95 66
469 67
469 68
469 69
469 70
254 71
847 72
847 66
683 32
322 73
29 74
29 75
29 76
29 57
760 14
132 77
433 78
433 9
433 79
433 80
433 25
433 81
433 82
848 49
848 83
414 84
607 39
607 3
607 85
607 49
607 86
131 9
131 87
849 88
849 89
721 0
721 90
721 91
66 62
66 92
66 93
66 7
66 94
66 95
66 96
66 39
66 97
66 98
66 41
66 99
66 100
66 14
66 101
66 33
66 102
66 103
66 56
66 104
533 7
533 105
533 55
533 106
533 9
533 14
533 107
533 108
850 109
761 25
144 44
144 110
144 111
144 14
144 33
144 112
139 61
139 69
139 9
139 113
139 114
139 115
139 103
139 116
851 117
851 118
101 119
101 120
101 9
101 121
101 66
852 122
228 123
228 124
228 125
616 126
616 127
616 128
616 129
616 130
853 19
298 33
298 79
87 131
854 79
77 33
77 9
77 132
72 133
72 41
462 134
505 135
505 9
505 32
98 136
98 137
98 28
98 66
98 138
855 9
856 34
856 139
856 140
358 62
358 114
798 90
857 62
57 141
57 79
57 9
57 142
57 143
57 144
57 57
57 33
57 56
57 29
57 21
57 145
570 146
570 147
368 148
122 149
122 150
122 9
122 151
122 152
858 153
619 0
619 93
189 48
189 105
189 154
189 155
189 156
189 157
468 150
468 32
468 25
468 14
468 115
468 34
468 158
859 36
634 159
634 55
745 160
745 81
359 114
359 25
359 105
860 161
511 33
511 9
511 162
511 163
861 164
862 115
520 9
44 165
44 28
44 79
44 0
44 39
44 18
44 166
44 167
44 168
44 169
44 12
44 170
44 38
44 144
44 171
44 33
44 56
817 116
777 172
312 173
863 174
416 62
416 175
416 79
416 81
416 176
416 33
416 3
416 177
864 178
488 9
617 179
473 25
473 74
263 180
263 25
263 121
263 181
143 182
143 183
865 8
866 116
158 184
158 35
158 8
158 185
158 186
278 187
278 28
278 188
278 55
278 12
278 189
278 24
278 89
278 120
278 190
278 41
278 63
278 163
278 191
278 192
278 33
278 136
278 32
278 193
278 108
8 194
8 45
8 195
8 196
8 197
8 198
8 199
8 5
8 28
8 188
8 39
8 200
8 201
8 202
8 203
8 129
8 61
8 38
8 204
8 22
8 205
8 43
8 206
8 207
8 208
8 3
8 209
8 179
8 32
8 93
8 158
8 210
8 211
8 9
8 89
8 33
8 212
156 189
449 18
449 213
449 214
867 215
138 8
138 79
336 216
336 19
336 101
336 12
336 9
336 103
727 217
868 218
869 219
870 8
390 9
516 220
516 221
516 222
516 25
516 223
871 224
872 39
872 225
873 226
125 7
125 194
125 227
125 168
125 228
125 9
874 229
631 33
631 153
418 62
418 187
418 14
418 93
168 211
168 230
168 231
168 125
553 232
875 112
271 233
271 234
876 235
71 236
71 237
71 238
71 239
71 240
71 241
71 242
71 243
71 244
71 125
71 245
71 246
71 247
71 248
71 43
71 18
71 249
71 250
71 251
71 23
71 252
71 253
71 254
71 255
71 256
71 257
71 64
71 9
71 258
71 89
71 259
71 260
877 39
877 91
877 79
121 261
121 101
121 262
121 41
121 263
121 264
121 265
121 266
121 267
731 14
198 8
198 183
198 268
198 79
198 45
198 200
198 269
198 99
198 33
198 21
198 270
198 112
757 25
23 44
23 71
23 271
23 70
253 142
120 209
120 208
120 272
120 273
120 101
120 110
120 274
120 270
120 275
120 9
120 276
120 277
758 93
878 51
63 278
63 279
63 280
63 281
63 282
63 270
63 220
63 283
63 284
63 39
63 2
63 269
63 285
63 38
63 105
63 286
63 19
63 287
63 24
63 25
63 97
63 288
63 289
63 290
63 115
63 56
63 232
63 291
63 292
63 293
63 294
63 295
63 142
63 296
63 9
63 66
63 33
63 34
63 180
63 297
879 173
455 298
610 299
717 300
421 69
880 34
881 63
882 301
182 198
182 302
182 303
182 41
182 186
182 211
182 13
182 33
182 115
182 21
182 304
182 305
883 154
633 270
633 306
186 17
186 307
186 308
186 309
186 191
186 158
53 310
53 235
53 311
53 312
53 117
53 313
53 314
53 315
53 316
53 317
53 318
53 319
884 209
884 320
73 321
73 32
73 120
73 20
73 9
73 322
439 154
885 323
524 9
524 35
788 324
788 325
788 326
458 327
458 77
458 328
180 329
180 261
180 330
180 263
180 63
180 116
886 32
886 270
625 33
625 90
887 331
799 332
526 299
526 9
526 333
526 334
12 278
12 44
12 233
12 70
12 335
12 41
12 336
12 14
12 153
12 337
12 21
888 203
116 338
116 339
116 340
116 188
116 262
116 341
116 9
116 89
116 342
116 180
116 102
15 123
15 343
15 70
704 344
747 39
747 19
104 112
104 63
104 144
104 66
528 9
889 345
889 193
889 346
889 9
890 23
675 32
39 8
39 194
39 347
39 55
39 167
39 41
39 348
39 349
39 242
39 350
39 351
39 5
39 352
39 216
39 28
39 177
39 184
39 9
39 129
39 267
39 329
39 353
39 354
39 355
39 22
39 43
39 24
39 280
39 63
39 356
39 270
39 59
39 31
39 44
39 268
39 32
39 0
39 357
39 74
39 142
39 327
39 100
39 33
39 103
114 358
114 139
114 43
114 359
114 360
114 361
114 3
830 24
830 362
753 25
753 70
577 275
837 6
837 363
148 232
148 150
148 364
148 365
148 366
148 367
148 33
148 368
21 364
21 74
21 369
21 270
21 12
21 370
21 371
21 372
21 373
21 70
21 39
21 374
21 159
21 198
21 22
21 43
21 375
21 25
21 376
21 377
21 208
21 378
21 157
21 150
21 379
21 380
21 182
21 381
21 9
21 89
21 33
816 382
530 383
530 384
530 9
530 385
435 99
435 386
435 337
435 347
689 100
609 33
609 299
609 179
443 183
891 387
892 388
349 62
349 389
349 9
349 390
349 39
193 278
193 62
193 391
193 392
193 393
193 166
193 33
193 3
193 394
193 121
193 88
274 120
111 9
111 25
81 103
395 117
395 24
395 395
395 9
395 396
395 33
893 397
532 397
532 19
532 39
532 142
532 153
532 173
56 348
56 220
56 28
56 398
56 399
56 57
56 368
56 116
56 44
56 233
56 66
56 19
56 99
56 63
56 389
56 400
56 232
56 367
56 401
56 402
56 9
56 65
56 33
56 162
894 62
895 345
895 89
895 383
895 403
161 9
565 404
565 41
548 280
896 351
578 275
897 405
897 406
716 33
716 24
716 300
386 407
386 40
386 408
386 41
386 409
386 410
386 24
898 336
595 340
640 92
899 411
663 3
787 412
136 98
297 63
297 9
297 103
47 413
84 414
84 140
84 19
62 285
62 415
62 416
62 18
62 417
62 93
62 89
62 396
62 66
62 418
62 33
62 419
62 420
62 124
62 421
62 84
62 130
900 422
325 25
325 93
325 41
325 9
325 14
325 59
325 88
773 9
239 71
308 186
308 423
308 31
41 325
41 154
41 424
41 425
41 5
41 426
41 427
41 327
41 39
41 121
41 83
41 19
41 24
41 25
41 428
41 99
41 386
41 429
41 430
41 44
41 415
41 182
41 431
41 432
41 64
41 66
41 126
350 39
82 433
486 9
425 17
425 32
425 79
425 24
425 41
425 99
901 434
283 63
337 12
337 435
200 8
200 21
200 28
154 329
154 118
154 436
154 105
154 32
154 437
154 117
154 299
154 438
154 41
154 270
154 64
154 439
154 440
154 174
154 57
372 441
16 333
16 70
183 442
183 443
183 70
183 444
183 445
183 56
183 34
183 83
902 12
902 446
715 300
715 89
18 62
18 8
18 447
18 251
18 9
18 70
18 101
18 24
18 25
18 44
18 275
18 448
18 33
18 410
18 449
2 338
2 63
2 450
2 181
140 451
140 84
489 9
903 345
80 452
80 453
904 454
801 455
801 456
810 383
810 457
905 458
492 9
492 459
492 460
231 46
231 48
231 125
155 189
155 33
155 461
155 79
730 14
375 462
375 9
375 21
906 8
561 301
35 14
35 70
214 62
214 128
214 463
214 449
214 270
214 89
907 79
826 166
212 8
290 63
622 203
622 34
622 145
622 412
27 337
27 383
27 41
27 70
635 33
266 19
266 464
266 460
908 203
48 189
48 173
48 9
48 465
48 244
208 8
208 208
208 466
208 120
208 9
208 112
208 104
909 467
178 235
910 244
911 44
69 139
69 468
69 469
69 227
69 14
69 40
69 421
115 470
115 139
115 32
115 306
115 182
115 88
115 288
115 63
115 9
115 468
115 284
115 471
115 472
210 8
210 24
210 9
912 139
497 9
495 9
409 386
498 9
498 14
74 29
74 473
74 446
648 9
466 9
466 208
913 233
343 15
343 474
343 323
475 28
475 9
475 475
475 213
604 80
604 452
604 28
621 63
621 34
621 476
52 477
52 88
351 478
351 332
351 258
251 187
251 287
914 9
914 105
692 479
692 267
329 480
329 39
329 41
329 188
329 33
329 56
329 481
329 297
762 482
262 116
262 9
262 483
262 121
9 325
9 45
9 167
9 41
9 484
9 485
9 486
9 207
9 83
9 487
9 488
9 113
9 489
9 490
9 491
9 492
9 155
9 79
9 43
9 375
9 395
9 161
9 493
9 270
9 203
9 208
9 494
9 32
9 495
9 131
9 9
9 496
9 497
9 182
9 498
9 499
9 500
9 466
9 101
9 475
9 501
9 197
9 199
9 502
9 298
9 204
9 503
9 504
9 28
9 505
9 20
9 506
9 57
9 507
9 508
9 122
9 299
9 267
9 78
9 509
9 89
9 359
9 510
9 511
9 88
9 112
9 512
9 291
9 292
9 70
9 513
9 114
9 115
9 34
9 259
9 514
9 8
9 515
9 460
9 110
9 336
9 152
9 52
9 383
9 516
9 139
9 125
9 381
9 517
9 60
9 169
9 518
9 519
9 71
9 520
9 50
9 100
9 22
9 19
9 120
9 521
9 63
9 522
9 221
9 389
9 523
9 116
9 401
9 142
9 65
9 524
9 103
9 180
9 525
9 306
9 526
9 141
9 14
9 241
9 527
9 5
9 355
9 85
9 528
9 188
9 108
9 39
9 23
9 172
9 21
9 529
9 530
9 433
9 354
9 117
9 24
9 25
9 531
9 275
9 137
9 532
9 533
9 7
9 179
9 463
9 0
9 93
9 6
9 64
9 534
9 234
9 33
9 535
9 536
9 537
9 446
557 538
557 9
557 34
557 121
557 508
815 0
915 446
507 9
916 539
917 232
267 62
267 39
267 9
267 499
827 396
918 536
772 540
509 541
509 9
509 542
43 8
43 543
43 22
43 544
43 545
43 55
43 43
43 25
43 275
43 288
43 546
43 9
43 547
43 39
43 527
196 8
576 232
576 117
576 40
576 275
576 234
576 419
576 130
89 209
89 8
89 28
89 32
89 92
89 189
89 344
89 75
89 278
89 275
89 14
89 152
89 199
89 173
89 116
89 88
89 112
280 548
303 182
36 222
356 28
681 46
681 32
50 9
50 24
50 477
919 25
17 92
17 70
17 343
17 186
17 549
17 31
430 63
430 550
430 41
430 79
738 39
738 65
112 551
112 198
112 208
112 552
112 9
112 107
112 89
112 33
232 553
232 205
232 554
232 555
232 556
99 187
99 22
99 415
99 557
99 429
99 66
99 384
99 558
99 559
272 120
387 560
301 33
301 56
301 561
301 562
381 83
920 177
513 9
513 28
921 428
603 9
603 563
603 32
542 411
922 564
404 565
162 79
733 118
800 31
923 65
175 0
175 39
708 429
96 66
60 0
60 28
60 66
60 566
924 405
924 79
423 46
423 308
765 107
464 232
464 62
464 266
464 383
451 567
451 28
451 140
383 530
383 110
383 35
383 464
383 173
10 568
454 63
454 9
454 14
454 569
146 570
629 154
629 571
630 33
720 213
441 117
519 9
519 396
775 572
925 55
319 573
319 53
319 574
718 300
333 33
333 301
333 116
333 22
118 154
118 408
118 9
118 575
118 286
118 33
275 576
275 33
275 89
275 577
275 578
926 40
569 454
927 32
767 173
276 120
928 39
929 89
209 8
209 356
209 579
209 527
209 21
209 580
930 301
931 44
94 18
94 66
664 3
664 213
664 581
233 567
233 103
233 582
233 361
233 271
401 278
401 562
401 28
401 583
401 9
401 39
401 33
401 56
932 584
933 34
933 198
933 32
933 585
142 586
142 154
142 41
142 380
142 28
142 587
142 588
142 39
142 589
142 269
142 21
142 590
142 78
142 204
142 22
142 19
142 253
142 532
142 7
142 591
142 32
142 513
142 9
142 465
142 592
227 9
227 14
227 215
934 153
644 9
92 593
92 594
92 307
92 66
935 307
165 44
340 116
340 595
823 596
523 9
936 597
937 39
937 79
938 203
384 25
384 530
5 598
5 599
5 8
5 39
5 41
5 600
939 498
940 41
628 33
628 3
188 278
188 8
188 205
588 446
941 601
942 222
124 602
124 512
589 142
794 33
105 154
105 22
105 189
105 359
105 63
105 603
452 80
452 604
452 28
452 605
943 209
944 33
771 576
771 606
771 116
771 349
771 31
945 607
945 86
946 608
437 154
679 32
947 38
947 120
299 609
299 154
299 39
299 25
299 9
299 575
299 610
299 33
299 184
299 31
637 33
75 61
75 269
75 29
288 63
288 64
288 43
288 115
812 187
782 187
191 611
191 278
191 612
191 613
191 69
191 614
191 186
948 577
130 62
130 576
130 615
130 367
130 616
7 491
7 66
949 24
179 8
179 617
480 618
480 39
480 9
769 2
296 63
950 116
93 62
93 8
93 25
93 325
93 619
93 576
93 39
93 594
93 41
93 0
93 66
93 33
93 481
326 195
951 270
714 39
714 306
714 270
638 33
230 620
575 372
575 38
575 32
575 22
575 39
575 299
575 369
575 348
575 142
575 621
575 145
575 622
575 33
575 56
575 378
575 623
575 624
575 154
952 325
33 8
33 525
33 625
33 167
33 626
33 448
33 144
33 627
33 502
33 628
33 504
33 629
33 298
33 28
33 630
33 247
33 39
33 18
33 631
33 553
33 399
33 632
33 57
33 633
33 333
33 198
33 155
33 79
33 24
33 25
33 634
33 395
33 63
33 275
33 77
33 145
33 511
33 635
33 56
33 378
33 88
33 112
33 299
33 34
33 476
33 494
33 0
33 416
33 301
33 93
33 386
33 636
33 66
33 637
33 536
33 638
471 209
471 115
471 14
471 79
536 9
536 536
536 639
536 3
163 511
446 74
446 640
584 532
584 103
953 5
954 121
220 63
264 0
264 25
955 429
194 8
194 127
194 150
194 39
194 226
194 29
194 129
956 641
83 642
83 183
83 381
83 643
83 375
83 41
83 9
83 644
83 645
639 536
957 646
177 44
177 647
177 648
177 39
177 25
177 649
177 9
177 416
177 33
177 71
958 481
959 66
960 650
960 193
960 148
393 193
393 32
961 349
45 8
260 71
962 116
558 99
174 203
174 25
174 56
174 622
174 70
559 651
766 652
58 174
58 154
58 113
768 653
543 351
807 9
807 654
655 28
655 655
552 656
552 306
552 142
552 64
552 9
552 657
552 33
552 112
240 71
255 71
680 7
680 365
680 56
49 607
49 41
49 31
963 553
76 29
3 8
3 658
3 659
3 154
3 475
3 348
3 438
3 564
3 660
3 28
3 661
3 662
3 641
3 147
3 663
3 24
3 193
3 366
3 103
3 32
3 307
3 664
3 607
3 665
3 114
3 536
3 180
484 80
484 9
484 208
484 666
703 19
964 667
256 668
691 669
691 670
789 166
476 621
965 413
32 671
32 672
32 154
32 55
32 8
32 673
32 41
32 674
32 425
32 398
32 56
32 660
32 22
32 70
32 675
32 39
32 306
32 9
32 676
32 133
32 677
32 78
32 678
32 19
32 679
32 79
32 25
32 680
32 145
32 681
32 115
32 3
32 682
32 683
32 684
32 142
32 100
32 575
32 685
32 686
32 89
32 126
32 33
32 103
32 603
728 184
40 7
40 576
40 69
294 63
749 203
749 687
211 8
211 125
211 688
211 168
211 510
211 14
211 620
100 159
100 291
100 39
100 9
100 396
100 66
100 83
100 689
685 32
481 329
481 33
481 93
481 481
966 229
751 25
670 690
670 691
670 299
670 270
967 469
281 63
500 9
968 232
479 18
479 692
479 34
346 535
369 154
969 105
969 693
814 173
814 56
814 694
814 9
396 496
396 519
396 166
396 300
396 395
192 695
970 659
502 33
502 22
385 530
971 696
318 53
352 39
352 697
660 3
972 527
973 81
974 5
46 39
46 423
46 681
46 682
46 698
247 33
247 469
247 71
461 155
506 389
763 365
411 699
411 24
411 542
442 270
133 103
133 116
38 8
38 39
38 700
38 63
38 9
38 438
38 701
109 702
109 28
975 39
976 703
344 89
344 704
344 164
459 227
97 63
97 66
614 191
977 232
977 41
978 115
978 173
126 300
126 41
126 616
88 44
88 278
88 325
88 193
88 52
88 705
88 706
88 115
88 33
88 89
88 707
216 39
216 336
429 7
429 188
429 708
429 408
429 41
429 99
429 14
429 103
668 45
538 557
538 0
37 36
378 33
378 21
979 79
465 709
512 124
291 28
291 0
291 63
291 9
291 710
291 121
291 711
656 552
822 151
292 63
292 9
292 657
292 280
295 63
980 103
1 450
722 169
981 233
981 100
982 49
756 25
651 559
824 22
400 394
646 71
646 241
983 298
270 154
270 527
270 102
270 261
270 39
270 21
270 712
270 633
270 277
270 442
270 713
270 22
270 19
270 299
270 25
270 120
270 214
270 63
270 115
270 338
270 179
270 714
270 661
270 9
270 89
270 33
792 28
300 715
300 716
300 320
300 24
300 9
300 153
300 126
300 173
300 717
300 718
300 315
984 73
709 465
709 55
709 205
709 348
709 161
709 65
709 56
709 103
119 101
213 449
213 719
213 28
213 664
213 475
213 720
213 721
213 73
169 44
169 722
985 235
123 15
123 110
677 32
986 70
987 64
611 191
988 576
555 232
555 133
555 258
555 723
205 232
205 8
205 724
205 25
205 270
205 9
989 206
990 343
991 725
522 9
740 55
389 9
389 349
992 726
217 461
217 394
217 727
993 477
994 498
184 61
184 39
184 24
184 631
184 559
184 9
184 728
184 33
184 299
623 401
623 77
623 28
623 320
995 696
995 9
493 9
357 39
431 729
431 41
431 66
13 182
13 70
821 103
665 3
665 28
14 325
14 454
14 594
14 41
14 12
14 498
14 28
14 70
14 730
14 9
14 553
14 25
14 731
14 366
14 79
14 732
14 429
14 579
14 346
14 59
14 0
14 69
14 211
14 227
14 66
14 89
14 471
14 35
14 481
996 733
86 607
86 734
65 339
65 735
65 709
65 398
65 24
65 736
65 737
65 173
65 56
65 738
65 204
171 44
654 39
394 400
394 217
525 33
525 116
997 359
55 232
55 739
55 740
55 32
55 55
55 19
55 741
55 39
55 89
55 742
55 634
55 743
55 43
55 25
55 533
306 329
306 671
306 691
306 499
306 32
306 170
306 714
306 621
306 56
306 188
265 0
265 460
265 25
265 391
195 238
417 62
417 118
688 211
241 0
241 71
341 18
341 116
734 86
527 98
527 9
527 110
527 139
527 270
998 56
999 14
426 41
355 39
355 522
355 9
719 213
85 731
85 92
85 409
1000 39
364 744
1001 41
1002 133
68 155
229 133
632 33
1003 155
181 56
181 2
754 55
838 64
1004 9
160 745
1005 746
1005 9
1005 747
353 39
795 28
795 154
203 8
203 398
203 748
203 749
203 200
203 750
203 497
203 174
203 244
117 338
117 576
117 205
25 751
25 743
25 2
25 325
25 265
25 475
25 270
25 14
25 425
25 144
25 384
25 351
25 516
25 752
25 177
25 70
25 39
25 18
25 79
25 9
25 753
25 754
25 174
25 755
25 756
25 757
25 205
25 43
25 299
25 120
25 758
25 111
25 63
25 275
25 759
25 288
25 760
25 433
25 32
25 0
25 729
25 93
25 81
25 263
25 100
25 33
25 473
25 761
207 8
207 9
207 174
207 145
207 571
482 762
365 148
365 763
107 154
107 764
107 117
107 533
107 765
107 173
107 33
107 112
137 9
137 766
137 721
137 98
137 41
153 631
153 145
1006 22
420 66
1007 173
1007 504
150 166
150 360
150 767
150 396
150 148
150 21
1008 161
700 38
1009 145
1010 579
779 768
779 157
1011 280
1012 267
1013 267
1014 138
304 182
1015 235
783 9
783 79
1016 63
1016 314
1017 769
1018 764
1019 360
1020 514
1020 770
360 509
360 24
360 384
360 289
360 114
360 176
360 771
360 31
697 352
540 772
448 28
448 18
448 60
448 175
361 92
361 79
361 773
361 193
361 114
361 346
361 103
223 516
223 277
1021 107
793 142
793 774
572 775
572 776
572 28
572 777
1022 423
1023 83
1023 144
474 343
673 3
673 32
1024 93
399 33
399 575
176 385
157 778
157 779
157 379
157 189
157 780
157 286
157 89
157 21
157 34
157 304
1025 781
1026 15
1026 70
642 83
1027 620
1028 44
79 14
79 425
79 361
79 298
79 28
79 20
79 68
79 155
79 79
79 782
79 430
79 59
79 44
79 32
79 433
79 0
79 182
79 783
79 9
79 784
79 89
79 785
79 33
79 471
79 162
1029 28
504 25
504 41
1030 9
1031 14
1031 786
1032 532
412 787
412 34
26 100
19 173
19 56
19 438
19 19
406 28
315 53
472 115
338 116
560 788
460 492
460 28
460 125
460 460
460 0
460 265
221 9
279 63
602 124
661 39
661 3
661 270
661 64
496 33
496 9
496 396
496 57
314 226
587 142
419 576
447 18
1033 452
1034 223
1035 193
1035 320
1036 431
791 789
791 28
1037 444
521 9
444 183
424 41
424 701
380 142
380 413
197 8
197 9
1038 9
445 183
1039 103
242 12
242 39
242 21
242 57
1040 133
503 9
1041 28
28 278
28 8
28 451
28 460
28 790
28 791
28 475
28 408
28 604
28 41
28 792
28 448
28 361
28 546
28 3
28 793
28 28
28 22
28 70
28 662
28 756
28 60
28 98
28 200
28 794
28 776
28 452
28 655
28 267
28 44
28 233
28 109
28 43
28 79
28 9
28 24
28 39
28 150
28 356
28 759
28 572
28 623
28 777
28 7
28 795
28 291
28 32
28 312
28 0
28 401
28 142
28 100
28 66
28 89
28 33
28 34
28 323
302 182
20 33
20 9
20 155
20 79
269 142
269 63
269 75
1042 796
776 572
1043 33
1044 154
402 56
831 24
831 105
831 9
1045 62
1046 9
61 9
1047 442
78 142
78 9
78 32
78 433
678 32
797 797
170 44
170 399
170 103
164 344
164 704
90 798
332 799
327 576
327 64
327 213
327 428
31 662
31 24
31 308
31 360
31 49
31 800
31 299
470 31
1048 117
456 33
456 801
268 167
1049 139
1050 116
608 327
282 63
248 71
374 31
1051 8
686 32
1052 34
1052 203
1052 29
1052 70
218 8
218 802
218 19
218 32
218 351
803 320
34 479
34 28
34 70
34 557
34 183
34 621
34 377
34 622
34 33
34 412
34 564
259 9
1053 717
701 38
1054 23
653 38
545 736
1055 765
699 411
1056 203
1057 346
320 803
320 238
320 12
135 505
152 477
152 122
152 804
145 126
145 154
145 153
173 767
173 65
173 32
173 19
102 338
102 795
102 582
102 66
102 270
1058 66
1059 593
594 0
594 14
594 93
752 39
752 461
581 664
261 180
261 121
261 270
517 9
110 265
110 383
110 28
110 805
571 629
571 207
682 46
682 9
682 32
324 99
324 788
324 9
324 806
226 46
226 194
226 124
226 314
226 574
1060 807
51 9
51 477
392 193
277 117
277 270
277 808
277 516
277 809
1061 217
551 112
149 122
1062 810
428 41
289 360
289 63
289 81
289 155
710 9
710 53
710 811
710 291
710 242
574 319
579 209
627 33
627 535
627 39
759 28
1063 238
59 39
59 25
59 325
59 14
59 79
1064 49
1064 112
1065 575
1066 721
478 35
1067 670
1068 154
129 80
129 8
129 39
129 194
129 616
187 812
187 251
187 79
187 99
187 782
187 346
187 304
415 99
415 66
491 7
491 208
491 813
0 62
0 450
0 756
0 460
0 265
0 594
0 167
0 336
0 14
0 241
0 516
0 814
0 261
0 39
0 18
0 60
0 815
0 203
0 816
0 116
0 619
0 79
0 25
0 93
0 817
0 681
0 532
0 28
0 44
0 291
0 166
0 818
0 819
0 9
0 820
0 721
0 33
0 805
785 79
103 329
103 133
103 709
103 39
103 18
103 233
103 336
103 821
103 66
103 57
103 297
672 32
1069 194
201 8
702 109
818 0
748 203
408 822
408 823
408 40
408 6
408 9
408 234
408 429
348 39
348 3
687 749
706 88
391 44
391 265
564 8
564 34
564 544
564 25
564 288
544 43
544 564
22 278
22 824
22 8
22 41
22 270
22 540
22 144
22 173
22 502
22 70
22 39
22 21
22 333
22 61
22 38
22 105
22 99
22 63
22 471
22 32
22 142
22 9
22 575
22 258
22 33
22 654
842 825
662 3
662 384
662 31
1070 275
166 139
166 0
166 826
166 114
166 396
166 173
166 789
166 827
1071 270
172 777
172 57
1072 116
317 828
317 174
696 31
366 14
366 148
605 452
407 386
24 278
24 594
24 41
24 360
24 144
24 829
24 28
24 188
24 70
24 39
24 18
24 830
24 831
24 50
24 411
24 24
24 395
24 63
24 3
24 29
24 184
24 31
24 0
24 716
24 210
24 9
24 33
147 3
147 570
147 832
323 93
323 343
323 732
323 28
323 173
1073 258
1074 21
833 833
1075 356
1076 834
1077 9
1077 514
307 3
463 181
463 56
463 267
330 270
6 835
6 22
6 363
6 836
6 408
6 9
6 514
6 837
64 285
64 154
64 39
64 552
64 385
64 669
64 327
64 399
64 53
64 71
64 33
64 838
534 606
234 9
537 839
1078 300
535 62
535 0
535 840
535 841
535 99
535 9
535 361
535 627
535 346
825 842
825 205
615 127
91 452
91 280
108 63
108 533
