263 0
263 1
552 2
552 3
582 4
66 5
66 6
66 7
66 8
66 9
86 10
86 11
86 12
86 13
86 8
86 14
86 15
86 16
86 17
447 18
447 19
447 20
456 21
456 22
456 13
456 23
144 24
148 25
148 26
357 0
390 27
390 28
583 29
584 30
584 20
584 31
470 32
470 33
585 34
82 35
227 5
227 36
227 37
505 38
54 39
54 40
54 41
54 19
54 42
54 43
54 44
54 45
54 13
54 9
54 33
54 0
54 46
54 7
54 47
54 48
54 49
54 50
54 51
54 52
54 10
49 53
49 54
67 55
67 9
67 56
67 7
278 57
216 58
259 59
259 17
586 60
586 46
7 18
7 61
7 62
7 63
7 64
7 65
7 66
7 54
7 0
7 67
7 5
7 17
7 48
7 68
358 18
358 0
523 69
523 70
523 71
523 72
523 73
365 39
234 74
234 48
234 75
234 76
484 18
484 77
131 78
304 11
518 9
99 79
99 15
197 5
197 80
160 81
587 82
588 83
588 69
588 84
411 85
589 15
589 86
200 18
200 13
200 87
331 18
331 88
331 89
331 17
331 90
293 43
293 91
590 22
20 92
20 18
20 93
20 94
20 95
20 19
20 96
20 97
20 98
20 99
20 0
20 38
20 17
20 81
20 100
591 101
102 18
102 102
102 103
102 104
102 105
102 106
102 107
102 108
102 17
102 81
102 50
229 2
229 109
229 110
229 111
229 27
229 112
229 113
43 114
43 115
43 116
43 19
43 39
43 50
43 117
43 13
43 0
43 118
43 108
43 119
43 48
43 79
43 120
280 121
280 122
280 17
179 116
451 32
451 19
568 123
482 18
371 25
371 21
371 124
371 125
592 126
410 17
167 79
377 127
198 5
41 22
41 52
41 128
41 54
483 5
483 18
483 15
483 129
348 130
78 131
78 132
78 9
78 108
78 48
78 33
78 133
292 134
292 91
292 135
292 136
534 100
593 74
134 75
134 137
134 38
134 138
134 113
134 68
312 105
312 106
132 139
132 140
132 48
132 141
132 120
594 142
594 32
440 19
24 25
24 143
24 144
199 5
286 100
549 60
595 145
406 17
26 146
26 147
26 148
149 5
149 149
238 48
238 150
430 151
430 152
430 29
596 153
596 154
597 155
223 156
432 151
81 102
81 157
81 158
81 19
81 42
81 159
81 160
81 161
81 1
81 17
81 151
81 50
154 25
154 47
79 162
79 39
79 93
79 75
79 163
79 42
79 32
79 62
79 164
79 25
79 99
79 165
79 166
79 17
79 167
79 168
460 169
460 120
185 170
185 171
185 127
185 172
185 19
185 173
185 32
185 30
185 12
185 174
185 175
185 176
185 71
185 5
185 17
185 177
185 85
185 79
185 48
185 4
116 18
116 75
116 178
116 19
116 96
116 179
116 32
116 105
116 86
116 99
116 180
116 12
116 181
116 182
116 140
116 183
512 1
512 184
471 5
471 33
12 185
12 153
12 116
12 186
12 125
12 86
12 187
12 15
164 188
164 79
164 19
514 186
514 21
514 189
126 70
389 190
598 74
405 84
405 113
279 191
282 17
282 192
448 193
448 19
599 96
493 165
559 155
600 74
601 194
139 132
128 41
271 13
356 0
356 152
356 38
356 195
356 56
416 196
5 92
5 197
5 198
5 149
5 62
5 199
5 25
5 200
5 84
5 0
5 201
5 77
5 202
5 203
5 185
5 36
5 108
5 27
5 46
5 204
5 205
336 143
336 75
386 206
386 44
207 207
207 208
435 209
435 19
435 9
253 210
253 211
253 212
253 19
253 25
253 213
253 13
253 9
253 214
253 108
253 215
253 216
602 217
455 218
352 113
352 20
326 69
326 107
603 219
309 220
396 92
396 50
569 221
438 19
222 10
222 25
222 222
222 49
222 200
222 48
222 215
222 155
604 218
604 140
604 223
557 224
557 225
557 226
36 5
36 227
36 12
36 228
36 37
112 229
112 177
423 18
52 230
605 92
243 44
441 13
441 19
187 12
8 17
8 9
8 28
8 231
606 5
606 43
606 232
182 17
182 180
182 233
48 234
48 143
48 235
48 141
48 19
48 39
48 78
48 54
48 18
48 236
48 108
48 20
48 17
48 189
48 237
68 134
68 238
68 239
68 240
68 7
68 241
500 99
500 28
2 17
381 242
127 17
127 185
47 140
44 89
44 243
44 31
607 143
607 134
607 155
607 13
607 19
561 244
608 245
609 75
108 18
108 22
108 13
108 15
108 246
108 247
108 248
108 39
108 10
108 249
108 250
108 104
108 251
108 252
108 253
108 178
108 254
108 255
108 256
108 201
108 48
108 94
108 6
108 257
108 9
108 5
108 258
610 259
258 243
258 32
258 56
258 201
611 225
612 140
283 218
283 260
520 261
22 43
22 108
22 20
230 52
45 255
45 100
45 262
45 17
13 92
13 263
13 264
13 265
13 86
13 99
13 266
13 15
13 204
13 248
13 39
13 242
13 267
13 200
13 104
13 172
13 4
13 253
13 54
13 59
13 268
13 184
13 19
13 269
13 270
13 125
13 175
13 271
13 38
13 272
13 108
13 21
13 27
13 273
613 111
555 194
171 18
171 185
171 274
171 146
171 275
171 104
171 276
171 277
171 278
171 74
171 8
171 191
171 5
171 279
171 0
171 79
566 152
614 196
121 280
615 244
153 281
153 282
153 109
153 19
153 267
153 283
153 275
153 13
153 284
153 152
153 285
153 244
153 286
153 81
153 287
153 50
153 288
153 237
250 0
463 76
533 39
533 145
91 289
91 290
91 19
91 117
91 43
91 194
91 13
91 291
91 292
91 293
91 294
91 295
91 296
91 297
91 298
91 299
298 19
298 71
468 202
468 300
468 301
110 302
110 204
110 273
11 143
11 303
11 304
11 305
11 306
11 70
11 86
11 307
11 0
11 20
11 17
11 308
616 114
220 218
220 309
208 10
208 19
208 25
208 7
208 207
208 0
208 20
208 310
208 248
122 96
334 143
617 260
618 13
619 229
360 18
360 5
360 25
360 9
150 311
150 19
106 312
475 313
133 127
133 314
133 21
133 315
133 174
133 56
133 316
133 9
61 7
213 253
547 317
424 194
620 311
201 5
201 258
201 8
201 108
201 318
621 109
622 319
538 75
538 10
287 291
287 50
287 153
378 320
502 30
581 73
623 39
623 202
374 18
374 203
624 321
414 322
414 153
70 146
70 242
70 323
70 11
70 13
107 102
107 324
107 163
107 249
107 325
107 151
107 326
499 28
225 18
225 327
225 89
225 46
625 85
302 25
407 17
407 328
407 329
626 48
214 253
90 39
90 330
90 125
90 331
90 315
90 0
90 90
90 3
90 48
335 143
363 64
363 247
363 9
363 115
363 5
363 75
143 332
143 333
143 25
143 334
143 236
143 202
143 0
143 156
143 335
143 336
143 287
249 337
249 10
249 43
249 30
249 158
249 38
249 107
249 108
249 81
249 5
249 17
249 85
249 57
249 15
627 338
627 196
362 339
123 48
123 340
123 19
123 20
476 186
476 341
476 342
476 196
476 103
92 343
92 322
92 50
92 13
92 136
92 344
92 152
92 345
92 346
92 347
478 18
478 28
186 348
186 75
186 12
186 349
433 0
433 19
439 19
628 350
628 105
204 351
204 152
204 13
204 71
629 48
630 65
630 12
631 352
137 134
632 104
0 353
0 18
0 30
0 263
0 307
0 13
0 325
0 354
0 15
0 119
0 355
0 75
0 300
0 299
0 356
0 105
0 357
0 91
0 32
0 36
0 358
0 20
0 359
0 79
0 11
0 322
0 43
0 328
0 208
0 54
0 5
0 320
0 90
0 151
0 50
0 143
0 360
0 361
0 245
0 127
0 19
0 25
0 86
0 125
0 84
0 362
0 60
0 17
0 336
0 56
516 60
516 195
516 104
510 328
64 17
64 315
64 363
64 364
64 74
157 81
178 17
178 10
178 108
633 226
255 18
255 108
255 75
255 45
255 115
443 193
443 19
634 30
635 365
323 70
205 5
425 130
425 366
125 367
125 75
125 10
125 368
125 125
125 12
125 13
125 369
125 370
125 0
125 87
125 371
125 90
125 246
125 17
125 372
125 174
125 196
125 133
125 46
257 108
636 373
203 143
203 212
203 153
203 322
203 374
203 344
203 5
203 48
637 50
354 143
354 269
354 0
354 375
638 10
639 18
640 336
486 376
486 15
177 170
177 377
177 185
177 75
177 19
177 96
177 229
177 222
177 177
177 174
177 332
177 272
177 112
177 168
641 0
321 18
321 6
321 32
320 378
320 0
320 320
320 19
320 379
388 15
546 380
242 111
242 70
242 381
242 212
242 13
375 153
375 19
375 146
375 382
375 354
375 383
32 39
32 185
32 75
32 19
32 249
32 221
32 384
32 74
32 118
32 385
32 181
10 341
10 62
10 386
10 217
10 387
10 388
10 0
10 273
190 181
190 5
190 389
190 390
190 140
96 75
96 28
96 122
96 117
105 102
105 116
105 312
105 391
105 0
105 17
105 392
458 284
458 110
384 18
384 25
384 393
384 118
384 384
251 108
422 143
422 117
176 185
176 19
176 4
642 394
217 395
217 194
217 396
272 177
272 13
94 15
94 108
159 81
159 151
515 62
515 263
515 174
515 397
515 17
515 140
515 398
59 259
59 9
59 33
59 13
59 399
445 341
445 130
445 19
219 19
643 130
316 74
316 359
644 99
645 30
415 151
6 400
6 364
6 19
6 321
6 66
6 108
141 21
141 132
141 96
453 344
453 401
646 402
25 143
25 332
25 32
25 244
25 403
25 25
25 12
25 175
25 201
25 9
25 291
25 5
25 107
25 404
25 146
25 246
25 17
25 48
25 79
25 154
647 137
84 5
84 405
84 0
84 386
136 13
136 343
231 8
231 15
529 284
17 341
17 45
17 86
17 331
17 118
17 156
17 46
17 406
17 368
17 168
17 315
17 282
17 75
17 142
17 105
17 355
17 20
17 81
17 79
17 367
17 64
17 407
17 328
17 408
17 409
17 89
17 13
17 48
17 410
17 50
17 35
17 127
17 19
17 125
17 9
17 191
17 15
85 185
85 411
85 46
85 19
85 249
524 153
392 105
521 412
521 413
521 247
521 9
526 342
648 414
648 151
648 415
649 416
420 39
118 17
118 406
118 38
118 384
650 223
56 356
56 33
56 0
56 67
56 20
56 258
56 133
651 417
651 418
652 89
652 13
162 79
162 419
39 259
39 10
39 19
39 117
39 43
39 90
39 140
39 420
39 13
39 421
39 0
39 422
39 108
39 21
39 48
39 79
39 133
235 73
472 33
506 372
556 79
556 194
556 423
556 424
556 425
565 395
496 426
653 359
654 43
347 92
330 39
330 147
330 19
330 54
330 427
330 90
330 52
174 185
174 10
174 177
174 275
174 125
174 369
174 123
174 428
174 1
174 151
174 77
174 297
174 263
206 77
206 386
462 146
268 429
268 96
404 46
404 247
151 267
151 275
151 430
151 431
151 9
151 414
151 0
151 107
151 432
151 317
151 81
151 174
151 4
419 162
19 208
19 39
19 320
19 103
19 433
19 117
19 13
19 434
19 249
19 34
19 253
19 435
19 15
19 226
19 436
19 0
19 437
19 330
19 218
19 75
19 438
19 342
19 439
19 195
19 440
19 20
19 81
19 193
19 33
19 298
19 332
19 185
19 441
19 442
19 96
19 322
19 43
19 443
19 32
19 54
19 85
19 7
19 444
19 445
19 150
19 67
19 176
19 164
19 27
19 446
19 146
19 447
19 50
19 448
19 449
19 450
19 93
19 6
19 202
19 177
19 451
19 9
19 317
19 17
19 237
19 452
401 453
417 25
417 116
418 25
270 310
270 17
270 68
270 13
655 275
63 386
63 7
473 115
434 19
325 171
325 454
325 0
325 107
656 5
656 79
218 455
218 220
218 283
218 19
218 436
488 8
488 6
488 15
21 162
21 18
21 359
21 456
21 141
21 96
21 457
21 9
21 17
21 120
21 189
657 0
579 130
579 99
284 458
169 459
169 48
169 460
146 39
146 461
146 19
146 25
146 70
146 462
146 171
146 26
76 234
76 102
76 441
76 463
4 402
4 50
4 13
429 57
429 99
339 229
339 113
339 362
513 5
513 9
457 21
457 464
464 457
527 143
527 93
337 10
337 32
337 8
337 292
337 172
337 46
337 465
408 17
408 8
658 466
659 284
660 467
120 235
120 58
120 132
120 169
120 221
120 402
120 43
120 21
120 460
300 468
93 18
93 96
93 19
93 20
310 270
310 208
345 92
345 96
345 269
345 21
345 148
345 34
175 185
175 10
175 25
175 177
175 13
175 9
175 196
661 469
33 41
33 390
33 470
33 116
33 19
33 96
33 471
33 78
33 54
33 9
33 59
33 472
33 8
33 226
33 140
290 18
290 450
290 10
290 19
290 91
290 5
115 255
115 43
115 363
115 473
115 474
313 475
313 476
662 155
663 477
233 182
18 478
18 53
18 479
18 99
18 480
18 200
18 130
18 74
18 21
18 384
18 481
18 0
18 7
18 482
18 189
18 360
18 483
18 269
18 484
18 485
18 108
18 71
664 19
495 328
369 486
369 163
369 125
369 123
369 487
369 297
15 13
15 388
15 99
15 427
15 300
15 488
15 249
15 200
15 331
15 52
15 32
15 28
15 86
15 48
15 489
15 153
15 78
15 490
15 9
15 491
15 12
15 108
15 317
15 5
15 17
226 19
226 33
570 246
543 74
393 384
665 492
142 143
142 81
142 5
142 17
29 430
343 92
666 3
667 493
667 374
667 494
667 70
667 13
667 5
667 183
563 495
668 18
252 130
252 108
332 143
332 417
332 177
332 19
426 496
426 19
28 478
28 390
28 163
28 96
28 497
28 13
28 9
28 8
28 498
28 499
28 15
28 500
361 0
239 68
444 19
35 17
35 384
35 331
35 1
35 7
669 70
50 102
50 81
50 127
50 153
50 19
50 267
50 264
50 43
50 0
50 291
50 25
50 292
50 380
50 108
50 317
50 17
50 140
50 77
50 501
50 396
564 333
540 75
245 18
245 0
30 330
30 502
30 177
30 15
30 19
30 98
30 229
30 57
30 503
30 249
30 13
30 344
30 380
30 156
30 75
30 489
30 275
30 4
382 375
498 28
670 5
671 81
311 150
183 74
183 359
183 104
183 15
156 17
156 30
156 223
53 18
672 384
673 292
98 328
98 30
98 74
98 89
98 20
98 47
265 13
674 18
38 10
38 13
38 504
38 8
38 20
38 505
16 86
372 506
504 223
446 19
675 507
676 9
677 25
367 17
367 125
367 77
367 508
522 509
322 0
322 32
322 19
322 201
328 510
328 18
328 511
328 10
328 407
328 43
328 275
328 495
328 0
328 13
328 24
328 8
328 7
328 17
328 130
328 79
328 155
678 369
1 81
1 281
1 263
1 512
679 513
344 92
344 195
344 30
344 203
344 5
344 48
189 18
189 21
189 514
398 515
195 356
195 19
195 516
62 7
62 515
62 8
62 317
62 5
62 17
163 75
163 132
163 290
163 17
163 79
163 183
680 25
269 18
269 19
269 345
269 30
269 13
269 5
269 123
269 56
269 517
269 17
269 518
269 354
269 79
269 20
490 15
9 134
9 519
9 258
9 520
9 518
9 509
9 521
9 15
9 376
9 151
9 481
9 0
9 522
9 253
9 513
9 42
9 28
9 328
9 12
9 54
9 8
9 67
9 17
9 48
9 359
9 62
9 19
9 25
9 177
9 175
9 33
9 108
9 5
9 27
9 341
9 133
71 18
71 185
71 19
71 13
71 74
71 70
71 511
71 140
71 523
71 524
681 525
450 25
450 133
450 1
450 19
450 20
273 6
273 10
273 13
273 110
353 269
353 469
342 5
342 17
342 526
342 19
342 476
72 523
37 36
264 291
264 13
138 134
682 143
682 527
181 116
181 184
683 48
683 369
684 20
685 8
685 458
528 528
686 320
687 337
129 395
129 93
129 483
103 19
688 529
481 18
689 98
690 530
691 363
692 337
693 531
693 9
172 185
172 337
172 13
573 532
210 181
210 253
210 19
65 7
247 92
247 404
247 363
247 108
247 103
694 154
695 79
544 533
544 39
544 74
89 17
89 223
89 331
548 317
548 19
548 362
696 57
100 534
100 84
100 45
241 68
170 185
170 13
170 177
291 264
291 91
291 25
291 287
697 9
191 17
191 171
191 104
193 19
193 448
698 79
452 19
519 43
519 9
349 186
349 74
58 535
58 120
58 216
541 355
541 536
541 75
541 140
307 356
509 10
699 320
700 99
480 18
480 13
436 19
436 267
168 166
168 443
168 537
168 177
289 91
75 18
75 134
75 125
75 470
75 386
75 186
75 330
75 13
75 538
75 236
75 248
75 235
75 113
75 222
75 387
75 0
75 364
75 20
75 79
75 516
75 116
75 146
75 32
75 539
75 140
75 363
75 177
75 333
75 540
75 19
75 401
75 9
75 5
75 196
75 336
575 260
117 43
117 422
117 39
117 19
117 91
355 17
355 541
74 18
74 234
74 542
74 163
74 98
74 497
74 543
74 544
74 71
74 316
74 359
74 183
165 493
165 545
297 125
297 293
400 6
212 253
80 197
42 163
42 54
42 315
42 9
42 81
42 140
274 402
391 105
380 546
380 314
397 515
368 17
368 125
368 315
184 181
184 360
184 10
184 13
184 25
449 19
359 102
359 146
359 104
359 9
359 21
359 402
359 52
701 52
553 246
196 416
702 287
703 202
317 521
317 62
317 547
317 19
317 507
317 30
317 548
317 13
317 108
317 317
317 151
317 50
317 546
317 248
60 195
60 328
60 0
60 5
60 549
60 516
60 154
27 119
27 19
27 13
704 17
275 69
275 511
275 171
161 92
161 81
237 48
237 163
237 19
341 17
341 445
341 550
341 9
158 81
158 249
88 551
88 315
315 88
315 17
315 90
427 15
705 113
34 264
34 39
34 20
34 19
34 9
3 43
3 90
3 552
246 125
246 553
246 330
246 457
246 554
246 464
246 177
706 202
130 18
130 445
130 425
277 191
301 468
248 390
248 75
248 208
248 13
248 8
248 15
248 108
248 317
707 140
542 183
399 59
173 185
708 235
194 555
194 91
194 556
194 424
709 224
709 557
710 7
236 32
428 93
711 17
402 359
402 4
351 204
351 13
51 54
155 558
155 157
155 559
155 560
155 222
155 328
155 70
261 520
202 143
202 17
202 73
329 152
244 25
244 91
244 561
244 153
244 562
140 75
140 116
140 190
140 42
140 132
140 541
140 563
140 487
140 48
140 50
333 143
333 564
395 5
395 565
152 92
152 281
152 322
152 29
152 204
152 566
152 336
113 405
113 567
113 75
113 10
69 511
69 326
69 523
145 568
712 196
713 113
714 229
221 133
221 569
715 570
577 364
46 18
46 571
46 551
46 13
46 38
46 555
46 46
46 572
46 39
46 75
46 10
46 249
46 200
46 81
46 573
46 54
46 337
46 125
46 574
46 292
46 5
46 17
46 77
281 1
267 151
267 50
267 13
267 436
260 575
104 92
104 359
104 140
104 556
104 191
508 328
508 367
387 10
387 576
364 64
364 6
364 577
716 146
717 77
718 99
256 410
256 19
109 13
109 20
719 578
409 17
720 86
720 398
511 69
511 275
511 328
511 13
511 325
511 71
228 579
228 68
77 291
77 10
77 484
77 271
77 174
77 206
77 123
77 5
77 73
485 18
491 18
491 403
491 222
491 30
491 15
491 48
721 275
722 580
87 200
73 235
73 581
73 202
73 5
73 17
73 77
