282 0
282 1
159 2
23 3
23 4
23 5
596 4
547 6
355 7
355 8
479 9
417 10
103 11
103 12
225 13
225 14
225 15
212 16
597 17
561 18
574 19
574 20
598 21
5 22
5 23
139 24
139 25
337 26
337 27
337 28
554 29
401 30
401 31
595 32
488 6
124 33
124 34
124 35
124 36
124 37
124 38
124 39
124 40
124 14
124 41
124 42
124 43
124 44
124 45
124 2
124 46
124 47
124 48
124 13
124 49
124 50
124 18
124 51
124 52
124 53
11 54
251 47
251 20
251 55
599 56
146 57
146 58
146 59
146 60
146 13
146 61
146 62
146 63
146 64
146 65
146 66
146 18
146 67
146 68
146 69
146 53
314 70
314 30
314 71
314 72
314 7
314 73
600 15
542 74
601 75
602 76
39 77
39 78
39 79
39 80
39 81
39 82
39 83
39 84
39 85
39 86
39 87
39 67
39 88
603 7
270 89
270 15
604 79
285 90
285 91
216 92
216 30
216 93
216 94
216 67
216 95
426 13
426 36
426 96
426 97
549 6
297 98
372 99
372 30
372 52
160 100
160 29
160 15
569 22
110 20
241 101
605 67
12 13
12 100
12 36
12 102
12 103
430 104
302 105
302 106
302 107
54 108
54 14
54 11
54 13
54 26
246 13
246 109
246 110
246 58
154 111
154 112
154 113
154 13
154 15
154 114
154 82
154 67
154 115
19 49
19 116
437 117
437 118
437 119
220 120
220 13
220 121
220 15
220 82
220 122
220 18
220 6
220 115
335 82
389 18
326 6
606 123
51 18
51 124
51 75
51 15
51 125
425 18
165 126
165 6
607 127
607 128
607 129
607 130
607 125
607 26
470 131
142 90
142 30
454 132
608 133
380 100
380 134
380 135
20 13
20 40
609 136
116 137
116 19
567 57
548 6
65 138
65 92
65 139
65 38
65 30
65 34
65 140
65 141
65 15
65 142
65 13
65 143
65 64
65 18
65 144
65 52
610 145
234 67
68 146
328 147
328 148
328 149
328 31
328 150
328 151
385 18
145 152
611 18
612 153
464 102
2 77
2 154
2 155
2 156
2 157
2 34
2 158
2 159
2 15
2 160
2 8
2 161
2 162
2 119
2 163
2 164
2 18
2 6
208 58
208 13
208 165
208 166
208 100
208 124
208 65
131 167
131 18
613 29
614 168
469 167
469 13
286 13
286 169
286 170
286 30
286 166
518 13
518 171
177 172
177 173
177 30
472 13
472 174
472 175
472 15
472 146
507 38
507 176
172 177
172 178
172 13
172 14
172 179
172 18
172 67
461 180
461 181
400 77
400 31
615 182
182 92
182 28
77 183
77 184
77 185
77 108
77 186
77 34
77 187
77 188
77 0
77 189
77 190
77 191
77 192
77 39
77 112
77 30
77 61
77 193
77 194
77 15
77 195
77 196
77 99
77 197
77 198
77 199
77 200
77 201
77 202
77 203
77 13
77 134
77 31
77 204
77 205
77 55
77 18
77 6
616 13
616 206
616 58
616 207
527 6
59 146
617 208
224 209
618 67
550 40
353 40
353 96
353 45
353 7
353 67
353 210
480 211
16 212
16 40
16 213
16 214
16 30
16 215
330 112
330 200
195 216
78 217
78 209
78 13
78 133
78 218
78 10
78 119
78 219
78 39
581 67
133 13
133 78
133 79
133 119
121 14
121 30
121 220
194 77
532 143
69 146
619 10
620 221
118 67
565 222
235 67
56 64
56 223
621 40
621 199
46 224
46 125
82 154
82 225
82 220
82 226
249 13
249 61
275 15
221 13
221 227
221 228
221 35
67 29
67 33
67 146
67 229
67 15
67 230
67 39
67 4
67 231
67 232
67 233
67 65
67 234
67 79
67 235
67 236
67 23
67 64
67 237
67 172
67 238
67 18
67 239
360 240
156 124
156 58
156 14
156 2
156 241
156 242
156 18
156 243
47 77
47 244
47 30
47 13
47 43
47 124
47 245
109 222
109 246
584 13
584 247
584 25
431 40
572 248
540 151
622 8
55 77
55 112
55 20
55 249
55 13
55 122
55 250
55 251
55 252
55 67
14 253
14 118
14 198
14 108
14 107
14 100
14 225
14 121
14 8
14 15
14 254
14 188
14 0
14 189
14 255
14 256
14 257
14 88
17 258
17 259
17 250
17 30
17 6
333 260
333 261
333 14
623 168
624 82
624 13
624 67
624 58
263 13
263 114
263 262
263 263
263 264
185 77
185 124
625 265
625 60
573 13
15 266
15 34
15 267
15 31
15 268
15 28
15 269
15 38
15 95
15 112
15 40
15 30
15 270
15 20
15 209
15 271
15 116
15 253
15 272
15 143
15 65
15 273
15 225
15 160
15 274
15 79
15 25
15 63
15 2
15 173
15 275
15 250
15 276
15 154
15 107
15 277
15 220
15 278
15 13
15 279
15 6
15 47
15 18
15 51
15 22
0 280
0 281
0 198
0 282
0 192
0 93
0 265
0 31
0 191
0 36
0 39
37 13
37 30
37 124
37 283
37 284
90 107
90 93
90 285
90 142
626 286
261 113
261 79
261 4
261 287
261 18
261 26
261 288
261 36
627 289
628 67
453 15
629 290
127 0
127 173
127 26
127 291
140 72
630 145
1 30
1 13
1 292
1 190
1 93
1 293
1 294
1 295
1 6
199 77
199 27
98 77
98 296
98 160
98 297
119 79
119 58
119 14
119 142
119 18
119 51
497 67
364 108
364 298
349 299
349 15
349 300
441 301
107 302
107 14
107 15
505 239
237 67
325 113
325 303
325 34
325 13
325 8
325 65
564 304
564 305
564 271
166 306
166 25
166 82
166 18
166 6
166 270
317 307
256 65
631 308
281 83
186 112
186 40
186 270
186 20
186 108
186 80
186 290
186 309
186 310
186 18
350 13
632 13
120 49
120 220
509 112
514 13
514 311
514 30
514 312
184 77
72 313
72 140
72 314
381 100
381 112
381 315
381 154
381 316
504 7
504 223
633 208
66 146
307 317
566 222
421 272
287 318
634 67
42 124
577 58
198 319
198 77
198 45
198 34
198 14
198 31
198 0
198 320
198 122
198 76
198 67
198 151
198 321
198 88
198 125
551 176
551 322
393 323
113 167
113 309
113 324
113 325
258 17
316 100
149 36
149 326
149 327
149 10
149 328
105 302
105 61
635 13
635 329
358 30
358 176
358 45
636 18
311 167
200 77
200 330
200 205
637 36
638 4
319 92
319 198
319 29
319 331
319 27
319 28
319 332
279 13
279 80
279 82
279 15
309 113
309 309
309 186
309 29
309 10
309 326
639 333
163 222
163 13
87 39
640 67
641 249
641 334
642 34
642 335
33 67
178 172
178 178
178 336
34 264
34 58
21 79
27 319
27 127
27 337
27 199
27 338
27 26
27 339
27 340
643 18
398 31
457 341
457 30
189 77
189 14
189 6
445 3
445 4
95 13
95 15
95 209
644 67
517 157
517 30
517 15
645 342
646 222
62 146
62 156
348 343
515 13
515 30
560 36
560 15
560 14
250 344
250 345
250 30
250 15
250 55
168 346
343 347
343 348
70 135
70 314
647 30
218 78
300 13
300 349
648 13
24 139
24 30
320 198
649 18
650 77
651 350
537 351
537 290
652 52
223 6
405 18
653 67
80 100
80 36
80 31
80 279
80 39
654 303
265 0
7 352
7 71
7 34
7 314
7 353
7 354
7 92
7 30
7 355
7 356
7 152
7 73
7 168
7 127
7 357
7 56
7 358
7 15
7 221
7 13
7 18
7 6
345 250
205 77
205 359
245 360
245 107
245 79
245 361
245 60
245 13
245 362
245 90
655 18
257 14
412 13
412 8
412 30
108 112
108 186
108 116
108 81
108 363
108 364
108 54
264 40
264 186
656 188
656 365
190 77
190 366
190 58
190 13
190 1
190 186
190 166
190 367
190 368
526 369
657 1
657 95
658 314
659 13
439 319
204 77
660 370
661 371
288 41
356 13
356 2
99 77
99 25
99 13
99 372
99 26
99 52
303 30
303 325
662 30
92 138
92 319
92 30
92 58
92 13
92 216
92 97
92 93
92 82
92 15
92 26
92 87
92 6
663 163
93 77
93 92
93 30
93 373
93 374
93 83
93 375
93 232
93 216
93 10
93 114
93 64
93 31
93 245
93 376
93 90
93 377
93 6
93 378
93 58
664 67
665 379
503 79
666 208
49 18
49 31
49 36
100 112
100 380
100 45
100 207
100 80
100 228
100 381
100 208
100 143
100 36
100 382
48 383
134 13
667 38
384 18
18 167
18 77
18 58
18 146
18 72
18 10
18 35
18 371
18 36
18 7
18 40
18 30
18 20
18 309
18 384
18 186
18 253
18 125
18 385
18 386
18 387
18 388
18 131
18 64
18 15
18 13
18 389
18 390
18 172
18 49
18 391
18 51
18 6
482 392
323 393
207 100
207 29
43 47
43 92
43 124
43 30
397 394
397 239
397 31
668 121
347 343
31 77
31 395
31 396
31 397
31 398
31 15
31 0
31 78
31 40
31 30
31 222
31 272
31 399
31 125
31 295
31 328
31 198
31 93
31 400
31 317
31 173
31 401
31 80
31 6
31 49
31 245
31 18
31 402
31 239
31 210
576 100
434 403
434 404
94 216
26 405
26 127
26 99
26 406
26 92
26 13
26 407
26 408
26 142
26 8
26 125
26 36
26 409
26 18
26 6
26 151
669 39
57 146
57 252
57 60
670 79
253 13
253 18
253 410
253 15
253 14
671 26
135 380
135 198
135 290
135 29
135 411
135 70
135 302
406 6
672 18
83 321
8 412
8 325
8 171
8 13
8 14
8 413
8 192
8 26
8 414
152 7
152 145
673 13
475 169
459 415
459 30
459 13
459 14
459 2
459 64
459 341
196 77
196 167
374 13
374 182
374 6
374 93
45 100
45 143
45 358
315 381
674 6
10 78
10 149
10 416
10 61
10 417
10 125
10 18
10 26
10 90
10 418
10 419
295 13
295 1
295 122
295 331
295 81
295 6
363 108
363 319
363 420
675 421
676 0
278 15
214 16
214 213
214 20
298 364
529 143
677 422
677 135
678 25
76 198
76 423
76 15
321 83
321 14
321 143
321 351
321 198
679 107
244 47
244 424
244 425
96 36
96 426
680 30
71 427
71 6
493 428
342 176
681 14
35 40
35 9
35 41
35 403
35 124
35 65
35 18
35 221
371 366
371 429
371 351
371 9
371 13
371 18
371 67
682 20
104 430
683 79
40 77
40 140
40 30
40 20
40 25
40 264
40 186
40 15
40 431
40 35
40 55
40 353
40 18
40 153
40 16
40 6
40 125
491 425
491 432
491 291
227 167
403 433
403 55
403 434
593 18
684 435
243 124
243 156
243 436
440 388
91 285
117 437
117 199
117 438
685 100
394 67
394 239
394 439
388 13
388 18
388 239
388 440
86 13
86 39
686 13
301 441
301 245
687 67
173 30
173 177
173 442
173 31
173 143
173 119
173 18
173 443
555 29
589 166
339 27
688 444
97 302
254 14
254 15
3 79
3 445
3 23
689 446
419 447
419 369
419 448
419 15
419 10
419 330
362 449
362 60
267 15
188 232
510 112
690 67
691 15
552 29
228 100
228 450
344 250
344 256
692 50
693 13
693 451
693 452
495 453
272 421
272 15
272 180
694 15
579 13
579 15
260 333
213 214
213 16
132 403
132 454
477 455
496 13
496 456
341 457
341 209
341 396
341 458
341 39
341 6
341 459
115 222
115 154
181 460
181 184
181 13
181 208
181 461
181 124
181 36
181 462
415 29
415 459
102 463
102 13
102 366
102 61
102 464
351 371
351 30
351 465
695 127
695 0
467 466
467 467
467 256
696 26
158 2
50 124
502 79
697 112
367 14
367 190
698 13
698 468
167 196
167 77
167 113
167 135
167 469
167 13
167 186
167 61
167 470
167 227
167 131
167 15
167 221
167 67
404 403
404 404
404 471
404 434
175 472
60 457
60 30
60 362
60 146
60 436
60 473
60 57
387 18
312 474
169 286
169 217
169 475
226 77
226 18
226 476
484 418
582 13
455 477
262 114
262 167
262 478
262 20
262 6
9 479
699 30
211 480
211 481
211 67
392 482
392 30
392 483
392 15
392 126
392 6
376 484
376 93
583 13
516 18
516 485
535 291
236 486
89 270
465 351
465 79
137 116
64 77
64 380
64 487
64 13
64 146
64 56
64 241
64 10
64 93
64 221
64 67
478 427
700 146
701 246
702 40
277 13
277 407
277 488
277 15
277 489
277 490
703 77
162 2
513 30
183 77
704 93
466 467
432 13
432 491
534 492
705 54
332 319
428 493
706 494
706 468
215 16
215 30
354 7
354 29
707 495
456 13
456 14
456 496
708 14
709 497
61 167
61 30
61 146
61 199
61 249
61 105
61 18
233 13
233 77
233 67
543 498
259 294
259 17
259 166
557 499
557 500
710 30
501 501
79 502
79 4
79 133
79 29
79 465
79 22
79 3
79 15
79 119
79 503
79 245
79 314
79 67
79 261
460 262
452 14
310 112
310 30
310 25
310 13
310 351
310 186
310 314
310 479
711 112
575 139
519 406
519 30
712 431
122 198
122 371
122 30
122 128
122 25
411 135
390 14
390 18
436 127
436 30
399 18
399 31
399 504
238 445
391 13
391 30
391 145
391 18
414 8
239 505
239 439
239 397
239 394
239 453
239 67
511 30
366 92
366 58
366 447
366 190
366 125
366 371
396 31
713 67
192 8
28 337
28 15
28 506
81 108
81 39
38 124
38 507
714 508
418 484
197 77
112 509
112 40
112 55
112 100
112 380
112 186
112 381
112 98
112 510
112 310
112 15
112 75
112 26
112 151
30 511
30 77
30 412
30 512
30 58
30 222
30 342
30 15
30 513
30 0
30 265
30 401
30 122
30 191
30 269
30 26
30 37
30 16
30 90
30 514
30 92
30 40
30 421
30 20
30 52
30 446
30 216
30 515
30 108
30 8
30 250
30 65
30 372
30 392
30 295
30 371
30 516
30 168
30 125
30 303
30 145
30 331
30 139
30 517
30 236
30 459
30 1
30 46
30 93
30 356
30 173
30 341
30 314
30 29
30 67
30 142
30 151
30 246
30 319
30 286
30 518
30 519
30 520
30 521
30 504
30 47
30 522
30 134
30 31
30 6
30 172
30 13
30 436
30 399
30 18
30 391
30 523
30 239
30 524
30 333
402 77
402 319
402 57
402 31
402 166
447 319
447 67
447 419
231 67
369 79
369 13
369 97
369 419
369 525
369 526
369 328
114 154
114 427
114 527
114 71
114 93
114 376
114 302
114 263
114 6
73 314
85 528
85 6
85 39
143 77
143 45
143 361
143 100
143 15
143 334
143 529
143 124
143 530
143 531
143 65
143 532
143 353
143 321
143 533
143 52
143 449
715 523
715 56
715 262
715 429
492 534
716 15
361 143
361 40
291 127
291 67
291 491
291 535
291 18
586 41
290 536
290 135
290 13
290 186
290 15
290 537
290 538
290 119
290 224
290 151
63 539
63 380
63 62
63 146
63 15
63 172
63 101
63 6
476 226
409 78
409 133
409 524
409 26
252 57
252 55
151 112
151 30
151 149
151 47
151 290
151 29
151 15
151 540
151 13
151 26
151 52
151 328
521 30
717 176
471 404
433 403
433 396
433 52
718 541
718 244
74 542
498 344
498 543
498 140
377 93
6 77
6 165
6 544
6 58
6 545
6 546
6 10
6 504
6 189
6 166
6 26
6 527
6 92
6 262
6 30
6 71
6 547
6 406
6 61
6 548
6 114
6 85
6 549
6 125
6 392
6 376
6 151
6 112
6 2
6 1
6 63
6 93
6 25
6 40
6 273
6 295
6 223
6 286
6 13
6 31
6 7
6 326
6 18
6 17
88 198
88 77
88 550
53 146
53 124
322 551
29 509
29 207
29 188
29 16
29 354
29 552
29 30
29 135
29 14
29 160
29 79
29 82
29 553
29 75
29 67
29 151
29 319
29 554
29 555
29 13
29 248
29 309
29 556
29 6
187 77
187 253
187 10
378 60
378 30
378 93
719 15
570 40
570 176
499 557
191 77
191 0
191 30
191 13
191 558
269 559
269 30
269 15
36 40
36 96
36 560
36 100
36 261
36 149
36 561
36 426
36 49
36 12
36 74
36 18
299 349
299 562
720 107
721 18
721 44
721 36
4 79
4 67
4 445
4 23
4 563
209 463
209 92
209 173
209 15
209 172
209 40
209 273
209 95
232 77
232 271
232 134
232 93
232 188
232 67
232 475
284 67
284 2
722 564
723 256
222 78
222 565
222 401
222 14
222 31
222 109
222 115
222 566
294 259
294 1
294 2
382 100
420 363
313 72
357 7
424 244
580 196
580 13
724 247
724 10
724 567
725 208
75 67
75 51
75 29
75 46
726 29
727 31
308 568
571 7
571 176
525 79
525 569
728 112
176 342
176 15
176 507
176 570
176 18
176 571
248 13
248 572
248 29
13 263
13 545
13 573
13 432
13 15
13 124
13 26
13 491
13 456
13 8
13 276
13 459
13 7
13 79
13 1
13 286
13 574
13 575
13 325
13 576
13 122
13 391
13 350
13 511
13 146
13 81
13 92
13 30
13 369
13 577
13 253
13 236
13 372
13 295
13 117
13 290
13 63
13 388
13 12
13 54
13 151
13 20
13 220
13 6
13 167
13 29
13 578
13 191
13 36
13 95
13 228
13 4
13 186
13 515
13 65
13 246
13 579
13 145
13 25
13 2
13 208
13 300
13 496
13 181
13 469
13 580
13 518
13 102
13 248
13 172
13 227
13 86
13 77
13 412
13 58
13 264
13 581
13 582
13 78
13 583
13 112
13 304
13 82
13 221
13 67
13 47
13 584
13 22
13 55
13 18
13 52
729 112
730 121
101 63
101 585
731 72
210 236
210 173
210 31
210 353
58 92
58 366
58 237
58 20
58 62
58 13
58 156
58 208
58 577
58 249
58 190
58 119
58 18
58 6
58 246
229 172
229 100
229 67
732 272
733 40
733 251
734 380
386 18
735 281
736 453
737 93
738 112
41 586
41 54
591 587
591 581
591 79
125 366
125 30
125 588
125 589
125 31
125 47
125 124
125 67
125 6
739 446
523 30
740 263
292 1
292 51
292 93
741 590
742 67
528 85
481 211
383 181
587 591
559 269
559 592
506 488
22 79
22 13
22 15
22 75
22 18
22 569
22 51
22 5
373 6
373 93
84 18
84 82
84 593
84 39
530 143
530 325
743 67
744 18
346 594
346 168
52 40
52 30
52 372
52 4
52 13
52 595
52 8
52 79
52 431
52 7
52 124
52 64
52 532
52 36
52 151
52 53
745 163
