562 0
347 1
314 2
314 0
173 3
46 4
46 5
46 6
46 7
46 1
46 8
46 9
167 10
167 11
167 12
167 13
167 14
167 15
167 16
563 17
209 18
468 19
49 20
49 21
471 22
236 1
236 23
564 24
181 25
181 26
181 27
181 28
181 29
181 30
181 1
181 31
458 32
453 33
453 16
219 34
504 16
565 35
566 36
278 37
140 38
140 39
35 40
35 41
35 21
35 4
35 42
35 43
35 44
536 28
454 33
254 28
537 45
286 46
286 47
373 48
86 49
86 50
86 28
86 38
86 6
86 51
86 52
86 53
86 54
567 55
348 0
348 56
348 1
328 57
568 1
569 58
230 21
175 31
175 59
27 60
61 61
61 62
61 63
53 28
53 64
53 16
53 65
570 66
104 1
104 46
104 67
104 68
258 69
496 16
379 24
322 70
123 4
123 71
123 8
123 72
123 38
571 21
486 73
117 74
50 75
342 76
342 4
342 46
342 77
572 1
572 16
572 78
161 79
161 80
81 36
81 81
241 82
456 32
422 83
422 84
52 21
52 85
52 75
52 86
52 0
52 87
52 88
91 89
91 54
139 38
54 28
54 46
54 90
54 1
54 91
54 16
188 70
188 1
188 31
188 62
188 42
540 28
103 92
103 93
103 86
103 94
103 68
234 95
189 96
189 31
522 97
368 98
385 99
385 13
385 100
557 101
557 25
68 71
68 102
68 103
68 104
68 14
374 105
125 93
125 40
125 16
435 28
435 6
435 16
435 106
377 107
558 79
558 41
65 53
282 108
282 109
282 110
282 32
479 111
479 112
573 113
74 79
74 114
74 115
74 100
74 116
74 117
25 118
25 119
25 120
25 28
25 121
25 122
25 39
25 100
25 4
25 108
25 123
25 124
25 24
40 8
40 125
40 126
40 13
185 8
185 127
185 102
185 128
185 129
185 12
185 5
185 130
185 131
185 132
185 133
185 31
185 123
574 21
543 134
575 1
440 135
440 100
38 136
38 137
38 39
38 102
38 21
38 121
38 34
38 86
38 138
38 139
38 140
38 61
38 141
38 16
204 75
576 142
363 143
577 144
559 101
87 52
578 145
238 4
238 1
238 146
118 25
118 147
118 21
118 148
118 149
118 59
118 150
118 151
118 152
118 41
118 153
442 154
359 155
359 156
579 157
579 158
452 33
264 159
93 79
93 160
93 21
93 161
93 5
93 162
93 80
36 101
36 48
36 163
36 81
36 164
106 1
216 165
216 21
216 166
216 12
216 167
216 168
216 86
216 133
216 169
216 62
120 25
382 113
266 159
174 170
495 171
292 28
31 172
31 173
31 135
31 174
31 175
31 176
31 177
31 4
31 178
31 179
31 180
31 181
31 96
31 22
31 182
31 115
31 183
31 184
31 31
31 79
31 185
31 186
31 159
31 100
31 187
31 42
31 54
31 188
31 70
31 28
31 189
31 59
31 190
31 191
31 94
31 2
31 1
31 192
31 16
369 98
472 193
141 194
141 185
141 195
88 4
217 196
217 12
217 197
96 198
96 199
96 28
96 21
96 34
96 13
96 4
96 200
96 168
96 193
96 201
96 16
343 147
75 202
75 203
75 204
75 13
75 70
75 8
75 205
397 206
237 32
237 207
237 208
237 28
237 209
237 146
182 63
182 82
182 210
182 211
182 212
182 1
182 201
182 213
580 214
450 215
323 70
323 193
133 216
133 21
133 210
133 185
133 13
197 217
197 218
430 119
430 219
419 155
270 220
581 6
581 82
421 155
309 2
309 53
309 155
309 221
309 63
8 26
8 147
8 185
8 164
8 28
8 221
8 222
8 223
8 224
8 109
8 16
8 225
483 226
582 3
523 71
523 227
523 187
426 225
272 50
272 34
269 203
269 146
269 42
269 225
269 1
545 28
413 4
413 62
94 31
94 103
126 40
126 228
126 211
21 229
21 216
21 49
21 230
21 165
21 96
21 71
21 170
21 159
21 38
21 4
21 70
21 231
21 28
21 133
21 1
21 6
21 52
21 232
21 233
95 234
95 96
95 21
95 1
146 235
146 28
146 129
146 236
146 73
146 237
146 238
82 79
82 239
82 164
82 71
82 240
82 212
82 4
82 223
82 146
82 241
534 28
462 242
320 70
13 2
13 70
13 98
13 33
13 28
13 29
13 128
13 243
13 167
13 168
13 19
13 4
13 108
13 244
13 7
13 198
13 133
13 245
13 246
13 16
13 112
444 16
459 59
121 25
121 21
121 247
121 248
121 249
121 250
121 28
121 251
121 148
121 129
121 12
121 252
121 121
121 253
121 0
121 254
121 255
121 16
121 256
491 34
69 28
69 257
69 258
51 86
51 259
51 170
51 260
51 138
317 71
317 8
317 243
317 261
583 1
400 262
129 185
129 263
129 38
129 123
129 255
129 82
129 95
345 28
345 1
469 1
469 194
469 225
186 31
159 32
159 115
159 264
159 263
159 21
159 152
159 211
159 100
159 18
159 265
159 123
159 1
159 0
159 31
159 203
159 16
159 266
584 253
42 25
42 185
42 267
42 21
42 268
42 236
42 13
42 269
42 70
42 7
42 253
42 16
478 71
478 100
220 270
198 96
473 271
585 272
196 217
528 46
528 62
528 123
358 273
285 274
285 181
285 275
285 187
285 276
285 277
214 1
37 278
399 279
519 115
519 42
519 100
239 82
239 205
239 280
436 281
166 216
586 97
108 25
108 64
108 13
108 100
108 282
108 123
108 283
108 284
275 285
587 146
128 92
128 21
128 46
128 4
128 13
408 4
588 13
418 155
247 28
589 121
47 286
47 13
47 63
590 287
591 100
518 188
518 288
518 23
64 289
127 128
127 4
127 42
346 1
477 41
477 13
376 28
376 105
376 150
376 109
376 290
350 45
592 291
593 4
594 35
595 4
596 62
434 168
510 28
597 292
201 271
201 96
201 293
201 115
201 28
201 0
201 16
201 225
201 112
324 70
414 4
598 1
284 215
284 294
26 295
26 181
492 296
492 153
367 98
599 63
170 31
170 297
334 6
334 298
370 100
252 121
252 1
600 46
601 294
601 13
308 63
602 181
603 4
604 211
605 115
441 28
441 41
441 299
441 287
131 185
130 185
606 4
607 38
427 225
608 300
517 301
319 70
55 302
502 25
502 38
502 13
502 123
502 16
502 303
609 83
610 1
340 124
340 41
134 271
611 31
63 304
63 61
63 305
63 182
63 306
63 78
63 307
63 47
63 308
63 309
63 62
63 16
63 225
63 310
142 311
142 1
612 8
2 96
2 267
2 312
2 115
2 13
2 212
2 313
2 28
2 53
2 314
2 31
2 6
613 123
304 315
304 63
249 121
249 316
71 70
71 82
71 268
71 317
70 188
70 318
70 16
70 248
70 319
70 129
70 21
70 159
70 320
70 13
70 321
70 75
70 322
70 323
70 42
70 31
70 62
70 205
70 324
70 325
152 118
152 159
327 232
614 151
614 103
614 326
60 16
406 243
243 137
243 28
243 77
243 273
243 13
243 112
615 281
616 41
525 124
232 25
232 327
232 170
232 156
57 328
455 329
455 330
410 4
315 331
315 304
306 281
326 1
132 185
132 12
132 100
132 332
132 1
132 16
6 333
6 334
6 103
6 335
6 28
6 203
6 159
6 38
6 234
6 86
6 181
6 21
6 2
6 1
6 336
335 28
335 337
335 6
335 63
312 33
312 338
312 339
312 77
312 13
312 340
312 2
85 341
85 112
76 342
1 338
1 341
1 13
1 4
1 343
1 160
1 121
1 182
1 252
1 181
1 123
1 344
1 345
1 346
1 12
1 32
1 101
1 8
1 347
1 63
1 28
1 59
1 269
1 348
1 2
1 16
555 79
424 210
20 49
20 349
617 31
45 350
171 351
171 24
164 82
177 31
178 31
0 271
0 79
0 3
0 41
0 28
0 159
0 352
0 115
0 48
0 16
0 4
0 163
0 314
0 201
0 52
0 1
0 353
0 146
0 354
0 225
618 351
180 31
619 28
620 170
621 355
514 356
514 211
149 118
116 74
231 357
273 358
622 359
321 70
383 113
7 148
7 181
7 336
7 42
7 285
561 360
561 213
561 247
561 225
401 155
405 4
433 16
433 168
513 361
623 4
623 216
402 155
416 225
624 362
143 363
625 253
625 121
58 215
626 234
72 364
72 123
556 165
556 21
556 355
556 34
556 4
556 365
556 62
527 62
98 366
98 147
98 367
98 28
98 13
98 311
98 259
98 368
98 369
98 310
98 16
98 187
403 4
403 0
627 370
338 312
338 371
338 100
338 372
338 317
338 1
338 112
48 4
48 271
48 36
48 373
48 0
628 77
105 374
105 336
105 4
105 375
105 376
105 109
107 377
107 225
107 378
92 46
92 34
92 356
92 13
92 128
92 1
24 172
24 171
24 379
24 108
24 16
24 380
364 72
113 97
113 28
113 381
113 16
113 382
113 357
113 383
113 384
488 100
99 385
212 28
212 4
212 182
212 184
489 159
489 350
489 100
629 143
630 386
631 387
539 28
539 164
156 359
156 388
156 143
294 389
294 157
632 113
89 390
460 28
460 79
633 133
203 6
203 50
203 28
203 391
203 392
203 159
203 13
203 100
203 216
203 75
203 139
203 200
203 393
148 118
148 300
148 160
148 121
148 7
148 253
148 394
228 253
228 126
145 395
145 396
634 41
206 397
206 0
206 1
240 135
240 211
316 398
532 62
279 16
279 399
262 400
262 38
262 170
262 401
262 402
262 16
635 13
4 403
4 82
4 46
4 268
4 13
4 356
4 128
4 105
4 59
4 242
4 404
4 0
4 88
4 96
4 405
4 406
4 41
4 342
4 21
4 247
4 212
4 407
4 408
4 409
4 410
4 22
4 100
4 363
4 411
4 1
4 35
4 77
4 112
4 146
4 28
4 412
4 168
4 413
4 387
4 414
4 16
4 415
162 416
162 12
162 290
162 86
162 181
162 417
162 19
162 225
200 96
200 203
155 418
155 359
155 419
155 171
155 420
155 181
155 163
155 187
155 421
155 351
155 402
297 170
485 63
83 59
83 422
541 28
541 291
541 423
541 100
541 1
541 424
636 131
636 5
39 28
39 140
39 38
39 147
637 128
638 425
639 16
84 70
84 28
84 135
84 41
253 121
253 32
253 228
353 8
493 16
225 426
225 63
225 107
225 1
225 8
225 62
225 427
640 128
3 173
3 3
3 428
3 121
3 429
3 1
18 109
165 216
165 16
119 4
119 183
119 430
381 113
255 25
255 21
255 8
255 129
255 12
641 294
168 431
168 432
168 389
168 189
168 4
168 216
168 96
168 433
168 13
168 434
642 435
643 97
281 234
281 113
281 436
281 437
281 241
205 70
205 28
205 324
205 52
205 239
644 438
644 439
135 74
135 31
135 440
135 24
135 32
287 441
446 136
446 105
446 80
446 63
154 442
157 229
157 8
157 32
157 443
357 231
357 273
357 16
357 444
109 28
109 445
109 8
109 376
395 145
645 28
497 16
136 446
136 447
136 34
136 100
136 435
136 225
548 28
548 448
122 25
646 216
646 75
215 449
215 450
215 16
215 145
298 3
298 334
184 31
647 147
647 451
33 147
33 137
33 452
33 312
33 453
33 12
33 454
33 1
33 16
648 9
547 63
329 329
329 243
329 455
244 13
415 4
311 38
311 194
163 242
163 36
163 201
163 101
163 0
163 155
394 6
394 1
394 148
394 8
394 222
32 229
32 456
32 147
32 300
32 445
32 143
32 457
32 157
32 181
32 28
32 253
32 1
32 8
32 153
32 237
32 224
32 458
649 31
649 314
650 128
651 113
336 376
336 105
336 13
336 300
59 118
59 459
59 175
59 352
59 81
59 78
59 4
59 0
59 1
652 13
313 2
313 28
653 101
172 31
172 24
172 115
389 294
654 28
654 460
302 55
655 461
242 4
242 12
242 462
242 163
242 115
656 463
657 121
535 28
111 112
300 32
300 239
300 148
300 336
300 75
300 18
300 464
300 112
218 6
218 197
251 465
251 248
251 121
251 12
251 213
251 62
407 4
658 466
344 183
30 8
30 181
476 28
476 41
147 118
147 33
147 343
147 224
147 39
147 467
147 468
147 8
659 181
29 181
29 41
29 13
194 102
194 469
194 341
194 141
194 470
22 471
22 4
22 403
22 0
22 31
22 146
22 117
660 0
195 25
195 1
195 141
193 472
193 96
193 12
193 323
331 121
331 109
331 315
77 312
77 342
77 13
77 123
396 145
283 28
390 89
507 16
271 25
271 473
271 28
271 82
271 13
271 151
271 0
271 134
271 8
271 48
259 98
259 51
267 300
267 199
661 474
341 1
341 194
150 376
662 181
662 16
560 475
663 13
664 242
41 118
41 25
41 476
41 370
41 42
41 29
41 477
41 46
41 478
41 188
41 35
41 4
41 84
41 340
41 479
41 146
41 16
41 111
227 4
227 480
227 71
227 13
227 21
484 481
484 482
226 113
226 483
226 342
246 1
183 119
417 86
417 484
310 121
310 98
310 485
310 63
248 251
480 28
480 227
12 211
12 162
12 242
12 217
12 21
12 251
12 167
12 133
12 221
12 33
12 185
12 12
12 84
12 294
12 132
12 8
12 452
12 28
12 193
12 255
12 269
12 216
12 121
12 1
665 216
508 211
666 329
73 25
73 0
73 8
73 146
73 486
100 487
100 338
100 341
100 370
100 4
100 108
100 86
100 237
100 136
100 488
100 121
100 170
100 489
100 490
100 74
100 440
100 478
100 25
100 28
100 203
100 385
100 37
268 4
268 71
268 341
667 113
112 41
112 111
112 28
112 85
112 243
112 479
112 338
112 201
112 221
112 112
668 459
553 79
245 13
190 16
158 406
332 491
332 103
153 492
153 32
16 262
16 279
16 98
16 493
16 494
16 367
16 60
16 27
16 90
16 61
16 495
16 370
16 13
16 496
16 4
16 444
16 433
16 311
16 47
16 201
16 357
16 0
16 327
16 24
16 8
16 497
16 137
16 96
16 41
16 498
16 121
16 69
16 499
16 435
16 181
16 500
16 31
16 46
16 42
16 33
16 501
16 167
16 194
16 159
16 38
16 502
16 216
16 294
16 132
16 124
16 503
16 504
16 21
16 53
16 32
16 165
16 63
16 28
16 505
16 70
16 85
16 215
16 190
16 445
16 506
16 58
16 37
16 188
16 1
16 227
16 19
16 507
211 79
211 21
211 508
211 103
211 509
211 83
211 182
211 159
211 12
211 356
211 510
211 216
211 28
211 71
211 511
211 512
211 513
211 126
211 240
211 514
211 123
5 515
5 93
5 21
5 46
5 516
5 281
457 32
301 517
138 28
138 38
138 51
288 518
669 97
260 51
670 370
199 0
199 96
199 286
199 267
160 1
160 148
392 203
305 63
34 160
34 96
34 92
34 38
34 219
115 172
115 519
115 159
115 235
115 28
115 129
115 4
115 520
115 1
115 263
115 242
115 2
115 0
115 31
115 74
115 117
671 182
470 46
672 25
372 338
372 300
673 28
673 1
443 157
551 521
386 518
97 522
97 290
187 523
187 524
187 98
187 212
187 42
187 95
187 31
169 4
169 13
124 25
124 525
124 16
124 340
339 312
291 28
291 526
62 188
62 527
62 528
62 529
62 119
62 63
62 530
62 61
62 251
62 290
62 216
62 113
62 531
62 1
62 225
62 532
356 300
356 211
356 112
78 28
78 59
28 20
28 533
28 534
28 46
28 13
28 291
28 86
28 242
28 0
28 209
28 535
28 121
28 218
28 476
28 147
28 345
28 536
28 42
28 254
28 537
28 196
28 376
28 538
28 98
28 82
28 166
28 53
28 113
28 41
28 212
28 6
28 489
28 181
28 31
28 480
28 539
28 12
28 350
28 73
28 283
28 112
28 25
28 540
28 103
28 460
28 203
28 228
28 201
28 16
28 26
28 367
28 250
28 4
28 160
28 441
28 115
28 541
28 61
28 54
28 542
28 543
28 253
28 124
28 238
28 37
28 445
28 544
28 36
28 78
28 216
28 2
28 229
28 336
28 292
28 315
28 138
28 152
28 327
28 109
28 48
28 217
28 545
28 406
28 546
28 21
28 39
28 243
28 133
28 271
28 547
28 100
28 548
28 309
28 8
28 335
28 32
28 224
28 85
28 313
28 95
28 1
28 146
28 19
28 549
674 550
674 109
674 147
675 64
676 373
80 93
80 446
80 161
677 145
229 28
229 21
229 32
229 157
137 243
137 77
137 4
137 75
137 454
137 1
515 281
521 551
678 96
678 32
307 8
307 485
307 63
679 205
680 213
680 532
280 239
520 1
520 552
520 115
681 243
361 513
235 146
235 115
235 100
533 115
682 8
506 16
683 342
683 422
375 28
375 105
375 460
490 112
490 100
221 8
79 460
79 38
79 355
79 553
79 554
79 161
79 82
79 101
79 0
79 31
79 555
684 163
391 203
355 79
355 556
290 97
290 300
290 5
290 86
290 376
290 62
290 54
102 34
102 222
102 194
102 185
101 79
101 557
101 93
101 558
101 36
101 559
685 100
224 28
224 8
224 32
224 147
224 534
475 560
686 52
360 561
412 4
19 28
19 69
19 13
19 108
19 215
19 468
19 16
687 62
467 28
467 147
192 31
688 5
