152 0
38 1
33 2
33 3
33 4
33 5
33 6
33 7
33 8
33 9
33 10
33 11
33 12
33 13
33 14
33 15
25 16
34 17
34 18
34 19
34 20
34 21
34 22
34 23
242 24
16 25
16 26
16 27
243 28
234 29
85 30
85 0
244 31
46 32
14 33
17 12
17 18
17 34
245 35
246 36
1 37
1 38
1 26
1 39
60 40
60 41
60 42
60 43
60 8
60 44
60 45
247 39
32 46
248 47
249 48
142 49
142 50
250 51
89 4
100 52
100 12
176 43
0 53
128 54
128 55
128 56
128 57
210 51
126 27
45 58
45 59
45 60
45 61
45 62
45 63
251 64
8 65
8 66
8 33
8 60
8 67
66 12
162 68
79 69
140 70
140 71
140 72
173 73
252 45
49 74
49 75
253 75
97 76
97 77
97 78
69 79
42 80
42 12
131 59
132 76
132 59
254 81
199 82
199 83
255 45
21 34
256 84
256 85
5 33
5 86
115 87
115 88
115 48
189 41
18 34
26 16
26 4
4 89
4 90
4 91
257 92
257 93
141 37
196 94
258 0
170 81
259 12
107 2
107 10
150 58
105 95
260 96
77 97
130 98
130 12
261 99
262 100
263 34
153 75
195 101
264 102
236 103
265 33
116 104
95 105
266 43
2 106
2 107
2 33
2 43
226 33
226 7
194 108
194 29
194 109
194 110
194 111
267 112
181 113
88 68
88 114
88 115
104 116
87 117
87 115
68 88
68 75
219 118
219 43
168 119
118 120
118 101
214 121
214 122
214 123
165 124
143 50
53 100
53 29
53 125
53 99
53 0
27 114
27 126
27 71
27 127
54 128
213 129
30 59
30 85
198 94
35 59
59 76
59 30
59 130
59 114
59 131
59 132
59 133
59 134
59 135
59 136
59 91
59 12
70 100
70 137
70 138
70 139
70 105
70 140
39 141
50 142
50 143
65 8
268 144
269 29
188 116
188 145
231 146
231 117
231 125
231 30
231 107
215 124
270 147
58 148
58 149
58 150
58 45
90 151
90 4
202 53
75 152
75 153
75 154
75 74
75 91
75 155
75 156
75 157
75 92
75 142
75 158
75 159
75 75
75 134
75 160
75 161
75 162
75 23
75 106
75 49
75 96
75 163
124 164
124 165
114 75
56 166
271 144
205 144
272 120
119 89
119 167
119 168
119 169
20 12
20 170
20 34
20 61
158 87
7 171
273 80
274 172
73 173
71 140
78 97
78 174
48 175
275 106
81 176
81 170
174 23
174 78
9 33
9 177
9 9
276 178
120 179
120 180
84 181
240 182
12 100
12 17
12 183
12 98
12 169
12 42
12 184
12 66
12 20
12 185
12 186
12 149
277 59
278 187
40 27
279 91
280 188
206 175
206 48
41 189
41 60
41 190
41 191
281 129
282 12
283 60
13 33
207 192
207 193
204 29
108 194
186 12
101 195
101 29
101 118
101 128
101 57
94 196
94 197
94 198
94 102
82 199
284 200
284 201
284 202
148 203
37 204
37 141
91 205
91 4
91 75
91 161
52 100
52 56
285 1
286 160
287 26
288 43
61 171
180 120
175 206
175 48
193 207
239 100
227 208
19 34
171 7
171 209
51 132
51 51
51 210
51 43
67 8
289 20
289 34
290 211
291 145
44 101
92 75
292 73
63 45
191 212
222 161
129 213
121 214
293 26
179 100
179 120
190 41
190 215
294 56
55 69
55 191
55 56
55 128
74 216
74 217
74 49
74 75
74 218
295 172
43 219
43 220
43 60
43 3
296 71
161 221
161 91
161 222
161 223
161 92
22 224
22 18
22 34
22 225
297 43
298 226
23 208
23 227
23 71
23 228
23 33
23 75
23 229
23 34
23 230
23 13
106 29
106 74
106 231
106 75
106 232
29 233
29 81
29 234
29 53
29 101
29 235
3 33
3 43
103 236
233 237
233 29
233 238
172 230
133 59
299 223
182 239
182 240
300 241
224 22
117 124
117 158
117 60
117 116
117 87
209 171
10 107
10 33
10 117
