56 0
56 1
23 2
23 3
23 4
102 5
102 6
253 7
253 8
259 0
111 9
189 10
168 11
260 12
261 13
262 14
237 15
62 16
263 17
257 18
264 15
265 13
266 19
266 20
169 21
251 5
267 22
267 23
268 24
268 25
122 26
122 27
122 28
66 29
66 30
66 31
66 32
66 33
66 34
66 35
66 36
66 37
269 2
69 38
163 13
74 39
142 15
142 20
142 40
270 41
271 42
17 43
17 44
17 13
17 39
17 45
17 46
17 47
246 48
246 49
101 31
101 50
101 51
101 52
101 17
101 21
166 13
25 28
25 11
25 53
241 54
272 55
0 56
0 57
0 58
0 20
0 35
0 59
0 60
16 5
16 61
16 62
16 63
16 64
16 65
273 28
273 66
150 28
190 10
38 67
38 68
38 69
38 70
38 71
38 72
39 73
39 74
39 75
39 76
39 58
39 77
39 78
39 79
39 80
39 81
39 60
39 82
109 60
274 10
137 83
162 84
173 1
173 85
173 86
173 87
71 38
275 88
276 89
276 15
276 20
276 90
55 91
55 34
55 92
55 93
277 28
192 28
278 94
178 95
178 96
24 25
51 97
51 3
51 98
51 99
51 100
51 101
51 86
207 102
207 61
207 80
207 65
207 18
207 103
86 51
81 39
89 91
89 104
36 105
36 66
36 51
36 106
36 0
36 107
60 108
60 69
60 39
60 0
60 25
60 109
224 110
224 58
9 111
9 112
9 61
279 25
30 113
30 66
138 114
77 39
280 115
281 116
213 117
34 55
34 93
82 39
282 118
283 119
27 120
27 121
27 122
27 45
27 123
27 104
27 124
284 125
285 126
286 127
287 128
242 54
288 80
223 129
135 130
289 131
210 132
290 116
290 58
290 98
186 32
186 133
107 36
243 54
115 66
115 134
200 70
200 64
291 135
292 42
83 136
83 137
293 23
114 138
114 139
211 140
218 61
218 141
20 15
20 142
294 125
174 105
174 143
174 144
174 145
174 146
174 147
235 75
28 58
28 148
28 149
28 122
28 150
28 151
28 152
28 153
28 25
28 45
28 154
28 155
28 156
28 157
97 158
97 51
97 159
97 34
72 38
295 160
296 58
297 0
297 161
298 162
123 27
228 134
171 0
195 70
13 163
13 164
13 165
13 166
13 53
299 15
299 167
11 168
11 25
300 169
300 170
301 132
302 125
91 19
91 171
156 28
156 54
120 27
120 44
120 172
1 173
67 38
303 80
144 174
112 175
112 176
229 177
96 178
205 51
205 179
304 180
240 181
231 182
305 183
185 37
37 184
37 66
37 42
37 185
306 65
245 169
307 15
308 186
308 83
308 187
40 142
10 188
10 189
10 23
10 190
10 191
309 115
32 66
310 192
98 51
311 193
172 120
312 194
256 18
70 38
70 195
70 196
70 33
70 197
70 198
70 199
70 200
70 201
70 202
70 156
70 150
214 188
214 3
225 58
124 27
6 203
29 66
105 0
105 44
105 174
105 204
313 125
3 51
3 86
179 205
57 139
314 72
315 38
316 206
35 0
35 34
35 36
35 66
317 86
65 84
65 207
318 208
131 116
131 209
175 112
45 27
45 28
53 192
53 13
203 6
132 210
132 134
140 211
140 16
140 212
140 44
140 178
140 106
140 58
319 168
117 213
118 214
44 17
44 120
44 44
44 59
236 15
320 215
78 39
141 216
141 217
141 218
141 219
321 142
322 31
130 135
202 31
202 65
154 28
209 131
323 25
197 70
26 122
324 191
325 220
326 28
46 221
46 222
79 39
79 58
129 223
248 5
248 76
327 3
80 39
328 90
329 58
146 174
58 224
58 42
58 79
58 140
58 110
58 39
58 64
58 205
58 225
58 0
58 21
58 4
58 226
233 227
233 33
330 70
134 228
177 229
152 28
31 66
331 61
151 28
332 65
333 230
334 178
148 28
335 0
182 231
87 173
87 93
336 232
336 213
59 0
59 44
59 134
59 141
157 28
337 220
337 42
12 77
227 233
75 234
75 39
75 235
2 23
2 25
33 202
33 68
33 41
15 236
15 237
15 238
15 76
15 20
198 70
61 28
61 16
61 162
147 174
147 239
181 240
54 241
54 242
54 76
54 51
54 80
54 243
54 244
338 25
64 64
64 200
64 58
64 16
339 131
232 118
21 0
21 23
21 101
21 245
155 28
149 28
48 246
340 247
341 61
133 186
5 102
5 16
5 43
5 248
5 249
5 250
5 251
5 252
201 70
76 39
76 15
76 54
68 38
8 253
342 69
180 254
153 28
93 34
93 55
93 92
93 87
255 136
239 147
136 255
18 256
18 257
4 58
343 258
