170 0
67 1
150 2
171 3
12 4
75 5
75 6
75 7
75 8
75 9
50 10
4 11
4 12
4 13
4 14
4 15
123 16
43 17
90 18
128 19
172 20
65 21
65 1
65 22
99 23
80 24
165 25
165 18
157 26
101 27
101 28
119 29
70 30
60 31
60 25
60 26
60 32
97 18
163 33
22 34
22 35
22 36
173 36
166 18
174 37
175 38
176 39
149 2
134 40
177 41
178 42
17 43
61 18
61 44
61 19
10 45
10 20
10 19
10 46
10 47
10 48
10 49
10 50
179 51
160 21
160 52
160 26
160 53
160 54
160 31
167 18
180 55
181 56
181 48
181 57
182 4
182 58
182 14
81 59
132 20
132 42
25 60
25 18
25 61
183 62
48 4
48 35
48 63
48 10
139 13
109 64
184 35
126 60
1 65
1 66
1 67
158 26
138 68
185 69
186 70
147 71
38 72
187 31
188 73
20 10
0 74
6 19
6 75
189 76
190 77
191 78
192 26
32 60
100 79
193 55
24 80
5 75
59 81
59 37
83 82
83 83
83 84
83 6
194 85
93 77
55 86
195 87
143 88
143 59
143 89
143 90
113 91
94 31
129 19
7 75
7 92
196 36
155 21
77 93
77 18
77 94
77 95
125 18
125 21
125 96
125 97
107 98
23 99
23 100
197 101
198 36
199 102
154 103
154 104
154 105
154 106
98 107
98 108
200 45
64 109
63 26
201 83
202 110
91 31
91 111
91 112
91 113
203 75
204 0
205 38
206 114
115 31
115 115
207 87
208 116
209 20
210 117
68 88
68 78
211 56
29 118
29 119
29 2
29 38
212 120
41 121
41 122
213 89
89 78
214 4
214 123
215 59
216 124
153 79
92 7
217 125
19 126
19 127
19 128
19 44
19 129
19 6
19 130
19 131
19 105
19 10
145 132
112 91
40 60
40 133
40 134
218 21
49 135
49 10
49 78
49 38
219 136
219 137
14 31
14 4
14 138
14 78
220 14
13 4
13 139
221 17
44 61
44 140
44 141
44 10
44 19
122 31
122 21
122 102
122 22
37 142
73 117
73 143
222 144
57 77
135 49
114 31
114 59
223 145
224 146
156 21
42 132
111 91
84 83
225 19
71 24
71 147
71 148
226 75
2 21
2 149
2 150
2 151
2 152
2 115
79 153
103 154
21 65
21 155
21 10
21 156
26 157
26 158
26 5
26 159
26 95
26 60
26 160
26 161
26 162
108 98
168 18
161 26
28 101
33 163
227 164
31 60
31 115
31 114
31 91
18 165
18 166
18 25
18 59
18 134
18 167
18 168
18 61
105 21
228 169
