111 0
131 1
77 2
106 3
106 4
73 5
73 6
73 7
73 8
95 9
95 10
16 11
148 5
148 6
145 12
204 13
205 14
72 15
206 16
206 17
207 18
208 19
119 20
119 2
209 21
210 22
171 23
99 24
99 10
102 25
102 26
102 27
102 28
58 25
58 29
211 25
211 20
211 6
92 30
92 31
92 32
105 33
105 3
105 34
212 35
48 25
97 36
97 37
97 38
97 39
97 40
134 41
134 42
134 43
213 2
103 44
103 45
103 46
25 47
25 48
25 49
25 50
25 51
25 5
25 52
25 53
25 54
25 35
25 55
25 56
25 57
25 58
25 59
25 60
25 61
25 62
25 3
169 63
169 64
169 65
169 66
169 67
159 68
178 69
22 70
22 37
110 71
165 20
197 37
15 72
89 73
89 74
214 25
143 75
215 76
81 2
2 77
2 78
2 79
2 80
2 81
2 82
2 83
2 84
2 85
2 86
2 22
202 87
156 37
156 88
74 89
74 42
80 90
55 25
32 91
32 92
216 93
82 11
82 2
217 94
10 95
10 96
10 97
10 40
10 37
10 98
10 25
10 99
10 9
10 38
10 100
10 39
10 85
177 35
177 101
218 102
46 103
166 20
166 78
166 104
3 105
3 25
4 37
4 106
107 107
219 108
180 109
180 90
40 97
71 110
220 70
101 35
221 25
0 111
127 112
222 113
223 80
199 114
176 115
54 25
224 116
38 80
38 97
38 10
172 52
118 117
118 118
225 115
78 26
78 119
78 78
78 120
78 121
78 2
226 122
226 123
184 124
227 125
98 10
35 117
35 24
35 94
35 64
35 25
35 126
112 127
228 128
229 93
70 50
70 22
230 115
28 102
231 2
232 129
123 122
86 2
164 130
233 18
62 25
104 109
133 131
234 26
234 132
1 133
235 8
42 74
42 134
236 109
237 135
100 136
100 137
100 82
100 11
100 138
100 10
100 139
160 10
43 64
120 78
238 34
50 70
50 72
50 140
192 141
192 142
192 11
109 43
109 104
239 60
144 75
144 78
182 85
75 143
75 144
12 145
12 3
12 82
117 29
117 118
117 35
117 52
240 25
240 146
6 33
6 133
6 5
6 37
6 147
6 8
6 148
6 149
6 150
241 43
26 78
26 102
242 151
242 15
137 100
154 88
243 152
244 88
245 75
88 153
88 154
88 155
88 2
88 156
36 97
246 78
121 78
247 156
248 157
248 158
153 156
249 5
68 159
151 160
250 107
83 2
251 35
252 161
31 113
31 92
31 143
31 126
253 162
254 1
254 126
45 103
201 163
130 164
20 165
20 166
20 167
255 168
67 169
256 93
51 100
257 116
27 9
27 102
17 170
258 164
23 171
52 117
52 172
52 131
52 25
52 173
52 174
52 175
66 169
259 91
168 25
61 25
94 35
260 176
64 177
64 1
64 35
113 31
29 117
29 73
29 35
29 58
183 85
193 140
69 178
69 179
9 10
90 180
90 2
185 124
185 181
85 14
85 182
85 183
85 2
85 10
261 155
124 184
124 37
124 185
124 186
124 73
57 25
5 105
5 107
5 187
5 6
5 188
5 25
262 189
147 6
21 190
21 191
39 97
263 192
149 6
84 2
264 31
140 193
265 194
265 195
266 80
267 196
49 25
115 176
268 105
37 25
37 197
37 156
37 97
37 95
37 198
37 10
37 160
37 3
37 4
37 199
269 5
270 100
270 200
271 64
179 69
272 201
59 117
60 25
60 105
87 202
87 203
175 52
128 25
