124 0
124 1
124 2
124 3
124 4
68 5
68 6
68 7
13 8
13 9
177 10
217 11
9 12
9 13
218 14
57 15
57 16
12 8
12 9
219 17
125 7
25 18
29 19
29 20
29 21
29 22
29 23
18 10
18 24
18 25
139 7
220 26
172 27
17 28
22 29
221 30
77 31
77 32
222 33
223 8
223 34
175 8
175 27
175 35
224 36
225 37
128 38
103 39
156 40
226 40
8 41
8 42
8 13
8 43
8 44
8 4
8 45
8 46
8 47
8 12
8 48
8 49
8 0
8 50
8 51
8 16
105 10
70 29
70 52
70 53
101 49
227 0
87 41
228 32
79 31
79 54
51 8
51 55
51 56
51 7
16 8
16 57
76 49
76 58
76 59
229 60
26 60
144 61
230 62
108 29
108 63
108 44
108 64
108 65
108 10
108 66
108 48
108 54
108 0
108 20
108 2
108 67
69 68
69 5
69 46
69 69
74 44
74 31
42 8
42 39
52 70
52 71
43 72
215 50
231 73
99 49
31 74
31 75
31 76
31 77
31 78
31 79
232 13
100 49
233 5
234 80
234 81
234 82
235 83
15 84
15 85
15 27
15 14
15 86
41 8
41 87
127 7
164 32
185 88
236 14
147 13
147 89
237 90
162 91
238 92
203 40
59 76
158 40
158 93
117 60
21 29
21 94
129 7
130 7
194 95
239 96
240 97
240 31
178 4
49 98
49 99
49 8
49 100
49 101
49 102
39 103
39 42
10 63
10 5
10 7
10 104
10 105
10 49
10 106
10 107
10 108
10 67
60 109
60 110
60 111
60 112
60 113
60 114
60 115
60 116
60 117
60 118
60 119
60 120
60 90
60 20
60 121
60 122
60 26
241 37
44 90
44 72
44 8
44 123
1 124
1 1
7 125
7 68
7 126
7 127
7 128
7 72
7 4
7 129
7 130
7 131
7 132
7 133
7 134
7 135
7 136
7 137
7 138
7 139
7 51
7 10
7 32
242 140
243 141
244 4
245 142
14 104
14 15
146 143
61 144
67 10
67 108
126 7
115 60
115 145
6 68
47 8
47 62
143 146
89 147
246 148
96 98
168 149
192 46
209 63
133 150
247 95
154 151
248 152
38 128
38 153
151 154
196 155
122 60
249 43
40 156
40 157
40 2
40 158
250 159
214 13
214 160
91 70
91 161
91 162
251 83
5 163
5 68
5 10
5 108
5 153
32 164
32 77
32 92
32 7
252 8
253 104
119 60
197 165
191 108
138 7
204 7
23 29
254 4
182 159
255 166
255 167
120 60
179 29
179 168
179 169
109 60
216 22
216 170
216 171
107 10
107 24
123 44
34 104
27 172
27 108
27 173
27 49
27 174
27 175
256 176
256 177
257 63
4 44
4 36
4 7
4 8
4 178
4 179
4 48
4 152
4 180
4 181
159 30
159 182
116 111
258 180
71 183
259 74
48 8
48 4
48 50
48 108
260 87
110 60
261 46
262 184
206 63
53 71
212 180
75 31
263 49
264 59
169 29
72 44
72 43
265 54
150 133
150 58
266 185
195 90
198 8
198 186
19 29
46 69
46 187
46 188
46 8
46 142
46 189
46 190
46 191
46 48
46 192
46 89
92 193
95 194
267 5
94 21
114 60
268 195
193 92
155 196
106 10
106 197
112 60
118 60
86 84
86 15
85 15
186 198
189 199
269 199
56 200
56 201
56 51
56 202
24 18
173 27
2 40
2 203
20 29
20 60
20 204
270 8
157 40
63 205
63 206
63 207
63 208
63 209
63 108
80 82
176 210
176 211
176 27
121 60
45 8
140 185
180 4
180 212
104 213
160 214
136 7
90 44
90 60
90 195
0 8
0 124
0 10
0 87
50 8
50 215
171 216
