172 0
11 1
11 2
11 3
11 4
11 5
11 6
11 7
11 8
148 9
148 10
50 5
1 11
48 5
203 12
163 13
22 14
22 15
22 16
22 17
204 18
52 5
52 19
205 20
111 21
14 22
93 23
202 24
105 25
68 26
82 27
190 28
206 29
207 30
208 31
91 32
91 23
209 33
210 34
211 35
37 36
37 37
37 38
37 39
37 40
200 41
5 42
5 43
5 44
5 45
5 46
5 47
5 48
5 11
5 49
5 50
5 51
5 52
55 53
55 54
54 55
62 56
133 57
51 5
51 58
51 59
51 60
51 61
56 25
56 62
212 63
86 64
132 18
194 6
26 65
26 66
26 21
26 67
26 51
26 68
26 24
101 69
101 70
101 24
101 18
101 71
192 15
33 72
74 73
73 74
20 75
139 76
139 17
139 77
139 78
139 79
139 80
139 6
155 81
155 82
155 83
125 31
125 84
166 9
152 28
213 21
214 18
215 85
216 86
216 64
217 6
175 87
218 88
70 18
219 24
106 89
220 90
164 80
23 91
23 92
23 93
128 45
128 21
128 15
95 94
95 95
97 96
96 97
96 98
191 99
191 15
191 100
71 101
221 102
222 103
223 104
25 105
89 106
109 21
109 53
53 107
53 108
53 17
53 18
53 109
224 110
83 81
21 26
21 111
21 112
21 45
21 113
21 109
21 28
21 114
98 97
98 96
98 115
98 116
165 117
157 21
157 118
129 119
129 120
149 121
149 122
225 60
226 123
168 9
227 124
72 33
135 34
198 41
66 26
31 125
31 126
31 28
31 127
31 45
31 128
31 53
147 129
69 130
69 131
69 132
69 101
181 101
57 133
57 65
134 32
134 134
4 85
228 101
34 87
34 135
229 136
159 137
17 138
230 103
179 6
77 139
39 140
39 38
39 37
39 131
39 141
39 142
39 143
39 144
10 28
10 145
10 146
10 147
10 148
231 66
231 16
32 91
79 139
121 149
178 87
232 150
27 5
64 86
127 31
233 151
234 152
235 153
85 24
177 87
88 16
199 41
236 154
81 155
94 156
118 157
237 51
171 158
138 46
138 84
65 21
65 157
65 159
238 160
188 161
239 162
145 163
18 36
18 132
18 53
18 164
240 140
117 5
117 165
9 148
9 166
9 167
9 168
9 169
201 53
201 170
158 171
0 172
0 173
112 113
241 13
47 5
40 36
40 174
40 37
87 175
87 15
87 176
87 177
87 25
87 178
87 24
242 24
6 63
6 179
6 139
243 100
244 180
245 181
45 28
45 31
45 5
45 128
60 51
246 182
246 131
246 69
49 5
104 183
104 184
104 59
119 129
84 125
84 185
84 138
84 186
144 187
161 188
161 139
16 88
28 21
28 45
28 189
28 31
28 102
28 190
131 69
15 191
15 87
15 192
15 6
176 193
176 194
176 195
247 81
197 196
197 59
248 140
249 101
36 40
36 18
36 37
250 18
59 51
59 197
251 137
251 69
251 115
42 5
42 17
140 39
252 24
253 9
41 140
41 198
41 199
41 200
170 201
254 25
255 34
126 31
174 40
102 40
196 197
196 6
78 139
24 101
24 66
24 202
24 109
24 5
24 85
256 128
