258 0
116 1
225 2
158 3
158 4
31 5
31 6
259 7
40 8
40 9
149 10
125 11
125 0
125 12
125 13
260 14
119 15
119 16
119 17
119 18
147 19
147 20
144 21
234 22
234 23
234 24
261 25
261 26
208 27
102 28
102 29
72 30
5 31
5 32
70 33
71 34
262 35
263 36
263 37
8 38
8 39
8 40
69 41
231 0
231 42
231 43
153 44
153 45
264 38
38 32
38 46
38 47
95 48
95 30
265 49
131 50
266 3
84 51
84 52
84 53
84 54
84 55
205 56
239 52
267 57
220 58
100 59
100 21
100 60
100 29
64 61
6 31
103 62
61 63
61 64
32 38
32 65
32 52
32 66
32 67
97 29
74 34
268 68
41 69
34 70
34 71
34 72
34 36
34 73
34 32
34 30
34 74
34 50
34 75
34 76
34 77
34 7
34 29
255 78
152 79
152 80
152 0
152 81
189 52
189 82
269 40
244 52
270 0
270 83
54 84
249 46
14 72
215 7
145 85
145 32
145 86
145 52
145 7
145 87
196 0
271 88
3 89
3 90
65 32
159 4
272 51
39 91
170 92
175 47
175 81
29 27
29 93
29 94
29 34
29 95
29 96
29 97
29 98
29 78
29 99
29 100
29 101
29 102
62 103
62 104
62 105
62 106
62 107
62 108
62 109
62 110
62 111
62 112
62 113
62 114
224 57
273 32
1 115
1 116
236 52
236 50
274 78
121 117
121 118
164 41
18 119
18 120
117 121
44 122
44 123
44 124
44 125
44 126
44 127
275 128
133 129
50 130
50 131
50 132
129 133
129 134
248 90
229 101
276 62
11 125
11 135
43 0
277 50
12 136
12 125
12 137
12 13
157 4
157 138
9 40
76 139
76 34
210 106
194 140
21 141
21 142
21 143
21 32
21 144
21 39
278 77
85 145
19 146
19 147
19 20
279 148
280 149
114 36
81 34
81 150
81 151
81 50
81 60
81 152
26 0
202 20
256 112
256 113
45 153
281 154
101 95
101 29
193 155
282 156
283 0
120 18
4 94
4 138
4 157
4 158
4 159
4 30
4 0
250 94
284 40
285 94
67 32
67 160
67 52
286 4
287 28
190 161
190 162
288 32
289 134
141 78
223 163
109 62
290 53
213 52
213 164
213 165
291 7
292 82
222 88
222 166
212 167
139 76
139 168
139 94
293 169
294 170
294 171
294 18
295 95
137 172
35 173
35 174
227 0
192 91
192 78
240 52
136 175
296 27
296 176
297 142
49 177
49 178
298 179
173 180
214 165
299 8
181 126
126 181
13 12
252 182
252 153
30 90
30 183
30 94
30 148
30 184
30 95
30 72
99 29
146 19
188 156
188 106
232 0
63 50
63 185
63 106
148 186
300 53
107 62
247 47
301 118
180 173
48 48
48 95
75 34
197 187
197 59
302 188
303 129
243 7
82 189
82 44
172 78
162 190
219 169
36 89
36 34
304 187
305 191
91 20
91 192
155 193
140 8
140 194
237 52
168 139
306 0
307 0
307 195
307 26
187 27
187 0
187 196
187 197
156 188
156 32
308 94
309 41
184 183
204 56
310 84
79 0
89 27
89 36
89 198
89 3
89 68
89 0
89 199
186 143
186 148
311 200
311 165
20 19
20 201
20 96
20 202
66 203
178 189
56 204
56 205
56 118
312 57
128 26
128 20
27 187
27 116
27 92
27 206
27 207
27 188
27 208
27 29
216 209
106 62
106 210
106 211
106 63
118 52
230 0
201 20
167 212
16 119
313 38
314 172
315 54
165 213
165 214
17 27
53 84
7 215
7 26
316 0
317 214
138 0
138 159
203 66
88 216
92 217
92 173
92 27
92 52
92 218
318 8
319 198
96 20
96 29
135 11
135 26
320 219
320 181
58 220
321 221
166 222
163 223
0 187
0 224
0 225
0 226
0 79
0 89
0 227
0 228
0 229
0 230
0 43
0 231
0 157
0 232
0 138
0 26
0 132
0 196
0 112
0 46
0 4
0 233
22 234
52 235
52 236
52 237
52 118
52 205
52 84
52 41
52 238
52 239
52 240
52 92
52 241
52 81
52 32
52 242
52 0
52 243
52 189
52 244
52 145
52 67
52 213
322 174
322 50
322 245
47 246
47 247
90 248
46 38
46 62
46 26
46 249
242 52
94 250
94 29
323 251
182 163
182 182
182 252
324 198
185 211
151 81
325 203
207 27
68 253
154 143
154 240
154 254
78 172
78 141
78 255
78 91
78 21
78 192
78 29
112 62
112 256
326 44
241 52
327 257
60 206
60 59
60 81
