201 0
202 1
203 2
135 3
204 4
100 5
100 6
205 7
205 8
141 9
141 10
12 11
12 12
12 13
122 14
75 15
67 16
67 17
115 18
1 19
1 20
1 21
1 22
1 23
1 24
1 25
1 26
1 27
1 28
1 29
206 30
187 17
207 31
65 32
65 16
208 33
209 34
114 8
210 35
211 36
212 13
138 37
138 38
138 39
157 40
213 4
184 41
184 42
80 43
80 44
80 45
80 46
80 47
80 48
80 49
80 50
80 51
80 52
80 6
80 53
198 54
20 1
214 55
95 13
215 56
215 57
42 58
32 56
32 59
32 60
160 61
183 62
183 63
16 1
16 64
16 19
16 65
16 27
16 66
16 67
16 68
216 69
216 70
217 32
117 71
31 21
218 3
219 72
220 73
22 20
151 1
98 13
193 74
191 75
191 15
163 76
163 77
163 78
91 79
150 7
150 63
53 80
53 81
53 40
53 82
53 83
53 84
53 85
53 86
53 87
53 88
92 13
221 37
222 22
222 89
121 90
223 91
13 33
13 92
13 93
13 94
13 95
13 96
13 97
13 84
13 98
13 12
13 18
13 99
13 100
13 101
13 6
13 102
72 103
72 104
72 99
72 70
174 10
174 18
174 105
172 7
224 106
111 61
50 80
50 37
50 38
25 107
25 108
73 109
225 110
18 1
18 82
18 111
18 112
18 113
18 25
18 3
18 114
18 13
18 99
18 10
18 41
18 115
18 116
18 117
226 99
226 118
87 53
109 73
109 119
109 81
109 30
227 18
228 120
68 16
90 121
14 122
69 10
11 123
11 63
11 124
229 125
143 126
168 119
230 16
230 127
149 82
149 37
231 13
6 80
6 128
6 129
6 100
6 130
6 131
232 6
233 132
145 133
81 109
21 56
21 31
162 110
234 18
235 6
236 68
83 134
83 53
83 135
85 53
237 136
51 61
88 40
88 53
238 132
238 137
239 82
240 100
240 127
241 56
241 37
140 71
140 117
242 138
243 139
161 110
71 140
71 117
9 141
57 99
45 80
244 99
245 142
79 6
0 41
0 143
0 144
246 145
246 27
116 146
116 147
247 148
82 25
82 68
82 18
82 149
82 99
82 150
82 53
248 151
186 100
128 6
128 81
144 50
144 0
199 152
40 153
40 154
40 155
40 156
40 53
40 157
61 31
61 158
61 159
61 23
61 160
61 51
61 37
61 111
61 6
110 161
110 162
78 163
86 127
86 121
86 164
86 53
28 1
38 138
38 37
249 1
169 119
37 138
37 165
37 151
37 84
37 50
37 34
37 149
37 38
37 56
37 10
37 166
41 18
250 57
251 100
130 6
66 1
66 16
127 86
252 96
253 16
119 167
119 168
119 109
119 169
119 170
177 171
177 54
7 172
7 173
7 174
181 63
23 1
254 175
254 176
178 171
171 177
171 82
171 18
171 13
171 178
26 1
99 82
99 13
99 72
101 13
101 134
24 1
29 1
29 179
180 63
255 171
256 150
113 25
113 152
189 17
19 1
19 62
170 119
63 180
63 11
63 181
63 182
63 183
63 150
3 1
3 135
257 10
27 19
258 56
258 184
259 32
259 185
260 184
62 19
62 8
62 183
17 186
17 187
17 100
17 188
17 189
17 67
15 190
15 191
15 192
261 145
74 193
173 10
60 37
262 37
263 134
134 121
134 83
134 171
134 194
134 149
134 72
134 13
134 6
44 195
44 80
264 196
265 126
266 197
129 6
54 198
70 72
267 81
268 108
84 56
269 108
8 62
8 114
8 8
270 199
56 32
56 84
56 37
56 170
10 173
10 126
10 174
271 1
124 200
47 80
126 10
126 145
182 63
182 3
