222 0
49 1
49 2
105 3
114 4
59 5
59 6
59 7
59 8
59 9
59 10
59 11
223 12
224 13
225 14
78 15
78 16
78 17
73 18
73 19
73 17
69 20
69 21
69 22
69 23
69 24
69 25
190 16
226 26
197 27
50 28
50 29
50 30
50 31
56 32
116 33
58 34
227 35
110 36
228 37
229 38
230 30
176 39
143 1
143 16
193 40
117 30
117 33
43 41
43 42
43 43
204 44
57 45
57 2
57 32
57 46
57 47
231 48
85 49
232 12
233 31
29 50
141 51
141 52
234 53
235 16
235 54
236 55
32 56
32 57
32 58
6 59
80 60
80 61
80 31
136 62
237 63
70 64
70 65
70 38
70 66
70 67
70 68
238 69
66 67
66 59
66 70
66 4
66 71
101 72
101 37
239 17
17 73
17 74
17 18
17 59
17 75
17 76
17 77
17 78
60 79
60 80
87 81
87 82
170 83
170 38
170 84
31 85
31 22
31 86
31 26
31 80
82 87
82 88
82 82
82 89
129 16
240 82
241 78
242 90
42 14
65 70
65 16
65 91
65 11
121 10
121 33
61 92
61 40
243 93
22 69
22 31
48 94
48 95
48 96
216 14
72 97
72 98
72 99
72 100
72 101
72 102
244 103
67 70
245 38
152 23
246 49
3 16
3 78
3 104
3 105
81 87
247 106
248 107
151 77
118 33
36 45
36 108
36 16
36 109
36 47
36 63
36 110
36 111
36 112
4 67
4 66
4 113
4 114
249 16
249 36
249 71
145 1
168 115
98 97
33 116
33 117
33 118
33 119
33 120
33 121
33 122
148 1
148 63
250 123
134 124
76 125
76 17
251 126
251 77
252 127
253 38
253 128
71 66
71 112
28 50
113 114
254 129
255 130
256 45
191 26
191 131
191 103
191 86
191 132
191 38
23 69
154 45
154 133
99 85
124 134
62 135
62 136
62 36
62 38
257 70
257 64
68 137
122 138
122 33
258 22
188 16
188 82
259 139
259 140
147 1
51 141
34 105
174 142
1 143
1 144
1 49
1 30
1 145
1 146
1 147
1 148
1 38
1 10
1 36
1 122
63 149
63 148
63 0
63 150
63 36
210 30
77 41
77 14
77 151
77 125
77 152
77 17
163 153
125 77
125 76
133 154
133 108
133 155
133 156
133 109
133 47
133 157
133 158
133 159
133 121
54 95
167 100
97 98
97 72
0 63
153 160
153 144
153 161
153 38
153 162
153 163
260 164
139 165
261 83
262 126
20 69
263 166
146 1
264 26
265 28
100 167
100 168
100 72
266 134
92 61
144 1
144 169
84 170
84 171
84 41
180 172
180 3
175 30
95 48
95 30
95 54
211 30
267 173
142 174
268 89
269 99
11 59
11 65
270 175
79 36
39 176
39 177
39 178
271 179
93 40
172 180
272 30
47 181
47 108
47 182
47 30
47 183
47 68
195 138
91 77
91 65
107 38
273 184
274 185
37 85
37 101
37 16
2 49
2 72
2 186
182 47
18 17
275 61
16 143
16 187
16 188
16 129
16 30
16 36
16 189
16 103
16 63
16 179
16 65
16 190
16 3
16 138
16 37
38 1
38 191
38 192
38 62
40 61
40 193
276 52
277 194
138 195
138 80
138 16
138 101
138 122
278 13
112 196
112 71
27 197
27 0
104 3
279 3
19 73
280 198
137 199
83 200
41 43
41 201
41 84
55 191
46 150
171 84
202 63
202 202
12 12
12 203
219 126
281 128
10 1
10 59
10 121
102 72
96 48
44 204
44 205
282 37
207 30
30 206
30 85
30 16
30 31
30 126
30 47
30 207
30 50
30 208
30 175
30 95
30 45
30 209
30 210
30 211
30 212
30 213
30 36
30 1
90 32
90 70
214 214
14 0
14 70
14 43
14 215
14 216
14 217
14 38
14 42
14 77
14 67
14 152
220 126
126 218
126 219
126 220
283 126
166 62
284 81
284 82
179 221
179 16
