194 0
194 1
118 2
205 3
22 4
185 5
46 6
175 0
10 7
206 7
206 8
7 9
7 10
207 11
207 12
208 13
209 14
3 15
3 16
58 16
56 16
210 7
55 17
55 18
128 19
128 20
128 12
39 21
100 11
4 22
29 23
29 24
29 25
211 16
204 26
179 27
179 11
179 28
43 21
23 29
23 30
23 31
212 16
109 19
109 32
138 8
199 0
52 33
52 34
52 35
52 36
124 37
213 38
21 39
21 40
21 41
21 42
21 43
147 44
141 45
6 46
196 0
106 47
106 48
106 49
69 50
69 51
136 38
71 16
34 52
34 53
34 16
126 54
214 37
78 38
18 55
16 56
16 57
16 34
16 3
16 58
16 59
16 60
16 61
16 11
16 62
16 63
16 64
16 65
16 66
16 67
16 68
16 0
16 69
16 70
16 71
16 72
16 73
16 74
36 52
36 67
215 19
119 2
41 38
41 21
13 75
13 76
184 77
216 45
217 74
217 78
171 9
193 79
218 80
219 16
151 81
220 11
90 82
154 83
154 84
154 24
108 85
108 86
95 87
116 28
167 88
82 23
82 89
82 90
164 91
60 92
221 93
221 46
15 3
191 94
87 95
187 96
187 90
222 16
139 97
139 98
157 99
11 100
11 101
11 16
223 102
101 27
224 19
225 96
103 103
103 104
103 105
226 9
49 106
68 107
86 108
135 38
227 109
228 110
229 19
72 57
72 16
35 56
183 77
123 37
230 111
197 112
197 9
195 0
231 113
1 114
232 115
27 9
27 116
233 117
234 103
2 118
2 119
2 120
2 121
120 2
120 8
121 2
134 38
104 27
104 103
37 122
37 0
37 123
37 124
54 125
54 70
54 126
54 57
54 12
54 19
19 127
19 109
19 128
19 11
19 129
202 20
235 130
235 131
176 67
236 78
236 132
236 16
178 96
178 133
178 93
38 134
38 135
38 136
38 122
38 74
38 78
51 137
51 7
51 138
51 69
237 38
97 79
97 139
97 9
97 65
97 140
97 7
165 17
130 141
130 45
130 57
130 37
130 32
130 76
238 142
238 52
88 23
88 143
88 110
239 23
239 144
239 145
239 146
239 28
61 147
61 16
240 148
98 81
98 149
241 149
242 69
242 150
32 130
81 151
81 40
81 152
81 64
84 23
84 153
84 154
243 16
244 16
99 155
99 6
99 156
99 157
99 158
99 93
99 159
114 1
155 99
245 57
12 128
246 7
246 119
247 157
190 160
190 161
248 64
73 11
127 162
163 137
24 29
249 73
137 163
137 69
137 51
189 0
189 33
91 164
17 55
17 88
17 165
17 166
17 167
17 57
17 168
17 70
17 164
17 96
17 75
17 2
17 169
30 23
250 170
148 9
251 123
9 171
9 57
9 27
9 148
9 140
9 7
252 9
253 2
253 0
200 122
254 96
125 54
45 130
45 141
45 172
45 0
45 12
45 64
45 173
45 174
70 175
59 0
59 176
59 16
107 68
255 177
93 178
93 99
28 179
28 180
256 96
256 171
169 17
257 93
258 27
110 23
110 88
110 9
170 181
259 182
77 183
77 184
132 57
162 127
102 0
96 185
96 186
96 178
96 9
96 187
260 188
33 56
33 189
64 81
64 190
64 9
64 45
64 36
57 54
57 17
57 132
57 72
57 16
66 16
261 97
62 16
173 45
94 191
181 170
79 122
79 192
79 193
0 194
0 195
0 196
0 45
0 197
0 198
0 102
0 175
0 199
0 189
0 24
0 37
0 16
122 200
122 79
122 38
122 201
122 37
5 38
20 128
20 202
20 37
203 74
31 23
262 150
74 203
74 38
74 24
74 16
26 204
