208 0
18 1
18 2
18 3
18 4
18 5
18 6
18 7
18 8
115 9
115 10
209 7
209 11
209 12
209 13
24 14
123 15
123 2
4 16
4 17
4 18
4 19
97 3
210 20
210 9
211 21
11 20
143 22
212 23
212 24
200 25
14 26
14 24
157 27
213 19
170 28
57 29
167 30
167 15
167 31
167 32
167 5
167 28
167 33
55 1
214 34
215 6
151 35
151 30
17 36
17 4
17 16
17 37
17 38
17 39
47 16
47 40
47 9
117 41
117 42
216 43
98 16
92 44
110 45
16 17
16 4
16 36
16 46
16 47
16 48
16 49
16 50
16 2
16 37
16 8
16 51
16 34
16 52
16 7
16 12
16 53
29 54
29 55
29 56
29 57
29 58
29 59
29 9
69 60
69 61
138 62
217 63
129 2
74 64
74 65
74 40
74 66
74 67
218 9
219 68
77 2
77 39
61 69
61 2
5 70
5 18
52 16
52 71
66 72
66 35
66 73
66 74
220 75
221 76
222 77
222 78
223 69
23 79
203 80
133 81
133 17
133 82
133 83
133 84
224 85
146 14
146 86
146 87
146 88
132 84
19 89
19 4
122 90
122 37
122 2
122 91
44 92
107 16
107 93
107 94
107 95
107 1
225 96
100 27
3 1
3 97
3 18
3 98
3 99
3 100
3 101
3 102
3 103
26 14
26 89
26 104
48 16
48 105
226 18
58 29
1 55
1 106
1 107
1 16
227 18
227 12
227 108
228 109
159 7
205 73
45 110
60 69
152 111
152 112
131 113
131 114
125 2
9 89
9 74
9 30
9 6
9 115
9 12
199 116
199 117
199 118
199 119
199 120
199 53
229 9
36 17
2 121
2 2
2 122
2 71
2 6
2 123
2 124
2 77
2 125
2 16
2 20
2 126
2 127
2 128
2 129
2 130
2 12
2 40
46 16
114 131
67 27
84 132
84 133
204 80
230 134
95 107
231 135
232 136
156 137
65 135
62 138
62 20
233 139
234 140
234 95
59 29
145 141
8 16
90 37
90 142
22 143
71 52
33 144
141 145
86 146
20 11
20 116
20 2
235 147
127 16
127 2
127 148
236 149
236 20
237 150
238 151
238 16
111 152
111 153
182 6
182 154
182 2
182 155
182 10
239 29
81 133
195 76
195 35
195 59
240 156
27 157
27 100
169 158
7 90
7 18
7 153
7 6
7 156
7 159
7 160
7 161
7 16
7 20
7 12
147 70
241 162
241 163
241 164
194 165
194 109
194 166
79 23
30 167
30 151
30 9
242 168
158 169
28 170
12 136
12 121
12 153
12 107
12 2
12 16
12 7
12 11
243 86
89 19
89 171
89 26
89 127
89 172
89 173
89 16
89 174
89 150
89 175
89 176
89 120
89 32
89 9
89 33
176 89
176 177
244 178
244 179
245 180
41 117
6 181
6 54
6 18
6 2
6 32
6 182
6 183
6 184
6 7
6 185
6 9
187 37
187 122
187 39
187 186
37 17
37 2
37 122
37 187
37 100
37 16
37 37
37 91
150 89
246 188
247 189
248 89
32 89
32 6
53 16
53 190
249 191
153 12
179 106
179 8
15 167
15 123
250 177
42 192
42 117
112 193
112 152
166 194
183 181
193 135
126 2
35 195
202 136
202 45
251 193
252 136
70 147
70 5
70 196
50 16
50 197
72 66
253 188
43 7
39 17
39 77
254 107
93 107
93 198
120 89
120 199
120 200
120 9
40 2
40 74
40 47
40 160
175 89
255 201
136 12
136 202
80 26
80 203
80 204
121 38
121 12
10 115
73 6
73 205
73 66
207 206
256 202
206 207
25 200
139 199
104 80
34 16
34 78
257 89
