0 17
1 7
2 35
3 40
4 18
3 10
5 9
6 13
3 22
7 1
8 5
9 14
10 39
11 29
12 20
13 12
14 27
15 42
16 9
9 38
17 14
18 16
19 38
20 12
21 14
22 20
23 33
14 5
14 11
3 13
18 2
16 2
10 30
3 18
22 17
24 15
25 9
18 4
21 22
16 4
12 26
3 17
26 35
7 0
7 39
7 29
22 15
10 0
21 25
26 5
27 22
28 17
16 22
9 5
16 21
14 3
3 21
9 2
17 27
29 10
21 3
16 18
20 28
15 27
30 41
12 28
25 3
12 8
18 22
18 5
22 18
26 24
31 16
0 33
32 47
33 41
34 36
3 50
20 13
22 2
22 8
16 31
35 15
36 37
10 23
26 22
9 17
21 9
13 6
26 12
36 34
37 36
38 19
13 3
39 29
9 4
30 33
40 14
5 14
39 9
10 29
28 12
8 28
33 23
26 15
40 21
18 25
14 22
14 16
9 19
12 17
5 22
19 9
3 9
41 30
20 22
29 22
33 0
33 30
2 16
22 29
21 2
13 29
12 35
3 25
29 39
17 28
15 35
33 6
0 3
3 39
29 11
9 39
6 33
12 3
5 8
42 15
13 20
5 26
38 46
35 2
43 27
3 12
14 18
9 25
37 45
28 8
4 25
4 22
34 37
35 22
5 18
18 3
10 41
31 51
14 8
44 49
5 15
8 22
6 3
34 45
17 5
22 13
17 11
27 5
15 5
14 21
36 45
9 3
9 21
45 37
41 33
21 18
24 26
30 10
27 14
2 22
29 0
29 13
5 17
3 14
15 26
18 9
20 8
22 16
3 0
13 10
7 10
17 0
27 26
2 18
14 40
27 43
22 40
22 4
25 16
13 0
21 40
28 20
26 43
6 0
4 3
46 38
40 22
2 21
22 3
35 5
2 25
37 34
3 4
5 27
22 21
27 35
0 29
17 12
31 39
10 13
47 32
0 6
17 22
29 7
8 14
9 16
14 9
43 26
8 20
39 10
9 18
8 12
11 14
16 14
4 16
27 17
40 3
11 17
35 12
25 2
38 9
18 21
35 26
17 3
13 22
0 7
48 7
41 10
45 34
0 13
25 4
25 18
3 6
14 35
17 15
21 16
23 10
26 27
16 25
4 9
49 44
2 9
22 35
45 36
22 26
15 17
12 13
18 14
17 9
15 22
39 3
16 3
13 28
35 14
50 3
22 14
3 16
39 31
14 17
25 21
5 35
22 27
6 10
35 27
7 48
22 5
27 15
15 24
0 10
10 3
10 7
39 7
10 6
51 31
28 13
