1966 0
531 1
880 2
880 3
974 4
53 5
53 6
53 7
53 8
53 9
1310 10
1310 11
220 12
220 8
220 13
220 14
220 15
220 16
220 17
37 18
37 19
37 20
1967 21
1849 22
1849 23
890 24
890 25
890 26
890 27
1373 28
1373 29
850 30
850 31
310 32
310 33
310 34
1744 35
1744 36
18 37
18 38
18 39
1635 40
1968 41
755 42
755 43
1969 44
1970 45
1970 46
536 47
536 48
536 49
536 50
536 51
536 52
358 53
358 2
358 54
358 55
263 56
501 57
501 58
501 59
501 60
501 2
501 61
501 62
501 63
1329 64
144 65
200 66
1618 50
1586 67
1971 68
669 15
1882 69
1882 70
319 71
319 72
319 73
319 74
319 75
319 76
319 77
319 78
637 79
1339 80
1339 81
1339 82
1972 83
1243 7
1243 84
1243 71
1243 85
1243 86
1243 87
994 88
308 89
308 90
308 91
308 9
308 92
308 93
410 94
410 95
410 96
410 97
410 50
843 98
843 54
843 99
1973 100
918 101
918 102
918 103
918 104
918 67
918 105
918 88
918 106
918 107
918 108
918 109
168 110
168 111
1944 112
1944 113
1944 34
1974 114
1582 76
1582 115
236 116
597 117
597 118
597 119
597 120
597 121
597 122
597 123
597 124
1353 125
1202 76
461 76
461 126
1975 127
1976 128
1977 129
415 130
415 131
415 132
415 133
415 134
733 135
1978 131
1978 136
1043 137
1347 138
293 139
293 140
134 141
134 20
134 142
65 143
65 144
65 145
428 146
428 131
428 147
428 148
428 149
1979 150
1979 151
1979 152
1980 153
1980 154
1386 51
863 155
863 156
863 157
359 158
359 159
359 160
359 161
1604 50
518 59
518 162
518 163
110 164
110 129
110 165
110 166
110 32
110 167
110 111
110 168
110 169
110 124
110 170
110 171
1621 42
1621 50
290 14
1439 172
528 32
528 98
1011 173
787 174
787 175
1495 176
1914 32
1031 177
1250 7
1981 178
1982 179
84 180
84 181
84 182
84 183
1516 184
1516 185
1516 186
1516 187
384 188
351 96
351 189
351 190
351 191
1282 192
352 193
352 21
352 194
352 195
352 196
352 197
1983 198
1984 14
368 199
368 200
368 5
368 98
1985 32
1542 201
52 202
52 203
52 204
52 205
52 206
52 207
52 208
52 209
52 20
52 210
52 142
52 211
52 212
52 213
52 214
16 215
16 131
16 216
16 217
16 218
16 219
16 220
912 221
1023 222
1023 223
882 224
882 225
1986 226
599 227
599 228
599 229
599 230
599 34
1987 231
1377 232
1377 38
1377 208
1377 233
1704 234
708 235
708 236
770 164
770 237
770 238
1012 82
1519 239
1988 240
250 241
1843 242
1989 243
1990 244
908 245
908 246
1991 247
1379 248
786 249
786 250
786 251
786 252
786 253
786 254
786 255
786 256
786 257
786 258
786 259
349 260
346 261
346 262
56 263
656 264
1578 246
1578 265
538 266
538 267
538 268
538 183
538 269
538 74
538 270
538 9
538 271
1992 272
703 241
703 273
1993 258
280 274
280 232
280 275
280 276
1035 277
1209 278
1209 133
1209 279
275 280
275 281
275 282
275 283
275 284
275 285
275 286
275 287
275 74
275 288
275 289
275 290
275 58
275 291
275 32
275 167
275 292
275 293
275 294
275 295
275 133
275 8
275 14
275 217
275 296
275 297
275 298
275 61
275 299
275 300
275 301
275 158
275 302
275 303
275 155
275 304
275 108
275 305
275 15
275 306
275 307
92 308
1175 100
1696 309
1994 310
291 311
291 275
1995 312
1687 154
1996 313
1996 314
1699 142
1699 74
38 280
38 18
38 131
38 149
38 315
38 316
38 317
758 318
758 133
1826 319
1826 124
1754 320
1997 321
1590 322
1590 323
1590 324
1998 325
1998 326
483 327
483 328
483 3
483 121
483 50
483 88
483 329
483 330
483 331
483 332
483 333
261 213
261 334
261 335
261 336
261 337
261 338
261 339
261 340
261 341
261 342
261 343
261 211
261 344
261 345
261 346
1650 347
260 258
260 348
260 349
195 22
195 80
195 38
195 8
195 350
195 351
195 50
195 352
195 232
195 353
195 354
195 355
195 271
176 356
55 357
55 358
55 176
159 359
1999 360
1999 361
2000 362
1655 363
1426 364
1673 365
1643 366
1643 216
1445 367
670 59
670 368
670 190
670 358
670 199
1675 365
1217 369
2001 301
1306 370
2002 199
1431 96
1431 353
1941 371
1941 93
2003 372
13 373
13 374
943 34
626 375
626 21
626 276
448 71
448 376
448 237
448 317
2004 377
1105 183
2005 93
1682 378
1682 314
379 379
379 281
188 380
188 381
188 382
188 383
188 384
188 142
188 385
188 386
188 387
188 366
188 388
188 15
188 389
188 390
188 99
1606 391
570 214
570 392
570 21
1414 393
1414 394
1414 395
1414 396
1414 93
1263 7
2006 15
950 34
1355 397
1355 398
1288 22
1288 81
119 157
119 399
119 123
119 400
119 401
119 402
119 15
119 403
491 404
2007 405
2008 253
2008 406
2009 407
1735 2
1098 51
1098 408
1098 409
1066 81
1066 104
97 410
131 4
131 411
131 412
131 413
131 21
131 50
131 51
131 414
131 400
131 16
131 101
131 415
131 100
131 235
131 416
131 417
131 418
131 419
131 310
131 420
131 104
131 421
131 422
131 43
131 423
131 424
131 425
131 426
131 142
131 148
131 427
131 15
131 428
131 429
90 430
90 308
90 431
90 432
90 104
90 416
90 90
90 193
90 433
90 183
90 51
90 434
90 108
90 61
90 228
90 435
90 144
1537 138
1537 416
2010 436
2011 269
2011 279
492 162
492 164
492 404
492 437
2012 438
1032 439
1032 321
1032 230
1032 440
1032 441
1032 34
1032 442
1032 17
1032 443
1032 444
1032 445
350 174
350 195
1435 287
1435 358
1140 152
826 15
826 446
826 447
317 38
317 448
2013 449
1121 240
1121 450
1502 57
2014 451
126 452
126 453
126 133
126 454
126 455
126 456
126 457
126 458
126 459
126 460
126 188
126 192
126 461
126 462
126 361
869 136
2015 463
2015 99
1925 400
726 232
726 406
726 464
726 50
1729 465
2016 466
424 467
424 131
424 468
424 114
424 50
2017 469
2018 470
941 51
941 199
941 34
471 471
471 472
471 473
2019 474
619 475
478 476
478 5
478 477
478 478
478 479
1732 480
1732 481
2020 482
332 68
332 8
332 483
332 142
332 195
332 484
485 485
2021 373
2022 486
2022 487
1869 111
2023 488
1572 489
404 490
404 14
404 416
404 491
404 153
404 492
404 493
404 484
1901 82
1284 494
1638 495
1638 496
1638 497
498 416
498 498
62 499
62 500
62 501
62 502
62 503
62 504
62 63
725 464
83 460
810 505
1772 506
1772 1
1772 507
1047 508
654 509
654 510
654 3
2024 511
1357 373
95 512
95 513
95 514
95 331
1114 515
1114 516
1114 517
162 518
1287 238
953 519
1841 520
1841 521
1037 522
32 71
32 523
32 230
32 524
32 515
32 525
32 526
32 527
32 149
32 528
32 529
32 33
32 190
32 310
32 194
32 372
32 530
32 531
32 133
32 532
32 533
32 534
32 535
32 110
32 536
32 259
32 537
32 374
32 434
32 538
32 507
32 539
32 540
1536 541
2025 34
1580 542
1580 543
1580 544
1580 102
2026 545
422 526
422 546
1769 547
1948 548
1948 549
1948 333
686 325
686 27
686 550
686 351
686 248
1616 374
1898 551
743 552
743 436
743 553
743 554
743 26
612 555
796 71
796 556
796 557
796 558
796 199
796 247
796 240
796 559
796 560
796 333
796 561
796 545
796 562
796 563
796 564
796 565
796 566
796 567
796 568
796 569
796 570
796 571
796 572
2027 573
2028 574
2028 575
2028 576
2028 98
732 14
732 135
732 76
740 577
740 578
740 579
961 580
961 581
961 582
21 583
21 131
21 51
21 102
21 333
21 584
21 585
21 14
21 464
21 586
21 120
21 352
21 375
21 587
21 588
21 589
21 590
21 591
21 15
21 237
814 574
814 592
814 593
814 1
814 15
814 594
814 595
1657 592
123 596
123 597
123 401
123 598
227 184
227 599
227 230
227 600
227 601
227 602
1768 603
1365 512
143 604
143 235
143 465
143 605
143 142
143 448
143 606
143 607
143 65
143 233
143 608
143 347
143 609
2029 565
1376 155
879 76
879 114
1184 610
555 318
555 611
555 272
555 333
555 612
555 416
555 320
555 199
555 434
555 507
555 287
555 474
555 509
555 613
555 445
842 614
842 615
842 616
842 617
842 618
842 247
842 619
842 345
842 620
2030 232
2031 621
684 523
684 622
684 27
684 95
684 623
684 136
684 541
684 624
684 625
684 207
684 436
684 164
960 217
421 131
2032 158
925 626
688 475
688 627
688 373
688 628
2033 629
588 21
2034 164
2034 358
1054 630
1054 88
1054 1
1054 631
1301 28
1301 374
905 632
905 14
905 633
905 149
905 154
905 634
905 635
905 275
108 182
108 636
108 416
108 90
108 637
108 638
108 639
108 467
108 640
108 641
108 82
108 642
108 35
108 643
513 90
2035 644
2036 311
196 352
196 645
196 646
196 34
2037 68
446 7
1930 638
849 647
849 359
849 648
849 448
1219 649
1219 325
1219 124
1219 650
1219 233
1219 305
1219 651
1219 93
510 652
510 653
510 654
510 655
264 656
264 657
932 658
932 5
1088 303
1088 401
1581 223
964 502
964 111
1755 659
989 465
989 660
989 519
361 360
361 661
361 14
361 416
361 142
361 535
361 662
361 33
361 401
361 234
361 663
361 664
1348 665
818 525
818 449
818 666
59 518
59 667
59 7
59 668
59 469
59 413
59 669
59 670
59 219
59 671
59 396
59 101
59 214
59 579
59 199
59 672
59 673
59 213
59 674
59 335
59 333
59 646
59 675
59 676
59 638
59 564
59 98
59 436
59 677
59 202
59 678
59 501
59 679
59 680
59 39
59 15
586 333
586 21
1830 681
1830 61
1824 567
1247 682
272 27
1871 439
1871 683
1871 81
900 88
1424 611
2038 80
1649 347
1649 635
1003 269
1003 142
27 684
27 465
27 142
27 105
27 685
27 213
27 686
623 500
623 687
623 82
623 684
678 59
678 688
678 677
1518 309
817 689
817 690
817 691
817 50
817 309
817 692
817 441
817 15
817 693
817 81
817 234
817 694
539 695
539 32
937 34
2039 281
433 696
433 697
433 698
433 90
433 126
433 699
1790 700
1463 543
1463 701
1463 655
1463 100
752 702
752 311
752 320
273 703
235 489
235 14
235 704
235 705
235 706
235 43
235 377
235 608
235 707
235 708
235 265
1391 201
1442 709
292 275
1072 14
783 710
783 155
783 711
783 3
222 223
1481 30
1665 592
1665 562
2040 712
1702 713
1702 714
298 275
464 395
464 715
464 716
464 247
464 717
464 59
464 465
464 523
464 718
464 719
464 720
464 21
464 721
464 353
464 722
464 723
464 724
464 725
464 726
464 609
1899 727
269 146
269 131
269 728
736 14
507 649
507 729
507 654
507 32
507 730
507 226
507 114
1403 87
2041 61
2042 731
135 732
135 716
135 733
135 241
135 734
135 417
135 50
135 735
135 736
135 653
135 737
135 15
135 738
135 739
135 164
2043 740
2043 741
2043 95
714 742
552 743
78 744
78 182
78 319
2044 296
2045 656
2045 745
2045 164
2045 746
1796 48
931 747
931 77
931 748
1662 592
1889 712
1889 749
1889 8
751 750
750 751
1535 541
702 752
43 90
43 164
43 84
43 235
43 753
43 754
43 648
43 755
43 514
43 756
43 757
318 633
318 237
318 758
318 50
2046 353
1863 346
1863 759
1811 760
1811 450
1811 61
237 515
237 21
237 761
237 51
237 762
237 763
237 764
237 765
237 766
237 767
237 242
237 768
237 150
237 769
237 770
237 584
237 771
237 772
237 773
237 448
237 774
237 517
237 318
237 775
237 776
237 151
237 655
237 621
237 15
237 777
237 778
237 779
79 637
1187 780
1154 182
5 324
5 148
5 781
5 712
5 107
5 478
5 368
5 211
5 9
2047 782
1798 122
711 783
711 216
711 104
711 784
711 525
711 785
711 786
175 174
175 164
175 474
175 418
175 562
175 787
175 292
175 425
2048 22
454 788
454 789
454 52
1222 504
1222 207
836 51
836 2
836 177
584 790
584 791
584 443
584 21
1762 416
2049 792
1269 793
390 794
390 134
1890 8
1957 14
1957 232
1579 265
562 795
562 796
562 39
562 797
562 175
277 798
277 799
1181 800
1488 801
1488 592
178 127
2050 145
102 802
102 803
102 3
102 804
102 592
102 805
102 806
102 486
102 30
102 286
102 807
102 211
102 741
102 808
102 797
102 809
2051 107
505 810
505 7
505 759
505 592
505 183
505 353
505 50
505 811
20 37
20 812
20 84
20 248
20 134
20 297
20 52
20 211
20 34
20 2
20 677
15 411
15 71
15 813
15 135
15 814
15 526
15 275
15 157
15 815
15 816
15 399
15 609
15 105
15 145
15 817
15 131
15 818
15 794
15 59
15 561
15 320
15 422
15 819
15 820
15 237
15 202
15 51
15 821
15 188
15 822
15 823
15 142
15 302
15 824
15 39
15 825
15 826
15 827
1509 828
1509 436
862 169
862 34
437 829
437 278
437 164
437 830
437 61
437 831
437 391
2052 832
1710 833
2053 633
282 275
282 282
954 329
954 834
1228 7
1104 832
1104 835
1104 183
620 836
620 837
620 333
620 838
620 839
620 373
620 840
620 136
620 419
620 538
620 841
620 842
620 620
99 843
99 184
99 844
477 478
477 845
1338 846
1456 76
910 90
31 847
31 848
31 849
31 850
31 851
31 331
31 852
2054 318
259 32
259 853
1077 527
1550 158
194 33
194 61
194 101
470 854
470 205
470 420
2055 116
1620 855
1620 309
1620 856
1620 372
1620 50
979 857
334 261
334 196
334 234
2056 858
2057 859
1591 467
1591 268
1591 299
765 860
765 237
765 771
169 861
169 862
169 191
2058 76
157 15
157 863
157 864
157 119
2059 716
1349 665
1169 51
2060 320
675 865
675 638
1317 866
1317 28
1317 814
339 261
2061 31
1323 867
1323 727
1323 317
136 868
136 869
136 365
136 870
136 671
136 871
136 872
136 223
136 873
136 874
136 247
136 710
136 875
136 361
136 876
136 689
136 48
136 597
136 436
136 598
136 3
136 129
136 548
136 502
136 620
136 877
136 878
426 131
426 716
2062 879
2062 102
2062 34
2063 122
2063 281
3 654
3 8
3 483
3 14
3 50
3 399
3 105
3 190
3 880
2064 601
224 881
224 793
224 882
224 221
224 164
26 334
26 32
26 31
26 883
26 136
26 884
26 543
26 681
26 142
26 394
26 885
26 886
26 43
26 887
26 888
26 98
26 183
26 889
26 890
26 281
1115 645
1115 891
1378 248
181 892
181 893
181 84
624 894
624 684
825 895
825 638
1688 896
1738 772
1738 393
1738 897
1738 21
1738 898
2065 523
2066 899
515 107
515 424
515 900
515 901
1305 427
1305 716
1305 902
1630 50
526 422
526 131
526 55
526 50
1564 903
1564 630
1564 0
1564 507
1564 62
1564 494
1564 904
2067 235
1189 905
1189 164
1523 432
1523 61
1523 111
1523 906
1510 907
1510 888
2068 32
2068 908
2068 909
161 910
42 755
1524 396
1524 911
141 142
141 134
419 131
2069 50
1571 374
1492 607
1492 327
1492 463
1432 126
420 470
420 131
221 912
221 300
221 537
221 416
221 793
221 366
221 913
221 914
221 88
221 915
221 331
221 81
221 797
221 295
221 916
103 917
103 918
1466 543
1677 365
958 919
1557 399
1557 524
1052 697
1052 208
1052 920
1052 61
1052 921
1052 922
1507 923
148 131
148 133
148 924
148 314
148 655
148 925
148 653
148 507
148 926
148 207
148 15
148 5
148 114
148 279
1185 927
1185 69
1185 928
1185 929
1185 412
948 854
948 7
948 34
1183 930
1633 309
876 4
876 136
876 488
413 174
413 336
413 135
413 59
2070 503
2070 158
1090 32
747 530
747 217
747 931
2071 157
1389 51
1953 14
658 932
658 933
658 100
658 165
1751 407
1368 934
788 935
788 418
1454 936
472 506
472 471
34 937
34 4
34 862
34 938
34 939
34 142
34 940
34 81
34 431
34 941
34 20
34 190
34 240
34 69
34 392
34 942
34 8
34 943
34 944
34 96
34 945
34 152
34 946
34 947
34 33
34 948
34 877
34 949
34 950
2072 9
2073 831
663 399
2074 515
535 32
952 519
1666 592
519 905
519 951
519 952
519 707
519 953
519 954
1676 955
904 956
904 71
904 465
904 705
904 353
904 436
694 289
694 957
694 401
919 710
919 958
919 959
2075 134
2076 960
2076 274
581 164
581 100
581 961
581 116
581 962
581 786
884 26
805 102
502 963
502 964
502 62
502 9
502 136
704 235
1451 965
2077 15
2078 441
668 59
469 7
469 164
469 59
469 550
469 966
469 967
469 506
469 968
469 152
1380 969
2079 437
2080 127
2081 970
270 538
270 537
1025 416
1025 155
1025 971
1025 164
1025 431
2082 972
4 973
4 974
4 131
1124 7
1124 223
1124 975
1124 50
1124 240
1124 221
1124 870
1508 359
1508 52
1508 134
2083 551
167 597
167 118
167 302
167 164
167 167
167 566
2084 435
382 188
382 383
210 211
210 52
210 976
210 2
653 977
653 652
653 148
653 51
653 135
653 558
653 978
653 875
653 9
653 3
1812 760
2085 979
2086 980
2087 681
2087 981
2087 164
2088 302
2088 76
990 982
713 983
713 133
713 984
713 469
713 985
713 986
713 734
713 681
713 7
713 50
713 650
713 987
713 988
713 69
713 989
982 990
982 133
142 709
142 281
142 406
142 991
142 938
142 967
142 50
142 52
142 992
142 993
142 994
142 435
142 995
142 996
142 143
142 800
142 100
142 141
142 997
142 998
142 361
142 131
142 267
142 333
142 999
142 1000
142 14
142 1001
142 96
142 297
142 632
142 1002
142 1003
142 1004
142 188
142 537
142 1005
142 27
142 1006
142 26
142 951
142 134
142 1007
1874 597
1874 221
1874 1008
1874 187
608 235
608 1009
608 143
1017 9
827 15
827 246
1739 537
1636 497
1737 1010
173 1011
2089 806
1108 226
1108 1012
455 297
455 14
455 1013
455 858
455 104
639 1014
2090 416
2091 1015
2091 74
1850 333
9 133
9 8
9 1016
9 652
9 217
9 926
9 1017
9 1
9 1018
9 5
9 1019
9 488
803 102
803 1020
2092 148
1689 80
1689 1021
223 373
223 54
223 888
223 595
223 812
223 438
223 738
223 1022
223 858
223 331
223 323
223 1023
431 90
431 1024
431 1025
431 34
1145 1026
2093 518
2094 59
1956 14
2095 330
296 1027
296 106
1783 1028
1808 650
632 14
632 142
1290 592
1084 375
1084 311
1084 870
1084 1029
2096 1030
1156 153
1156 504
1156 556
443 836
443 311
443 278
443 584
443 1031
443 88
443 61
443 1032
443 81
2097 1033
1605 1034
1605 276
1153 303
1153 1035
1153 912
1719 915
1719 100
1472 314
1472 27
1472 1036
1472 1037
1472 2
1472 258
1472 677
935 716
935 1038
935 340
1721 1039
1721 1040
1721 926
1721 1041
1721 710
1721 786
1721 1042
137 1043
1720 87
1720 227
1720 149
2098 374
499 74
499 62
831 51
831 1044
63 1045
63 537
63 501
63 427
63 62
63 331
1055 1046
128 1047
128 1048
128 1049
128 1050
128 34
128 833
697 1051
697 567
697 1052
697 433
697 51
697 1053
631 1054
1046 1055
1079 71
1079 975
1079 1056
1079 940
1079 34
902 302
2099 1057
2100 1058
1210 1059
139 465
203 52
203 1060
1520 416
1520 1061
1520 1062
1520 199
1127 2
1778 474
1778 1063
104 122
104 1064
104 567
104 14
104 455
104 90
104 918
104 124
104 1065
104 33
104 107
104 1066
104 28
104 1044
997 480
997 142
997 628
997 481
2101 1067
1366 772
1598 102
1598 127
262 80
262 346
262 638
2102 164
888 373
888 223
888 296
888 61
888 34
888 875
888 201
1877 32
1877 543
1877 88
1498 233
834 1068
834 1069
834 954
834 1070
834 1071
834 1072
1651 1073
1651 666
1651 1074
1651 36
1651 347
1651 83
1446 1075
1387 51
1387 531
1387 1076
2103 825
527 1077
527 554
527 199
527 32
527 34
527 1078
579 740
579 881
579 59
155 783
155 8
155 863
155 14
155 1025
155 543
155 74
155 72
155 1067
155 401
155 375
155 498
155 1079
155 888
155 59
155 226
155 9
155 275
155 975
1168 1080
1206 798
1206 133
1206 352
1206 1081
1206 875
1206 1082
1206 1083
343 261
343 521
2104 1084
2104 469
328 483
1539 987
475 643
475 619
475 688
1324 347
1324 986
865 675
865 1085
865 441
1626 50
2105 1086
2106 1087
569 796
1698 164
401 155
401 1088
401 119
2107 1089
2108 1090
114 164
114 879
114 29
114 136
114 1091
114 507
114 1092
114 878
114 643
667 59
2109 680
1490 712
1490 58
813 15
813 1093
813 21
2110 29
2110 216
2111 33
2112 232
1167 1094
1167 61
1227 1095
1227 7
1227 265
1227 833
2113 420
1097 1096
1097 1097
408 1098
1009 33
1009 1010
1009 111
1009 608
1318 1099
1318 1100
998 142
685 27
685 899
685 122
685 1101
2114 1102
1505 228
2115 127
473 471
473 183
183 798
183 1103
183 473
183 329
183 90
183 142
183 505
183 914
183 525
183 62
183 1104
183 1105
183 889
348 681
348 1106
348 497
2116 860
2116 681
2116 566
1697 309
1697 597
2117 272
2118 1107
2118 395
2118 1108
2119 164
1120 1109
1120 1110
1491 1111
2120 1112
1793 655
2121 265
1044 831
1044 1113
1044 104
1152 182
516 1114
891 71
891 1115
1068 1116
228 118
228 599
228 1
228 1117
228 9
228 1118
2122 1119
1109 1120
1109 265
1109 207
893 181
240 1121
240 450
240 1122
240 71
240 1123
240 1063
240 766
240 1124
240 1125
240 82
240 240
240 1126
240 1127
240 543
240 1128
240 1129
240 855
240 189
240 1119
240 1130
240 336
240 318
240 152
240 1131
240 681
240 1132
240 1133
240 1134
240 1135
1410 640
1410 1136
1847 1137
1847 54
1138 1138
1465 543
2123 1139
2124 353
1958 352
152 500
152 537
152 469
152 223
152 138
152 1140
152 773
152 34
152 240
152 559
152 152
1133 1141
1133 760
1133 68
1133 164
1133 155
1133 240
1133 1142
1656 735
1656 1143
1283 9
1283 1059
1283 116
594 814
2125 36
1093 1144
1767 336
383 382
1026 459
1026 1145
482 439
482 322
482 375
482 1146
482 886
482 344
482 1147
284 275
1307 440
287 399
287 561
287 967
287 1148
287 61
287 275
1385 68
1385 1149
1118 228
1118 1150
1118 719
2126 833
886 482
886 331
886 1151
1887 968
182 357
182 1152
182 432
182 14
182 556
182 84
182 1153
182 1154
182 108
1680 1155
226 1156
226 1157
226 14
226 155
226 507
226 875
2127 1158
2128 1159
1678 1070
1678 435
1103 108
1103 183
1060 1160
1060 203
1060 505
2129 962
2130 441
61 1161
61 1
61 1162
61 71
61 638
61 1163
61 1164
61 1165
61 287
61 365
61 258
61 234
61 898
61 836
61 164
61 100
61 1166
61 1167
61 1168
61 1169
61 372
61 1170
61 48
61 90
61 1171
61 923
61 1172
61 501
61 1133
61 194
61 39
61 1173
61 443
971 827
852 174
852 983
965 135
965 359
1254 7
2131 644
1221 7
640 373
571 659
1384 1174
1384 69
1554 697
1554 1089
1554 1175
2132 114
983 713
983 852
983 769
411 15
411 1100
411 1176
956 1177
956 904
2133 436
558 1178
558 653
558 727
558 1179
558 26
576 247
576 1180
800 1181
800 464
800 567
800 697
800 393
800 142
800 30
2134 1015
288 399
288 275
288 58
1110 1120
746 1182
746 164
930 731
930 1183
2135 96
610 1184
610 257
409 422
409 1098
409 546
928 489
928 934
928 322
928 311
928 476
928 1185
980 545
980 217
980 1176
1607 391
2136 105
151 237
2137 621
2138 1186
2138 581
1900 82
630 494
630 233
780 1187
164 88
164 175
164 469
164 1188
164 975
164 50
164 25
164 394
164 1
164 1189
164 87
164 258
164 1025
164 234
164 1055
164 1190
164 399
164 416
164 1191
164 1192
164 167
164 756
164 832
164 1193
164 770
164 530
164 333
164 1194
164 14
164 1195
164 644
164 1065
164 1081
164 492
164 61
164 110
164 988
164 1196
164 864
164 102
164 946
164 1197
164 371
164 224
164 1198
164 1133
164 1199
164 1200
164 1201
806 1202
806 102
806 190
2139 48
91 1203
91 308
91 1204
1027 296
354 195
354 1205
769 983
769 237
1083 1206
674 1207
674 51
674 201
133 80
133 131
133 425
133 431
133 543
133 126
133 32
133 148
133 234
133 1208
133 982
133 506
133 1206
133 39
133 758
133 165
133 1209
133 9
133 275
133 378
820 15
1059 1210
1059 115
1059 14
1059 183
1059 1211
1059 52
1059 232
1691 80
2140 712
2141 457
2142 712
546 453
546 1212
546 1144
546 1213
546 422
546 409
546 887
546 1214
1568 1215
1568 1216
1568 1217
1483 30
1587 67
1517 353
1652 369
1159 1218
649 1219
649 507
7 896
7 446
7 1047
7 281
7 469
7 1220
7 1221
7 1222
7 1223
7 727
7 967
7 554
7 1224
7 1225
7 1124
7 53
7 1226
7 333
7 1227
7 1228
7 527
7 431
7 1040
7 1229
7 1230
7 1231
7 759
7 1232
7 1233
7 1234
7 1235
7 1236
7 1237
7 1238
7 1239
7 592
7 559
7 1240
7 1241
7 1242
7 1243
7 771
7 59
7 1244
7 208
7 1245
7 1246
7 1247
7 1248
7 1249
7 1250
7 1251
7 1252
7 1253
7 682
7 1254
7 948
7 5
7 483
7 713
7 1255
7 1256
7 1257
7 1258
7 505
7 1259
7 1260
7 20
7 1261
7 1262
7 1263
7 1264
7 287
7 1265
7 1266
7 1267
7 1268
7 916
315 38
793 1269
793 221
793 1270
2143 332
2144 881
525 1271
525 818
525 193
525 32
525 525
525 710
1646 611
1646 243
1583 76
1583 1272
1308 934
1308 1008
676 59
676 643
676 671
1280 914
1280 1273
1280 50
529 89
529 4
529 727
529 1274
529 32
529 1117
1205 465
1205 32
1205 354
1205 1275
1205 1276
1205 1277
1262 7
1548 1278
1548 1113
1548 201
1548 82
1058 105
1058 1279
1058 967
2145 1095
2145 655
2146 979
844 14
844 143
844 230
844 655
2147 195
914 221
914 713
914 1280
914 58
914 320
914 183
914 1281
0 374
0 127
0 93
453 546
192 1282
494 14
494 1283
494 1284
494 1285
494 938
687 623
2148 474
238 1286
238 1287
238 770
2149 453
1261 7
995 142
22 716
22 1288
22 195
1885 8
991 1048
2150 686
524 500
524 1178
524 1203
524 32
524 88
524 1289
524 1100
807 1290
807 102
807 573
311 881
311 1182
311 967
311 1144
311 443
311 1015
311 1291
311 524
311 50
311 506
311 1206
311 1152
311 1084
311 1292
311 288
311 1293
682 987
1954 14
1803 583
1803 1071
1192 1294
1192 1295
1805 1296
729 492
729 507
794 399
794 116
794 88
794 1297
794 1298
794 1299
794 372
771 765
771 7
771 237
1191 154
1191 1300
1191 225
1191 164
376 448
591 21
545 143
545 1301
545 572
545 1215
545 980
545 17
1836 1302
2151 1303
652 864
652 1304
652 652
652 1305
652 50
652 653
652 73
652 9
189 351
894 624
894 90
894 195
2152 195
2153 1306
2154 114
2155 977
440 1307
440 418
440 967
440 223
440 792
838 712
838 838
838 551
2156 1308
595 1309
595 1
595 814
595 223
11 516
11 1310
11 541
1405 1311
1405 1312
2157 142
249 786
1236 7
648 881
1782 881
1160 34
1820 567
734 881
734 396
734 174
734 713
734 314
734 1067
734 1313
734 433
734 1314
734 135
734 353
734 82
734 76
734 645
734 8
94 410
94 88
94 524
190 3
190 1315
190 1316
190 727
190 351
190 806
190 50
190 1274
190 32
190 449
190 655
190 34
190 670
190 440
1237 7
2158 1317
1100 1318
1100 105
1100 1319
213 373
213 204
213 333
213 628
213 223
213 27
213 261
213 52
213 190
213 688
213 59
213 677
213 671
489 311
2159 129
999 142
999 435
1464 644
1464 1320
1251 1321
699 433
1171 195
1171 915
1171 418
1171 61
1171 713
204 373
204 551
204 52
204 213
204 677
2160 1322
73 373
73 1323
73 1324
73 50
73 1325
73 207
73 710
73 1326
73 777
73 93
1708 1327
2161 1205
2161 340
271 392
202 15
202 311
202 52
1201 1328
1201 601
2162 543
64 243
64 1329
2163 1330
2164 399
1654 1312
1341 1331
122 685
122 829
122 1332
122 980
122 104
1834 1333
1834 246
1834 711
1834 1048
2165 1334
2165 1335
2166 1336
247 1337
247 375
247 136
247 933
247 796
846 1338
550 1328
550 105
550 686
722 534
722 464
585 21
229 121
229 517
1117 228
1117 314
1117 661
81 957
81 443
81 82
81 1339
1346 158
1271 1340
1271 970
1271 948
1271 1129
1271 1341
1271 1342
1328 996
1328 200
1328 1174
1328 469
1328 27
1328 550
1328 967
1328 199
1328 5
1328 962
1328 368
1328 98
1328 442
1328 1201
1328 686
537 1343
537 32
537 221
537 333
537 814
537 416
537 142
537 627
537 487
537 432
537 60
537 507
537 1344
537 1345
537 63
537 1346
537 271
537 356
138 138
138 1347
2167 71
1959 14
665 1348
665 1349
302 1350
302 101
302 902
302 15
302 275
302 1139
360 1351
360 504
1352 347
1352 633
1352 1352
1352 534
1352 597
125 1353
614 842
398 1354
398 90
398 406
398 1355
2168 1356
373 454
373 1357
373 1358
373 344
373 1
373 258
373 1359
373 54
373 1360
373 1361
373 643
373 1362
373 221
373 1127
373 223
373 14
373 1363
373 888
373 211
373 628
373 84
373 116
373 640
373 15
373 1364
373 443
512 658
512 34
512 933
512 1365
329 483
329 399
329 474
329 183
329 962
329 954
329 685
329 213
2169 102
772 1366
2170 1367
934 533
934 786
934 928
934 1368
934 1157
1521 938
1521 716
2171 110
2172 633
28 1369
28 1370
28 1215
28 104
28 416
28 246
28 1371
28 655
28 1372
28 1373
28 1374
28 978
28 369
28 711
28 1375
28 1193
28 1376
28 1317
1437 330
629 297
629 710
629 320
208 1052
208 52
208 1377
208 833
248 829
248 14
248 418
248 1378
248 717
248 1
248 20
248 1379
248 738
248 686
1674 543
1018 5
1129 1271
1129 1380
1129 132
1129 240
988 1381
988 133
988 713
959 919
1196 164
517 1376
517 1382
517 1114
517 50
517 808
517 778
517 405
821 15
821 528
1851 901
105 1383
105 93
105 164
105 27
105 550
105 1148
105 1384
105 979
105 15
105 716
105 28
105 3
2173 231
1398 51
1404 898
1404 710
1404 233
1404 287
1404 176
1404 330
1404 540
1404 425
1007 1139
1007 275
1007 142
1007 100
68 749
68 363
68 1172
68 1385
1190 114
1190 164
283 275
1178 558
1358 1309
1358 373
1358 671
1743 863
51 1386
51 681
51 1387
51 1388
51 674
51 138
51 1
51 831
51 365
51 841
51 660
51 1389
51 836
51 767
51 216
51 239
51 697
51 1390
51 1098
51 408
51 21
51 150
51 1391
51 1392
51 1393
51 240
51 28
51 1394
51 1053
51 1395
51 131
51 96
51 1396
51 1058
51 90
51 183
51 914
51 607
51 653
51 35
51 1169
51 904
51 237
51 536
51 26
51 1397
51 538
51 401
51 1398
51 15
51 99
51 889
51 1399
87 1243
87 794
87 1376
87 14
87 592
87 374
87 1400
87 116
87 153
87 1401
87 124
87 274
87 524
87 832
87 1402
87 1312
87 1403
87 323
87 164
436 684
436 333
436 1048
436 1016
436 59
436 217
436 743
436 440
436 603
436 136
436 904
436 164
1139 1007
1139 597
445 1032
445 217
898 58
898 242
898 931
898 50
898 88
898 1404
898 61
898 394
898 365
898 237
898 1405
898 779
2174 879
41 460
1563 583
1563 8
1563 1406
117 597
117 351
117 50
1740 1407
634 1100
1766 5
2175 928
2176 863
857 82
2177 922
2178 609
1461 1408
1484 30
1484 322
1484 887
2179 82
504 1141
504 1156
504 333
504 153
504 360
504 107
504 62
504 28
2180 157
1409 1409
1136 543
1136 1410
1136 373
1136 157
2181 1059
1856 100
25 327
25 164
25 1411
25 655
25 890
25 32
25 1407
25 1412
25 234
1281 1413
1281 90
1281 281
1281 1414
1281 96
1281 320
1281 50
1281 851
1281 1415
933 658
933 80
933 1416
933 1417
933 1418
933 1419
933 247
933 512
933 1420
933 959
933 1421
933 1422
933 17
804 102
611 1423
611 1424
2182 139
2182 4
1214 422
325 1219
325 39
325 164
325 686
325 967
2183 1425
664 361
664 1426
2184 771
96 1427
96 546
96 1428
96 1429
96 96
96 1430
96 351
96 410
96 1168
96 353
96 1281
96 34
96 830
96 107
96 1431
96 1432
2185 61
60 59
60 366
60 501
60 537
330 407
330 131
330 143
330 597
330 483
330 241
330 1433
330 1434
330 1435
330 1404
330 1436
330 176
330 1437
568 1438
568 796
709 622
709 1439
709 1440
709 681
709 1441
709 142
709 1442
709 1443
709 514
1584 1271
198 1444
367 1445
367 114
367 1072
1075 1446
281 379
281 80
281 1447
281 281
281 142
281 297
281 1448
281 1216
1928 946
1928 1449
859 1450
859 1451
2186 1420
2186 1452
660 960
936 1453
936 1454
214 375
214 59
214 200
214 52
214 358
1594 1327
1690 80
1690 523
1690 164
1232 7
76 732
76 1043
76 101
76 164
76 483
76 607
76 879
76 1455
76 1456
76 319
76 1457
76 260
76 1458
76 1459
76 1460
76 183
76 660
76 372
2187 48
245 810
245 697
245 32
243 64
243 375
243 638
243 165
2188 36
532 1461
532 32
532 1462
532 1452
532 1408
543 1136
543 592
543 1
543 353
543 1463
543 133
543 611
543 864
543 167
543 34
543 716
543 1464
543 233
543 110
543 1465
543 271
543 1466
543 3
543 26
543 124
543 542
543 155
543 1010
543 948
543 305
543 265
2189 1467
1034 1344
1034 274
1034 276
2190 101
212 1468
1963 1469
775 393
775 1125
775 1470
120 1471
1036 1472
1394 1473
1174 881
1174 1474
1174 418
1174 1475
1174 88
1174 1476
1174 258
1174 69
679 59
1382 517
2191 750
30 1427
30 1477
30 1478
30 1479
30 1480
30 1481
30 1482
30 1483
30 720
30 1484
30 850
30 1283
30 102
30 1485
1164 416
1164 61
522 1037
522 1486
522 863
522 378
2192 1487
380 188
801 1488
165 110
165 233
165 1489
165 361
165 913
1125 775
1125 1490
835 32
835 76
2193 411
372 0
372 596
372 32
372 121
372 996
327 483
327 1048
327 399
327 393
327 1491
327 1163
327 1089
327 1492
1477 30
118 228
118 36
118 1493
118 167
118 597
233 1182
233 630
233 259
233 1404
233 1494
233 1495
233 1496
233 530
233 1497
233 505
233 1498
233 707
233 1314
233 165
233 34
233 330
233 143
233 1499
233 69
233 1436
1096 1097
1096 1500
1096 58
205 99
205 470
205 52
205 1501
57 363
57 1502
57 501
57 1503
57 61
57 17
985 653
985 234
985 1504
1946 87
1946 443
1314 353
1314 320
1314 8
1314 1505
2194 87
978 653
978 28
949 1506
949 32
949 949
949 34
1220 7
1489 165
2195 860
1923 1065
698 433
493 874
493 1507
493 1508
493 1071
493 11
493 404
2196 1182
1858 164
1858 100
828 1509
1694 554
907 1510
907 888
1449 1506
486 1173
2197 153
2198 164
2198 272
1345 493
921 1052
921 148
1413 1511
1413 1512
1413 1281
1870 496
39 18
39 133
39 375
39 416
39 734
39 549
39 325
39 1513
39 305
39 15
39 267
39 675
39 59
791 326
791 734
791 232
791 3
1632 47
2199 1514
899 242
899 897
975 1124
975 855
975 450
975 46
1855 93
353 373
353 915
353 1515
353 1516
353 13
353 543
353 681
353 500
353 154
353 1517
353 419
353 855
353 1431
353 904
577 221
577 14
577 734
577 874
577 740
577 76
1312 1014
1312 786
1312 1405
239 1518
239 175
239 1519
480 997
1961 153
444 375
444 1022
756 1520
756 164
1239 7
2200 34
716 22
716 716
716 543
716 1521
716 1305
716 142
716 866
716 105
716 998
716 1522
716 1523
2201 1277
508 367
508 1047
508 1071
1727 279
1727 1524
166 333
1569 221
598 1525
598 1526
598 136
598 134
598 123
2202 34
316 1527
316 39
316 32
316 221
590 375
590 320
590 1528
590 21
1551 158
1529 1529
1529 1530
1529 535
2203 90
984 650
2204 352
1123 609
967 1328
967 1531
967 399
967 1532
967 967
967 440
967 325
967 850
967 1533
1475 8
215 216
1514 565
1514 1534
541 684
541 1535
541 1536
541 436
541 1537
541 201
541 11
418 248
418 788
418 175
418 1531
2205 213
438 51
438 902
438 694
1419 300
2206 1108
742 14
742 59
742 1538
742 102
217 406
217 320
217 436
217 9
217 889
217 1196
217 445
987 996
987 1539
987 713
987 235
987 436
987 817
256 710
256 786
256 418
256 951
201 80
201 71
201 1540
201 1541
201 1542
201 1543
201 1
201 541
201 1063
201 726
201 100
201 399
201 418
201 1391
201 310
201 710
201 344
201 1544
201 809
201 674
201 333
201 1512
201 1545
201 888
201 923
201 1546
201 436
201 50
201 1547
201 838
201 151
201 1548
201 1549
158 712
158 1550
158 1423
158 309
158 692
158 1551
1319 1552
1319 633
1319 1219
1319 1100
388 843
877 274
877 34
724 32
724 464
170 110
1016 9
1016 817
1089 1553
1089 327
1089 1554
2207 68
1746 58
1543 236
1543 8
1543 309
1543 507
1543 15
1543 1555
1543 201
1543 597
763 237
225 882
1556 1556
1857 100
93 3
93 67
93 154
93 105
93 211
93 265
1249 1273
1249 1280
2208 157
101 413
101 1467
101 101
101 435
101 59
399 1557
399 3
399 794
399 201
399 967
399 1512
399 287
399 15
399 988
399 288
399 378
399 164
1725 597
1725 14
1725 59
1725 1545
1725 1084
1725 1293
2209 1558
2210 195
1588 1559
295 117
295 133
295 833
295 1506
295 32
295 221
295 275
560 1560
812 875
812 223
1745 1561
1745 741
1745 433
1745 1562
1745 58
2211 619
1722 1150
1919 230
583 609
583 116
583 1563
583 21
583 1020
866 716
866 536
1512 1413
1512 506
1512 1511
1921 996
2212 531
1613 218
156 96
156 863
156 8
1438 568
1438 1063
1438 1564
1438 1565
776 237
1566 655
1566 1566
1566 1567
1134 240
1216 1568
1216 281
1297 794
723 32
939 14
939 34
1333 592
1177 1569
1177 956
1177 791
1947 1570
1947 333
1947 655
2213 1571
2213 32
874 309
874 1572
874 597
874 129
874 136
1252 7
808 1573
808 149
790 584
1309 1358
1309 595
1309 223
646 59
646 1574
646 432
646 1179
534 32
712 407
712 100
712 1490
712 487
712 274
712 441
712 157
1029 1084
1823 567
819 15
1176 411
2214 716
1131 732
1131 1575
1131 414
1131 1061
1131 182
1131 1576
1131 234
754 987
754 43
754 716
2215 1577
707 887
707 162
707 567
707 519
707 159
265 1227
265 236
265 259
265 1150
265 235
265 543
265 523
265 1578
265 50
265 1579
265 708
265 234
1681 1155
2216 59
2217 515
2218 1074
544 1580
115 1581
115 34
115 320
115 1582
2219 838
2219 498
2219 1583
1313 734
1313 69
1313 88
121 483
121 95
121 148
121 1074
121 749
121 1584
121 265
2220 1334
2221 603
1226 7
872 136
872 383
872 142
872 252
872 98
67 1054
67 1585
67 874
67 1586
67 1587
67 32
67 1169
67 524
67 258
67 1095
246 223
246 605
246 418
246 1578
246 827
246 28
246 1383
627 537
627 333
627 688
906 598
906 1523
1559 1588
1559 529
322 1589
322 482
322 297
322 88
322 928
322 1590
490 404
268 253
268 1591
268 191
268 406
533 14
533 500
533 1449
533 1592
1081 164
1081 1593
1081 50
2222 1457
1862 1594
1862 1595
1862 1596
741 164
741 14
741 1597
741 1598
741 1599
741 1600
741 1601
741 1602
617 842
677 1294
677 204
677 335
677 812
677 100
677 678
677 59
677 465
677 574
677 2
677 211
677 738
677 671
677 1603
174 689
174 175
174 532
174 340
174 1
174 69
174 852
565 1155
1049 916
1485 30
1750 407
2223 1604
276 280
276 1125
276 1605
276 1034
1298 794
1471 120
1256 142
391 1606
391 111
391 1607
1922 1065
71 580
71 727
71 121
71 50
71 319
71 525
71 74
71 9
71 1243
71 881
71 891
71 1608
71 32
71 207
71 240
71 257
71 403
71 860
71 8
71 673
71 1609
71 1208
71 1610
71 61
71 448
71 1611
71 1612
71 904
71 187
71 1613
71 188
71 129
71 1614
71 27
71 796
71 655
71 1615
71 1215
71 130
2224 1616
2224 374
50 899
50 47
50 1617
50 137
50 1618
50 71
50 359
50 967
50 1619
50 309
50 506
50 1
50 1281
50 831
50 1620
50 124
50 726
50 681
50 733
50 898
50 352
50 915
50 1621
50 223
50 464
50 1622
50 1468
50 1623
50 615
50 190
50 34
50 226
50 574
50 876
50 1280
50 14
50 1058
50 652
50 320
50 583
50 1624
50 1081
50 1625
50 272
50 330
50 1626
50 1627
50 201
50 1628
50 672
50 517
50 1629
50 318
50 3
50 483
50 596
50 1161
50 142
50 1314
50 1036
50 618
50 410
50 1630
50 297
50 486
50 1631
50 1509
50 1632
50 1633
50 358
50 1634
232 1635
232 281
232 601
232 655
232 153
232 1065
232 32
232 1
232 791
2225 32
497 792
497 1636
497 1637
497 348
497 1638
1726 279
1639 1639
1639 82
2226 1640
2226 121
1852 88
1852 515
1852 1641
2227 1642
2227 98
2228 1174
216 51
216 100
216 1643
216 218
216 978
216 1032
216 220
1166 504
1166 61
609 143
609 597
609 464
609 1123
609 1644
609 1645
609 1634
1302 892
768 652
768 237
2229 445
811 153
811 504
811 195
811 505
809 295
2230 1646
1775 195
1775 1647
633 347
633 905
633 318
605 1648
605 607
605 246
605 143
347 1649
347 143
347 633
347 1650
347 107
347 1651
1469 1603
1713 374
1350 302
476 928
476 478
369 996
369 1652
369 28
369 353
369 1217
140 293
140 686
303 768
303 833
303 460
303 195
303 1653
303 1654
303 1153
303 275
1182 1086
1182 1512
1182 353
363 1172
363 68
363 1655
1180 576
1143 1656
1143 135
1143 653
592 1047
592 7
592 592
592 459
592 1333
592 1657
592 1658
592 87
592 1659
592 1660
592 525
592 1661
592 32
592 160
592 1662
592 1100
592 698
592 1663
592 294
592 1664
592 1665
592 1666
592 1667
592 1668
592 1488
592 904
592 1669
592 1670
592 318
592 102
592 628
592 1671
592 951
592 505
592 814
592 1265
592 777
592 1672
1576 1131
2231 93
365 530
365 1673
365 88
365 1674
365 1675
365 1676
365 1677
365 81
365 82
435 484
435 427
435 1678
435 142
2232 1597
2233 1679
1155 1680
1155 357
1155 1681
314 336
314 413
314 311
314 195
314 1682
314 665
1683 1683
1683 467
2234 710
2234 1100
1915 1684
1099 1318
1099 1198
855 1121
855 2
855 353
1827 124
2235 149
251 1341
1179 394
1179 558
154 353
154 1685
154 1686
154 41
154 1687
364 356
364 1426
6 53
6 1504
130 132
896 1688
80 1047
80 281
80 137
80 515
80 50
80 309
80 1
80 933
80 53
80 1500
80 1689
80 100
80 393
80 1690
80 1622
80 32
80 76
80 133
80 14
80 262
80 1691
80 1692
80 1014
80 1693
80 241
80 195
728 153
728 116
1701 548
2236 28
1541 14
1541 572
1441 843
1441 709
554 1694
554 527
554 743
554 967
913 436
913 1695
913 221
1163 61
309 80
309 375
309 245
309 126
309 50
309 365
309 1696
309 874
309 82
309 906
309 69
309 770
309 817
309 131
309 534
309 1004
309 1697
309 581
309 1215
309 158
309 1698
309 153
309 372
309 1633
309 358
992 142
74 8
74 1699
74 71
74 858
74 1245
74 1700
74 155
74 538
74 1701
74 462
74 536
74 275
74 333
993 76
993 142
234 164
234 56
234 14
234 1702
234 1703
234 1169
234 1651
234 1575
234 683
234 39
234 1704
234 1705
234 1706
234 1707
234 77
234 265
234 83
1397 342
1327 1708
1327 797
1327 1594
145 53
145 875
145 731
145 65
798 1077
798 1206
798 234
798 183
689 574
689 174
689 62
689 817
689 124
2237 812
942 34
1603 1470
1603 1469
86 1243
86 100
86 61
962 43
962 1328
962 922
98 1328
98 872
98 843
98 59
98 1709
98 967
98 26
98 368
98 551
1453 936
1453 643
1453 78
1453 1332
1453 1007
1453 11
1188 164
2238 131
1530 265
374 1710
374 1711
374 32
374 654
374 1301
374 13
374 768
374 1569
374 1616
374 87
374 0
374 195
374 737
374 1571
374 1602
374 1509
374 1375
374 1712
374 1713
326 791
635 207
1304 1099
1304 652
2239 1714
1787 655
911 14
911 502
911 1715
911 38
911 271
940 662
321 966
258 1472
258 1364
258 68
258 669
258 260
870 164
870 1716
870 409
870 230
870 8
870 136
870 749
870 1192
870 494
870 988
870 965
996 1717
996 27
996 369
996 888
996 368
996 987
396 59
396 734
396 1718
396 1323
915 221
915 45
915 727
915 1719
915 506
915 76
1567 71
1567 83
149 38
149 794
149 905
149 1720
149 808
149 428
149 786
1040 1721
600 227
600 142
1884 124
1839 875
1374 28
331 886
331 221
331 223
331 483
331 1058
331 95
331 1714
331 1722
331 1695
331 1192
331 1151
331 1723
331 322
331 100
331 31
331 63
378 50
378 1682
378 133
378 522
1293 1724
1293 311
1293 1725
1053 697
1053 51
294 592
294 275
267 1487
267 142
279 1726
279 359
279 50
279 1209
279 1727
357 1155
357 1092
357 182
357 55
1208 982
1208 133
1208 71
1395 51
789 454
596 50
596 123
596 372
596 199
1526 598
449 1073
449 818
449 190
2240 1254
647 849
889 51
889 1728
889 286
889 183
777 592
179 1065
1294 1388
1294 278
1294 677
1294 673
1051 697
1162 28
1162 61
1853 32
1853 48
1853 34
465 1729
465 139
465 464
465 713
465 27
465 655
465 628
465 15
465 1730
465 989
465 671
523 881
523 464
523 684
523 1121
523 32
523 1548
523 265
1612 71
481 997
481 1731
481 1732
467 1024
467 1515
467 399
467 241
467 142
467 302
467 14
467 33
467 108
467 1683
467 1591
467 1733
2241 333
593 1345
2242 102
650 1734
650 1219
650 713
2243 876
2 836
2 976
2 1127
2 358
2 1472
2 880
2 1735
2 20
2 210
2 855
2 211
2 1587
2 677
2 671
1444 707
1444 1736
1444 299
1903 151
710 1737
710 1721
710 375
710 1222
710 638
710 525
710 287
710 772
710 1738
710 184
710 1331
710 164
710 100
710 710
710 372
710 818
710 1060
710 73
710 629
710 855
710 919
710 3
710 1131
710 679
710 1333
710 195
710 392
710 305
710 83
693 735
693 436
693 1541
693 817
1195 164
432 1739
432 69
432 356
1407 25
1407 1740
1407 1741
211 261
211 643
211 54
211 333
1128 1122
1128 1742
2244 1743
342 261
342 797
2245 134
1265 592
986 713
778 82
778 237
778 517
1383 246
36 1744
36 1651
58 898
58 1182
58 1047
58 1745
58 285
58 914
58 1198
58 498
58 1746
58 15
58 288
2246 1271
1881 69
1891 555
1891 1747
1891 8
1891 483
1891 195
1891 494
1891 81
815 15
2247 216
1819 514
441 832
207 599
207 684
207 418
207 121
207 148
207 73
207 61
207 1748
207 15
207 78
207 1749
1602 741
1602 374
407 712
407 1750
407 1751
407 1752
407 1432
1073 449
1073 1651
2248 107
572 545
572 1541
320 1753
320 1754
320 217
320 1755
320 465
320 1205
320 285
320 50
320 153
320 434
320 1
320 1314
320 629
320 416
320 15
320 425
320 1756
320 590
1211 668
1211 129
1211 843
1211 1757
1211 1059
1211 134
1211 32
1211 219
1211 1067
1211 443
2249 21
1789 406
1337 247
1706 234
970 1271
970 1591
753 43
1326 151
1326 73
2250 127
1106 1758
1106 348
1106 98
830 1759
830 437
1788 860
1788 1760
1788 654
2251 265
447 826
423 131
1198 1099
1198 921
1198 164
1198 58
2252 887
1425 765
1425 681
416 469
416 768
416 515
416 48
416 1063
416 1025
416 1761
416 1762
416 966
416 75
416 39
416 28
416 213
416 323
416 1520
416 221
416 333
416 90
416 320
416 555
416 537
416 263
416 1763
416 498
416 108
416 361
416 114
1695 331
691 362
691 817
1443 709
403 48
403 71
403 196
335 202
335 674
335 1207
335 59
335 261
335 677
2253 26
854 1764
2254 775
720 30
720 566
107 515
107 716
107 104
107 96
107 1765
107 1766
107 74
107 347
1818 514
336 1767
336 240
336 164
336 1500
336 314
278 1294
278 81
278 199
603 436
603 1768
603 88
1486 522
305 1219
305 935
305 39
305 543
305 806
547 1769
1837 1770
450 240
29 1373
29 1771
530 1427
530 32
530 245
762 237
762 779
1 80
1 469
1 406
1 727
1 1772
1 487
1 286
1 9
1 164
1 228
1 1361
1 1773
1 1774
1 1775
1 248
1 492
1 61
1 1776
1 201
1 864
1 174
1 1054
1 814
1 1777
1 55
1 595
2255 171
2256 533
1553 1089
1553 474
1553 183
1063 131
1063 295
1063 1778
1063 416
1063 1779
1063 80
1063 1780
1063 1781
1063 240
1240 7
881 396
881 129
881 1525
881 59
881 734
881 1718
881 32
881 648
881 1442
881 71
881 1782
881 875
881 1067
184 1516
2257 5
252 872
1028 1783
851 1156
851 300
851 584
851 416
851 26
851 142
851 655
851 82
851 1415
851 81
1833 77
1833 978
132 133
132 1129
132 130
2258 1784
2258 1180
2259 17
338 261
338 187
338 34
1428 96
2260 1381
895 167
895 825
2261 183
2262 360
923 61
2263 1499
1611 71
2264 1541
2265 858
655 1785
655 465
655 1566
655 1786
655 232
655 1787
655 190
655 1570
655 28
655 237
655 82
2266 347
1561 1745
645 670
645 734
645 124
645 196
645 1115
1760 1788
924 353
406 253
406 76
406 726
406 142
406 1789
574 1790
574 814
574 54
574 563
574 677
1894 295
1894 8
1085 865
2267 1679
1574 850
1574 190
1724 1293
1203 1728
1203 91
1203 464
1203 1791
1203 524
1276 543
2268 34
1360 1792
1360 914
1360 373
1360 14
2269 1793
2270 1174
2270 646
1661 592
1844 289
1742 181
858 133
858 455
858 1244
858 74
858 226
858 201
858 275
1362 373
1362 995
1362 129
1362 151
1362 538
1362 100
1362 777
1362 1101
356 364
356 432
356 176
2271 1794
35 51
35 108
35 473
35 1795
425 131
425 101
425 133
425 164
425 418
425 320
425 21
425 1796
425 1404
425 1797
425 15
425 900
425 175
1212 546
1700 74
1861 729
1861 1798
1861 525
1861 1275
2272 1058
2272 545
2272 272
2273 131
2274 1799
1809 297
1809 1800
1809 1801
878 114
878 136
1375 1372
1375 28
1316 336
1672 592
2275 1802
2276 26
479 478
1019 9
1019 8
1113 713
1936 860
861 169
219 843
219 59
219 512
219 890
219 1211
219 444
1952 14
976 211
976 2
976 967
976 210
976 142
1071 1190
1071 26
1071 508
1071 1803
1071 1404
1071 493
922 1804
922 1052
922 962
1296 1805
2277 987
1258 1806
1258 652
1258 1223
721 486
721 464
2278 179
2279 875
2279 1807
1623 50
730 507
651 1808
651 1074
651 1219
17 933
17 216
17 57
17 218
17 545
17 1032
17 220
1241 1380
289 275
1806 1258
839 1504
839 620
839 223
1245 7
1245 74
2280 162
1801 1809
2281 732
2281 710
2281 61
2282 1744
606 143
2283 1810
760 1766
760 1811
760 1812
47 353
47 50
1876 88
1876 1813
1933 860
1933 361
556 1156
556 32
556 182
556 1814
556 796
2284 14
764 237
1879 167
395 8
395 1815
1370 28
1370 1317
2285 741
2285 1039
2286 1126
1867 1653
1867 548
1648 605
1648 1816
1648 1817
2287 698
2287 32
856 875
1193 28
1193 164
1940 371
1940 966
2288 898
1800 9
1800 8
514 43
514 709
514 1818
514 1819
1020 803
1020 275
735 1351
735 360
735 1592
2289 153
299 1591
299 275
299 1444
1130 240
1130 875
2290 619
829 674
829 418
829 738
829 248
567 1484
567 1820
567 104
567 697
567 796
567 1821
567 34
567 1822
567 833
567 707
567 1823
567 1020
567 1824
567 1159
567 800
506 915
506 102
506 469
506 505
506 153
506 1512
506 62
506 472
506 1825
124 689
124 9
124 1826
124 164
124 104
124 543
124 1770
124 88
124 50
124 1219
124 589
124 87
124 670
124 81
124 645
124 1827
124 597
1199 88
1199 164
1943 286
451 1496
241 80
241 281
241 250
241 897
241 21
241 352
241 135
241 360
241 82
241 1828
241 1633
241 734
1427 3
681 860
681 713
681 1829
681 1439
681 26
681 153
681 353
681 348
681 1830
681 240
681 1831
681 1832
681 1833
375 243
375 223
375 247
375 771
375 21
375 309
375 155
285 58
285 697
285 77
285 320
285 433
285 32
285 492
285 275
344 261
344 249
394 1179
463 470
463 673
463 99
1331 710
1331 1341
1048 380
1048 327
1048 175
1048 991
1048 899
1048 1834
1048 414
1048 1835
1048 1836
1048 436
1048 128
1048 333
1141 333
1141 1133
1770 1837
1770 124
1361 712
2291 81
875 380
875 1130
875 223
875 1838
875 624
875 1839
875 1415
875 1442
875 258
875 1840
875 187
875 372
561 14
561 393
561 500
520 1841
929 1817
929 1842
929 126
929 1843
929 50
929 1185
929 164
2292 1059
1718 881
1718 396
972 578
972 1693
1752 407
767 237
1022 223
1022 444
1629 50
1838 52
1132 318
2293 353
2294 1149
509 4
1157 226
1157 275
1157 934
1845 1844
1845 1845
917 103
1945 597
1945 14
1945 120
1945 88
1945 1010
1945 1256
1448 1846
1448 281
2295 881
2296 989
54 1309
54 373
54 223
54 1847
54 480
54 843
54 643
54 358
54 677
54 671
199 1520
199 278
199 596
199 138
199 527
199 34
1902 82
1920 230
938 142
938 34
738 135
738 829
738 812
738 248
2297 622
1733 1205
1473 905
1473 1394
1411 25
1411 1149
1411 1014
1709 3
106 296
106 32
106 1848
628 997
628 373
628 465
628 213
628 688
2298 769
427 1045
427 1849
427 1305
427 1850
427 63
427 435
427 420
916 14
916 221
916 1049
901 1851
1883 69
414 799
692 158
48 1852
48 1054
48 129
48 1853
48 360
48 136
48 32
48 88
48 441
48 61
48 416
48 403
48 536
2299 905
1292 1293
193 352
193 1854
193 90
193 525
100 80
100 728
100 1362
100 1855
100 1856
100 1463
100 1587
100 1857
100 1175
100 898
100 658
100 216
100 100
100 1858
100 1859
100 1694
100 331
100 860
100 131
100 1860
100 183
100 712
100 677
100 744
100 1861
100 152
100 142
100 1719
100 269
100 195
100 1007
1757 1211
966 416
966 321
1595 1862
759 7
759 393
759 839
759 505
759 1863
759 234
2300 305
1408 1461
1408 1864
1408 532
2301 1052
2302 864
2303 689
792 311
792 1763
2304 1346
680 59
2305 15
1122 240
1929 844
1929 129
2306 854
1813 88
1813 164
1813 61
1825 506
1593 644
1593 1865
1149 1866
1149 1411
1149 401
1149 1385
548 232
548 548
548 1867
548 1701
548 136
1401 10
1401 1121
1401 87
2307 646
1135 240
2308 860
2308 1868
266 538
511 100
511 401
521 741
521 1841
1004 142
749 68
749 108
749 176
286 14
286 538
286 889
589 21
1321 401
1321 34
393 474
393 80
393 1010
393 1414
393 759
887 1484
887 281
887 1179
887 546
887 460
887 32
887 707
887 190
887 1487
887 5
111 682
111 1009
111 964
111 168
111 1869
111 1523
2309 353
1070 1678
957 81
1101 1357
1064 1155
1064 104
673 1294
673 59
673 71
2310 79
666 134
666 472
666 50
604 143
1794 923
1637 497
1873 833
197 352
1045 63
1045 427
1622 50
127 178
496 1870
1092 509
1092 357
1092 285
1092 1360
439 482
439 1871
439 1032
439 240
705 235
1714 258
1714 331
1714 223
1828 241
1893 8
1468 212
2311 1872
1069 834
452 126
2312 32
883 26
1780 713
973 4
1815 395
799 414
1279 1058
833 1227
833 117
833 567
833 1222
833 661
833 34
833 875
833 128
833 69
833 1873
1835 1048
1865 1593
187 71
187 338
187 1874
187 956
187 1516
1756 320
1756 1369
1756 904
146 269
146 131
146 428
1369 28
1369 901
1369 1756
951 256
951 646
662 361
662 940
2313 275
1147 482
564 59
564 670
564 967
564 686
564 796
2314 543
2314 1875
1540 201
1540 1540
1540 797
1540 527
1467 101
1467 1505
88 1876
88 661
88 524
88 603
88 48
88 994
88 1813
88 164
88 221
88 794
88 94
88 322
88 217
88 101
88 900
88 1877
88 453
88 1054
88 1199
88 127
88 342
88 1174
2315 126
2315 1810
2316 1878
2316 1108
355 551
2317 115
1207 202
1207 335
1846 1448
1608 1879
1764 854
257 236
257 786
257 644
257 1880
257 610
69 174
69 1881
69 713
69 216
69 432
69 1174
69 1313
69 233
69 1882
69 1883
69 309
69 106
69 1384
69 1884
69 1185
69 1404
69 833
345 261
1753 153
1753 320
8 1885
8 71
8 1019
8 493
8 1475
8 1543
8 1219
8 74
8 53
8 275
8 8
8 395
8 9
8 1886
8 164
8 734
8 1887
8 1888
8 150
8 1889
8 1432
8 1800
8 1890
8 1891
8 332
8 1717
8 156
8 3
8 1892
8 1314
8 1893
8 155
8 195
8 1797
8 1894
1170 61
1935 860
1255 860
607 1492
607 1084
607 143
607 1669
1864 1408
377 235
2318 182
1668 592
340 108
1832 50
1832 1795
300 1419
2319 1895
1734 1411
1734 1896
2320 14
2320 234
2320 1072
2321 1406
2322 318
2322 1897
2323 93
306 295
306 275
306 281
551 204
551 838
551 712
551 98
551 1898
551 355
727 1359
727 915
727 7
727 1323
727 1899
727 190
727 1080
727 1101
885 32
459 592
459 1026
459 70
459 1678
442 1032
442 1416
442 358
366 1643
366 188
366 221
366 60
2324 729
172 681
1500 1096
1500 80
1500 336
864 164
864 223
864 543
864 833
864 1
864 157
1896 1734
1234 7
82 1012
82 1397
82 1900
82 584
82 1901
82 14
82 241
82 142
82 136
82 1902
82 108
82 309
82 240
82 857
82 1339
82 1903
82 365
82 39
82 1639
82 778
82 851
795 1442
795 694
405 48
405 1904
405 1258
405 1905
405 742
405 1906
405 229
405 914
405 1907
405 1538
405 1560
405 1908
405 1909
405 1910
405 256
405 1911
405 1912
1774 1
323 308
323 864
323 223
323 14
323 416
323 148
323 377
323 1590
323 5
2325 32
1213 887
297 281
297 322
297 142
297 1809
297 32
297 20
297 435
1082 1206
1082 677
2326 105
2326 1913
1625 50
701 1463
701 1914
582 164
582 199
1150 119
1684 1915
2327 302
2328 372
1272 1744
1272 36
1272 126
1363 373
1363 812
1364 258
1364 373
2329 142
412 131
412 711
412 1185
1039 1916
1218 459
1218 592
1218 160
1570 467
1570 655
2330 1917
1344 537
1344 505
578 972
578 740
578 1918
1430 96
832 441
2331 8
392 716
392 153
392 1192
392 34
392 392
392 271
2332 250
230 1919
230 227
230 599
230 897
230 1920
230 655
230 1786
230 1921
230 32
230 1020
230 15
230 1032
230 870
230 69
1771 1061
1506 949
1506 1449
1506 638
1506 164
1065 1922
1065 164
1065 104
1065 1923
1065 681
1065 460
1065 232
2333 1531
1291 311
1291 737
70 359
70 1474
70 223
2334 486
2334 1381
129 996
129 48
129 598
129 874
129 1924
129 1508
129 1211
116 236
116 373
116 581
116 145
434 965
434 538
434 50
641 108
1707 234
1549 201
66 200
66 940
457 126
400 1120
400 131
400 991
400 1925
1522 1926
1522 924
1522 534
1522 50
1342 1271
671 775
671 59
671 465
671 1358
671 2
671 1732
671 213
430 90
2335 61
2335 940
2336 1520
1765 936
1765 1927
2337 621
2338 966
643 475
643 211
643 373
643 108
2339 32
2340 713
2341 52
1960 1763
2342 1797
946 1928
946 1582
2343 164
2343 34
1002 142
1786 655
695 259
868 432
868 136
2344 1929
638 1506
638 1930
638 1679
638 59
638 675
638 1532
638 655
638 833
638 502
638 19
638 749
638 1
638 61
638 1931
638 226
638 262
638 825
1061 1520
1061 611
1061 1131
1061 1771
1061 460
1061 797
2345 1182
2346 1461
1917 3
1917 34
661 88
661 1117
2347 464
2348 278
2349 14
2349 1932
1274 190
2350 1414
1277 732
1277 1205
2351 610
2352 114
860 1933
860 133
860 1934
860 1048
860 1068
860 14
860 681
860 1935
860 1255
860 1936
860 765
860 1788
1747 32
1144 887
324 1590
324 5
474 555
474 329
944 34
2353 1937
2354 51
1560 14
1560 405
109 134
1119 1938
1119 240
1119 887
1119 234
1005 1939
1005 142
371 1940
371 1941
371 164
1257 7
1161 1359
1161 294
1161 863
1161 853
1161 32
1161 1297
1161 61
1450 859
1008 278
397 1355
397 32
397 329
397 1014
33 467
33 32
33 194
402 1797
402 119
40 847
40 5
40 727
40 566
1215 1
1215 71
1215 309
1215 232
1215 1942
1215 34
1447 306
2355 15
1496 381
1496 151
1496 233
1496 1101
1496 451
1496 1126
955 1943
1148 234
113 1944
487 712
1010 393
1010 1009
1010 105
1010 1945
1041 1721
672 375
672 59
672 1033
672 50
672 833
672 444
1078 527
1078 179
797 102
797 1946
797 221
797 1327
797 342
333 1141
333 1047
333 7
333 164
333 537
333 201
333 1048
333 627
333 1947
333 1850
333 211
333 504
333 555
333 1948
333 213
333 59
2356 1949
147 428
1273 1249
1231 7
2357 223
150 875
2358 68
1095 67
1354 398
1057 174
1531 1950
1531 418
1531 967
1531 199
2359 832
2359 441
14 732
14 80
14 1180
14 455
14 1951
14 1541
14 1945
14 142
14 1952
14 286
14 87
14 275
14 1725
14 220
14 1953
14 1954
14 101
14 143
14 164
14 1360
14 416
14 1955
14 21
14 467
14 182
14 1079
14 82
14 742
14 1442
14 361
14 860
14 373
14 1956
14 104
14 105
14 533
14 96
14 320
14 1059
14 248
14 644
14 327
14 632
14 1560
14 741
14 50
14 1957
14 1958
14 3
14 713
14 135
14 905
14 577
14 1414
14 1959
14 911
14 410
14 736
14 1293
2360 85
2361 195
566 796
566 40
566 167
1763 1740
1763 792
1763 416
1763 142
1763 1407
1763 1960
153 1156
153 1772
153 1753
153 1961
153 469
153 1180
153 1962
153 681
153 320
153 1367
153 1251
153 410
153 232
153 353
153 392
153 87
153 441
153 504
153 811
153 237
153 271
1513 39
1641 1852
1797 475
1797 1963
1797 425
1797 8
1748 760
1748 207
77 1964
77 319
77 1965
1406 1306
1406 1351
1406 1563
