194 0
194 1
194 2
194 3
10 4
10 5
10 6
10 7
10 8
10 9
10 10
10 11
10 12
10 13
10 14
10 15
1708 16
1708 17
1708 18
1323 19
1384 20
1327 21
1327 22
114 23
114 24
114 25
114 26
114 27
227 28
464 29
464 30
464 31
464 32
406 33
406 34
406 35
406 36
406 37
406 38
406 39
406 17
465 40
1996 41
1767 42
1313 43
1313 44
1313 45
1313 46
1313 47
791 48
791 49
791 50
1997 45
1997 51
1849 52
1998 53
1998 54
1651 7
1651 55
1651 56
1999 57
2000 58
2000 59
1284 60
1284 61
1284 62
1284 63
196 64
196 65
196 66
196 67
196 68
196 69
196 70
196 71
516 62
516 1
2001 72
145 73
145 74
145 75
145 76
145 77
1755 78
1902 79
1494 80
2002 81
1841 82
2003 83
1895 84
730 85
1944 67
1944 86
1944 87
1644 88
1391 89
131 90
131 91
131 92
131 93
131 94
131 95
131 7
131 96
131 97
131 98
131 99
131 85
131 100
131 101
131 102
131 59
131 103
131 104
131 105
1676 106
582 107
582 108
582 109
582 110
582 111
582 112
582 113
582 114
582 65
582 60
582 115
582 116
582 117
582 118
582 119
582 120
582 10
582 121
582 36
582 122
582 123
582 124
582 125
582 77
931 126
931 127
2004 128
104 129
104 130
104 3
104 131
1309 132
1309 133
1309 134
1309 135
1309 136
1309 137
1309 138
1309 139
1309 102
1309 140
1309 141
1309 142
1309 143
1309 144
1309 145
1309 146
1309 63
2005 7
2005 61
2005 147
2005 148
223 149
223 150
1513 151
1358 152
1052 110
2006 153
1485 70
1209 154
1209 155
1209 156
1209 157
1209 158
1209 159
1209 160
2007 161
1402 116
1402 162
1402 163
1402 164
1402 165
561 166
561 121
561 167
561 168
561 169
561 170
561 171
561 172
1938 61
1938 173
1061 122
708 174
708 175
470 176
470 40
470 177
1881 178
2008 179
2009 180
589 181
1690 67
789 182
789 0
789 183
1958 184
807 185
807 186
807 187
289 188
289 189
1121 190
2010 191
513 62
2011 120
71 192
71 193
71 194
71 195
71 196
71 197
71 198
71 5
388 199
388 200
388 201
388 152
388 202
388 203
388 204
388 205
388 206
64 207
64 89
64 208
64 196
64 209
64 210
64 211
64 212
583 213
599 214
599 215
599 216
1733 217
1733 218
1733 119
720 219
720 220
720 221
1984 222
150 223
405 182
405 13
405 224
405 225
405 226
405 227
1074 228
1074 229
1239 230
1239 31
1239 231
1239 176
510 232
510 233
510 172
1269 87
1269 234
2012 181
2012 235
2013 236
893 237
288 238
288 239
288 240
288 241
288 242
288 188
1445 60
981 243
981 244
1388 99
1621 245
89 64
89 76
89 246
89 247
2014 248
479 249
492 250
492 251
492 252
492 253
492 254
492 255
492 256
492 257
1436 258
1436 259
2015 260
2016 261
1168 262
999 263
1749 264
1749 265
1749 266
70 267
70 268
70 220
70 188
70 182
70 262
70 269
70 270
70 271
70 272
70 0
70 273
70 274
70 24
70 275
70 276
70 159
70 277
70 278
70 261
70 279
70 280
70 281
70 282
70 283
70 284
70 285
1073 286
1073 287
1271 87
188 288
188 261
188 154
188 289
188 70
188 175
188 189
188 290
1214 290
1214 291
1214 292
1214 52
2017 293
1789 294
1789 295
1682 296
1422 182
161 297
161 298
1742 299
1742 153
1742 300
1079 301
953 302
953 143
12 303
12 143
12 252
12 24
12 10
12 304
12 305
2018 306
837 307
837 308
1334 300
1334 309
1737 310
842 282
842 212
842 281
842 311
719 7
719 312
719 313
719 314
2019 315
455 316
455 317
455 165
905 318
905 319
905 298
1076 301
1262 320
2020 321
963 322
963 323
2021 324
2021 325
2021 326
1768 327
1768 70
1768 154
1768 328
2022 329
2022 330
694 331
694 332
694 333
694 49
694 334
321 36
321 335
321 208
1960 336
1960 186
246 337
246 338
246 236
246 40
246 89
246 212
246 339
246 340
248 341
248 342
248 163
2023 343
2023 49
2024 251
1873 344
1873 105
1273 87
911 345
911 78
1570 47
1570 346
1597 347
1597 348
950 349
950 350
1741 351
1741 352
566 353
147 354
147 176
147 65
147 355
147 59
147 356
147 357
147 341
1305 358
2025 249
2025 359
942 360
942 329
942 361
1213 362
685 36
685 363
685 364
866 365
866 366
866 367
866 258
866 175
866 368
866 369
866 306
2026 370
1007 371
1007 22
1007 372
1373 373
1373 374
1373 375
1373 376
1373 13
1373 377
1373 378
382 379
382 380
382 381
380 382
1017 29
1017 383
1017 384
1017 134
1356 74
1356 72
1356 385
1356 386
1356 387
1356 327
201 388
591 119
591 389
591 345
591 390
591 391
591 392
591 208
591 393
1581 394
1581 395
1382 396
1382 397
972 398
972 154
972 155
972 399
972 400
972 401
1583 402
403 403
2027 100
2028 205
2029 404
2030 405
95 406
95 407
95 408
95 409
95 410
95 131
95 411
95 412
95 413
95 414
95 231
95 415
225 416
225 417
225 418
225 419
564 87
564 420
564 421
564 422
564 211
564 39
1105 423
2031 424
222 425
222 426
280 174
280 5
2032 427
2033 428
913 429
2034 430
2034 273
123 55
123 431
123 50
426 355
426 432
426 324
426 222
426 433
242 434
242 435
242 436
242 239
242 379
242 437
242 242
242 438
242 439
2035 3
598 440
2036 441
1736 371
411 168
411 95
1474 442
1498 443
2037 444
2038 445
2039 387
344 55
344 186
344 346
344 121
344 105
749 251
25 114
1377 446
1377 282
1371 447
1692 67
397 182
397 448
397 40
397 449
397 450
397 128
397 451
1946 355
1946 452
316 453
316 454
316 455
316 456
316 457
316 59
316 212
316 458
316 325
316 459
316 460
462 461
462 462
40 454
40 13
40 463
40 333
40 303
40 102
40 464
40 65
40 465
40 361
40 85
40 246
40 29
40 466
40 467
40 143
40 468
40 40
40 469
40 470
40 471
40 60
40 472
40 473
40 319
40 474
40 475
40 79
1472 476
1472 477
2040 143
1798 418
706 176
706 478
706 193
706 13
706 40
706 479
706 356
706 480
706 168
706 481
908 416
908 482
908 483
181 484
181 9
181 157
181 13
181 327
181 485
181 160
181 93
181 486
181 487
181 271
181 149
181 488
181 181
181 50
181 489
181 370
181 159
181 448
181 274
181 261
181 490
181 491
181 163
181 492
181 493
181 494
2041 24
1809 495
1809 496
1809 497
1809 498
690 59
690 499
690 264
2042 500
2043 473
2044 501
1304 502
1304 363
108 503
108 183
1300 504
2045 242
2045 481
224 77
224 13
224 163
224 505
224 506
678 13
678 507
678 155
678 508
678 259
232 249
232 4
232 509
232 510
2046 170
62 107
62 511
62 512
62 513
62 379
62 10
62 98
62 221
62 514
62 124
62 515
62 516
62 186
62 517
62 518
15 490
810 186
1747 519
1046 60
1046 235
1046 520
1046 489
1046 521
1046 522
1046 523
1046 163
1614 467
1614 214
1614 524
1614 525
592 526
592 527
592 528
592 13
592 520
592 529
592 530
592 531
1172 532
1172 533
1172 534
1172 535
1223 55
1504 536
1504 422
802 537
802 538
802 539
802 540
2047 541
381 542
381 543
381 382
381 544
381 545
381 546
381 547
381 548
2048 83
701 475
701 304
247 89
172 549
172 550
172 551
172 165
172 552
172 131
172 440
172 372
172 553
172 554
172 182
172 65
172 448
172 555
172 254
172 556
172 97
172 557
172 558
172 559
172 217
172 349
172 481
172 273
172 211
172 560
172 561
172 105
172 562
172 393
172 563
172 564
172 565
172 566
172 121
172 94
172 55
172 567
172 568
172 499
172 163
172 569
172 570
172 571
172 572
172 17
172 573
172 574
818 575
1145 26
1145 163
1145 69
1145 576
1145 577
1145 578
1145 102
1145 579
803 181
803 186
803 493
1740 580
115 143
115 581
115 582
661 13
213 583
189 542
189 584
189 289
189 585
189 586
189 241
189 188
189 587
1003 99
1003 421
1003 414
1003 588
1003 156
2049 378
2050 589
390 590
390 591
529 592
529 356
529 593
717 424
1166 594
1166 117
1166 91
1166 110
2051 595
2052 596
2053 597
98 598
98 599
98 379
98 600
98 601
98 602
98 552
98 603
98 372
98 338
98 604
98 605
98 182
98 74
98 606
98 93
98 607
98 312
98 608
98 609
98 610
98 558
98 611
98 612
98 217
98 613
98 614
98 62
98 7
98 40
98 615
98 616
98 617
98 618
98 619
98 370
98 620
98 621
98 622
98 251
98 623
98 293
98 624
98 240
98 163
98 625
98 626
98 627
98 356
117 29
117 105
117 7
117 628
117 463
117 360
117 629
117 102
117 630
117 217
117 631
117 121
117 548
2054 110
1905 96
1063 43
1063 511
1063 632
1063 633
1063 22
1063 634
1063 322
1063 635
1063 636
1063 573
1063 637
2055 520
722 638
722 639
878 13
878 121
1578 396
1578 212
1578 63
1893 640
920 183
830 319
830 236
631 631
631 117
1988 641
763 95
819 331
814 627
814 642
814 208
814 165
1311 50
1311 643
1560 644
549 645
549 116
549 646
549 499
549 647
549 648
549 649
549 650
549 172
549 175
1807 175
484 181
764 651
764 419
764 652
764 653
764 654
764 655
1115 656
672 300
672 657
672 414
934 175
2056 658
2056 308
49 156
49 355
49 380
49 659
49 660
49 661
49 662
49 503
49 663
1653 512
461 462
1122 190
2057 603
1107 664
1107 665
1107 666
2058 667
2059 224
1065 467
1065 249
1250 394
1250 87
1250 448
302 366
302 443
302 668
302 50
302 669
302 670
302 481
752 671
752 13
761 251
1252 448
1057 494
2060 672
1224 55
2061 673
1781 674
620 98
1959 675
33 661
33 121
33 676
1624 677
567 172
507 59
507 154
507 399
507 267
507 678
1270 679
1270 406
1270 680
1270 499
1270 653
1270 681
1277 355
1277 682
2062 517
363 251
363 683
363 215
363 684
363 165
363 626
363 685
363 686
363 494
1533 687
284 64
284 179
284 70
284 45
284 688
2063 86
2064 91
1397 689
1397 690
1907 691
1695 67
1672 692
1211 608
1211 291
334 373
334 693
334 694
2065 695
304 29
304 85
304 696
304 49
304 309
304 12
304 168
304 697
304 698
304 699
304 700
304 701
304 217
1141 702
1510 703
841 704
58 520
58 705
168 561
168 638
168 43
168 706
168 77
168 411
168 451
168 531
168 481
1619 707
1619 10
1619 245
1619 72
1619 46
2066 121
2067 708
1376 603
355 482
355 134
355 707
355 278
355 55
355 70
355 448
355 709
355 246
355 319
355 710
355 49
355 95
355 684
355 711
355 712
355 5
355 713
355 250
355 147
355 623
355 36
355 714
355 426
1951 338
1951 715
2068 716
424 717
424 102
424 718
424 160
424 719
1267 76
305 12
219 720
638 549
638 176
638 721
638 448
638 238
638 168
638 416
638 463
638 221
638 320
638 722
638 723
638 52
638 534
638 116
638 370
638 724
638 318
638 13
638 574
1167 262
1547 725
1509 726
1509 703
2069 321
1757 727
1248 542
1248 101
1248 448
1248 728
2070 729
85 43
85 40
85 393
85 233
85 730
85 56
85 707
85 731
85 732
85 733
85 489
85 304
85 576
85 100
85 650
85 89
85 113
85 734
85 380
85 735
2071 13
2072 141
1559 736
2073 737
1820 351
1937 738
1335 739
1335 740
251 550
251 741
251 502
251 742
251 743
251 744
251 745
251 602
251 746
251 689
251 747
251 21
251 748
251 461
251 749
251 270
251 641
251 98
251 750
251 751
251 752
251 753
251 754
251 395
251 610
251 755
251 128
251 756
251 757
251 79
251 758
251 759
251 760
251 761
251 492
251 475
251 762
251 363
419 500
419 763
419 229
419 764
419 225
419 765
419 403
419 245
419 117
419 617
419 766
419 767
419 515
419 653
419 284
2074 768
916 261
916 769
916 338
916 422
916 414
916 173
319 72
319 436
319 355
319 40
319 59
319 617
319 770
319 771
77 77
77 163
77 772
77 773
77 582
1657 774
1416 775
1416 157
1416 351
1416 776
1416 777
1416 778
1416 779
673 76
898 780
898 90
1553 135
430 781
1314 97
1314 782
1314 485
1314 44
1832 412
1797 368
1154 230
1154 520
967 118
2075 783
2076 784
39 116
1771 116
1134 131
1134 97
1457 785
1030 786
683 614
683 91
683 63
683 787
683 372
1181 182
1181 788
1181 599
1181 134
1181 789
1181 281
1181 790
1181 791
1181 792
1181 17
1181 793
92 131
1255 149
1255 794
1255 448
1590 467
1590 435
1590 784
1590 569
1590 795
1590 796
2077 102
758 370
758 786
758 251
758 797
1379 532
253 448
253 798
253 281
253 240
253 170
253 704
253 492
253 799
253 800
253 703
253 801
1186 159
537 787
537 802
537 401
197 193
186 250
186 274
186 674
186 452
186 143
186 803
186 344
186 804
186 805
186 696
186 806
186 240
186 807
186 808
186 102
186 338
186 163
186 17
186 809
186 702
186 810
1799 136
1799 61
1799 217
2078 811
2079 812
350 87
350 813
350 814
350 35
350 815
350 816
1746 817
1109 570
2080 149
575 818
1204 155
1187 192
832 617
832 819
915 820
915 821
915 489
915 822
915 370
915 823
2081 99
2081 824
1654 67
671 825
671 752
671 826
671 74
671 827
2082 13
2083 134
1669 59
2084 828
2084 829
617 830
617 831
617 366
617 98
617 319
617 499
617 832
1869 753
1713 568
1713 833
2085 834
774 420
774 835
774 836
774 837
346 55
346 838
346 839
346 273
346 163
831 840
831 617
831 831
1875 193
659 350
659 463
659 49
212 64
212 316
212 841
212 694
212 842
212 843
212 844
212 845
212 846
212 847
212 246
212 52
212 848
212 458
212 849
212 414
212 753
212 520
212 850
212 851
2086 181
2087 249
285 154
285 70
285 261
2088 852
428 853
428 65
428 854
428 49
428 707
428 855
428 790
428 50
428 403
428 323
428 856
428 857
428 87
428 858
1674 712
2089 859
755 251
1004 860
1011 861
1011 322
1011 862
1011 852
1011 332
1011 863
1011 655
1011 864
824 97
824 485
593 336
593 412
2090 196
1137 220
1908 503
2091 87
1591 414
1591 531
367 865
367 866
367 867
367 711
367 163
24 868
1516 869
1516 102
6 7
2092 870
2092 871
313 719
121 872
121 873
121 9
121 809
121 110
121 582
121 874
121 179
121 208
121 344
121 875
121 117
121 876
121 877
121 217
121 61
121 561
121 76
121 878
121 105
121 879
121 646
121 880
121 564
121 881
121 882
121 172
121 261
121 883
121 282
121 214
121 45
121 884
121 414
2093 885
936 475
936 452
1704 443
1704 582
624 886
624 887
624 703
624 98
624 759
524 608
524 98
524 199
413 163
413 888
413 889
1782 674
1782 824
2094 890
2094 891
303 119
303 338
303 892
303 893
303 894
303 895
303 40
303 896
303 0
975 634
975 269
975 5
9 154
9 181
9 114
9 121
780 897
780 898
780 899
780 900
2095 7
2096 901
339 246
1215 902
1215 67
2097 55
2097 903
1800 309
1800 248
2098 332
2098 904
2099 102
1957 309
27 905
2100 215
2100 906
2101 186
1078 301
416 638
416 907
416 1
416 908
416 909
416 79
416 75
542 910
542 543
542 345
542 911
542 220
542 189
542 585
646 549
646 912
646 121
616 753
616 98
616 163
429 913
429 641
865 367
865 914
2102 370
83 784
261 154
261 267
261 668
261 915
261 110
261 163
261 916
261 70
261 475
261 917
261 769
261 215
261 181
261 918
183 108
183 195
183 261
183 322
183 355
183 919
183 350
183 40
183 789
183 920
183 921
183 922
183 124
183 8
183 79
183 356
183 923
183 175
998 274
998 165
998 924
998 848
998 489
998 925
938 592
938 926
2103 799
2103 365
1631 927
925 928
925 489
1110 929
1110 930
1110 128
1110 931
1110 695
1110 932
1184 765
2104 114
1400 387
1400 933
314 934
314 719
1417 935
1417 448
2105 936
1785 674
103 937
1743 938
1743 561
1743 674
2106 939
2107 699
208 64
208 940
208 608
208 321
208 941
208 942
208 55
208 943
208 944
208 52
208 371
208 591
270 500
270 251
270 5
270 945
270 946
270 947
270 163
270 450
270 70
270 211
270 948
270 949
270 217
947 345
947 270
438 242
349 792
349 950
349 951
349 309
349 145
1465 677
1465 952
143 29
143 953
143 12
143 794
143 72
143 954
143 67
143 40
143 955
143 115
143 117
143 630
143 956
143 503
143 269
143 712
143 957
143 233
1744 958
1744 148
959 959
959 262
2108 363
1306 822
1694 324
1694 346
1694 280
1694 67
1883 503
1257 960
971 721
971 10
48 791
1331 117
1331 961
323 962
323 963
323 842
323 964
323 214
323 965
491 827
491 541
491 966
491 753
1044 627
715 152
574 549
574 638
574 172
574 727
1810 440
118 967
118 582
2109 74
281 968
281 93
281 879
281 969
281 253
281 970
281 690
281 173
281 842
1892 971
399 972
399 154
399 644
2110 113
2110 49
1815 787
215 261
215 598
215 599
215 121
215 275
215 973
215 100
215 363
1891 436
1023 607
1023 974
5 975
5 976
5 280
5 827
5 977
5 359
5 449
5 978
5 979
5 703
1108 980
243 792
243 981
877 70
877 121
877 982
710 355
889 413
2111 983
2112 1
776 973
776 814
776 148
767 664
767 183
767 421
767 448
534 836
534 984
534 727
34 985
34 43
34 279
34 986
34 274
1710 987
1710 988
1710 989
498 179
498 990
498 55
498 677
498 746
498 45
498 991
1040 541
1040 992
450 261
450 179
450 945
450 270
450 249
450 76
450 163
450 258
450 397
450 949
450 658
450 993
450 414
450 994
450 306
2113 995
714 711
714 183
613 354
613 167
613 996
613 37
613 98
613 221
613 117
613 161
613 765
613 372
613 297
613 997
613 823
1821 998
1889 436
2114 999
2115 71
897 780
897 1000
897 1001
2116 1002
2116 302
588 947
588 1003
860 1004
860 1005
1321 89
1739 352
1613 1006
1613 214
1613 451
332 29
332 182
332 65
332 599
332 1007
332 176
332 782
332 110
332 249
332 1008
332 1009
332 1010
332 1011
332 1012
332 1013
514 199
2117 622
451 1014
451 275
451 168
29 464
29 29
29 1015
29 1016
29 143
29 448
29 372
29 1017
29 332
29 117
29 618
29 1018
29 926
29 1019
29 1020
29 1021
1496 1022
1496 871
974 355
974 1023
974 65
974 473
1027 1024
1027 1025
1647 13
1647 459
2118 1026
1459 368
1459 0
1459 480
705 163
1237 253
1442 746
1442 71
1442 60
1442 273
2119 707
1025 1027
1083 1028
1083 977
1545 1029
1545 1030
770 143
770 163
30 464
30 30
980 654
980 269
980 1031
980 570
1477 72
2120 298
743 251
1681 1032
1681 753
1681 462
1681 237
1681 448
263 999
1834 345
1753 1033
1753 249
1753 353
1427 1034
1427 1035
605 269
605 977
605 131
331 1036
331 819
331 694
1658 1037
1658 298
1385 394
1385 256
1385 318
1385 319
2121 448
869 378
1780 674
541 394
541 343
541 1038
541 1039
541 8
541 491
541 928
541 540
541 1040
541 1041
541 221
541 774
541 924
1444 60
459 794
457 434
457 316
627 466
627 1042
627 13
627 76
627 98
627 1043
627 333
627 1044
601 393
370 176
370 638
370 1045
370 436
370 915
370 1046
370 1047
370 442
370 452
370 1048
370 370
370 758
370 481
1861 1049
1861 1050
1861 1051
737 143
737 945
737 1052
737 723
737 1053
737 1054
737 338
737 1055
737 1056
494 354
494 1057
494 1058
494 371
494 181
494 363
2122 214
531 592
531 1059
122 1060
122 582
122 1061
122 59
122 322
2123 338
203 388
573 300
573 562
573 1062
573 22
573 1063
573 480
573 172
1455 699
1455 1064
2124 1065
845 1066
845 212
845 1067
1748 1068
1566 1069
341 1070
341 416
341 1071
341 147
341 248
286 1072
286 286
286 1073
228 1074
228 229
2125 85
1544 249
2126 405
326 256
1887 811
301 526
301 176
301 1075
301 1076
301 1077
301 1078
301 1079
393 1080
393 143
393 1042
393 1081
393 85
393 13
393 221
393 322
393 119
393 1082
393 658
393 489
393 1013
1028 1083
1028 119
1028 1084
169 735
2127 516
618 29
2128 1085
2128 1086
2128 72
1698 1087
1965 1088
2129 39
2129 87
1721 859
2130 233
2131 207
1281 355
1281 13
1281 117
1281 1089
1281 244
1281 0
1281 753
1281 1090
1067 300
1067 845
1067 153
1067 1091
505 224
509 232
509 1092
1346 17
463 65
463 1093
463 448
463 40
463 117
463 855
463 706
463 1094
463 735
22 1095
515 300
515 62
515 419
515 274
515 1096
515 1097
515 1098
515 815
515 699
515 617
515 1099
515 1100
515 1101
1476 528
1476 1102
1476 1103
1476 106
1039 1104
1039 541
698 182
698 839
3 1105
941 346
2132 599
56 85
1546 1106
665 1107
570 1108
570 980
570 1109
570 245
1160 1110
1160 91
1160 1111
1160 86
1160 1112
1160 1113
1160 481
1253 448
704 253
2133 1114
2134 534
656 419
656 1115
656 243
656 55
656 1019
656 481
239 288
239 242
239 275
239 509
239 489
239 1116
239 508
239 0
239 151
239 259
982 877
124 1117
124 1118
124 1119
124 116
124 914
124 171
124 49
1684 58
1684 1032
1684 319
1684 1120
190 1121
190 1122
1147 338
17 1123
17 1124
17 1125
17 60
17 1126
17 468
17 696
17 186
1512 443
2135 117
1936 149
1936 1032
1936 1127
1196 753
1196 1
1389 99
1389 1128
1534 1129
1534 75
1534 1130
1534 1131
369 668
369 13
369 866
369 1132
369 1133
306 450
306 409
306 76
306 866
306 110
1609 1134
1609 1135
2136 339
863 55
863 1136
1723 1137
1723 8
1194 1138
2137 1042
2138 1139
2138 70
478 706
1896 1140
1896 134
702 1141
276 59
276 976
276 489
511 62
700 116
700 304
700 700
1565 1142
1565 34
1150 1143
1150 644
2139 403
578 1144
578 1145
578 548
14 434
14 393
14 1146
14 10
14 332
14 117
14 214
14 1147
2140 361
2140 1148
2141 224
2142 768
2142 1149
2142 564
1338 157
1338 946
1338 443
1338 672
1943 1150
481 1151
481 13
481 1152
481 839
481 720
481 1153
481 655
481 114
481 1154
481 1155
481 1156
481 1157
481 320
481 1158
481 437
481 302
481 0
481 1159
481 1062
481 187
481 76
481 353
481 7
481 656
481 1160
481 1161
481 849
481 880
481 370
481 914
481 674
481 121
481 969
481 1162
481 1163
481 686
481 1164
91 274
91 309
91 683
91 1160
91 86
91 783
91 1165
91 1166
262 1167
262 1168
262 794
262 883
262 1169
262 959
262 70
262 932
262 1170
1156 143
1156 1171
1156 55
1156 128
1156 826
1156 1013
986 1026
986 732
986 279
2143 7
2144 95
2145 976
2146 1172
2146 835
2146 684
2146 1173
579 1145
1033 672
1479 1174
1479 1175
2147 5
2148 1176
660 79
660 102
660 49
1336 1177
490 181
490 15
490 154
490 271
2149 712
1256 1080
1256 934
1256 448
1354 1178
1680 1032
453 107
453 316
453 1179
453 93
453 789
453 697
453 1180
453 50
453 808
453 521
453 1181
453 1182
453 1134
184 184
184 63
2150 77
765 1183
765 1184
765 480
765 419
765 613
1343 520
1343 279
1343 422
1216 372
294 55
294 1185
2151 332
2152 148
1118 124
2153 102
648 549
2154 919
2155 163
800 833
159 527
159 154
159 267
159 70
159 327
159 400
159 1186
159 290
159 605
159 918
1303 809
317 455
317 91
2156 346
192 7
192 79
192 1187
1846 370
126 931
126 583
126 1188
2157 1101
329 990
329 445
329 13
329 942
329 976
329 1189
329 1190
1462 67
1688 784
1236 825
1199 290
2158 1191
467 40
467 1192
467 1193
467 1
384 176
384 35
384 1194
384 1195
384 1017
2159 550
2160 121
1 481
1 110
1 1196
1 576
1 63
1 590
1 65
1 448
1 1197
1 180
1 687
1 1198
1 416
1 1199
1 87
1 120
1 637
1 1200
1 1201
1 516
1 1202
1 44
1 503
1 661
1 45
1 636
649 549
881 176
881 874
881 704
881 1203
1031 548
1031 703
518 62
155 1204
155 154
155 453
155 1205
155 972
155 67
155 96
155 678
155 1206
155 1207
155 1208
155 157
155 987
155 1209
1762 839
1762 976
1762 163
2161 434
2161 1210
1263 211
354 128
354 147
1413 914
1413 431
2162 706
291 93
291 1211
291 1212
291 73
291 1213
291 1214
291 1215
1480 815
2163 231
634 975
634 1216
634 540
634 1063
634 248
634 1217
634 181
634 1218
55 8
55 359
55 1219
55 839
55 992
55 1189
55 853
55 693
55 344
55 1156
55 677
55 977
55 641
55 1220
55 117
55 1221
55 1222
55 96
55 863
55 1223
55 1224
55 120
55 1225
55 59
55 837
55 165
55 172
55 346
55 498
55 106
55 36
55 653
55 189
55 294
55 1226
943 622
943 208
943 1227
943 764
1890 436
992 680
992 1228
992 1040
792 653
792 243
160 527
160 156
160 424
160 110
160 821
160 1229
160 181
1901 1230
1901 189
1878 283
1596 13
1596 1181
1596 582
1596 235
1596 415
610 748
610 1231
610 251
610 827
610 98
610 745
610 756
2164 1232
1925 512
1604 471
781 879
2165 1233
1161 481
1492 444
362 1234
362 408
362 90
362 450
362 322
362 1213
362 573
2166 64
622 182
622 74
622 120
622 641
622 98
622 240
622 1235
1238 1236
1238 928
2167 721
292 1214
292 101
292 1237
540 541
540 1238
540 1239
540 802
540 634
540 371
540 481
965 270
1663 654
1663 711
2168 549
2168 175
2169 1240
1302 1241
1302 839
1302 1242
1302 1243
448 638
448 1244
448 463
448 1245
448 221
448 442
448 1246
448 1247
448 182
448 1026
448 1248
448 444
448 172
448 977
448 1249
448 1250
448 1221
448 397
448 1251
448 217
448 181
448 1252
448 1021
448 29
448 466
448 1179
448 7
448 1253
448 431
448 1008
448 1254
448 128
448 767
448 1255
448 1256
448 249
448 44
448 1257
448 229
448 322
448 355
448 293
448 253
448 855
448 1258
448 1259
448 1260
448 363
448 216
448 1
1638 1156
320 1183
320 1261
320 97
320 1262
320 1068
320 1263
2170 274
2170 1264
1235 622
2171 371
517 638
517 62
517 822
517 271
517 1265
517 1024
517 1266
76 4
76 89
76 121
76 450
76 1267
76 1268
76 627
76 181
76 306
76 673
87 1269
87 22
87 1270
87 1271
87 182
87 36
87 448
87 1272
87 304
87 1250
87 466
87 338
87 58
87 1273
87 249
87 59
87 1
87 1274
87 1275
87 1276
87 1277
87 571
87 1278
87 1279
87 1280
87 1281
1193 467
1193 165
311 843
311 1282
311 1283
311 1284
311 134
1671 692
310 1285
310 990
310 1126
310 184
597 643
1629 1286
951 126
951 1287
951 527
1448 1071
343 541
623 674
623 346
623 355
623 822
623 1288
623 605
1754 757
2172 41
1819 1289
1453 1290
786 786
786 1030
864 182
864 1291
864 829
864 469
864 1011
1292 250
1292 539
1292 497
1292 581
1292 1292
1292 414
1014 274
1014 1293
1014 119
1014 1294
1014 159
1014 1295
1014 1296
1014 1297
1014 1298
1014 61
1014 451
1014 1228
1014 114
1125 1299
1125 72
504 1300
801 253
801 105
801 1301
839 1302
839 7
839 660
839 55
839 282
839 839
839 102
839 346
839 595
839 1303
839 724
839 1304
497 1292
1144 578
358 1305
2173 170
202 388
1185 294
2174 1306
2175 1307
1009 332
1298 157
1298 300
1298 866
1298 1014
1298 95
2176 76
1345 1308
307 396
307 837
1325 1309
1325 145
2177 424
50 1310
50 233
50 121
50 428
50 945
50 1311
50 440
50 165
50 36
50 272
50 1066
50 458
50 791
50 302
50 113
50 55
50 453
44 1007
44 698
44 1312
44 1313
44 1
44 1314
44 613
44 173
1449 1315
1449 1316
2178 481
2179 1317
1279 87
533 1172
533 727
2180 679
221 1318
221 638
221 598
221 60
221 809
221 632
221 997
221 393
221 1319
221 541
221 489
221 609
221 1320
221 102
221 65
221 613
221 621
221 824
221 1321
221 148
221 80
2181 370
1617 1322
1617 4
1617 10
1812 440
1812 1323
853 55
853 1102
2182 59
138 5
138 1309
138 1324
138 1325
138 1326
138 765
138 102
138 141
138 1327
138 1328
664 1107
664 526
664 1329
1055 737
1055 1330
961 1331
28 13
28 227
176 274
176 414
176 404
176 976
176 157
176 1239
176 60
176 1332
176 359
176 1287
176 332
176 304
176 128
176 1333
176 638
176 396
176 706
176 1189
176 866
176 470
739 1334
739 1335
1177 1336
1177 1337
469 40
1225 55
2183 1338
120 1339
120 811
120 65
120 1340
120 1126
120 905
120 1
120 1341
1012 332
2184 1342
2184 546
1282 408
279 1343
279 70
279 34
279 1344
855 1308
855 40
855 1345
855 72
855 1346
855 644
855 594
855 480
855 448
1287 951
553 796
553 172
1024 13
1024 517
1024 703
2185 1347
151 592
151 1348
151 393
151 245
151 59
151 217
1879 1260
1879 296
1879 282
1879 1349
1879 767
1301 801
1301 1350
1301 1351
890 416
890 783
890 1352
890 629
1353 1353
1353 452
1178 1354
1042 1355
1042 175
385 552
385 1356
608 1042
608 98
608 449
608 524
608 93
608 36
608 514
608 102
608 175
608 363
608 1357
2186 448
1047 370
1047 685
1127 442
1127 72
1127 928
829 739
829 935
152 1358
152 1038
152 1359
152 1360
152 1361
152 1362
581 186
581 919
581 1363
581 1292
2187 448
2188 355
1085 1364
1085 468
1085 2
2189 1122
2189 72
2190 319
693 29
693 1365
693 164
693 55
693 163
693 99
693 59
693 848
693 306
1441 60
2191 55
526 664
526 790
526 159
526 1366
1200 195
1200 1
680 1270
1428 1367
2192 1368
1399 1369
1399 175
1399 506
1484 1370
666 1107
1293 1014
447 338
447 1371
447 1372
447 1373
359 176
359 1374
359 87
359 95
359 551
359 55
359 117
359 256
359 1375
2193 1376
241 288
446 1377
532 1378
532 1379
532 727
688 322
688 284
688 481
1339 120
1339 1380
1339 248
748 610
748 1279
854 730
1381 1381
1381 1382
2194 416
2194 852
1769 116
1769 270
1769 1383
1080 166
1080 1256
1080 393
20 87
20 319
20 1384
318 182
318 638
318 208
318 1385
318 55
318 346
318 256
275 451
275 239
275 40
275 128
275 215
1652 371
1652 325
1652 165
1729 1386
1729 183
1970 695
846 1387
1640 13
99 274
99 448
99 723
99 1388
99 1389
99 145
99 1003
1454 1390
1454 1266
847 1391
847 60
847 520
847 163
847 73
847 414
1228 1014
1967 1010
2195 379
2195 117
1579 443
1579 1038
1579 1392
1579 163
1579 594
1579 63
1571 607
1571 1393
1932 300
333 1394
333 95
333 40
333 73
333 627
333 1049
220 1395
220 312
220 1396
220 70
220 558
220 1137
220 720
689 249
689 1397
2196 1210
398 972
398 13
398 290
398 1398
398 163
2197 87
337 1399
337 246
892 303
1707 555
387 1356
387 90
387 1400
901 1338
296 550
296 417
296 0
296 1401
296 451
296 1402
1019 29
1019 656
1019 93
1019 563
1019 1403
234 1269
2198 296
1097 79
2199 262
508 239
508 678
508 1290
508 259
396 307
396 769
396 783
759 1404
759 624
759 249
759 251
759 748
1776 1405
539 1296
1548 297
782 1123
782 332
782 613
782 1406
782 1314
1169 481
1461 645
520 976
520 1407
520 72
520 58
520 13
520 520
520 1046
520 440
520 449
520 1312
520 1408
520 327
520 212
520 1409
520 233
520 371
520 79
520 1410
2200 1411
1722 1412
1722 1413
1722 1414
1722 141
2201 77
1467 1415
1467 175
238 288
238 250
238 1416
238 638
238 1219
238 617
238 31
238 0
2202 99
1634 13
1634 379
1128 1326
2203 423
681 1326
2204 1343
2204 87
2204 1417
1240 79
1240 1418
182 298
182 323
182 1419
182 1190
182 1249
182 1420
182 1421
182 405
182 520
182 698
182 320
182 1422
182 175
182 397
182 1423
182 80
182 176
182 843
182 249
182 1424
182 776
182 1361
182 318
182 172
182 250
182 346
182 1425
182 325
182 163
182 36
182 70
182 214
182 414
182 198
182 46
1155 481
2205 1426
2205 359
1920 55
1845 1185
2206 1427
957 114
1367 644
1367 1428
2207 176
287 286
287 1073
1532 128
1532 687
1910 165
548 117
548 1031
548 1406
1706 290
1706 86
1706 1429
1706 703
1862 274
1862 1430
1862 1110
1862 1160
1862 86
1862 931
2208 235
653 792
653 55
653 1431
653 172
308 974
308 837
2209 1432
2210 85
2210 1152
2210 1433
2210 1299
2211 402
1758 1433
1758 299
1758 102
1758 153
1632 336
1632 163
417 1434
417 540
2212 98
1151 186
1151 481
2213 13
258 1435
258 414
258 945
258 1290
258 450
258 1436
258 866
258 369
1232 59
816 350
816 1437
141 1413
141 1414
141 723
141 138
141 836
141 1438
113 85
113 582
113 187
113 643
1610 1132
1610 1439
1610 1440
60 406
60 1441
60 794
60 1442
60 1443
60 40
60 1444
60 309
60 1445
60 221
60 1446
60 1284
60 582
60 516
60 702
60 17
60 183
1081 393
2214 86
907 416
180 1
628 117
1340 928
2215 1230
1064 976
696 520
696 17
1207 155
1207 815
19 1323
2216 1447
1071 341
1071 1448
1973 1449
1973 47
2217 65
293 98
697 304
697 414
697 453
2218 1450
1531 65
557 172
1378 914
1378 532
1157 481
2219 1451
233 561
233 1452
233 143
233 550
1290 1453
1290 258
1290 988
1290 508
1390 1454
1390 729
1390 1455
260 356
260 1456
1212 291
1016 29
1679 606
1679 353
1981 1221
785 1457
1208 250
1208 155
1208 507
1048 370
1048 1458
1048 512
0 93
0 126
0 1459
0 36
0 70
0 1460
0 31
0 0
0 1067
1627 686
645 549
645 79
645 1461
645 86
738 282
738 149
738 1049
1983 1462
1983 1463
1095 22
468 1464
468 121
468 163
1360 152
952 1465
2220 1309
1523 65
1615 1466
1615 396
1374 359
435 248
652 764
167 945
167 466
167 613
167 336
1415 1467
1415 1309
1415 1468
1415 1469
1415 1470
1415 1471
1415 266
1415 1407
1165 552
636 65
636 13
636 727
636 1472
636 1
636 1063
636 703
636 217
636 1473
1563 976
1563 732
1563 329
1563 1136
1563 721
2221 677
2222 595
2223 839
1219 93
1219 238
1219 52
442 1474
442 370
442 448
1985 1475
1090 355
1090 1281
932 1110
932 262
2224 87
1103 534
1103 142
1103 1476
1103 1477
1103 217
2225 67
1332 176
586 189
559 172
1541 205
771 168
771 1478
771 333
146 1309
146 489
851 1479
2226 1480
945 737
945 1481
945 167
945 270
945 450
945 258
945 1482
945 1483
1008 332
1008 786
1008 448
1774 116
1102 12
1102 853
1102 733
1370 1484
1370 327
137 1485
137 1486
137 1309
137 371
1058 494
995 995
995 1487
995 13
995 270
995 947
995 450
995 255
995 217
995 993
995 285
94 131
94 905
94 93
2227 55
2227 72
2228 968
1507 1488
1507 332
2229 1209
2230 1322
939 1434
2231 193
2232 1489
2232 235
97 60
97 24
97 320
97 131
97 149
97 175
97 1314
97 371
97 1134
809 1490
809 186
809 121
200 103
2233 131
2234 638
2234 1491
444 159
444 1492
444 448
444 1003
1824 1243
2235 1493
1499 65
1499 363
1499 796
1499 1494
1499 80
100 85
100 131
100 79
100 214
100 300
80 182
80 1495
80 1496
80 1032
80 1497
80 1122
80 1494
80 274
80 1498
80 1499
80 731
80 1500
80 499
80 163
80 1501
80 1152
80 847
80 371
80 221
80 1274
80 1502
1550 996
1558 207
1558 175
1585 865
1585 1503
1585 481
422 1343
422 1504
422 916
422 163
422 564
2236 1505
2236 34
2236 428
2237 67
2238 224
1855 1334
1855 397
917 1174
1775 995
1775 10
1930 1506
1930 329
2239 375
1488 1507
1687 699
1687 1508
1687 879
703 1509
703 1510
703 1024
703 636
703 407
703 1031
686 338
686 481
2240 4
1714 833
1714 1511
1714 531
707 1512
707 72
707 803
707 249
707 489
707 117
2241 34
577 1513
577 1145
577 1514
2242 214
102 466
102 1515
102 1309
102 424
102 480
102 608
102 40
102 245
102 26
102 1516
102 36
102 117
102 119
102 1221
102 1517
102 993
102 186
102 1518
102 1519
102 1520
102 1521
2243 1522
2243 375
1190 119
655 764
655 1011
655 1309
590 55
590 903
590 1
590 388
65 64
65 183
65 1523
65 428
65 13
65 707
65 463
65 1458
65 1326
65 165
65 372
65 1093
65 1524
65 1075
65 607
65 3
65 1499
65 332
65 117
65 687
65 319
65 0
65 582
65 350
65 1134
65 105
65 72
65 974
65 1352
65 120
65 40
65 790
65 1525
65 489
65 711
65 1
65 830
65 1105
65 1526
65 221
65 172
65 1527
65 1123
65 1528
65 147
65 1529
65 355
65 479
65 855
65 659
65 36
65 282
65 214
65 1530
65 1531
65 636
65 786
65 480
65 1431
389 591
1344 632
894 303
1691 67
1691 220
1811 440
1312 520
1369 1399
2244 382
2244 444
687 1532
687 1533
75 1534
75 416
75 1535
205 1536
205 1537
205 1538
205 1539
205 1540
205 1541
205 1542
205 114
205 1543
477 1278
2245 1407
249 182
249 448
249 13
249 707
249 2
249 1065
249 332
249 128
249 1544
249 689
249 1280
249 637
1618 245
1082 799
1082 4
751 610
751 1545
856 65
856 405
856 428
2246 38
1106 1546
1106 582
1530 886
1530 126
1530 1290
1530 372
1530 1218
1530 951
1288 711
1288 49
725 1547
1001 1000
1716 650
2247 46
742 251
456 316
73 145
73 547
73 95
297 40
297 613
297 1548
1247 498
1247 448
1977 707
1977 1
1947 10
1387 558
977 102
977 1549
977 93
977 5
996 1550
996 1551
1666 366
1666 196
2248 678
1407 450
1407 1552
1407 1415
1407 822
156 160
156 1003
135 1553
135 868
135 1554
135 1555
135 1556
135 1557
736 1434
736 1508
736 1558
736 833
736 1559
644 1367
644 855
644 1150
644 1560
644 217
644 1401
684 1561
684 355
684 349
684 363
684 1562
732 938
732 5
732 85
732 2
732 1026
732 264
732 117
732 1563
1518 102
658 493
2249 1564
1142 1565
2250 909
2250 568
1069 1566
1069 1477
799 1429
799 13
799 253
799 1567
799 588
799 1082
799 86
1036 331
1036 1568
1036 463
521 36
521 1132
521 336
521 1046
521 1243
762 13
2251 607
2251 540
1464 468
2252 1259
1573 474
602 251
602 98
1291 1569
1291 1291
1291 1570
1393 607
1393 1571
1393 1572
2253 1573
2254 1574
63 1575
63 1576
63 1318
63 7
63 184
63 1577
63 718
63 489
63 594
63 138
63 400
63 430
63 1578
63 498
63 329
63 1579
63 1580
63 1067
1806 12
1806 0
394 541
394 976
394 1385
394 55
394 149
394 1250
394 1581
177 470
1497 119
1497 80
1497 309
256 492
607 274
607 350
607 1393
607 98
607 195
607 282
2255 903
2255 320
1005 1582
1005 732
1434 736
1434 217
1434 939
335 321
2256 189
402 1583
1392 1579
195 607
1552 1584
1552 1407
51 1007
914 1413
914 1585
914 85
914 897
914 1586
914 124
914 1174
914 1587
914 186
914 173
2257 236
1646 13
635 475
635 10
635 1063
2258 72
1280 182
1280 249
128 1110
128 76
128 880
128 274
128 13
128 249
128 3
128 807
128 128
128 244
128 1482
128 217
128 1588
414 672
414 258
414 300
414 1589
414 208
414 5
414 433
414 95
414 1054
414 1590
414 753
414 847
414 1591
414 176
414 1592
414 1593
414 249
414 563
414 489
414 594
414 274
414 1365
414 740
414 121
414 355
414 731
414 499
414 450
414 212
414 1594
414 412
414 308
414 414
414 1595
415 538
415 1596
415 95
2259 514
954 13
954 65
954 143
2260 229
2261 702
347 309
347 350
347 1597
347 499
1419 182
1419 1598
1419 229
1419 10
2262 627
2262 117
2263 448
2264 1062
1189 176
1189 1599
1189 55
1189 212
1189 1600
1189 475
1189 217
1189 61
2265 282
1628 43
1628 1250
1628 216
1685 1601
1685 1602
353 116
353 566
353 1603
2266 1439
991 382
991 1067
991 298
563 709
563 272
563 105
563 298
1939 585
1939 461
471 1604
1018 29
1860 290
2267 121
2268 503
1038 152
1038 45
1912 1605
827 5
827 968
827 1126
827 1606
827 610
827 193
827 491
827 669
827 1254
827 116
827 1607
827 1608
1146 14
2269 1609
1132 1610
1132 521
625 98
978 5
214 1611
214 811
214 760
214 65
214 361
214 883
214 1612
214 979
214 1613
214 117
214 1614
214 345
214 77
214 121
214 1615
214 1
985 34
858 858
858 428
1689 767
1015 29
1000 356
1000 1616
2270 287
528 592
1848 1617
1848 1112
1848 10
1848 1592
245 1618
245 503
245 570
245 419
245 264
245 1619
245 711
245 102
245 1370
245 426
245 371
245 1620
245 1621
245 1062
245 284
245 1609
245 1126
2271 1121
1375 359
1801 119
133 182
133 1622
133 1309
677 1623
677 975
677 1465
677 473
677 1624
677 134
677 498
677 55
677 116
677 396
677 1411
1918 273
1577 63
1734 753
1611 214
935 829
2272 55
2272 630
2272 165
1791 1
1791 353
804 7
804 186
804 1411
923 498
923 183
1612 214
1310 1356
1310 1037
1310 55
1006 1625
1006 1613
1006 1510
2273 43
2273 1626
2273 87
2273 1627
2273 1628
1286 35
1286 1629
1129 1534
1738 1630
1738 72
927 1631
976 43
976 674
976 176
976 1064
976 276
976 1292
1529 65
2274 72
2275 904
2275 163
2276 300
336 760
336 502
336 1097
336 163
336 521
336 1
336 273
336 926
336 186
336 46
336 1632
2277 105
218 119
1361 182
1361 152
1361 854
1361 5
1361 1
13 592
13 638
13 1373
13 1633
13 1634
13 224
13 10
13 452
13 699
13 1635
13 102
13 499
13 369
13 160
13 841
13 1636
13 65
13 1637
13 365
13 1638
13 321
13 1059
13 1639
13 954
13 117
13 149
13 175
13 1599
13 324
13 1640
13 1013
13 1641
13 772
13 87
13 794
13 393
13 40
13 1642
13 1643
13 59
13 500
13 128
13 1568
13 1644
13 250
13 1645
13 995
13 1646
13 760
13 539
13 453
13 355
13 498
13 731
13 1276
13 1281
13 492
13 661
13 521
13 540
13 308
13 706
13 1647
13 1648
1426 963
1426 1649
1426 1650
165 887
165 65
165 126
165 791
165 871
165 753
165 1651
165 338
165 1193
165 7
165 50
165 706
165 261
165 363
165 1652
165 814
165 1402
165 163
165 36
165 244
165 356
165 1304
2278 1653
2278 62
1787 674
1898 171
1898 773
1898 563
1898 470
2279 128
2280 44
2280 436
93 33
93 143
93 1654
93 977
93 131
93 116
93 608
93 281
93 641
93 1655
93 492
93 699
93 1656
93 1433
93 291
93 181
93 1019
93 17
556 1657
556 1022
298 182
298 1171
298 1658
298 1659
298 879
298 708
298 436
298 563
298 36
298 161
298 1660
298 991
298 77
298 926
298 812
298 517
68 196
1347 361
1347 695
1347 95
1796 1661
654 166
654 555
654 309
654 168
654 183
654 169
654 711
654 214
654 867
654 1662
654 1663
654 753
173 464
173 1343
173 261
173 62
173 281
173 221
173 552
173 55
173 1664
173 212
173 914
173 1665
173 44
173 891
1114 1020
366 866
366 1666
366 617
366 1667
919 760
919 122
919 183
919 1277
919 332
919 581
919 19
772 77
59 550
59 250
59 1344
59 507
59 1668
59 10
59 1669
59 690
59 55
59 276
59 1232
59 319
59 211
59 1473
59 282
59 1670
692 1671
692 1672
692 317
2281 1673
712 355
712 1152
712 143
712 1674
2282 143
2282 1675
633 1063
106 55
106 1676
106 1476
2283 1677
2283 794
1013 332
1013 805
1013 847
1013 13
838 346
236 1678
538 802
538 415
805 1013
466 627
466 1277
466 448
747 251
1662 711
1662 1000
1662 1
993 450
993 453
993 102
993 273
993 163
378 36
606 604
606 1679
643 113
643 597
643 662
2284 91
1732 371
1032 1032
1032 1680
1032 405
1032 1681
1032 732
1032 1682
1032 1683
1032 1181
1032 119
1032 128
1032 52
1032 1684
1032 1685
1032 296
1032 80
1429 240
879 1686
879 781
879 72
879 298
879 879
879 1687
970 281
784 598
784 624
784 59
784 732
784 1688
784 83
2285 1137
2286 87
1202 1
543 345
543 546
543 542
543 1689
1060 122
1060 120
67 43
67 261
67 405
67 143
67 1690
67 155
67 886
67 1691
67 86
67 704
67 723
67 1462
67 1692
67 1693
67 300
67 1694
67 1695
67 1696
569 122
569 926
569 1697
1863 274
1266 1454
1266 517
1403 1019
1403 824
1817 994
1817 1535
968 827
968 1299
968 281
968 517
1087 1698
1410 983
1410 520
1410 208
2287 452
2288 595
1825 1699
1825 852
1942 346
322 963
322 1441
322 443
322 1700
322 350
322 183
322 688
322 122
322 89
322 362
322 116
322 825
322 605
322 1062
322 460
372 29
372 65
372 794
372 683
372 322
372 7
372 98
372 2
372 552
372 1701
372 1216
372 214
372 1530
372 627
372 211
372 172
372 80
909 416
909 1702
788 492
788 1181
788 1472
721 1558
721 436
721 35
721 399
721 1563
721 850
1859 721
1859 871
1359 152
272 1703
272 563
272 50
272 1246
272 70
272 371
272 46
2289 453
987 689
1953 338
1953 1126
1660 1704
1660 363
1660 1335
2290 59
373 134
373 300
373 378
373 1373
408 1282
408 704
2291 481
400 43
400 156
400 972
400 704
400 401
400 159
400 160
400 63
1876 880
26 13
26 731
26 26
26 163
26 102
26 184
26 114
357 147
1851 52
174 708
174 280
565 172
900 780
900 1705
729 55
729 1390
729 319
1275 77
1275 462
1275 235
1275 1292
983 45
983 375
2292 1355
2292 13
997 214
997 173
997 221
929 168
929 864
199 674
199 388
199 878
199 975
199 237
1980 414
1980 1475
1980 506
360 117
395 1706
395 552
395 251
395 719
395 413
395 36
395 1662
395 926
395 1581
2293 466
1853 1637
1853 994
2294 309
500 270
555 172
555 1707
16 1708
2295 1709
2296 637
1969 396
1969 783
290 398
290 588
290 250
290 1214
290 1487
290 1710
290 623
290 157
290 1711
290 86
290 546
290 988
290 209
290 101
290 1492
290 584
290 149
290 188
290 159
290 261
290 1199
833 448
833 72
833 1712
833 1052
833 336
833 1713
833 371
833 1714
1784 674
1784 620
1844 968
1844 794
1022 999
1022 556
1022 26
1779 711
777 1416
1123 65
1123 1038
1123 782
1123 237
1123 165
1123 582
1123 605
1452 1251
1452 926
1452 233
1452 196
1408 13
1408 520
1703 272
815 1480
955 72
2297 506
650 549
650 645
650 85
650 1715
650 1716
650 117
650 264
650 333
650 1717
650 1461
480 1718
480 428
480 1719
480 765
480 59
480 102
480 573
480 378
1836 230
1502 1720
1502 80
502 1318
502 1664
502 746
502 336
502 617
502 558
502 485
502 1304
1828 1721
1412 1722
1412 420
8 1723
8 541
8 183
8 10
379 338
379 375
379 268
379 382
379 1634
379 643
379 62
1870 753
1655 93
1995 198
1788 1599
1053 737
1438 141
1126 1724
1126 1126
1126 1725
1126 827
1126 1726
1126 245
1126 310
1126 412
1126 17
1126 1727
2298 35
990 498
990 414
990 310
235 1046
235 1728
1220 55
1386 1729
1386 172
1649 1426
609 1183
609 98
609 221
1838 699
1838 251
1838 193
1880 282
1880 96
401 972
401 537
401 400
401 1730
401 988
371 731
371 1007
371 999
371 245
371 237
371 165
371 70
371 1353
371 724
371 208
371 1527
371 1731
371 97
371 272
371 1732
371 80
371 1733
371 1460
371 217
371 833
371 1734
371 1735
371 87
371 693
371 1736
371 137
371 1737
371 274
371 1365
371 1652
371 506
371 639
371 214
371 540
371 124
371 308
371 627
371 1515
371 494
371 735
956 693
956 143
72 65
72 1125
72 1619
72 699
72 79
72 1738
2299 33
352 1739
352 86
352 1740
352 706
352 582
352 580
352 351
352 1741
930 1110
1940 61
2300 1334
2300 1742
2301 759
760 919
760 119
760 214
760 363
760 217
2302 245
2302 1743
797 338
958 704
958 1744
1897 149
1897 1745
1315 1449
817 1746
519 1747
2303 344
2303 1709
2303 1
2303 173
1068 1748
1068 320
545 1384
545 381
545 163
1163 1448
266 1749
266 1750
2304 36
2304 7
2304 968
2304 93
2304 1751
1856 302
1856 723
1720 1146
2305 361
867 654
2306 390
547 73
547 1752
547 381
1395 220
1395 489
2307 1753
757 1754
757 251
1580 60
78 1755
78 787
78 911
922 564
2308 489
1982 1251
1982 175
2309 302
493 1756
493 803
946 270
946 70
2310 117
820 915
820 229
727 532
727 418
727 533
727 732
727 534
727 535
727 636
727 1757
727 46
299 1758
299 1759
2311 1062
252 36
252 264
252 102
252 492
2312 604
163 64
163 270
163 1579
163 9
163 157
163 345
163 887
163 224
163 110
163 26
163 165
163 699
163 993
163 398
163 450
163 506
163 116
163 1046
163 336
163 98
163 80
163 248
163 181
163 1760
163 230
163 4
163 770
163 7
163 367
163 468
163 1761
163 790
163 489
163 705
163 1219
163 172
163 713
163 261
163 740
163 346
163 55
163 1145
163 413
163 624
163 36
163 1762
163 847
163 125
163 186
45 179
45 1038
45 375
45 498
45 1763
45 284
45 1764
45 1313
45 1
45 1765
45 983
45 884
45 403
45 1766
1840 702
42 1767
2313 703
848 43
848 41
848 7
848 804
848 693
848 998
848 59
848 212
226 405
1924 512
300 373
300 1298
300 193
300 309
300 86
300 672
300 124
300 515
300 1334
300 414
300 1067
300 1309
2314 1768
365 158
365 542
116 549
116 199
116 1733
116 1769
116 237
116 322
116 141
116 850
116 1770
116 500
116 93
116 235
116 436
116 1140
116 39
116 1771
116 1759
116 1772
116 1402
116 353
116 367
116 1773
116 1774
116 700
116 1775
116 55
116 827
116 163
116 99
116 124
536 1504
536 217
1326 681
1326 1389
1326 65
1326 794
1405 1776
458 212
2315 1152
383 47
383 1017
734 639
1020 29
2316 1132
2316 1777
449 736
449 2
711 355
711 367
711 350
711 245
711 1778
711 1779
711 714
711 1288
711 1662
711 1663
2317 997
2318 70
2318 864
1750 266
674 1780
674 186
674 1637
674 199
674 623
674 1781
674 1782
674 1783
674 1784
674 1785
674 976
674 1786
674 481
674 1787
674 1743
1599 550
1599 603
1599 1788
1599 448
443 370
443 302
443 1500
443 40
443 80
1622 133
2319 879
240 622
240 288
240 592
240 1429
240 7
240 253
240 594
240 1664
240 186
240 86
984 195
984 534
1808 859
244 143
244 976
244 70
244 128
244 1281
125 803
125 1225
125 163
125 1250
125 686
125 735
356 849
356 147
356 165
2320 356
295 1789
670 302
527 592
527 154
527 951
527 327
527 159
527 1229
527 160
2321 940
1244 448
2322 1790
90 995
90 1673
90 809
90 10
90 1040
90 387
90 131
90 1587
90 933
237 1123
237 1681
237 893
237 1791
237 116
237 183
237 199
237 1396
237 371
1935 37
603 1343
603 1376
603 1599
603 456
361 809
361 1792
361 1793
361 1405
361 1139
361 1794
862 1011
2323 1795
2323 481
2324 1475
1661 915
1661 1796
2325 35
676 33
676 353
409 638
1070 342
368 370
368 269
368 1797
368 1459
2326 732
259 258
259 678
259 508
259 1436
1818 1798
1818 926
1818 994
119 1799
119 1733
119 390
119 1032
119 591
119 658
119 1800
119 1801
119 1802
119 1103
119 218
119 977
119 641
119 1501
119 1712
119 119
119 503
119 80
119 303
119 72
119 7
119 393
119 865
119 914
119 1497
119 1283
119 760
119 1376
119 1803
119 186
1575 63
790 526
790 65
790 448
790 428
790 163
790 1181
790 1427
790 740
790 15
2327 126
637 1
594 1166
594 1804
594 414
594 1579
594 63
1717 1805
1717 650
1274 1806
1274 1807
1274 1670
2328 72
937 103
1586 914
325 182
325 316
325 781
859 1808
231 1239
1915 503
2329 1809
2329 193
454 316
454 731
1923 512
979 214
440 1810
440 143
440 1811
440 50
440 770
440 1812
440 172
112 13
787 1430
787 1813
787 683
787 583
787 101
787 1814
787 808
787 537
787 78
787 587
787 1815
787 585
787 931
787 1188
787 86
1420 182
2330 59
2331 1450
2331 1816
2331 1075
994 1817
994 176
994 500
994 121
994 1818
994 450
994 1819
994 414
351 351
351 1820
351 352
351 1740
351 1416
351 1741
2332 370
1143 1150
1143 644
924 1821
924 87
924 40
924 998
924 1026
924 731
2333 245
269 605
1365 1634
1365 551
1365 414
1365 359
499 549
499 62
499 448
499 1385
499 252
499 431
499 988
499 690
499 347
499 1284
499 80
499 503
499 222
499 172
499 924
2334 434
2335 1142
2336 1822
107 62
107 582
2337 172
840 332
888 546
2338 107
342 1070
342 248
1133 1132
1133 369
1133 1487
21 1327
21 217
21 617
21 251
1170 195
1170 981
1170 262
962 323
1804 1291
1804 594
375 983
375 379
375 45
1987 35
1091 1067
2339 1371
2340 55
1466 1823
1466 1615
217 119
217 976
217 121
217 405
217 1251
217 117
217 644
217 1181
217 98
217 59
217 304
217 603
217 128
217 1760
217 371
217 1189
217 21
217 172
217 1799
2341 964
1761 451
1761 163
1243 607
1243 521
1243 1302
1243 1824
1243 1639
852 1699
852 1825
852 1826
852 1063
852 1827
852 1702
852 284
1850 52
2342 40
1406 782
2343 182
2343 56
2343 1828
1700 59
1700 10
264 1749
264 10
264 481
1210 1829
1210 1830
1210 731
1210 908
2344 839
1636 13
412 1831
412 599
412 1126
412 1803
412 95
412 954
412 593
412 37
412 11
412 1493
412 438
412 1545
412 80
412 1832
412 795
2345 1019
1600 1189
1515 1558
1515 102
1515 371
2346 1714
2346 1833
1724 493
345 546
345 163
345 1834
345 591
345 175
345 911
345 151
345 547
374 373
766 766
766 419
948 270
1138 87
1138 767
2347 91
1051 699
1051 231
2348 731
2348 484
2349 321
2350 344
2350 623
2350 489
175 1807
175 1467
175 345
175 165
175 934
175 1482
175 188
175 1042
175 97
175 175
175 13
175 753
175 695
175 841
175 708
175 121
175 827
175 183
175 517
175 1399
175 1701
175 866
175 285
1837 445
1837 193
1759 1733
1760 1733
1760 163
1760 1835
1760 1818
1735 1662
1735 1050
1735 371
230 163
230 1836
230 1154
1289 1819
1289 11
193 827
193 194
193 1837
193 552
193 1838
193 706
193 1839
193 197
193 61
193 71
2351 460
615 98
2352 245
1268 138
795 1590
795 412
423 163
472 1145
472 345
472 1840
472 481
82 1841
1919 1
822 915
822 318
822 517
822 623
1903 400
1903 79
1903 1599
1903 977
1903 1085
1446 1677
1446 60
2353 403
1667 366
1667 723
1667 551
825 627
825 503
825 87
825 46
825 1319
460 64
460 1842
460 325
460 1843
460 322
460 290
283 70
740 1335
740 235
740 163
1699 1825
1699 852
731 34
731 474
731 1844
731 753
731 85
731 13
731 731
731 26
731 1845
731 332
731 1687
731 231
731 1846
731 1847
731 414
731 1210
731 481
2354 298
157 154
157 267
157 155
157 163
157 972
157 1205
157 489
157 329
157 159
157 290
157 1209
157 181
1458 1048
1112 1848
1246 448
1246 221
52 638
52 1032
52 208
52 448
52 1849
52 209
52 1219
52 1850
52 212
52 1851
52 1852
52 753
2355 1120
171 561
171 124
364 685
364 928
1093 463
1414 141
433 414
1035 1427
1035 854
1355 1853
1158 79
808 1151
808 59
808 171
808 186
783 274
783 91
328 1768
1839 193
595 839
4 76
4 1558
4 764
4 85
4 10
4 163
4 768
4 1082
4 1617
4 1854
4 823
2356 274
1493 638
1493 1119
1493 1789
1493 199
1493 1420
1493 1795
1493 857
1493 1855
1493 1694
1493 173
723 274
723 1099
723 448
723 1856
723 67
723 1026
723 1308
723 99
723 1667
723 141
723 217
723 414
723 1134
1120 34
489 1395
489 65
489 443
489 1857
489 1858
489 157
489 275
489 239
489 1046
489 431
489 163
489 175
489 181
489 925
489 34
489 707
489 1164
2357 10
274 838
274 1859
274 73
274 1860
274 70
274 607
274 1596
274 117
274 783
274 80
274 371
274 181
274 273
274 175
274 176
274 138
274 128
274 370
274 1861
274 1031
274 274
274 414
274 1862
274 491
274 163
274 99
274 1863
274 186
274 1864
274 1164
229 1419
229 448
568 909
1922 273
2358 1120
639 722
639 371
639 734
639 253
639 800
2359 134
1827 86
1827 1063
1827 852
793 1181
134 355
134 1181
973 442
973 776
973 215
973 98
23 363
23 87
1625 1006
1637 674
1637 1853
1886 252
2360 214
2360 221
1816 182
1639 1216
1639 40
1639 976
1639 1865
1639 1344
768 634
768 4
1054 338
1054 448
1054 355
1054 55
1054 992
1054 251
1054 414
31 464
31 0
31 128
31 238
31 1866
753 1681
753 1125
753 10
753 165
753 440
753 1270
753 1103
753 1867
753 428
753 212
753 175
753 654
753 1868
753 1120
753 616
753 1869
753 1
753 1870
753 251
753 731
753 491
753 639
753 1734
753 414
753 1281
753 52
726 1509
726 1871
726 786
726 1872
726 63
2361 248
105 65
105 338
105 506
105 344
105 556
105 134
105 1873
105 563
105 183
105 254
105 1705
105 297
105 363
105 557
105 216
105 1874
445 1875
445 1623
1468 1415
880 419
880 235
880 974
880 807
880 1876
880 1877
880 909
880 1561
880 273
880 216
880 481
282 1179
282 121
282 365
282 1878
282 165
282 607
282 839
282 1879
282 1880
282 636
282 290
282 61
282 1432
282 1608
178 1881
250 182
250 154
250 238
250 79
250 13
250 36
250 59
250 1882
250 1292
250 654
250 1334
250 290
250 186
250 812
250 273
546 1342
546 345
546 543
546 1182
546 381
1487 290
1487 1133
1725 1126
2362 21
2363 499
1205 157
2364 1883
2365 1194
949 450
949 270
949 1229
1595 1412
1595 452
1595 414
2366 1884
2366 1885
988 398
988 267
988 499
988 1290
988 1745
988 401
988 1847
988 290
552 395
552 1886
552 385
552 403
552 1165
552 79
552 173
552 172
1241 1302
255 638
255 820
255 995
255 492
255 55
255 531
255 448
2367 400
2367 307
2367 63
811 1887
436 1888
436 835
436 208
436 1889
436 298
436 134
436 1890
436 319
436 242
436 370
436 721
436 1891
436 1170
487 181
1260 1879
271 783
271 490
271 1251
271 1892
271 70
271 1
271 181
271 824
271 517
1249 182
437 242
437 481
587 189
1218 634
1218 1530
1218 410
2368 1076
868 120
868 1496
868 904
640 1893
1526 65
2369 988
883 731
883 214
883 121
883 262
883 284
209 64
209 290
209 151
209 1894
209 507
2370 980
1089 102
1089 1281
1702 909
1702 852
216 599
216 448
216 1673
216 7
216 1628
216 880
823 613
823 593
872 121
621 98
621 623
268 268
110 261
110 443
110 110
110 163
110 332
110 1
110 582
110 217
110 160
110 1768
1914 503
84 1895
84 324
2371 229
2372 324
144 1309
2373 1251
2373 416
1670 7
1670 59
1670 1274
1524 721
312 719
312 375
312 623
1140 1896
1140 323
1731 443
1678 633
1678 359
1678 236
1745 1897
1607 827
1159 1898
1159 1899
1159 186
1159 696
1159 481
207 64
1786 36
1786 674
1598 372
1598 325
1598 481
1976 361
2374 149
431 346
431 431
431 489
431 493
431 1563
431 1479
11 10
2375 414
2376 767
2377 49
377 378
2378 592
2379 55
1062 573
1062 309
1062 481
576 1900
2380 721
2381 703
79 192
79 107
79 552
79 1901
79 1902
79 72
79 116
79 416
79 183
79 2
79 1903
79 492
79 1838
79 214
79 217
79 181
79 1599
79 40
79 660
918 159
918 154
918 267
933 1400
2382 1678
718 424
718 658
718 61
718 143
2383 179
2383 284
495 1809
2384 881
2385 10
2386 308
164 448
1971 1904
1971 914
1971 544
806 186
1351 1353
1351 1301
1351 550
1026 732
1026 986
1026 924
1198 1
1473 13
1473 59
96 699
96 1905
96 155
96 131
699 93
699 72
699 236
699 13
699 1051
699 163
699 1064
713 355
713 607
713 1906
713 163
1665 954
691 1907
1437 816
475 261
475 251
475 40
475 839
475 1908
475 701
475 1189
1805 1717
887 1299
887 414
887 1605
887 46
887 163
1043 627
1043 771
1792 361
1066 182
1066 69
1066 845
1066 208
1066 448
1066 1373
1066 7
1066 825
1066 643
1066 1909
1066 36
1066 1381
1066 50
1066 841
1730 399
874 881
812 250
812 298
2387 1876
2388 803
153 1742
153 63
1605 1910
1605 1911
1605 887
1605 72
1605 1912
1906 713
1906 329
535 1172
1362 152
503 108
503 119
503 143
503 49
503 1913
503 7
503 1700
503 40
503 499
503 1914
503 1908
503 1883
503 1915
324 1916
324 13
324 307
324 581
324 84
324 426
324 847
324 1694
324 324
273 274
273 1917
273 1318
273 1918
273 1442
273 1919
273 70
273 1920
273 1921
273 1683
273 297
273 1922
273 880
273 993
273 222
273 145
1021 29
1021 117
1021 448
512 1653
512 344
512 1923
512 1048
512 1924
512 1925
794 262
794 459
794 1326
794 1255
794 372
794 1507
1673 1926
1592 414
1592 271
86 300
86 89
86 309
86 1160
86 240
86 352
86 1219
86 1143
86 91
86 584
86 1827
86 290
2389 1927
101 1248
101 131
101 839
101 787
101 242
101 290
101 1190
1433 264
1433 1758
1433 3
1433 904
1433 93
926 29
926 938
926 395
926 346
926 298
926 445
926 1818
926 569
926 117
1931 1928
1931 485
835 836
835 143
835 134
2390 914
2390 735
170 7
170 561
170 253
1683 1032
1683 93
1683 7
1683 40
1683 1189
1683 273
1929 1929
906 1930
2391 879
2391 687
485 181
485 824
485 1931
1962 735
1514 1144
1514 1182
2392 735
267 261
267 507
267 157
267 988
267 70
267 159
267 154
267 918
1352 1179
1352 143
1352 8
1352 360
1352 1259
1352 65
1352 890
1245 448
1245 309
2393 1932
2394 1175
836 914
836 420
836 774
836 703
1950 187
1620 245
1620 1543
1616 1000
2395 131
2395 1933
584 86
584 586
584 290
584 1934
584 189
37 406
37 128
37 1935
37 412
149 738
149 154
149 338
149 223
149 1824
149 1385
149 382
149 919
149 1936
149 641
149 10
149 1897
149 1937
149 181
149 388
149 290
149 1857
2396 105
1094 65
1460 1411
1460 72
61 1938
61 338
61 121
61 718
61 282
61 1799
61 1939
61 1284
61 1940
61 582
61 1189
61 193
2397 29
2397 1037
2 5
2 1941
2 194
2 249
2 1942
2 732
2 493
2 79
2 253
2398 900
392 1443
647 549
2399 1943
2400 229
849 356
849 212
2401 988
2401 1944
1135 350
2402 1548
2402 7
2402 470
2402 240
2402 175
2402 1945
452 936
452 1946
452 370
452 1353
452 186
452 1595
1425 182
2403 1673
1626 693
1626 448
2404 1313
1928 36
1278 443
1278 338
1278 477
2405 1062
525 1614
1975 619
886 67
886 624
886 1530
886 616
750 332
750 251
629 1947
629 117
629 1919
1482 945
1482 175
614 98
74 622
74 373
74 316
74 671
74 253
74 98
74 552
74 1356
74 558
74 372
74 214
74 451
74 531
74 145
2406 727
1872 931
1872 126
875 431
875 121
875 1948
2407 727
2408 346
2409 791
187 393
187 807
187 1949
187 1950
187 113
187 481
2410 361
338 1147
338 1126
338 1951
338 1952
338 165
338 149
338 8
338 370
338 686
338 0
338 1953
338 105
69 1145
69 319
69 240
69 841
69 1954
2411 59
2412 227
1265 517
1265 1955
425 1140
425 222
1888 1888
1888 436
2413 84
2413 277
2413 9
309 143
309 300
309 60
309 87
309 1956
309 85
309 86
309 698
309 304
309 1957
309 347
309 333
309 1067
309 1245
309 1280
309 1334
309 1497
309 393
309 1800
632 1958
632 355
632 184
632 221
632 427
632 1063
632 61
632 1233
432 426
1439 980
1439 1281
1439 1743
2414 382
257 629
675 1959
675 419
46 182
46 291
46 825
46 37
46 1619
46 1960
46 272
46 336
46 211
46 727
735 1821
735 448
735 1961
735 463
735 169
735 371
735 329
735 125
735 914
735 1962
735 1963
2415 1964
2416 1955
1088 1965
746 179
746 251
746 1442
746 498
746 1833
746 1966
1010 332
1010 1967
2417 589
1871 726
769 261
1435 149
1435 223
1650 1426
376 1968
376 1373
1363 581
2418 1969
709 563
1783 674
558 74
558 251
558 233
558 839
558 98
558 220
558 172
585 542
585 220
585 787
585 1939
585 189
695 1810
695 1970
695 170
544 1971
544 381
560 172
2419 976
562 172
843 182
843 613
2420 1972
421 767
421 564
1847 731
778 1416
1316 1449
1316 1316
1316 1973
1857 149
1857 1038
2421 1189
626 98
2422 453
2423 1974
2423 934
1041 541
884 360
884 121
884 375
1900 371
1900 576
619 1975
550 59
550 1599
550 251
550 5
550 928
166 654
166 561
166 1080
2424 1976
2424 95
1092 154
1092 509
2425 879
2425 1977
1843 460
327 159
327 181
327 154
724 638
724 170
724 1978
724 839
724 767
724 371
2426 1979
554 172
1926 1673
434 91
434 444
434 1341
434 375
434 379
434 457
434 101
434 1815
434 242
434 14
434 1980
1727 43
1727 1126
2427 448
1668 59
1059 13
1059 531
1059 1384
2428 714
1979 3
1221 119
1221 448
1221 1981
1221 98
1221 55
1221 128
1117 1587
1117 1424
1117 124
1430 1862
1990 7
418 1798
418 225
418 727
1511 1714
2429 40
1251 1452
1251 1982
1251 902
1251 217
1251 271
2430 1343
2431 1733
1463 346
1463 1983
1463 1463
2432 346
2433 284
2434 677
2435 222
1203 59
1203 881
2436 1984
2437 1634
1664 502
1664 826
2438 466
2438 102
2439 370
2439 378
1475 1980
1475 1985
154 261
154 267
154 972
154 1562
154 327
154 159
154 918
1258 448
600 1986
600 98
315 72
773 634
773 36
773 592
2440 137
2440 214
2440 1270
206 388
857 699
857 487
857 49
857 1987
857 134
1508 736
1508 145
2441 281
2441 735
506 371
506 163
2442 307
641 622
641 429
641 251
641 1988
928 541
928 60
2443 325
2444 1989
43 1727
43 85
43 67
43 1628
43 245
43 322
43 400
43 1063
1119 124
7 372
7 10
7 359
7 1708
7 1066
7 848
7 1670
7 481
7 192
7 36
7 448
7 98
7 117
7 503
7 451
7 1651
7 76
7 1990
7 143
7 1673
7 804
7 6
7 767
7 656
7 274
7 1198
7 719
7 355
7 240
7 1683
7 1216
7 216
7 1
2445 60
2445 1991
2446 72
2446 309
1431 65
1398 398
1398 157
1756 493
1050 1735
1050 1177
2447 1613
2448 1733
2449 350
36 298
36 165
36 55
36 1066
36 70
36 102
36 582
36 143
36 163
36 850
36 406
36 65
36 321
36 114
36 248
36 0
36 43
36 87
36 7
36 59
36 1786
36 1401
36 904
36 252
36 731
36 170
36 998
36 1928
36 773
36 124
944 1384
944 393
944 33
944 1992
944 428
211 64
211 1042
211 334
211 1993
211 59
211 1994
211 564
211 46
198 182
198 71
198 1995
