80 0
80 1
80 2
80 3
80 4
271 5
1110 6
1239 7
1239 8
1088 9
1088 10
1088 11
1088 12
1088 13
1138 14
1138 15
1082 16
1082 17
1585 18
1585 19
1585 20
1222 21
1222 22
85 23
85 24
85 25
85 26
85 7
85 27
85 28
85 29
85 30
85 31
85 32
85 33
85 34
85 35
85 36
85 37
85 38
85 39
85 40
85 41
85 42
85 43
85 44
1915 45
1046 46
296 47
296 48
296 49
296 50
955 51
1810 52
1810 53
1810 54
1772 55
1772 45
191 56
191 57
191 58
191 59
191 60
762 61
762 62
762 63
762 64
559 65
777 66
981 67
981 68
981 69
981 70
1845 71
398 72
398 73
398 74
1710 75
1710 76
4 77
4 78
4 79
4 80
4 81
4 82
4 76
4 10
4 83
4 84
1916 39
426 85
426 74
426 86
200 87
200 88
200 11
200 89
200 0
200 90
200 91
200 92
200 93
200 94
200 95
200 96
200 97
200 98
200 99
1148 21
309 2
1917 7
1918 100
1919 101
1919 83
930 102
930 103
930 104
313 2
1162 105
1162 106
1162 7
1162 107
1388 108
1388 109
1388 110
1388 111
1388 112
1388 113
502 114
502 115
502 116
1920 117
1210 118
1037 85
1037 106
587 119
587 120
1921 121
1921 122
747 102
747 123
747 124
181 125
181 38
181 126
181 127
181 128
181 129
181 130
181 131
24 85
24 40
1467 132
1467 133
1073 134
1073 135
1073 5
1073 83
1073 136
1604 137
1604 138
1604 83
1820 95
1922 139
820 140
1923 141
1667 142
1667 143
1667 144
332 145
332 146
1786 147
849 148
180 149
180 20
180 17
180 150
180 151
180 152
180 153
180 154
180 155
180 156
180 7
1924 109
485 157
485 158
485 159
408 160
408 161
408 162
408 163
408 164
408 26
408 165
1925 16
1401 53
1401 166
1563 167
1563 136
1926 144
1927 168
1016 169
1016 170
1016 148
1016 171
1016 172
1064 173
1892 16
1892 174
975 175
1928 176
1929 177
129 178
129 179
129 180
129 181
129 182
129 183
1930 184
1930 185
441 0
441 186
441 187
441 188
58 189
58 190
58 191
1931 192
653 11
917 193
1895 53
1354 194
1527 130
1527 195
958 51
1257 196
732 197
198 198
89 85
89 199
89 13
89 161
89 200
89 201
89 197
89 202
89 203
687 204
1932 175
1426 205
1426 206
1221 207
922 208
766 209
766 210
766 211
766 7
766 212
1267 213
557 214
557 197
236 215
236 79
236 216
236 217
236 218
236 219
236 220
236 221
854 222
1933 223
454 188
679 113
679 199
679 22
1644 224
1644 225
1644 226
1495 227
1495 228
1495 229
1495 230
1495 231
1495 232
1495 233
1495 40
1495 83
1495 234
1677 235
219 236
219 237
219 53
276 238
276 114
276 239
276 240
968 241
968 242
968 243
968 21
968 244
968 245
185 246
185 247
185 248
185 83
1586 249
1586 250
1934 251
36 85
1935 252
1766 253
1337 254
1337 170
1337 255
909 139
1599 256
1151 257
1151 258
1108 49
1108 228
704 259
704 260
704 261
704 262
1936 69
710 263
1937 264
803 265
635 245
635 20
1611 266
5 267
5 43
5 268
5 34
5 269
5 270
5 112
5 271
5 188
5 272
5 16
5 273
5 191
5 274
5 60
5 275
5 276
5 277
5 2
5 278
1613 279
1613 174
1573 280
1573 3
289 281
289 282
1938 162
1938 283
1939 284
708 285
708 106
708 286
708 53
708 260
708 287
708 288
2 289
2 290
2 291
2 80
2 292
2 144
2 293
2 294
2 211
2 295
2 296
2 297
2 298
2 299
2 300
2 197
2 96
2 301
2 302
2 303
2 304
2 305
2 306
2 240
2 307
2 308
2 309
2 310
2 311
2 312
2 313
2 212
2 314
2 315
2 316
2 317
2 318
2 319
2 320
2 321
2 322
2 323
2 324
2 325
2 326
2 327
2 328
2 329
2 330
2 331
2 40
2 332
2 333
2 334
2 335
2 336
2 337
2 338
2 339
2 51
2 340
2 341
2 342
2 343
2 344
2 345
2 346
2 347
2 7
2 348
2 349
2 350
2 351
2 352
2 353
2 354
2 13
2 105
2 11
2 34
2 355
2 356
2 357
2 98
2 358
2 359
2 360
2 361
2 20
2 362
2 42
2 363
2 140
2 364
2 114
2 365
2 366
2 367
2 368
2 369
2 370
2 157
2 371
2 372
2 148
2 156
2 373
2 374
2 375
2 199
2 250
2 376
2 377
2 378
2 379
2 16
2 380
2 381
2 382
2 182
2 383
2 14
2 384
2 385
2 386
2 387
2 5
2 388
2 115
2 6
1719 389
560 390
1940 391
1897 392
1285 393
1285 394
577 395
577 106
577 7
577 396
577 317
577 397
577 398
577 255
577 163
577 399
577 400
577 401
577 402
577 403
577 404
577 405
1092 310
1092 103
252 106
252 406
879 407
164 408
164 164
1591 67
1591 409
1591 136
1293 197
1293 410
1293 25
1293 411
477 188
1941 412
1377 413
1377 136
685 85
685 414
685 415
685 416
685 417
685 418
685 199
685 419
685 114
685 420
685 123
685 421
685 422
1286 423
810 424
810 425
810 426
810 427
810 428
810 43
810 429
810 430
810 287
810 431
810 322
810 432
435 433
435 434
435 217
435 413
435 435
435 45
435 436
435 109
435 144
435 437
1784 438
188 439
188 440
188 441
188 442
188 443
188 243
188 344
188 444
188 445
188 136
188 446
188 447
188 448
188 449
188 450
188 451
188 452
188 453
188 454
188 455
188 456
188 253
188 457
188 458
188 7
188 459
188 460
188 461
188 462
188 463
188 270
188 5
188 464
188 188
188 465
188 466
188 422
188 467
188 468
188 469
188 11
188 470
188 471
188 472
188 16
188 473
188 161
188 474
188 49
188 475
188 386
188 119
188 112
188 476
188 477
188 478
188 479
188 480
188 481
188 69
188 482
188 208
188 483
188 484
188 145
188 247
188 353
188 485
188 362
188 53
188 486
188 487
188 488
188 489
188 490
188 491
188 492
188 131
188 493
230 494
1022 495
1022 496
767 497
767 498
767 179
767 7
767 499
767 221
602 237
602 500
602 245
223 2
116 450
116 501
116 502
116 11
116 503
1487 504
1487 505
1487 199
1487 378
1314 114
1314 415
869 506
850 507
1942 508
1942 20
790 121
644 509
644 243
644 438
644 510
644 511
644 446
644 114
644 512
644 144
644 270
644 7
644 513
644 474
644 173
644 16
644 197
644 67
644 514
644 266
644 515
644 11
644 136
644 516
644 517
644 98
644 518
644 119
644 519
644 520
644 521
644 413
644 522
644 147
644 523
644 524
644 525
644 526
1005 35
1943 11
481 188
1944 346
1111 527
1111 137
1111 528
1111 529
1111 530
1111 357
1111 531
1111 123
1448 532
1448 6
1945 106
1429 533
599 119
797 123
797 534
797 535
797 536
797 239
1289 537
1128 538
1128 539
1128 540
1023 541
1023 542
1023 543
1023 396
1365 544
1365 545
1946 471
1947 387
959 51
1948 546
1948 547
1949 216
1950 548
1951 549
1952 72
1953 550
1954 551
1661 535
1661 43
1247 245
566 552
566 105
566 553
566 353
1428 554
558 555
558 556
558 557
558 105
558 53
558 346
558 558
558 559
1435 560
1435 79
1435 561
1393 496
513 562
1325 563
1803 413
1803 564
721 565
105 566
105 567
105 275
105 420
105 148
105 558
105 138
105 7
105 568
105 199
105 569
105 11
105 570
105 16
105 571
105 572
105 150
105 472
105 573
105 574
105 395
105 114
105 575
759 68
759 576
404 577
1955 358
1955 357
1754 578
153 579
153 180
153 345
153 580
153 581
153 51
153 582
119 583
119 584
119 585
119 586
119 420
119 587
119 588
119 589
119 148
119 590
119 297
119 199
119 591
119 350
119 302
119 228
119 592
119 45
119 593
119 594
119 595
119 596
119 240
119 573
119 597
119 485
119 598
119 599
119 600
1609 601
20 497
20 224
20 602
20 603
20 604
20 392
20 605
20 606
20 448
20 384
20 346
20 534
20 451
20 607
20 608
20 83
20 609
20 610
20 611
20 612
20 7
20 613
20 297
20 614
20 615
20 355
20 616
20 617
20 618
20 437
20 619
20 123
20 620
20 321
20 77
20 621
20 622
20 623
20 136
20 624
20 113
20 39
20 625
20 48
20 194
20 626
20 627
20 628
20 629
20 498
20 630
20 631
20 632
20 633
20 556
20 634
20 519
20 635
20 636
20 180
20 598
20 114
20 580
20 51
20 10
20 172
20 492
20 637
247 498
247 216
247 638
247 639
247 446
247 567
247 188
247 640
247 564
247 629
923 245
923 530
923 641
1436 642
1067 275
467 571
467 161
467 450
1538 643
114 502
114 644
114 373
114 645
114 425
114 530
114 646
114 162
114 647
114 146
114 132
114 648
114 649
114 300
114 650
114 74
114 598
114 486
114 188
114 107
114 651
114 637
220 269
220 652
220 236
220 653
220 373
220 654
1156 655
23 85
23 656
23 7
675 547
675 657
894 298
894 658
894 659
894 660
177 244
177 177
177 661
177 662
177 663
781 664
781 665
781 666
781 667
781 668
781 328
781 212
781 669
781 357
781 525
781 51
781 384
781 376
781 620
781 670
781 493
755 253
1297 671
711 672
711 375
711 328
711 263
711 673
417 674
417 464
417 112
199 675
199 676
199 269
199 677
199 446
199 522
199 640
199 144
199 248
199 2
199 678
199 540
199 9
199 679
199 7
199 62
199 298
199 199
199 16
199 680
199 321
199 514
199 11
199 539
199 270
199 3
199 45
199 681
199 182
199 682
199 683
199 40
199 98
199 499
199 684
199 89
199 685
199 686
199 687
199 573
199 74
199 415
199 688
199 689
199 20
199 95
199 690
199 6
616 11
616 20
616 691
616 636
616 692
616 693
1505 694
1505 240
1956 577
1957 334
695 695
695 306
695 696
695 562
697 697
697 310
697 361
697 180
697 698
697 699
1113 700
1547 16
384 701
384 319
384 350
1958 265
1700 11
262 702
262 703
262 704
262 423
263 705
263 11
263 706
263 707
263 16
263 708
263 709
263 710
263 429
263 711
263 520
263 185
263 492
263 712
263 713
1959 714
769 497
1960 603
1102 573
1102 414
1102 715
1494 372
1494 260
1494 74
952 529
952 83
1135 538
1961 269
1962 113
1164 11
584 119
1963 49
1963 188
1116 716
1116 717
1116 718
565 119
565 719
565 114
565 720
565 721
1194 202
1091 49
1091 722
1091 247
1091 723
1964 724
1965 119
1889 374
1889 538
1889 725
1451 726
300 727
300 79
300 136
300 2
300 728
300 114
300 729
300 17
197 182
197 730
197 731
197 543
197 149
197 11
197 557
197 53
197 526
197 197
197 188
197 130
197 489
197 606
197 10
197 732
197 2
197 733
197 734
1966 735
172 736
172 20
172 317
172 737
172 738
172 188
172 51
172 739
96 334
96 740
96 200
96 741
96 742
96 743
301 85
301 744
301 345
301 5
301 306
301 107
248 51
248 127
248 277
248 745
861 746
861 747
840 748
840 357
840 7
840 79
840 749
57 750
1300 7
112 751
112 752
112 188
112 6
1967 6
240 753
240 723
240 450
240 750
240 754
240 83
240 755
240 756
240 7
240 441
240 757
240 245
240 276
240 758
240 759
240 16
240 760
240 238
240 709
240 119
240 761
240 762
240 763
240 278
240 41
240 485
240 51
240 492
240 6
960 51
1581 358
1581 764
1968 433
1968 148
1968 577
1969 765
1220 98
218 766
218 236
218 67
218 333
1970 353
497 270
497 767
497 20
497 768
497 769
237 770
237 771
237 772
237 219
237 602
237 773
1971 98
1460 85
1460 706
641 774
641 775
641 776
641 64
928 85
928 358
928 4
928 378
551 777
551 183
551 162
1972 37
756 778
756 779
756 780
756 781
756 782
756 119
756 783
756 194
756 564
756 706
756 263
756 784
1100 87
1100 160
1100 728
1100 715
1100 785
1100 2
65 558
65 2
65 559
30 85
986 278
1973 49
1974 24
1974 641
93 786
93 787
93 747
1776 788
783 756
783 160
1975 742
1006 180
1415 789
1415 112
1976 71
1061 112
727 790
727 791
727 632
727 792
727 16
727 344
727 650
727 350
727 300
727 793
727 794
727 172
727 51
727 795
727 775
727 2
727 707
1523 11
1977 199
536 796
536 259
536 534
536 797
1702 798
1978 515
1821 799
187 441
1298 51
1298 800
1298 801
341 802
341 803
341 2
341 543
1455 579
1979 804
1979 805
1235 806
288 807
138 808
425 809
425 11
425 570
425 810
425 105
425 74
425 98
425 446
425 114
425 170
825 811
530 812
530 334
530 813
530 16
530 101
530 814
530 815
530 114
530 395
530 693
530 492
1980 816
1010 34
1010 817
1010 818
1010 574
1010 312
1010 819
1010 820
1010 821
1010 822
1010 194
1010 119
1010 350
1010 823
1178 711
1178 824
1178 16
1178 825
1178 826
1178 634
1178 144
876 665
876 443
876 607
876 401
876 827
876 49
876 828
876 614
876 722
876 829
876 146
876 830
876 123
876 758
876 831
876 832
876 179
876 228
876 411
876 833
876 99
876 834
876 835
876 247
876 569
876 836
876 837
876 838
1307 7
1788 839
281 289
281 840
281 574
281 74
281 406
265 841
104 16
104 842
104 843
104 154
851 844
851 492
851 69
851 845
851 522
1981 430
1767 846
742 847
135 848
736 849
736 172
507 850
1089 395
1089 742
844 851
844 750
844 715
1982 852
443 237
443 772
443 344
443 188
443 121
443 833
443 853
222 10
222 854
1602 87
1602 247
612 855
612 856
612 857
612 431
612 20
374 85
374 858
374 427
374 446
1657 859
1983 754
1198 860
1198 861
1198 202
1984 204
1984 845
1747 387
1747 862
1747 136
570 570
1630 322
1985 199
1985 89
1986 863
45 434
45 632
45 335
45 573
45 199
45 435
45 864
45 119
45 865
45 866
45 867
45 868
506 869
506 870
506 871
506 659
506 872
506 547
506 873
506 321
99 85
99 874
99 200
99 69
99 875
99 876
99 433
99 877
99 878
99 879
99 366
99 880
99 53
99 212
99 451
99 881
99 106
99 123
99 882
99 99
1439 499
632 727
632 20
632 358
632 883
632 884
632 45
632 449
632 140
632 70
632 750
548 885
548 323
822 886
822 7
822 887
822 744
822 888
822 113
1987 194
214 214
214 889
214 557
214 94
214 890
1482 16
1608 449
1608 891
1608 892
596 583
596 119
596 324
596 893
1988 894
1989 519
1184 90
1184 556
1184 895
1184 896
1184 897
466 188
458 310
458 344
458 123
458 898
458 188
1141 899
1141 228
1141 306
298 20
298 817
298 358
298 900
298 901
298 586
298 894
298 902
298 903
298 904
298 2
666 498
666 228
666 638
666 247
666 698
666 905
666 357
666 443
666 420
666 906
666 907
1459 358
804 908
264 909
1734 910
620 781
620 911
620 613
1990 194
1991 102
1991 106
1633 912
1633 913
1633 744
1633 883
1372 905
1372 914
656 23
656 915
656 805
656 7
656 406
1593 3
307 916
193 342
193 917
1344 909
1344 918
1344 150
1802 719
1095 919
1095 64
1095 114
1095 719
1095 306
1095 10
1095 920
491 810
491 921
491 188
491 922
1287 394
1287 421
1992 320
1992 923
603 633
603 16
1640 573
1993 529
1994 228
1068 121
1068 924
970 925
970 926
970 680
970 927
970 562
1995 119
84 928
1838 929
102 930
102 747
102 83
1877 180
1996 344
1169 931
1169 680
1169 932
1169 933
1997 934
1998 935
1998 4
847 742
1231 936
1231 937
1203 938
1203 939
418 11
418 685
792 727
764 940
764 941
1999 750
155 180
334 79
334 16
334 942
334 182
334 98
334 530
334 595
334 581
334 233
334 943
482 199
482 188
482 944
482 683
2000 945
1054 946
1054 947
2001 494
2002 114
254 846
254 516
254 572
254 948
254 5
254 589
51 87
51 949
51 683
51 781
51 950
51 750
51 390
51 951
51 2
51 952
51 953
51 954
51 955
51 350
51 956
51 172
51 437
51 957
51 105
51 248
51 958
51 905
51 959
51 843
51 233
51 743
51 240
51 727
51 20
51 960
51 428
51 937
51 961
51 805
51 712
853 443
770 771
342 962
342 2
342 963
342 193
243 178
243 68
243 424
243 964
243 136
243 116
243 965
243 200
243 639
243 5
243 450
243 388
243 532
243 158
243 966
243 967
243 968
243 969
243 322
926 970
926 971
926 185
1617 344
1893 354
1841 520
1411 972
2003 277
2004 973
175 85
175 766
175 105
175 355
175 197
175 974
175 975
175 293
175 321
829 216
829 876
829 396
829 976
829 838
829 684
239 977
239 717
239 978
239 876
239 979
239 53
239 487
239 276
239 6
70 980
70 358
70 981
1146 982
1146 373
1146 20
1146 16
1146 413
1146 983
2005 583
1351 420
1351 485
1340 163
1340 279
1340 658
1340 984
1580 16
1580 575
1580 212
659 7
278 985
278 737
278 5
278 986
278 82
278 301
278 6
633 987
633 621
633 603
633 20
633 805
633 11
633 260
633 83
961 51
961 619
2006 988
1122 989
1122 105
1122 990
1122 175
1122 573
1122 754
1122 991
1122 992
1122 360
1122 993
1122 838
1122 711
1175 16
1175 881
720 565
2007 994
2007 407
1557 163
1140 306
925 970
1813 995
1039 85
1039 17
1039 83
1424 996
1099 343
1099 846
1099 7
1099 997
1099 998
1099 772
1099 182
1099 999
1099 188
1099 830
1099 580
1099 1000
437 1001
437 137
437 413
378 918
378 1002
378 144
378 437
378 2
378 240
378 1003
1305 1004
1305 7
2008 486
1408 601
2009 1005
550 270
550 114
550 119
550 644
550 216
819 1006
819 1007
819 226
819 1008
819 17
819 413
819 1009
819 812
819 372
819 155
819 1010
819 1011
1631 415
2010 74
661 177
661 699
661 1012
661 1013
661 1014
472 106
472 105
472 11
472 1015
472 136
472 803
472 3
472 1016
472 1017
472 188
472 1018
472 1019
472 499
2011 199
235 1004
235 21
235 741
1716 113
1910 16
1208 938
1208 562
488 876
811 825
811 857
811 713
1020 1020
1637 1021
1864 16
2012 1022
396 394
396 106
396 7
396 577
396 344
396 150
396 1023
396 53
396 275
396 1024
396 319
396 204
396 508
396 1025
399 151
427 374
427 810
427 112
2013 106
1187 1026
1187 420
1187 1027
1302 1028
1374 185
1374 637
1623 573
1623 1029
1623 446
944 482
414 872
414 1030
414 105
414 233
295 982
295 11
295 304
295 650
295 895
295 1031
295 715
295 693
295 2
295 354
295 1010
1828 433
1890 163
2014 11
106 137
106 1032
106 1033
106 433
106 1034
106 1035
106 346
106 451
106 202
106 1036
106 1037
106 623
106 1038
106 577
106 1039
106 751
106 530
106 287
106 354
106 105
106 34
106 791
106 1040
106 16
106 109
106 929
106 252
106 159
106 356
106 194
106 627
106 415
106 472
106 69
106 557
106 1041
106 1042
106 292
106 1043
106 493
106 969
106 107
422 1044
422 1033
422 53
422 239
422 1045
422 26
46 1046
46 422
46 208
46 577
46 270
46 781
46 1047
46 1048
46 950
46 1049
46 1050
46 1051
46 417
46 344
46 1052
46 123
46 1053
46 762
947 1054
683 194
683 42
683 199
683 1055
683 485
2015 1056
684 829
684 199
684 1057
684 1058
684 176
1394 1059
1685 214
1685 1060
740 1061
740 1008
740 349
740 241
740 1062
740 150
740 96
173 1063
173 422
173 270
173 1064
173 362
173 1065
173 822
173 644
173 378
580 244
580 614
793 314
68 16
68 772
68 759
68 6
795 194
795 1066
795 727
1301 7
1301 270
1301 810
1301 512
1301 144
1301 1067
1301 62
2016 99
2016 879
2017 197
924 1001
924 1068
924 49
924 319
2018 1020
2018 689
2018 548
1281 1069
2019 822
390 253
390 560
390 7
390 1070
390 616
390 1071
285 758
285 1072
285 345
884 529
884 632
134 346
134 1073
966 243
2020 170
2021 1074
319 1075
319 519
319 511
319 157
319 1076
319 384
319 575
319 789
319 2
1669 83
1479 696
1721 1077
1721 2
1078 1078
1078 7
159 106
159 485
815 163
815 415
815 1079
815 669
815 530
815 123
1829 78
19 1080
1219 450
1219 355
1219 16
1219 878
1219 346
1219 1081
1219 333
17 1082
17 632
17 751
17 1083
17 1084
17 905
17 1085
17 572
17 300
17 449
17 357
17 1086
17 353
17 533
17 98
1560 163
1560 1087
13 805
13 451
13 1088
13 89
13 2
2022 510
395 105
395 1089
395 887
395 577
395 153
395 822
338 2
1703 1090
1703 324
103 1091
103 1092
103 1093
183 87
183 809
183 146
183 144
1094 1094
919 1095
919 1096
919 624
919 1097
919 791
1873 16
1525 16
1525 433
1206 945
1206 955
1196 202
2023 412
1172 1098
1172 346
1172 1099
715 657
715 228
715 295
715 1100
715 344
715 197
715 1101
715 101
715 764
715 966
715 411
715 1102
1062 9
1062 434
1062 7
1062 1033
1062 883
1062 1103
1062 522
1062 272
1062 270
1062 1104
1062 1105
1062 172
1062 693
1062 915
1062 757
1062 637
2024 361
2025 683
1007 766
1007 11
1007 215
1007 1106
1007 350
1007 188
1007 306
1007 1107
2026 69
1543 915
1543 1108
1543 1109
1326 11
495 1022
495 1110
495 6
1712 257
1712 114
1712 106
1712 976
1712 274
518 644
518 420
531 1111
2027 1112
700 1113
700 1114
700 789
242 968
716 1115
716 1020
716 1116
716 1117
716 126
1516 818
1017 472
357 666
357 79
357 1118
357 17
357 781
357 1119
357 870
357 53
357 346
357 372
357 95
357 245
357 107
357 2
357 651
357 1120
1548 1121
140 820
140 492
140 2
140 316
73 1122
73 974
73 1123
73 7
493 106
493 188
493 674
2028 199
2028 2
583 1124
583 449
583 596
583 240
583 6
665 1125
665 876
665 785
665 914
665 1126
72 69
2029 194
272 194
272 1062
1594 1127
148 105
148 1016
148 34
148 233
148 109
148 119
148 202
148 2
609 306
540 1128
540 547
540 199
540 467
2030 1129
2031 361
645 105
645 114
645 569
645 718
2032 118
2033 907
2034 491
302 2
302 119
302 1130
1528 1131
1528 149
867 910
867 1132
867 881
1395 1133
1598 1134
238 85
238 1135
238 228
238 344
238 109
238 186
238 7
238 1080
238 1136
238 240
238 323
14 77
14 69
14 851
14 229
14 105
14 693
14 1137
14 1138
14 14
14 142
915 327
915 805
915 89
915 713
2035 195
27 85
1369 833
1369 649
1369 174
1369 905
1894 1139
1894 354
598 20
598 7
2036 842
306 390
306 534
306 451
306 1140
306 430
306 2
306 609
306 755
306 1015
306 482
306 400
306 1141
306 616
306 622
306 1128
306 245
306 533
306 301
306 132
306 695
306 774
306 228
306 1142
306 1143
306 1095
306 360
306 113
306 906
306 1144
306 1145
306 1107
306 51
306 993
1485 699
1485 176
982 1146
2037 85
796 16
796 655
796 204
796 536
796 1147
1468 197
1711 79
1711 1148
906 208
906 638
906 666
906 487
906 306
906 168
678 199
1654 1149
0 441
0 0
0 80
0 1150
0 636
0 767
0 1151
0 1152
2038 406
608 1153
608 20
529 952
2039 200
2039 1154
2040 199
2040 119
2040 215
1814 145
303 2
470 188
1155 1155
1822 168
304 2
304 184
304 295
304 411
1269 1058
1269 640
1269 1156
1497 794
1497 1157
519 20
519 1158
519 644
519 1104
519 724
519 1159
519 1160
521 644
2041 378
2042 1161
483 188
308 1162
308 349
2043 1163
1332 11
1332 1164
1507 1165
651 713
651 650
651 361
651 300
651 114
651 194
651 169
651 7
1043 106
311 38
311 114
311 2
311 949
1668 83
1191 1166
1191 492
1349 873
1666 800
1666 144
2044 1167
2045 7
2046 1168
932 1169
2047 353
1542 890
1542 651
1542 1170
1542 283
320 1171
320 2
2048 52
539 1172
539 1128
539 1173
539 987
539 1030
1084 1174
572 254
572 105
572 380
572 17
983 1146
40 1175
40 349
40 199
40 328
40 1176
40 292
40 553
40 630
170 1177
170 1178
170 1010
170 1179
403 1180
403 577
403 1181
403 1023
403 855
403 569
556 20
556 824
556 556
556 1182
556 1183
556 1184
1209 1185
1209 228
1209 578
995 1186
1371 905
1587 1187
1587 1188
1587 1189
2049 238
492 509
492 1190
492 20
492 962
492 840
492 694
492 524
492 98
492 245
492 53
492 188
492 738
492 140
492 607
492 829
492 1191
492 530
2050 424
1806 1192
1691 420
1315 772
1315 666
1720 1193
202 1194
202 1195
202 106
202 911
202 6
202 1196
202 199
202 1157
202 1197
202 1198
202 52
202 1088
202 1199
202 1200
202 121
202 1201
202 148
202 1094
202 1202
202 89
938 15
938 1203
938 1204
938 394
938 1205
938 939
938 1206
938 931
938 562
938 1207
938 1208
1185 1209
2051 750
2052 1210
2052 543
2053 1211
463 492
1651 372
1649 50
1123 1212
893 114
893 596
555 573
555 558
555 574
2054 1120
462 748
462 68
462 1213
462 188
462 49
1335 967
1335 316
1433 574
1433 1013
98 224
98 1214
98 1215
98 344
98 361
98 449
98 1216
98 144
98 2
98 644
98 1217
98 199
98 408
98 1218
98 168
98 266
98 537
98 16
98 914
98 1066
98 1219
98 17
98 69
98 557
98 745
98 522
98 1220
98 53
98 95
98 492
98 76
848 135
353 953
353 566
353 978
353 17
353 171
353 174
353 361
353 715
353 358
353 119
353 1221
353 188
353 2
1552 974
2055 715
2055 910
2055 1222
1071 885
1071 424
1071 1223
1296 1224
631 334
631 7
631 1225
631 931
631 693
631 321
631 20
1047 1226
1147 1227
1147 572
1147 892
1147 1228
1147 1229
523 1230
523 114
523 758
523 644
2056 275
440 188
936 1231
1874 16
2057 741
942 20
1236 812
496 137
496 1087
496 16
496 1232
496 1233
496 974
496 758
496 1234
812 530
812 1235
812 1236
812 819
821 533
246 185
25 85
25 1033
25 706
401 876
1166 1237
1166 1238
2058 437
8 1239
1240 1240
1240 156
375 49
375 1241
375 7
375 16
375 90
375 413
375 1242
375 77
375 728
375 1243
375 366
375 539
375 113
375 490
375 1244
375 2
375 540
375 711
1839 873
1839 929
1627 1245
1627 346
2059 3
184 304
184 1246
184 184
245 1247
245 1248
245 1249
245 361
245 1168
245 357
245 365
245 547
245 1250
245 7
245 1251
245 129
245 923
245 186
245 1252
245 1253
245 64
245 1254
245 635
245 968
245 602
245 492
1440 1255
1440 1256
989 1122
989 974
196 1257
2060 199
2061 2
508 14
508 16
997 1258
997 113
997 1099
997 1256
315 1259
1336 615
1699 321
1699 1260
628 20
628 1261
1237 1166
1237 1262
1114 700
2062 1263
741 199
741 217
741 200
741 948
741 1080
741 96
741 1264
741 1265
524 1190
524 199
524 624
524 1266
524 492
524 644
2063 699
2063 74
213 1267
1238 1166
1238 1268
2064 349
676 199
1058 1139
1058 1269
1033 673
1033 179
1033 106
1033 422
1033 1062
1033 569
723 789
723 758
723 3
723 420
723 1107
2065 335
176 624
176 684
176 1270
2066 1271
1404 1272
860 1199
1888 538
1888 119
1438 499
1397 1273
1397 1274
1397 1034
1397 1275
943 643
943 2
943 1276
1867 16
1867 1115
1867 1277
1867 894
1396 130
124 1168
124 931
124 1278
421 148
421 7
832 876
2067 16
543 270
543 228
543 415
473 188
1484 1075
1484 1279
1695 123
1695 179
2068 11
2069 1280
1069 1281
1069 781
1069 7
1069 1069
1069 1282
745 248
745 538
745 852
745 98
745 1283
745 194
805 228
805 1284
805 386
805 1117
805 446
805 51
805 719
805 656
805 383
805 938
805 915
805 920
805 868
1261 16
886 822
1 321
394 673
394 1285
394 1286
394 28
394 751
394 905
394 938
394 1287
226 270
1215 1288
1215 261
1215 415
1215 674
1215 1157
1215 98
1215 430
1215 1057
858 374
528 431
528 1111
2070 723
1035 67
1035 66
1035 106
1035 43
1035 2
92 449
707 727
707 603
707 263
707 350
2071 1215
568 105
323 357
323 548
323 238
323 39
323 2
323 114
537 1289
537 1157
537 1290
537 98
908 1291
411 846
411 228
411 577
411 876
411 337
411 1292
411 304
411 1293
411 589
2072 657
1531 1294
1531 275
41 85
41 1295
1199 860
1199 202
1224 1296
442 188
2073 422
2073 144
1861 1032
345 1036
345 2
671 1297
1530 1298
1656 573
1656 203
1299 1299
7 23
7 1300
7 225
7 1301
7 163
7 1162
7 114
7 1302
7 2
7 85
7 1303
7 227
7 211
7 28
7 375
7 1304
7 199
7 825
7 16
7 197
7 145
7 1099
7 822
7 533
7 758
7 421
7 1305
7 772
7 985
7 11
7 317
7 1306
7 474
7 38
7 1078
7 238
7 840
7 905
7 1307
7 1308
7 1309
7 194
7 1310
7 182
7 361
7 1107
7 1311
7 180
7 1312
7 1093
7 255
7 485
7 0
7 598
7 1266
7 573
7 767
7 1313
7 492
868 265
1218 98
2074 101
1809 241
1809 474
1809 1088
1809 918
2075 822
2075 1314
2075 561
772 237
772 511
772 1315
772 357
772 443
772 1316
772 1036
772 1194
772 666
772 123
772 421
772 1317
772 68
772 228
772 16
772 905
772 1318
772 1319
772 334
772 498
772 268
772 53
2076 451
11 1320
11 199
11 579
11 116
11 1321
11 812
11 448
11 1322
11 1323
11 144
11 2
11 644
11 1324
11 951
11 918
11 295
11 425
11 53
11 1325
11 16
11 83
11 71
11 429
11 1326
11 1327
11 256
11 132
11 514
11 351
11 161
11 474
11 328
11 411
11 383
11 1328
11 263
11 7
11 1329
11 632
11 200
11 1330
11 610
11 1331
11 188
11 1332
11 1019
11 135
11 993
11 1333
11 407
11 1334
11 6
668 16
1648 657
1648 115
259 704
259 255
259 536
26 85
26 408
967 1335
967 1336
967 243
1271 106
1271 583
1271 74
1271 750
1190 1190
2077 20
255 765
255 20
255 577
255 53
255 42
255 259
255 1337
255 715
255 1338
255 83
255 17
255 354
255 7
2078 838
2078 411
2078 1339
658 245
658 1340
658 61
1107 360
1107 1341
489 1342
489 248
489 823
489 39
489 489
489 83
1152 0
2079 115
368 1343
368 1344
368 1345
368 1346
368 0
368 2
979 1347
979 239
1391 1348
2080 1008
1526 10
827 1349
827 876
827 827
827 1056
827 163
1605 506
1605 1350
1800 717
1026 1351
1026 344
1026 1187
118 875
735 306
735 894
735 1352
1263 546
1565 167
194 1353
194 157
194 640
194 11
194 756
194 644
194 552
194 530
194 1010
194 266
194 106
194 228
194 1354
194 914
194 37
194 1355
194 1356
194 334
194 20
194 53
194 487
194 1357
194 651
775 727
775 641
1370 123
1370 905
1370 53
1584 18
2081 1358
1266 1359
1266 534
1266 7
1366 1360
1366 1361
1366 918
1366 141
257 1151
730 606
730 197
730 1362
730 450
1414 769
1909 387
291 1363
291 136
545 1364
545 49
545 603
545 485
545 53
545 689
545 1365
1050 128
1050 46
693 715
693 530
693 616
693 7
693 757
2082 16
951 398
951 131
1250 245
162 178
162 373
162 1366
162 283
162 216
162 350
162 610
162 408
162 114
162 750
162 533
162 132
1600 1265
1600 50
2083 810
1048 123
1514 200
1514 1183
1514 1367
905 772
905 394
905 1368
905 779
905 16
905 205
905 174
905 1369
905 1370
905 1371
905 1066
905 1372
905 123
905 17
905 922
905 415
12 594
1751 713
834 876
834 123
834 1373
410 20
1329 624
856 612
856 180
856 856
856 819
856 204
856 1374
856 69
856 155
856 76
413 1375
413 1376
413 1377
413 136
413 1378
413 435
413 644
413 958
413 1379
413 1380
413 437
413 1381
413 1010
522 64
522 644
522 144
1049 1382
1049 520
1049 828
1049 228
1049 569
1217 98
870 1070
870 357
870 1383
870 1384
871 194
871 727
871 635
61 762
61 616
61 945
61 1385
1357 277
1418 69
221 236
221 767
221 430
2084 1386
2085 1319
1437 151
1653 387
1653 1387
1653 573
379 2
1469 978
1469 538
1469 346
1469 1105
1469 324
2086 79
2087 0
733 197
2088 358
1171 320
316 317
316 538
316 140
316 2
316 673
110 1388
1578 358
1520 360
1520 182
1520 823
1520 1338
244 434
244 622
244 1215
244 16
244 392
244 1389
244 1390
244 5
244 821
244 114
244 525
244 618
244 968
351 375
351 199
351 1391
351 11
351 968
562 695
562 1392
562 970
562 513
562 12
562 1393
562 1018
562 855
562 1208
562 637
2089 506
2090 1297
277 472
277 510
569 49
569 179
569 228
569 717
569 978
569 876
569 1049
569 1033
569 53
569 215
569 829
569 239
569 403
569 1394
921 491
1133 1085
1133 1395
35 85
35 387
35 1396
35 1005
2091 334
1274 1397
2092 268
2092 1088
2093 430
2093 1398
1816 1323
1001 1399
1001 52
1001 924
1575 680
1575 82
1575 1347
1230 523
638 906
638 666
638 1256
1400 1400
1409 1401
1409 308
1375 1402
48 16
48 1403
48 769
48 296
1272 574
1272 1404
1272 7
1059 833
1034 1405
1031 873
1031 295
1692 123
1692 1406
1692 174
1742 645
872 573
2094 1372
2094 747
2095 427
823 789
823 114
823 1407
823 1010
823 1408
1737 394
286 708
1541 28
901 1409
901 293
901 1410
994 185
2096 51
2096 1104
228 954
228 913
228 449
228 357
228 451
228 212
228 569
228 49
228 1411
228 1009
228 715
228 67
228 130
228 942
228 772
228 356
228 876
228 498
228 1209
228 1412
228 255
228 1049
228 387
228 488
228 95
228 838
228 6
1607 1413
2097 68
2097 350
789 1056
789 90
789 1299
789 1414
789 607
789 106
789 1415
789 1416
789 240
789 637
69 72
69 105
69 1417
69 106
69 1418
69 851
69 205
69 856
69 809
69 98
69 217
69 49
69 1419
69 981
69 14
69 915
69 277
69 155
69 83
69 240
69 185
835 310
835 438
835 252
1044 1420
1603 87
1603 979
2098 39
1567 673
754 1421
754 1122
754 1133
362 648
362 538
362 21
362 173
362 574
362 188
362 758
362 2
362 1422
101 16
689 266
689 449
689 199
689 689
689 1423
2099 136
907 698
950 842
950 5
950 422
950 173
950 6
2100 1424
363 85
363 1425
363 840
363 1341
363 993
363 2
371 1154
1884 487
1884 20
62 67
62 1301
62 794
62 762
156 180
156 1240
156 2
664 988
664 781
1288 1215
206 1426
1752 1427
1752 713
1214 307
1214 98
2101 332
2101 464
2102 858
866 364
554 554
554 1428
554 179
554 1429
554 136
287 1430
287 708
287 228
287 1431
287 1432
287 1339
287 212
287 64
287 182
287 194
287 106
287 1264
287 1146
287 456
2103 79
1678 801
1013 1433
1013 199
2104 20
382 533
1825 334
1825 74
1825 1434
1825 243
561 1435
561 7
642 1436
642 252
499 472
499 139
499 1437
499 346
499 199
499 1438
499 1439
499 767
499 1256
1256 638
1256 499
1256 1440
1256 997
1511 105
1511 106
1511 1441
1511 1442
1511 130
1511 1443
1511 569
1511 322
388 2
388 243
44 85
1422 362
6 1444
6 583
6 1445
6 389
6 108
6 510
6 1446
6 641
6 1447
6 275
6 202
6 750
6 2
6 373
6 613
6 239
6 1448
6 277
6 68
6 11
6 228
6 355
6 738
6 794
6 656
6 112
6 1449
6 606
6 495
6 240
6 4
6 278
6 1093
6 487
6 1450
267 5
267 891
267 579
2105 354
1612 109
726 1451
1674 934
1674 522
1898 1452
2106 45
1865 16
1125 1453
455 794
455 878
455 188
455 1454
579 267
579 11
579 779
579 1455
579 1105
579 1021
579 822
579 1456
579 1457
178 1458
178 1201
178 224
178 129
2107 1459
706 756
706 1460
706 25
459 188
501 406
501 116
787 1461
787 931
787 93
787 680
1065 173
1834 11
515 2
515 644
857 612
857 316
623 106
1781 105
1781 212
305 2
1055 800
2108 539
2109 119
1481 1462
2110 1219
2110 452
2110 99
2111 1366
1901 341
1901 1463
1901 1464
2112 6
498 228
498 28
498 199
498 1465
498 698
498 767
2113 16
1570 1466
132 730
132 248
132 1430
132 1467
132 114
132 372
2114 1468
1105 373
1105 579
1105 1469
1105 197
1105 1062
1105 506
963 1470
2115 1471
251 270
251 1396
251 485
406 317
406 1472
1770 1473
846 254
846 856
846 21
846 411
846 1474
846 1099
846 1475
1205 1476
1205 146
2116 1477
1168 747
1168 180
1168 91
1168 751
1168 794
1168 1138
1168 245
1168 758
1168 124
696 67
696 695
696 1478
696 1479
696 512
2117 49
348 199
988 766
988 774
626 1480
948 424
948 81
948 741
2118 888
618 618
1462 1481
1132 867
571 356
571 105
571 824
571 1138
109 106
109 16
109 435
109 1482
109 238
109 519
109 233
1161 1161
2119 16
1746 429
1093 103
1093 83
1093 6
2120 1483
838 880
838 829
838 876
131 514
131 951
131 11
131 550
131 181
131 929
131 1339
131 446
131 188
131 233
131 575
131 1071
131 589
969 16
969 406
969 106
969 791
969 243
1075 199
1075 1484
2121 440
1083 17
586 298
586 119
586 34
586 350
1597 619
2122 1485
1740 1486
1242 296
814 1269
2123 1487
2123 265
146 183
146 536
146 876
146 80
146 174
146 1013
146 98
146 1488
146 114
146 1489
146 625
146 640
146 1022
146 1490
146 332
146 1491
146 1492
260 1493
260 704
260 1494
2124 96
2124 6
765 255
752 123
2125 11
2126 1495
2126 24
1142 306
1142 144
229 14
229 21
229 151
229 495
976 1496
976 829
794 1168
794 62
794 1497
794 136
794 824
1292 411
1356 194
479 188
361 887
361 823
361 226
361 1498
361 98
361 353
361 888
361 1499
361 533
361 1191
361 492
361 7
1311 188
1311 344
1311 11
1311 7
1311 144
1284 805
1536 556
1536 346
2127 1500
364 520
364 1501
364 99
364 866
627 115
627 1244
627 106
627 1265
627 1502
157 438
157 194
157 266
157 485
157 319
2128 781
842 1233
842 520
842 248
842 1503
842 875
2129 1166
2130 1016
1339 87
1339 533
1339 287
1339 1504
1339 233
694 1505
694 1265
694 1338
2131 1506
1028 1302
648 362
648 114
1165 1507
1165 487
2132 7
2132 1508
2133 59
2134 573
699 697
699 112
898 458
888 730
888 503
888 1509
888 361
888 449
888 822
888 1510
2135 113
778 756
1441 1511
2136 1512
1367 1513
1367 1514
512 1515
512 1117
512 522
512 646
512 114
512 383
512 644
1643 42
43 85
43 1035
2137 4
1727 180
1727 154
510 317
510 84
392 244
392 547
818 358
818 255
818 1516
818 53
818 400
818 1140
818 533
818 1517
818 1010
1030 1241
1030 539
2138 1518
2139 1519
567 326
1338 344
1338 1520
1338 694
1338 255
1338 1521
1475 1029
1475 119
1501 364
2140 937
211 2
211 7
1664 1244
1777 119
1295 41
1522 830
1522 1522
1522 1192
1157 537
1157 1215
1157 674
1157 407
1157 1497
1157 202
1157 168
1234 913
1234 496
1080 1523
1080 1524
1080 16
1080 856
1080 413
1080 1525
1080 67
1080 1526
1080 62
1601 753
1601 50
195 1527
918 1344
918 11
918 358
918 344
918 128
918 1528
918 606
709 1529
709 1530
709 263
2141 1360
1827 433
1294 1531
2142 16
2143 1256
1430 717
434 244
434 1532
434 1533
434 873
434 1534
2144 306
503 888
503 1535
503 116
503 508
503 154
563 1325
152 180
152 1166
142 800
2145 1430
10 237
10 1163
10 905
10 1536
10 640
10 1095
10 4
643 573
643 1537
643 446
643 1068
643 943
643 1538
2146 406
1687 291
1687 314
275 1539
275 105
275 1531
275 1067
275 6
275 1475
1646 16
1646 224
1646 651
2147 68
1704 1540
1704 324
2148 1015
2148 240
28 85
28 1541
28 394
28 615
2149 182
614 1173
614 20
614 270
614 145
614 580
614 604
614 297
614 888
614 750
614 644
614 876
757 358
757 1062
757 1360
757 240
751 1168
751 394
751 93
751 106
2150 37
890 532
890 1542
890 214
890 293
890 889
890 654
890 94
1416 789
1109 1543
1109 1544
2151 144
1410 573
1410 1269
1410 272
1410 241
1410 1545
1410 360
1410 452
1410 499
1410 354
1358 268
1358 640
328 755
328 1430
328 711
328 16
328 781
328 729
328 212
328 53
328 40
328 680
328 2
328 7
1243 375
1243 1546
2152 575
1799 1255
2153 572
992 1547
992 16
992 494
992 1122
1121 1548
841 265
1324 1549
1324 1550
339 1551
339 2
339 250
974 989
974 1472
974 3
974 496
974 1552
974 73
1606 85
1606 605
1671 11
1671 83
1671 7
2154 457
2154 1553
21 105
21 515
21 1178
21 1554
21 297
21 229
21 1338
21 1117
21 150
21 1219
21 1519
21 287
21 1222
21 968
21 322
1129 114
1129 1555
163 771
163 1445
163 1556
163 1557
163 607
163 827
163 1558
163 1192
163 1021
163 950
163 577
163 815
163 1559
163 520
163 1560
163 279
163 1254
163 74
163 408
163 1066
163 1107
163 1561
2155 1562
1618 426
1488 139
2156 119
2157 83
2158 1338
1470 115
1470 548
167 205
167 1563
167 1564
167 1565
624 68
624 20
624 136
624 663
624 847
624 7
624 524
624 486
624 18
624 1330
624 1329
729 664
729 37
729 16
729 217
729 199
729 1009
729 729
729 300
729 1104
1707 749
606 373
606 20
606 573
606 199
606 1134
606 53
606 1128
606 1311
606 6
606 651
606 918
2159 1477
461 188
673 269
673 711
673 116
673 1566
673 945
673 1412
673 1567
673 1568
673 1494
673 1569
673 316
1679 767
1679 698
1679 1465
1554 335
2160 259
2161 102
2161 1367
1225 631
1466 1570
878 552
878 464
878 415
878 1571
878 674
878 333
878 94
878 1572
878 1219
878 455
450 1195
450 11
450 243
450 16
450 474
450 730
450 188
450 467
450 1219
450 2
280 1573
280 3
280 894
785 1016
785 20
785 1100
785 650
785 194
785 384
785 1574
785 569
690 199
690 495
800 41
828 344
828 876
2162 533
2163 398
2163 1575
2164 693
1015 1576
1015 533
1015 761
2165 1577
358 79
358 1532
358 928
358 1323
358 743
358 315
358 918
358 1578
358 1579
358 884
358 757
358 70
358 1219
358 630
358 354
358 1178
358 270
358 1580
358 594
358 627
358 7
358 632
358 1581
358 90
358 1582
358 5
934 268
934 614
2166 767
705 263
1694 123
911 726
911 693
911 533
911 202
914 327
914 665
914 1583
914 98
2167 550
719 1095
719 565
18 987
18 1584
18 1585
18 624
122 121
2168 194
2168 1586
1318 842
984 573
1104 519
1104 729
935 119
935 1111
607 194
607 876
607 789
607 219
946 1054
1106 1007
1106 657
2169 194
1130 302
1130 1005
2170 744
2170 1587
2171 505
514 644
514 497
514 11
514 1383
514 131
514 199
514 446
514 14
514 449
514 357
514 581
514 233
514 95
514 1588
514 168
514 1382
424 16
424 1589
424 243
2172 1265
136 224
136 243
136 291
136 344
136 64
136 415
136 1590
136 71
136 437
136 624
136 37
136 119
136 1591
136 1377
136 20
136 769
136 538
136 413
136 1592
136 1563
136 107
136 573
3 1573
3 199
3 723
3 387
3 437
3 1593
3 280
166 1401
166 53
881 1562
881 1329
881 1299
881 1088
881 867
881 83
1382 514
1382 95
1173 266
1173 539
1173 485
1417 69
217 236
217 640
217 729
1145 327
1127 1594
1595 1595
619 7
619 136
619 370
619 162
619 696
619 451
619 1596
619 1597
1134 1576
1134 1598
1134 606
256 1599
256 1097
1265 7
1265 1600
1265 199
1265 694
1265 1601
1265 627
1265 800
1423 886
1423 53
1423 689
87 1602
87 918
87 1044
87 1100
87 1603
87 1339
87 95
87 183
87 51
137 106
137 344
137 572
137 1111
137 437
137 113
137 1604
137 1298
1350 1605
2173 71
2173 919
605 492
605 354
605 1606
1568 573
1568 673
1413 1607
1413 148
892 1608
601 1609
1642 231
945 673
945 16
945 61
945 1610
945 1206
945 113
945 123
29 85
29 1517
2174 119
169 651
1312 7
1549 1324
2175 1424
2175 789
2176 556
2176 607
1362 606
1362 128
1362 383
682 693
682 199
330 119
330 1611
761 77
761 837
761 1612
761 1015
761 573
761 1585
761 354
1546 739
1546 758
1546 1243
2177 11
746 861
2178 390
333 415
333 215
333 53
333 219
333 717
333 1219
333 218
279 67
279 163
279 1613
279 1614
1774 1319
2179 451
2179 172
2180 1615
1097 83
660 951
2181 85
1521 321
1521 1338
1518 1401
344 137
344 396
344 361
344 1616
344 443
344 1338
344 827
344 2
344 1617
344 1492
344 85
344 552
344 138
344 918
344 28
344 828
344 1618
344 1026
344 123
344 321
344 1619
344 458
344 136
344 876
344 1620
344 46
344 98
344 1621
344 238
344 130
344 113
344 170
344 1098
344 727
344 334
344 1383
344 212
344 278
344 785
2182 375
2183 101
446 215
446 438
446 346
446 275
446 1622
446 1623
446 1585
446 83
446 288
446 415
446 691
446 408
446 1624
446 188
446 758
446 514
446 515
446 779
446 334
446 1625
446 810
446 247
446 308
446 1626
446 79
446 1322
446 805
446 51
446 131
448 2
448 188
448 20
346 350
346 620
346 106
346 7
346 68
346 16
346 558
346 1268
346 1172
346 1192
346 147
346 1627
346 594
346 741
346 830
346 1219
346 789
346 2
346 1265
346 322
346 20
347 1628
347 1097
2184 1629
2185 1630
527 1111
1832 758
1832 74
415 106
415 685
415 136
415 1215
415 175
415 878
415 474
415 1150
415 905
415 74
415 24
415 815
415 822
415 1631
415 554
415 505
415 543
415 1632
415 333
415 562
349 1273
349 1345
349 500
349 740
349 308
349 1633
349 1541
349 883
349 40
349 2
349 1330
954 51
954 905
954 7
954 907
1223 1070
1634 931
1634 321
1634 1634
1018 562
1502 627
1510 888
1510 1635
1510 1636
1330 113
1330 349
1330 1329
1317 1619
1317 269
1317 723
1317 1026
1317 505
1317 277
885 0
270 497
270 552
270 11
270 20
270 16
270 550
270 199
270 1104
270 173
270 97
270 241
270 197
270 5
270 59
270 46
270 188
270 146
270 422
469 846
2186 499
1021 163
1021 1637
1021 248
1021 579
360 306
360 451
360 1107
2187 949
763 657
763 1638
763 781
763 512
763 411
763 1639
763 575
763 240
763 625
1697 123
573 1640
573 77
573 1568
573 724
573 373
573 7
573 1522
573 349
573 1360
573 101
573 398
573 260
573 277
573 1396
573 1641
573 203
573 105
573 106
573 136
573 875
573 119
573 606
573 789
573 1122
573 446
573 598
573 1102
573 1057
1773 468
1773 34
42 85
42 981
42 1074
42 1642
42 591
42 255
42 212
42 1643
42 683
1159 180
1159 113
1159 519
2188 387
224 178
224 314
224 20
224 1644
224 16
224 1645
224 1646
224 1647
657 763
657 1648
657 1106
657 17
657 675
753 1649
753 1601
753 240
753 4
151 11
151 1437
151 229
151 212
151 1650
151 830
1879 767
1879 1406
2189 715
372 105
372 417
372 180
372 199
372 819
372 387
372 357
372 1651
372 130
372 132
910 867
910 247
910 357
910 7
910 1652
1534 434
1278 124
2190 39
2191 335
1387 693
1387 1653
2192 842
779 85
779 77
779 307
779 698
779 216
779 498
779 446
779 905
779 756
779 17
779 907
516 254
516 644
760 519
760 240
760 98
186 183
186 441
186 3
186 411
186 420
186 245
233 85
233 514
233 414
233 1654
233 1339
233 131
233 53
233 1564
233 508
233 51
233 758
233 1483
701 384
701 114
373 1343
373 583
373 1146
373 114
373 627
373 2
373 83
373 373
373 901
373 618
373 154
373 421
373 772
373 1276
373 578
373 113
373 119
373 606
373 1655
373 573
373 292
373 1105
373 220
373 6
547 392
547 511
547 1656
547 1088
547 144
547 951
547 747
547 1657
547 199
547 245
547 1010
547 228
547 1658
547 384
547 20
547 382
547 1554
547 650
547 387
547 363
547 1136
547 1265
205 905
205 1659
205 69
205 1426
205 1204
1739 957
1739 805
1672 177
1672 188
1672 119
1672 83
1672 1420
1681 1660
2193 756
535 310
535 1661
535 155
535 797
509 633
509 1662
509 1618
509 197
509 492
509 644
2194 3
2195 16
1673 698
1673 228
1321 1328
1321 344
1321 842
1321 1663
1321 1664
2196 260
64 224
64 243
64 344
64 641
64 62
64 374
64 245
64 758
64 228
64 51
64 594
64 743
64 434
64 1665
64 247
64 174
64 522
64 870
64 619
64 1095
64 492
64 712
534 9
534 498
534 797
534 650
534 698
534 306
144 924
144 1666
144 2
144 644
144 228
144 1667
144 7
144 645
144 199
144 11
144 713
144 543
144 16
144 1142
144 98
144 259
144 881
144 434
144 1311
144 1545
144 327
144 800
2197 938
83 79
83 1472
83 1668
83 446
83 40
83 62
83 860
83 373
83 2
83 1039
83 722
83 1073
83 1380
83 1669
83 620
83 1670
83 106
83 16
83 1179
83 98
83 489
83 682
83 1671
83 881
83 113
83 789
83 240
83 4
83 104
83 69
83 20
83 824
83 1093
83 1672
83 51
83 6
215 666
215 1673
215 236
215 931
215 534
215 333
215 833
215 2
215 1464
2198 1674
1675 17
1675 1675
204 796
204 204
204 1676
1837 1402
250 67
250 339
250 1677
2199 1678
1139 16
1139 1019
1139 726
1139 868
261 704
261 1215
2200 17
2200 111
2201 394
996 1424
1465 1679
595 334
655 796
655 204
655 789
655 655
655 536
2202 672
1660 1680
1660 1681
150 1001
150 105
150 727
150 1241
150 180
150 740
150 1519
150 314
150 1091
150 49
150 1344
150 150
150 148
150 556
150 1682
743 1224
743 1378
743 358
743 101
743 114
743 1151
743 51
743 96
743 589
1701 321
2203 5
686 130
686 238
1726 1683
1726 829
1419 650
1419 1145
1419 69
2204 543
1170 1542
650 727
650 1684
650 295
650 16
650 297
650 199
650 114
650 534
650 1419
650 340
650 651
1399 1001
2205 538
581 514
581 153
581 334
640 474
640 34
640 247
640 199
640 1410
640 74
640 1358
640 625
430 215
430 1215
430 16
430 238
430 219
430 123
430 221
88 814
88 200
1060 731
1060 1685
2206 748
314 224
314 149
314 779
314 1154
314 1686
314 37
314 1687
314 1688
314 114
314 651
457 188
160 408
1232 496
1733 1441
1733 965
1733 71
1733 136
1733 1689
1817 12
1233 439
1233 105
1233 350
1233 146
1233 496
1233 1690
123 344
123 752
123 1691
123 1692
123 430
123 1693
123 747
123 945
123 1111
123 260
123 421
123 772
123 1694
123 797
123 876
123 1048
123 46
123 1514
123 1370
123 815
123 1066
123 1695
123 458
123 1696
123 99
123 834
123 1697
123 685
123 556
123 1400
123 1632
321 1
321 243
321 175
321 292
321 106
321 390
321 565
321 7
321 2
321 199
321 1634
321 882
321 1698
321 322
321 11
321 326
321 109
321 1004
321 150
321 194
321 1699
321 1700
321 472
321 1701
321 631
321 20
321 569
321 362
321 161
321 811
321 506
321 107
322 105
322 415
322 16
322 1630
322 346
322 750
322 569
564 638
564 756
564 69
2207 346
798 1702
798 328
1402 1016
324 113
324 1703
324 1704
324 1469
2208 51
1871 16
1871 1705
1871 1706
749 1707
749 840
336 1708
2209 1166
669 497
669 163
669 815
891 1709
891 292
891 1608
76 824
76 98
76 292
76 188
76 1710
76 915
76 155
76 4
1474 387
1474 1080
1665 377
1665 1274
1665 342
2210 530
2211 130
2212 37
1347 978
1347 53
1347 1575
1347 979
1347 228
79 1711
79 759
79 612
79 78
79 136
79 16
79 297
79 199
79 840
79 236
79 300
79 357
79 12
79 471
79 1435
79 350
79 1122
79 83
79 263
79 107
802 341
108 344
108 1388
108 6
744 457
744 349
744 212
744 822
744 293
744 1633
806 1235
1070 1223
1070 415
1070 1383
1118 357
274 1712
274 5
725 1713
725 20
855 636
855 612
855 856
855 602
855 403
75 1056
2213 1120
546 317
546 1263
546 7
546 522
526 197
526 644
1624 446
1635 888
1635 1510
1635 1635
1635 1169
1635 532
1748 254
1748 990
714 714
582 153
355 182
355 1714
2214 19
2215 7
2216 1715
312 474
833 876
833 1117
833 838
833 64
192 1396
192 1241
1342 489
1342 53
824 1472
824 1178
824 16
824 571
824 556
824 174
824 796
824 794
824 17
77 14
77 1716
77 20
77 4
1771 1308
1177 170
525 1435
525 412
525 525
525 492
525 644
525 1170
2217 810
1045 422
1555 1129
1796 119
1539 275
1524 1080
1524 410
389 1717
389 212
389 1718
389 1231
389 894
389 881
389 1213
389 1719
389 6
2218 603
1193 1720
1831 1355
1831 64
1077 1721
1077 1077
1077 976
2219 1023
2219 583
2219 1722
1183 1723
1183 556
1183 1514
1268 1724
1268 346
2220 1219
1420 977
1420 1044
1420 1725
1420 876
1420 247
1420 17
1420 95
1420 543
1683 1726
2221 514
2221 825
2221 644
1303 7
1535 1178
1535 503
2222 876
1682 2
1682 1321
1682 150
154 1727
154 180
154 171
154 104
154 34
630 1728
630 40
630 7
266 85
266 1173
266 1729
266 1082
266 7
266 98
266 1220
266 157
266 689
266 429
266 194
266 750
266 1611
266 644
22 113
22 1222
22 335
1689 424
1689 1730
1226 1047
1226 94
1572 878
1117 716
1117 247
1117 21
1117 634
1117 833
1117 1222
182 257
182 1731
182 334
182 7
182 355
182 1732
182 199
182 5
182 197
182 114
182 1099
182 604
182 129
182 680
182 287
182 2
965 245
965 1733
965 243
383 805
383 2
383 132
383 512
385 16
385 2
385 1734
972 1411
776 149
776 218
776 641
776 378
978 95
978 353
978 247
978 569
386 188
386 2
1379 162
1040 106
1040 373
2223 574
490 10
490 188
490 1735
899 1141
899 512
2224 826
2224 474
107 321
107 183
107 106
107 7
107 136
107 301
107 668
107 984
107 1353
107 357
107 275
107 640
107 114
107 569
2225 446
2226 755
290 785
290 4
2227 1736
2228 11
297 77
297 1737
297 20
297 79
297 650
297 21
297 614
297 119
297 1308
1101 508
1101 511
1765 552
1012 661
1012 112
859 174
873 1349
873 434
873 506
873 671
464 1738
464 115
464 1571
464 417
464 1739
464 188
1144 1504
1144 569
2229 17
1486 1740
471 809
471 7
471 79
471 1418
471 199
471 350
2230 11
1241 324
1241 1030
1241 1741
1241 150
1445 6
718 1742
718 1116
1002 772
1002 619
2231 174
1014 177
1076 319
750 1684
750 632
750 216
750 37
750 748
750 1743
750 275
750 240
750 121
750 277
750 136
750 322
750 1271
1036 1744
1036 1345
1036 1670
1036 772
1036 345
2232 627
883 349
883 1062
1659 16
1659 1745
2233 228
429 1746
429 11
429 263
2234 1276
2235 102
2235 119
2235 824
621 633
621 449
621 53
621 20
161 11
161 89
161 188
161 696
161 467
161 533
161 422
327 384
327 915
2236 140
329 14
329 2
1762 973
2237 1125
1744 449
1744 148
1744 1036
1096 919
1903 774
2238 1117
2238 335
2238 350
862 415
862 0
862 114
862 346
862 896
862 451
862 1747
862 2
2239 862
1291 260
2240 1612
340 650
340 2
81 1748
81 670
964 243
343 519
343 633
343 12
343 398
343 789
343 2
343 240
1532 162
1749 1749
2241 441
2242 472
2242 106
1322 90
1322 510
1322 11
1322 1750
1322 446
1216 1723
1216 654
1216 1183
1216 98
2243 7
2243 1480
615 1518
615 20
615 28
615 344
615 53
615 680
2244 358
544 1365
544 492
2245 510
130 228
130 181
130 1659
130 1467
130 197
130 693
130 1396
1912 387
1540 1124
1540 1704
1540 144
15 637
713 1751
713 136
713 1752
713 144
713 538
713 1163
713 1477
713 188
713 420
713 758
713 651
713 263
713 811
578 1753
578 415
578 717
578 1209
578 1754
578 1755
2246 253
1179 374
1179 277
1179 83
1179 1086
2247 16
2247 530
2247 1187
2247 37
593 119
649 1756
649 114
649 1412
649 1369
956 514
956 1757
1403 48
1517 818
1517 756
654 220
654 74
1098 384
1098 162
1098 240
1098 867
2248 918
1880 1758
728 375
728 6
728 300
1582 591
2249 441
1057 693
1057 573
1057 111
1057 684
1057 1215
1334 11
2250 1759
2250 324
2251 861
1684 750
1684 97
216 779
216 550
216 1127
216 829
216 750
216 758
962 245
962 224
962 992
939 938
939 1203
939 1760
369 511
2252 1366
365 245
1856 438
1856 1463
1856 674
2253 11
973 677
973 1761
973 255
973 1762
973 553
973 1338
1763 1763
1763 144
1282 145
1282 937
1282 1069
1282 1764
552 270
552 194
552 16
552 1765
253 1766
253 390
253 727
253 188
253 755
476 188
2254 194
591 42
591 1582
1914 1019
32 85
32 1767
32 1034
32 321
400 306
400 577
67 49
67 981
67 696
67 779
67 413
67 636
67 53
67 218
67 1591
67 888
67 855
67 62
67 644
1197 405
985 278
985 7
317 316
317 577
317 510
317 546
317 323
317 406
317 1768
317 7
1149 1769
738 392
738 39
738 172
2255 1165
1473 1770
625 20
1308 926
1308 474
1308 1771
1308 7
1308 297
2256 308
897 1184
1041 106
1041 136
55 1772
63 762
468 1773
2257 1056
1662 509
2258 247
1319 1399
1319 772
1319 1774
292 105
292 106
292 744
292 53
292 1682
292 373
292 2
739 172
1201 911
1201 202
1492 317
1492 1775
1492 1338
49 224
49 115
49 228
49 462
49 832
49 876
49 1242
49 1442
49 924
49 1091
49 449
49 188
49 1111
49 150
49 67
49 836
49 545
49 1108
49 838
788 487
788 1776
2259 1777
2260 911
232 1495
813 530
2261 1778
809 178
809 425
809 11
809 200
809 471
809 69
1253 245
449 514
449 49
449 621
449 228
449 1779
449 98
449 92
449 188
449 689
449 888
212 766
212 675
212 1780
212 1580
212 344
212 744
212 781
212 328
212 42
212 1781
212 1782
212 62
212 1783
212 706
647 114
2262 90
90 20
90 375
90 200
90 21
90 238
90 789
1027 1187
887 822
438 1784
438 1785
438 157
438 644
438 446
1731 200
120 185
2263 905
431 113
431 1433
431 612
431 528
431 1503
147 7
147 16
147 346
147 188
147 644
147 1786
147 539
845 851
2264 40
2264 1062
2264 334
971 926
971 1787
1262 1254
1262 1237
839 1788
504 638
504 1487
533 1015
533 7
533 306
2265 1162
2265 427
141 1366
2266 1789
2266 1228
1004 321
2267 935
1120 851
1120 16
1120 905
1120 357
1120 1344
2268 1790
402 1791
402 168
402 355
402 577
268 1358
335 45
2269 277
1412 673
1745 71
1709 199
1709 891
2270 66
2270 551
1029 1475
405 577
405 20
405 1197
949 51
949 1792
949 144
949 2
949 311
771 237
445 188
511 547
511 228
511 369
511 1793
511 319
511 1652
511 1794
2271 1002
494 354
494 992
494 230
1363 291
2272 346
350 1007
350 727
350 79
350 707
350 538
350 570
350 1117
350 21
350 51
350 162
350 346
350 1233
350 1795
350 693
350 2
350 1796
310 697
310 458
310 835
310 228
310 1092
310 840
310 121
310 446
310 2
310 535
310 6
1380 413
1843 1797
680 182
680 328
680 788
680 1575
680 160
680 810
680 970
680 199
680 931
680 1085
680 485
680 53
680 787
680 1169
680 388
680 506
680 615
680 1798
179 1044
179 577
179 1033
179 876
179 129
179 1695
179 344
179 767
179 569
179 221
1255 294
1255 1799
1255 109
1255 585
1907 334
592 119
356 571
356 228
474 415
474 1155
474 312
474 7
474 188
474 1458
474 589
1911 1122
629 247
629 20
447 188
717 237
717 1430
717 577
717 1800
717 1801
717 574
717 453
717 792
717 239
717 1802
717 520
717 1665
717 333
717 1268
1756 649
808 138
2273 962
2273 781
2274 1672
486 297
486 114
486 199
486 40
2275 1086
2276 587
1260 1699
2277 579
688 16
1840 1066
791 182
791 1803
791 1804
791 969
1009 1375
1009 1376
1009 1402
1009 228
1009 413
1009 819
1009 1805
1009 1010
1192 1522
1192 1806
1192 1807
1192 163
1192 815
1192 1808
1192 185
241 115
241 270
241 740
241 1410
241 435
241 53
241 1809
52 1001
52 1810
52 202
722 1091
722 1811
722 357
722 83
100 583
1346 1166
1346 368
875 118
875 1775
875 1812
875 295
875 573
475 188
39 85
1680 1660
1186 1813
113 981
113 138
113 324
113 22
113 1330
113 344
113 679
113 1159
113 306
113 1388
113 441
113 373
113 758
113 83
1690 327
663 177
663 624
145 194
145 200
145 485
145 1814
145 188
145 1592
145 1547
145 1815
145 1282
201 89
66 1035
1545 935
1545 144
158 485
121 310
121 1068
121 122
121 443
121 202
121 750
121 790
1119 357
712 51
712 64
712 1519
712 1564
712 263
1444 6
1258 638
1323 598
1323 11
1323 1816
1491 146
2278 114
1902 199
294 307
294 2
294 233
2279 7
2280 1817
1378 1056
1866 101
553 136
553 566
553 247
553 199
553 1818
553 197
553 306
553 767
553 40
553 973
553 651
553 406
1529 709
1628 347
143 1009
143 1667
143 1381
2281 524
1708 336
1087 16
1087 1630
1087 496
1087 1026
1087 993
1087 1560
1086 17
1086 1179
38 85
38 1033
38 1819
38 307
38 7
2282 49
1676 1062
1676 204
1676 773
843 104
843 343
1310 7
611 402
1381 413
1490 146
95 514
95 200
95 228
95 978
95 199
95 98
95 92
95 449
95 357
95 1382
95 1820
575 16
575 1580
575 65
575 534
575 265
575 131
1244 627
1244 827
1244 390
1244 920
1244 1664
799 1821
2283 468
698 697
698 357
698 907
2284 815
2284 208
168 514
168 402
168 1822
168 1157
168 98
168 39
168 487
168 239
168 906
1650 229
227 1823
227 1495
227 7
1056 269
1056 7
1056 1378
1056 573
1056 814
1056 619
1056 268
1056 789
991 1122
2285 20
1360 573
1360 1366
2286 119
1590 136
326 53
326 2
2287 1120
2288 377
895 1184
895 295
2289 560
82 278
82 1824
82 1575
82 1311
82 4
82 209
1458 178
2290 394
1512 346
1512 172
480 188
480 689
993 1435
993 11
993 7
993 16
993 1594
993 1016
993 1122
993 306
208 394
208 861
208 46
208 1066
208 188
208 906
208 922
337 2
337 411
126 181
672 938
672 943
672 260
672 711
672 1639
1189 1587
1180 403
269 194
269 199
269 5
269 1412
269 220
1434 1825
2291 238
1732 1826
1732 1269
433 115
433 1068
433 953
433 1525
433 45
433 1827
433 1828
433 758
433 99
433 240
433 107
2292 2
2293 119
2294 1366
78 1829
78 4
1791 438
1791 402
1791 931
1791 1169
2295 225
352 2
1131 452
1131 1830
758 1215
758 366
758 433
758 723
758 446
758 1168
758 1035
758 1831
758 451
758 285
758 1832
758 7
758 64
758 266
758 11
758 713
758 875
758 233
758 113
758 240
758 464
758 1833
758 1441
758 1716
758 216
758 362
758 523
1641 573
34 79
34 346
34 586
34 640
34 756
34 148
34 7
34 1192
34 197
34 1834
34 1835
34 132
34 1010
34 106
34 16
34 154
34 3
34 97
34 1836
34 20
34 1773
34 1412
34 5
2296 1344
2296 1837
1887 358
929 16
929 1838
929 1839
929 106
929 131
1066 1840
1066 69
1066 98
1066 163
1066 905
1066 123
896 194
896 1184
2297 1690
520 1841
520 1297
520 228
520 717
520 16
520 212
520 1273
520 1842
520 20
520 364
520 564
1072 285
1072 199
1072 822
2298 842
1797 1843
2299 83
1859 574
74 830
74 654
74 415
634 1338
2300 200
1427 713
2301 53
407 1157
407 879
2302 673
2303 744
801 155
801 434
801 1298
801 1678
370 16
370 2
370 619
370 1844
370 1170
1622 446
2304 788
1579 358
2305 20
31 85
71 1845
71 37
71 1117
71 1745
71 1772
71 805
71 1733
71 1846
71 11
71 354
409 1591
2306 894
2307 16
428 1596
428 51
931 1634
931 1847
931 631
931 215
931 771
931 752
931 950
931 1041
931 787
931 1848
931 144
931 938
931 1169
931 680
931 402
931 124
59 128
59 1763
2308 39
1904 358
1904 243
1383 870
2309 1772
1279 767
1759 1297
1632 1082
2310 1133
2311 881
1442 664
1442 49
1442 774
1442 1511
451 1849
451 846
451 1850
451 796
451 1034
451 1851
451 522
451 451
451 758
451 777
451 106
451 228
451 136
451 38
451 641
451 1852
451 360
451 99
451 13
451 1853
451 862
451 619
451 306
1421 754
1167 434
9 1062
9 1088
9 199
117 1854
1361 1366
1835 1855
1835 29
1835 34
1823 227
1823 1055
1868 16
1589 1781
1589 34
674 577
674 417
674 674
674 1157
674 878
674 1856
674 493
2312 50
97 270
97 200
97 1684
1355 1377
1355 22
1355 16
1355 217
1355 362
1355 194
1355 197
1355 1857
1355 108
1355 360
1509 241
1509 357
2313 1775
2313 316
1833 758
1833 637
2314 864
574 1858
574 105
574 1859
574 1069
574 136
574 1433
574 1824
574 862
574 197
574 119
574 420
574 281
453 188
2315 1010
1805 1009
637 105
637 1860
637 1833
637 856
637 37
637 328
637 387
637 1062
637 1587
637 1374
637 51
637 789
637 114
637 20
1032 1861
1032 114
1812 1862
912 1863
912 1633
1787 971
589 362
589 474
589 411
1389 112
207 606
16 199
16 1864
16 796
16 1865
16 1082
16 2
16 83
16 296
16 1866
16 1867
16 1868
16 424
16 1139
16 106
16 1087
16 136
16 1355
16 905
16 1482
16 873
16 426
16 650
16 1869
16 574
16 173
16 1261
16 575
16 886
16 413
16 603
16 1146
16 450
16 435
16 1646
16 644
16 315
16 707
16 244
16 1086
16 322
16 1870
16 77
16 109
16 328
16 1871
16 1219
16 415
16 334
16 1412
16 1872
16 969
16 344
16 1873
16 1525
16 346
16 138
16 7
16 680
16 1120
16 105
16 11
16 1178
16 791
16 1580
16 1179
16 729
16 98
16 520
16 104
16 20
16 573
16 728
16 101
16 742
16 525
16 1874
16 496
16 148
16 552
16 375
16 1214
16 1080
16 1875
16 1305
16 1876
16 929
16 508
16 1308
16 1547
16 1877
16 915
16 385
16 688
16 5
16 6
830 876
830 1099
830 38
830 1878
830 74
830 346
830 1522
830 403
2316 324
2316 665
1406 1879
1406 1692
2317 119
1870 16
1870 1751
1270 437
37 637
37 71
37 136
37 406
1658 547
1658 390
1658 7
1658 1308
748 136
1718 389
149 85
149 776
149 180
149 1034
149 805
149 1121
149 321
1405 260
1537 643
1537 451
2318 62
2318 1880
487 673
487 788
487 1881
487 1882
487 1883
487 1165
487 906
487 891
487 239
487 1884
487 332
487 168
487 6
500 349
500 602
1343 755
1343 275
652 237
652 220
2319 162
189 58
189 11
189 976
2320 942
2321 918
2322 101
452 448
452 392
452 1410
452 188
941 764
2323 243
1368 905
2324 1358
2325 7
460 188
1842 520
1842 699
2326 136
734 197
115 199
115 1885
115 492
115 40
115 433
115 1648
115 1655
115 876
115 627
115 88
115 2
115 354
1638 763
1638 40
1638 1391
1638 974
1453 398
1453 1125
2327 202
128 366
128 1050
128 1886
128 1054
2328 188
1504 1144
1504 228
1504 1339
1769 275
2329 634
538 1887
538 1135
538 713
538 1888
538 316
538 1472
538 1469
538 350
538 362
538 64
538 449
538 188
538 1889
538 1890
538 20
174 1613
174 1891
174 426
174 824
174 10
174 905
174 238
174 1369
174 1879
174 64
174 1892
174 1692
174 1052
174 398
174 353
174 859
174 170
174 644
517 644
354 605
354 446
354 202
354 494
354 358
354 199
354 608
354 1893
354 15
354 106
354 578
354 171
354 1410
354 127
354 39
354 119
354 761
354 1552
354 606
354 255
354 1894
354 188
53 886
53 1347
53 396
53 962
53 344
53 255
53 1895
53 606
53 1896
53 85
53 621
53 417
53 665
53 1810
53 241
53 179
53 219
53 239
53 67
53 680
53 1181
53 569
53 1768
53 1897
53 759
53 11
53 422
53 977
53 16
53 1306
53 326
53 328
53 98
53 113
53 233
53 194
53 40
53 906
53 99
53 333
53 1342
53 1575
53 573
53 1127
53 74
53 453
53 357
53 188
53 963
1452 1898
1136 114
1136 238
2330 1166
1333 11
2331 744
2332 298
2332 1381
366 763
366 375
366 183
366 99
366 128
1472 538
1472 83
1472 824
1085 17
1085 680
1085 119
1085 1475
1353 194
1181 788
1181 11
1181 1010
585 1255
585 119
420 1485
420 116
420 1083
420 72
420 1691
420 723
420 1187
420 747
420 1351
420 105
420 713
420 516
420 186
420 518
420 1899
420 1097
420 1679
420 295
420 685
420 574
420 1709
420 1900
977 53
977 1406
2333 153
1729 1323
1463 1901
1463 1856
1273 358
1273 698
1273 5
1273 1128
1273 293
1273 520
1273 1902
774 1903
774 204
774 641
774 306
2334 1904
2335 1905
1306 1906
1306 1277
1306 7
1306 1907
1306 83
2336 935
2337 74
737 278
737 1587
1696 123
2338 74
2339 71
1038 106
1150 415
636 20
636 0
636 616
636 67
636 855
636 1087
387 1653
387 1730
387 1908
387 228
387 35
387 1909
387 1474
387 1598
387 1910
387 3
387 1911
387 547
387 114
387 1747
387 637
387 2
387 1005
387 1912
1900 420
532 1448
532 402
532 890
532 1635
532 755
2340 1913
1019 1914
