1616 0
889 1
889 2
889 3
290 4
290 5
290 6
290 7
290 8
1184 9
1184 10
1605 11
1605 12
1605 13
1814 14
986 15
468 16
468 17
468 18
468 19
468 20
468 21
468 22
468 23
468 24
468 25
468 26
1538 27
28 28
731 29
731 30
808 31
373 32
373 33
373 34
1815 35
152 36
752 37
1395 38
1395 39
1395 40
164 41
1816 42
994 43
994 44
1460 45
1460 46
1460 47
1460 48
1460 49
847 50
847 51
847 52
847 53
847 54
847 55
1817 56
503 57
503 58
503 59
503 60
393 61
393 62
393 63
393 64
393 65
393 66
1818 67
271 68
271 69
271 70
271 71
271 72
271 73
456 33
456 74
456 75
456 76
1819 77
928 78
1820 79
1820 80
976 81
976 82
976 83
976 84
976 85
1035 86
1721 87
88 88
1647 89
1647 90
1647 91
1647 92
1647 36
1647 93
1647 94
1647 37
533 1
533 95
533 96
533 97
533 98
802 99
802 100
703 101
703 102
703 103
459 78
459 104
459 105
459 106
459 107
1228 33
1228 37
1228 108
1821 109
1822 110
1823 86
611 111
611 112
625 113
625 114
625 115
1824 86
1825 72
1825 21
380 116
380 117
380 118
380 34
930 78
930 119
930 90
515 38
515 102
515 120
124 121
124 122
121 123
121 124
121 125
121 126
121 127
121 128
121 129
121 130
121 131
121 132
121 94
121 133
121 134
121 135
121 136
121 137
121 138
121 90
965 139
965 102
1284 140
1284 141
1495 142
1495 143
1495 144
1495 90
1495 86
1826 145
1827 146
1405 18
1405 147
1405 148
1405 149
36 150
36 151
36 152
36 21
36 153
36 154
36 155
885 156
885 157
41 158
41 159
41 92
41 110
41 160
41 161
41 162
41 163
41 164
280 67
280 165
280 166
51 167
51 168
51 130
51 34
1597 169
613 112
613 170
613 171
406 172
406 173
406 174
406 175
406 176
406 154
406 177
406 105
406 98
1077 178
1345 110
469 179
469 180
469 80
620 35
620 181
1363 182
1363 183
219 184
219 185
219 186
1828 30
1829 187
1830 188
1831 22
516 189
516 190
516 191
516 192
1832 37
1833 193
1834 194
1440 180
1440 8
289 22
289 171
289 195
1645 188
1645 196
1835 197
1835 198
130 199
130 19
130 51
130 200
130 201
1836 27
1837 202
1649 140
1561 203
1561 204
1561 205
1090 178
1325 206
700 207
1751 208
1838 209
1839 210
1811 211
1349 212
1349 213
216 214
216 215
216 189
216 216
216 105
216 205
493 217
185 218
185 219
757 220
757 221
1784 48
1302 222
1840 223
1841 224
1754 225
1842 226
322 227
322 228
322 90
322 95
322 229
322 230
322 231
322 94
322 232
322 233
322 234
292 104
292 235
292 236
292 213
292 237
292 238
292 239
292 86
292 240
292 54
292 241
292 242
292 243
292 244
360 245
360 246
360 153
445 80
1843 247
1843 248
1413 249
1844 250
1550 35
1550 251
466 252
466 135
466 19
1262 253
1262 254
175 255
175 89
175 256
175 257
175 258
1845 259
136 214
136 260
136 151
136 261
136 162
136 121
136 262
136 263
136 264
136 90
399 33
399 265
399 37
1539 215
592 266
592 267
592 268
1846 269
1611 270
107 104
107 168
107 102
107 271
107 272
107 273
107 274
107 275
107 276
107 221
107 277
107 278
107 40
107 264
107 279
165 280
165 37
1125 281
1125 282
1125 47
1125 283
50 157
50 52
50 284
50 285
50 286
50 287
195 288
195 289
8 290
8 291
1847 178
1054 178
241 292
1848 293
1849 92
1849 294
1129 295
1129 34
1129 296
1129 297
657 298
657 299
657 300
657 102
657 301
657 302
657 303
657 36
657 211
657 293
657 304
657 305
657 306
657 137
657 37
657 90
1695 307
1850 114
94 308
94 309
94 310
94 311
94 312
94 105
94 313
94 314
94 21
94 315
94 316
94 317
94 37
94 318
94 48
94 319
94 320
94 321
94 322
94 323
94 79
94 324
94 34
1851 325
233 326
233 322
233 327
906 144
1852 328
1853 329
1533 330
898 331
1854 332
770 333
770 334
770 335
770 236
257 336
257 175
824 168
1855 337
1855 338
630 245
630 90
1610 339
1656 340
1656 89
1656 204
1656 341
1656 342
1656 343
1656 155
1738 344
819 345
819 346
819 141
80 347
80 348
80 349
80 193
80 350
80 351
80 92
80 352
80 353
80 100
80 354
80 355
80 98
80 102
80 18
80 356
80 357
80 358
80 359
80 360
80 361
80 362
1475 363
716 364
716 365
716 366
716 367
716 368
412 172
7 290
803 369
476 19
476 143
1546 215
1546 370
1546 371
1546 372
1856 153
34 51
34 373
34 295
34 374
34 375
34 126
34 376
34 155
34 102
34 29
34 377
34 378
34 379
34 380
34 89
34 381
34 301
34 382
34 383
34 384
34 385
34 386
34 387
34 388
34 76
34 94
34 233
34 389
1857 390
1498 391
1498 392
62 199
62 393
1376 394
666 395
666 396
545 22
959 397
1556 398
1556 167
1556 112
1556 399
1556 95
117 208
662 400
1858 401
1858 402
1859 403
172 404
172 143
172 405
172 406
172 40
172 407
172 98
172 408
172 409
172 410
172 411
172 412
172 413
172 414
172 415
172 178
172 416
172 417
172 418
172 282
172 419
172 420
172 421
1860 422
744 423
769 84
769 170
769 236
1861 424
1861 141
1862 1
1863 425
1864 426
1864 427
1864 21
104 428
104 429
104 102
104 430
104 431
104 143
104 432
104 433
104 306
104 434
104 98
104 435
104 436
104 90
104 437
104 409
104 273
104 438
104 439
104 213
104 440
104 0
104 137
104 441
104 442
104 443
104 444
104 445
104 446
104 301
104 447
104 19
104 448
104 449
104 450
104 451
104 65
104 414
104 452
104 453
104 393
104 454
104 455
104 323
104 456
104 457
104 458
104 459
104 144
104 460
104 461
104 462
104 463
876 143
19 464
19 130
19 465
19 466
19 286
19 467
19 468
19 469
19 29
19 90
19 21
19 470
19 199
19 213
19 471
19 472
19 102
19 473
19 474
19 475
19 476
19 17
19 103
19 322
19 477
19 107
19 298
19 183
19 162
19 194
19 38
19 478
1300 203
1300 479
1865 480
547 33
547 481
547 482
547 483
547 484
547 485
1866 37
1737 486
1867 487
477 488
477 489
477 90
477 3
477 490
477 491
1868 333
1431 492
1869 493
1870 494
1871 37
636 495
288 496
288 20
288 195
1045 497
1872 498
1021 499
1021 260
1223 33
108 148
374 34
1028 500
857 501
857 75
857 192
793 502
57 503
1251 37
437 104
437 90
437 504
817 505
1873 506
1874 481
643 314
643 507
643 508
643 148
643 0
643 322
643 509
1875 493
1457 510
1457 204
1876 511
1255 369
1255 512
1255 426
1877 110
924 385
1671 513
1878 42
1878 514
1879 515
1879 516
1879 517
1879 230
1880 38
618 215
618 518
1446 519
1157 222
1157 520
1157 192
913 521
1308 522
1170 170
1881 178
674 484
696 523
696 90
431 524
431 104
431 199
431 462
525 525
527 526
527 527
527 251
22 528
22 529
22 530
22 531
22 468
22 532
22 533
22 534
22 535
22 536
22 537
22 538
22 402
22 539
22 540
22 541
22 542
22 543
22 146
22 544
22 289
22 265
22 545
22 546
434 104
434 547
434 548
1265 549
532 532
1445 394
1445 103
858 192
199 550
199 551
199 552
199 553
199 97
199 554
199 431
199 555
199 556
199 557
199 337
199 197
199 558
199 559
199 560
199 561
199 398
199 37
199 58
199 402
184 562
54 563
54 104
54 564
54 55
471 565
442 566
442 567
442 359
442 568
1505 569
1882 570
1883 34
1122 368
384 34
1884 571
1684 572
1684 90
1340 573
1340 574
1340 575
1340 576
652 577
652 397
652 125
652 178
652 3
652 368
652 578
652 579
652 580
79 94
1885 300
1885 90
189 581
189 516
627 582
627 583
627 104
627 584
627 585
627 586
627 587
627 588
627 313
627 589
627 590
627 90
627 333
627 591
627 592
627 593
627 0
627 114
627 594
627 595
627 215
627 19
627 596
627 597
627 598
627 599
627 600
627 67
627 601
627 223
627 144
627 602
627 603
627 292
627 604
627 44
627 605
1886 340
1330 606
1887 300
465 607
465 608
465 19
465 609
1320 610
1263 253
1224 443
1224 137
112 611
112 612
112 613
112 201
1372 614
1372 615
1372 1
91 558
91 616
409 67
409 135
409 617
1888 80
1450 414
1450 312
14 618
317 299
114 442
114 619
114 125
114 620
114 337
114 621
114 20
114 397
114 622
114 143
114 623
114 624
114 47
114 625
114 161
114 626
114 627
114 37
114 114
114 628
628 193
628 47
628 20
628 629
888 630
888 3
888 316
1807 631
840 632
1501 557
1689 84
1889 490
453 212
453 33
453 104
453 114
453 633
455 104
455 622
1133 175
1133 9
359 442
359 310
359 122
359 634
359 143
359 80
359 635
495 636
495 637
495 638
265 399
1569 639
541 22
181 199
181 640
181 620
181 105
742 278
148 102
148 301
148 641
148 225
148 394
148 108
148 33
148 642
148 643
148 644
148 645
148 98
891 125
891 646
891 647
891 3
891 648
1644 206
669 190
669 649
669 650
669 154
1139 651
580 214
580 67
580 652
580 21
580 653
580 654
1107 655
1332 656
1890 657
1890 658
950 659
950 19
950 80
950 660
1050 178
1264 661
1264 475
447 443
447 662
447 663
190 550
190 664
190 516
190 2
190 385
190 368
190 202
190 558
190 665
190 666
190 667
190 103
190 379
190 234
190 668
190 669
736 32
736 607
484 61
484 488
484 670
484 671
484 329
484 178
484 672
484 213
484 168
484 673
484 615
484 143
484 674
484 497
484 84
484 429
484 675
825 676
825 168
825 677
198 90
868 678
358 294
358 80
587 679
587 627
587 680
676 681
676 682
676 683
676 44
845 684
845 325
845 685
641 686
641 16
641 687
641 688
641 148
641 25
1891 689
1294 631
1294 312
1294 389
1294 90
1212 227
1892 593
701 690
701 691
701 256
701 692
701 563
701 37
701 693
523 694
523 695
523 696
523 697
523 404
523 691
523 698
523 699
523 10
207 700
207 195
1145 651
1893 701
375 112
375 702
375 373
1764 135
1764 322
1764 75
1894 703
881 704
881 705
881 706
881 707
881 708
881 20
881 199
881 346
881 254
881 518
881 709
1895 137
1259 710
266 592
266 394
865 480
354 80
1477 711
1477 369
1477 712
1477 713
188 714
882 715
882 518
367 716
1216 473
1896 717
1488 718
1897 719
151 720
151 721
151 118
151 36
151 256
151 136
151 722
1199 464
1199 90
1199 235
1199 39
1199 723
1199 724
1199 725
1199 322
1199 709
1898 90
1106 726
1899 118
1899 473
461 104
461 619
1900 47
915 368
1633 727
231 13
231 558
231 322
231 103
25 728
25 641
25 314
25 194
25 141
25 346
25 468
378 34
1901 729
1901 455
1901 648
1341 730
1341 731
116 656
542 22
1143 732
1902 733
17 734
17 735
17 468
17 692
17 736
218 314
218 59
218 381
218 737
218 738
218 739
218 47
218 740
218 741
218 185
278 742
278 107
747 743
1903 292
1903 635
295 215
1904 89
423 744
1905 89
1906 658
1907 745
1908 564
262 213
262 135
942 746
743 747
743 748
337 749
337 352
337 199
337 741
337 750
337 751
337 519
337 114
337 224
1909 653
1910 175
1911 752
1911 392
1911 753
1911 313
995 754
183 755
183 19
183 673
1912 477
221 299
221 227
221 756
221 102
221 757
221 758
221 33
221 644
221 725
221 759
221 760
221 107
1016 329
1016 761
1016 98
524 762
524 763
524 394
524 764
524 71
524 765
524 741
524 398
1357 656
1043 197
1043 766
1043 500
1043 485
1913 143
765 767
765 768
1914 395
1914 1
236 659
236 59
236 204
236 769
236 770
236 771
236 772
236 292
702 773
702 774
702 427
702 375
702 775
1915 776
1350 777
645 204
645 778
645 779
645 0
645 306
645 148
645 780
1916 406
1260 435
1260 781
1260 40
1917 612
556 782
556 396
357 80
496 783
496 282
496 784
496 288
1918 785
544 786
544 787
544 48
544 90
1331 788
1331 789
923 701
794 69
1277 24
1277 790
1277 791
1277 792
502 793
1729 396
1729 794
1919 795
1698 211
1920 54
1921 350
568 631
568 796
1291 797
741 211
741 798
741 218
741 799
741 95
812 146
1707 800
1707 21
1540 379
1540 801
1483 125
1922 178
1923 90
1527 443
1527 80
494 256
494 613
494 178
494 170
494 194
947 593
947 509
1924 124
1545 81
1545 215
1545 44
1545 24
1925 69
1925 292
1925 54
586 294
586 802
586 803
586 804
586 805
586 806
586 204
1769 807
31 808
691 701
1238 809
1238 33
1588 810
146 811
146 81
146 812
146 22
146 813
146 190
146 814
146 44
146 789
1377 815
1926 816
1575 817
1575 818
820 227
820 168
820 648
345 819
168 820
168 92
168 209
168 601
168 821
168 822
168 199
168 823
168 824
168 69
168 503
168 484
168 825
168 826
1927 719
154 104
154 59
154 827
154 177
154 36
154 406
154 398
154 0
154 669
1730 828
1928 651
1680 829
1680 161
856 403
856 89
856 170
856 0
856 830
1929 54
1930 831
807 306
807 161
807 90
807 832
807 833
531 22
531 834
1653 631
1653 44
1653 413
1187 116
1187 90
1931 89
1931 48
1759 835
763 524
333 770
1766 585
954 836
954 837
954 838
472 174
472 839
472 92
472 475
472 647
472 840
472 284
472 170
472 215
472 1
472 213
706 208
706 86
706 841
706 842
1609 843
325 78
325 844
325 845
325 90
325 325
1932 19
1362 37
944 509
1172 170
1933 18
1795 190
52 846
52 749
52 847
174 150
174 472
174 839
174 848
174 202
174 646
174 397
174 849
174 406
174 558
174 850
174 213
174 851
174 852
194 496
194 19
194 558
194 632
194 853
194 806
194 47
194 282
194 89
194 135
194 25
1552 854
704 855
830 839
830 90
830 856
501 857
501 192
501 858
1934 503
1934 314
1934 125
1934 859
1935 101
191 516
191 860
191 143
191 263
191 135
191 861
480 862
480 695
480 863
480 46
480 39
480 211
480 153
480 791
480 864
480 865
480 9
267 592
1936 783
555 866
555 395
555 566
555 867
678 719
678 868
1559 869
822 366
822 204
822 168
822 870
822 871
822 872
1802 873
1019 874
1019 875
1019 876
1019 102
1019 877
941 818
1659 340
1937 802
400 662
400 878
1938 206
1938 90
579 359
579 143
579 879
579 880
579 98
579 617
1939 105
518 340
518 125
518 881
518 215
518 882
518 883
518 884
1448 328
1448 213
1448 414
892 576
892 284
892 673
58 383
58 503
58 199
58 132
58 165
1480 885
1480 86
642 225
642 886
1652 160
1654 340
1692 887
3 495
3 888
3 472
3 90
3 607
3 162
3 777
3 395
3 652
3 889
3 398
3 890
3 891
3 190
1940 557
416 172
416 143
55 54
576 848
576 892
576 229
690 701
1941 19
1941 893
940 135
940 894
574 443
574 895
574 178
574 225
574 273
574 227
574 33
574 383
574 40
574 593
574 896
574 668
1594 600
1598 169
1942 118
779 730
779 141
1943 897
1944 54
1945 898
1268 176
918 899
1946 369
558 900
558 647
558 231
558 901
558 105
558 59
558 90
558 91
558 902
558 903
558 160
558 234
558 628
558 904
558 204
558 109
558 170
558 714
558 786
558 174
558 905
558 120
561 199
1566 277
1566 48
1566 95
1566 39
1566 89
1566 906
1566 907
1242 33
1242 908
1242 807
463 104
463 909
935 281
935 910
935 292
935 44
1231 911
621 129
635 359
507 912
507 20
507 507
521 913
920 314
920 90
920 707
920 35
920 750
920 914
920 760
368 915
368 3
368 190
368 740
368 916
368 668
899 917
899 569
899 918
914 919
914 920
1947 138
109 590
109 558
109 629
1568 921
1369 922
1948 605
626 338
626 90
626 223
626 479
626 211
626 684
626 199
626 923
626 924
626 37
626 925
934 926
934 927
934 657
452 104
1949 191
550 199
78 245
78 90
78 159
78 213
78 928
78 929
78 459
78 930
1128 931
1128 427
778 645
778 783
778 63
778 224
778 932
177 406
177 154
821 933
821 168
926 211
926 934
926 90
926 935
76 936
76 481
76 33
76 200
76 937
76 350
1950 580
1950 938
1951 59
1414 939
1414 940
1414 841
1414 941
746 942
1625 181
1625 558
1952 943
992 227
992 44
768 765
1298 63
1298 13
509 944
509 945
509 946
509 90
509 947
509 948
509 949
509 950
509 39
509 479
509 951
509 643
509 952
509 953
1953 954
125 234
125 955
125 956
125 687
125 275
125 514
125 739
125 114
125 63
125 656
125 957
125 652
125 958
125 252
125 37
125 959
125 518
125 891
607 960
607 872
1155 724
718 32
718 811
718 340
718 276
718 143
1417 961
739 125
739 89
739 962
739 963
739 964
739 965
739 218
739 966
739 0
739 37
739 967
1954 112
987 968
987 604
987 90
1955 143
1955 779
1955 969
1658 136
834 970
834 204
834 235
834 22
834 971
834 110
834 309
834 818
834 531
834 414
834 137
866 555
866 499
81 972
81 973
81 974
81 975
81 976
81 84
81 977
81 90
1080 178
1080 97
1080 143
1352 855
1956 660
886 978
886 225
200 459
200 130
200 121
960 979
960 102
960 607
960 673
960 980
960 981
1198 919
1198 90
955 125
1206 982
1206 208
1206 842
1957 141
1329 650
604 90
604 983
604 641
604 984
604 985
604 102
604 986
604 779
604 627
604 864
604 328
604 987
604 0
604 44
604 988
44 670
44 989
44 990
44 676
44 991
44 992
44 610
44 993
44 382
44 631
44 994
44 627
44 559
44 161
44 306
44 146
44 604
637 495
646 340
646 851
754 995
624 37
624 114
1185 90
1958 90
1958 36
489 544
489 135
489 507
1690 996
1690 143
1959 199
1761 864
1441 997
707 881
707 0
707 998
707 920
1960 822
1960 452
1503 34
1503 622
1503 537
917 301
1961 104
1961 105
1962 717
1962 75
1963 350
1618 0
1964 745
1964 999
1964 739
1079 178
1516 213
1516 68
1965 1000
306 905
306 1001
306 1002
306 766
306 984
306 323
306 300
306 1003
306 141
306 33
306 256
306 1004
306 1005
306 645
306 208
306 44
306 90
1966 19
1967 199
209 102
209 1006
209 1007
209 499
209 1008
209 402
1283 141
751 26
598 694
598 1009
598 697
598 39
598 1010
598 1011
598 1012
1240 1013
1240 33
1240 80
1240 1014
329 484
329 1015
329 1016
329 551
329 1017
229 322
229 1018
584 766
1018 229
1018 195
1504 569
1504 352
1504 444
1504 204
877 1019
877 102
1132 1020
1132 300
499 1021
499 611
499 215
499 209
499 1022
499 912
499 39
499 866
499 666
499 1
499 135
1968 741
1968 59
927 211
927 934
927 1023
440 104
440 1024
440 179
440 1025
440 724
440 755
440 37
440 1026
111 676
111 111
111 552
1969 104
500 89
500 1027
500 437
500 971
500 86
500 1028
1722 87
594 627
1724 1029
1724 1030
1603 1031
1603 13
1603 520
1603 1032
86 157
86 1002
86 705
86 204
86 235
86 554
86 190
86 1033
86 143
86 1034
86 1035
86 310
86 626
86 37
86 1036
86 292
491 1037
491 90
491 964
491 491
491 47
491 1038
491 1039
491 1040
491 477
491 124
1970 275
1971 1041
883 518
883 1042
1972 379
1972 1043
178 1044
178 1045
178 1046
178 1047
178 1048
178 1049
178 1050
178 1051
178 1052
178 1053
178 1054
178 1055
178 850
178 1056
178 1057
178 1058
178 1059
178 1060
178 484
178 1061
178 808
178 1062
178 1063
178 1064
178 1065
178 811
178 1066
178 1067
178 1068
178 1069
178 1070
178 574
178 1071
178 1072
178 379
178 1073
178 1074
178 1075
178 494
178 1076
178 1077
178 170
178 1078
178 101
178 1079
178 1080
178 1081
178 1082
178 1083
178 1084
178 1085
178 1086
178 1087
178 1088
178 1089
178 1090
178 1091
178 1092
178 1093
178 1094
178 396
178 1095
178 38
178 860
178 21
178 1096
178 1097
178 1098
178 1099
178 1100
178 1101
178 991
178 951
1973 271
1974 1102
1975 1103
554 1104
554 641
554 86
554 143
554 199
554 912
554 739
554 1105
202 174
202 777
1976 433
655 398
655 1106
655 1107
655 946
1565 95
350 78
350 473
350 1108
350 831
350 479
350 211
350 76
350 80
350 791
758 299
984 1109
984 1110
984 20
984 604
805 1111
805 894
805 24
1796 1112
1796 850
1796 39
1790 214
980 960
980 1003
980 300
980 1113
980 1114
980 1115
980 173
980 90
1717 985
1381 1116
1381 37
1429 312
1429 1117
1429 10
75 827
75 857
75 832
75 192
1664 443
250 554
250 199
250 1118
260 1119
260 1120
260 1121
260 1122
260 136
260 1123
281 1124
281 380
281 433
281 1125
281 894
929 78
929 34
929 1111
929 1126
381 917
381 1127
381 724
381 863
171 613
427 735
427 1128
296 1129
1420 1130
1420 573
1420 291
1420 450
1420 931
1420 192
1420 1131
1420 1039
1020 1132
1977 841
376 213
376 46
9 480
9 1133
1978 1134
1007 209
1007 1135
1512 306
1512 801
1065 178
1979 90
1756 394
1333 1136
689 80
689 547
689 1137
772 1138
1980 24
1980 86
651 298
651 1139
651 1140
651 1141
651 1142
651 1143
651 1144
651 1145
651 1146
651 1147
651 1023
651 547
651 1148
651 851
724 1127
724 1149
724 310
724 1150
724 47
724 259
724 313
724 855
724 59
724 90
724 1151
724 991
724 199
724 160
724 192
724 213
724 440
724 114
724 316
724 1152
724 1153
724 1154
724 218
724 1155
724 340
724 820
724 1156
724 1157
1981 628
1982 239
1197 90
1558 732
648 649
648 295
648 202
648 176
648 237
648 317
648 137
364 1029
364 714
364 1158
364 297
364 716
305 657
153 0
153 360
153 80
153 36
277 1159
277 1160
126 222
126 1161
126 126
126 121
126 33
126 1034
126 34
1554 1162
1149 724
1600 980
284 848
284 472
1732 38
1983 1163
311 211
311 1164
349 1165
349 80
981 960
981 271
981 219
1548 1166
1548 1167
1548 1168
252 631
252 125
100 1169
100 190
100 802
100 80
1984 172
1515 213
1515 215
1985 143
246 360
170 1170
170 1171
170 472
170 90
170 178
170 856
170 435
170 1172
170 613
170 779
170 560
170 1173
170 1174
334 366
334 498
298 212
298 657
298 298
298 19
298 90
1607 1175
1607 1176
1986 276
1177 1177
1638 1178
326 33
326 233
326 39
326 445
1987 263
464 34
464 19
464 102
464 830
1988 1179
1988 656
1988 135
1988 1180
1989 69
563 549
563 701
563 1181
90 696
90 1182
90 983
90 1183
90 443
90 227
90 143
90 1184
90 755
90 479
90 72
90 1185
90 1186
90 710
90 308
90 778
90 136
90 1187
90 509
90 204
90 124
90 59
90 920
90 508
90 437
90 1188
90 92
90 188
90 1189
90 562
90 1190
90 971
90 912
90 1176
90 560
90 80
90 1191
90 1192
90 1193
90 668
90 215
90 930
90 904
90 1194
90 104
90 89
90 102
90 0
90 631
90 248
90 1195
90 19
90 141
90 635
90 491
90 1196
90 170
90 180
90 980
90 626
90 306
90 198
90 1197
90 477
90 1011
90 298
90 78
90 619
90 1198
90 962
90 1199
90 872
90 1005
90 1200
90 811
90 797
90 1201
90 1202
90 1203
90 835
90 1204
90 724
1555 1205
1555 394
1555 473
982 1206
1990 668
1990 1121
1991 26
1992 38
1992 1207
1992 898
23 468
1230 1198
1230 745
1230 90
1230 804
1230 313
1765 1208
1765 631
1765 135
1993 36
227 992
227 964
227 47
227 1209
227 221
227 294
227 90
227 574
227 650
227 80
227 204
227 190
227 110
227 63
227 1086
227 180
227 1210
227 322
227 32
227 67
227 251
227 820
227 1211
227 1212
1631 37
89 277
89 71
89 964
89 104
89 632
89 781
89 40
89 212
89 1213
89 670
89 294
89 90
89 984
89 122
89 971
89 950
89 80
89 37
89 114
89 628
89 826
89 767
89 472
89 473
89 707
89 215
89 19
89 1214
89 121
89 413
89 777
89 1215
89 755
89 322
89 1055
89 1216
89 281
89 624
89 194
89 1217
89 1218
89 602
89 34
89 890
89 389
1036 86
33 941
33 1219
33 1220
33 126
33 16
33 1221
33 1222
33 1223
33 663
33 807
33 143
33 1224
33 791
33 1225
33 1226
33 1227
33 105
33 350
33 581
33 477
33 953
33 373
33 92
33 1228
33 176
33 574
33 650
33 1229
33 399
33 1230
33 1231
33 379
33 1179
33 1232
33 760
33 1233
33 355
33 1171
33 89
33 1234
33 473
33 301
33 631
33 27
33 571
33 1235
33 394
33 369
33 1236
33 547
33 276
33 180
33 306
33 1237
33 104
33 453
33 32
33 1238
33 851
33 689
33 456
33 1239
33 221
33 223
33 76
33 843
33 94
33 1201
33 913
33 148
33 1240
33 1241
33 1242
449 104
449 1243
449 1244
1496 1245
1496 1246
1467 1137
1467 98
1435 508
1105 89
1105 80
1994 299
1994 1247
1994 39
1995 1248
1995 443
1996 1249
324 1250
324 767
324 94
324 1008
324 617
264 1251
264 513
264 1252
264 199
264 1253
264 136
264 107
1040 491
397 652
397 174
397 114
397 959
1478 1254
1471 811
404 855
404 1255
404 551
404 881
404 1256
404 1111
404 1257
404 1258
327 233
327 432
710 1259
710 90
1124 1177
781 1260
781 81
781 89
781 1261
1342 238
1997 205
1998 37
235 292
235 48
235 1199
253 1262
253 673
253 1263
946 173
946 1264
946 236
946 462
946 562
946 1169
946 1265
946 1266
1521 92
1521 1267
176 29
176 1219
176 403
176 1268
176 1269
176 1270
176 721
176 1271
176 406
176 33
176 80
176 1272
176 760
176 1273
176 648
1760 102
1474 363
1422 1173
1564 90
1564 301
1999 1274
2000 208
894 143
755 381
755 848
755 440
755 519
755 414
755 1275
755 1276
1757 760
488 213
488 477
862 480
2001 762
823 168
2002 245
792 102
792 1277
792 1278
792 1279
792 1256
792 224
792 1280
141 1281
141 424
141 819
141 90
141 272
141 215
141 1282
141 140
141 1283
141 25
141 170
141 1284
141 306
141 507
141 668
141 98
842 1285
842 234
842 1206
842 724
842 402
314 1286
314 90
314 319
314 35
314 811
314 81
314 817
314 1154
314 218
314 94
314 1287
314 1288
314 643
314 25
314 1289
1111 631
1111 1290
1111 778
1111 1291
1111 63
1111 65
1111 783
1111 1292
1111 1293
1111 1294
1111 402
1326 1295
1326 609
2003 25
2004 778
2005 1296
1033 310
1033 733
595 1011
2006 1255
1082 223
1082 178
63 227
63 125
63 366
63 439
63 1111
63 778
63 1297
63 47
63 13
63 1298
63 393
2007 19
1215 135
1215 89
692 1299
692 137
2008 90
841 479
841 377
841 118
841 706
841 491
479 485
479 112
479 90
479 841
479 1300
479 346
479 626
479 137
479 617
479 509
479 789
2009 1301
222 1302
222 126
222 180
222 1157
1303 1303
1303 406
1202 90
1608 1175
2010 34
1385 714
1385 143
1317 1304
1317 395
1317 98
1317 668
1317 101
2011 199
609 464
609 130
609 1305
609 465
609 520
609 0
1119 520
1119 180
1485 516
1485 1111
1485 665
1485 335
1485 692
1485 617
2012 178
2013 504
285 50
1667 1306
1585 917
2014 905
2014 1307
403 125
403 1308
991 123
991 104
991 89
991 1309
991 1059
991 724
991 1243
991 1310
991 1311
991 44
1241 101
2015 1312
197 199
197 346
197 985
1581 714
2016 255
268 809
268 1313
268 426
268 484
268 1314
668 204
668 368
668 1315
668 190
668 103
668 426
668 647
668 141
668 574
668 231
668 650
668 160
668 677
668 1316
668 1
668 1317
668 90
767 324
767 1318
767 275
767 90
963 966
963 739
1305 1319
1305 609
1536 589
426 676
426 111
426 646
426 1004
426 1255
806 882
806 294
2017 406
2017 1218
599 627
952 509
61 484
61 393
382 34
382 146
382 44
382 1320
890 190
890 171
890 1022
162 1271
162 41
162 136
1220 875
2018 88
1188 684
1188 1321
1386 962
1386 213
1386 27
1386 893
1386 1135
1386 80
1386 313
2019 1322
2020 211
71 310
71 21
71 20
71 271
71 1030
1442 1323
1442 1099
1442 300
1442 356
1442 582
1280 792
304 657
304 1324
304 1325
2021 608
1013 727
1013 137
1013 902
391 215
391 1326
391 1321
391 1317
391 205
391 1011
1396 1327
1396 214
1596 1031
1596 1328
1596 1329
2022 130
309 1330
309 89
309 788
309 1331
309 1271
309 1332
2023 398
2023 507
2023 161
2023 287
2024 347
1000 515
1000 999
1592 389
910 634
2025 210
1136 1333
1343 232
552 677
552 69
552 676
552 558
552 160
552 234
552 668
601 230
601 894
2026 1274
905 626
905 558
905 208
905 143
699 523
1716 213
1716 1334
1716 1153
1276 755
1276 912
2027 19
1158 364
1158 1335
1158 173
2028 389
1461 1336
433 1337
433 0
433 104
433 1338
259 354
259 724
259 402
2029 1112
1673 1108
1673 1339
1673 98
575 218
575 1340
2030 1341
2030 792
1491 1164
1491 13
238 89
238 1342
238 237
238 966
238 414
238 292
232 1343
232 383
232 322
1316 1195
1316 668
1316 1176
2031 815
1011 428
1011 19
1011 20
1011 1344
2032 731
2032 1345
1553 1275
2033 547
2034 346
797 144
797 1346
797 714
797 90
789 479
1270 255
1270 215
2035 479
2035 1347
16 641
16 37
16 98
16 804
16 1348
685 845
764 1265
212 89
212 1349
212 144
2036 275
1806 631
1806 618
1806 538
1806 1350
1165 349
1165 125
1165 146
1165 24
617 1351
617 479
617 350
855 89
855 102
855 404
855 1352
855 724
855 704
2 889
2 777
2 190
1812 668
1812 894
1578 211
1578 689
1578 37
1662 24
293 657
293 1353
293 303
293 1354
1628 622
932 1326
932 939
932 246
932 294
932 778
1741 1355
1741 859
1741 750
1346 1356
1346 47
564 54
1141 651
2037 3
656 1357
656 125
656 167
656 91
656 639
2038 286
2039 1241
790 294
790 668
790 817
441 836
441 104
1522 964
2040 484
2040 346
2040 26
2041 150
2042 1358
874 1019
874 102
1670 1359
1670 1360
2043 623
2043 759
2044 750
1661 1239
286 19
286 760
161 78
161 245
161 1347
161 235
161 473
161 1361
161 631
161 807
161 1362
161 1363
161 1364
161 40
161 1365
161 44
444 104
444 406
444 1366
444 1367
444 39
1109 377
534 22
294 358
294 89
294 1368
294 38
294 20
294 1369
294 806
294 724
294 208
294 932
294 402
302 89
302 468
302 567
302 192
302 148
1595 1370
1595 1314
615 484
615 1371
615 1372
804 211
804 251
804 322
804 16
804 98
1271 309
1271 176
2045 1373
1074 178
709 881
709 1374
709 97
709 1199
355 80
248 354
248 90
248 92
248 339
248 206
248 192
475 19
475 300
475 472
475 654
1196 90
1196 791
1411 67
2046 47
2047 208
1701 136
1701 1375
1701 90
1710 657
1710 404
1710 21
1710 211
1710 639
1710 88
658 369
658 215
658 13
658 192
658 1157
975 81
1557 398
460 294
2048 230
2049 1127
2050 1376
815 1377
1373 211
1222 33
559 333
559 770
559 44
559 98
2051 1378
2052 170
2053 1379
535 22
1636 344
664 480
664 340
664 368
664 190
664 202
664 777
664 1380
1297 118
2054 80
37 582
37 16
37 701
37 213
37 47
37 191
37 399
37 350
37 125
37 1251
37 1368
37 739
37 199
37 752
37 13
37 472
37 1381
37 1382
37 626
37 1383
37 657
37 251
37 94
719 678
719 278
1537 837
226 396
27 798
27 392
27 1384
27 631
27 39
27 33
27 1385
27 1386
2055 965
2055 225
2055 1387
2055 90
1643 101
1273 1216
1361 161
816 755
816 377
339 213
339 1388
339 950
339 316
339 978
339 1389
339 1390
339 380
339 1329
738 37
738 218
263 38
263 569
263 1391
263 1392
263 684
263 312
263 24
263 136
2056 102
1070 178
347 1393
347 1394
974 81
1406 51
40 1395
40 161
1209 227
787 544
787 602
1705 1396
1705 1397
788 309
1337 433
1337 894
1604 13
2057 931
1179 314
1179 48
1179 81
1179 1398
1179 1399
1179 33
1179 1400
1179 1401
826 1402
318 118
318 1403
318 94
30 922
30 477
30 731
1778 157
1778 1404
1778 44
261 136
115 625
1587 1221
1587 810
1587 1169
1587 954
715 1191
1010 598
147 811
147 1405
147 227
147 689
67 1406
67 394
67 143
67 901
67 251
67 294
67 881
67 21
67 848
67 37
67 402
67 227
67 215
67 1407
67 1408
67 1409
67 934
67 1410
67 409
67 1411
67 1412
67 44
249 1413
249 346
249 47
249 1041
2058 39
60 503
60 208
529 22
1398 564
1398 1414
1398 21
2059 537
1444 1415
1632 1416
193 98
193 193
193 628
193 80
297 364
297 912
297 1254
297 1129
1574 739
1452 1417
1452 1418
2060 37
2060 628
59 225
59 1210
59 154
59 90
159 78
159 41
291 1419
291 1420
291 1335
291 8
1619 0
2061 518
1229 33
1229 499
1229 336
2062 1421
1183 90
1183 962
1650 160
1494 518
1173 225
1173 1422
1173 160
1173 692
1173 170
390 1423
1428 312
1112 80
1112 791
1112 1424
1356 1346
1356 962
1356 80
32 1104
32 227
32 373
32 718
32 777
32 33
32 736
1593 1425
1114 980
2063 1426
2063 555
2063 215
2064 646
1099 503
1099 906
1099 1427
1104 32
1104 1336
1104 771
1104 1351
853 194
853 537
312 1428
312 569
312 1429
312 171
492 1430
492 1431
801 112
801 504
801 98
2065 178
508 1432
508 90
508 763
508 425
508 1433
508 1150
508 346
508 643
508 1434
508 1435
1711 725
1388 1436
1388 339
230 889
230 143
230 666
230 1437
1039 1420
1039 12
1039 1438
1261 64
366 716
366 63
366 822
366 406
366 334
366 1439
1487 279
2066 336
2067 1154
450 1420
450 104
2068 1426
2068 64
180 227
180 90
180 225
180 1440
180 469
180 861
2069 926
997 1441
997 143
798 27
798 741
798 137
356 1442
356 80
844 325
1800 575
1599 587
1599 679
478 38
478 19
361 80
2070 1443
705 211
705 881
705 86
777 900
777 32
777 340
777 2
777 204
777 202
777 725
1415 1444
1606 13
1606 400
2071 94
237 292
237 312
237 238
237 648
10 1184
10 1429
118 389
118 3
2072 98
1017 1445
1017 329
1017 102
519 1446
1513 213
1123 1221
1123 260
474 515
474 19
474 1121
110 1392
110 41
110 1345
619 590
619 1447
619 90
1776 379
1776 199
414 1448
414 104
414 962
414 1449
414 238
414 1450
414 459
414 81
414 306
414 137
414 1451
1365 1452
1365 1453
1365 1454
1365 21
1462 1455
1562 795
1562 205
2073 1456
1752 970
1752 218
315 369
1768 37
510 1457
47 1458
47 689
47 43
47 1346
47 766
47 1125
47 1459
47 248
47 311
47 1460
47 63
47 279
47 24
47 317
1092 178
254 881
254 1262
1204 227
1204 90
2074 900
1336 554
1336 1461
1455 1462
588 1003
588 736
2075 107
1696 137
98 1373
98 112
98 105
98 42
98 1463
98 804
98 1464
98 199
98 84
98 1465
98 104
98 218
98 1466
98 579
98 1215
98 1467
98 322
98 123
98 95
98 737
98 1468
98 1016
98 38
98 148
29 1302
29 225
29 46
29 19
29 176
29 34
29 37
29 1469
29 861
119 215
119 930
811 1381
811 178
811 718
811 656
811 1470
811 1471
811 1472
811 632
811 103
811 147
2076 225
1473 1473
867 340
867 558
867 555
867 276
2077 225
2077 104
2077 75
363 1474
363 1475
1234 493
1234 725
1234 1476
1234 648
1794 582
711 1477
711 779
711 964
1254 1478
1254 297
1254 39
1191 881
1191 715
1191 90
553 199
4 379
4 70
4 931
4 290
4 381
860 168
2078 211
462 431
462 104
462 1479
462 38
1733 791
1733 21
2079 90
1390 339
428 104
428 1011
69 1398
69 1480
69 271
69 677
69 220
69 168
69 558
69 276
69 153
69 903
69 148
69 185
2080 349
432 573
432 24
432 1481
432 327
1055 89
1055 178
2081 104
1137 689
1137 1467
1137 1472
1137 1482
2082 798
2082 37
2082 392
2082 80
352 1483
352 80
665 190
665 650
665 1484
665 1485
243 1486
243 292
243 313
2083 1257
904 90
904 36
756 221
279 1487
279 39
319 94
1506 81
1506 1488
439 63
439 1122
2084 783
2084 1489
275 1250
275 340
275 125
275 268
369 310
369 315
369 803
369 17
1243 926
1243 898
1243 402
1243 446
1243 92
1164 311
1164 1490
1164 1491
166 280
1674 225
1589 1492
1589 103
969 1493
1449 414
300 51
300 837
300 657
300 1195
300 1494
300 1442
300 251
300 495
300 980
300 484
300 1132
300 334
300 518
144 1495
144 309
144 1304
144 797
144 864
144 407
144 627
144 906
120 515
120 558
120 724
1203 90
1203 251
1292 1111
1292 161
1292 683
1246 1496
1286 1497
1286 314
392 631
392 1498
392 777
392 392
15 986
1110 984
1110 1499
348 689
348 631
348 927
348 1500
348 80
2085 914
2085 650
2085 1341
2086 268
2087 733
129 354
129 786
129 21
129 211
129 1501
129 630
129 306
129 0
129 742
129 1502
1641 251
1424 306
1424 1112
1424 1503
1424 620
593 574
1704 836
936 76
775 905
775 773
775 346
775 111
775 21
988 589
988 604
6 290
2088 606
569 1504
569 456
569 1505
569 1175
569 122
1086 719
1510 213
1008 209
1008 324
1008 118
1008 558
1008 86
123 98
2089 294
396 69
396 226
396 556
762 398
962 1183
962 204
962 368
962 435
962 21
962 739
962 271
962 402
223 178
223 1381
223 1302
223 1082
223 143
223 94
223 626
223 477
223 876
937 905
937 0
937 76
937 338
937 684
933 821
570 1506
417 172
1781 1507
1781 628
2090 1508
1497 1286
213 694
213 970
213 646
213 1349
213 143
213 1509
213 339
213 375
213 1510
213 48
213 916
213 376
213 294
213 953
213 1359
213 118
213 262
213 1511
213 394
213 199
213 1512
213 1513
213 37
213 1514
213 668
213 1515
213 104
213 888
213 472
213 204
213 473
213 301
213 611
213 19
213 1516
213 1369
213 86
213 488
213 724
213 414
213 1517
213 1518
213 137
213 90
213 78
213 1199
213 1519
213 292
213 39
213 1520
213 74
213 1386
1267 607
1267 1521
1267 1125
964 227
964 1522
964 89
964 820
964 656
964 491
964 739
964 711
964 457
964 63
964 26
143 277
143 51
143 3
143 554
143 213
143 202
143 893
143 311
143 416
143 1523
143 312
143 1524
143 617
143 211
143 1525
143 172
143 75
143 90
143 881
143 92
143 718
143 230
143 1526
143 0
143 725
143 1527
143 876
143 235
143 848
143 1080
143 1528
143 476
143 86
143 33
143 1529
143 579
143 894
143 484
143 135
143 37
143 1530
143 1198
143 641
143 95
143 300
143 1531
143 905
143 223
143 334
143 1532
143 171
143 771
846 1533
887 727
887 467
887 320
2091 433
761 1534
761 1016
761 90
761 1535
589 1536
589 697
589 1375
589 44
589 988
2092 67
837 1158
837 1221
837 1537
837 1190
837 810
837 37
837 954
978 225
978 886
978 339
273 490
273 104
273 457
1257 90
1526 143
438 104
2093 301
1465 1538
2094 36
1779 1384
255 1270
255 125
255 37
255 104
255 103
215 21
215 208
215 391
215 1539
215 1540
215 119
215 90
215 1541
215 1270
215 199
215 499
215 1542
215 1417
215 216
215 80
215 1543
215 1544
215 1515
215 472
215 204
215 1545
215 1195
215 1546
215 1547
215 67
215 926
2095 276
2096 170
2097 1548
2098 1380
35 1549
35 920
35 1550
35 1551
35 739
35 479
35 206
35 537
35 760
939 167
939 932
854 1552
1275 755
1275 33
1275 1553
871 822
1162 1554
2099 1555
1591 554
1591 389
398 762
398 1556
398 3
398 1432
398 226
398 188
398 199
398 33
398 519
398 1557
398 1055
398 154
398 524
398 0
398 146
398 1558
398 500
398 90
2100 641
244 292
2101 37
869 1559
179 786
179 1362
179 1271
179 440
179 1560
179 34
179 469
205 1561
205 214
205 1562
809 739
809 268
809 437
809 1243
2102 1403
301 1563
301 173
301 1564
301 1171
301 310
301 33
301 184
301 148
301 34
301 835
1436 1388
1237 33
2103 1034
2103 143
95 1556
95 1565
95 894
95 13
95 1566
95 692
95 98
2104 145
145 1567
921 1568
835 1536
835 90
835 80
245 905
245 360
245 1569
245 129
1770 247
2105 886
663 33
663 447
663 456
663 445
514 900
514 582
514 125
514 48
514 1423
514 727
514 852
514 1570
514 1571
514 537
514 472
2106 129
684 340
684 377
684 89
684 392
684 1472
684 1188
684 494
684 1572
684 1378
684 1573
684 255
684 332
684 912
684 59
684 137
684 98
684 477
684 1574
818 1575
818 392
818 834
818 255
818 38
818 481
818 39
818 143
818 1576
818 468
818 1011
105 1161
105 90
105 336
105 1244
105 1577
105 457
105 1578
105 33
105 406
105 558
105 724
105 216
105 1579
105 98
2107 783
728 1580
728 25
714 620
714 211
714 558
714 797
714 1581
714 114
714 208
714 1582
2108 1583
2108 39
394 104
394 60
394 1584
394 641
394 1426
394 238
394 251
394 33
394 1151
394 433
394 266
394 1585
394 570
394 1175
394 1555
902 558
831 1586
831 1112
2109 110
2109 831
989 44
989 54
1626 622
2110 37
810 837
810 1587
810 1588
810 13
810 326
810 826
810 1129
1366 444
103 589
103 255
103 190
103 19
103 118
103 777
103 395
103 231
103 170
103 316
103 1
103 668
99 59
99 802
99 1321
99 252
99 34
99 292
2111 1402
2111 1173
675 484
675 493
1200 90
1201 33
1201 1589
1201 1355
1201 90
1201 791
389 1590
389 1381
389 38
389 1294
389 1591
389 1592
389 9
389 102
875 1220
308 94
308 90
430 104
2112 1080
395 1
2113 90
2113 271
1425 19
1425 1593
999 81
999 1000
1370 1594
1370 799
1370 1595
1328 379
1328 697
1328 1596
1328 1440
1328 1340
2114 1185
629 78
629 628
629 121
629 477
1708 21
169 1597
169 748
169 1598
169 402
679 555
679 300
679 1599
1249 92
1541 215
1541 48
1541 0
2115 264
2115 179
661 1264
2116 1600
1624 1601
192 1130
192 340
192 520
192 1602
192 1158
192 1420
192 658
192 858
192 501
192 931
192 65
192 724
192 1157
192 755
192 75
192 1074
192 36
192 857
13 61
13 719
13 104
13 1603
13 614
13 95
13 684
13 658
13 63
13 1604
13 821
13 1605
13 231
13 293
13 1491
13 383
13 37
13 1298
13 1606
1175 1607
1175 778
1175 458
1175 211
1175 1608
1175 919
1175 569
1681 473
274 98
843 33
843 665
843 326
843 1609
919 914
919 1610
919 1198
919 1175
919 861
371 1546
1351 135
1351 191
1351 886
1351 617
270 1611
270 1612
425 524
425 762
786 504
735 734
735 1161
735 185
735 736
732 1143
732 306
2117 435
2117 80
567 1403
567 20
567 178
567 302
745 213
745 1195
745 78
745 1613
745 1030
782 103
2118 668
2119 619
310 71
310 92
310 122
310 359
310 86
310 369
310 94
310 724
310 192
687 125
687 641
687 656
687 1614
687 864
687 233
687 148
687 1332
1535 1151
1535 761
1747 1615
1747 752
573 1420
573 432
573 34
573 1340
2120 719
650 33
650 649
650 227
650 665
650 558
650 383
650 669
650 1329
650 668
650 648
0 1449
0 95
0 308
0 856
0 213
0 832
0 1108
0 1616
0 588
0 398
0 208
0 1617
0 1618
0 43
0 90
0 1555
0 129
0 262
0 739
0 707
0 1619
0 94
0 37
0 659
0 104
0 1620
0 631
0 1621
0 859
0 325
0 1034
0 1243
0 626
0 306
0 518
0 154
0 1622
0 841
0 97
0 1623
0 570
0 433
0 359
0 153
0 643
0 162
0 982
0 1504
0 1386
0 604
1601 1624
2121 1625
446 379
446 104
1744 1269
622 1626
622 455
622 1627
622 289
622 976
622 1503
622 1628
1468 229
1468 98
1116 54
1 554
1 889
1 395
1 472
1 830
557 1501
557 199
1697 1629
385 190
385 1630
385 33
385 558
385 924
385 34
385 668
2122 1631
526 102
526 527
1416 102
1416 1632
727 130
727 677
727 409
727 402
727 86
727 1013
727 1633
727 887
727 1566
727 1634
2123 211
2124 505
2125 601
272 141
1279 607
1279 208
1295 224
1134 337
1134 1635
2126 1636
1227 33
1227 1209
1227 1637
1178 1638
537 35
537 135
2127 684
2128 495
1285 842
1244 449
1327 137
673 253
673 183
673 1281
673 1639
673 312
673 1428
673 602
157 211
157 713
157 86
2129 24
1580 282
1580 728
639 1569
639 151
639 161
2130 1073
2131 1640
671 484
671 815
2132 124
251 1233
251 227
251 1484
251 90
251 1550
251 67
251 786
251 300
251 527
251 1641
251 490
251 848
251 1424
251 1203
251 328
251 37
251 137
251 683
206 90
206 213
206 1642
206 1169
206 1643
206 1325
206 208
206 1644
206 930
565 471
1803 204
1225 33
1736 36
2133 81
1226 33
2134 631
1682 473
670 42
670 89
670 44
670 413
670 335
1085 178
196 1645
196 1646
92 1233
92 236
92 310
92 143
92 472
92 248
92 155
92 1647
92 509
92 1249
92 90
92 191
92 84
92 80
92 1648
92 772
92 1003
92 473
92 101
92 225
92 33
92 771
92 1389
92 135
92 786
92 359
140 1284
140 346
140 479
140 1649
140 619
316 301
316 1024
316 94
316 339
316 103
1071 178
160 1650
160 552
160 676
160 558
160 330
160 903
160 257
160 724
160 1651
160 668
160 1652
1002 86
330 1533
330 160
852 174
2135 632
2136 46
413 1653
413 172
413 44
1287 162
1210 59
659 90
340 1654
340 1021
340 646
340 777
340 1655
340 684
340 208
340 981
340 664
340 1656
340 1657
340 867
340 1658
340 204
340 1659
340 1660
340 724
340 518
340 271
340 1282
340 211
340 502
1239 1453
1239 225
1239 658
1239 1661
1239 192
1239 65
24 719
24 294
24 90
24 214
24 1548
24 273
24 912
24 1277
24 1391
24 1662
24 432
24 47
24 1663
24 38
24 0
24 468
24 533
851 646
1127 479
1127 1375
1127 1152
983 604
983 90
1493 969
443 1453
443 104
443 447
443 827
443 147
443 1664
443 1665
1523 143
1309 1666
1309 991
1309 137
1309 635
2137 472
435 786
435 656
435 1214
435 170
1009 598
1306 1667
1306 395
1306 118
127 121
2138 1
2138 230
864 1668
864 1669
864 352
864 144
864 306
864 148
864 604
1359 213
1359 1670
2139 126
2139 843
2139 452
2139 954
402 169
402 1111
402 90
402 962
402 209
402 300
402 199
402 137
1171 479
2140 188
513 1671
2141 313
2142 141
1518 653
353 80
39 480
39 102
39 1555
39 27
39 777
39 1153
39 684
39 912
39 1254
39 24
39 306
39 818
39 1011
2143 1527
1023 651
1023 927
748 169
748 234
748 743
522 1672
799 104
799 386
799 470
799 741
799 547
799 1370
993 44
1108 1673
1108 350
2144 1157
2145 1674
863 381
2146 1620
1066 178
1392 263
1392 19
1571 306
1571 280
1571 514
1571 653
328 1448
328 786
328 1675
328 251
328 120
328 137
328 604
1118 1016
1118 250
1233 135
1348 16
848 576
848 892
848 174
848 50
848 284
848 232
303 295
303 657
303 293
303 1157
422 225
422 841
422 807
771 1104
771 516
771 75
771 617
1323 1442
1037 491
2147 81
2148 148
1630 815
2149 36
1433 508
2150 659
1577 631
1577 684
1577 1372
1577 1676
1577 364
697 1677
697 694
697 826
697 589
1169 1587
155 1648
155 1527
155 3
155 214
155 225
155 1678
155 36
155 92
155 1656
155 105
313 549
313 1679
313 94
313 724
313 832
1484 736
1484 251
473 1255
473 1680
473 1681
473 1682
473 1555
473 92
473 1683
473 435
473 1005
473 208
1576 376
572 1684
1115 980
1115 90
1115 80
1288 314
383 575
383 574
383 199
383 650
383 232
383 34
383 13
1192 1685
1192 90
1192 39
520 1119
520 1603
990 44
1528 143
2151 1686
2152 292
2153 1022
2153 239
600 811
600 627
600 858
1551 35
2154 484
458 104
2155 619
1339 80
258 175
1304 1
1304 1121
2156 601
2156 1687
2156 118
43 47
43 59
43 1688
1712 747
84 1689
84 1690
84 54
84 92
84 213
84 769
84 976
84 144
84 1691
84 81
84 88
84 484
84 208
84 1692
84 98
2157 88
1003 980
1003 588
1003 473
1003 92
721 256
721 176
1152 1127
1152 724
2158 1693
1798 1168
1299 1694
1299 692
424 141
307 151
307 1695
1004 426
1005 90
1005 473
2159 178
1026 446
1322 125
1221 64
956 125
2160 90
2161 834
457 104
457 964
457 273
228 322
901 67
901 839
901 558
901 204
1793 1293
2162 1527
916 213
916 368
968 987
351 80
2163 582
482 354
482 547
482 872
1315 668
2164 1206
137 1418
137 714
137 90
137 81
137 38
137 19
137 1309
137 479
137 414
137 657
137 328
137 322
137 213
137 1696
137 692
1629 1697
2165 80
2166 468
2166 1698
2166 215
2166 1699
2166 321
2166 1700
2166 208
2166 867
1375 589
1375 1127
1375 1701
1375 20
1375 1250
1375 21
1375 199
1375 653
1375 306
1675 328
2167 735
362 872
362 80
97 199
97 1702
97 1080
1623 0
1743 1703
737 98
287 534
287 50
287 750
836 295
836 786
836 1353
836 1704
836 954
836 441
1397 515
1397 1705
1397 101
2168 1706
2169 69
2169 234
2170 750
1813 870
672 407
672 484
672 87
672 817
1399 631
1399 1179
377 1109
377 841
614 118
21 51
21 71
21 807
21 580
21 312
21 1707
21 468
21 1708
21 495
21 437
21 129
21 20
21 315
21 199
21 41
21 947
21 104
21 473
21 225
21 656
21 19
21 1375
21 1683
21 1365
21 735
21 692
21 1709
21 178
21 962
21 1710
21 36
21 905
21 360
21 94
2171 125
560 90
560 199
560 105
560 560
560 170
725 204
725 1234
725 1199
725 1711
725 777
725 221
725 394
725 1712
725 479
725 903
725 154
725 1168
725 1
725 1360
725 1713
725 1714
2172 798
2172 523
2172 37
2172 394
1544 215
1176 38
1176 1607
1176 90
1176 492
686 641
686 980
686 1195
766 1043
1805 1715
2173 684
1153 46
1153 197
1153 1716
1153 279
1153 485
1153 1011
985 1717
985 197
985 604
2174 1718
1182 90
2175 1719
2176 900
2177 1398
173 980
173 946
173 1720
173 301
730 779
730 730
730 386
730 850
87 1721
87 1722
87 1256
87 102
87 672
485 855
485 996
485 479
485 39
2178 227
93 1469
1723 1723
1160 277
1499 1110
2179 273
2179 468
256 701
256 443
256 914
256 721
256 175
256 389
1030 1724
1030 1138
1030 687
1030 1725
1030 71
1030 86
1030 1726
1030 1727
1190 90
1140 651
813 273
1289 442
1289 458
1289 402
101 944
101 1728
101 727
101 556
101 1729
101 1397
596 627
828 1730
879 622
833 631
783 456
749 337
683 676
683 1292
683 251
1094 178
70 211
70 271
70 1731
551 329
551 404
551 204
1472 811
1472 459
1472 718
2180 380
1098 178
38 1110
38 1732
38 1555
38 20
38 346
38 1073
38 1176
38 1424
38 137
38 515
38 124
38 19
38 1112
38 322
38 493
38 340
38 178
38 462
38 24
38 478
38 263
38 389
38 791
2181 1685
2181 1028
791 1733
791 38
791 167
791 350
26 554
26 248
26 209
26 468
26 90
2182 69
2183 1734
632 1735
632 51
632 215
632 194
632 632
632 89
632 919
72 1513
72 1736
2184 334
1256 19
1256 87
167 939
167 204
167 1556
1138 772
1138 1030
346 139
346 90
346 1449
346 197
346 1737
346 249
346 47
346 468
346 25
1762 102
344 146
344 1738
538 22
2185 1739
2186 1331
2186 1740
64 1261
859 1536
859 90
859 1741
2187 674
1703 1605
1703 1742
1703 1743
2188 130
2188 143
365 716
2189 36
1096 178
1269 925
1269 98
1269 1744
1269 176
958 125
958 171
602 673
602 89
1706 656
694 697
1252 264
2190 1398
931 1484
931 192
931 1128
931 1420
931 1485
931 735
931 736
931 1745
2191 380
967 414
967 739
1159 277
150 36
2192 80
1281 199
1281 141
1281 673
1281 101
122 124
1678 919
1195 211
1195 215
1195 300
1195 745
1634 1633
945 90
945 509
49 48
1573 1579
1573 1746
1615 1747
2193 1748
2193 157
2193 322
2193 34
1029 1724
2194 1380
1791 407
839 830
839 472
839 901
839 1749
1479 462
2195 225
951 509
951 178
922 1577
922 1424
922 1369
922 1750
1163 529
638 1441
638 205
208 549
208 294
208 60
208 1751
208 1206
208 275
208 714
208 905
208 1254
208 54
208 306
208 398
208 1039
208 1578
208 484
2196 1752
2197 199
2197 1689
1151 57
1151 479
1401 1377
1401 1179
1401 1753
225 92
225 1754
225 642
225 886
225 225
225 148
20 767
20 294
20 881
20 984
20 20
20 443
20 1645
20 1755
20 1756
20 468
20 791
20 1011
1437 230
1038 190
644 148
644 221
759 524
759 221
760 443
760 920
760 150
760 221
760 33
760 286
760 1581
760 1112
760 1757
102 464
102 1330
102 874
102 856
102 1758
102 1723
102 1583
102 1759
102 855
102 489
102 1495
102 90
102 1760
102 1761
102 470
102 1218
102 54
102 80
102 519
102 1179
102 1762
102 1741
102 515
102 1425
102 98
102 745
102 682
102 101
102 19
102 556
102 1375
102 1355
102 170
102 0
102 75
102 135
102 107
102 960
102 657
102 39
102 221
102 1017
102 526
102 1416
102 34
102 148
102 389
102 1469
102 609
102 951
1549 35
1799 612
1319 1305
1034 1532
1034 126
1034 115
1034 86
1232 33
451 104
451 90
135 436
135 489
135 466
135 102
135 1763
135 940
135 194
135 499
135 281
135 92
135 537
135 1764
135 37
135 739
135 1765
135 44
585 1766
1582 379
1672 522
1709 962
2198 1767
1774 34
1774 912
634 1768
634 409
634 910
634 1380
2199 90
2200 1769
2201 337
1727 1030
832 0
832 75
832 23
832 807
680 587
247 480
247 1770
247 1771
247 175
247 1772
247 723
247 1496
2202 19
2203 54
1418 1452
1418 277
1418 657
1418 1391
1418 1773
1418 1018
1418 105
1150 724
1150 508
1150 80
1353 293
590 19
68 575
68 36
68 90
68 271
68 1516
203 1561
912 1527
912 90
912 1774
912 1775
912 494
912 300
912 1271
912 199
912 88
912 507
912 297
912 617
1470 811
379 32
379 446
379 4
379 190
379 339
379 33
379 1776
379 34
379 1328
379 322
379 668
693 701
693 143
693 20
693 864
693 984
1161 735
1161 337
1161 126
1161 105
1161 634
2204 824
1490 1164
1773 1777
1404 1778
2205 1304
2205 78
2205 249
74 143
695 523
386 288
386 34
386 1171
386 730
1519 213
2206 18
2207 27
667 190
667 385
667 3
2208 684
1679 380
66 393
1412 67
1412 1403
1719 218
2209 125
1384 631
1384 1779
1384 27
1088 178
2210 143
1726 1030
2211 382
723 247
723 1324
723 1780
723 1199
2212 81
610 44
483 547
483 271
1507 1781
1311 457
1311 1782
1311 991
1311 143
2213 1783
2213 715
48 126
48 89
48 235
48 1595
48 1460
48 1784
48 94
48 1447
48 1566
48 692
1022 202
1022 890
1022 849
1022 830
2214 714
5 1785
5 290
698 523
1154 1786
497 484
497 1045
497 97
497 1787
1742 1703
2215 89
1530 894
1530 692
1530 143
214 1788
214 1789
214 1790
214 23
214 216
214 833
214 1265
214 248
214 1038
1059 178
1584 779
240 292
2216 64
2217 98
2218 516
407 1791
407 1792
407 172
407 144
407 672
2219 402
1579 1573
1293 1793
1293 1111
1213 89
1213 802
436 34
1459 47
903 649
903 552
903 677
903 69
903 558
903 154
903 160
903 1
903 725
903 234
903 648
234 552
234 190
234 558
234 842
234 903
234 322
234 748
1804 490
1804 1312
2220 140
1648 155
46 376
1391 1418
418 172
2221 223
2221 887
2221 51
2222 503
582 641
582 805
582 37
582 1794
2223 626
528 22
2224 190
2225 125
647 1
647 472
776 1003
776 1795
490 488
490 273
490 477
490 251
616 91
616 141
850 174
850 1796
850 1022
2226 692
1245 1496
2227 183
2227 629
2227 80
2228 110
1463 98
2229 1797
1570 514
1570 171
1570 477
1570 98
1403 318
1403 118
1403 1412
1168 1798
299 657
612 112
612 1799
612 80
2230 786
2230 725
2231 75
849 174
849 1022
1740 402
1502 129
73 1800
73 1277
1181 657
1181 54
838 954
677 676
677 552
677 69
677 727
677 903
677 668
1666 503
1290 1111
2232 90
282 69
282 172
282 496
282 1125
282 194
603 627
1586 346
1586 1307
1586 446
649 650
649 154
649 648
1694 1299
1694 1417
1694 1801
276 69
276 118
276 666
276 37
276 867
276 1317
276 107
1113 102
873 1802
873 380
1156 1555
1156 349
1156 130
1156 957
2233 724
1524 143
204 1457
204 340
204 777
204 834
204 213
204 648
204 236
204 227
204 647
204 86
204 586
204 76
204 558
204 901
204 645
204 725
204 167
204 668
204 1803
2234 1038
45 1460
2235 1594
1312 332
1312 1804
2236 80
1456 80
2237 493
481 76
481 1805
481 547
1374 1027
631 582
631 392
631 1577
631 568
631 161
631 1653
631 376
631 1806
631 90
631 273
631 1111
631 912
631 0
631 354
631 89
631 802
631 1381
631 1807
631 27
631 33
631 252
631 211
631 263
631 44
2238 1808
1382 59
1121 1304
597 627
1786 1154
1476 1016
65 104
65 1111
65 1239
65 393
2239 1173
1338 433
1338 507
1338 537
2240 201
740 218
211 705
211 1373
211 143
211 741
211 1809
211 350
211 480
211 157
211 714
211 90
211 1810
211 1578
211 1811
211 199
211 190
211 1175
211 475
211 631
211 225
211 1195
211 19
211 294
211 107
211 70
211 926
1360 1670
957 125
957 1812
957 16
870 822
870 1813
870 1211
870 441
872 607
872 482
872 362
872 90
872 204
