0 0
0 1
0 2
0 3
0 4
0 5
0 6
0 7
0 8
0 9
0 10
0 11
0 12
0 13
0 14
0 15
0 16
0 17
0 18
0 19
0 20
0 21
0 22
0 23
0 24
0 25
0 26
0 27
1707 28
385 29
35 30
35 31
35 32
35 33
35 34
35 1
35 35
129 36
129 37
129 38
129 39
129 40
129 41
129 42
129 43
1708 44
1708 45
402 46
402 47
402 48
402 49
1506 50
1506 51
1506 52
1709 53
812 54
135 55
135 56
1710 57
1710 50
1711 58
1711 16
1711 59
1711 60
965 61
965 62
924 63
924 64
924 65
1712 66
711 67
1218 68
1218 69
764 70
764 71
764 72
764 73
1366 53
1366 74
798 11
798 75
798 69
798 76
798 77
337 78
337 24
851 36
851 79
851 80
851 81
851 82
851 83
851 84
851 85
851 86
851 69
851 87
88 88
574 89
574 90
955 91
955 92
955 93
968 94
968 95
968 96
968 97
968 98
968 99
968 100
968 101
1076 73
1076 102
1076 103
1076 104
1076 105
1076 106
1076 107
1076 108
1076 109
1713 110
1714 111
1715 112
1024 113
1024 114
1024 115
1024 116
602 117
602 118
602 119
1278 120
997 121
997 122
997 123
378 124
378 125
378 126
378 127
378 128
378 10
348 129
348 69
935 130
935 93
1333 131
1494 57
1210 132
1210 133
1716 134
56 135
56 109
56 136
58 137
58 138
172 50
172 139
172 140
172 141
172 142
172 143
172 144
172 145
172 146
172 10
172 57
172 147
172 125
172 148
172 149
172 70
172 150
172 151
172 152
172 153
172 154
172 155
172 156
535 157
535 158
535 159
979 160
979 161
979 162
979 68
30 127
30 163
30 164
30 165
30 166
1436 90
1717 109
1718 167
1718 140
154 65
154 50
154 73
154 168
154 169
154 9
154 170
154 171
154 172
154 173
1719 174
34 175
1720 176
1417 177
262 178
262 179
262 180
262 181
262 182
958 183
958 184
958 69
1721 69
1722 101
1090 70
1090 73
1090 185
1300 186
1300 151
1300 124
1300 187
217 188
217 189
1723 125
1724 190
1724 191
1724 93
1724 192
877 193
1725 194
293 195
293 196
1726 166
752 197
752 198
707 48
707 199
1270 200
1270 162
1727 91
507 201
652 202
652 203
652 204
652 156
1600 152
1600 205
1600 67
1600 40
1600 206
1600 74
1728 207
559 208
1729 185
1037 209
1730 210
60 211
60 6
1357 212
1357 213
219 214
1731 215
189 53
189 216
189 217
189 218
1694 104
691 219
1732 220
257 146
257 221
639 222
639 223
639 160
639 224
17 0
17 225
1733 226
1157 226
553 188
553 227
332 228
332 229
332 230
332 125
332 231
1370 232
1447 233
1291 5
1291 234
714 235
26 0
26 236
1147 213
1147 237
1345 238
929 225
1635 239
506 240
506 241
506 242
1041 209
1425 37
59 243
59 244
59 56
1395 117
618 245
1274 246
1734 247
470 248
470 249
470 250
470 251
470 206
470 232
470 252
470 55
470 253
470 215
1096 33
327 24
1583 3
1253 254
1253 255
1253 256
221 127
221 257
221 258
1735 259
180 260
180 261
180 262
180 263
180 264
424 212
316 24
1074 265
1074 66
1074 16
1074 8
1074 69
1451 266
649 267
649 268
649 269
1488 270
1488 25
689 46
1736 271
272 272
1737 273
340 24
1304 191
401 274
476 275
476 276
476 170
476 69
476 277
476 278
1022 130
1022 279
483 93
596 127
596 280
515 281
643 282
643 9
643 223
643 283
643 284
643 285
643 286
1738 50
1739 287
195 288
195 160
195 289
195 290
195 0
195 291
195 292
195 293
195 294
195 295
195 296
195 69
195 297
195 298
195 299
195 27
195 300
126 301
126 302
126 69
1231 303
1740 243
1740 211
148 215
148 169
148 304
1137 305
1180 8
1467 25
1302 306
1302 232
552 188
492 307
530 308
530 10
1741 57
1741 109
1742 151
484 309
484 307
484 310
24 216
24 311
24 312
24 313
24 314
24 315
24 316
24 317
24 318
24 319
24 320
24 321
24 322
24 73
24 323
24 324
24 325
24 326
24 237
24 69
24 10
24 24
24 284
24 327
24 328
24 329
24 330
24 331
24 16
24 223
24 332
24 333
24 334
24 335
24 160
24 336
24 215
24 337
24 338
24 339
24 109
24 232
24 55
24 233
24 340
24 230
884 212
884 341
1743 223
1310 124
1310 173
1310 342
1100 243
1100 8
343 343
1744 90
617 50
767 45
767 344
767 345
767 296
767 192
767 346
629 117
629 347
629 348
629 222
629 349
629 350
629 351
629 352
629 50
629 65
629 353
629 354
629 303
629 355
629 356
629 35
629 357
1745 74
1746 358
1746 359
1478 360
1365 361
1747 362
859 363
859 93
1401 364
1500 365
1500 366
291 367
291 191
291 368
291 188
291 246
291 369
291 251
291 370
291 371
291 61
291 73
291 195
291 372
291 296
291 57
291 215
291 373
291 238
291 374
291 375
291 376
291 377
128 378
128 379
1070 380
766 381
766 382
766 383
766 384
766 70
766 16
766 385
766 37
766 386
766 387
766 388
1614 389
586 390
1326 391
1389 392
1389 393
599 394
495 122
495 93
479 307
1 395
1 37
1 396
1 177
1 7
1 93
1 320
1 292
1 397
1 398
1 3
1 399
1 35
274 305
274 400
274 401
49 47
49 215
49 402
1748 403
1749 404
212 405
212 304
212 406
212 407
212 408
212 409
212 190
212 410
212 104
212 411
212 412
212 3
212 413
212 414
212 415
212 416
212 417
212 418
212 419
212 420
212 421
212 422
212 423
212 424
212 93
212 425
212 426
212 427
212 428
212 429
212 183
212 430
212 29
212 431
212 432
212 433
212 434
212 435
212 436
212 437
212 438
212 439
212 440
212 441
212 442
212 443
212 444
212 445
212 446
212 447
212 448
212 449
212 450
212 451
212 452
212 101
212 453
212 454
212 455
212 456
212 199
212 457
212 458
212 459
212 180
212 460
212 461
212 462
212 363
212 463
212 230
800 464
735 465
735 466
735 92
735 467
735 468
1750 262
253 57
253 469
253 286
253 125
253 470
1557 471
939 472
939 391
986 7
986 207
986 473
986 474
606 57
606 475
606 256
1751 185
1573 388
1058 476
1058 342
1058 10
1058 477
1058 196
1058 478
1314 39
1752 291
333 288
307 479
307 30
307 480
307 481
307 482
307 483
307 214
307 122
307 263
307 484
307 485
307 486
307 475
307 487
307 69
307 346
307 488
307 489
307 70
307 490
307 491
307 471
307 403
307 492
307 493
307 109
307 130
307 494
307 495
1753 271
521 93
521 10
276 33
276 496
276 497
276 498
276 476
989 499
989 500
989 3
287 501
287 502
239 503
298 504
1754 251
706 370
685 69
685 505
685 16
1173 67
240 506
1607 146
381 507
1566 283
1566 253
84 253
84 50
84 249
1141 113
1141 508
1755 55
429 509
429 368
429 277
429 346
429 510
429 511
1062 512
10 50
10 296
10 62
10 313
10 480
10 513
10 514
10 515
10 281
10 471
10 516
10 517
10 518
10 519
10 520
10 73
10 521
10 224
10 195
10 522
10 69
10 191
10 57
10 511
10 523
10 147
10 524
10 525
10 526
10 151
10 527
10 528
10 223
10 155
10 160
10 529
10 530
10 531
10 292
10 459
10 356
10 24
10 378
10 532
10 533
10 534
10 535
10 536
10 172
10 537
582 37
582 30
582 538
582 539
582 70
582 540
582 185
582 541
582 511
1285 542
1285 543
1285 232
1756 231
622 487
622 480
622 544
622 50
1757 545
1610 9
241 506
1094 509
1094 215
1094 24
1094 175
611 546
668 547
1369 73
1369 480
1369 70
1369 93
1369 232
1369 3
188 405
188 548
188 217
188 549
188 127
188 291
188 93
188 550
188 551
188 386
188 552
188 553
1758 243
895 113
895 554
1034 555
565 556
565 557
1471 449
1471 315
1759 512
1033 558
1033 181
1033 391
1563 559
1563 560
1539 267
1539 73
1539 561
1539 562
787 472
1760 237
1086 73
1145 153
1516 563
1516 255
1516 564
557 565
557 566
657 101
657 567
657 568
1453 369
1132 569
1132 570
1132 167
1132 67
1132 309
587 571
1761 199
1761 422
1762 572
1763 167
1181 573
853 574
853 37
853 73
853 16
853 575
853 576
1764 38
1765 271
1765 167
1460 577
1460 578
540 579
540 103
540 580
540 581
540 582
1766 212
1767 73
338 24
1768 16
1769 157
4 251
4 0
4 583
4 93
600 584
600 394
1770 10
520 585
520 50
520 163
946 341
920 167
757 137
1771 586
571 587
1772 588
1021 589
1021 55
1021 590
1001 91
1328 591
1773 592
1773 269
1774 288
1168 510
394 593
394 151
394 594
394 595
394 596
394 122
394 597
394 106
394 598
394 599
394 563
394 600
1260 601
1260 168
1260 602
1260 67
1775 148
898 191
898 554
303 603
303 604
303 605
303 283
303 363
303 69
475 606
475 607
956 608
1247 96
1776 609
1134 610
1134 611
1134 508
1777 354
50 71
50 612
50 171
50 613
50 614
50 615
50 143
50 616
50 617
50 618
50 619
50 237
50 487
50 620
50 69
50 10
50 57
50 621
50 622
50 623
50 127
50 158
50 624
50 625
50 626
50 106
50 153
50 154
50 627
50 628
50 160
50 629
50 630
50 631
50 172
50 632
50 74
50 309
50 633
1778 29
190 634
1779 629
1385 635
1385 64
1385 636
1780 637
222 335
222 533
222 638
222 629
222 127
222 146
222 361
222 639
222 103
222 292
222 346
222 387
222 640
222 125
222 21
1239 286
469 423
469 253
14 291
14 286
984 69
952 258
952 641
952 642
952 74
952 10
952 643
1507 212
1781 47
1782 226
583 644
583 229
583 10
583 125
1577 5
1783 645
1283 646
1283 647
379 648
379 649
379 650
379 509
379 16
379 128
379 651
379 91
379 233
379 103
1784 37
1562 560
406 212
203 652
203 357
843 653
1785 136
887 64
887 654
887 554
887 655
101 656
101 657
101 658
101 659
101 660
101 127
101 661
101 140
101 662
101 212
101 663
101 664
101 665
101 666
101 232
101 195
101 0
12 0
12 319
12 597
995 667
995 668
995 140
995 669
995 171
995 256
995 109
995 670
995 671
1786 69
1191 672
945 673
945 674
1311 675
1311 164
1311 676
444 601
444 7
444 677
444 52
444 237
1787 0
885 678
885 679
1156 38
1156 104
1156 680
1788 69
1789 659
1790 50
1186 67
1791 681
1308 682
1308 533
1308 50
1308 683
1308 684
1308 173
949 685
949 508
949 686
428 687
428 422
428 561
1570 688
164 689
164 103
164 690
164 268
164 69
164 18
164 691
164 388
164 215
164 286
164 692
1212 386
1792 693
320 694
320 695
320 24
320 526
1007 696
1007 482
1793 543
1793 315
1794 697
373 93
825 377
1232 214
1391 698
1307 127
1307 447
529 699
529 535
529 700
529 10
1795 125
886 701
1476 487
1012 55
1012 369
1012 124
1012 702
1012 703
971 704
376 160
376 313
376 146
376 291
376 70
376 705
376 596
376 706
376 263
376 350
1050 185
1796 707
534 708
534 709
534 388
1797 710
1798 183
708 711
62 712
62 278
62 713
62 714
62 390
62 715
62 716
62 717
62 442
62 718
62 104
62 69
62 10
62 719
62 524
62 377
923 636
923 720
923 563
923 721
923 65
923 722
923 192
923 723
923 724
923 359
923 578
923 725
1048 185
1120 215
323 24
323 145
1362 496
1799 726
1368 727
1368 232
1368 728
834 181
1800 290
1800 125
1281 482
1520 729
1520 730
1520 731
716 535
716 62
1251 33
1801 732
1010 248
1010 720
1010 465
1010 192
1010 563
1010 733
468 183
468 734
468 735
1430 111
1430 37
832 533
832 459
975 736
975 64
975 737
975 297
975 738
975 65
975 655
1615 739
1615 16
1233 740
1233 110
1233 741
777 650
777 93
777 113
777 90
777 10
777 220
900 742
900 215
1655 743
1413 475
1413 69
911 744
911 61
911 745
774 335
774 746
1027 151
1027 113
1027 368
646 533
1706 55
1706 284
874 747
874 105
874 670
874 420
1802 93
423 469
996 748
996 255
996 634
996 655
260 749
260 180
1670 750
862 751
1656 752
1316 215
1316 140
70 367
70 753
70 191
70 754
70 124
70 755
70 101
70 520
70 756
70 7
70 757
70 758
70 759
70 582
70 161
70 760
70 761
70 762
70 288
70 763
70 307
70 764
70 765
70 376
70 766
70 233
70 172
45 767
45 768
45 444
1407 46
1407 769
1407 770
687 428
909 771
772 103
772 430
772 69
772 516
772 772
772 773
335 222
335 195
335 774
220 775
220 191
220 619
220 762
220 776
220 777
220 692
1006 91
1006 185
1006 386
1803 10
567 778
103 675
103 361
103 779
103 379
103 125
103 780
103 781
103 164
103 642
103 737
103 782
103 509
103 394
103 124
103 783
103 772
103 363
472 784
472 125
472 345
472 785
472 521
472 93
472 786
472 787
472 698
605 303
605 788
605 69
605 789
1804 790
289 117
289 791
289 792
289 195
289 793
289 794
289 294
289 795
159 796
159 157
1490 57
1490 797
1490 16
1805 379
1806 798
1807 799
464 800
1103 723
1103 570
1459 801
1459 258
1459 802
425 93
546 653
1808 803
1809 804
1479 805
815 5
815 806
815 269
815 807
815 69
815 808
815 809
158 535
158 50
158 69
1512 258
1512 810
1512 10
835 459
54 682
54 811
54 812
54 96
1621 813
808 814
808 815
1431 816
1431 37
1431 140
631 93
631 394
631 230
631 50
631 817
377 176
377 291
377 96
377 720
377 146
377 818
377 819
377 820
377 821
377 822
377 270
377 823
377 198
377 824
377 825
377 278
377 826
377 827
377 167
301 126
312 283
312 828
242 9
242 506
1810 723
1810 162
1811 125
1235 829
1235 110
459 628
459 830
459 212
459 704
459 73
459 831
459 832
459 352
459 833
459 151
459 104
459 834
459 10
459 835
459 46
459 836
459 511
459 837
459 519
374 838
374 37
374 839
374 840
374 841
374 291
374 737
374 251
374 69
374 153
374 842
374 818
374 346
653 546
653 843
653 74
64 243
64 359
64 724
64 105
64 578
833 844
833 459
794 289
1408 46
252 732
252 104
252 845
817 291
817 846
817 191
817 847
817 631
817 575
817 848
817 849
817 850
817 35
817 527
87 233
87 696
87 185
87 35
87 851
937 852
937 578
980 694
1812 289
1813 93
1814 522
575 853
575 854
575 817
1075 357
1075 855
1075 391
1075 856
1075 105
1377 857
1377 858
1552 176
1552 449
1552 104
1552 16
1031 614
1279 7
1279 74
1163 347
1163 487
1163 859
1163 230
1815 860
1816 173
1816 629
969 290
969 861
969 524
969 731
751 534
751 0
751 862
1817 863
462 212
904 864
904 865
572 104
572 283
572 225
572 69
572 125
1140 866
970 134
970 867
970 288
970 868
970 573
970 869
970 870
745 23
745 357
745 10
745 237
1818 37
1819 125
593 871
593 73
593 191
593 394
593 185
593 817
593 614
1820 872
1821 873
747 874
747 196
747 93
264 193
264 209
264 35
1822 25
448 875
1196 57
1196 105
1823 69
1823 876
193 675
193 877
193 382
1824 878
1824 69
1649 879
1331 880
1331 215
1331 881
229 776
1221 69
1135 206
1825 138
271 507
271 882
488 534
488 307
1252 256
678 883
678 884
678 422
678 885
678 263
1826 719
1827 146
701 74
701 886
663 101
1828 887
525 888
525 10
1698 889
1036 215
1036 209
1036 155
313 101
313 86
313 890
313 10
313 891
1584 332
585 892
585 124
585 263
585 893
1829 894
1830 37
603 303
554 243
554 895
554 896
554 125
554 421
554 654
554 897
554 269
554 357
554 898
554 887
554 899
554 545
1831 72
408 146
742 879
742 900
1529 901
1529 902
1580 903
1580 597
1580 67
710 37
710 192
864 904
864 109
864 627
864 905
864 746
1325 166
528 906
528 73
528 907
528 16
528 67
528 315
528 10
528 908
528 524
528 614
771 909
771 234
771 16
771 910
684 140
1626 498
744 57
744 911
494 307
1224 912
1224 429
1224 538
1832 243
1833 140
551 188
927 913
1204 160
1204 215
1204 93
914 914
914 915
914 73
914 237
504 298
1834 916
1195 917
1195 766
1195 334
1835 918
1835 817
1083 73
1083 125
167 560
167 919
167 78
167 920
167 251
167 69
167 921
1424 37
724 64
724 922
724 857
724 923
724 924
724 105
724 887
724 925
724 578
724 926
414 73
913 176
913 57
913 927
913 928
913 227
225 929
225 667
225 17
225 930
225 18
225 563
225 65
1836 99
1837 125
932 931
932 932
1582 933
1582 934
1582 935
318 936
318 937
1838 938
1839 939
1839 114
1172 940
350 191
350 376
350 941
446 942
138 58
1840 943
1420 944
1292 156
341 884
341 239
341 853
341 945
341 946
281 515
281 10
47 49
47 473
1432 568
1432 692
686 947
686 948
686 819
686 949
686 793
700 353
700 529
1841 50
976 46
976 69
976 950
258 171
258 951
258 108
258 447
258 952
1405 953
1405 954
608 955
608 956
183 468
183 957
183 863
183 162
183 958
1632 339
1842 487
636 635
636 64
636 923
636 63
636 959
636 357
636 359
636 925
636 960
636 937
1560 0
1560 961
1843 391
1843 116
1844 962
1844 59
1845 963
1846 964
449 212
449 223
449 394
449 103
985 610
628 496
628 965
628 50
628 192
628 966
628 303
628 215
628 967
628 69
1183 177
100 968
524 969
524 154
524 10
868 970
704 57
704 971
704 511
704 69
704 459
1216 69
1847 631
1848 643
1559 972
1559 973
1559 974
1559 975
1559 18
950 857
950 374
950 976
1201 160
811 977
804 978
875 898
1849 601
1849 979
1849 50
1849 10
694 980
694 73
694 798
694 369
694 268
694 679
1850 981
1851 73
786 472
786 256
786 982
994 983
994 67
1852 984
1250 733
251 374
251 470
251 140
251 473
251 25
251 57
251 985
251 4
251 307
251 986
1511 183
1853 148
1194 987
1194 988
500 989
246 69
246 192
513 990
513 793
513 513
513 292
513 46
513 991
1374 992
1854 993
1854 172
983 994
1339 223
355 347
355 286
355 629
142 233
746 864
746 774
634 995
634 720
634 190
634 92
634 482
634 996
634 104
634 460
121 997
1855 390
346 998
346 760
346 374
346 222
346 146
346 999
346 288
346 172
91 1000
91 955
91 765
91 379
91 1001
91 1002
91 1003
91 587
91 571
91 857
91 1004
91 69
91 1005
91 1006
1240 286
1164 347
1164 1007
1068 1008
1068 1009
1068 1010
1045 480
1045 185
1045 1011
703 1012
1295 109
114 63
114 359
1856 5
1567 104
1567 8
1567 1013
1567 192
1313 456
1313 1014
1313 1015
1313 10
1175 1016
736 1017
736 19
736 269
1857 1018
1857 854
375 1019
1858 1020
589 682
589 1021
130 30
130 1022
130 67
130 705
130 69
130 1023
130 57
130 935
227 677
227 124
227 496
227 482
227 915
227 553
227 723
227 566
227 913
1200 160
79 851
1859 770
113 1024
113 243
113 895
113 636
113 73
113 1005
113 1003
113 1025
113 1026
113 1027
113 105
113 777
113 855
113 1028
977 69
1860 1029
614 50
614 73
614 148
614 1030
614 818
614 16
614 491
614 705
614 1031
245 1032
181 1033
181 471
181 1003
555 1034
555 53
555 269
1222 69
1263 1035
209 560
209 37
209 603
209 1036
209 215
209 1037
209 16
209 140
209 1038
209 264
209 1039
209 69
209 464
209 1040
209 1041
209 614
209 307
1861 511
523 71
1619 931
1862 0
1117 11
1117 1042
1117 620
1863 1043
1863 1044
185 593
185 1045
185 1046
185 1017
185 1047
185 1048
185 339
185 86
185 447
185 87
185 1049
185 1050
185 746
637 770
1213 1051
1213 931
1213 1052
1213 1053
1864 546
1087 140
1087 73
453 465
453 564
1865 10
1211 140
1211 1054
1211 1055
1866 1056
1496 1057
478 9
478 1058
478 1059
478 130
478 1060
1867 719
1867 1061
1868 1062
1868 256
1126 127
1126 1063
1126 48
1126 192
1869 93
162 183
194 1064
1870 1065
827 46
827 368
827 1066
827 1067
97 968
926 724
1009 1068
1871 1069
1220 69
1872 69
380 288
380 1070
380 380
380 310
1873 73
175 799
175 143
998 1071
998 346
1154 1072
1154 7
1154 160
66 1073
66 763
66 1074
66 422
66 69
105 243
105 37
105 874
105 191
105 64
105 63
105 526
105 230
105 113
105 1075
105 854
105 1076
105 776
105 724
105 1055
105 1054
105 974
991 176
991 1077
991 824
991 513
1042 1078
1066 1079
1606 282
1298 1080
1298 16
319 176
319 30
319 1081
319 237
319 57
319 12
265 1074
73 1082
73 379
73 390
73 673
73 342
73 596
73 288
73 1083
73 1076
73 1084
73 1085
73 614
73 414
73 95
73 593
73 417
73 603
73 181
73 790
73 237
73 664
73 10
73 1086
73 253
73 764
73 837
73 1087
73 1088
73 905
73 127
73 1089
73 695
73 690
73 57
73 528
73 154
73 286
73 679
73 1090
73 853
73 1091
73 214
73 978
73 531
73 465
73 24
73 363
73 1092
73 1093
509 67
509 1094
509 29
509 125
509 547
1874 146
705 176
705 669
705 1095
705 1096
705 739
705 614
705 69
1416 1097
1223 146
1223 69
1875 140
243 1098
243 585
243 63
243 1099
243 230
243 9
243 554
243 1100
243 64
243 654
243 83
243 1101
243 105
243 573
243 698
243 233
243 378
243 334
243 59
243 974
806 1102
806 160
806 18
806 429
806 1103
1288 1104
993 181
960 636
960 1105
960 925
960 1106
96 345
96 669
96 171
96 1107
96 377
96 1108
96 91
96 215
96 196
96 1109
1876 313
1876 161
1143 243
1143 1110
1143 1111
1518 50
1015 644
1015 1112
1015 1003
1015 1069
1015 1113
1015 247
1015 303
1877 526
633 50
1878 293
516 772
516 286
516 277
516 218
1879 1114
77 798
1040 265
1040 96
1040 964
1040 1036
1040 1115
1040 209
1880 1116
1881 394
616 275
915 109
915 1039
620 1117
620 50
620 152
620 1118
1121 215
215 1119
215 1120
215 225
215 49
215 1036
215 38
215 673
215 737
215 237
215 465
215 192
215 470
215 1121
215 69
215 1122
215 1094
215 597
1624 1123
137 757
197 752
1882 125
1883 535
1025 574
1025 243
1025 895
1025 720
1025 1124
1025 113
1025 1125
1025 192
1025 100
1025 908
48 46
48 707
48 1126
48 402
1884 1127
588 534
588 403
962 704
962 1128
962 1129
962 380
1885 1130
1885 1131
569 1132
405 56
405 188
311 237
846 160
1886 864
1886 215
783 73
783 361
783 352
783 212
783 345
783 1133
783 363
783 1134
1887 127
1888 666
404 776
1683 699
1683 153
206 470
206 1135
206 959
206 391
206 733
206 1136
1177 238
107 1076
398 675
398 284
398 1
398 237
305 1137
305 1138
1387 1139
866 1140
218 1141
218 93
218 104
218 189
218 516
218 59
218 1142
1889 226
1110 1143
68 979
68 818
153 50
153 1144
153 564
153 251
153 1145
153 578
153 786
1890 215
89 574
1891 1074
1892 334
1017 815
1017 185
199 193
1546 963
1546 763
1546 686
855 113
855 1075
1686 861
1686 161
368 1146
368 429
368 180
368 1027
368 278
368 69
370 291
370 706
370 69
1499 673
122 146
122 495
213 212
213 1147
1893 1148
1455 53
1455 693
1455 1149
1894 176
1894 50
1894 533
1894 73
1894 854
1894 394
1894 614
1687 1150
933 366
933 1055
7 1151
7 61
7 361
7 73
7 1152
7 1153
7 70
7 491
7 1154
7 1155
7 986
7 1
7 1156
7 759
7 172
7 69
1895 923
226 284
226 9
226 76
226 1157
226 192
1896 765
1646 69
78 1158
78 630
78 167
357 1159
357 629
357 554
357 924
357 1160
357 1075
357 10
357 748
357 203
357 566
357 284
460 1161
460 538
460 99
460 634
460 54
460 582
1197 277
65 574
65 1162
65 416
65 720
65 1003
65 923
65 975
65 924
65 277
65 857
65 723
65 563
65 6
347 1163
347 271
347 69
347 1164
1275 1165
659 233
715 1166
715 1069
715 1101
715 604
715 101
715 679
715 388
210 438
510 606
510 888
510 1167
510 1168
510 104
510 232
510 46
510 57
1897 806
1898 682
1899 55
1899 469
367 1169
367 1065
838 374
1146 201
1146 368
1146 76
1146 62
1508 212
1564 192
1564 1106
1657 1133
1657 764
1657 67
1657 1011
6 65
6 60
6 140
6 667
6 1170
1900 55
1901 601
982 578
982 1003
1902 896
208 559
208 73
208 61
1371 1106
1903 1171
1904 237
940 1172
1905 1173
1905 983
1906 93
1016 880
1016 1174
1016 96
1016 67
1016 1175
1016 1176
1016 1177
1016 528
537 10
1907 67
1361 1178
632 50
263 585
263 37
263 73
263 678
263 146
263 491
263 376
1047 176
1047 185
486 146
486 67
486 307
486 227
94 968
94 765
382 193
396 1
8 165
8 1179
8 1180
1908 529
573 1181
573 243
573 970
759 174
759 7
1909 164
1701 1073
1701 125
1069 715
1069 543
1069 737
690 73
690 164
690 192
690 674
1910 1182
1373 658
1373 1183
1373 1184
1373 563
1373 1185
1373 992
1399 859
403 212
403 69
1230 206
1230 423
1230 361
1230 1186
1911 218
1095 1187
1095 1188
1912 772
1912 284
1912 1065
598 394
1913 574
725 465
725 923
725 1189
725 215
1641 473
31 677
31 35
1489 212
1489 229
782 103
666 1190
666 144
666 184
666 638
666 421
666 731
666 1097
666 625
666 101
666 230
666 321
672 1191
672 666
672 30
753 1192
176 377
176 129
176 308
176 313
176 499
176 1193
176 991
176 709
176 319
176 480
176 686
176 69
896 212
896 29
988 1194
1914 152
334 243
334 1195
334 24
334 53
334 803
334 1196
1594 563
1594 929
1594 8
1915 317
277 1008
277 476
277 191
277 151
277 429
277 959
277 809
277 516
277 1197
277 65
1393 1198
1393 1183
1916 36
1916 1199
1916 1076
1505 422
1505 9
160 1200
160 1201
160 50
160 335
160 846
160 290
160 255
160 195
160 979
160 1202
160 67
160 1154
160 376
160 24
160 192
160 10
160 883
160 284
160 1203
160 1204
160 256
1685 1205
155 1206
155 73
155 629
155 1036
155 394
155 10
1659 663
1659 1124
1917 69
906 528
906 169
906 1207
1209 1208
1209 1209
1101 715
1101 447
132 1210
268 164
268 315
268 153
1918 218
748 212
748 1211
387 222
387 1078
1537 61
1092 223
1092 73
682 73
1919 73
612 69
1920 1001
1474 480
386 507
386 1212
386 818
386 188
386 1006
1921 694
1051 1213
163 30
1922 212
1923 1214
650 516
650 233
650 18
821 377
821 388
69 50
69 1215
69 30
69 745
69 62
69 1143
69 164
69 612
69 1216
69 246
69 976
69 511
69 223
69 104
69 1217
69 370
69 485
69 471
69 237
69 570
69 176
69 374
69 195
69 476
69 719
69 8
69 705
69 542
69 192
69 10
69 1132
69 91
69 1218
69 101
69 215
69 348
69 1219
69 347
69 818
69 760
69 125
69 127
69 66
69 32
69 1220
69 496
69 854
69 1221
69 90
69 130
69 1222
69 772
69 220
69 307
69 628
69 744
69 335
69 752
69 922
69 1017
69 1223
69 21
69 1224
69 630
69 83
69 1225
69 24
69 851
69 57
69 977
69 285
69 1226
69 146
1924 1227
1924 309
1079 719
1079 564
1925 1228
330 24
623 50
1286 496
1286 329
1286 1229
1286 699
1286 335
1286 1154
1286 542
1286 1028
110 880
110 1230
110 1231
110 9
110 1232
110 1233
110 1234
110 1235
1926 212
1293 124
1293 1236
1293 818
1293 140
1293 337
1293 226
1293 827
286 1237
286 164
286 167
286 516
286 1238
286 355
286 278
286 518
286 73
286 237
286 24
286 232
286 1239
286 1005
286 941
286 14
286 125
286 253
286 303
286 1240
286 1241
286 1161
286 38
286 269
286 99
286 1242
286 1243
286 1244
286 356
286 643
545 185
545 153
1258 168
395 1
1344 24
1344 1245
1927 646
1928 167
283 283
283 621
283 226
1550 1246
1550 69
1550 942
655 857
655 975
655 654
655 365
71 520
71 1227
71 10
71 764
1929 1247
1929 62
1324 482
1930 163
344 767
344 291
1931 58
1932 195
1932 1228
1612 49
1612 1248
1418 566
1418 810
1418 188
1418 1249
1418 1250
33 1251
33 35
33 705
256 606
256 512
256 995
256 1252
256 352
256 1253
256 786
256 1254
256 160
256 4
256 1255
256 1053
256 57
256 941
256 1256
284 198
1933 1257
168 1258
168 736
168 96
168 131
168 0
168 342
168 46
168 1259
168 1260
168 1076
168 55
168 154
168 233
168 1261
1192 753
1192 1262
1934 1074
1934 1040
1035 1263
1035 1264
1035 1265
1935 93
454 212
1329 1266
269 73
269 125
269 191
269 21
269 140
269 158
269 705
269 555
269 772
269 726
269 633
23 1267
23 979
23 0
23 333
23 1003
1936 398
349 629
1937 1268
285 290
285 979
285 687
285 643
285 69
999 346
722 923
1938 1269
775 220
1939 876
200 1270
837 1271
837 1245
837 1272
15 0
416 212
416 65
416 708
416 9
1668 628
1668 1273
1668 1274
562 69
169 127
169 154
169 57
169 33
169 699
1165 1245
1165 1275
1165 1
1161 369
1161 1276
1161 671
1940 1277
1940 166
1940 140
120 785
120 1278
290 160
290 196
290 1279
480 176
480 1045
480 1280
482 1281
482 232
482 634
116 1024
116 1026
116 1282
116 950
141 172
1941 125
1055 921
1055 105
119 0
119 1283
119 10
2 56
2 1284
542 1285
542 995
542 699
542 737
542 103
542 111
542 69
542 1286
1208 264
1208 1209
1104 1287
1104 1288
1942 185
1008 365
1943 1289
1944 1290
1673 356
234 5
234 1291
234 1292
234 771
234 276
234 315
234 1293
234 136
860 100
255 50
255 160
255 1253
255 1294
255 996
255 776
1945 705
664 533
664 73
850 517
850 817
1946 136
1946 770
477 643
870 970
1947 1295
499 288
499 191
499 1005
499 193
550 188
315 1296
315 880
315 153
315 170
315 315
315 1072
315 223
315 230
755 188
1948 1297
422 630
1949 444
201 606
201 445
201 750
201 857
201 1146
201 223
201 284
201 363
201 133
143 50
143 25
143 175
1950 585
1951 64
1588 237
1080 1298
1080 361
372 1254
296 767
296 195
296 25
296 1272
1406 1299
1406 286
435 212
435 108
124 70
124 103
124 1012
124 109
124 363
124 1300
124 227
1207 176
352 783
352 629
352 459
352 356
254 1253
863 1301
863 1128
863 0
863 183
863 1039
863 10
863 1302
863 223
863 1303
863 1304
526 1305
526 37
526 105
526 10
526 443
526 57
526 320
447 1101
447 584
447 185
447 1306
447 1307
447 1304
447 561
173 1308
173 1309
173 1310
173 720
173 154
173 660
173 140
173 282
173 788
173 283
173 692
675 111
675 1311
675 103
675 193
675 398
1952 111
1952 86
861 969
861 247
1319 1312
594 394
594 160
1953 167
1953 67
391 1005
391 447
1954 995
443 37
443 526
1955 1103
1454 627
1014 1313
39 1314
39 673
39 475
39 1315
140 995
140 1316
140 269
140 737
140 140
140 251
140 723
140 566
140 209
140 172
1119 1317
1119 215
892 585
1628 1150
1312 1318
1312 1319
1238 1320
901 1321
1956 1322
1517 1234
1957 185
1613 277
1003 857
1003 1015
1003 256
1003 91
1003 566
1003 359
1003 1170
826 377
131 512
131 1323
131 1324
131 168
131 482
131 875
1142 218
1142 37
1142 707
1142 9
166 1178
166 1325
490 215
1958 593
1958 561
19 1326
19 924
19 0
19 1327
19 156
19 297
1435 90
1959 50
591 104
591 1328
591 1260
591 423
591 171
1266 1329
1266 134
1266 1330
109 56
109 699
109 695
109 151
109 915
109 961
109 1076
109 864
109 124
109 627
109 3
109 941
109 307
109 692
1960 249
1491 57
358 852
358 1317
358 115
848 817
1011 864
1011 628
1011 496
1961 1331
680 1156
1578 99
1578 1332
1578 253
1578 570
619 220
1962 1333
430 212
430 772
974 243
974 922
974 1075
974 105
974 738
974 1334
329 760
329 1286
329 1335
329 620
329 24
52 93
52 125
491 628
491 37
491 125
491 7
491 275
491 487
491 69
491 263
491 1336
491 65
491 307
1026 359
1449 1337
106 444
106 394
106 196
106 50
106 1076
1053 1338
1053 342
1053 57
223 1339
223 480
223 505
223 376
223 1340
223 10
223 24
223 284
223 3
223 196
20 0
1381 342
1963 1341
1963 409
1964 1245
1441 247
1441 1342
363 124
363 73
363 857
363 103
363 212
363 303
363 859
230 857
230 1003
230 1015
230 315
230 666
230 554
230 92
230 69
230 24
230 921
230 101
230 105
230 243
230 384
230 444
230 581
230 11
230 223
230 496
230 631
230 564
230 460
230 986
1256 1343
1256 1344
1256 256
1256 309
409 37
1102 1345
1102 806
171 258
171 1346
171 177
171 1347
171 995
171 74
171 1348
171 591
1378 857
1965 96
1965 1349
1965 1350
1965 737
1965 1351
1965 786
1965 344
1965 1352
1965 1353
1965 1183
1965 1354
1965 1355
511 704
511 207
511 459
511 10
511 11
511 541
511 1040
511 582
773 1341
773 772
773 1356
773 231
125 405
125 50
125 1357
125 222
125 69
125 11
125 37
125 249
125 1021
125 854
125 180
125 1358
125 288
125 1359
125 1360
125 103
125 465
125 509
125 55
125 387
125 1147
125 172
125 1028
1966 101
1178 127
1178 191
1178 1361
1178 786
1400 57
18 650
18 428
18 0
18 96
18 429
18 152
18 164
18 307
584 447
496 628
496 392
496 1286
496 276
496 1362
496 237
496 1363
496 69
496 46
496 471
496 1303
496 230
496 227
1262 570
1262 776
38 129
38 30
38 965
38 308
38 1364
38 1143
38 911
38 192
38 42
38 1156
361 732
361 37
361 1230
361 645
361 737
361 783
361 1080
361 165
361 1365
361 233
361 103
1967 1192
232 585
232 1366
232 658
232 3
232 699
232 146
232 662
232 1367
232 244
232 24
232 961
232 1368
232 1369
232 1370
232 286
1433 1371
1433 725
1433 1372
536 10
992 1373
992 1374
992 1021
992 992
1968 1105
1968 960
1968 391
1969 210
1970 73
857 63
857 936
857 708
857 471
857 201
857 420
857 145
857 1375
857 1376
857 1003
857 91
857 578
857 215
857 65
857 577
857 1377
857 723
857 921
857 1378
857 737
857 465
857 363
857 230
857 1379
342 1151
342 1380
342 73
342 1381
342 1058
342 151
170 154
170 476
170 315
170 16
170 9
317 1105
317 86
317 24
849 817
1971 195
1972 1382
1547 597
324 24
610 1134
610 985
610 172
610 1383
718 62
1052 1384
1608 146
1973 140
1170 667
635 1136
635 636
635 1385
1581 1287
1139 1297
1139 1189
1139 1386
1139 1387
847 429
847 1388
847 817
1073 1074
543 1069
111 883
111 675
111 56
111 542
1692 1389
1692 73
1692 1390
698 472
698 1391
698 1392
698 526
698 1393
1974 151
1975 185
765 1394
1976 251
1976 737
1976 372
22 22
22 746
1556 1202
1545 1287
42 38
42 161
42 73
198 151
198 284
198 377
198 76
198 226
117 1395
1977 637
780 1396
780 103
191 593
191 499
191 871
191 10
191 125
191 0
191 351
191 1361
191 158
191 105
191 898
191 817
191 760
191 1240
191 277
191 3
191 350
1978 772
1978 16
867 970
214 73
214 1073
214 1397
214 369
214 1398
214 1232
214 1399
214 219
214 215
214 307
613 50
613 817
1979 16
1129 1400
364 1401
420 1402
420 1403
420 1404
420 1375
420 212
420 857
420 810
420 472
420 874
954 429
954 1405
1254 176
1254 256
1299 1406
1299 263
670 577
670 874
670 566
46 104
46 496
46 513
46 689
46 168
46 402
46 783
46 1407
46 48
46 1408
46 473
46 704
46 510
46 713
46 511
46 976
46 136
46 827
46 25
1492 57
1492 882
1492 16
566 723
566 635
566 654
433 1409
1465 1410
1465 37
1465 374
1980 1411
1981 101
1981 468
1404 1412
1404 420
1982 1389
1983 890
1696 104
1043 1178
1043 770
267 363
267 649
267 1413
174 1414
174 16
174 1415
174 1080
174 1416
174 1298
177 216
177 1417
177 662
177 1418
177 385
177 1
1984 322
27 195
27 1419
27 0
27 1388
1985 1420
399 1
1986 1134
1987 512
1987 76
1988 677
1629 69
1989 1421
1394 765
1585 237
1663 29
1458 1422
1990 1210
1469 417
1338 1053
37 1345
37 50
37 1082
37 1283
37 263
37 609
37 383
37 642
37 76
37 1423
37 1
37 226
37 1424
37 1425
37 61
37 374
37 705
37 409
37 183
37 11
37 284
37 101
37 1426
37 582
37 676
37 818
37 249
37 125
37 1286
37 70
37 491
37 394
37 1427
37 1428
37 286
37 1429
37 853
37 1430
37 1431
37 1432
37 361
37 737
37 67
37 209
37 354
37 105
37 443
37 1433
37 524
37 230
1991 1244
697 1434
697 164
697 136
1077 275
1077 369
1077 991
1992 1106
90 574
90 1435
90 1436
90 1388
90 1437
90 169
90 69
90 1438
1993 582
1060 1022
1106 248
1106 1439
1106 164
1106 1189
1106 1371
1106 251
1106 915
1106 959
1106 735
1106 1440
1106 1441
1106 960
465 1442
465 1010
465 453
465 1403
465 720
465 1443
465 394
465 1444
465 339
465 1445
465 1039
465 192
465 930
465 215
465 65
465 73
1994 288
233 379
233 659
233 1274
233 619
233 361
233 737
233 31
233 87
233 91
233 1446
233 142
233 1447
233 1140
309 345
309 524
309 1005
309 369
713 46
713 1448
1144 1449
1236 1293
1236 308
1236 1450
702 1012
266 438
266 1451
266 780
369 1161
369 1452
369 214
369 1453
369 291
369 793
369 67
369 1012
369 915
369 968
369 156
369 1077
369 1254
369 694
369 283
369 101
369 307
369 1454
770 1455
770 712
770 368
770 110
770 1407
770 345
770 1043
770 1456
770 35
1995 1079
741 76
741 1233
1203 392
1203 160
1203 1457
1480 984
1480 762
1996 140
1372 1445
1372 921
1372 1189
1372 1433
1422 1458
1422 1459
578 63
578 64
578 936
578 923
578 8
578 721
578 1026
578 1460
578 937
578 723
578 724
578 359
578 925
1544 385
466 676
466 1461
1997 69
1997 489
1998 5
1998 695
1999 605
1602 1210
2000 171
2000 1462
1248 1463
1248 385
1248 1464
1248 1465
2001 177
2001 30
2001 320
21 1106
25 0
25 296
25 1466
25 1467
1114 212
640 127
640 222
1675 7
1675 1028
1509 1468
2002 10
502 287
390 73
390 96
390 191
390 62
390 1321
390 86
390 377
390 209
749 260
1535 86
2003 378
2004 682
1280 480
417 1469
417 1470
417 73
417 226
417 212
417 386
417 1471
2005 57
2006 445
196 523
196 789
196 1472
196 1473
196 96
196 290
196 840
196 126
196 783
196 747
196 694
196 109
196 1474
196 55
196 106
196 223
196 1475
196 1298
196 883
196 1476
196 1477
2007 1076
360 1478
871 191
805 1479
805 765
2008 55
762 775
762 777
762 70
762 220
762 1480
527 10
527 817
908 528
1305 526
1305 521
371 1481
371 291
2009 1003
2010 93
136 46
1554 275
1554 192
1554 854
1215 69
667 225
667 720
667 733
667 995
667 566
667 6
667 65
667 1170
2011 0
699 72
699 603
699 394
699 169
699 237
699 542
699 339
699 109
699 232
699 1197
699 1227
1167 510
1167 288
803 195
803 334
803 938
2012 206
517 1482
517 1483
517 1284
517 10
517 850
517 1040
732 1484
732 230
732 252
393 554
533 646
533 1308
1375 857
1486 1485
1486 1478
1486 1486
1486 124
1486 1487
270 1488
1118 152
1118 582
57 50
57 704
57 1489
57 164
57 342
57 1195
57 251
57 1490
57 1076
57 319
57 827
57 73
57 882
57 807
57 237
57 357
57 69
57 1491
57 1492
57 702
57 1079
57 1493
57 192
57 606
57 161
57 760
57 1494
57 1002
57 716
57 16
57 526
57 786
57 1495
57 169
57 1053
57 528
57 17
57 374
57 829
57 649
57 1229
57 91
57 291
57 23
57 1496
57 597
57 510
57 1497
57 130
57 227
836 29
836 1498
836 986
836 223
836 1103
836 545
673 215
673 1499
673 39
673 945
673 73
2013 510
249 601
249 470
249 37
249 125
308 1236
308 237
365 1008
365 1170
365 1500
365 655
2014 1428
2014 69
2015 1501
2016 1502
2016 480
2017 1313
723 635
723 140
723 735
723 578
723 1170
723 566
723 63
723 1103
696 87
696 1007
679 715
679 719
679 1085
679 55
679 885
679 694
679 1503
679 1504
1162 65
2018 1505
74 1279
74 50
74 760
74 95
74 164
74 350
74 642
74 16
74 1506
74 212
74 1507
74 171
74 597
74 997
74 1508
74 363
74 1076
74 1425
802 1459
2019 37
814 808
814 73
1063 1126
1468 1509
601 444
601 1510
418 1511
1160 357
2020 885
1330 1266
1330 783
2021 50
947 686
947 447
967 628
967 1512
621 499
621 1513
1667 369
1667 1082
1485 1514
1485 1486
1089 37
1089 73
1089 103
1023 130
2022 195
2023 1003
624 964
624 50
2024 1232
2024 761
1574 1104
1574 101
1574 1003
1599 165
1599 753
1202 160
1202 377
564 1515
564 230
564 1079
564 153
564 1516
564 173
359 923
359 636
359 64
359 1003
359 1026
359 114
359 723
359 578
1475 196
1234 1517
856 1075
856 738
856 922
1504 679
1131 1518
648 379
2025 185
1665 1519
1665 1235
351 191
351 819
351 686
351 237
731 666
731 1520
2026 126
959 277
882 1492
512 131
512 480
512 1474
512 176
512 1521
512 92
512 256
512 57
512 1218
512 1318
512 1522
512 1523
512 688
512 553
512 1524
512 1525
512 1432
512 737
512 247
512 315
512 1526
512 1527
1702 1515
421 170
421 32
421 1089
421 554
432 212
2027 252
785 1528
785 120
902 1529
595 394
590 55
590 345
590 1021
590 1114
590 1530
2028 526
1595 563
1627 1531
737 361
737 857
737 975
737 1014
737 1532
737 140
737 37
737 103
737 542
737 171
737 391
737 642
2029 570
807 1313
807 815
807 513
807 189
807 57
807 319
807 570
1334 974
216 177
544 622
1631 677
1631 1533
538 1224
538 460
538 582
2030 191
2030 1232
2030 73
2030 10
86 1534
86 390
86 1535
86 863
86 69
86 185
86 851
810 1418
810 1512
810 420
1049 1049
1049 185
1481 92
1481 1114
2031 86
61 37
61 750
61 7
61 195
61 291
61 911
61 212
61 1536
61 339
61 1020
61 24
61 57
61 1537
61 881
61 880
1364 38
660 37
660 173
824 1044
824 377
98 968
98 311
98 614
98 125
98 25
1071 998
2032 369
438 1538
581 540
581 1387
1358 55
1358 303
1358 125
1427 37
1303 1356
1303 496
1303 863
1303 851
1514 1485
1514 92
1514 247
1514 152
1514 758
1514 974
2033 50
1437 90
561 212
561 124
561 428
561 1539
561 447
561 1134
1214 423
907 528
907 35
669 1540
669 1541
669 96
1419 27
93 465
93 369
93 472
93 1
93 1542
93 422
93 1204
842 374
11 1543
11 511
11 230
11 125
2034 1544
763 66
763 1545
763 1546
1360 125
2035 588
207 511
207 986
207 474
1510 601
1113 1015
295 195
295 308
597 801
597 37
597 1547
597 168
597 1337
597 765
597 57
597 12
2036 739
899 1548
899 1549
899 554
1000 1000
1000 699
1000 1390
1000 91
2037 600
1605 282
2038 69
2039 1515
1136 635
1503 160
1503 679
426 729
426 237
1246 1550
644 0
644 1272
644 1015
644 493
644 1551
644 583
644 1552
644 1076
644 528
644 837
839 374
1540 720
1540 151
1540 1553
1540 74
1540 669
2040 1301
2041 193
1318 512
1318 765
730 1520
730 1287
392 496
392 1389
392 637
2042 1192
32 69
32 421
854 1554
854 675
854 343
854 125
854 720
854 997
854 717
854 575
854 105
854 1056
854 223
854 69
1059 478
625 50
625 230
625 237
471 1555
471 857
471 181
471 1556
471 496
471 185
471 10
471 1557
471 307
322 1558
973 1559
2043 1073
1255 589
1255 1062
397 1
1409 433
1367 1441
1367 232
1241 286
961 585
961 1560
961 291
961 1561
961 232
961 1145
560 1562
560 385
560 127
560 1563
560 1337
560 178
560 167
560 447
2044 247
92 512
92 161
92 853
92 634
92 1123
92 218
92 157
92 1473
92 955
92 215
92 561
2045 227
186 187
192 923
192 1126
192 1564
192 1565
192 1566
192 226
192 69
192 563
192 215
192 695
192 1025
192 690
192 394
192 332
192 1567
192 628
192 1442
192 160
192 1010
192 470
192 465
192 38
921 857
921 577
921 1055
921 167
921 1372
921 449
921 101
921 230
1019 1568
1019 375
1019 447
1019 683
1019 1426
1019 1465
2046 720
1523 512
238 1345
238 161
238 95
238 1569
238 291
238 881
2047 512
2048 422
2048 719
1359 125
1691 1570
1691 244
2049 1363
123 81
123 1571
1030 614
1682 941
1636 1555
1636 256
547 1313
547 668
547 509
547 1331
547 74
547 65
547 192
1148 1572
1148 315
1244 160
1244 879
388 113
388 534
388 1573
388 224
830 93
830 459
720 634
720 1574
720 923
720 230
720 465
720 192
720 563
720 65
818 1283
818 374
818 645
818 67
818 1212
818 1183
818 68
818 824
818 1514
818 1293
818 1218
818 69
2050 64
2050 236
1128 1301
1128 863
1128 962
1128 1575
676 36
676 181
676 43
676 1076
1498 392
1498 836
1498 1450
1498 249
1498 1290
972 1576
2051 109
2051 227
2052 185
1347 171
1347 614
2053 512
5 181
5 815
5 0
5 1577
5 1393
1088 275
1088 1287
1601 1578
1601 796
1601 540
1601 185
1601 62
2054 1247
442 212
2055 1433
150 177
1446 233
1538 438
938 1579
2056 69
1242 1580
1598 292
1237 1240
1237 286
1272 296
1272 25
820 377
1287 228
1287 1282
1287 1581
651 379
2057 1582
3 1583
3 124
3 193
3 509
3 0
3 291
3 1178
3 1369
3 223
3 521
790 73
790 1390
237 50
237 311
237 745
237 699
237 1584
237 1015
237 93
237 3
237 1585
237 1011
237 512
237 73
237 645
237 554
237 1586
237 1587
237 1588
237 705
237 659
237 345
237 308
237 206
237 69
237 997
237 11
237 215
237 193
237 760
237 125
237 394
237 625
237 1589
237 1590
237 232
1056 1591
299 55
299 1592
299 195
299 125
563 225
563 1010
563 720
563 923
563 1593
563 394
563 1594
563 192
563 1373
563 1516
563 65
563 1595
1005 91
1005 499
1005 286
1005 309
1005 298
112 1119
1603 247
1603 278
72 699
72 1596
905 247
905 864
905 1597
897 57
1699 966
2058 727
1543 11
2059 24
292 222
292 1598
292 195
292 1599
292 10
67 1260
67 1074
67 101
67 1600
67 1601
67 1016
67 509
67 715
67 673
67 818
67 1173
67 16
67 369
67 711
67 1602
67 256
67 1603
67 994
67 130
67 319
67 1186
1013 1604
1013 7
1013 173
1013 67
2060 444
1528 785
2061 16
1423 37
1530 885
2062 151
282 1605
282 173
282 1606
282 643
224 291
224 639
224 206
224 1602
224 10
224 388
146 1000
146 1607
146 408
146 396
146 1608
505 1609
505 223
505 685
9 416
9 243
9 0
9 110
9 226
9 170
9 105
9 1610
9 154
9 478
9 1142
2063 1130
2063 1611
1107 96
692 73
692 1612
692 164
692 173
692 109
692 156
692 220
692 1432
548 188
791 289
1593 563
2064 1192
151 7
151 1613
151 109
151 1027
151 172
1448 195
389 193
389 1365
389 1614
739 1615
739 109
739 705
881 1616
881 61
881 252
2065 1617
2065 850
948 429
948 686
115 1024
922 416
922 1304
922 104
922 69
922 748
922 1136
922 974
922 856
922 566
922 1618
922 391
1609 505
840 283
840 1128
931 303
931 932
931 1619
931 521
2066 1398
1093 73
118 602
2067 1620
813 1621
1397 127
1397 214
1397 93
1558 92
2068 29
1245 69
519 10
615 50
1660 1103
964 1287
964 1040
964 859
2069 1622
1532 191
1532 372
1532 737
1532 126
1155 1623
1155 7
576 853
776 1318
776 229
776 255
776 404
776 105
776 1618
883 160
883 1624
883 678
883 1615
883 111
883 215
883 196
1038 1625
498 1626
498 498
1531 444
1531 1627
1531 1246
2070 160
541 511
310 288
1473 92
1473 196
1569 238
1569 3
1553 1628
1647 191
1524 512
1524 779
1524 95
1524 1629
1524 229
1524 438
1524 1630
1524 908
930 225
930 1445
930 65
531 151
531 93
677 1631
2071 1317
2071 852
231 339
231 332
278 176
278 1283
278 476
278 727
278 368
278 719
278 766
278 1603
1572 7
339 465
339 61
339 720
339 231
339 677
339 1602
339 1632
339 1605
339 1633
339 153
339 24
339 65
1591 387
1591 1056
1284 1634
1284 517
503 1635
503 239
2072 63
384 256
1688 654
13 0
13 575
1555 471
1555 1636
1555 1435
1153 7
441 212
2073 790
2073 1224
2073 73
2074 574
2075 129
2075 1637
1151 7
1151 342
1386 577
1386 335
1386 1139
793 711
793 1638
793 58
793 778
793 639
793 513
793 705
793 109
793 1639
793 1076
793 1127
793 226
793 686
793 1640
473 1641
473 474
473 783
473 251
473 986
473 1642
936 578
936 64
936 925
936 721
642 37
642 73
642 780
642 1643
642 361
642 952
642 103
642 74
642 128
481 307
788 173
944 1420
944 1644
944 1645
1276 1161
2076 1012
2076 283
2077 991
719 1646
719 619
719 93
719 104
719 1057
719 69
719 1552
719 1647
719 679
2078 252
1340 854
2079 1648
2080 1112
2080 361
1261 1649
1261 168
1261 1650
647 104
647 1283
1403 465
1403 1651
1403 124
1403 1211
1403 237
75 1278
2081 1292
2081 1652
1495 897
1495 10
353 700
353 629
353 705
288 73
288 125
288 195
288 1167
288 639
288 16
288 1653
288 1015
288 380
288 346
288 333
288 310
288 69
2082 1240
2082 73
2082 7
2083 798
1125 1025
1429 374
102 1356
102 1076
2084 137
2085 288
743 1654
743 743
743 1655
743 73
2086 1656
2087 37
1306 447
1133 1657
1133 783
2088 1658
990 513
1124 579
1124 1659
1124 509
1124 1025
1124 723
1124 733
1124 65
1327 1373
1327 19
809 345
809 565
809 73
809 277
2089 1660
485 69
485 307
2090 712
2090 943
1198 1393
756 560
756 70
250 470
250 1661
40 181
40 1662
487 854
487 50
487 93
487 307
29 1663
29 896
29 509
29 93
29 385
29 429
29 49
366 933
1099 555
1099 171
1099 604
489 883
489 307
2091 1664
2091 1143
1123 92
2092 101
1654 743
51 174
2093 247
2094 1665
2095 1390
638 666
2096 57
1678 1666
1575 1431
1575 1128
1618 655
1109 96
1082 1667
1082 73
1082 69
1457 1203
943 798
1273 1668
1440 1205
1440 1669
1440 65
1440 1106
750 1670
750 61
750 160
2097 620
1091 73
1376 1026
1376 817
326 1119
345 767
345 783
345 96
740 1233
2098 1057
1158 78
1158 291
1158 140
1158 1079
760 1671
760 1672
760 191
760 237
760 267
760 69
760 100
760 346
760 57
760 35
2099 864
873 73
1442 465
1442 1445
1442 225
1442 192
2100 1042
1662 40
1676 1229
2101 1145
1541 669
1541 813
1541 804
1383 604
2102 212
2103 93
2103 10
1193 176
356 629
356 352
356 10
356 1673
356 1674
356 286
1028 125
1028 3
1028 113
1028 10
1028 1675
1028 196
2104 290
2104 65
95 1676
95 73
95 761
95 1677
95 869
95 319
95 1177
2105 394
1666 1678
1666 421
1105 578
1105 960
662 177
662 101
662 232
2106 212
2106 547
2107 857
1680 1679
801 1459
1679 1680
1587 1681
1587 0
1587 515
1587 93
941 286
941 256
941 508
941 1682
1396 780
928 913
579 540
161 127
161 319
161 70
161 238
161 1683
161 1684
161 528
161 1685
161 1686
1149 1455
1150 1687
439 212
654 243
654 1688
654 887
654 554
16 1073
16 170
16 1552
16 1615
1461 466
235 714
53 1455
53 1366
53 1216
53 555
53 69
53 1579
53 803
53 185
1159 357
1159 10
1638 385
630 50
630 379
630 273
630 24
630 69
630 422
1689 1689
244 73
244 1672
244 1690
244 232
244 59
244 1691
2108 1646
1226 1380
1226 69
1226 67
2109 1692
2110 1156
474 473
152 1693
152 659
152 997
152 339
152 620
152 153
152 1514
152 1118
152 233
76 99
2111 376
514 520
514 171
514 896
514 10
104 67
104 3
104 601
104 374
104 634
104 767
104 7
104 719
104 69
104 252
104 1286
104 647
104 218
104 1694
104 1695
104 1696
104 1552
104 1567
104 1697
104 459
104 1039
104 510
104 130
280 596
280 394
2112 574
2113 533
2114 570
297 19
297 195
297 975
665 234
665 101
1622 635
1622 895
1622 69
917 1195
456 212
456 57
456 639
889 1698
2115 315
134 694
1653 288
966 628
966 129
966 636
966 1699
966 1605
2116 475
36 676
63 723
63 578
63 243
63 105
1452 1244
1452 1700
1452 315
1452 10
1414 174
1112 1015
2117 356
893 585
893 183
828 666
828 55
828 997
828 1533
828 84
275 7
275 616
275 476
294 195
1020 61
1020 192
508 512
508 1141
2118 25
1085 101
1085 73
1085 679
1002 57
1002 78
1002 167
108 258
108 816
108 113
108 152
108 809
108 1076
108 1524
108 332
108 435
656 101
127 101
127 560
127 161
127 222
127 727
127 221
127 695
127 188
127 1126
127 596
127 1178
127 169
127 378
127 1373
127 640
127 1307
127 1701
695 127
695 109
695 73
2119 1022
184 606
184 958
2120 374
880 1702
880 125
880 61
880 315
880 1040
880 1079
880 607
658 1703
658 101
658 232
658 1704
658 1218
568 1432
568 570
247 512
247 685
247 67
247 1015
247 1514
247 57
247 1705
1039 465
1039 104
1039 863
604 715
604 1099
604 30
604 798
604 574
55 593
55 1021
55 125
55 590
55 7
55 794
55 1012
55 69
55 1358
55 299
55 1706
55 469
55 135
55 679
1336 491
