1183 0
1183 1
432 2
432 3
432 4
432 5
432 6
432 7
432 8
1629 9
974 10
1343 11
1343 12
1343 13
1290 14
1290 15
1290 16
1290 17
1290 18
1290 19
1171 20
1171 21
1830 22
1894 23
396 24
396 25
396 26
396 27
396 28
396 29
396 30
396 31
396 32
396 33
396 34
396 35
396 36
396 17
396 37
396 38
396 39
1895 40
370 41
370 42
370 43
1896 44
510 45
1140 46
1140 47
71 48
1466 49
1466 46
1865 50
1865 51
403 52
403 53
403 54
403 55
652 27
652 40
222 34
222 56
1154 57
1074 58
1074 59
1074 60
1074 61
1074 62
1074 63
1074 64
1074 65
1074 66
1074 67
298 68
298 69
298 70
298 26
234 71
234 72
234 73
234 74
234 75
234 76
234 34
234 77
234 78
234 79
234 80
234 81
234 82
492 83
824 84
1897 85
1898 86
639 27
639 87
639 88
639 89
639 90
639 91
639 92
639 93
639 11
639 94
639 95
639 96
639 97
1718 98
1378 99
1378 40
239 100
239 101
239 102
239 103
239 104
239 105
239 106
239 107
239 108
1287 109
1287 110
1287 16
1287 111
242 112
242 113
242 102
1719 114
1899 115
1846 116
1684 117
1421 118
472 119
472 120
1900 34
849 121
849 122
1198 100
1198 123
1372 124
1518 125
951 126
951 127
951 128
951 129
951 31
951 130
951 131
951 132
1890 125
1890 133
1890 134
897 3
123 135
123 136
123 21
123 79
123 137
123 138
123 139
123 140
123 141
123 142
1901 75
654 27
654 10
654 143
654 144
654 17
360 145
1902 131
1903 46
1777 146
190 147
1904 114
953 148
953 149
953 150
185 58
185 151
185 152
185 153
185 154
185 155
185 156
185 157
185 158
185 159
185 160
1905 117
1905 80
1283 161
1252 162
1574 163
1371 164
1371 165
531 166
531 167
531 168
531 169
531 170
531 171
531 172
531 46
531 173
1464 34
1464 174
1464 49
568 175
295 72
295 176
295 177
295 178
295 179
295 180
1906 112
1596 181
1596 182
184 183
184 184
154 185
154 23
552 186
552 187
844 188
844 189
844 91
1907 190
935 191
1908 164
1908 192
1578 136
1909 193
1909 194
1909 195
571 157
956 196
956 197
956 198
956 199
956 200
956 201
633 202
633 203
633 198
633 99
1910 50
1911 26
1420 204
681 126
307 205
307 206
726 59
726 207
726 208
726 209
726 210
726 211
1467 49
1467 212
1467 21
1144 26
470 79
470 213
1839 131
1839 214
1839 215
658 216
658 217
1157 218
706 219
56 220
56 221
56 222
287 223
680 224
680 225
680 226
1137 46
676 227
524 228
1912 229
576 230
576 231
576 232
576 233
576 142
576 114
576 63
774 79
774 234
774 85
102 112
102 235
102 236
102 237
102 238
102 239
102 240
102 241
102 242
102 243
102 244
102 245
102 246
102 247
102 23
102 248
102 249
102 250
102 251
102 252
102 253
102 254
102 255
102 256
102 257
102 258
102 259
102 260
102 261
102 179
102 262
102 263
102 150
102 264
102 265
102 266
102 267
102 268
1438 269
1438 270
625 271
625 272
1913 23
845 188
845 72
845 273
845 78
845 274
845 275
845 276
845 277
845 278
1351 279
1351 280
1351 281
375 282
375 171
375 3
375 283
1624 0
1624 284
1624 109
1463 285
1463 286
223 287
223 49
223 288
1686 79
1686 289
1852 290
507 291
1086 292
1086 152
1086 293
984 294
249 295
249 57
249 288
1914 250
1915 296
1916 297
1090 298
1090 299
1090 300
924 301
924 302
1631 303
1631 235
1705 304
1475 59
1475 305
1475 306
1475 72
1475 103
1475 307
1475 308
827 84
827 309
332 310
332 191
215 152
215 311
215 312
215 150
215 237
215 313
215 314
215 315
215 316
215 317
215 131
215 318
215 214
215 319
215 79
1917 320
1917 321
1918 322
830 323
830 324
830 325
830 326
830 327
495 328
495 47
495 329
495 330
495 104
495 331
310 332
310 333
1116 102
1680 72
773 334
773 335
773 336
1919 337
1317 47
86 34
86 338
86 339
86 340
86 125
86 341
86 342
86 343
86 0
86 68
86 191
523 125
523 344
523 345
736 50
736 346
1920 34
1802 42
1802 347
1169 348
1169 175
1243 349
1690 350
1690 65
140 351
140 123
1921 352
1922 353
145 354
145 46
145 355
145 356
145 357
145 358
145 359
145 109
145 360
145 361
145 362
145 145
145 363
1701 364
179 295
179 102
1923 365
594 131
594 366
594 305
594 367
594 368
42 369
42 173
42 370
42 371
863 176
929 372
929 373
1332 374
491 375
491 376
491 377
491 378
491 195
491 379
491 83
401 65
401 380
697 381
697 382
697 383
1741 135
1414 384
385 151
385 100
385 385
385 50
385 79
385 90
385 386
385 112
385 328
385 131
385 387
1476 40
1924 388
1925 39
1925 389
1926 136
708 33
708 390
708 391
708 392
708 393
175 394
175 175
175 395
175 17
380 396
380 397
380 398
380 399
380 400
380 35
380 401
380 402
55 403
1186 404
1186 405
1340 68
1927 75
1278 406
1278 407
1278 408
566 409
664 410
664 328
664 411
152 21
152 412
152 413
152 414
152 51
152 415
152 26
152 416
152 417
152 49
152 316
152 418
152 419
152 420
152 88
152 421
152 422
152 423
152 424
152 185
152 17
152 425
152 267
152 426
152 427
428 428
428 429
921 70
2 430
2 431
2 432
2 433
2 13
2 434
2 151
2 435
2 58
2 354
2 420
2 436
2 2
2 34
2 219
2 437
2 438
2 439
2 185
2 75
2 150
2 148
2 283
1928 116
437 440
437 2
437 441
437 304
437 442
437 443
437 444
1201 445
1201 446
1929 447
1500 448
1500 34
1500 49
250 449
250 450
250 40
250 451
250 99
250 341
250 452
250 150
250 453
250 454
250 455
250 456
250 17
250 457
250 458
250 459
250 460
250 461
1342 462
1342 269
1342 463
1444 464
1444 49
1444 89
1444 465
1444 466
1444 467
1930 68
1931 468
899 58
899 3
899 208
1932 469
1932 344
1932 470
657 22
657 26
1770 471
281 47
120 50
120 0
120 472
120 473
910 474
910 78
910 475
910 181
910 308
784 476
784 477
784 478
784 47
784 479
784 480
784 481
784 482
784 441
784 483
784 484
784 485
784 486
775 487
1933 99
1481 292
623 488
623 0
623 224
623 489
83 490
83 491
83 492
1934 493
1935 253
1935 102
1936 411
959 494
959 495
1937 496
1160 497
1160 117
1160 498
1160 284
1160 499
1495 500
1361 501
1938 502
1451 292
1864 50
477 27
340 503
340 504
340 505
1939 117
1939 365
45 506
45 314
45 285
45 507
45 508
45 509
45 183
45 510
45 250
45 511
45 88
45 512
45 513
45 514
45 515
45 443
45 516
45 453
45 167
45 441
45 150
45 517
1867 50
518 518
518 434
518 136
518 519
518 45
236 102
1280 520
1280 291
1280 515
1405 416
265 102
104 330
104 88
104 94
796 188
796 469
796 153
796 521
1818 334
1818 522
344 523
344 79
228 524
1756 525
1143 125
1143 26
865 526
865 527
1510 38
1940 528
800 529
800 302
166 530
166 531
166 532
166 533
166 534
1941 80
519 518
1457 535
419 536
419 125
419 152
707 10
1942 537
1092 57
1092 538
1092 539
139 123
139 540
139 541
139 542
139 543
139 291
688 544
688 26
688 545
688 546
688 547
688 79
688 548
1943 549
1943 550
1943 551
452 476
452 253
452 304
452 34
452 455
452 524
452 250
1944 552
1945 553
1945 312
1946 554
257 240
257 102
722 555
722 79
722 207
722 556
722 557
722 558
722 461
306 559
306 60
306 560
306 312
306 32
306 561
306 562
306 563
1077 564
996 374
996 297
996 565
996 390
1947 491
409 114
409 566
1948 567
1948 568
1949 52
1949 282
1949 34
1949 569
1949 570
894 46
894 47
894 571
894 50
894 572
894 157
894 564
894 573
894 221
894 574
894 575
894 499
894 466
894 576
894 577
338 135
338 578
338 86
338 21
338 304
338 318
1229 579
1950 580
1233 581
1233 501
1706 304
941 582
1145 58
1145 26
1145 149
945 583
945 407
945 374
945 584
1951 585
1468 332
1468 49
1468 586
1468 587
1952 75
1953 68
1658 588
1658 150
1136 589
1136 590
1136 20
1136 318
1136 46
1136 591
1954 592
1954 593
366 594
366 595
366 596
366 103
366 597
366 598
358 356
358 599
1955 49
1798 600
1601 181
1041 65
1041 269
1041 98
1041 461
1041 103
1447 601
1447 503
1447 583
1447 602
603 603
1486 467
1486 604
480 425
1956 605
1957 606
1479 297
1479 49
1479 22
1479 109
1479 269
1479 80
762 348
762 388
762 540
762 607
762 193
762 608
762 454
762 609
762 194
762 610
762 80
1507 611
1958 612
1352 279
687 390
687 613
687 201
687 614
783 615
783 616
783 40
783 576
783 617
783 234
807 618
807 135
807 619
807 557
807 620
1175 35
1220 621
1000 622
224 152
224 623
224 624
224 12
224 221
224 625
224 626
1959 454
203 131
203 627
203 628
61 79
61 150
61 219
61 629
61 610
61 630
259 266
230 576
230 631
99 348
99 47
99 26
99 632
99 633
99 377
99 250
99 489
634 634
1960 39
1961 635
949 636
95 637
95 463
95 638
95 639
95 89
95 640
95 433
95 641
95 595
95 642
95 104
95 214
95 365
95 79
95 643
554 191
554 147
363 644
27 639
27 645
27 79
27 92
27 646
27 65
27 301
27 396
27 647
27 47
27 26
27 648
27 536
27 96
27 649
27 650
27 651
27 652
27 653
27 654
27 655
27 656
27 94
27 439
27 98
27 304
27 657
27 211
216 658
1962 544
1962 659
1962 347
1962 660
1670 661
1591 630
993 662
410 553
410 135
410 26
410 50
410 648
410 63
410 663
410 32
410 341
410 22
410 664
410 0
410 174
410 150
410 665
410 666
1963 595
1080 34
1080 47
1080 667
488 668
1794 389
915 669
245 670
597 671
597 672
597 673
597 674
835 675
835 366
835 676
835 304
835 171
835 677
835 318
835 678
225 47
225 679
225 680
225 88
733 440
1362 108
1792 40
1964 302
747 681
747 682
747 683
952 131
1184 663
1569 75
977 684
977 685
1965 99
1966 212
1967 686
1967 687
548 688
548 689
1242 690
1968 691
1969 692
613 693
1738 694
273 695
273 68
273 46
273 696
383 697
854 698
854 271
1295 334
1295 335
1295 304
1800 167
1149 699
1149 26
1970 700
1971 639
1082 22
1082 226
1082 701
1082 160
7 432
7 365
1521 702
37 396
37 703
37 704
655 27
655 348
655 705
1972 461
219 395
219 154
219 297
219 706
219 574
219 707
219 708
219 598
1973 272
1974 429
460 250
1975 709
1976 314
665 410
665 710
1977 127
879 711
1617 712
1617 629
1617 713
1617 714
1978 416
570 715
828 325
828 79
828 323
828 611
828 716
828 717
1979 718
1354 506
1354 719
1254 206
1132 46
434 518
434 75
1251 440
1251 564
1516 720
1780 721
556 722
1980 723
1687 5
1981 588
436 724
436 242
436 150
1222 170
1222 725
1222 726
1222 727
1222 728
1209 298
1209 197
761 20
761 729
761 206
1502 213
1502 730
1502 34
1502 454
1502 731
1502 732
1040 702
1341 0
1341 733
1982 677
1452 734
1452 47
1452 735
1452 607
1452 736
1452 737
1452 176
1181 738
1181 739
1181 740
1181 34
1181 741
1181 742
1181 471
1572 75
1253 743
1253 192
1253 744
1731 151
21 152
21 745
21 544
21 26
21 500
21 338
21 297
21 49
21 309
21 304
21 125
21 588
21 182
21 47
21 746
682 109
682 747
97 692
209 309
209 748
209 568
209 112
209 253
209 72
209 691
209 726
209 240
209 749
209 750
1754 751
1754 752
1754 753
1983 305
1876 52
1876 0
851 754
851 755
851 756
851 757
851 692
1984 758
760 759
760 760
760 114
760 88
760 439
1249 194
1249 468
20 761
20 390
20 762
20 763
20 679
1105 182
764 764
795 469
1270 765
947 616
947 745
947 729
947 269
947 379
947 68
1314 337
1782 721
451 34
451 250
1454 129
458 250
766 766
1871 78
1051 767
843 559
843 768
843 769
89 770
89 639
89 771
89 194
89 772
89 95
89 750
336 773
1985 209
937 675
1986 692
990 109
990 63
990 774
755 204
755 775
433 95
433 283
1489 103
877 204
877 776
877 39
877 777
877 778
1987 112
967 0
967 779
967 598
1988 663
202 765
1989 2
1431 540
1431 780
1990 781
1991 380
1749 200
1749 625
948 782
617 616
617 783
1992 75
1993 784
785 34
785 785
1994 786
513 787
513 788
513 441
513 789
513 219
513 790
513 791
513 142
513 792
513 45
513 793
469 213
469 79
469 572
469 794
469 795
469 57
469 722
469 796
890 797
1819 798
302 636
302 639
302 419
302 799
302 193
302 109
302 800
1995 204
567 204
1291 754
1291 221
1291 78
1291 11
1291 801
1291 802
1291 348
29 285
29 396
1647 574
1647 803
620 804
620 49
620 325
620 2
620 805
620 806
620 807
620 420
620 554
1996 808
817 292
817 63
817 809
817 32
817 810
817 5
817 429
817 690
817 319
817 461
1997 756
1623 702
1623 811
1623 812
1623 388
1083 205
988 813
988 814
238 813
1529 24
1529 65
1529 774
1529 815
1529 789
442 437
442 816
1998 44
1999 40
2000 817
2001 818
2001 819
393 592
393 820
393 821
983 802
983 822
983 211
84 311
84 823
84 824
84 371
84 825
84 826
84 827
1493 328
325 828
325 76
325 829
325 789
325 620
325 77
325 830
325 831
325 832
325 489
1007 833
1007 544
28 125
28 49
28 499
28 500
1562 22
1761 284
1284 23
1218 446
1743 127
1682 834
1682 471
1682 271
1682 684
678 835
545 688
545 149
545 836
545 68
545 46
545 837
2002 659
229 186
229 838
229 639
229 314
229 217
229 839
229 348
229 840
2003 47
517 49
1849 841
1849 150
2004 63
2004 269
1497 34
2005 76
2006 842
188 72
188 843
188 769
188 844
188 65
188 845
188 846
188 847
188 796
725 848
1585 849
1585 260
241 262
241 102
643 95
643 850
757 639
757 2
757 851
757 4
757 147
757 68
1289 16
647 397
647 555
647 638
647 292
647 150
647 11
647 852
2007 755
2007 127
271 853
271 47
271 99
271 684
271 373
271 574
271 625
271 11
271 854
271 131
271 301
271 855
271 283
961 323
2008 707
2008 856
2008 204
2008 857
944 430
944 2
944 299
944 858
944 441
1227 859
1473 112
2009 50
543 820
543 131
543 22
543 139
543 860
692 861
692 862
692 232
692 49
692 182
692 863
692 97
1005 864
527 865
537 648
537 866
1851 82
1054 867
1054 868
1054 26
1054 32
274 869
274 647
274 26
274 857
274 870
274 125
274 871
274 845
274 872
274 200
274 14
2010 873
39 396
39 636
39 874
39 875
39 876
39 877
39 34
39 11
39 749
39 878
711 879
2011 515
2012 382
1110 645
1110 880
2013 881
1059 52
1059 493
1059 439
1059 882
1059 292
1059 94
1059 334
1028 750
832 65
832 325
832 883
832 335
985 498
985 439
1735 261
1735 884
1735 885
387 49
387 192
387 385
1683 886
1683 887
1683 86
2014 888
312 88
312 215
312 639
312 540
312 306
312 889
797 890
2015 891
2016 47
2016 377
743 892
743 506
743 744
743 88
743 893
743 65
1764 320
2017 346
533 166
533 475
930 75
930 729
574 381
574 271
574 894
574 79
574 895
574 419
574 68
574 142
1428 896
354 431
354 143
354 651
354 639
354 2
354 433
354 775
354 357
354 341
354 51
354 95
354 659
354 114
2018 144
3 375
3 897
3 898
3 899
498 900
498 837
498 901
1267 902
1267 903
2019 554
155 118
155 26
155 904
155 185
155 502
155 866
155 905
155 806
155 906
155 907
155 628
2020 75
970 164
970 373
970 489
970 908
2021 909
2022 130
78 72
78 910
78 721
78 309
78 771
78 379
78 911
78 67
78 912
78 234
669 913
669 914
669 915
669 26
1710 916
291 644
291 26
291 304
860 917
860 543
860 304
912 40
912 78
912 911
912 918
912 277
912 919
1108 920
710 34
2023 921
2023 922
2024 75
2025 923
2026 34
2026 40
301 271
301 651
301 40
301 924
301 253
301 103
659 925
659 656
659 297
659 503
659 926
191 332
191 328
191 47
191 628
191 40
191 927
191 63
191 86
191 928
191 929
191 260
191 930
191 931
191 856
191 932
191 933
191 393
191 850
191 934
191 298
191 935
1336 72
1773 936
1773 471
675 59
675 937
675 103
675 706
675 938
675 939
2027 465
2027 153
2027 819
1842 616
1842 92
1842 940
1842 183
1842 467
1842 96
582 117
582 941
582 942
1125 94
1534 943
1499 34
1499 121
2028 79
858 692
858 858
858 944
858 249
131 151
131 135
131 550
131 868
131 271
131 215
131 594
131 945
131 946
131 947
131 385
131 948
131 182
131 949
131 950
131 951
131 952
131 765
199 953
199 50
199 954
199 955
199 956
199 77
199 68
1329 957
716 76
716 958
716 314
716 229
716 327
716 883
716 68
716 114
716 305
754 136
754 26
754 79
754 63
754 195
754 108
1262 164
1262 252
1262 799
599 58
599 358
599 516
599 31
599 959
1423 960
1052 32
1301 532
323 828
323 961
323 962
323 125
323 708
323 600
2029 963
367 964
367 965
367 129
367 594
367 195
1095 632
268 75
268 23
268 966
268 102
1350 279
1350 967
2030 968
2030 11
489 969
489 623
489 970
1419 109
1419 65
1419 691
1419 971
1250 872
2031 117
2032 808
10 71
10 654
10 348
10 972
10 753
10 314
10 973
10 103
10 558
10 0
10 974
10 114
1373 41
1373 79
1373 823
1373 975
685 804
685 365
685 976
685 977
373 978
373 979
373 980
373 608
373 981
373 700
373 982
373 612
2033 75
822 983
294 645
294 393
294 984
294 985
590 252
63 100
63 410
63 986
63 987
63 312
63 988
63 225
63 989
63 158
63 990
63 11
63 991
63 692
63 926
63 576
63 992
63 191
315 215
2034 23
662 292
662 420
662 993
662 604
390 754
390 702
390 994
390 47
390 98
390 880
390 645
390 995
390 49
390 349
390 996
390 708
390 997
390 718
390 11
390 68
390 750
390 666
1565 75
423 553
423 728
423 152
777 49
2035 26
441 348
441 904
441 944
441 437
441 466
441 18
441 45
1399 130
1315 998
327 999
327 50
327 378
327 830
327 716
327 644
622 1000
622 47
622 35
746 1001
746 47
746 1002
213 469
213 648
213 470
213 26
213 872
1133 762
2036 813
2036 806
2037 802
1275 106
868 1003
868 77
868 345
544 440
544 88
544 691
544 65
544 123
544 544
544 19
544 272
544 1004
544 806
544 226
544 345
544 1005
544 688
544 1006
544 153
544 1007
544 720
544 70
544 47
544 716
544 132
544 1008
544 304
861 1009
861 123
861 861
861 692
1022 1010
1866 50
1866 961
1866 589
1238 644
1238 612
1205 41
2038 71
1374 181
1374 532
1374 823
1344 729
1344 377
1344 1011
1172 1012
1172 753
1172 292
2039 1013
2039 978
1084 922
1084 806
1439 348
1138 1014
1138 173
1138 1015
1579 1016
1168 1017
1168 27
1168 153
1285 125
1411 1018
1094 1019
1309 1020
1309 826
2040 468
1389 130
979 373
979 49
979 1021
642 95
429 1022
429 1023
429 428
429 1024
627 982
2041 849
2041 1025
750 72
750 154
750 1026
750 1027
750 1028
750 777
750 1029
750 365
750 600
750 965
1097 884
1097 129
1097 1030
1097 1031
1097 1032
1097 182
1771 471
1677 72
1688 65
1232 1033
1232 564
1232 1034
1232 95
1232 68
1232 679
549 416
549 1035
549 171
549 1036
549 1037
549 1038
278 1039
278 1040
278 639
278 1041
278 253
278 845
278 181
278 1042
557 1043
557 34
557 39
557 574
557 22
557 473
557 1044
557 114
500 968
500 21
500 28
500 49
500 75
500 68
500 1045
232 411
232 376
232 576
2042 34
2043 1046
2043 1047
461 1041
461 410
461 1048
461 1049
1709 1050
1709 911
1709 59
767 1051
2044 203
32 59
32 501
32 79
32 1052
32 1053
32 1054
32 1055
32 1056
32 121
2045 34
2045 576
8 538
8 153
2046 147
2047 68
2048 102
261 65
261 2
261 1057
261 379
1058 1058
2049 851
493 1059
493 75
207 84
207 911
207 59
1610 0
2050 104
1174 396
1174 778
2051 87
85 1060
85 136
85 73
85 508
85 796
85 648
85 774
85 1061
85 1062
85 0
85 44
85 1063
85 271
2052 1064
346 95
346 736
346 1065
346 92
346 926
356 145
356 283
48 1066
48 447
48 1067
2053 1068
2054 129
637 95
640 95
640 1069
651 1070
651 487
651 1071
651 195
927 191
1381 1072
464 47
1768 536
1768 314
560 1054
560 292
560 49
560 0
560 1073
560 1074
560 1075
560 67
560 104
1413 384
1716 109
31 396
31 1076
31 564
31 1077
31 1041
31 419
31 105
31 150
31 599
31 214
608 1078
608 1079
1874 98
1696 105
64 1074
266 750
793 513
1200 282
667 1080
2055 469
2056 1081
2057 34
483 109
1001 746
701 1082
1775 471
1293 1083
806 544
806 1084
806 1085
806 304
806 1086
806 1087
806 1088
806 1089
2058 1090
57 1091
57 1092
2059 1072
1237 117
1822 1093
1019 1094
632 99
632 410
632 1095
632 429
632 1096
1455 554
288 49
288 223
288 249
182 692
182 1097
182 21
182 93
182 79
182 1098
182 1099
182 1100
182 513
182 1101
182 5
182 65
182 1102
182 131
182 1103
182 142
182 195
182 1104
182 1038
182 1105
182 1106
1515 23
2060 296
1506 109
1506 1107
1506 789
1799 600
1121 588
920 919
920 1108
920 1109
920 46
880 412
880 1110
880 880
2061 307
2061 1111
855 271
869 274
869 501
2062 109
2063 1112
2063 1113
2064 390
646 50
646 292
646 1114
646 27
646 284
646 11
646 1115
646 948
646 1116
1117 131
1117 284
1117 1117
1117 1072
1118 1118
1045 1119
792 1009
792 334
792 212
2065 40
1009 792
1009 861
1179 14
1179 27
1179 33
1179 65
1179 1017
1179 1120
2066 1121
1618 789
925 553
925 297
2067 1122
2067 1123
94 1124
94 26
94 185
94 1125
94 1126
94 1127
94 1059
94 164
94 1076
94 94
94 857
94 318
94 950
94 965
94 630
94 105
94 88
43 1128
43 201
1129 1129
1129 47
1129 283
258 102
992 1130
992 41
992 63
263 98
263 102
263 1131
263 473
1024 429
46 531
46 79
46 1132
46 1133
46 314
46 1134
46 1135
46 967
46 273
46 224
46 1109
46 317
46 0
46 1136
46 1078
46 1137
46 1138
46 805
46 145
46 817
46 920
46 545
46 129
46 608
46 1139
46 1140
46 1141
46 762
2068 1142
1327 718
26 688
26 410
26 1143
26 374
26 21
26 79
26 872
26 117
26 877
26 103
26 22
26 657
26 1144
26 762
26 612
26 553
26 1102
26 47
26 1145
26 540
26 1146
26 849
26 1147
26 209
26 50
26 109
26 24
26 226
26 147
26 181
26 18
26 471
26 1148
26 94
26 1149
26 58
26 1150
26 152
26 3
26 420
26 123
26 396
26 1076
26 1151
26 1152
26 298
26 1153
26 274
26 116
26 1154
26 1019
26 705
26 837
26 754
26 196
26 841
26 555
26 155
26 473
26 545
26 1155
26 201
26 125
26 27
26 193
26 11
26 684
26 1156
26 291
26 283
218 1157
509 859
509 718
509 11
509 837
509 985
324 1158
2069 1159
499 134
499 154
499 894
499 28
499 1160
499 150
1598 1108
511 1161
511 1162
511 1163
1369 1164
1369 47
1369 598
1369 692
474 59
474 910
153 328
153 153
153 540
153 1165
153 888
153 138
153 1166
153 34
153 109
153 1167
153 1016
153 1168
153 279
153 20
153 8
153 185
1608 1115
1808 968
1808 175
938 719
2070 47
1661 1169
1661 150
547 688
589 22
589 49
589 1136
589 1170
400 75
1012 1171
1012 1172
35 1173
35 26
35 380
35 103
35 171
35 1174
35 1175
35 622
35 160
1662 150
850 61
850 643
1603 181
1603 631
1653 150
782 50
782 1176
782 1177
782 226
1053 1178
1053 32
1689 151
1689 876
1689 136
1689 65
14 290
14 285
14 1179
14 1180
739 1181
1803 775
2071 185
1044 645
1044 1182
900 498
157 894
157 1183
157 576
157 185
157 571
663 430
663 410
663 18
663 88
663 1184
663 1041
663 63
663 873
663 150
663 226
663 1185
663 644
2072 366
404 1186
656 27
656 1187
656 40
51 354
51 433
51 45
1204 276
1204 1188
1038 1189
1038 1190
1038 1191
1038 1192
1038 1193
1038 342
1038 182
1038 549
1038 466
1038 470
770 49
770 717
770 147
1194 1194
141 123
2073 1195
2074 1196
2074 98
1797 600
195 754
195 1187
195 419
195 377
195 1197
195 75
195 22
195 753
195 491
195 1198
195 284
195 182
195 893
195 659
195 226
1588 999
1588 1199
522 135
522 6
538 1200
538 385
538 8
445 1201
1490 762
1490 103
1288 16
1288 1062
168 1202
168 531
1699 1203
1326 802
1326 471
1333 68
1333 1055
317 660
317 46
317 215
317 1204
2075 639
41 713
41 1205
2076 963
2077 89
1147 171
1147 150
421 836
2078 304
371 370
371 84
371 42
371 341
371 181
371 308
371 1206
197 121
197 956
197 1207
197 1178
197 1208
197 1209
197 1210
1079 765
1079 744
1079 112
297 206
297 925
297 1211
297 1034
297 386
297 323
297 1212
297 94
297 191
1824 59
1824 748
1824 835
1824 22
1824 333
1824 426
1316 799
745 1213
745 675
745 21
745 1214
745 689
745 63
745 947
745 161
745 365
745 1215
788 1216
788 513
446 58
446 381
446 1217
446 1218
446 487
446 1219
446 1201
446 80
2079 40
698 854
2080 99
180 685
621 1220
972 10
2081 395
170 1221
170 369
170 1222
170 1223
1221 170
1221 1224
1380 1225
1380 1226
859 509
859 103
859 88
859 1227
763 831
763 190
1320 79
1320 1228
1320 1021
1320 304
579 1229
579 26
579 684
969 1230
969 1231
969 219
969 109
969 1232
969 489
581 1233
487 1234
487 545
487 446
487 775
487 651
339 1235
1734 1236
908 610
1586 1237
644 754
644 1238
644 663
205 1050
205 209
2082 648
381 309
381 506
381 462
381 574
381 1239
381 697
2083 34
2083 1240
76 857
76 152
76 45
76 1241
653 234
1376 1085
1376 47
690 1242
690 120
690 817
690 88
1810 1243
1810 1244
1810 333
1810 1245
1810 455
1757 395
559 526
559 306
559 1246
578 540
578 142
578 471
578 428
349 390
349 691
349 1247
349 205
1274 199
1274 471
1462 125
2084 1248
2085 1249
1538 75
872 1150
872 213
872 501
872 1250
872 274
872 1017
872 26
564 47
564 658
564 1102
564 31
564 290
564 1232
564 1251
564 148
1219 446
456 250
1809 209
1809 333
1809 824
1809 201
883 716
883 204
2086 0
162 292
162 1252
162 0
744 1253
744 388
2087 734
1657 150
660 1254
660 1255
1099 1256
749 68
749 692
2088 68
2089 746
2090 79
2091 1197
2091 1257
2092 1258
1363 79
1363 1259
1363 114
1131 47
1131 263
1131 1260
1131 516
1131 291
1131 461
144 16
144 525
144 654
2093 1261
252 1262
252 914
252 388
252 590
252 624
252 1263
252 922
252 252
2094 552
1402 1264
1402 543
221 894
221 75
221 61
221 1265
2095 762
2095 314
1642 364
1642 1266
903 1267
2096 1023
2097 250
2097 780
309 553
309 52
309 328
309 1268
309 1269
309 453
309 99
309 21
309 1270
309 78
309 873
309 827
309 209
309 1271
309 910
309 684
309 1272
309 41
309 1060
309 100
1155 373
1155 22
1155 351
1155 314
1155 26
2098 182
2099 75
809 817
809 878
73 85
1429 817
1429 413
1429 1273
1429 414
1429 412
2100 1274
2101 894
1017 136
1017 501
106 467
106 1196
106 1275
106 814
106 762
106 233
70 921
70 544
70 298
70 808
70 1276
1793 40
2102 63
407 1277
407 914
407 88
407 1278
407 72
407 487
407 1279
407 646
407 1280
407 1281
407 51
407 1274
1477 1282
161 745
161 1283
161 684
1328 150
2103 1284
2104 57
741 1285
741 63
741 1231
577 894
1106 34
1106 182
1353 506
2105 1286
16 0
16 1287
16 1288
16 1289
16 1290
240 209
240 257
240 102
802 196
802 983
802 1291
802 185
802 109
802 684
802 291
1627 75
878 911
878 454
878 809
878 39
878 1292
1294 1286
1294 1293
1294 165
1294 553
553 410
553 312
553 79
553 1060
553 591
553 1294
553 26
553 501
553 1295
553 1296
553 1216
553 1297
553 1298
553 1089
553 52
553 309
553 1299
553 738
553 89
553 194
553 1072
553 131
1887 816
1681 453
149 1213
149 420
149 1145
149 292
149 985
149 545
149 1300
435 114
532 166
532 1014
532 1301
1109 920
2106 1302
965 271
965 34
965 70
965 646
965 94
965 234
965 678
965 1303
1304 1304
1304 1305
1559 75
1306 1306
1010 1022
1010 260
2107 373
1307 1307
2108 564
1206 371
2109 1308
1020 185
1020 1309
2110 1310
1281 548
1845 1311
503 1312
503 588
503 1270
503 114
503 335
1120 50
1120 1235
1120 1179
1120 471
1120 1313
2111 914
337 109
337 1314
529 800
1272 67
1272 1292
2112 153
650 1315
2113 72
1319 1316
1319 47
47 1317
47 1035
47 79
47 1080
47 1318
47 781
47 894
47 191
47 1319
47 26
47 882
47 1320
47 648
47 232
47 1321
47 109
47 771
47 390
47 68
47 201
47 1322
47 123
47 50
47 72
47 379
47 1019
47 1323
47 666
47 1129
47 464
47 136
47 774
47 803
47 89
47 962
47 156
47 495
47 17
47 104
47 291
1337 68
1337 1174
1337 269
1337 998
2114 491
2115 75
987 63
987 260
2116 130
804 685
672 1324
672 112
2117 1216
321 1325
1196 185
1196 106
1196 325
2118 998
1034 297
2119 1090
2120 88
1614 501
946 131
946 0
946 1055
946 1326
2121 1
778 50
778 79
778 873
778 235
718 58
718 715
718 765
718 986
718 69
718 40
718 509
718 1196
718 390
718 2
718 103
718 239
718 1179
718 1327
718 522
718 301
2122 1328
957 1329
194 420
194 1330
194 79
194 34
194 1036
194 1249
194 1072
194 762
1122 171
2123 80
374 565
374 26
374 1331
374 945
374 782
374 996
374 1332
374 174
440 430
440 544
440 185
440 437
440 733
440 39
1055 799
1055 946
1055 1333
1055 32
781 1334
781 47
712 798
1188 843
1188 305
1188 1204
1188 1335
1188 870
1188 1336
998 131
998 722
998 1337
418 152
1437 269
68 1338
68 86
68 757
68 534
68 947
68 314
68 805
68 34
68 1339
68 1340
68 191
68 471
68 1337
840 1341
840 229
462 1342
462 304
2124 753
1704 1197
1704 304
1600 84
1600 911
1600 181
1600 59
13 390
13 1343
1011 1344
1323 1345
2125 513
2126 89
2126 722
1790 811
1790 1346
962 1347
962 323
962 1348
962 47
962 1349
1669 209
279 1350
279 1351
279 365
279 432
279 1352
121 77
121 849
121 197
121 32
1739 554
506 135
506 381
506 763
506 1353
506 720
506 292
506 1085
506 1354
506 1355
506 893
506 593
506 743
506 1356
506 586
506 45
1615 1357
2127 1358
1258 23
1102 1359
1102 1172
911 59
911 277
911 454
911 78
911 918
911 67
911 610
911 912
1202 391
1202 168
501 978
501 968
501 136
501 98
501 137
501 604
501 1360
501 1361
989 63
96 196
96 87
96 1362
96 155
96 639
96 292
96 1363
96 467
96 1364
96 26
96 578
96 1365
96 249
96 44
96 1366
96 1367
2128 221
1553 75
598 1368
598 388
598 269
598 147
598 46
598 1369
1672 1370
1850 95
1850 572
164 1371
164 26
164 1262
164 164
164 970
164 94
164 211
2129 1022
1047 117
1047 525
1047 226
1047 150
1685 58
198 956
198 563
198 197
198 633
198 684
2130 333
1334 67
1334 968
1334 195
1334 781
124 1372
823 1319
823 84
823 49
823 1373
823 1374
823 1221
2131 1375
2132 653
2133 1169
1085 1376
1085 90
1085 312
836 545
836 421
836 26
836 639
1212 201
1831 297
2134 862
1060 553
1060 243
1545 136
2135 495
1487 604
1449 44
1449 65
1449 1377
1449 888
1786 109
2136 112
2136 1378
1036 549
1036 65
1377 1379
2137 1341
424 152
1225 1380
1207 197
1348 174
1348 482
2138 1215
405 540
405 1186
1072 194
1072 65
1072 1381
1072 154
2139 1382
2139 888
1359 645
1359 572
1359 1383
2140 23
1855 723
1855 765
1883 922
1883 585
2141 552
2142 41
973 348
130 1384
130 1304
130 1385
130 1386
130 1387
130 1388
130 1389
130 1390
130 1391
130 1392
130 1393
130 1394
130 1395
130 1396
130 1397
130 1398
130 1399
130 1400
1264 47
1264 1401
1264 1402
1264 492
591 794
591 959
397 348
206 1403
206 1254
206 297
206 799
416 152
416 1222
416 1404
416 1255
416 1405
416 425
416 192
416 1210
1101 80
342 27
342 648
342 63
342 1038
369 75
369 42
369 170
369 825
369 1406
369 1407
1854 1408
1725 419
420 152
420 1166
420 26
420 1041
420 99
420 2
420 999
420 1325
420 1409
420 149
2143 645
753 1410
753 26
753 10
753 1133
753 419
753 367
753 182
753 365
871 68
1018 1411
738 553
738 1412
738 753
738 639
1164 1369
384 1413
384 1414
384 175
384 525
384 34
2144 337
2145 1415
2146 709
159 185
2147 1021
1460 695
905 155
1785 866
691 1416
691 544
691 1417
691 1418
691 345
691 1419
357 145
2148 182
2148 819
731 410
731 653
204 1420
204 47
204 1248
204 648
204 956
204 22
204 883
204 250
1858 1421
1858 108
2149 554
220 1422
220 1
220 653
220 56
2150 702
2150 1181
2150 386
864 78
864 508
864 1005
2151 1226
1432 1085
1432 649
1432 611
1432 88
1432 700
1191 1038
960 1423
960 180
960 1424
960 675
439 27
439 2
439 760
439 1425
439 985
439 557
379 376
379 47
379 50
379 1344
379 491
379 1077
379 261
379 78
379 304
379 1426
353 1370
2152 1427
331 495
331 750
331 1021
1345 1323
2153 130
192 61
192 416
896 1428
896 143
2154 789
1501 79
431 1062
1067 49
1067 48
2155 765
902 1043
902 1267
414 226
414 1429
1527 1192
1527 1430
1527 68
734 373
1547 75
1547 298
540 1431
540 153
540 123
540 26
540 11
540 405
540 762
540 88
1713 72
1713 766
1713 1308
1713 1432
1713 789
1713 121
1747 58
1812 33
1812 136
1812 26
2156 691
909 1433
909 1357
235 835
235 778
235 102
497 1434
497 341
497 1160
156 292
156 47
1816 1435
1030 1097
2157 204
2158 540
2159 1436
1707 304
269 1041
269 1437
269 1438
269 1337
348 397
348 123
348 1291
348 99
348 1439
348 1440
348 229
348 655
348 806
348 226
348 1441
348 692
348 0
348 45
348 1169
1442 695
1442 1442
93 1143
93 639
2160 1443
583 904
583 1444
583 945
583 231
583 129
583 1445
583 1446
583 242
583 1195
583 601
583 1447
583 479
583 88
1837 771
964 388
1114 646
465 444
2161 125
18 11
18 441
2162 365
2163 925
2163 1055
888 1448
888 785
888 1449
888 125
888 1287
888 182
1313 1120
1313 713
926 63
926 1026
926 1450
562 563
562 181
562 306
562 826
2164 314
292 506
292 313
292 893
292 646
292 162
292 914
292 149
292 482
292 1086
292 77
292 495
292 1172
292 96
292 1451
292 651
292 647
292 469
292 662
292 520
292 963
292 186
292 852
292 592
292 718
292 156
292 1452
292 817
129 1453
129 592
129 1306
129 15
129 866
129 367
129 742
129 1454
1379 1455
1379 88
11 201
11 968
11 18
11 719
11 271
11 509
11 63
11 1360
11 195
11 646
11 303
11 1343
11 141
11 0
11 1456
11 762
11 39
11 291
11 628
535 1457
1744 117
1744 22
160 1458
999 778
999 327
999 79
1189 1038
628 191
628 544
628 628
695 273
695 1459
695 1460
695 1369
695 595
314 396
314 1155
314 639
314 572
314 204
314 888
314 229
314 103
314 419
314 17
314 883
314 1461
314 716
314 46
314 68
314 45
285 1462
285 396
285 1308
285 29
285 1290
285 1463
328 309
328 385
328 544
328 509
328 420
328 304
328 866
328 495
328 16
328 1139
328 153
328 95
328 47
328 106
812 380
2165 951
2165 720
49 1464
49 1465
49 79
49 1466
49 1467
49 1021
49 823
49 500
49 1468
49 706
49 692
49 390
49 173
49 598
49 152
49 60
49 1469
49 925
49 28
49 34
49 1470
49 1363
49 979
49 560
49 1444
49 589
49 89
49 1067
49 1471
49 223
49 387
923 117
2166 63
2166 88
1863 50
2167 615
1322 47
2168 292
1891 250
1076 99
1076 94
1076 31
1076 26
2169 835
2169 1472
2169 86
2170 1473
2170 1474
308 72
308 1475
308 910
882 47
1150 968
1150 26
1150 501
2171 1432
2171 1476
2171 40
1214 745
1766 645
1766 702
1766 22
1766 39
1282 1477
1235 339
1235 1478
1235 1479
408 1278
177 295
79 999
79 1480
79 1142
79 292
79 314
79 893
79 341
79 1481
79 38
79 1060
79 470
79 88
79 47
79 26
79 77
79 1482
79 574
79 109
79 0
79 1483
79 644
79 345
79 1484
79 420
79 123
79 512
79 50
79 335
79 32
79 34
79 182
79 95
79 1485
79 234
79 754
79 215
79 27
79 778
79 958
79 194
79 633
79 722
79 46
79 479
1070 651
604 1486
604 501
604 592
604 1487
604 12
604 304
604 109
604 495
604 0
604 467
604 114
604 1215
2172 123
103 1488
103 79
103 1489
103 92
103 301
103 26
103 1490
103 487
103 707
103 1491
103 1492
103 1493
103 1187
103 1377
103 40
103 1475
103 576
103 675
103 718
103 1494
103 125
103 35
103 1436
319 1124
319 817
319 215
319 1235
1427 530
1427 1422
1427 72
1427 1495
1185 226
1185 663
463 1496
463 22
463 109
463 1342
463 473
534 166
534 68
1765 799
1081 1081
482 185
482 1348
1286 1497
1286 342
1286 150
2173 1343
276 845
402 380
586 506
586 47
586 1498
586 580
586 28
586 150
2174 819
723 430
723 22
1165 63
1165 153
1753 530
2175 411
2175 80
2176 432
2176 153
34 710
34 1465
34 695
34 384
34 473
34 1410
34 26
34 648
34 49
34 79
34 57
34 644
34 471
34 965
34 1499
34 2
34 452
34 222
34 1500
34 1501
34 1502
34 1503
34 1504
34 125
34 1181
34 292
34 841
34 1505
34 1106
839 229
2177 873
857 106
857 798
857 94
1107 1371
1107 1506
611 1507
1456 11
616 947
616 233
616 783
2178 150
895 574
895 1021
2179 1022
38 396
38 143
38 380
38 27
38 79
38 1093
38 1508
38 1509
38 1510
38 1511
38 1512
38 80
38 99
107 34
23 125
23 1284
23 154
23 1513
23 1514
23 706
23 1258
23 1515
23 334
23 0
2180 1191
720 1516
720 506
720 1517
720 2
720 873
720 1518
720 544
720 471
730 653
1872 687
1375 1403
2181 440
2181 525
2182 47
539 1092
539 1519
702 1520
702 388
702 1040
702 492
702 27
702 1521
702 1522
1673 1523
1673 1524
1673 114
1582 396
2183 304
1156 26
211 164
211 211
2184 250
2185 109
2185 1525
2185 622
91 844
1166 131
1166 420
1166 153
1166 620
1526 130
1526 1526
1430 125
1430 1527
893 100
893 506
893 79
893 195
893 292
893 743
341 354
341 410
341 841
341 26
341 1337
341 992
341 79
341 177
341 1528
341 22
341 1529
341 195
341 1530
341 342
341 129
341 680
341 1531
341 250
341 51
341 114
341 295
473 914
473 47
473 26
473 263
473 34
473 690
473 717
473 463
66 1074
66 1532
772 1142
1021 224
1021 49
1021 979
1021 895
388 639
388 471
388 304
388 252
388 598
388 111
696 1101
696 706
696 190
2186 888
943 1533
943 1534
1604 80
1604 1330
75 1535
75 1536
75 1537
75 1538
75 79
75 1539
75 1540
75 195
75 1541
75 1542
75 1543
75 434
75 1544
75 1545
75 1546
75 1547
75 1548
75 1549
75 930
75 1550
75 1551
75 1552
75 536
75 1553
75 1554
75 1555
75 1556
75 205
75 1557
75 1407
75 1558
75 1559
75 1560
75 1561
75 366
75 1562
75 1563
75 1564
75 1565
75 1566
75 234
75 1567
75 136
75 1568
75 1569
75 1570
75 400
75 221
75 1571
75 11
75 840
75 1572
75 1573
75 172
75 1574
75 268
75 1575
1590 1142
343 471
1039 278
1728 98
282 375
282 50
282 577
282 0
282 1200
210 174
210 72
210 1046
210 726
862 1365
862 692
110 1287
110 110
466 1444
466 894
466 63
466 1231
466 441
466 1321
466 499
466 95
466 576
466 1038
2187 1124
2188 422
1817 579
2189 78
136 754
136 47
136 123
136 501
136 1576
136 1577
136 1514
136 314
136 441
136 1530
136 75
136 1578
136 1545
136 85
2190 723
2191 1047
1016 630
1016 153
1016 1579
1244 42
1244 455
1244 1580
2192 1581
2193 1463
2193 917
2193 1582
1347 1132
1347 962
52 553
52 309
52 88
52 1583
52 1584
52 125
52 1585
52 1586
52 1587
2194 1588
1404 799
1142 89
1142 79
1142 1589
1142 1590
1142 772
1142 1591
1888 742
1513 23
2195 6
2195 1104
412 65
412 1429
412 880
299 299
299 1090
299 1299
142 59
142 61
142 1197
142 968
142 454
142 182
142 911
142 1592
142 181
142 576
142 912
2196 1593
1879 135
1256 1099
2197 1308
791 1594
181 910
181 306
181 203
181 1595
181 1596
181 142
181 597
181 278
181 557
181 728
181 26
181 209
181 1374
181 1597
181 41
181 1598
181 1520
181 474
181 1599
181 371
181 1600
181 1601
181 562
181 1475
181 1267
181 1602
181 349
181 391
181 1603
80 72
80 446
80 1604
80 1101
80 1191
80 1263
80 1605
80 1201
80 926
80 38
80 762
1277 407
2198 304
318 98
318 835
318 338
318 454
318 94
318 595
318 68
318 1426
2199 26
391 152
391 975
391 708
391 181
391 1606
391 1202
1115 1607
1115 1608
756 219
756 2
756 1609
756 1610
2200 1611
2201 1612
2202 1613
769 305
769 289
769 843
2203 39
790 1614
790 513
490 83
1663 150
1338 68
1338 136
1338 1450
1338 98
1338 26
1357 1313
1357 909
1357 1615
1671 1616
833 1007
1199 1588
1199 460
1514 968
1514 201
624 332
624 297
624 819
624 593
624 150
624 252
1445 583
1711 692
1540 75
1853 290
244 466
713 72
713 875
713 1313
713 1617
713 41
713 891
713 713
713 1618
377 195
2204 1619
2205 185
1801 1620
1801 347
372 929
1321 301
1321 47
1321 182
1321 32
189 844
683 47
683 747
2206 1621
2206 1622
0 375
0 1623
0 120
0 465
0 1624
0 639
0 79
0 600
0 604
0 410
0 1625
0 22
0 1183
0 1626
0 1377
0 1627
0 1628
0 162
0 1512
0 154
0 1269
0 1041
0 10
0 86
0 168
0 419
0 189
0 9
0 11
0 68
0 598
0 967
0 1629
0 623
0 1630
0 1631
0 282
0 210
0 182
0 1515
0 46
0 1074
0 520
0 1632
0 1018
0 348
0 560
0 270
0 946
0 1003
0 16
0 304
0 303
0 1633
0 1350
0 1634
0 1341
0 291
0 1635
2207 238
1723 1503
1723 196
2208 554
1152 26
1769 173
1023 429
1325 553
1325 1636
1325 420
1325 1637
1325 321
67 911
67 918
67 454
67 59
392 365
392 130
392 708
1215 1274
1215 68
1215 11
1215 888
1215 304
2209 719
968 1150
968 501
968 500
968 1514
968 137
968 837
968 11
968 1638
968 142
968 68
575 573
1745 592
1745 1639
1745 1640
1745 270
1745 1641
1266 1642
1266 345
1471 49
1751 342
1767 536
592 292
592 1643
592 393
592 687
592 1644
113 242
1652 425
365 95
365 745
365 1645
365 504
365 684
1581 806
1581 1646
330 495
1015 72
1015 1138
2210 1647
2211 75
1732 1648
1732 636
1732 607
1732 125
1732 18
1732 1342
2212 821
147 1101
147 684
147 1649
147 757
147 598
147 190
1089 553
1089 1650
1089 1651
1089 12
1089 1072
1089 582
2213 656
1703 182
1703 304
2214 639
512 79
512 65
512 45
425 152
425 480
425 416
425 1652
425 347
425 426
1746 58
918 59
1310 639
2215 420
2216 149
112 1473
112 242
112 253
112 72
112 102
150 59
150 898
150 1653
150 624
150 410
150 1654
150 130
150 153
150 1655
150 659
150 647
150 717
150 26
150 508
150 1656
150 1657
150 1286
150 499
150 1658
150 586
150 965
150 1659
150 1377
150 1660
150 436
150 2
150 1047
150 663
150 1661
150 45
150 953
150 215
150 102
150 592
150 1003
150 31
150 125
150 17
150 1662
150 1663
1192 1527
1192 1038
17 396
17 52
17 784
17 314
17 1290
17 654
17 1058
17 175
17 150
17 345
942 582
942 963
1461 174
1461 314
1465 34
1465 49
1465 1664
2217 1270
1857 136
1857 303
2218 164
316 215
1674 1665
1674 1523
1173 0
1173 1666
1173 1646
1173 35
1173 1102
411 1506
411 664
411 234
875 39
875 713
648 27
648 410
648 1667
648 537
648 213
648 154
648 1668
648 540
648 77
648 204
648 454
648 34
648 342
648 50
648 589
648 526
648 719
648 587
648 45
2219 1669
661 1670
906 155
1616 1671
2220 26
1057 261
1217 446
1370 1672
2221 819
1523 1673
1523 1674
116 522
116 26
116 1490
116 552
116 68
116 1675
443 1676
443 895
443 437
443 746
2222 304
72 59
72 1015
72 295
72 1677
72 188
72 78
72 783
72 569
72 1336
72 1678
72 508
72 209
72 1679
72 333
72 1245
72 68
72 88
72 1153
72 1130
72 1475
72 732
72 308
72 112
72 210
72 817
72 1680
72 1247
555 647
555 471
555 722
453 250
453 1681
453 675
1778 1637
684 271
684 1682
684 47
684 26
684 471
684 579
684 1132
684 161
684 32
684 1207
684 198
684 199
684 977
684 147
684 685
684 468
684 1085
684 1683
267 390
267 421
267 253
267 102
2223 88
1622 21
1833 88
117 1237
117 1684
117 117
117 1160
117 26
117 185
117 1503
117 2
117 1047
117 304
117 923
117 119
117 582
117 146
1241 1685
1241 76
1241 817
1241 17
5 182
5 1686
5 1687
65 135
65 59
65 1514
65 412
65 1688
65 1689
65 1074
65 743
65 544
65 19
65 368
65 1690
65 1449
65 1004
65 940
65 1691
65 123
65 968
65 805
65 1692
65 182
65 401
65 318
65 1041
65 72
65 27
65 1496
65 261
65 832
65 1072
2224 1693
814 106
447 48
2225 10
729 1344
729 114
729 753
2226 425
1656 410
1656 150
2227 702
486 784
1702 82
1702 304
1807 333
1807 26
1807 1694
1882 1695
1882 638
105 47
105 88
105 1126
105 31
105 1696
105 130
105 94
105 1697
105 1698
2228 75
1203 1699
1 1183
1 157
1 123
270 0
270 1438
1061 85
304 338
304 1651
304 544
304 78
304 334
304 1700
304 247
304 835
304 943
304 1295
304 419
304 806
304 1450
304 298
304 1701
304 471
304 1702
304 1703
304 1704
304 437
304 926
304 1705
304 1215
304 1706
304 1503
304 388
304 6
304 1707
2229 385
444 437
444 411
444 465
444 6
1409 420
2230 475
1330 1604
1330 194
1330 88
1330 45
1330 1708
1050 1709
1050 333
1050 205
1050 61
1050 160
2231 79
2231 745
2232 245
2233 1118
588 1658
588 854
588 503
588 88
588 557
916 1710
916 39
916 1711
1820 1712
1308 285
1308 0
1308 1713
821 821
821 1714
821 271
109 1341
109 1162
109 153
109 26
109 1715
109 75
109 1132
109 1479
109 483
109 34
109 1716
109 682
109 145
109 304
2234 553
313 292
2235 112
114 1717
114 604
114 1718
114 564
114 1467
114 659
114 1719
114 1720
114 1319
114 729
114 435
114 368
114 10
114 1295
114 574
114 760
114 557
114 471
114 1046
114 1721
114 1187
114 354
114 40
114 914
114 663
114 716
114 1262
114 1722
114 503
1210 197
1210 416
81 307
2236 109
2236 11
2236 105
2236 642
2237 75
1592 290
1592 142
1592 746
196 802
196 199
196 1296
196 1723
196 249
2238 964
1496 65
558 10
610 911
610 762
610 1724
610 61
610 564
1783 721
1841 183
30 396
1223 170
1087 806
2239 1725
1811 826
630 745
630 69
630 1197
630 75
630 1016
630 94
630 1726
630 1591
630 61
1621 125
151 1727
151 999
151 385
151 1034
151 185
151 79
151 1728
151 2
151 1729
151 1730
151 34
151 745
151 131
151 1046
151 1731
715 754
715 570
1856 1182
127 951
2240 332
2241 525
1648 1732
940 183
940 595
2242 2
2243 298
2243 653
2243 473
1458 591
546 1124
1236 1733
1236 498
1236 1734
2244 34
884 1097
884 1618
884 1735
335 914
335 79
335 1038
335 832
335 938
335 1736
335 773
694 1737
694 1738
515 688
515 545
515 150
515 574
515 1115
515 20
515 45
516 95
2245 1038
876 1237
876 1739
876 1041
876 39
876 1689
876 1740
2246 516
2247 1741
2248 1742
1609 756
966 1565
966 268
1366 96
1498 500
834 58
834 390
834 1682
834 1343
700 373
700 77
1654 150
1760 666
2249 175
2250 34
728 181
728 673
728 423
914 290
914 335
914 669
727 1222
1269 309
368 1675
368 962
368 1524
368 204
368 22
368 65
368 609
368 94
368 1743
368 762
368 114
368 1744
248 102
829 325
226 58
226 544
226 26
226 1047
226 388
226 290
226 414
226 680
226 95
226 195
226 47
226 1554
226 348
226 1069
226 1185
1641 191
1641 1745
2251 125
475 533
475 910
1078 608
1078 46
58 446
58 26
58 1685
58 185
58 599
58 2
58 1746
58 984
58 899
58 718
58 34
58 1747
58 226
58 926
58 1074
58 1511
58 1748
58 39
58 1145
58 98
2252 838
378 491
1029 750
704 37
1130 72
1130 1040
1130 1444
1130 297
1130 125
1130 992
200 1749
200 63
200 956
200 1004
200 274
200 1506
132 127
132 544
132 195
132 11
132 951
132 548
1665 1674
1665 1645
852 292
1268 309
825 84
825 369
825 1750
825 201
1478 1235
2253 1751
541 139
689 1236
689 1187
689 745
2254 98
1424 960
430 723
430 1752
430 644
430 663
430 944
530 1237
530 166
530 1753
751 1754
4 757
1789 688
1512 38
1512 564
1512 0
485 784
587 894
587 648
587 328
587 1755
2255 1756
262 112
262 241
1216 553
1216 588
1216 193
2256 454
2256 11
2256 1479
2256 4
1511 58
1691 65
1659 150
395 1524
395 61
395 572
395 175
395 1757
395 39
395 88
2257 86
2257 1758
2257 314
1126 105
1126 94
873 778
873 309
873 468
873 720
514 45
280 755
666 410
666 47
666 1759
666 49
666 1760
666 536
666 390
666 250
666 1169
904 583
904 441
904 155
904 26
1331 374
1331 304
138 396
138 24
138 377
2258 162
217 658
217 229
172 1221
172 531
172 75
2259 857
1247 72
1247 349
247 102
247 1244
247 1761
735 558
735 1762
619 807
2260 1763
12 1187
12 1451
12 745
12 86
12 1513
12 604
12 1343
12 68
12 1089
12 227
2261 794
320 552
320 1764
719 11
128 951
1292 1272
1292 59
1292 878
1292 631
799 1319
799 328
799 1404
799 1262
799 1765
799 34
799 226
799 47
799 302
645 390
645 59
645 748
645 1110
645 294
645 1766
645 310
645 1044
1721 114
1694 79
536 1767
536 1768
536 798
536 386
536 666
2262 185
173 825
173 42
173 531
173 49
173 1769
991 63
991 960
991 991
471 1770
471 410
471 1771
471 4
471 1772
471 739
471 868
471 388
471 26
471 1308
471 1773
471 594
471 1326
471 343
471 68
471 1774
471 114
471 117
471 328
471 720
471 1663
471 34
471 1682
471 248
471 861
471 304
471 819
471 1775
471 1181
471 684
471 1120
471 1274
986 1120
986 1776
146 1777
146 1162
146 806
146 179
1197 553
1197 26
1197 1704
1197 226
1197 1619
1197 142
1197 630
1197 461
1637 131
1637 1778
2263 384
2264 593
227 676
398 380
322 112
1504 34
885 763
1178 454
1178 817
867 702
867 1054
467 78
467 604
467 1486
467 40
1303 309
2265 628
2266 482
2266 1424
450 965
33 1779
33 396
33 708
33 302
33 1059
2267 552
2267 78
2268 1102
721 354
721 1780
721 393
721 1324
721 78
721 1781
721 1782
721 1783
193 762
866 1784
866 328
866 537
866 155
866 1330
866 1785
866 1132
866 129
866 819
866 1786
866 1787
866 1788
866 659
866 302
2269 1789
1781 721
811 1623
811 1790
919 920
919 171
919 912
1531 341
468 750
468 1121
693 344
693 65
693 613
693 950
693 1791
134 1753
134 499
40 652
40 718
40 1792
40 856
40 1793
40 183
40 191
40 503
2270 1033
1805 813
1805 740
1239 1794
1239 389
600 117
600 798
600 26
600 154
600 589
600 1795
600 587
600 1796
600 1797
600 323
600 1374
600 1798
600 171
600 298
600 1799
600 796
118 118
118 155
167 1800
167 45
2271 861
1032 1097
347 1801
347 1802
347 425
148 1803
1870 98
382 379
382 680
289 769
289 1686
289 1519
813 1804
813 1805
813 487
789 1806
789 513
789 789
789 1529
789 1618
1318 47
284 1762
284 584
284 296
284 2
284 1761
284 646
284 1055
284 952
1595 181
2272 79
1170 589
982 627
982 373
595 440
595 1593
595 34
595 656
595 95
595 318
2273 1524
333 72
333 1807
333 1808
333 1809
333 310
333 95
333 1810
1844 636
826 562
826 84
826 1811
826 1309
1619 13
2274 1506
286 1463
2275 626
479 0
479 583
479 784
479 45
479 79
2276 498
2277 99
596 366
2278 468
1838 125
1838 397
1838 380
2279 784
2280 1812
898 3
898 150
174 410
174 374
174 1348
174 1813
174 1814
174 199
174 94
174 1815
174 1461
174 698
174 471
2281 1003
1355 506
1435 1816
1435 18
1620 1801
1620 1817
449 495
449 150
334 1818
334 299
334 2
334 304
334 1059
334 376
334 1244
334 1216
334 792
1587 52
1587 630
798 536
798 99
798 250
798 857
798 1819
1712 1820
1712 522
1712 138
2282 1821
1093 38
1093 63
1093 1822
1093 47
1093 1046
2283 34
272 34
272 472
272 544
272 272
2284 80
2285 219
2286 368
2286 419
2287 34
305 59
305 250
705 26
1162 1285
1162 421
1162 511
1162 109
1162 1479
1153 72
1153 756
1153 907
1153 26
709 1102
837 968
837 26
837 509
837 498
837 1035
837 708
2288 1823
2289 50
1583 52
618 807
618 620
427 152
426 152
426 1824
426 425
311 84
311 215
2290 478
1026 50
1026 646
1026 1825
22 1442
22 1826
22 410
22 153
22 589
22 368
22 1503
22 657
22 204
22 1562
22 1827
22 1828
22 1041
22 22
22 341
22 1824
22 1829
22 723
22 0
22 1830
22 1155
1643 592
1643 1644
1840 214
1840 104
1410 34
1410 117
1715 109
119 185
2291 1831
1298 553
601 88
601 1443
345 868
345 544
345 1832
345 147
345 523
345 79
345 1266
345 482
345 1047
345 441
345 488
345 17
345 872
345 691
345 250
345 1163
1046 114
1046 88
88 135
88 312
88 225
88 440
88 1330
88 639
88 79
88 1833
88 152
88 1834
88 341
88 376
88 39
88 743
88 859
88 1607
88 105
88 300
88 544
88 26
88 540
88 1656
88 90
88 1835
88 760
88 601
88 511
88 1046
88 52
88 117
88 153
88 395
88 1723
88 40
88 1432
88 63
88 104
88 663
88 1503
88 1836
88 1743
88 516
88 600
88 385
88 102
88 27
88 778
88 586
88 583
88 17
88 722
88 130
88 762
88 1357
88 1837
1660 419
1795 600
1750 825
1750 1838
15 129
1255 416
2292 1041
214 1041
214 1839
214 1840
214 45
214 119
2293 1045
874 651
2294 325
1893 125
2295 1651
2296 810
1159 1766
2297 986
614 687
614 176
351 1155
351 1199
569 145
569 72
1135 46
1649 369
1649 147
1597 181
1597 78
1668 648
771 1187
771 89
771 68
771 47
771 291
2298 1199
2299 695
183 1841
183 184
183 40
183 1842
183 889
183 1843
183 525
183 45
1554 75
251 72
251 102
2300 26
636 636
636 1844
636 297
636 1344
636 949
636 302
901 103
561 306
1692 65
1311 1845
1311 1355
2301 79
2301 644
2302 291
2302 1846
2303 750
2303 1847
1069 131
1069 75
841 26
841 63
841 1848
841 34
841 864
841 1849
1440 348
572 894
572 1359
572 1850
1141 46
2304 235
2305 1818
2305 376
82 1851
1403 497
1403 1375
290 914
290 24
290 1852
290 1231
290 564
290 226
290 1592
290 1853
1726 63
1167 1119
737 1452
1655 150
1425 439
1124 388
1124 546
1124 1630
1124 232
1124 1003
1124 771
1124 94
1124 731
1124 828
1124 319
1124 746
2306 79
2307 80
2307 234
1064 1519
1408 1854
1297 553
1297 1766
1406 369
1300 149
2308 131
649 75
649 419
649 1432
649 1789
1246 559
805 1250
805 68
805 46
805 386
805 720
186 1855
186 1475
186 176
186 292
820 75
820 543
1043 902
1043 199
1043 1182
1043 1335
1043 910
1182 1044
1182 1856
803 221
803 1647
787 513
2309 135
2310 1748
2311 636
303 0
303 1631
303 11
303 1857
303 303
108 754
108 1858
108 77
108 239
108 99
2312 186
1134 46
997 390
997 34
1394 130
2313 1075
296 373
1612 75
1612 1859
994 390
508 72
508 864
508 720
508 150
508 593
508 1860
508 45
508 85
2314 1861
415 152
50 1862
50 120
50 522
50 1065
50 1420
50 894
50 79
50 1026
50 782
50 410
50 646
50 22
50 885
50 1169
50 47
50 26
50 206
50 648
50 1666
50 1863
50 693
50 1864
50 1865
50 1866
50 282
50 199
50 385
50 1867
50 778
50 201
50 125
50 1825
50 327
50 1409
277 912
201 544
201 479
201 1514
201 92
201 956
201 1212
201 11
201 1809
201 401
201 47
201 43
1248 224
2315 1868
394 175
1714 821
1714 79
253 978
253 59
253 601
253 102
253 261
253 63
253 112
253 253
253 258
253 452
253 301
253 267
253 179
253 278
399 380
459 250
1869 1869
2316 765
2316 508
98 1870
98 1276
98 1871
98 1338
98 1872
98 834
98 1873
98 467
98 687
98 1732
98 593
98 34
98 1874
98 967
98 457
98 1459
98 318
98 1875
98 363
98 1876
98 1363
607 734
607 59
607 857
607 1348
607 1732
607 1452
740 1805
740 692
1261 26
2317 950
2317 1288
212 978
212 1467
212 1216
187 552
2318 1041
891 1877
891 713
891 1878
1634 0
1708 185
135 396
135 410
135 506
135 1741
135 586
135 1835
135 193
135 65
135 731
135 131
135 659
135 1879
135 1880
1814 26
2319 920
92 125
92 201
92 639
2320 1881
454 1187
454 59
454 1502
454 675
454 648
454 67
454 318
454 142
454 762
457 98
670 245
950 47
950 94
950 638
950 1072
2321 988
638 647
638 950
638 1882
638 95
1666 1173
77 50
77 648
77 969
77 700
77 498
77 199
77 79
77 1415
77 108
1835 135
1835 88
1491 103
2322 888
100 385
100 798
100 63
100 893
100 1449
100 195
585 1883
60 125
60 306
2323 1884
1877 1878
255 102
2324 390
732 75
732 1502
980 373
1503 117
1503 88
1503 1723
1503 109
1503 304
1503 22
1503 17
1027 750
171 968
171 531
171 1147
171 835
171 208
171 122
171 35
171 600
171 919
171 303
2325 112
1509 1665
1509 127
1509 388
1509 32
2326 659
1862 50
1862 77
1862 630
59 72
59 150
59 454
59 67
59 911
59 918
59 191
1878 891
1231 290
1231 466
1231 458
1231 143
1231 77
1834 1351
1834 354
2327 325
6 522
6 26
6 599
6 1885
6 444
6 612
36 396
36 36
2328 1886
1626 0
1626 598
816 1887
816 442
1522 702
1296 593
1296 553
1296 196
1263 80
742 898
742 325
742 34
742 1888
742 35
742 1813
742 341
742 1181
742 269
742 129
978 1889
978 253
2329 503
329 495
2330 63
178 295
1071 651
2331 188
2331 72
2331 59
2332 40
892 985
2333 147
1568 75
1128 43
125 1462
125 1430
125 92
125 103
125 630
125 1294
125 544
125 26
125 23
125 1732
125 50
125 419
125 1518
125 1618
125 1890
125 1891
125 1892
125 28
125 888
125 34
125 274
125 700
125 1838
125 580
125 75
125 323
125 1893
1139 328
1139 47
1139 46
1638 968
1638 613
2334 826
1426 379
2335 659
283 375
283 356
283 328
283 433
283 271
