852 0
852 1
852 2
852 3
852 4
852 5
852 6
852 7
852 8
852 9
852 10
852 11
394 12
394 13
394 14
394 15
394 16
394 17
394 18
394 19
394 20
394 21
650 22
650 23
650 24
650 25
650 26
1781 27
1781 28
1782 29
1782 30
246 31
246 32
246 33
246 23
246 34
246 35
246 36
246 37
246 38
246 39
246 40
246 41
246 42
246 43
246 44
246 45
246 46
246 47
246 48
232 49
409 50
409 51
409 52
409 53
1545 54
101 55
1783 56
1530 57
1530 58
1530 59
510 60
510 61
510 62
510 63
353 64
353 65
353 66
112 67
112 68
165 69
165 70
165 52
165 71
165 30
165 72
165 73
190 63
190 74
190 75
190 76
869 77
869 78
1784 79
1784 80
196 81
1785 82
1786 83
249 24
249 84
249 85
249 86
249 87
249 88
249 89
249 90
249 91
249 92
249 93
249 94
249 95
249 8
249 48
881 96
881 97
137 98
137 99
137 85
137 100
137 101
137 102
137 103
137 104
137 105
137 27
137 106
137 107
137 108
137 42
137 109
137 110
68 111
68 112
68 113
68 114
227 115
227 116
227 117
227 118
227 119
227 120
227 121
227 21
1787 122
1251 123
1251 124
1251 125
1251 126
1148 79
1148 11
1148 127
1010 41
710 128
351 129
351 130
802 131
802 107
802 132
110 133
110 134
110 135
110 136
110 137
753 138
753 139
753 140
753 141
753 23
753 142
753 143
753 144
753 21
773 0
773 145
773 146
773 147
773 148
773 149
773 150
773 122
194 151
194 152
194 153
194 154
194 155
194 156
194 157
194 158
194 48
194 65
194 159
194 42
194 160
194 161
194 162
194 163
194 164
194 30
194 165
194 166
194 167
194 168
194 169
194 170
194 20
1256 119
1788 99
100 171
100 172
100 173
100 174
100 175
100 176
1268 177
1268 178
1789 179
554 180
554 181
554 182
554 27
554 55
554 183
205 30
205 184
1790 185
1791 186
1792 187
1556 188
63 189
63 190
63 191
63 192
1314 193
422 194
422 195
422 196
422 197
422 198
422 199
422 200
789 201
202 139
202 202
202 107
1793 160
1670 11
1670 203
404 204
404 30
1794 205
259 187
259 206
259 67
259 207
259 27
259 208
259 209
259 210
259 211
259 80
259 212
259 213
259 214
863 215
374 216
374 217
679 218
679 219
665 220
665 221
756 222
1652 90
1795 90
1615 223
734 224
1744 225
1796 119
1797 226
116 116
116 227
1501 228
49 229
49 230
49 231
49 232
49 22
49 16
49 233
49 234
49 41
49 235
1258 148
743 236
743 237
743 16
743 238
743 239
743 30
743 240
743 241
1798 242
850 243
1799 244
1480 245
1800 27
749 142
749 246
749 247
92 248
92 249
92 250
92 107
92 240
92 251
92 124
92 252
759 253
759 222
759 254
759 255
1801 256
1705 257
941 258
860 215
208 259
208 246
208 260
1802 261
737 262
737 263
737 90
737 224
737 107
737 264
737 265
1803 256
1234 266
471 93
607 267
607 268
607 269
764 99
764 198
764 270
1804 271
828 272
828 40
1504 273
1780 274
1780 275
1109 276
1109 277
498 169
857 278
857 139
1805 279
285 280
285 281
1586 23
1806 23
1806 282
730 283
730 284
730 54
730 285
730 286
730 257
730 108
730 230
730 287
1807 288
1608 48
513 104
902 107
902 289
333 290
333 291
333 292
333 293
333 294
35 51
35 39
1599 295
1599 296
1808 297
1809 298
1810 299
1131 22
1131 236
1056 173
1056 300
647 17
1668 301
956 302
1717 303
211 259
211 304
211 20
211 281
211 305
1325 107
1811 306
1812 154
1812 307
1813 308
970 309
1814 310
1815 114
1815 275
1816 0
1816 311
1163 24
1163 312
1773 313
39 246
39 145
39 290
39 314
39 76
1456 315
71 0
71 236
71 316
71 22
71 317
71 318
71 319
71 165
133 150
133 110
133 320
1693 321
1297 322
1121 323
1121 250
1121 324
1121 325
1121 326
1121 9
694 280
694 327
694 328
1770 329
1817 330
1818 27
1164 331
1819 72
1409 332
233 333
529 76
1040 334
1820 335
1510 118
1331 336
74 24
74 190
74 337
74 169
74 338
74 137
74 150
1438 228
1438 339
1438 340
1438 341
518 104
1170 275
1341 73
1710 342
1710 306
1821 343
1822 344
87 249
87 345
87 346
349 347
349 348
349 349
349 350
66 351
66 352
66 198
66 353
1823 354
724 355
1824 356
594 19
594 357
1420 0
1365 358
1365 335
555 27
1742 359
1742 360
365 361
365 237
365 362
365 363
365 364
365 16
365 17
365 365
365 139
365 366
365 135
365 74
368 367
368 368
1825 369
152 370
152 371
152 372
152 194
801 131
801 122
1826 373
1632 251
1632 275
216 374
216 375
1614 332
1827 376
432 55
432 230
688 377
688 200
688 378
688 379
688 41
1077 236
1077 267
631 380
631 50
631 381
631 382
862 215
862 145
862 75
841 96
841 383
546 384
546 76
1828 385
191 63
191 386
191 387
191 379
191 388
191 389
191 207
191 390
191 391
191 392
191 199
191 191
16 248
16 49
16 192
16 393
16 23
16 394
16 129
16 90
16 238
16 395
16 130
16 366
16 124
16 396
16 397
16 153
1458 42
1458 398
816 67
816 399
816 400
1829 31
30 381
30 401
30 402
30 56
30 403
30 404
30 405
30 106
30 107
30 406
30 68
30 194
30 407
30 48
30 408
30 220
30 243
30 409
30 410
30 73
30 16
30 411
30 412
30 413
30 121
30 376
30 0
30 414
30 181
30 148
30 205
30 415
30 416
30 417
30 418
30 328
206 126
784 141
784 245
784 419
85 420
85 421
85 422
85 153
85 105
85 423
85 137
85 424
85 425
85 332
85 181
85 426
85 427
85 428
85 42
85 256
85 429
85 430
85 431
85 121
85 432
85 79
85 433
85 85
85 434
85 393
85 130
435 435
435 436
435 437
1830 438
716 85
716 395
716 0
911 423
1376 439
1376 199
1344 207
1831 440
192 236
192 202
192 16
192 441
192 192
192 442
192 443
1832 444
154 445
154 167
154 139
154 446
154 413
154 447
588 448
588 449
1833 50
1247 450
1001 63
1001 138
1001 451
1001 452
1001 453
1001 454
1001 455
1001 275
1001 456
1001 457
1001 458
1001 459
1001 460
1001 461
1001 462
1001 463
1001 464
618 465
1834 466
1303 467
1303 468
1303 239
1303 100
1303 338
1094 469
1094 470
1094 21
1194 2
1194 367
1194 471
875 472
478 473
478 474
1835 475
441 128
441 476
474 477
474 478
474 473
614 479
614 426
121 276
121 152
121 480
121 481
121 482
121 483
121 484
121 485
121 181
121 426
121 115
121 472
121 326
121 41
121 486
121 227
121 269
121 487
121 140
121 129
121 488
121 149
121 30
121 268
121 489
121 85
121 379
121 40
121 490
121 491
121 324
121 416
121 278
121 145
121 492
1836 493
1836 494
1836 495
612 496
169 497
169 498
169 499
169 500
169 501
473 12
473 502
473 67
473 478
473 503
473 504
473 505
473 506
473 118
473 507
473 269
473 508
1837 349
151 194
151 509
61 510
61 511
1053 173
1053 512
1577 23
104 24
104 513
104 400
104 23
104 52
104 17
104 514
104 515
104 27
104 516
104 314
104 517
104 137
104 145
104 11
104 518
1838 519
76 520
76 521
76 14
76 522
76 523
76 524
76 525
76 526
76 527
76 528
76 529
76 530
76 531
76 532
76 194
76 533
76 534
76 23
76 419
76 535
76 536
76 537
76 538
76 539
76 11
76 310
76 540
76 217
76 50
76 16
76 541
76 542
76 543
76 544
76 373
76 284
76 190
76 376
76 400
76 545
76 546
76 547
76 17
76 40
76 548
76 549
76 550
76 295
1839 350
1839 305
684 183
684 551
684 552
684 296
1840 114
27 553
27 332
27 554
27 555
27 556
27 10
27 107
27 557
27 558
27 48
1550 559
1550 560
428 561
428 562
428 440
428 563
428 339
428 564
428 41
428 565
428 11
428 566
1841 121
574 567
214 568
214 569
214 114
214 339
214 517
214 259
214 570
214 214
1235 170
1235 51
1398 571
1398 359
1842 572
1517 573
658 138
1110 207
1110 262
1843 574
1843 575
1844 576
461 48
461 577
461 578
461 579
461 580
461 581
461 582
933 583
1384 43
1743 584
1845 585
913 586
913 587
480 359
449 84
449 588
281 589
281 568
281 211
281 590
281 23
281 333
281 285
281 76
281 591
281 592
281 207
281 205
281 21
593 593
19 394
19 594
1846 179
1846 595
645 596
645 597
645 598
1215 599
1215 600
53 409
1016 601
1016 125
1016 602
1016 175
1016 603
1016 145
636 604
636 605
1847 606
1847 607
887 608
887 198
1122 199
514 104
514 468
514 124
514 609
514 610
1848 97
823 611
823 124
496 240
496 496
496 612
1572 613
1704 257
167 194
167 614
167 40
997 419
1849 0
1849 248
314 615
314 90
314 119
314 327
314 104
314 616
1281 617
1281 501
961 618
996 419
996 619
951 141
620 620
1645 621
575 362
575 622
575 623
575 624
575 625
575 626
397 16
397 627
397 551
937 10
1850 628
1850 559
1851 67
1851 394
1851 30
1852 338
1008 629
50 630
50 631
50 175
50 26
1774 632
1774 633
1774 634
1853 41
129 16
129 635
129 121
1140 80
467 16
467 55
467 636
467 426
1854 637
1854 638
1161 639
393 24
393 16
393 303
393 640
393 317
393 173
393 641
393 240
393 107
393 642
393 202
643 643
1476 644
1855 349
596 645
646 24
646 379
646 224
646 117
646 390
646 646
1856 647
883 608
24 648
24 649
24 650
24 92
24 104
24 651
24 562
24 652
24 428
24 41
24 11
24 646
24 114
24 653
24 395
24 654
24 75
24 655
24 400
24 393
24 656
24 657
24 586
1857 658
1236 659
94 249
94 11
94 269
1267 660
1638 661
1638 399
912 587
912 662
1183 663
220 363
220 250
220 92
220 107
220 94
220 664
220 48
220 665
220 666
220 41
220 667
220 668
220 177
220 30
220 669
220 43
220 670
220 400
220 671
220 672
220 17
220 126
220 269
220 673
220 207
220 674
1858 675
1315 109
218 14
218 676
218 505
218 677
218 678
218 124
218 679
897 502
843 125
843 680
1323 41
1068 681
1859 682
183 683
183 617
183 684
1133 41
1133 236
1597 685
379 686
379 248
379 117
379 195
379 687
379 688
379 689
379 690
379 30
379 40
379 390
379 442
379 646
379 691
379 121
379 86
1071 692
1176 693
1364 694
1364 695
977 547
977 653
977 696
977 697
989 317
989 698
989 699
553 577
1860 7
105 6
105 85
1861 222
677 218
1062 700
1062 701
1062 305
1862 107
572 702
572 32
1863 395
1218 497
1218 686
1218 703
1864 381
476 704
476 441
1865 705
767 90
1866 104
1866 628
1866 706
1866 376
1746 347
1128 707
1128 236
1128 708
1128 221
1128 1
1128 709
128 29
128 333
128 710
128 319
128 711
128 124
128 46
592 712
592 281
906 361
906 713
906 17
837 714
1867 132
1868 715
1869 716
1870 717
328 139
328 199
849 544
849 718
13 411
13 719
1722 96
1722 63
1722 277
1722 698
1722 231
1336 420
1336 720
1336 135
1336 721
1336 516
1336 104
1336 390
1336 610
1643 722
1871 585
1759 723
536 76
1766 426
1766 349
1766 21
1649 90
1872 220
1872 355
1872 724
1872 674
1294 725
1294 726
921 727
1873 728
1874 48
1385 43
1385 41
812 729
1629 686
304 730
304 731
1259 148
1259 732
1259 733
1571 367
224 734
224 23
224 735
224 46
224 736
224 737
224 80
224 256
224 252
224 486
1875 738
1875 739
1876 740
567 574
567 741
567 490
31 249
31 742
31 426
237 743
237 55
237 365
237 338
1285 202
1588 23
1588 670
1877 744
142 745
142 469
142 29
142 746
142 747
142 748
142 749
142 750
142 107
142 751
142 588
142 390
142 752
142 753
222 754
222 755
222 756
222 757
222 758
222 759
222 760
222 212
1878 761
1291 199
1730 762
811 408
1563 352
1563 269
1879 321
1093 469
198 0
198 85
198 48
198 763
198 66
198 422
198 550
198 764
931 601
931 703
1880 84
1880 765
1881 766
1882 137
1675 96
1675 767
1675 90
1162 675
1348 119
1883 544
1883 759
307 135
174 487
174 125
174 100
938 552
1540 41
316 768
316 125
316 515
316 149
316 119
316 71
316 41
316 448
1884 425
1885 275
604 333
106 480
106 134
106 83
106 769
106 137
106 278
106 145
638 770
638 239
638 408
1886 771
150 12
150 469
150 134
150 74
150 772
150 93
150 240
150 133
150 175
150 773
1003 774
1003 775
814 776
814 777
980 181
980 305
1648 778
1648 551
1887 779
141 780
141 465
141 67
141 689
141 781
141 782
141 783
141 784
141 785
141 256
141 753
1030 704
1030 240
1888 786
1888 249
1888 133
1888 787
201 788
201 181
201 493
201 789
201 551
201 790
201 495
628 791
628 107
628 569
1889 792
1727 793
1445 139
1445 579
1890 236
1891 248
1891 119
1891 794
1892 487
75 276
75 400
75 175
75 439
75 145
75 557
272 129
1893 306
1893 165
1587 795
490 567
490 390
490 256
490 670
490 121
485 796
485 387
485 181
485 23
485 269
485 797
485 121
516 104
516 361
516 8
516 798
1894 799
131 800
131 801
131 802
401 803
1339 547
615 804
580 461
1895 805
1896 617
1897 393
1897 606
408 425
408 117
408 806
408 807
408 271
408 222
408 808
408 30
408 809
408 42
408 810
408 811
729 812
1102 80
1102 813
1102 503
1898 145
1899 548
1899 814
350 636
350 437
350 333
1430 815
113 816
113 481
113 117
113 68
113 817
1208 818
1208 31
1208 560
1208 819
1208 395
1208 820
1900 204
1901 821
1574 822
1574 484
959 683
959 179
1573 823
1573 824
1573 17
1039 825
1039 826
1039 539
1902 428
40 827
40 236
40 379
40 828
40 640
40 426
40 829
40 76
40 121
958 0
958 148
958 830
958 718
958 419
958 831
958 348
958 818
1105 400
1002 832
1002 178
1903 833
1904 544
189 171
189 63
189 660
1282 834
1282 835
1282 338
714 836
714 837
1905 79
1905 512
1354 838
747 194
747 824
747 181
747 294
747 238
747 723
747 142
1481 629
1481 839
1481 840
383 841
1906 343
598 842
598 54
377 688
377 86
680 843
1692 844
1907 487
1135 845
1135 544
1135 148
1135 846
1135 847
1503 848
544 849
544 850
544 509
544 121
544 76
803 851
803 401
803 852
803 853
803 854
803 855
803 856
803 110
687 48
687 379
687 557
687 27
687 857
687 858
687 859
215 248
215 860
215 127
215 22
215 861
215 528
215 862
215 863
215 121
1516 864
1516 865
396 16
396 339
396 866
396 867
396 868
396 41
396 124
78 651
78 869
78 408
799 119
1908 67
1908 870
1909 871
627 397
964 107
1910 263
1911 872
1912 197
1912 873
1912 874
472 562
472 389
472 875
472 876
472 319
472 877
858 349
858 54
719 85
719 765
719 842
719 277
719 175
719 41
719 878
1231 204
1231 649
1231 97
1231 879
1913 384
1639 880
1639 252
97 881
97 791
97 319
1914 882
608 883
608 884
608 355
608 23
608 17
608 481
608 885
608 359
608 107
608 886
608 90
608 887
608 888
1915 139
914 889
914 804
914 890
1916 891
1917 856
1701 67
375 181
375 892
375 893
375 207
375 705
375 476
1918 894
1918 648
1918 433
922 895
922 48
922 896
866 576
866 577
866 124
866 396
1919 139
1919 705
502 897
502 124
502 473
1196 898
1196 367
1196 332
1060 899
1060 716
1470 900
1470 769
1920 901
918 454
289 902
1496 134
1714 903
1686 11
264 904
361 905
361 365
361 516
361 906
945 907
1921 320
1922 83
197 313
1923 589
1923 324
1923 222
1923 422
1923 135
932 0
3 908
3 909
1013 910
1013 139
504 469
1924 22
423 911
423 559
587 912
587 913
833 914
1580 23
1580 126
946 907
253 314
712 592
712 34
1925 24
1287 199
1287 915
1368 916
487 893
487 174
487 917
487 121
1926 41
1193 918
1193 199
1193 230
1193 919
1595 708
1763 920
1927 343
896 921
896 100
896 134
896 922
896 327
896 23
896 41
896 199
1928 424
1928 517
1928 783
448 894
448 61
448 85
448 923
448 316
448 924
448 925
448 439
448 11
1428 269
1428 311
777 926
777 927
777 814
777 347
1302 293
1929 748
755 222
524 76
556 30
1708 928
1930 54
780 929
780 141
780 67
780 915
1623 580
1623 357
1931 652
1932 930
1612 332
1933 173
1934 192
1935 617
1253 171
1253 125
517 104
517 14
517 16
517 240
517 214
1936 931
1937 932
583 933
1392 145
430 85
1938 934
642 393
642 405
642 935
1726 936
33 23
33 256
33 15
33 246
33 635
1203 937
1203 46
1203 191
1203 797
1939 333
552 41
552 16
552 938
552 481
1940 939
550 940
550 941
550 547
550 76
550 198
550 942
146 773
1227 943
1227 23
1227 944
1103 400
1293 774
907 945
907 946
872 947
872 93
872 209
981 173
981 948
981 240
981 294
663 949
1941 16
1057 91
1057 0
1057 14
1942 16
1942 30
1943 724
1640 0
1640 950
1640 310
1640 139
1640 951
1640 948
1181 333
1181 762
1181 952
1017 175
1944 132
1945 0
1288 120
488 953
488 516
1946 376
1946 627
1946 90
1946 954
1946 199
1946 955
1222 400
1947 90
1054 173
1054 269
1948 956
348 158
348 248
348 349
348 90
348 957
348 958
348 959
348 960
348 124
348 76
348 557
348 961
1142 80
1142 723
1142 962
1949 261
1950 363
1951 43
1951 774
609 963
609 514
1322 964
319 415
319 646
319 899
319 48
319 965
651 78
651 24
651 327
532 84
532 966
532 176
532 967
532 968
532 251
532 969
532 11
532 532
727 921
727 114
727 688
727 970
727 800
727 239
727 832
727 257
727 971
727 359
727 241
727 9
727 972
727 544
577 973
577 974
577 461
577 139
577 975
1952 976
1953 977
223 332
223 512
706 978
1954 979
305 211
305 577
305 865
305 980
305 118
305 797
305 80
305 124
305 275
305 981
1397 982
1397 230
1397 950
1198 367
1198 262
829 546
829 443
1245 501
1245 983
1245 138
280 694
280 80
280 509
280 340
280 984
1955 486
477 963
477 474
1152 793
1152 985
1152 503
8 249
8 124
8 852
8 17
8 8
1956 147
1523 30
1523 986
1523 987
1523 988
698 989
698 583
698 469
698 835
698 292
1467 508
1566 12
1566 949
1957 990
475 318
153 991
153 16
153 774
153 85
1112 992
1958 574
1127 236
1374 256
954 291
1713 993
1228 411
1228 145
1228 52
1228 239
1041 994
1041 501
1959 333
1099 995
1099 107
419 996
419 195
419 997
419 838
419 998
419 76
419 999
419 473
419 1000
454 1001
832 419
832 1002
832 727
774 0
774 1003
774 153
774 1004
774 1005
774 1006
774 848
774 512
774 975
774 43
774 1007
774 639
629 839
629 411
629 1008
629 751
1960 1009
1960 302
1961 173
1405 41
1405 1010
1962 54
288 236
288 1011
910 1012
910 1013
1963 1014
175 852
175 319
175 150
175 532
175 380
175 181
175 1015
175 1016
175 1017
175 110
175 11
175 719
175 1018
175 100
175 50
175 278
175 1019
175 1020
175 75
175 944
175 400
175 238
175 468
175 786
175 508
1964 213
1964 119
1223 1021
963 1022
963 477
963 800
963 632
963 139
1414 363
1414 950
247 1023
247 749
247 1024
86 379
86 52
86 1025
86 377
86 1026
86 1027
1159 1028
1159 622
1159 1029
1159 736
1159 639
1081 48
1081 121
1965 362
704 1030
704 476
465 1031
334 1032
334 267
334 313
334 1033
334 1034
334 1035
334 381
334 759
334 1036
334 222
334 130
334 1037
334 1038
334 1039
334 75
334 1040
334 1041
1966 1042
778 950
778 1043
1330 107
1967 1044
99 1045
99 1046
99 670
99 771
99 48
99 508
99 1047
99 137
99 92
99 559
99 90
99 571
99 1048
99 1049
99 251
99 43
99 764
765 207
1519 1050
1519 557
1457 37
1457 124
1457 399
1457 1051
173 254
173 1052
173 91
173 100
173 400
173 139
173 1053
173 207
173 893
173 398
173 1054
173 1055
173 132
173 783
173 1056
173 1057
173 11
173 134
1048 99
1048 1058
1371 1059
1211 191
899 950
899 408
899 1060
899 23
899 67
899 652
899 107
899 256
899 1061
1427 384
1427 1062
1427 437
1427 227
1968 1063
265 1064
265 1065
265 737
265 1066
1969 719
429 425
429 85
1970 333
1005 774
1221 20
915 780
1971 547
364 1067
681 1068
681 1069
681 908
681 321
692 1070
692 1071
692 1072
1535 41
740 376
1568 269
1972 1073
771 1074
1973 1075
1973 618
1974 557
1266 387
267 810
267 310
267 1076
267 607
267 1077
48 276
48 180
48 139
48 800
48 1078
48 481
48 249
48 92
48 1079
48 194
48 246
48 856
48 23
48 792
48 410
48 257
48 27
48 706
48 198
48 240
48 41
48 256
48 461
48 582
48 367
48 1080
48 310
48 229
48 1081
48 1082
48 30
48 55
48 644
48 944
48 379
48 687
48 363
48 1083
48 1084
48 611
48 415
48 840
48 292
48 1085
1733 1086
1108 472
1108 1006
1108 1087
1453 1088
1453 787
637 139
637 1089
637 198
132 173
132 1090
132 385
1667 1091
360 1041
469 139
469 394
469 28
469 831
469 415
469 96
469 150
469 1092
469 419
469 223
469 1093
469 1094
469 1095
469 0
469 1096
469 251
469 503
469 306
469 589
469 12
469 698
469 400
469 142
469 508
501 400
501 169
501 30
501 1097
501 71
501 617
501 1041
501 1098
995 1099
103 979
103 137
877 22
877 472
877 1100
503 469
503 1101
503 506
503 240
503 473
503 1102
503 340
400 24
400 400
400 220
400 23
400 469
400 90
400 173
400 1103
400 104
400 1104
400 816
400 41
400 269
400 697
400 1105
1975 544
1976 703
1284 1106
1284 928
926 777
168 387
1977 731
1389 424
1389 277
1472 126
1472 269
276 1107
276 48
276 986
276 226
276 1108
276 1109
276 1110
276 75
1978 1111
992 12
992 240
992 1112
992 90
606 562
606 138
606 1113
606 1108
606 91
606 1114
606 813
1538 41
1319 305
1224 1095
1224 1115
1224 181
653 1116
653 24
653 920
653 977
653 1117
1177 79
1177 1118
1177 1119
1177 14
1177 949
548 1120
548 76
1035 334
1979 67
323 238
323 236
323 1121
323 965
323 207
1980 1122
1980 199
1777 1123
1981 202
1982 138
1983 335
568 318
568 281
568 214
1984 400
1625 1124
1625 246
633 1051
1985 1125
1986 41
796 485
372 152
1987 904
481 1044
481 113
481 48
481 303
481 23
481 792
481 1010
481 1070
481 240
481 552
481 139
481 1126
481 138
481 21
236 167
236 33
236 1127
236 40
236 1128
236 1129
236 30
236 323
236 1130
236 1131
236 71
236 1132
236 499
236 243
236 1133
236 1134
1546 248
1546 92
1546 11
1546 268
846 1135
846 726
1751 1136
1751 187
1166 1137
1601 12
1601 332
1601 175
80 676
80 100
80 23
80 22
80 27
80 1102
80 517
80 80
80 292
80 280
80 469
80 231
80 1138
80 1139
80 1140
80 224
80 723
80 400
80 1141
80 90
80 1142
80 5
44 1143
44 254
44 1144
44 44
1988 511
310 29
310 835
310 48
310 538
310 1139
310 1145
310 76
310 119
310 30
310 1146
310 44
310 697
310 75
310 1147
1512 11
127 577
127 1148
127 202
127 215
1646 24
1646 1149
1646 333
1725 738
1989 989
1990 1150
968 925
968 23
968 967
968 269
968 1151
968 968
968 1072
968 532
1991 1152
783 950
783 172
783 275
783 27
783 737
783 1134
1471 446
590 41
806 393
806 1153
806 408
670 184
670 1154
670 1083
670 107
670 490
547 1155
547 181
547 54
547 76
547 977
547 1156
547 550
547 295
1992 207
1993 705
1993 1157
1993 974
1993 21
1752 654
38 50
38 246
1994 30
786 400
439 160
439 1158
439 75
439 448
639 1159
639 1160
639 400
639 1161
639 774
639 1162
312 1163
331 1164
331 250
455 730
455 1165
1137 1166
1079 48
1079 924
1079 1167
1079 1168
1079 42
1079 27
1079 10
1079 424
810 510
1075 618
939 852
939 30
939 747
1995 124
1995 191
622 750
622 198
622 27
275 79
275 707
275 1169
275 708
275 1170
275 305
275 1171
275 1172
275 418
410 204
410 551
179 30
723 1173
723 80
1547 220
1547 1174
1547 865
1120 27
1120 1175
1582 23
1996 831
1996 207
1997 1079
1997 1089
1998 475
1552 0
693 758
693 1176
1999 411
1602 230
1309 160
1309 145
79 1177
79 337
79 275
79 504
79 1178
79 949
79 503
2000 1179
655 24
655 1180
2001 1181
2001 437
2002 1182
1260 1022
1260 953
2003 80
2003 1183
1329 107
2004 436
1200 1184
1355 563
2005 85
1237 51
1237 1185
2006 865
9 1023
9 727
9 1121
9 852
9 1186
9 1187
1243 138
1250 41
1250 125
1369 1188
1369 1043
947 872
2007 52
867 21
867 396
2008 1073
1321 586
1321 107
195 1189
195 422
195 1190
1175 1191
1175 1120
1411 808
1411 1192
229 49
229 48
1139 80
1139 139
919 1193
565 41
55 433
55 237
55 950
55 262
55 67
55 27
55 904
55 974
2009 139
2009 250
2009 1121
776 686
776 814
768 877
1544 315
1544 54
1195 367
2010 256
367 1194
367 1195
367 48
367 1196
367 419
367 91
367 368
367 348
367 737
367 1197
367 1198
367 55
367 1199
790 403
790 469
790 207
790 697
1184 1200
625 567
2011 1201
798 516
1636 347
1636 422
1636 1202
2012 481
520 76
2013 1203
1378 29
1622 78
26 605
26 167
26 1204
26 389
26 16
26 650
26 866
26 1205
26 1206
26 41
1702 257
470 4
470 1094
2014 1009
1423 91
1423 1207
1423 689
1423 11
820 1208
2015 705
1304 1209
1304 517
1304 317
1304 1210
1304 269
1304 1211
1304 107
1304 319
1304 1212
15 1213
15 394
2016 1214
599 63
599 1019
599 1215
1393 23
1393 74
1393 145
736 886
736 1012
736 224
736 1216
163 194
163 139
163 998
163 1174
163 1217
163 11
839 629
839 32
1007 774
703 931
703 1218
703 138
703 1219
703 1220
1500 787
1500 559
2017 341
20 999
20 1221
20 211
2018 13
718 849
718 1222
718 145
2019 1223
72 30
72 165
702 746
530 129
530 76
1115 287
1115 16
1115 1224
1115 649
1115 1225
2020 881
2020 198
2021 1226
2022 1078
290 1227
290 1228
290 1229
290 981
290 333
108 0
108 760
108 800
108 43
108 1230
108 137
108 156
2023 43
1352 303
2024 1049
1401 1231
1401 705
1451 1232
489 41
489 31
489 760
489 121
2025 1002
2026 1233
579 1234
579 12
579 552
170 1235
5 80
2027 1227
1419 117
2028 1236
1391 145
1185 1237
382 631
1301 1238
2029 867
2029 617
760 300
760 134
760 23
760 28
760 46
760 1239
760 240
760 207
760 1240
760 1241
813 676
813 1102
813 210
813 1242
407 501
407 415
407 30
138 1243
138 1001
138 23
138 1244
138 1152
138 552
138 658
138 199
138 1245
138 1246
134 905
134 605
134 791
134 333
134 139
134 783
134 468
134 137
134 150
134 11
450 1247
1449 139
1449 41
878 719
878 1248
940 550
125 1249
125 1250
125 1251
125 181
125 316
125 139
125 1252
125 253
125 405
125 1253
125 1254
125 37
125 124
125 843
1482 102
395 24
209 259
209 872
209 1101
209 1166
209 1255
984 280
984 27
984 1256
148 1257
148 628
148 1258
148 23
148 1259
148 168
148 1260
148 1135
148 97
148 958
148 1261
148 1262
148 773
2030 608
1143 1263
2031 1264
1180 422
1180 22
1180 102
1180 1265
1180 99
1180 295
387 485
387 1266
387 168
660 1267
178 920
178 1002
178 2
178 1268
1444 139
1444 735
847 1135
1703 224
2032 793
2032 99
406 1269
835 310
835 1270
835 1271
835 698
835 1272
835 1273
835 1274
835 1275
835 1276
835 1277
835 650
835 1278
835 1279
835 219
835 1280
835 1281
835 1282
835 1283
1106 1284
1107 276
1107 281
1107 181
1107 41
445 154
1464 310
1464 2
1464 528
1104 400
2033 63
1226 1285
1226 332
199 1286
199 1287
199 501
199 1288
199 655
199 0
199 304
199 896
199 1289
199 238
199 1290
199 1291
888 181
1255 209
1255 28
1421 1292
81 1171
81 1293
81 196
293 243
293 333
725 42
725 1294
725 166
725 153
725 90
2034 28
2035 198
2036 63
2037 904
2038 138
2039 975
1028 1295
2040 1296
466 254
322 1297
840 171
1591 23
1591 1095
1591 369
2041 1298
2041 1299
2041 1245
2042 1300
2042 199
1469 900
2043 44
1433 240
1433 269
1238 1120
1238 1301
1238 1302
1210 1303
1210 1304
1758 1305
2044 231
2045 63
731 304
731 63
2046 85
1402 705
160 0
160 1306
160 884
160 1307
160 1308
160 439
160 124
160 582
160 340
160 1309
292 387
292 333
292 16
292 269
292 179
292 1310
2047 394
2047 1120
2047 920
2047 1299
2048 1311
1049 256
1049 1312
1049 338
1049 1108
2049 1313
500 169
500 418
500 763
500 400
2050 474
2051 1022
193 1314
402 170
402 1315
402 950
578 23
578 114
578 181
176 1316
176 100
176 532
2052 753
28 591
28 1255
107 1317
107 766
107 1318
107 202
107 394
107 964
107 28
107 885
107 249
107 92
107 107
107 137
107 1319
107 248
107 856
107 181
107 1320
107 1099
107 317
107 904
107 240
107 1321
107 802
107 1322
107 1304
107 139
107 628
107 1095
107 113
107 737
107 114
107 1323
107 411
107 670
107 30
107 1324
107 1325
107 55
107 0
107 608
107 393
107 1326
107 381
107 1327
107 528
107 1328
107 238
107 1329
107 10
107 1330
107 142
107 119
107 617
260 153
336 1331
889 1332
889 914
287 139
287 117
287 1333
287 212
2053 1334
1584 124
1584 1335
2054 102
2055 963
135 110
135 23
135 1336
135 1043
135 97
135 365
135 51
1100 145
1100 877
1100 217
763 720
763 198
763 32
1019 381
1019 599
1019 359
1019 723
1019 175
1019 1310
270 764
2056 248
2056 1337
2056 225
2056 696
2056 1338
2057 761
2057 1339
2058 1031
2059 349
895 922
895 1340
2060 41
73 0
73 30
73 1341
1558 1342
1558 296
1589 1343
1589 246
1589 49
1589 1091
1589 23
207 1344
207 1345
207 191
207 765
207 281
207 1019
207 760
207 259
207 1110
207 442
207 1346
207 752
207 1347
278 857
278 162
278 487
278 831
278 106
278 175
278 41
278 969
278 121
2061 623
649 1047
649 24
119 1348
119 310
119 23
119 316
119 314
119 1349
119 42
119 486
509 1350
509 395
509 615
1052 173
562 24
562 769
562 1351
562 472
562 428
562 606
303 393
303 80
303 1352
303 119
303 481
838 1353
838 1187
838 1354
1316 176
563 1355
2062 297
171 138
171 100
171 16
171 357
171 730
171 1356
171 371
171 189
171 1253
171 1357
171 392
171 10
140 753
25 236
25 650
2063 753
369 419
369 1358
905 905
905 1359
905 306
905 23
905 1119
905 496
905 387
2064 963
611 1360
611 48
611 1141
611 1361
611 823
611 1362
611 390
611 145
1173 1303
1173 124
750 142
750 622
750 501
673 220
673 22
673 48
673 1008
1363 1363
695 1364
358 1365
1242 516
403 1366
2065 424
597 645
1579 23
424 194
424 85
424 1367
424 48
424 443
1335 496
600 139
600 75
600 1215
1187 1135
1187 9
1187 838
1113 606
52 104
52 297
52 119
52 165
1426 173
1426 400
2066 426
1541 702
916 1368
2067 884
1101 831
1101 209
1101 503
1101 80
2068 1369
1358 686
1358 39
1358 369
77 1370
77 338
77 869
953 488
1659 162
2069 1371
1665 1047
656 24
1382 1372
10 1079
10 27
10 107
10 1373
10 937
506 12
506 678
506 14
506 505
506 517
506 473
506 124
1460 338
2070 0
255 1374
1351 12
1351 1375
1351 562
21 900
21 1094
21 376
21 333
21 27
21 239
21 41
21 467
21 1376
21 546
21 975
21 753
21 1377
158 26
158 797
29 310
29 1378
29 181
29 0
29 139
29 238
29 411
29 128
29 23
29 142
29 1379
29 544
29 1267
856 803
856 856
856 48
856 181
856 893
856 485
856 107
856 1380
1061 447
720 238
720 23
720 107
1381 333
1381 1155
1381 16
1381 1381
1381 924
1666 1382
453 380
453 332
1524 1383
177 220
177 245
177 761
177 84
177 1268
908 3
908 7
908 681
908 306
908 575
1357 171
1357 737
1357 333
43 686
43 246
43 99
43 108
43 1384
43 352
43 774
43 1385
43 1065
2071 176
2072 138
576 468
184 411
184 1386
184 845
184 205
2073 157
1327 107
1327 1387
1327 127
2074 1388
1454 243
277 83
277 1389
277 204
277 1390
277 0
145 236
145 1391
145 718
145 1361
145 106
145 104
145 290
145 428
145 579
145 686
145 22
145 1392
145 1393
145 175
145 496
145 1228
145 75
145 121
145 1309
145 0
145 560
145 34
145 672
145 611
145 39
2075 1394
901 67
1465 671
1465 1395
1465 1396
1465 1336
982 1397
982 982
982 23
1090 173
1090 132
1459 1032
1459 42
1459 198
571 1398
571 1399
571 551
2076 907
2076 534
204 1231
204 908
204 22
204 363
204 34
204 1400
204 277
204 391
204 606
2077 1321
909 3
909 137
952 1181
886 139
886 608
886 1233
705 538
705 67
705 1401
705 1402
705 269
2078 268
2079 277
1594 1403
2080 649
2081 1404
378 41
378 533
114 1286
114 24
114 1405
114 1141
114 1406
114 578
114 1407
114 1374
114 727
114 1177
114 1049
114 214
2082 383
1706 1408
1706 1085
2083 703
335 41
335 1409
335 1365
335 476
335 1255
111 1410
1192 1411
944 979
944 1412
944 48
944 789
944 1227
944 175
944 1413
944 120
944 145
944 858
944 503
2084 1231
363 686
363 48
363 184
363 220
363 394
363 652
363 204
363 895
363 1414
34 1415
34 1416
34 246
34 1042
34 0
34 220
34 1417
34 931
398 173
398 1418
1729 981
117 254
117 1419
117 1420
117 230
117 502
117 408
117 1121
117 22
117 400
117 339
117 359
117 27
117 723
117 1079
117 113
117 287
117 122
117 0
1292 1421
1292 83
1455 686
1455 924
1455 715
689 1403
689 27
689 1422
689 1423
515 1424
515 316
515 1425
515 104
515 1357
515 1426
515 448
999 20
1561 199
1561 269
157 194
157 1427
157 900
311 1428
1555 1429
317 1430
317 32
317 393
317 140
317 107
317 1431
317 259
317 989
317 39
317 1304
317 1432
317 489
2085 1433
1073 1367
1073 519
2086 1434
2086 1384
2086 1435
2086 775
2086 1029
2086 1436
2087 297
519 321
519 544
519 1073
89 249
1168 338
2088 75
91 4
91 32
91 665
91 1423
91 173
91 363
91 17
91 334
91 380
91 249
91 1437
91 606
91 705
91 367
340 280
340 1438
340 649
340 299
340 1439
340 160
340 985
2089 115
4 95
4 1095
4 668
4 269
4 91
4 93
4 251
965 1440
965 501
1718 1441
2090 856
2090 557
1328 107
1154 1442
1154 41
1154 670
1154 488
2091 474
2092 617
948 981
1379 29
1507 1443
1415 23
923 448
139 63
139 202
139 1013
139 154
139 481
139 173
139 1444
139 107
139 1445
139 886
139 600
139 1440
139 29
139 48
139 950
139 134
139 1343
139 631
139 1446
139 27
139 637
139 517
139 680
139 784
139 871
139 1447
139 857
139 82
139 1448
139 469
139 341
139 22
139 1139
139 963
139 1245
139 1110
139 294
139 1449
139 195
139 608
139 630
139 376
139 534
139 1450
139 753
139 1362
139 577
139 213
139 259
139 328
1232 1451
1466 671
1466 1112
2093 1452
1680 11
787 1453
787 1407
787 181
425 1085
425 429
425 334
2094 172
437 573
437 781
437 435
437 350
243 1454
243 236
243 30
243 27
245 177
245 666
245 784
245 367
245 842
1387 1323
1387 1327
115 194
115 227
924 1381
924 1455
924 403
924 750
924 562
924 1456
924 1079
924 691
1333 1342
1333 287
1051 1457
1051 632
1051 664
1051 634
42 194
42 0
42 246
42 85
42 288
42 408
42 22
42 1458
42 725
42 317
42 578
42 1459
42 119
42 108
42 137
42 1079
42 117
42 243
42 21
859 1025
859 1460
1074 591
1074 771
1074 11
1074 319
384 115
538 310
538 705
538 100
2095 567
1685 22
1337 1461
1418 1462
1418 1350
1418 630
1418 1463
2096 99
2096 48
2096 316
2096 314
2096 1131
2096 77
671 1464
671 220
671 23
671 243
671 1465
671 1466
671 1264
508 469
508 99
508 400
508 720
508 1467
508 763
508 424
648 24
648 550
1031 1468
561 461
561 357
561 428
900 1469
900 1470
900 1471
900 852
900 157
2097 534
2097 1472
2097 1473
2097 90
1033 334
212 23
212 757
212 259
212 222
1098 581
1248 1371
1088 1453
1027 86
1027 46
1434 1143
1434 1474
1434 16
1434 1475
1434 1476
2098 198
1575 364
591 1477
591 28
2099 451
669 220
669 75
669 125
669 415
669 126
2100 1478
2100 1479
2101 20
83 586
83 1480
83 277
83 106
83 21
102 1481
102 1180
102 1482
102 267
102 137
126 220
126 23
126 1251
126 90
1521 1226
1521 249
1521 1361
610 1483
1605 462
1755 1484
2102 16
2102 187
2103 1098
1317 84
1317 1485
1317 870
1317 1486
1716 1487
1527 259
1527 487
1527 908
1527 1091
1527 1488
1641 1126
831 100
831 173
831 816
831 1489
831 107
831 958
831 305
831 278
831 41
831 448
831 1262
1308 113
1308 274
797 158
797 115
797 1490
797 138
797 22
797 1203
797 412
797 52
797 528
797 485
797 1050
797 211
797 1181
797 1491
797 305
797 467
797 256
797 1492
2104 883
2105 340
1543 54
1672 22
1672 1493
1565 1303
1565 1494
1565 269
1565 380
1565 1495
1565 1496
1565 496
1565 1234
1565 1497
1565 1498
1332 1499
228 117
228 166
228 792
228 65
228 7
228 169
228 1500
228 920
228 41
228 1501
1483 30
1037 1502
2106 190
2107 1503
662 912
1345 207
1564 315
1564 269
1775 22
1410 111
1410 50
2108 1393
619 996
619 949
617 139
617 243
617 787
617 501
617 1281
1083 194
1083 0
1083 670
1083 48
1657 411
1657 256
1657 585
273 199
273 1504
273 1505
273 1506
84 177
84 210
84 313
84 449
84 532
1443 1507
2109 191
1084 48
2110 950
1554 610
1554 1508
118 227
118 1509
118 473
118 80
118 1510
118 1511
370 152
1395 1465
2111 364
691 601
691 1512
691 379
691 759
691 924
691 239
691 40
691 199
691 51
691 11
1448 29
2112 1513
32 91
32 605
32 187
32 763
309 970
2 0
2 1464
2 1194
2 852
2 178
2 124
1738 1514
1738 1515
1738 5
1738 579
1738 81
708 1128
708 114
864 1440
864 1516
864 865
573 437
573 1517
2113 577
1531 579
678 678
143 426
994 1041
557 1345
557 29
557 138
557 1518
557 114
557 1519
557 27
557 41
557 46
979 103
979 809
584 1520
1361 734
1361 0
1361 950
1361 23
1361 742
1361 1393
1361 1084
1361 1521
1361 411
1361 750
1361 1015
1361 840
1361 1241
640 40
640 1060
1769 1319
1769 869
1522 1522
988 1523
1097 501
1097 426
711 128
711 314
1383 1383
1383 1524
1724 730
181 1107
181 29
181 85
181 376
181 22
181 201
181 578
181 485
181 554
181 338
181 461
181 1492
1119 1375
1006 774
1006 1525
1367 424
1367 1526
1367 230
1431 37
1431 317
1431 942
41 131
41 153
41 1527
41 394
41 28
41 831
41 107
41 1528
41 194
41 246
41 23
41 419
41 1529
41 428
41 200
41 486
41 1530
41 1405
41 114
41 487
41 1323
41 503
41 335
41 287
41 230
41 376
41 896
41 547
41 1084
41 278
41 418
41 1531
41 1485
41 405
41 119
41 96
41 1532
41 566
41 1359
41 1449
41 1533
41 589
41 1464
41 528
41 396
41 1154
41 1534
41 1535
41 552
41 557
41 448
41 551
41 1232
41 920
41 48
41 181
41 792
41 52
41 42
41 41
41 46
41 16
41 1358
41 1536
41 49
41 85
41 306
41 400
41 671
41 790
41 1537
41 1174
41 24
41 316
41 1538
41 26
41 21
41 1003
41 220
41 1177
41 1539
41 865
41 591
41 1092
41 121
41 195
41 1540
41 443
41 277
41 20
1299 1541
1581 23
2114 1542
54 1543
54 1544
54 1545
54 598
54 1193
54 199
54 858
1682 11
479 614
226 819
226 327
226 400
251 1546
251 138
251 92
251 99
251 1547
1270 835
1241 1141
1241 1361
1241 17
1241 22
1241 1548
1241 760
1241 1076
1241 872
95 4
95 503
95 249
1490 29
1490 387
1490 357
1490 485
1490 797
1490 1395
1424 27
1424 515
1424 1549
560 145
560 1550
560 1208
2115 399
324 1213
324 1121
324 138
324 121
324 41
327 694
327 314
327 1096
327 974
327 226
327 651
37 246
37 125
37 1551
37 1552
37 1431
37 269
37 75
82 0
82 139
82 394
82 1553
82 328
1508 1554
2116 16
36 246
1429 1555
1263 1143
1263 1263
482 121
188 1556
2117 858
1233 577
1233 746
533 76
2118 277
683 721
1156 1156
1156 159
751 142
2119 1557
2120 774
1096 469
1096 327
1244 138
1342 1558
1585 1559
1585 23
1585 21
674 658
385 255
601 931
601 254
601 236
1502 1037
1172 1
1172 275
1042 1560
1042 34
1042 338
1042 54
1042 333
2121 1078
1688 11
1719 418
1021 1223
1021 468
269 1169
269 1485
269 1054
269 92
269 635
269 94
269 137
269 738
269 1561
269 1433
269 939
269 220
269 1562
269 769
269 1563
269 93
269 240
269 199
269 1304
269 607
269 292
269 82
269 473
269 865
269 210
269 968
269 4
269 1564
269 400
269 1565
269 485
269 1566
269 315
269 1567
269 1472
269 1568
269 1428
338 1303
338 1569
338 780
338 99
338 181
338 77
338 1168
338 681
338 1570
338 620
338 1571
338 1049
338 797
338 1042
338 1282
338 1460
1655 657
1655 89
1462 1418
613 1572
1390 277
1366 403
861 215
824 1573
1578 90
2122 305
1067 1574
1067 1575
248 425
248 0
248 16
248 257
248 621
248 92
248 130
248 1546
248 1576
248 978
2123 487
2123 277
534 22
534 76
23 1415
23 899
23 760
23 497
23 1361
23 335
23 281
23 481
23 1577
23 415
23 119
23 1578
23 1579
23 104
23 1561
23 981
23 1580
23 138
23 48
23 134
23 720
23 290
23 49
23 409
23 62
23 723
23 239
23 135
23 80
23 256
23 1581
23 1582
23 54
23 22
23 16
23 1583
23 1584
23 1585
23 224
23 975
23 390
23 468
23 1309
23 608
23 896
23 400
23 33
23 148
23 1586
23 126
23 238
23 1587
23 1588
23 675
23 1589
23 1590
23 1591
2124 1592
2124 1593
809 591
809 446
809 181
809 979
809 408
200 48
200 688
200 1594
200 90
200 1595
200 41
200 200
1525 1006
2125 1227
2125 1596
884 160
2126 1597
890 347
1289 199
1289 27
1289 1598
149 121
149 773
2127 1384
2128 1599
2128 1600
1417 34
1417 1527
2129 23
2130 379
2131 119
2131 528
12 469
12 267
12 1000
12 765
12 23
12 582
12 992
12 24
12 90
12 380
12 786
12 1019
12 505
12 840
12 678
12 473
12 1601
12 150
12 11
12 340
12 817
2132 317
230 49
230 48
230 1465
230 865
230 730
230 1193
230 1602
230 200
230 1183
511 61
17 181
17 493
17 139
17 713
17 76
17 823
17 920
17 1573
17 1603
1627 107
842 254
842 24
842 54
842 408
842 1604
842 245
842 281
842 107
842 268
2133 1492
2133 1061
2133 357
2134 501
462 1605
1023 9
1023 247
1023 1606
917 487
917 1409
1169 707
1169 1
1169 148
1169 275
1169 92
1169 269
521 76
2135 16
2136 214
605 561
605 32
605 341
605 364
605 381
605 329
405 642
405 1474
405 125
405 30
405 1188
415 469
415 48
415 23
415 870
415 528
415 319
2137 173
1092 1607
332 1608
332 1409
332 192
332 1609
332 1115
332 1610
332 1611
332 1612
332 1613
332 1614
332 27
332 1426
332 975
332 1615
332 100
332 1616
332 1617
332 30
332 1618
332 1619
332 1620
332 818
332 85
332 400
332 381
332 708
332 1158
332 301
1320 1327
537 43
537 108
392 171
392 443
392 430
1095 4
1095 469
1095 1095
1095 86
1095 181
1095 90
1095 1224
1095 1591
283 1621
283 227
283 1121
283 1622
283 118
283 124
283 936
283 1255
2138 546
325 1121
1011 288
570 214
570 48
2139 606
268 607
268 121
268 488
357 561
357 1623
357 904
357 737
357 41
357 55
2140 1086
766 816
766 220
766 400
766 107
766 207
1229 290
1229 5
1229 24
1761 54
1029 1159
1029 11
2141 495
1700 67
1346 207
494 1047
2142 396
2143 1294
266 1624
2144 187
1553 82
975 332
975 1339
975 577
975 1625
975 481
975 1617
975 223
975 338
975 1626
975 499
582 12
582 246
582 32
582 22
582 1627
582 160
582 857
582 970
582 48
2145 89
686 1628
686 363
686 145
686 1629
686 379
341 605
341 1229
341 1438
623 80
623 11
623 1264
2146 147
234 49
1087 90
414 30
296 1630
296 684
296 1316
296 1571
296 8
296 175
296 1558
757 212
757 373
690 114
690 481
1278 835
2147 215
800 131
800 727
800 48
800 52
800 723
800 1631
800 1632
2148 90
2149 532
2150 774
120 227
120 1288
2151 402
1370 77
386 207
2152 1633
2153 256
2153 126
1356 171
1290 0
667 220
685 1597
109 787
109 288
109 402
109 137
109 1634
109 252
2154 199
507 473
1607 1092
1607 735
1607 1635
1202 1636
1069 681
1642 149
1642 1637
2155 461
1407 96
1407 787
1407 114
2156 864
1772 14
2157 1309
661 1638
2158 1633
252 1639
252 74
252 249
252 92
252 224
252 109
1264 77
1264 671
950 408
950 1361
950 1640
950 443
950 1397
950 256
950 240
1126 1641
1126 481
1637 1642
2159 1643
845 730
845 1485
845 184
2160 476
2160 652
522 76
2161 1583
2162 1345
1650 1644
1650 90
493 789
493 1102
493 17
2163 21
535 76
535 294
621 248
621 1645
240 496
240 14
240 236
240 48
240 950
240 992
240 1485
240 269
240 743
240 816
240 92
240 107
240 517
240 783
240 529
240 1030
240 481
240 150
240 503
240 576
231 80
231 49
1149 1646
2164 610
2165 963
781 437
1207 15
1207 1647
1207 1423
1207 99
1207 137
2166 119
376 181
376 740
376 547
376 1648
376 30
376 139
376 76
664 220
664 468
664 668
664 1051
559 215
559 1500
559 1550
559 332
559 426
90 249
90 348
90 1578
90 1649
90 1650
90 1651
90 1652
90 1387
90 80
90 200
90 546
90 1095
90 767
90 16
90 1653
90 1087
90 252
90 12
90 608
90 173
90 400
90 992
90 314
90 375
90 1654
657 1655
2167 628
2168 41
1548 167
1548 1241
213 139
1246 138
1286 199
1286 114
1754 1462
1754 1418
1400 204
2169 207
2170 145
1353 838
1707 542
495 493
495 1656
566 142
566 16
566 979
2171 794
1058 1048
1058 175
733 1141
2172 1451
1205 26
1055 173
2173 883
256 48
256 181
256 1657
256 23
256 426
256 141
256 130
256 797
144 959
1749 783
1749 717
1749 434
162 222
162 1658
162 515
162 1108
162 1019
162 224
162 240
162 517
162 1659
2174 140
352 0
352 66
352 1563
352 43
1043 1099
697 139
697 977
697 1660
697 400
0 1608
0 34
0 1661
0 1361
0 852
0 833
0 248
0 29
0 1662
0 332
0 445
0 450
0 1290
0 1640
0 108
0 1420
0 42
0 160
0 199
0 1663
0 773
0 82
0 1191
0 2
0 187
0 8
0 30
0 287
0 1057
0 241
0 1021
0 238
0 117
0 71
0 145
1518 557
1047 494
1047 649
1047 1664
1047 1665
1372 1382
1372 1666
2175 1580
1091 199
1091 1667
1091 1589
1091 175
301 1668
2176 454
180 554
180 236
180 48
807 920
807 408
807 833
1728 417
1728 790
1728 375
808 417
808 1669
808 408
808 1411
2177 222
1310 1670
1310 1019
484 1574
484 481
426 1671
426 56
426 1232
426 238
426 48
426 408
426 1060
426 1672
426 1673
426 1218
426 256
426 1674
426 22
426 1675
426 277
426 43
426 55
426 544
426 199
426 165
426 145
426 31
426 6
426 704
426 363
426 40
426 491
426 393
426 552
426 23
426 143
426 1065
426 1676
497 1218
497 256
497 1677
497 726
1252 125
1252 1654
1252 222
124 1678
124 650
124 1457
124 348
124 92
124 1584
124 1183
124 67
124 257
124 93
124 240
124 517
124 218
124 160
124 256
124 469
124 2
124 283
124 16
124 823
124 8
124 305
124 985
124 1251
124 215
124 1679
124 690
124 238
124 506
124 678
124 844
124 375
11 24
11 998
11 1512
11 455
11 1670
11 173
11 1029
11 94
11 104
11 1680
11 76
11 518
11 532
11 1681
11 134
11 1682
11 1148
11 1108
11 428
11 1683
11 691
11 1072
11 1074
11 1684
11 283
11 1546
11 22
11 1458
11 725
11 140
11 25
11 372
11 623
11 163
11 1685
11 1686
11 1687
11 1688
11 119
11 1689
11 448
2178 1690
1653 608
1653 90
2179 30
2179 1691
2179 181
2179 165
2180 947
1386 706
1386 184
258 1080
2181 432
2182 1245
772 150
1295 1028
1295 623
844 1692
844 124
844 443
1635 1607
1635 797
817 113
1592 83
2183 230
6 105
6 350
321 1693
321 681
321 519
2184 1694
1611 115
1611 139
1611 332
262 1695
262 58
262 1135
262 730
262 1110
262 367
67 419
67 899
67 100
67 1696
67 1697
67 473
67 1698
67 1699
67 159
67 1700
67 816
67 1076
67 1701
67 124
1562 269
257 1608
257 1702
257 727
257 48
257 117
257 1703
257 1704
257 80
257 124
257 44
257 486
257 1705
1408 1706
700 14
700 1062
2185 1401
217 431
217 472
217 175
217 76
2186 129
542 172
542 1707
542 974
542 67
542 896
928 1708
2187 1709
2188 1605
390 130
390 152
390 191
390 379
390 23
390 92
390 1357
390 142
390 574
390 181
390 646
390 698
1145 238
1145 5
2189 1481
672 885
672 220
672 145
342 740
342 1710
1698 1152
1698 67
1487 1150
2190 1110
2190 1711
2190 1712
993 576
993 468
993 1145
993 1713
1026 1497
295 1180
295 76
2191 759
1661 0
2192 173
635 55
635 129
635 269
2193 351
2194 922
903 1714
903 1715
903 224
2195 356
2196 23
2197 1716
1343 1044
1343 443
893 194
893 419
893 856
893 369
221 665
221 1717
1089 24
1089 637
641 26
641 428
512 774
1441 1718
1171 1719
1171 275
51 1691
51 23
51 35
51 409
51 1237
51 865
51 175
51 1720
51 1235
51 1079
51 949
51 488
1396 1465
1141 138
1141 114
2198 782
1165 455
2199 301
2200 999
2200 23
1063 1418
62 290
62 257
306 1721
306 469
306 1710
306 428
306 716
241 1141
241 0
241 727
1493 1672
545 1722
545 80
545 92
2201 426
586 24
586 1321
978 248
978 706
978 690
1676 63
2202 333
885 107
885 608
885 138
2203 1592
738 194
738 1723
738 1724
738 1582
738 695
738 1393
738 269
738 1725
2204 41
936 1726
2205 428
318 71
318 254
318 475
2206 219
2207 429
2208 649
793 1727
793 920
793 299
1715 903
1117 24
804 615
892 1213
741 567
1082 1078
1082 48
2209 55
2210 823
1747 652
528 107
528 215
528 117
528 76
391 939
391 191
417 1728
2211 431
254 601
254 420
254 317
254 125
254 318
254 842
254 103
254 173
254 27
254 596
254 117
254 71
254 44
2212 1729
1375 1119
1404 27
156 108
2213 99
701 291
701 1062
1155 649
1155 1381
339 1301
339 1438
339 339
339 652
339 159
339 396
762 1730
1549 1424
1731 63
1731 1731
1731 1100
1731 773
46 246
46 1203
46 620
46 128
46 224
46 145
1190 195
2214 1732
1526 1367
337 74
2215 117
1076 267
1536 41
166 1110
166 725
166 230
630 1350
263 390
870 415
380 91
380 8
380 1565
380 1334
882 1499
882 882
130 248
130 1288
130 333
130 16
130 552
130 811
1174 163
1174 41
1174 1547
1086 1733
2216 1124
1078 11
1078 48
1078 865
735 49
735 1444
735 623
735 1468
735 249
735 27
1036 334
1125 69
1734 1734
761 177
1681 641
2217 1735
2217 357
239 14
239 1405
239 869
239 1229
239 1736
239 426
239 743
239 411
239 727
239 638
239 1124
239 1228
239 256
239 557
239 21
159 1156
159 67
159 339
159 1638
431 610
431 1711
431 1272
942 550
942 726
942 1431
1080 258
1018 719
1515 1135
1515 1304
1515 1737
1515 1738
1399 571
1399 40
373 76
411 1095
411 13
411 1739
411 1361
411 1021
411 142
411 931
411 149
411 468
411 30
411 629
411 1223
210 84
210 746
210 269
210 27
210 1437
210 259
210 813
1254 125
2218 705
1272 431
1032 334
1032 1530
925 448
329 897
1403 142
2219 249
2220 122
442 768
442 1740
442 207
442 192
442 305
2221 23
2221 550
791 628
791 97
791 134
1621 283
927 777
1072 591
1072 11
1072 715
1072 968
1741 359
2222 723
1529 41
1529 715
2223 101
486 119
770 638
770 869
726 402
726 942
726 240
726 54
726 227
2224 230
541 76
2225 31
359 1741
359 1019
359 727
359 480
359 1742
1422 689
1422 761
1520 1743
1298 948
225 1744
225 199
225 395
1012 736
1499 1332
1499 981
675 1162
418 1719
418 30
418 418
2226 1745
2226 950
1485 341
1485 125
1485 488
1485 1566
1485 635
1485 240
1485 517
1485 712
1485 145
722 1643
347 1746
1359 41
2227 741
93 1747
93 4
93 269
93 249
93 505
93 517
93 124
93 471
399 1457
399 1748
399 95
399 1567
2228 23
1447 139
1663 0
2229 80
1440 864
1440 139
1440 898
1440 965
2230 82
2231 1332
717 1749
717 1750
187 98
187 267
187 32
187 1459
187 1751
187 274
187 508
2232 214
624 575
2233 129
654 1752
654 24
654 706
1065 426
1687 1689
2234 1122
2235 1389
2235 285
2235 1753
491 121
416 1754
416 30
1085 425
1085 30
1085 183
1085 1706
1085 48
1484 1755
1484 920
709 1
1771 1756
2236 1757
1425 515
551 410
551 1758
551 173
551 1759
551 30
551 41
551 1411
1022 0
1022 199
1022 31
2237 24
920 14
920 1760
920 1042
920 1078
920 55
920 138
920 17
920 178
920 1484
920 228
920 1213
920 1019
920 653
920 135
920 1761
920 1762
920 9
920 723
920 793
920 46
920 1763
865 305
2238 628
1765 1764
1350 1418
1350 509
1764 1765
955 1427
955 375
147 1766
147 140
147 369
792 48
769 224
769 637
769 562
769 684
1312 119
1644 1650
1416 34
2239 1767
569 743
57 1530
172 739
172 100
172 783
18 236
18 267
2240 851
291 22
291 954
291 48
291 333
1160 639
1776 1768
381 0
381 332
381 757
381 1336
381 334
381 1019
381 107
381 135
381 1537
468 134
468 23
468 1769
468 411
468 664
468 993
468 424
468 1228
468 1017
2241 834
1567 399
1567 269
676 678
2242 1223
2242 244
2242 294
1678 124
1678 793
1678 1677
2243 582
1468 384
949 1079
949 1566
949 51
526 76
315 269
315 1564
315 1456
2244 253
1206 26
1380 856
966 532
1446 139
652 363
652 24
652 41
2245 644
2246 1770
1191 0
1191 1175
1756 1102
1756 1771
1497 1026
1497 437
14 166
14 1177
14 1772
14 240
14 517
14 218
14 529
313 1773
634 632
634 1774
634 1051
22 24
22 917
22 1180
22 48
22 181
22 534
22 1672
22 426
22 517
22 42
22 80
22 11
22 746
22 650
22 1685
22 41
22 291
22 877
22 121
22 49
22 1775
22 400
22 215
22 356
22 673
22 23
22 71
22 145
819 226
819 759
1768 1776
1768 187
1413 676
1413 944
1442 1154
1123 1777
985 124
985 503
985 340
1 1128
1 977
1 709
1 251
284 496
284 76
238 29
238 720
238 363
238 35
238 323
238 1155
238 107
238 175
238 23
238 931
238 705
238 1145
238 263
443 248
443 236
443 181
443 950
443 1778
443 16
443 844
443 41
443 411
443 505
443 192
443 1779
443 424
443 392
443 367
443 165
446 446
446 138
446 979
2247 380
2247 256
274 1780
