881 0
881 1
881 2
881 3
1900 4
1900 5
1900 6
763 7
763 8
763 9
763 10
1142 11
1142 12
1142 13
1142 14
170 15
170 16
170 17
170 18
170 19
170 20
170 21
170 22
170 23
170 24
170 3
170 25
170 26
170 27
170 28
170 29
170 30
886 31
886 32
886 33
886 34
886 35
886 36
886 37
174 38
927 39
927 40
1681 41
1681 42
1415 43
1415 44
158 45
158 46
1156 47
1156 48
1156 49
1156 50
1156 51
698 52
698 53
698 54
698 55
698 56
698 57
698 58
698 59
1974 60
1327 61
1975 62
1976 63
1218 64
1218 65
1977 66
447 67
447 68
354 54
354 69
354 70
1978 71
90 72
90 73
90 74
90 75
90 76
90 77
90 78
90 79
90 80
90 81
90 82
90 83
90 84
90 85
90 86
90 87
90 88
90 89
90 90
90 91
90 92
90 93
90 94
90 13
90 95
90 96
1515 97
893 98
133 99
133 100
133 12
133 62
133 101
133 102
133 103
133 48
1979 48
1150 104
1150 105
1150 106
1150 107
1150 35
1150 108
1150 109
1980 110
357 111
357 112
357 113
357 114
357 115
357 116
1981 101
1982 117
1983 71
1375 118
1984 115
1830 119
1985 47
1986 120
1608 121
1608 122
1987 123
1896 124
1427 111
1427 125
1400 126
127 127
127 128
127 129
127 12
127 130
127 131
127 82
127 132
127 133
127 48
127 134
1183 135
305 91
305 136
305 137
305 138
305 94
305 139
305 140
305 141
305 142
305 143
922 35
922 144
922 145
922 146
922 39
1988 147
636 135
636 148
738 149
738 98
1989 111
533 150
533 151
1537 152
1990 153
1991 154
1992 155
1878 8
794 7
1993 156
45 157
45 158
45 159
45 160
45 161
45 162
45 163
38 145
38 164
38 165
38 166
38 48
38 167
38 168
38 169
38 60
38 170
38 171
38 172
38 173
38 174
38 175
1345 176
1345 177
1345 71
1345 86
1345 178
1345 179
1345 180
1345 181
1345 182
1345 60
1345 183
265 184
273 185
273 186
1542 58
1527 187
1527 188
1527 189
1707 124
1304 190
1994 191
1995 192
1995 193
1387 186
1227 194
1227 82
1227 195
1227 196
1227 197
1227 198
1227 199
1227 200
1227 201
1227 202
1227 48
17 203
17 150
17 170
1996 204
1253 205
726 206
726 207
726 208
726 209
1782 210
1937 211
1937 212
1293 97
1293 213
363 70
1912 214
1912 117
591 215
591 216
591 217
591 218
1371 96
1371 219
1371 29
1371 220
775 221
775 222
444 172
444 223
1997 48
1952 105
282 224
282 225
282 226
282 227
75 228
75 229
75 230
75 75
75 231
75 232
75 77
75 233
75 234
75 235
75 236
75 171
75 237
75 238
75 239
75 240
75 90
75 241
75 242
75 216
75 243
75 94
75 244
604 245
604 246
604 247
1213 17
416 248
416 249
416 250
153 54
153 251
1768 252
1998 253
1749 254
1749 255
1999 256
1203 257
2000 103
1620 224
1620 258
813 259
813 260
1399 261
344 54
344 262
2001 8
2001 263
2002 264
1924 54
1924 265
976 266
976 124
976 267
976 268
976 269
976 22
976 270
976 271
185 86
185 272
185 273
239 111
239 79
239 75
239 81
239 89
561 274
561 275
561 276
1870 277
1870 278
1870 279
1642 278
293 280
293 281
1043 78
799 7
225 282
245 23
245 283
245 284
2003 285
783 7
783 286
783 134
783 165
851 287
851 288
851 71
851 0
851 289
851 290
851 107
851 291
851 48
851 292
1462 293
2004 294
2005 295
1439 296
1664 297
1664 55
525 298
525 188
525 299
525 230
525 111
300 300
300 247
300 301
300 302
91 143
91 303
91 304
91 305
91 306
91 94
91 307
91 90
935 23
935 134
1037 308
1037 309
438 310
438 311
438 312
438 48
438 313
314 314
1602 23
1602 315
945 316
371 317
371 318
371 319
371 49
371 320
371 321
371 322
371 323
371 324
371 325
371 172
371 326
1450 51
280 293
2006 112
814 48
814 39
814 268
2007 327
1053 328
1053 35
1053 329
1053 101
138 330
138 331
138 169
138 332
138 333
138 305
138 268
138 334
138 47
138 335
138 264
1328 336
1676 337
1676 338
1108 339
244 71
244 62
95 340
95 341
95 342
904 343
904 171
904 344
1678 345
1678 346
940 347
940 333
940 23
940 159
18 348
18 349
18 0
18 350
18 326
18 351
18 170
18 352
18 63
1132 136
1922 54
2008 353
2008 354
900 131
900 134
359 355
359 285
1362 48
2009 88
817 356
817 357
817 358
817 359
817 360
2010 361
2011 86
1874 362
1721 221
1903 103
1903 363
1903 364
370 75
370 317
1389 365
1389 366
226 282
2012 22
2013 367
2013 291
1352 368
1697 116
1697 369
319 370
319 371
319 120
1548 372
1285 373
1057 295
1057 374
1193 375
1193 134
1193 376
1125 8
464 377
464 378
464 301
464 379
464 380
464 172
464 167
721 340
721 111
721 381
721 382
721 134
721 383
721 384
1251 385
1251 1
1251 87
1251 386
1251 387
1251 3
1251 388
1251 389
1251 390
1251 391
1940 392
408 393
408 87
408 394
2014 111
2014 279
350 18
1751 395
1835 147
1835 396
2015 397
1366 275
1366 344
1366 398
1366 263
1366 399
1366 291
1366 400
1366 128
2016 401
567 48
1876 402
1122 67
1122 403
1122 404
1122 405
1122 406
1904 54
1503 97
1890 159
2017 407
2017 408
2018 409
2018 410
1348 172
2019 129
1236 411
1236 48
1236 60
1236 317
249 412
249 413
249 414
249 415
249 250
249 416
249 260
249 417
249 418
249 419
249 360
249 22
249 148
249 420
249 9
249 54
249 120
249 421
249 422
249 423
249 424
249 425
249 426
249 408
249 427
249 428
249 368
249 429
249 7
496 430
496 130
844 106
844 48
844 219
844 431
844 432
844 433
312 434
312 435
312 259
312 436
312 437
312 438
312 439
312 117
312 97
312 440
312 441
745 442
1006 54
1006 270
180 443
172 444
172 445
172 377
172 446
172 447
172 8
172 448
172 449
172 382
172 308
172 450
172 451
172 188
172 452
172 453
172 3
172 172
172 454
172 455
172 456
172 171
172 87
172 457
172 380
172 120
172 458
172 167
172 459
172 460
172 461
172 38
172 462
172 463
172 464
1764 465
680 111
680 466
680 106
680 87
680 467
680 468
680 469
680 8
680 470
680 471
680 209
680 472
680 103
680 134
173 171
173 106
173 38
173 473
173 13
173 51
173 167
1495 157
711 474
677 475
898 175
898 476
605 477
605 478
605 479
2020 401
403 403
403 112
403 480
403 63
403 481
729 171
729 105
729 410
729 482
729 483
729 484
729 485
729 80
729 486
1065 487
2021 124
2022 146
488 488
488 489
488 70
1767 48
751 490
751 115
751 491
751 150
751 401
2023 492
1409 8
12 14
12 493
12 170
12 48
12 70
12 71
12 134
12 494
12 495
12 360
12 22
12 496
12 497
12 133
12 193
12 16
12 498
12 82
12 124
12 499
12 500
12 54
12 55
12 501
12 35
12 502
12 503
12 504
12 505
12 288
12 506
12 100
12 159
12 507
12 38
12 36
12 508
12 279
12 509
12 317
1551 510
1551 511
1551 120
2024 116
1408 99
910 171
911 512
911 171
1020 513
1020 514
1020 221
1020 130
2025 515
903 208
903 516
2026 517
1798 518
913 79
913 171
167 519
167 38
167 173
167 117
167 520
167 271
167 172
637 521
637 111
637 353
637 522
637 523
2027 524
2028 110
299 525
1645 526
707 271
707 171
707 134
707 62
1066 527
1066 487
2029 62
2030 166
2030 528
1902 103
2031 529
661 530
661 531
230 532
230 171
230 79
574 40
574 326
2032 170
151 533
151 534
151 120
607 535
607 536
607 134
607 67
607 537
607 8
607 538
607 539
1640 278
2033 540
2033 541
2033 170
1810 82
1810 542
1810 543
1810 544
849 112
849 545
849 546
849 547
22 111
22 548
22 262
22 549
22 16
22 360
22 150
22 48
1091 550
850 551
850 171
850 552
850 553
850 326
850 8
850 554
850 162
2034 555
1422 426
1422 556
1422 134
2035 333
2035 79
2036 557
670 418
670 558
670 440
670 507
563 458
563 274
563 559
563 63
1586 517
1586 560
276 561
276 87
559 562
559 563
63 353
63 564
63 565
63 18
63 545
63 566
63 189
63 469
63 567
63 568
63 399
63 7
63 271
63 569
63 163
63 570
1594 326
2037 301
1867 450
1867 63
517 571
517 572
517 573
517 326
517 73
517 8
517 75
517 574
517 575
517 154
517 576
517 259
517 577
517 578
517 130
517 579
517 580
517 581
517 54
517 439
517 110
517 150
517 315
517 246
517 97
517 294
517 582
517 441
1927 54
2038 583
1534 584
1534 333
1534 553
1300 315
2039 585
2040 586
2040 12
1752 587
1561 588
1558 23
1558 12
1558 106
283 245
283 221
283 98
283 508
283 401
283 283
1783 543
590 171
590 589
590 75
590 590
590 591
1832 592
1832 454
879 593
879 594
789 7
1479 595
1479 596
394 597
394 362
394 598
394 599
394 600
394 326
394 487
394 3
394 601
394 394
394 602
2041 115
41 333
41 603
41 103
1948 604
478 605
823 606
823 256
823 134
823 130
973 607
973 608
973 609
973 610
973 611
973 294
973 395
973 116
973 612
973 613
2042 111
2042 614
1354 285
1354 376
1354 120
1168 615
1168 616
446 172
1207 617
1207 618
1210 617
1210 8
1210 619
1210 620
1210 79
1210 75
1210 429
1210 621
1210 307
1210 90
1454 622
1665 546
665 333
665 623
665 341
665 624
665 596
665 97
665 115
665 543
665 507
665 625
665 626
2043 8
2043 627
2044 628
1412 343
1412 202
1412 27
1412 109
1321 500
1321 54
1321 629
1321 630
1321 132
1321 63
1321 631
2045 632
753 134
753 265
514 106
514 86
514 633
514 634
514 635
514 636
514 637
840 638
131 639
131 127
131 640
131 129
131 641
131 642
131 154
650 188
650 373
650 155
650 643
650 13
650 116
650 644
651 111
651 630
2046 645
1858 646
329 333
329 318
329 144
329 79
329 58
962 647
962 115
962 648
962 148
877 593
877 622
2047 649
288 117
288 12
242 75
242 171
242 335
461 111
461 246
461 204
461 577
461 650
461 651
461 652
461 619
461 653
461 654
461 655
461 8
461 115
461 130
461 256
461 656
461 274
461 657
461 658
1520 97
227 282
1966 117
1966 613
1295 470
2048 659
272 185
322 371
322 23
322 520
322 103
322 660
72 90
531 157
531 661
531 662
1679 346
663 663
663 664
2049 164
2050 665
435 295
435 312
435 106
987 353
987 120
786 7
786 666
786 77
786 667
786 668
440 171
440 361
440 669
440 670
440 671
440 312
440 672
440 673
2051 674
2051 208
2052 8
1726 221
1879 8
475 675
475 362
475 365
475 676
475 677
2053 678
1773 679
2054 295
467 680
1151 62
1151 234
1151 268
1806 333
1806 35
1806 681
1806 12
1806 33
423 682
423 683
423 87
423 618
423 684
719 7
719 413
719 685
719 82
719 100
2055 549
1258 686
1258 687
1258 105
1258 169
1258 688
870 689
870 690
870 120
870 130
870 691
870 692
13 171
13 134
13 100
13 82
13 508
13 693
13 694
13 8
13 650
13 400
13 695
13 392
13 696
1055 697
1055 602
2056 170
2056 220
816 0
816 34
816 698
816 699
816 700
816 701
2057 71
1212 702
1212 82
1212 360
1212 703
1212 448
1212 704
1703 645
2058 99
2059 221
1634 197
1607 538
2060 705
483 706
483 707
2061 23
2061 170
2062 708
1013 335
1013 709
1692 710
474 711
2063 712
2063 48
715 426
715 326
1683 231
2064 164
742 434
742 713
742 684
742 714
742 8
742 75
742 546
742 715
742 392
742 716
742 10
532 103
532 75
532 230
548 8
548 717
548 22
548 184
1601 23
947 461
947 718
947 134
947 499
2065 719
2065 720
867 51
867 170
383 721
2066 170
1272 97
1272 333
1272 388
1272 317
1272 722
1186 723
1186 148
2067 724
1797 725
209 726
209 88
209 499
209 120
916 727
916 194
916 203
916 171
916 496
2068 728
2068 729
981 410
981 635
981 708
981 326
1528 333
304 7
304 730
304 36
304 731
1338 732
1590 326
2069 495
1121 67
1121 733
1121 734
482 334
577 735
577 549
577 461
577 736
577 737
577 635
577 344
577 738
1549 461
1549 739
200 740
1785 210
10 741
10 742
10 473
10 630
10 7
10 613
463 172
442 743
442 675
442 744
442 745
1897 362
150 533
150 746
150 171
150 17
150 517
150 8
150 747
150 748
150 351
150 749
150 22
150 750
150 307
150 751
150 315
705 594
705 752
705 753
705 754
705 120
705 755
705 756
705 757
705 758
705 759
705 760
2070 761
1420 762
241 81
241 75
52 98
52 729
52 326
52 763
52 764
52 82
52 30
52 765
52 766
52 168
52 164
52 767
52 768
52 757
52 769
52 770
52 38
52 509
52 146
52 428
52 115
52 771
52 36
1573 43
1573 401
1573 772
1436 773
113 588
113 774
113 221
113 6
113 775
113 357
113 263
113 776
113 777
184 778
184 548
184 246
184 12
184 265
184 779
184 400
184 780
184 48
184 709
1355 781
1355 592
1355 255
1355 499
1355 782
7 228
7 717
7 304
7 783
7 111
7 326
7 784
7 8
7 263
7 484
7 621
7 785
7 284
7 134
7 786
7 787
7 788
7 360
7 789
7 235
7 546
7 148
7 790
7 365
7 362
7 791
7 792
7 486
7 793
7 11
7 171
7 70
7 526
7 86
7 87
7 62
7 434
7 794
7 63
7 730
7 199
7 795
7 667
7 719
7 796
7 217
7 797
7 798
7 799
7 800
7 509
7 631
161 45
161 801
161 489
161 802
161 8
161 635
161 803
161 58
161 804
161 193
631 7
631 805
1557 687
949 148
1951 806
268 807
268 808
268 809
268 75
268 170
268 810
268 811
268 12
268 54
268 812
268 618
268 813
268 111
268 442
268 82
268 206
268 650
268 312
268 510
268 271
268 548
268 814
268 815
268 368
268 771
34 816
34 700
787 7
787 13
176 817
176 233
1793 818
2071 295
2071 819
324 820
324 821
324 48
324 42
324 822
256 111
256 823
256 824
256 825
256 718
256 595
256 509
256 278
256 220
1105 826
768 52
768 501
1629 827
2072 828
349 829
349 24
1734 830
318 831
318 832
318 490
318 146
318 815
318 833
318 625
318 329
318 292
601 834
657 461
657 835
657 667
2073 836
1120 329
1120 765
1120 837
2074 838
2075 719
263 839
263 840
263 283
263 665
263 841
263 113
263 842
263 265
263 321
263 843
263 120
718 111
718 844
718 348
718 334
718 837
718 256
1895 124
1680 346
1206 647
1206 635
1206 845
298 396
298 458
298 846
298 360
1214 82
766 847
766 816
68 295
68 447
68 459
545 597
545 426
545 848
545 461
545 714
545 321
545 849
545 850
545 560
545 285
292 124
292 333
292 771
292 481
292 851
292 852
292 47
292 853
292 362
292 48
292 854
1741 481
1556 224
1556 279
1556 501
1556 40
1570 855
120 746
120 297
120 811
120 106
120 856
120 857
120 550
120 858
120 266
120 859
120 8
120 263
120 860
120 659
120 472
120 165
120 151
120 105
120 861
120 617
120 321
120 862
120 323
120 863
120 319
120 172
120 542
120 249
120 82
120 134
120 40
120 54
120 864
120 27
120 560
120 111
120 209
120 478
120 35
120 205
120 689
120 865
120 866
120 867
120 317
120 508
120 868
120 585
120 75
120 709
120 344
120 761
120 7
120 869
120 96
120 870
120 36
1829 871
369 522
2076 872
2076 88
340 873
340 874
340 638
340 255
340 95
340 778
2077 259
2078 718
2079 875
1942 876
593 877
593 878
593 39
593 268
593 879
593 880
593 479
593 881
593 88
593 882
593 883
593 393
593 538
593 876
593 884
197 9
197 885
197 886
197 246
2080 256
805 338
805 426
805 631
540 484
2081 887
2081 888
2081 111
2081 889
1159 890
2082 27
2083 891
98 52
98 892
98 893
98 39
490 111
490 751
490 318
490 12
490 894
490 148
895 895
229 22
229 622
2084 829
2084 263
2085 896
231 75
231 897
231 40
758 705
758 560
885 150
692 870
2086 47
982 333
982 196
982 811
1298 700
1298 470
2087 898
2088 899
941 650
941 900
941 901
941 902
941 105
750 150
750 134
1093 550
497 12
497 183
516 903
516 487
516 88
1965 117
1965 471
171 904
171 489
171 905
171 230
171 75
171 449
171 906
171 417
171 278
171 109
171 706
171 51
171 134
171 12
171 652
171 907
171 908
171 909
171 440
171 358
171 3
171 539
171 910
171 911
171 111
171 382
171 499
171 526
171 87
171 912
171 380
171 150
171 803
171 240
171 271
171 725
171 913
171 459
171 194
171 914
171 242
171 719
171 38
171 508
171 915
171 79
171 23
171 13
171 707
171 7
171 26
171 916
171 917
171 918
39 762
39 919
39 39
39 98
39 920
39 593
39 921
39 922
39 251
39 923
39 601
39 89
39 924
39 925
39 814
39 926
39 927
523 928
523 637
523 929
757 930
757 48
757 705
2089 931
28 932
28 933
28 335
28 82
28 255
1148 43
1148 934
1148 935
1148 62
460 936
1024 214
1024 62
684 937
684 235
684 647
684 938
684 550
684 285
684 939
684 423
684 302
2090 471
347 171
347 667
347 940
347 566
347 582
347 219
856 818
856 45
856 106
856 941
856 48
856 302
697 827
697 362
697 148
2091 942
1363 310
1363 270
1363 77
1363 145
1584 172
1584 399
1584 770
575 943
575 944
1914 945
1914 630
2092 879
2092 856
780 184
2093 555
956 224
956 946
956 148
199 7
199 54
199 409
2094 947
2094 851
2095 948
148 949
148 129
148 950
148 951
148 717
148 118
148 952
148 953
148 331
148 549
148 954
148 955
148 12
148 334
148 956
148 705
148 957
148 490
148 171
148 124
148 40
148 958
148 27
148 959
148 960
148 961
148 759
148 962
148 296
148 963
148 964
148 117
148 965
148 508
148 7
148 966
148 967
148 302
925 39
1219 237
1219 111
1219 968
1219 389
1492 613
1492 230
1492 82
1738 709
598 969
598 970
598 903
598 243
1196 134
1698 971
2096 972
2096 973
1702 645
1147 707
271 171
271 322
271 173
271 118
271 8
271 974
458 857
458 298
458 561
458 744
458 36
458 975
924 39
924 339
267 976
267 220
1357 399
1357 120
985 111
985 317
985 8
985 977
985 321
985 79
985 323
985 312
985 170
985 320
681 978
2097 979
476 980
1524 426
1524 94
1524 981
143 91
143 305
143 433
811 955
811 982
811 983
811 613
1438 588
1438 984
1438 429
1438 6
2098 13
699 816
699 700
353 985
353 986
353 214
353 987
353 988
353 602
353 117
353 163
353 63
1078 989
1078 759
1078 220
1078 990
1078 845
1706 208
1706 991
1706 992
356 817
954 148
2099 54
1086 67
1086 993
1086 994
1086 995
1086 61
235 418
235 996
235 75
235 997
235 7
235 48
1123 508
1123 12
1123 491
1123 503
1123 134
998 998
266 999
266 70
266 214
266 100
266 745
266 1000
266 54
266 333
266 324
266 1001
266 13
266 48
1565 1002
1565 448
835 657
2100 1003
1343 1004
1068 1005
1068 463
1068 487
2101 23
597 973
597 635
597 394
2102 98
1361 295
1361 1006
250 535
250 249
250 408
250 1007
250 248
250 416
250 391
1368 365
1368 1008
929 188
929 115
929 111
929 523
1038 48
1038 567
1038 308
1038 82
2103 23
2103 159
1017 1009
1017 134
1017 1010
1017 326
2104 111
1486 844
1486 87
1067 118
1067 487
1067 614
2105 1011
2105 605
570 63
2106 221
335 245
335 111
335 70
335 339
335 98
335 54
335 1012
335 782
335 1013
335 819
335 1014
335 1015
335 1016
335 695
1571 855
1009 1017
1009 36
549 695
549 148
549 189
549 1018
549 22
549 759
549 90
1577 38
1577 221
1577 781
1577 404
1577 169
1461 9
1461 100
1461 107
1461 1019
130 1020
130 549
130 461
130 517
130 513
130 1021
130 1022
1935 146
1935 443
1538 1023
1538 1024
1025 1025
1025 837
1025 103
1025 8
1025 88
327 54
327 82
327 8
327 9
327 106
702 1026
702 694
1197 146
1197 134
1197 220
1596 23
320 1027
320 111
320 746
320 105
320 1028
320 1029
320 985
320 1030
320 1031
320 371
1308 49
1466 853
1466 1003
1466 202
1842 25
1732 221
932 111
932 1032
932 699
932 8
932 107
932 28
1775 1033
1106 1034
1106 48
1106 136
2107 509
1632 619
2108 870
308 91
308 1035
308 669
308 361
308 1036
308 1037
308 172
308 417
308 1038
2109 100
1658 1039
1658 778
1658 1040
262 1041
1474 508
1474 221
1474 706
78 245
78 127
78 410
78 647
78 1042
78 1043
78 42
78 1044
1827 607
1827 1007
1827 884
1827 303
2110 1045
2110 353
2110 113
863 1046
863 571
863 120
2111 1047
1839 774
1839 776
348 1048
348 718
410 245
410 315
410 1049
410 78
410 899
410 589
410 1050
410 478
410 162
2112 357
19 170
1358 1024
1358 1051
1358 116
1063 1052
1063 204
2113 326
291 224
291 426
291 851
291 1005
2114 33
2114 1053
960 57
960 508
960 782
1331 389
978 220
1336 1044
869 146
869 861
869 120
602 353
602 1054
602 219
602 1055
602 560
602 394
602 220
2115 194
2116 827
377 172
377 464
2117 48
1689 1056
1907 1057
1907 381
1907 1058
1907 430
1273 1059
1273 1060
1480 1061
1480 614
1923 54
1426 111
1052 1062
1052 1063
1694 321
1694 312
1694 49
1694 1064
748 577
748 62
487 1
487 394
487 111
487 1065
487 1066
487 417
487 395
487 58
487 1067
487 1068
487 731
487 516
1315 1069
1323 1070
1323 560
790 1071
790 7
1101 1072
1101 1073
1101 495
1101 88
466 434
466 664
1788 1074
566 193
566 347
566 1075
566 196
566 63
566 326
566 843
566 186
566 1008
566 392
566 48
566 716
739 1076
739 24
739 983
739 341
739 653
1359 727
1967 797
2118 696
175 38
175 898
990 1077
990 1078
2119 351
2120 988
589 1079
589 590
589 410
2121 9
1884 8
93 1080
93 90
93 984
2122 47
1318 1081
2123 1082
433 1083
433 143
433 844
433 1084
433 1085
433 365
433 80
433 29
1613 972
995 1086
1539 94
1539 128
550 1087
550 1088
550 1089
550 1090
550 684
550 326
550 333
550 8
550 1091
550 62
550 42
550 1092
550 1093
550 1094
550 36
1269 1095
1036 308
2124 187
2125 365
2126 464
1356 361
141 141
141 1096
141 1097
378 1098
378 815
378 75
378 134
378 116
1185 129
1284 188
1284 126
2127 1099
88 839
88 989
88 1100
88 733
88 40
88 298
88 0
88 593
88 526
88 22
88 671
88 209
88 307
88 193
88 878
88 1025
88 365
88 1101
88 172
88 516
1483 1102
1794 1022
678 343
2128 731
2129 593
2130 698
2131 120
489 586
489 171
489 573
489 671
489 1103
489 488
489 161
2132 81
2132 75
2132 740
1470 219
1470 991
1104 782
1104 1104
469 63
469 522
666 786
1660 343
2133 1105
1407 365
2134 1106
339 924
339 1107
339 197
339 1018
339 1108
339 23
339 582
339 1109
339 1110
339 335
1381 101
2135 326
1021 407
1021 1111
1021 1021
1021 120
806 1112
806 80
806 75
806 1113
1353 1114
2136 450
2137 165
1644 22
2138 87
2139 1115
1116 1116
1116 467
2140 195
2141 162
159 45
159 940
159 23
159 1117
159 406
159 48
2142 271
2142 1118
1050 1119
1050 410
1050 100
1050 8
1050 991
1050 274
1452 653
2143 1120
1187 485
1187 134
67 607
67 1121
67 447
67 1122
67 550
67 1086
67 1123
67 1124
67 1125
67 804
67 379
2144 472
1042 245
1042 78
484 1126
484 471
484 14
109 647
109 134
109 1127
109 1128
109 1129
109 103
109 926
1076 739
1130 1130
2145 162
1225 31
164 1131
1045 1132
673 304
1394 1133
2146 194
165 266
165 1134
165 811
165 38
165 1135
165 1136
165 1137
165 1138
165 745
165 120
165 783
165 514
165 1139
165 195
165 560
165 205
165 542
165 80
165 486
165 491
2147 70
62 14
62 1140
62 550
62 763
62 1141
62 1142
62 255
62 170
62 389
62 21
62 188
62 136
62 12
62 748
62 1143
62 1144
62 362
62 1145
62 743
62 82
62 131
62 1146
62 1147
62 613
62 1148
62 1149
62 1150
62 640
62 1024
62 1151
62 1152
62 641
62 117
62 1153
62 707
62 1154
62 404
62 1155
50 548
50 1156
479 188
479 426
479 373
479 593
479 1019
479 1157
479 605
479 279
2148 827
1926 54
504 903
287 105
1152 1158
1152 62
454 172
454 125
890 1159
64 617
64 499
64 257
64 65
64 458
64 514
965 1160
965 148
471 7
471 680
471 484
1540 1161
1540 1162
1260 1163
1260 592
1260 105
1260 266
1260 1164
1260 450
1260 317
808 82
808 496
808 268
808 1146
808 611
808 326
808 170
808 48
1264 1165
2149 232
2149 1166
1844 1167
1844 268
923 39
616 1168
616 1169
616 499
76 90
2150 641
2151 22
1572 43
1779 8
1779 894
1779 1170
1779 326
553 150
1313 1171
1313 1172
2152 1146
2152 499
384 367
658 111
104 1081
104 426
104 70
104 1150
104 407
104 401
104 1173
104 117
104 8
104 1174
104 285
1846 1175
355 1028
355 359
2153 738
1469 219
1202 252
2154 942
2155 170
275 97
610 1176
610 1177
2156 571
146 340
146 111
146 382
146 848
146 1178
146 1179
146 188
146 824
146 318
146 47
146 1180
146 148
146 869
146 731
146 542
146 1181
2157 91
135 636
135 1182
135 1094
135 1183
2158 1028
2158 263
2159 1184
727 916
727 611
2160 1185
1915 580
723 1186
134 1187
134 361
134 106
134 753
134 1188
134 111
134 1003
134 1189
134 8
134 894
134 900
134 101
134 58
134 1190
134 1191
134 1192
134 785
134 1181
134 607
134 343
134 127
134 136
134 549
134 915
134 1193
134 48
134 526
134 278
134 22
134 542
134 1144
134 1194
134 1195
134 171
134 128
134 1196
134 935
134 87
134 1131
134 120
134 721
134 947
134 756
134 400
134 674
134 823
134 26
134 205
134 1197
134 82
134 517
134 341
134 298
134 23
134 707
134 7
134 1154
134 404
134 100
955 551
955 148
955 811
955 106
909 1198
909 846
909 336
909 105
909 326
2161 132
252 111
252 1199
252 82
252 332
252 1200
252 1201
252 1202
252 23
252 709
252 1203
252 1204
252 102
252 154
379 67
379 464
379 460
617 1205
617 762
617 1206
617 1207
617 333
617 1208
617 878
617 1209
617 615
617 1210
617 326
617 490
617 380
617 582
617 257
617 120
617 458
617 258
82 228
82 1211
82 106
82 170
82 268
82 1212
82 8
82 23
82 1213
82 472
82 886
82 48
82 51
82 1214
82 12
82 22
82 1215
82 194
82 1216
82 958
82 526
82 438
82 312
82 62
82 315
82 820
82 288
82 52
82 680
82 719
82 224
82 821
82 100
82 1217
82 771
82 1038
2162 783
1157 479
1807 220
65 392
65 64
65 1218
1286 8
1286 3
1286 499
1286 326
237 1219
237 75
2163 295
341 665
341 70
341 134
2164 808
2165 256
2165 188
812 510
812 268
1929 54
716 566
716 742
375 1193
2166 221
1868 54
1868 783
2167 295
2168 208
2168 1220
2169 217
1192 894
1270 67
1270 856
1270 1221
1270 972
1270 1222
1270 396
1270 365
1270 1223
2170 1224
31 1225
31 842
31 1226
1755 580
1755 155
1755 48
30 52
30 170
196 982
196 1227
196 719
196 268
196 566
196 1026
289 1228
289 1229
289 851
289 326
289 1230
289 100
289 404
289 48
1018 548
1018 426
1018 549
1018 88
1018 1231
1018 926
1018 193
1841 25
1841 1115
961 960
961 988
961 1232
961 1233
961 148
1638 47
400 1198
400 296
400 134
400 98
400 1234
400 12
400 189
400 360
400 22
400 13
400 1235
400 630
400 130
400 295
400 103
400 148
149 98
798 7
1774 48
1774 221
163 45
163 63
317 2
317 1236
317 12
317 846
317 1237
317 1238
317 370
317 396
228 1239
228 566
228 189
228 1018
228 75
228 335
1787 1240
1787 1241
701 816
701 1242
873 340
873 148
873 1243
873 1244
873 827
137 1245
137 305
137 94
137 1246
731 304
731 13
731 172
731 542
731 1247
2171 1248
1351 285
2172 172
571 517
571 495
571 73
571 1249
571 863
571 1250
1 1251
1958 1252
2173 54
2173 1253
2173 205
1481 614
358 545
358 817
358 171
1035 672
1257 1254
1257 40
1257 1255
1257 243
1257 1256
1257 539
1257 326
1379 403
1379 101
1254 1257
662 576
662 60
1512 97
1281 1237
1281 285
380 617
380 171
380 545
380 189
380 118
380 1238
380 140
380 172
380 94
380 776
380 427
380 837
2174 103
688 1258
688 1259
2175 580
503 1123
503 12
503 146
1149 244
1163 1164
1163 1260
2176 972
445 0
445 27
445 107
445 541
216 259
216 591
984 90
984 1237
984 75
984 93
2177 1261
641 1143
641 111
243 1262
243 598
243 545
243 1263
243 1237
243 75
243 285
243 1176
243 105
1288 1264
1288 1096
1288 1265
1288 875
1711 1266
1711 208
755 705
2178 170
2178 133
1367 277
1367 75
1367 1141
1367 291
1367 368
1367 1267
441 1018
441 517
441 312
2179 316
509 134
509 545
509 12
509 195
509 62
509 543
509 1185
2180 7
902 1071
902 31
902 1268
902 312
902 941
2181 1269
1221 1270
1221 1271
983 392
983 811
983 827
2182 88
1529 329
1283 111
1283 452
1283 499
2183 808
656 461
1080 93
1080 774
1080 243
136 21
136 48
136 171
136 1131
136 932
2184 255
2185 756
1234 1272
1234 1273
1234 47
1234 8
1234 1274
1234 619
1234 400
1234 335
2186 761
1871 861
1871 101
599 1275
599 883
599 394
1158 245
1158 134
2187 134
582 1276
582 519
582 1277
582 347
582 517
582 398
582 1146
582 1278
582 172
582 63
1088 1279
1088 1280
1088 277
1088 550
1088 130
1263 233
1263 1281
1263 984
1263 243
1263 849
1263 450
16 117
16 788
16 12
16 596
499 989
499 1282
499 616
499 1283
499 295
499 283
499 343
499 12
499 360
499 815
499 365
499 193
499 111
499 171
499 1284
499 40
499 1098
499 615
499 1285
499 371
499 1286
499 1171
499 973
499 1287
499 519
499 117
499 64
499 209
875 1288
875 278
1346 1262
1346 233
1346 940
1346 435
1346 12
1346 1289
1346 543
1346 760
2188 1290
409 1217
409 1291
1015 617
1015 111
279 12
1365 883
1805 220
1294 700
583 438
679 23
891 927
2189 897
1854 452
1854 39
1854 206
1854 1176
1854 1288
1854 1255
1854 1292
213 333
213 1293
2190 134
1955 1294
2191 295
2191 1295
634 417
634 760
1347 1216
1347 204
1347 1173
1347 1296
1347 290
1347 1297
1030 588
2192 13
1857 646
2193 677
700 816
700 1298
700 699
700 8
700 190
700 48
1377 118
15 170
1303 1299
594 879
594 594
315 1300
315 40
315 1028
315 75
315 326
315 450
315 23
315 150
315 1301
315 778
315 517
2194 22
556 398
556 861
556 1302
1299 1303
2195 1304
426 746
426 543
426 249
426 8
426 311
426 40
426 333
426 323
426 715
426 658
426 104
426 11
426 317
426 165
426 54
426 545
426 291
426 1305
426 134
426 971
426 224
426 589
426 1306
426 13
426 1307
426 508
426 166
2196 1173
49 746
49 1156
49 403
49 878
49 1308
49 371
1833 360
301 1309
301 157
301 464
1597 161
1597 103
1597 1310
1597 326
647 1311
647 78
647 529
647 1312
647 684
647 1075
647 220
647 109
647 962
741 10
2197 1313
1069 1112
1069 1314
1069 1315
1081 104
1081 1316
1081 14
1081 958
1081 38
1081 100
1081 121
1081 1317
1081 1318
1081 201
1081 274
1081 220
2198 8
2198 1319
2198 134
1864 156
2199 848
132 1320
132 1321
132 1056
2200 1322
1070 1323
2201 1324
618 1207
618 264
618 1325
1855 1326
1855 1327
281 694
281 342
1771 48
1771 1328
2202 719
362 1329
362 1330
362 1331
362 770
362 333
362 1332
362 490
362 1287
362 1333
362 1334
362 381
362 537
362 709
362 630
362 7
362 1335
362 210
362 48
362 278
362 292
1044 1003
1044 1336
1044 33
2203 365
1418 1337
1886 804
977 985
977 1338
977 9
901 635
901 111
901 1339
901 941
901 404
1004 1340
1004 1341
1004 124
1004 573
1004 1342
1004 1343
1004 423
1004 1344
182 1345
1113 806
1113 742
2204 264
2205 1180
760 1116
760 128
760 1346
760 217
760 634
760 1347
760 475
760 1348
1533 333
1533 353
1533 1017
491 70
491 490
491 481
491 894
491 281
491 886
491 48
2206 729
2207 8
1821 866
1349 1349
1349 48
1472 422
1472 19
1472 778
1472 219
1472 278
2208 548
2208 251
285 326
285 1350
285 1351
285 389
285 48
285 317
285 1080
285 1237
285 643
285 1352
285 520
285 236
285 546
285 1353
285 111
285 382
285 105
285 54
285 120
285 372
285 52
285 770
285 97
285 1354
285 684
285 1355
285 635
285 560
285 202
361 665
361 134
361 1173
361 827
361 57
361 8
361 440
361 115
361 58
361 674
361 308
361 1356
2209 905
1936 1357
1936 1321
529 647
529 1028
529 111
897 111
897 861
897 1358
897 231
897 850
897 1359
295 400
295 1144
295 392
295 1360
295 1361
1624 385
1624 730
1624 729
1624 400
1624 539
1624 1362
1073 1101
551 955
551 48
551 199
551 486
1177 610
77 1363
77 786
77 1258
331 138
331 1311
331 210
331 665
938 684
125 111
125 1364
125 774
883 1365
883 1066
883 593
883 599
883 881
1194 134
2210 1224
1710 23
1441 963
1441 147
1395 246
1395 36
1753 48
1753 1366
625 318
625 665
1267 1367
2211 1069
505 12
505 1287
735 577
735 264
155 848
155 576
155 963
155 1060
155 62
155 315
155 450
1390 1154
473 173
1008 566
1008 1368
1008 1369
672 43
672 171
1039 365
1039 1370
1039 87
1039 3
96 90
96 221
96 1371
96 120
1869 385
1869 450
1869 390
1630 873
2212 1224
573 489
573 573
573 1372
573 1237
573 1373
573 307
573 220
1746 257
118 1374
118 1029
118 1375
118 1156
118 974
118 1146
118 158
118 1067
118 985
118 380
118 1376
118 148
118 400
118 271
118 392
118 1377
118 1378
101 1379
101 1311
101 1380
101 1053
101 1111
101 844
101 150
101 1381
101 35
101 771
2213 1382
1340 1004
2214 468
674 111
674 382
674 134
674 1383
674 1173
674 1079
1026 1171
1026 196
1026 349
1026 255
1026 220
1813 1384
1813 360
546 849
546 1237
546 236
546 285
1099 310
1099 274
1099 171
1099 1385
1099 1386
2215 195
579 899
579 517
2216 617
1431 820
1431 293
1431 106
86 228
86 726
86 335
86 165
86 1345
86 727
86 761
86 1246
86 321
86 8
86 1200
86 103
86 1387
86 7
86 90
86 172
86 916
86 1388
86 1133
366 1389
1154 1390
1154 1391
1154 134
1154 62
876 1392
2217 326
1911 1393
1925 54
974 271
974 1171
974 14
1526 1014
1786 346
1133 1394
1133 86
36 1009
36 288
36 171
36 1395
36 304
36 785
36 12
36 120
36 550
36 47
36 511
36 1396
36 281
36 695
36 458
36 1030
1739 1397
261 1398
261 1399
261 1400
261 268
2218 927
2219 771
1265 458
1311 1401
1311 647
1311 279
1311 593
1311 70
1733 185
899 1402
1824 167
708 981
321 317
321 129
321 86
321 263
321 822
321 451
2220 205
2220 542
60 340
60 1403
60 204
60 662
60 1236
60 1234
60 1345
60 912
60 100
60 613
60 154
365 2
365 1260
365 1404
365 1389
365 0
365 1405
365 1054
365 475
365 1406
365 88
365 1061
365 614
365 297
365 222
365 1407
365 1039
365 880
365 673
365 105
99 1408
2221 1409
946 1171
946 1061
946 1410
946 956
946 164
946 614
27 1411
27 82
27 884
27 1412
27 734
27 491
27 1413
27 124
2222 62
1843 125
1843 222
1913 1414
1913 82
1271 1221
44 1415
44 1416
44 124
44 901
44 846
44 1143
44 854
795 7
795 266
795 274
2223 111
2223 1417
2224 899
2224 22
1934 842
1204 545
1204 1418
1204 365
1204 8
1376 118
1376 1419
1376 220
1110 1420
1110 339
1110 54
1110 112
1110 8
1110 543
1110 854
1861 726
1861 1421
1861 1419
1823 80
1823 426
759 214
759 549
2225 1422
1029 118
1029 346
1029 1139
1029 320
1575 416
1141 48
1141 1423
1817 1272
1817 1424
1317 1081
1440 1367
2226 1425
2226 148
111 694
111 932
111 357
111 208
111 361
111 529
111 687
111 490
111 1426
111 846
111 400
111 23
111 1283
111 613
111 260
111 392
111 335
111 396
111 124
111 1427
111 985
111 1428
111 590
111 71
111 49
111 1429
111 125
111 829
111 1238
111 1430
111 221
111 1431
111 115
111 1219
111 980
111 1432
111 658
111 171
111 81
111 252
111 9
111 105
111 499
111 410
111 54
111 864
111 85
111 409
111 351
111 262
111 1015
111 543
111 239
111 510
111 621
111 103
111 40
111 1413
111 134
111 57
111 1018
111 52
111 1371
111 1433
111 461
111 64
111 401
111 56
111 815
111 641
111 1133
111 117
111 107
111 7
111 1434
111 1435
111 1436
111 1437
111 285
429 249
429 1438
429 306
429 1439
429 89
429 621
429 90
429 432
429 48
429 558
500 1431
2227 8
2227 285
465 12
270 1006
270 1298
270 610
270 1426
270 481
270 1440
270 700
270 130
270 88
147 1441
147 285
2228 12
2229 165
424 54
1232 960
1232 961
905 268
2230 940
2231 1095
2231 1442
2232 1443
547 849
2233 64
1851 1217
1851 963
687 8
687 785
687 1258
687 1444
1314 1445
2234 1446
853 292
2235 1158
2235 1447
2235 1448
2235 22
1742 75
1742 270
20 170
2236 1449
2237 79
51 260
51 82
51 1450
51 255
51 62
1591 326
815 1451
815 973
815 214
815 1123
815 448
815 190
815 635
815 103
1334 1265
1750 111
1750 395
1195 134
653 1452
912 326
1165 450
1165 255
1165 1264
274 1081
274 506
274 1453
274 563
274 1099
274 170
274 7
274 695
2238 857
211 1454
519 1455
519 499
519 1456
519 1028
519 1457
519 121
519 1458
519 582
519 822
519 542
519 167
107 445
107 1459
107 124
107 1460
107 224
107 1246
107 851
107 1461
107 461
107 709
107 1462
107 1144
107 1463
107 1464
107 48
107 660
2239 193
2240 1465
431 170
202 1227
202 958
202 1412
202 112
202 1466
202 75
202 28
202 285
2241 1217
430 496
430 105
2242 1467
1016 335
620 393
2243 543
2243 1468
2243 344
219 1311
219 844
219 1469
219 1470
219 1471
219 1472
219 1473
219 602
219 796
1555 224
1555 1468
706 1474
1776 1475
2244 54
2244 743
1402 899
1402 171
1160 1476
234 972
234 103
234 75
234 382
234 1151
722 1272
2245 712
845 506
845 1477
845 1206
845 522
628 312
628 1478
1437 111
1437 115
1437 8
1437 195
382 171
382 146
382 51
382 721
382 1396
382 674
382 172
382 916
1166 1366
1916 54
1916 621
1916 448
1916 126
1747 674
1747 155
1747 8
1747 23
1747 257
1747 9
1747 783
596 1479
596 401
1757 48
614 946
614 361
614 414
614 670
614 1067
614 1061
614 1480
614 1481
614 365
614 558
425 249
1385 48
1693 1482
1693 1431
1693 3
915 48
915 171
915 134
1235 400
1235 8
1235 918
1799 171
1799 1332
2246 351
1959 851
2247 105
1102 1483
2248 12
740 785
740 200
2249 1484
1809 1485
1809 1486
1809 86
1809 498
1809 1487
2250 955
1134 165
183 497
2251 1488
611 727
611 194
611 1238
611 325
2252 341
494 12
1075 647
1075 270
1075 566
1075 220
87 340
87 778
87 762
87 171
87 680
87 49
87 1489
87 278
87 1251
87 276
87 7
87 1238
87 172
87 320
87 450
87 134
1453 274
1453 134
1453 326
2253 170
2254 546
613 111
613 973
613 71
613 38
613 1490
613 1054
613 1491
613 684
613 731
613 57
613 62
613 255
613 742
613 48
613 1492
613 391
1675 719
1553 459
1553 1493
157 45
157 617
157 246
157 301
157 1494
157 1495
157 255
157 274
157 531
157 48
97 1496
97 1497
97 69
97 1498
97 1499
97 1500
97 195
97 1501
97 1502
97 1503
97 1504
97 1505
97 22
97 1506
97 1507
97 1508
97 362
97 1509
97 1510
97 1511
97 1512
97 1513
97 1514
97 312
97 1515
97 1516
97 275
97 1517
97 1518
97 1519
97 1520
97 1464
97 1521
97 285
2255 1522
1476 481
1875 1523
1471 219
94 91
94 1524
94 48
94 305
94 326
94 380
94 75
94 771
94 90
94 1525
1014 1526
1014 298
1014 1355
1014 592
1014 326
2256 445
2256 713
2257 438
884 27
2258 1527
1208 321
1208 617
1208 49
2259 1269
906 586
906 171
906 391
1547 40
233 1237
233 75
233 545
233 176
33 54
33 886
33 422
333 1528
333 940
333 617
333 1529
333 550
333 982
333 665
333 1530
333 1327
333 1419
333 292
333 249
333 848
333 41
333 468
333 1531
333 467
333 1532
333 329
333 1229
333 1533
333 426
333 1272
333 1534
1772 48
2260 1535
128 1239
128 127
128 134
128 84
128 555
128 1445
128 622
128 219
128 105
1612 145
1612 1233
921 39
1434 111
2261 1146
1560 1003
1435 111
1435 1536
660 224
660 107
660 1144
152 1537
1023 1538
1023 1539
2262 365
1161 1540
290 128
290 374
290 1347
290 184
290 23
290 219
290 851
290 1541
290 1542
290 1543
2263 73
659 1544
1034 1106
930 54
930 757
1054 1545
1139 1164
1139 122
1139 233
1139 165
1139 317
162 1546
1027 324
1027 257
1027 320
40 52
40 395
40 54
40 259
40 1547
40 501
40 88
40 117
40 771
40 238
40 90
40 695
40 326
40 48
40 1257
2264 260
988 263
988 988
988 961
351 1005
351 705
372 1548
833 318
833 814
833 52
833 1549
833 1078
510 1550
510 746
510 1551
510 1552
510 268
2265 580
459 68
459 171
459 1553
558 304
2266 256
92 1554
224 1239
224 83
224 1555
224 426
224 491
224 40
224 1556
224 438
224 219
224 956
224 107
224 660
224 291
224 282
224 82
224 258
224 771
224 450
224 134
2267 450
635 1557
635 194
635 16
635 40
635 689
635 268
635 1146
635 1206
635 602
635 199
635 1413
635 448
635 1558
635 48
635 161
635 1559
635 285
2268 548
2268 1181
1819 1017
1819 1560
1819 349
1819 1003
588 1561
1198 111
208 208
208 111
208 1562
208 1563
208 1022
572 1274
572 1233
413 249
2269 709
782 111
782 1231
782 1104
782 8
782 1355
782 257
782 335
782 48
1812 535
785 134
785 268
785 687
785 740
785 1564
785 23
785 7
785 1464
785 36
2270 82
1002 621
1002 1565
576 517
576 155
576 315
576 450
576 1059
1107 767
1107 87
1107 580
1107 339
862 612
862 120
2271 54
325 746
325 611
325 326
1048 436
486 362
486 165
486 963
486 357
486 1566
486 103
486 1567
1627 827
839 111
839 263
2272 35
2272 1213
1383 365
1383 674
944 575
944 1568
944 129
944 220
203 1311
203 381
203 82
203 17
203 1569
203 1051
203 914
203 116
203 133
203 913
203 30
2273 235
2273 643
855 1570
855 1571
43 888
43 1415
43 1572
43 1573
43 1574
43 1575
43 672
43 1576
404 134
404 901
404 1577
404 48
404 1465
404 326
404 1578
404 62
404 1122
404 63
404 1579
390 1580
1071 117
1071 790
83 224
83 90
296 148
1674 1581
1674 1582
1674 1583
770 714
770 1584
770 546
770 236
770 362
770 285
821 82
217 7
560 1545
560 1175
560 9
560 165
560 545
560 1585
560 120
560 1586
560 694
560 448
560 112
560 486
2274 1408
796 7
796 188
796 219
1087 1587
1087 550
1028 105
1028 224
1028 355
1028 320
1028 326
1028 529
1028 148
1028 7
1028 315
1028 519
1188 326
326 1588
326 981
326 808
326 98
326 1589
326 1028
326 1590
326 747
326 846
326 1188
326 8
326 263
326 550
326 574
326 392
326 48
326 450
326 1080
326 117
326 1185
326 592
326 134
326 1270
326 12
326 495
326 492
326 1591
326 837
326 850
326 325
326 16
326 338
326 715
326 171
326 1471
326 266
326 1592
326 9
326 105
326 1593
326 848
326 1173
326 1556
326 40
326 87
326 1453
326 1098
326 111
326 136
326 532
326 1096
326 842
326 89
326 400
326 246
326 371
326 289
326 1594
326 702
326 1488
326 52
326 1595
326 665
326 517
326 1596
326 964
326 1597
326 1288
326 94
326 1014
326 957
326 929
326 7
326 433
326 1598
1458 519
23 245
23 608
23 1599
23 940
23 1486
23 290
23 134
23 339
23 322
23 788
23 22
23 252
23 1600
23 1185
23 420
23 111
23 128
23 54
23 935
23 88
23 973
23 1601
23 1082
23 1602
23 1603
23 1604
23 204
23 667
23 600
23 13
23 310
23 258
23 771
1566 486
1201 22
1201 1200
1201 252
1646 35
418 199
418 249
418 670
123 1241
1404 1605
1404 1480
264 618
264 40
264 58
1429 54
495 571
495 12
495 326
495 1606
495 827
495 124
907 1018
907 47
907 171
2275 268
538 607
538 1607
538 593
2276 121
1716 82
1247 731
686 1258
686 39
2277 517
121 1081
121 519
121 1146
121 297
121 417
121 1608
121 373
1226 31
1226 902
2278 515
1604 1246
1468 206
1468 25
756 1229
756 134
2279 279
2279 360
2280 398
194 171
194 246
194 665
194 105
194 82
194 611
194 1146
194 87
194 1019
194 727
194 635
194 1227
194 70
730 7
730 54
730 958
730 537
100 266
100 1146
100 82
100 134
100 133
100 1461
100 1609
100 12
100 289
100 1081
100 1610
100 1050
100 13
100 60
100 259
100 201
100 799
100 394
100 1611
100 278
100 317
2281 8
1606 495
2282 903
1712 106
1763 127
717 816
717 548
717 1104
381 529
381 203
381 1316
381 193
2283 79
1550 510
2284 1311
737 577
2285 344
2285 170
972 111
972 1612
972 1234
972 401
972 1613
972 255
972 44
972 400
972 234
972 295
972 857
1968 1144
1968 797
1939 592
1939 846
958 1081
958 1614
958 958
958 259
958 401
958 481
958 1615
958 1099
958 1309
958 613
958 274
958 730
581 1616
581 517
581 549
1569 54
1569 203
802 161
2286 989
1484 54
1484 1144
1484 1484
1268 901
284 245
284 1003
1910 3
1072 177
1072 464
1072 1101
1072 379
1242 257
2287 12
1938 1617
1552 510
1552 844
1552 1099
1552 641
1552 220
21 256
21 170
21 62
21 926
1928 1401
258 617
258 1618
258 1619
258 224
258 983
258 170
258 749
258 23
258 150
258 58
258 392
258 1620
258 1621
258 1622
258 134
1082 48
385 1251
385 1475
385 1623
385 1069
385 458
385 1624
189 311
189 1625
189 549
189 1626
189 380
189 400
189 279
189 405
189 285
827 1627
827 1175
827 697
827 361
827 873
827 1628
827 495
827 111
827 1629
827 1630
47 630
47 1475
47 106
47 783
47 1631
47 851
47 326
47 1632
47 1633
47 1634
47 1190
47 450
47 983
47 1156
47 322
47 1234
47 907
47 857
47 1635
47 111
47 498
47 82
47 1636
47 1637
47 54
47 878
47 1638
47 1025
47 720
47 246
47 640
47 38
47 138
47 146
47 641
47 705
47 115
47 1242
47 209
47 346
47 36
58 258
58 246
58 134
58 361
58 461
58 264
58 501
58 1639
58 23
58 1213
58 329
2288 1212
810 268
278 1087
278 1205
278 875
278 827
278 943
278 48
278 277
278 134
278 322
278 754
278 1640
278 256
278 362
278 542
278 1079
278 1200
278 1472
278 63
278 1641
278 1642
278 100
278 934
2289 120
1175 1643
1175 164
1175 827
1100 88
841 263
1735 709
1856 44
1856 674
1856 42
1808 7
1808 916
1808 498
420 1075
420 249
420 23
420 523
1231 782
1231 1285
2290 560
655 461
2291 782
2292 565
1312 461
1312 774
1312 1237
1312 647
1312 1644
1312 546
1312 1312
1312 285
35 12
35 101
35 1146
35 886
35 1645
35 406
35 108
35 103
35 55
35 1646
2293 1647
2293 134
1382 54
2294 1577
1171 295
1171 1144
1171 1026
1171 1648
1171 946
309 517
309 414
309 1037
309 670
309 8
309 1649
309 1075
204 461
204 271
204 1628
204 60
56 1234
56 1650
541 445
541 1651
2295 245
2296 443
1464 97
1464 1652
1464 1119
2297 259
2298 249
1653 1653
908 1383
908 171
908 326
2299 70
1941 392
2300 106
251 1654
251 39
251 251
251 153
195 97
195 362
195 165
195 1437
389 1163
389 1251
389 1331
389 1007
389 1370
389 49
389 1655
389 62
389 1656
389 1219
389 285
778 340
778 14
778 54
778 1657
778 1472
778 1658
1181 48
2301 1287
2302 1659
343 134
343 1412
343 593
343 219
343 1660
343 612
145 922
2303 808
2304 1661
2304 1033
2305 782
1834 1589
1687 1662
1687 106
297 1663
297 121
297 1664
297 1551
297 656
297 302
539 142
539 452
539 1665
539 1255
539 171
539 315
539 1624
539 1257
2306 1666
792 382
792 136
792 164
792 596
792 8
792 259
792 7
792 48
792 1667
957 1668
957 749
957 148
1579 676
1005 291
2307 703
2308 1212
70 104
70 266
70 335
70 491
70 54
70 341
70 8
70 12
70 1669
70 1311
70 7
70 1466
70 199
70 1369
70 1670
70 1003
70 488
1137 1206
1137 165
1079 674
1079 1671
1079 589
1079 22
1079 1079
1079 8
1079 148
1079 1182
1079 48
1079 278
1079 1672
1410 946
1410 148
1096 117
1096 1374
1096 171
1096 326
1096 1288
1096 512
1096 1603
1581 1673
1581 298
1581 1674
207 726
1277 1675
1277 582
1877 8
1342 1004
338 1676
338 326
2309 1137
346 1677
346 1678
346 1578
346 333
346 413
346 1029
346 641
346 450
346 47
346 8
346 13
346 1679
346 115
346 602
346 1680
521 637
536 607
536 315
451 172
451 323
14 111
14 171
14 848
14 38
14 259
14 12
14 714
14 62
1007 535
1007 389
1007 250
1176 245
1176 14
1176 326
1176 195
1176 170
1176 48
1176 1681
1176 134
1176 334
1176 1682
1176 1600
1176 193
1176 82
1176 124
1176 1683
1176 1684
1176 1603
1176 973
1176 610
1176 1685
1176 243
1176 544
1631 7
1631 270
2310 1287
1500 97
2311 1682
102 8
102 133
102 252
102 1437
434 1686
334 138
334 482
334 1687
334 148
334 7
334 1603
788 16
788 1688
788 1150
788 1689
788 111
788 1690
788 270
788 1691
788 58
788 7
710 665
710 1692
1482 270
1482 1693
1238 111
1238 1694
1238 317
1238 87
1238 526
1238 321
1238 380
1238 324
1238 257
1238 3
236 461
1792 989
1792 105
116 1695
116 203
116 288
116 1696
116 1697
116 1631
116 650
116 357
116 1698
116 742
116 1173
116 1690
116 1358
116 973
116 458
116 1396
116 1699
116 48
116 378
1686 434
2312 255
2313 1700
2313 1161
2314 9
1815 743
1762 48
1662 318
1662 1687
1919 54
621 111
621 6
621 81
621 1210
621 1002
621 7
645 1701
645 1702
645 1043
645 1703
667 347
667 1704
667 1705
667 1665
667 23
667 7
667 657
1639 58
882 593
568 941
568 63
991 1296
991 1470
991 1050
991 1706
991 1705
455 172
455 23
455 111
61 1086
61 1327
106 1707
106 856
106 326
106 47
106 894
106 1558
106 48
106 1708
106 134
106 955
106 1687
106 1709
106 1710
106 82
106 124
106 1431
106 1063
106 315
106 458
106 435
106 680
106 461
106 1711
106 843
106 1712
623 171
623 665
623 1713
1443 695
1443 728
449 1241
449 171
2315 613
2315 389
2316 148
37 188
37 886
2317 52
1111 48
1111 101
1417 1714
1417 1715
714 770
714 14
714 545
714 742
714 312
714 1716
714 760
622 111
1180 38
1180 146
1909 477
2318 215
2318 1584
2318 274
2318 1099
221 1717
221 1718
221 113
221 1719
221 137
221 47
221 8
221 1720
221 758
221 283
221 1663
221 1721
221 1722
221 321
221 1723
221 1724
221 1725
221 1185
221 1726
221 455
221 498
221 1052
221 221
221 1322
221 1698
221 1727
221 1728
221 1729
221 312
221 1730
221 1474
221 194
221 1731
221 775
221 401
221 1685
221 705
221 1732
221 1667
1623 385
829 111
829 171
829 86
829 75
829 1692
829 349
2319 443
526 82
526 38
526 88
526 853
526 845
526 7
421 249
421 575
421 82
421 1733
2320 302
406 35
406 261
406 1122
406 1117
406 1734
223 63
2321 1610
914 203
914 171
1908 1316
1908 1302
733 88
733 936
733 671
733 531
506 274
506 845
112 403
112 219
112 357
112 1173
112 560
1906 1220
709 491
709 1582
709 3
709 989
709 184
709 1735
709 79
709 1434
709 1736
709 252
709 1737
709 843
709 362
709 542
709 1738
1248 1056
485 1205
485 1187
144 259
144 329
144 922
917 171
918 8
918 171
918 1235
1705 991
1397 1739
1199 1178
1199 252
1582 48
259 986
259 14
259 958
259 23
259 100
259 216
259 1150
259 8
259 853
259 170
259 1154
259 144
259 800
259 40
259 813
259 1740
259 105
481 157
481 111
481 491
481 958
481 1741
481 1742
481 1743
481 771
481 292
1117 48
1117 159
1117 406
108 35
108 1693
193 1744
193 499
193 1176
193 88
193 8
193 894
193 13
193 1419
193 161
193 362
193 48
193 1745
257 1027
257 617
257 1242
257 1417
257 782
257 1746
257 1747
257 1238
257 252
257 1203
257 249
793 7
166 38
166 426
2322 1748
254 1749
2323 249
2323 326
395 1750
395 1751
395 973
395 3
395 40
587 1752
1182 1079
1182 135
1229 333
1229 220
48 1106
48 1753
48 851
48 1282
48 260
48 278
48 551
48 1008
48 1754
48 51
48 1156
48 22
48 1755
48 850
48 193
48 171
48 40
48 1683
48 438
48 62
48 757
48 510
48 274
48 133
48 814
48 204
48 224
48 635
48 1137
48 1699
48 856
48 782
48 894
48 219
48 101
48 1362
48 127
48 136
48 148
48 107
48 80
48 792
48 486
48 1437
48 999
48 16
48 382
48 566
48 1756
48 1079
48 478
48 1757
48 1385
48 38
48 589
48 1582
48 146
48 1082
48 184
48 915
48 429
48 185
48 771
48 1758
48 268
48 1176
48 240
48 8
48 550
48 1759
48 353
48 804
48 1760
48 1311
48 1083
48 1227
48 134
48 1733
48 1761
48 1482
48 700
48 323
48 324
48 252
48 256
48 116
48 266
48 82
48 337
48 844
48 87
48 1762
48 1763
48 613
48 1764
48 157
48 986
48 100
48 94
48 404
48 1765
48 1038
48 106
48 1766
48 1141
48 718
48 1672
48 1767
48 233
48 1768
48 333
48 1769
48 1111
48 12
48 1181
48 168
48 1770
48 1771
48 362
48 27
48 292
48 1772
48 111
48 54
48 289
48 120
48 1018
48 1773
48 270
48 147
48 702
48 1661
48 491
48 159
48 117
48 1774
48 391
48 285
246 157
246 1231
246 124
246 1395
246 268
246 517
246 1538
246 197
246 8
246 484
246 58
246 80
2324 41
1033 1775
1033 129
2325 508
55 894
55 40
55 12
55 698
55 731
55 1664
55 35
2326 148
800 7
800 259
1475 385
1475 1776
1475 82
1475 268
1475 8
1475 1777
2327 88
11 426
11 541
2328 14
1491 613
2329 115
894 1778
894 491
894 1779
894 490
894 712
894 55
894 365
894 1192
953 128
943 362
943 575
943 278
943 136
210 1780
210 1781
210 331
210 1782
210 827
210 1783
210 1784
210 1785
210 1786
210 362
1722 221
1241 1787
436 312
436 828
436 953
436 148
2330 774
1074 1788
1074 450
1320 132
1103 489
1103 9
2331 45
1388 82
2332 84
1781 1781
85 90
85 111
878 617
878 593
878 49
878 88
878 47
878 325
878 170
619 1632
619 461
619 401
619 1789
2333 38
2334 148
2335 1649
600 23
255 418
255 51
255 848
255 259
255 747
255 1790
255 1026
255 1165
255 80
255 771
255 48
1056 1689
1056 1685
771 82
771 224
771 481
771 255
771 197
771 23
771 438
771 9
771 48
771 292
1667 792
1667 221
2336 1791
129 127
129 131
129 944
129 1568
129 148
129 1643
129 1185
129 128
2337 985
2337 575
989 1310
989 499
989 88
989 709
989 688
989 1792
989 1078
2338 1161
2338 3
2339 1086
2339 326
2340 1793
2341 97
1373 573
1373 6
1373 538
1022 1794
1022 130
1022 51
1022 208
1022 106
2342 400
2342 958
1127 109
1496 97
2343 762
1126 7
1126 471
837 1025
837 461
837 326
837 105
837 170
1144 111
1144 134
1144 1171
1144 1026
1144 456
1144 62
1144 295
1144 997
2344 9
1709 677
1709 106
373 1795
373 16
373 935
373 171
373 605
373 1734
373 1796
373 650
373 121
373 188
373 1285
373 406
373 479
1568 944
725 171
725 783
725 12
725 114
725 367
725 1797
725 918
2345 4
801 295
801 161
801 12
826 1105
826 8
518 1081
518 1798
1332 362
1332 1799
1332 1800
2346 495
744 442
2 365
2 1801
2 1209
2 317
2347 327
2347 712
747 124
747 255
747 326
747 22
747 1802
747 1803
537 607
537 730
537 368
609 1804
609 264
609 973
1446 274
1723 221
1448 1008
1448 560
220 1805
220 267
220 1371
220 1806
220 944
220 40
220 1075
220 429
220 1807
220 101
220 573
220 405
220 1229
220 602
220 1078
220 391
2348 333
1374 118
1374 120
2349 136
1863 9
1863 848
642 131
59 335
59 698
59 499
2350 111
498 12
498 1808
498 221
498 1809
1614 1742
1614 958
1554 291
2351 165
2352 1018
439 517
2353 1170
1291 743
543 111
543 426
543 1628
543 1810
543 326
543 1295
543 48
2354 1811
205 165
2355 426
2355 423
2355 352
2356 426
1648 220
2357 333
2358 832
522 7
522 392
522 401
522 582
522 469
830 1734
535 607
535 1007
535 250
535 1812
586 489
586 906
1384 1813
1384 111
1384 491
1011 54
1704 667
1339 901
260 249
260 51
260 1804
260 111
260 712
260 48
260 813
1546 162
2359 221
188 1198
188 1431
188 3
188 62
188 929
188 172
188 886
188 279
188 796
328 35
46 158
2360 205
2361 857
676 307
676 475
676 1579
743 442
743 1291
743 1814
743 1815
743 1445
743 478
743 394
2362 111
468 333
468 680
2363 63
1652 1173
1233 1612
1233 961
1233 360
1424 1816
1424 491
1424 1817
1836 23
1836 312
1836 105
1836 401
29 170
820 82
2364 549
868 120
2365 505
2366 962
1003 1560
1003 1818
1003 284
1003 1819
1003 134
2367 97
854 456
854 1110
854 292
1717 221
746 150
746 49
746 325
746 320
0 18
0 816
0 111
0 115
0 851
2368 1820
1585 1522
1585 1645
1585 560
1826 788
1826 1051
644 1705
493 12
493 1059
493 10
1095 729
1428 111
866 1821
866 1006
2369 1822
2370 492
2371 1324
1143 252
1143 1145
80 1823
80 246
80 729
80 433
80 806
2372 609
2373 331
2374 332
2374 687
2374 959
2374 1824
2374 1056
2374 1825
2374 285
2375 1003
1657 778
2376 613
2376 481
388 722
1442 1112
1442 189
1442 407
397 288
397 314
1848 865
713 1258
1051 1826
934 75
934 278
934 134
934 167
933 134
303 47
303 1827
303 91
871 1828
871 1829
119 1830
2377 1831
2378 1685
2379 680
592 105
592 1832
592 846
592 326
592 1355
592 1014
592 837
360 702
360 249
360 400
360 214
360 797
360 1813
360 322
360 1833
360 1233
360 537
360 235
360 22
360 323
360 582
360 703
360 872
360 1472
360 8
360 1046
1589 82
1589 781
1589 1834
1589 62
1589 850
1589 1835
1589 326
527 1066
2380 1747
926 105
926 1826
926 39
2381 326
2382 865
992 1836
1637 47
1322 221
2383 111
2383 670
1146 635
1146 808
1146 153
2384 1488
1603 1176
1603 334
1603 1837
1603 23
1603 1096
1603 7
1778 1474
1778 894
1778 1837
1778 1838
1778 3
1778 817
986 259
986 41
986 103
986 353
986 48
986 302
776 1839
776 380
2385 1608
2386 23
1519 97
752 705
1616 581
1616 105
25 1116
25 1840
25 1841
25 1468
25 170
25 1842
25 1335
25 709
1386 1099
222 775
222 401
222 1364
222 1843
222 365
222 285
772 1573
950 148
781 1589
781 1355
1406 295
859 859
1650 56
2387 486
1167 577
1167 1844
2388 35
639 1636
1262 1346
1262 1845
1262 358
1262 243
669 304
232 1198
453 172
2389 1003
1306 263
2390 141
1019 194
1019 1461
1019 189
114 1003
114 357
1237 573
1237 233
1237 105
1237 1281
1237 984
1237 243
1237 324
1237 1030
1237 1312
1237 307
1237 546
1237 285
1237 317
2391 333
939 315
683 683
683 423
2392 1017
1636 639
1636 1638
848 1445
848 293
848 14
2393 933
1333 362
2394 859
1643 1175
1643 1846
1643 129
695 1026
1873 1816
1873 1847
865 87
865 1848
2395 1849
963 1441
963 398
963 401
963 1850
963 438
963 1851
963 148
963 1852
963 1217
963 155
963 486
1140 1853
1140 635
1140 62
1140 1396
2396 219
1153 62
1292 1854
936 460
1155 80
1155 1185
1155 1696
302 300
302 274
302 148
302 986
302 1213
762 87
762 617
762 64
762 380
762 39
1326 1855
728 137
728 79
728 1200
728 709
1209 1238
1209 617
1209 746
1209 519
1209 120
852 292
1615 1742
470 1488
470 195
470 680
470 1298
448 172
448 486
448 560
42 1681
42 1565
42 543
42 1856
42 695
42 365
2397 172
646 1857
646 1858
1754 635
1255 539
1255 1854
1255 1257
323 665
323 451
323 985
323 8
323 1859
323 426
323 315
323 48
323 1181
1419 165
1419 1860
1419 1376
1419 1861
1419 13
1419 193
1671 1079
1671 1287
201 100
201 1081
201 1227
201 667
2398 1258
1145 1143
1423 1141
9 743
9 249
9 596
9 349
9 111
9 326
9 1862
9 729
9 1081
9 1747
9 763
9 8
9 1863
9 1461
9 560
9 171
9 327
9 852
9 1155
156 1864
1173 674
1173 361
1173 137
1173 112
1173 12
1173 333
1173 1652
1173 116
1173 542
1173 486
2399 382
615 1168
615 617
615 452
615 499
1865 1865
2400 295
648 651
648 962
1341 1341
1699 48
1217 932
1217 208
1217 1653
1217 100
1217 878
1217 1711
1217 963
2401 728
2402 1237
1685 1176
1685 221
1350 1227
1350 335
1350 218
1350 1488
1350 285
417 249
417 171
417 1622
417 732
417 487
417 308
450 111
450 1260
450 1866
450 1867
450 346
450 155
450 266
450 1868
450 89
450 172
450 315
450 1869
450 1263
277 1367
277 1088
277 278
277 1870
2403 561
861 1871
861 869
861 134
861 897
861 556
2404 934
2405 235
2405 171
1430 111
1430 785
1859 1006
1628 543
2406 71
1416 44
959 148
2407 526
2408 1578
240 245
240 48
240 75
240 171
1847 743
1847 249
1847 549
1847 1872
1847 1113
1847 161
1847 1873
2409 184
1744 193
1164 317
1164 1139
1804 609
1804 352
2410 1874
2410 195
1523 1875
819 193
2411 110
1432 635
1432 465
1432 1559
345 1678
402 263
402 1876
8 1877
8 1475
8 687
8 550
8 782
8 1210
8 763
8 1878
8 8
8 170
8 512
8 171
8 607
8 1025
8 134
8 1396
8 259
8 1409
8 12
8 611
8 360
8 22
8 497
8 792
8 193
8 1437
8 1045
8 1879
8 82
8 70
8 410
8 54
8 1880
8 86
8 1747
8 1881
8 120
8 57
8 548
8 1882
8 1883
8 613
8 327
8 1125
8 865
8 288
8 680
8 667
8 694
8 461
8 1354
8 593
8 1032
8 602
8 1884
8 1050
8 150
8 13
8 1235
8 7
8 740
8 161
8 346
8 126
8 918
1445 743
1445 1445
1445 88
1124 67
1124 666
804 1556
804 1885
804 165
804 3
804 1886
2412 54
2412 170
2413 105
555 128
1405 365
1522 1585
2414 1887
2415 1151
2416 944
980 208
980 1888
980 1889
980 357
980 308
980 931
980 476
542 99
542 1890
542 318
542 1173
542 146
542 120
542 117
542 860
542 3
542 1891
542 731
542 335
542 1892
542 278
542 48
542 134
124 12
124 1707
124 1893
124 611
124 1176
124 406
124 11
124 269
124 44
124 1894
124 106
124 353
124 1895
124 1146
124 1012
124 495
124 148
124 193
124 292
124 111
124 747
124 1896
124 41
124 27
124 1897
124 1690
124 1004
124 270
124 1484
124 548
124 246
124 976
124 107
124 1898
124 1899
1245 137
1245 256
337 48
2417 573
2417 195
1205 485
1205 617
374 656
374 1551
5 1900
367 725
367 12
367 384
585 1901
585 1825
2418 1688
103 111
103 169
103 1902
103 234
103 486
103 532
103 815
103 1903
103 672
103 35
103 1353
103 1904
103 1273
103 133
2419 1905
1945 1889
2420 32
2421 251
694 1894
694 171
694 13
694 864
1641 278
1220 956
1220 1906
2422 436
2422 522
2423 71
1396 8
1396 36
2424 526
2425 1069
1800 1647
1862 1862
1862 9
1840 25
1840 82
951 365
951 973
951 148
858 999
858 804
1114 1353
1230 635
2426 438
74 90
528 1907
528 148
2427 103
1316 8
1316 1908
1316 1081
1316 550
2428 96
2428 1687
477 376
477 605
477 1909
3 188
3 394
3 395
3 1156
3 785
3 170
3 49
3 336
3 320
3 1801
3 709
3 1286
3 224
3 1238
3 172
3 1910
3 804
3 1911
612 400
612 862
612 343
2429 14
2429 1257
1062 1628
1062 1052
1216 1214
177 1072
177 379
177 667
177 1345
773 8
773 63
1170 365
1297 1347
1972 115
376 1354
376 1193
1559 635
2430 602
214 266
214 288
214 1024
214 436
214 1538
214 117
214 759
214 392
214 353
214 1912
2431 221
2432 1683
2433 576
2434 127
1719 221
1498 97
2435 709
1414 1913
630 1914
630 332
630 651
630 1321
630 362
630 10
2436 101
999 266
999 343
999 40
999 653
1532 332
1246 1171
1246 586
1246 165
1246 137
1246 86
1246 229
1246 97
1246 1649
1246 107
1246 7
1246 906
671 440
784 7
784 390
1369 302
1369 329
1369 208
1369 410
1279 1088
1279 1863
1279 1000
2437 111
456 172
456 698
456 854
580 129
580 517
580 748
580 60
580 1915
580 778
580 1038
2438 1683
57 361
57 508
57 698
57 846
57 438
57 218
57 8
57 219
57 116
1690 788
1690 252
140 305
140 1778
818 856
2439 1828
2439 312
2439 828
2439 148
1172 1313
1032 932
1433 1859
1433 567
1178 580
1178 739
1178 146
1178 1851
2440 333
1494 336
1494 396
126 1916
126 1284
126 126
544 164
544 1136
544 48
544 1176
544 1272
1115 1917
1115 1025
1115 365
1115 1599
1115 1038
1954 219
860 120
2441 129
2442 1453
507 12
507 670
507 105
1174 1918
1330 362
396 111
396 317
396 774
396 846
396 298
396 1835
2443 340
1477 845
1670 198
1478 628
1505 97
1505 1516
652 461
652 171
54 1011
54 1429
54 1689
54 1919
54 698
54 249
54 1920
54 694
54 8
54 170
54 778
54 1921
54 1904
54 153
54 1681
54 145
54 33
54 48
54 12
54 1321
54 1056
54 199
54 1154
54 266
54 111
54 354
54 70
54 40
54 1916
54 1922
54 1923
54 1924
54 1925
54 1006
54 327
54 120
54 1926
54 730
54 52
54 719
54 517
54 1927
54 56
54 117
54 1928
54 344
54 508
54 1929
54 1930
54 1110
54 285
1364 582
1364 846
1364 125
1364 222
1275 599
1275 1931
398 963
398 582
2444 1488
81 621
81 111
81 241
501 501
501 729
501 58
2445 1155
1179 1543
1179 255
842 266
842 1401
842 1932
842 326
842 263
842 1933
842 1934
2446 613
393 593
393 620
393 408
2447 144
443 27
443 1224
443 1935
1580 499
971 727
971 1936
971 426
971 1538
2448 545
212 1937
2449 349
2450 961
2451 779
2452 531
26 100
26 22
1818 1003
2453 1199
2454 760
1789 1628
1718 221
2455 718
89 79
89 239
89 39
89 450
1617 1938
846 57
846 111
846 1260
846 317
846 326
846 44
846 909
846 1364
846 592
846 396
846 1939
2456 1239
993 1086
392 171
392 1940
392 40
392 0
392 214
392 983
392 1941
392 326
392 118
392 13
392 1285
392 295
392 392
392 258
392 808
2457 365
2457 593
2457 499
2457 88
1392 876
1392 1942
2458 1776
2458 148
2458 958
1932 842
2459 1943
1610 100
638 840
2460 27
1724 246
774 91
767 1107
1696 549
1696 106
1696 1944
1696 116
1696 263
1696 1155
332 315
332 630
693 13
1889 1945
1583 1674
352 18
399 1584
399 1366
399 741
399 63
399 88
238 11
238 635
238 40
1831 307
1831 1946
1831 973
6 621
6 141
6 1438
342 281
342 1156
508 171
508 456
508 1474
508 138
508 106
508 1654
508 12
508 1173
508 120
508 57
508 1123
508 13
508 486
508 704
508 148
508 1857
508 335
508 283
2461 295
401 111
401 1197
401 751
401 1768
401 221
401 958
401 517
401 190
401 619
401 88
401 1026
401 222
401 972
401 596
401 125
428 249
428 368
428 52
2462 1947
79 81
79 728
79 1188
79 1210
79 1948
79 7
79 239
79 510
79 90
1001 1949
330 138
330 340
896 1950
2463 335
2464 172
2464 916
4 1900
1060 214
1060 506
1060 1273
269 23
269 772
387 1251
198 134
198 958
198 87
198 1809
198 115
198 1903
198 1670
198 458
198 285
664 663
664 134
664 1951
664 680
307 1831
307 91
307 573
307 1237
307 150
307 676
307 558
105 1260
105 430
105 1028
105 729
105 326
105 1445
105 1030
105 1952
105 320
105 284
105 849
105 1237
105 837
105 236
105 365
105 1263
105 111
105 128
105 545
105 120
105 961
105 1953
105 194
105 1258
105 243
105 582
105 1616
105 285
2465 134
1138 165
569 105
569 63
168 38
168 48
168 278
864 111
864 40
843 635
843 1329
843 263
843 709
843 170
2466 1954
1618 258
1618 82
1618 170
2467 291
1380 101
1302 861
1302 591
1302 556
206 726
206 1854
206 1468
2468 1935
996 235
1337 1955
310 171
310 438
310 1099
2469 1956
142 305
142 539
2470 183
1957 1957
1488 635
1488 1350
1252 1958
1252 128
2471 856
2471 1653
2471 98
117 1959
117 1960
117 407
117 857
117 326
117 511
117 1961
117 335
117 48
117 1962
117 1963
117 40
117 1964
117 12
117 324
117 148
117 542
117 193
117 1965
117 104
117 16
117 499
117 54
117 1096
117 312
117 62
117 641
117 1071
117 719
117 214
117 100
117 964
117 1966
117 635
117 1828
117 966
797 1967
797 82
797 1968
797 368
1200 134
1200 572
1200 728
1200 1969
1200 1970
1200 1933
1200 278
1200 136
115 111
115 665
115 1150
115 47
115 1556
115 224
115 87
115 1971
115 219
115 135
115 1972
115 929
115 256
115 1973
115 1437
115 346
115 962
391 157
391 82
391 208
391 220
