814 0
814 1
814 2
814 3
370 4
370 5
1056 6
1056 7
1056 8
1056 9
1056 10
1056 11
1465 12
1465 13
1068 14
256 15
256 16
256 17
256 18
697 19
697 20
697 21
697 22
697 23
697 24
697 25
374 26
374 27
374 28
374 29
374 30
1548 31
381 32
402 33
402 34
402 35
402 6
402 36
402 37
402 38
402 39
402 40
402 41
402 42
402 43
402 44
402 45
402 46
402 47
402 48
402 49
402 50
402 51
402 52
1219 53
1088 54
1088 55
1088 56
1088 57
1899 58
1339 59
100 60
100 61
100 62
100 63
100 53
100 64
100 65
100 45
100 66
100 67
100 68
100 69
100 70
100 71
100 72
100 73
100 74
100 75
100 76
100 77
100 78
100 79
1073 80
1073 81
1073 82
955 83
955 84
955 85
1451 86
1451 87
153 88
153 89
1077 15
1077 74
1900 75
1900 90
1533 1
75 91
75 92
75 93
75 94
75 95
75 96
75 97
75 98
75 99
75 100
75 101
75 102
75 103
75 104
75 105
75 71
75 106
75 72
1901 107
205 108
205 109
205 25
205 75
205 110
205 111
1524 72
1902 112
1769 113
165 114
165 115
165 9
165 116
165 100
457 117
457 118
457 119
457 120
147 121
1903 122
1903 123
1903 124
502 125
502 104
502 126
502 127
1049 128
1049 129
1049 130
1049 131
1049 132
1049 133
1049 134
1049 135
1049 136
893 15
893 137
893 138
1904 20
1905 139
1905 140
1905 141
1905 113
314 142
314 143
314 144
578 145
1058 146
1495 76
1495 147
1495 148
618 149
1906 150
838 74
1250 151
1250 152
1250 153
1250 154
1643 155
1597 156
1737 157
1556 158
129 159
617 160
883 161
883 25
883 162
1532 163
76 164
289 165
289 166
289 167
289 100
289 53
289 168
882 20
882 25
882 169
882 170
882 171
882 114
882 172
882 173
882 174
1446 175
14 176
14 177
14 178
14 179
14 180
14 181
14 182
1907 74
1908 183
437 184
437 185
437 114
437 186
437 187
437 109
437 188
437 189
437 190
437 191
437 20
437 192
437 193
437 194
437 9
437 127
437 195
437 196
437 197
437 198
437 199
437 200
507 201
1909 187
109 202
109 203
109 176
109 204
109 205
109 206
109 113
109 207
109 142
109 208
109 209
109 210
109 211
109 212
109 71
109 213
109 214
109 215
109 216
1456 217
1910 218
220 219
220 220
1891 104
827 221
827 117
1253 222
1253 223
1253 196
1029 224
1029 225
415 226
415 49
415 29
415 227
415 202
1911 228
1911 229
819 230
819 231
819 232
1206 233
1206 234
1111 235
1048 236
1048 237
1048 238
1912 239
1913 114
1394 240
1394 160
773 241
773 109
773 130
773 242
773 243
773 244
773 149
773 245
773 246
17 247
17 248
17 249
17 250
17 61
17 251
17 252
17 253
17 254
17 255
17 53
17 256
17 257
17 258
17 259
17 45
17 260
17 261
17 262
17 263
17 264
17 29
17 21
17 265
17 15
17 183
17 266
17 55
17 267
17 268
17 116
17 269
17 270
17 57
17 49
1440 240
1440 198
1914 271
1873 272
1181 273
1181 274
1181 275
1181 276
1378 183
1378 277
1378 21
1146 15
1146 53
1146 278
1146 276
395 53
395 1
922 252
596 142
792 279
667 280
667 281
667 282
667 272
667 283
1145 68
1145 284
1145 285
1418 286
1418 287
1915 288
166 29
166 200
166 142
166 289
166 20
166 290
1580 291
1580 116
1916 292
859 293
859 231
859 294
859 295
859 296
859 297
859 298
859 299
859 300
859 301
583 302
583 25
583 303
1917 304
1917 305
557 306
557 307
557 38
557 308
557 309
1445 310
1445 311
523 114
523 312
523 313
144 192
144 314
417 49
151 15
151 53
151 315
1603 228
1603 316
1639 317
369 318
369 4
1542 319
1542 8
167 289
167 25
167 53
167 196
167 320
1918 321
1686 271
1919 322
1566 116
1920 323
1010 63
1010 324
974 325
974 326
974 313
23 327
23 328
23 248
23 329
23 330
23 331
23 332
23 333
23 115
23 334
23 335
1232 336
1640 337
1640 338
1374 339
645 340
645 109
645 283
645 341
501 342
501 343
501 344
501 74
501 345
501 346
501 347
501 111
501 348
501 149
501 349
501 350
501 351
108 352
108 353
108 354
108 355
108 251
108 205
108 116
108 356
108 357
108 350
108 358
108 359
108 29
108 9
108 40
108 196
108 360
108 361
108 362
108 363
108 108
108 364
108 365
108 366
108 322
4 367
4 368
4 369
4 370
4 371
4 57
4 114
4 372
4 248
853 371
1921 373
27 374
27 375
27 376
27 377
27 181
27 378
27 379
27 380
27 381
27 382
27 383
27 384
27 385
27 66
27 386
27 387
27 388
27 29
27 389
27 390
27 391
1843 392
524 393
524 394
524 395
524 340
524 53
524 350
36 396
36 397
36 398
36 399
36 400
36 189
36 401
36 367
36 97
36 402
36 260
36 403
36 404
36 149
36 193
36 405
36 406
36 407
36 408
36 409
36 202
36 410
36 411
36 412
36 31
36 386
36 413
36 414
49 29
49 415
49 402
49 99
49 416
49 196
49 417
49 17
49 197
232 21
759 418
759 419
759 420
95 421
95 422
95 423
1494 424
1494 84
1494 171
522 388
522 362
522 340
522 425
1571 116
1571 426
1922 427
744 428
744 429
744 430
744 431
950 432
950 433
950 29
950 90
1923 434
379 435
379 27
379 436
1467 231
1852 15
1852 264
1924 437
1924 438
1924 439
1789 440
1789 33
1789 160
1789 441
1294 442
1294 443
1294 444
537 20
537 445
537 446
537 447
537 116
537 448
537 245
537 449
537 450
1196 437
1196 121
1196 196
1925 451
1926 452
1784 453
1927 454
1520 455
120 456
120 457
1437 215
1270 458
1270 405
1928 459
516 20
516 460
516 223
516 15
516 231
516 461
516 116
516 462
516 463
516 464
516 465
516 53
516 196
516 276
1263 207
1263 145
1786 466
603 142
1929 467
1929 468
1930 469
1009 463
1009 470
1009 471
1009 472
1009 473
1009 474
1200 196
1931 64
648 475
648 261
648 476
844 322
844 349
1557 416
1932 477
822 460
822 478
822 200
822 479
822 68
822 480
822 481
1343 482
1343 483
1343 484
1343 485
1343 486
1343 487
1380 423
1554 488
1554 461
1554 489
1554 490
671 491
1093 492
1093 15
1093 493
1093 200
1093 386
1093 53
1933 494
1851 401
1851 402
1284 495
1284 233
1284 496
1376 497
1376 498
1376 499
563 500
348 292
348 501
587 502
587 503
1934 25
1934 240
1192 504
1192 505
654 451
654 506
654 507
654 20
654 207
654 272
654 87
654 508
654 482
654 509
654 510
654 310
654 29
654 511
654 512
654 513
654 514
105 75
105 515
105 516
278 207
308 371
308 116
308 146
308 503
1935 484
546 517
546 518
546 519
802 66
802 479
1936 261
943 29
340 350
340 409
340 520
340 521
340 116
340 522
340 356
340 523
340 384
340 524
340 383
340 525
340 526
340 527
340 528
340 529
340 322
340 530
340 68
340 246
214 21
214 109
214 531
214 532
214 533
214 104
214 361
214 246
30 292
30 534
30 243
949 508
949 535
585 536
585 427
342 501
445 537
1514 252
1937 538
1157 539
1157 540
1628 263
1628 433
1938 276
1939 541
651 542
877 543
1772 300
517 544
517 545
517 93
517 539
517 546
517 547
517 548
517 549
517 550
517 551
517 427
517 308
517 15
517 491
517 448
517 317
517 552
517 553
517 334
938 354
938 492
1269 554
1940 421
796 421
796 555
796 556
561 452
561 196
561 207
561 554
561 127
307 557
1941 431
452 558
452 559
452 541
452 560
452 561
452 27
452 104
500 15
500 183
500 562
500 383
500 563
500 564
500 565
500 100
197 25
197 566
197 116
197 529
197 290
197 53
197 567
197 568
197 569
197 570
197 571
197 572
197 215
197 573
197 302
197 490
197 407
197 574
197 437
197 575
197 576
197 340
197 413
197 577
197 49
1292 244
1292 578
1292 243
1292 202
1526 72
227 579
227 277
227 415
845 337
612 149
945 29
945 207
945 580
1942 110
678 581
678 188
678 209
678 278
607 582
607 149
303 583
1601 25
1601 510
884 88
884 264
884 584
884 585
884 586
884 53
884 298
884 182
884 226
1943 587
41 368
41 588
41 589
41 402
41 397
41 590
41 63
142 591
142 14
142 248
142 592
142 61
142 340
142 166
142 430
142 361
142 593
142 594
142 532
142 570
142 113
142 595
142 270
142 596
142 211
142 597
142 598
142 599
142 20
142 216
142 600
142 601
142 602
142 196
142 55
142 603
142 415
142 469
142 116
142 15
142 322
142 604
1754 130
149 451
149 605
149 606
149 607
149 501
149 116
149 608
149 609
149 610
149 392
149 611
149 612
149 613
149 326
149 124
149 614
149 615
149 550
149 420
149 616
149 452
149 329
149 617
149 482
149 270
149 618
149 619
149 620
1944 621
1821 116
1821 608
1168 488
1168 622
1168 623
1144 624
1144 407
341 625
341 76
341 240
341 626
765 627
1945 254
1593 628
1593 629
1593 550
1593 630
1295 584
758 631
758 632
758 633
758 21
758 634
261 543
261 14
261 635
261 636
261 340
261 637
261 535
261 423
261 638
261 639
261 640
261 113
261 78
261 13
261 641
261 642
261 643
261 644
261 645
261 646
261 647
261 648
1644 517
1644 649
1946 650
1946 651
1827 185
411 427
411 36
411 652
411 653
1947 33
506 654
1794 655
1459 375
1459 57
1589 656
1589 494
284 292
284 657
1642 658
1948 659
1948 229
1734 402
1734 57
685 660
714 193
714 245
1949 661
1949 488
1005 252
1005 662
1005 663
1005 31
613 664
613 149
1950 355
1951 635
1951 532
1062 327
1952 109
283 665
283 666
283 17
283 667
283 63
283 78
283 645
283 668
1953 556
1285 669
1085 15
1085 155
1085 207
1085 338
830 322
830 670
821 601
821 653
821 509
491 104
491 388
491 671
491 672
1954 673
1955 21
1137 674
1137 675
1137 676
1137 127
209 677
209 678
209 27
209 420
209 109
1384 263
1384 36
247 15
247 17
247 260
247 679
1808 193
1808 64
1808 680
1492 281
184 240
960 681
832 322
832 93
996 682
996 683
996 335
996 598
660 684
660 396
660 21
660 685
660 74
660 489
660 127
660 99
660 686
660 260
660 461
660 400
660 36
660 46
660 456
660 264
660 687
660 688
923 29
1204 104
1204 240
1204 541
383 327
383 689
383 690
383 433
383 110
383 27
383 226
383 691
383 278
1748 692
726 193
726 110
726 78
726 693
1349 261
21 684
21 694
21 695
21 554
21 696
21 17
21 529
21 679
21 697
21 698
21 660
21 699
21 700
21 260
21 701
21 327
21 29
21 431
21 265
21 15
21 193
21 624
21 198
21 74
21 702
21 703
21 116
21 704
21 214
193 705
193 353
193 541
193 706
193 707
193 708
193 251
193 709
193 17
193 710
193 255
193 711
193 712
193 713
193 685
193 714
193 421
193 37
193 715
193 440
193 716
193 679
193 717
193 352
193 292
193 615
193 72
193 15
193 718
193 719
193 488
193 720
193 202
193 281
193 721
193 722
193 74
193 723
193 724
193 725
193 726
193 727
193 728
193 213
193 246
616 149
1660 720
1660 116
1198 116
1198 196
1315 729
1315 730
1315 176
1315 14
182 731
182 732
182 733
182 207
1956 350
1031 421
1031 226
1031 436
1031 528
484 734
484 205
484 735
484 78
484 736
1957 737
427 388
427 738
427 630
427 411
404 36
404 355
404 739
846 740
577 741
577 693
577 197
760 40
936 20
393 524
393 742
393 743
428 428
428 744
1592 745
1592 630
1958 601
1125 548
1125 746
1125 37
400 36
400 260
400 489
710 747
710 192
710 193
710 748
710 164
710 749
710 750
710 285
1959 578
1032 751
1960 752
1961 753
1961 285
50 240
1756 754
815 755
1175 414
1175 355
1175 496
1962 756
1963 676
701 757
701 758
701 21
418 759
40 473
40 402
40 760
40 761
40 108
1897 538
1691 3
459 762
459 115
459 240
459 469
627 763
627 243
627 764
627 765
627 433
627 766
627 53
1611 191
1658 767
1964 248
1965 264
1857 585
1377 162
1527 72
789 768
789 769
789 207
789 617
789 570
789 770
789 110
789 490
789 68
789 627
246 353
246 771
246 272
246 772
246 193
246 773
246 774
246 340
246 775
246 53
246 214
1966 776
1966 777
1966 20
1966 778
780 359
780 779
780 780
780 781
780 782
780 783
780 784
1714 785
1714 338
1967 786
1323 544
1323 787
768 788
768 434
768 770
768 789
768 414
768 790
779 780
779 263
779 20
779 691
582 607
279 431
279 427
279 517
279 791
279 792
279 793
1968 794
189 36
189 572
189 94
189 576
189 437
1647 47
1647 359
1647 51
1303 115
1969 719
1696 784
1696 265
1696 679
1567 795
556 796
556 143
556 797
556 302
556 75
556 798
556 196
556 30
1970 799
1194 230
1194 800
1194 569
1194 801
1194 63
1194 196
1971 802
1971 803
1853 804
1411 74
1411 207
1972 805
1973 64
1973 14
1974 405
1974 554
1336 366
664 613
664 20
664 240
664 600
664 274
664 562
664 806
664 114
664 180
333 807
333 29
333 630
94 401
94 808
94 75
94 518
94 809
94 810
94 356
94 811
94 189
94 812
0 813
0 814
0 9
0 509
0 8
0 815
0 17
0 529
0 25
0 319
1141 15
1141 102
446 371
446 527
527 816
527 340
527 446
817 532
817 817
230 130
230 818
230 347
230 819
1975 171
509 820
509 821
509 511
1061 430
1528 104
480 822
1976 263
359 780
359 823
359 705
359 108
1793 352
1793 457
1735 824
1735 825
1735 57
1735 104
1735 456
1735 115
1735 826
1265 93
1265 350
372 397
841 149
558 452
1977 340
1273 292
221 827
1397 642
1397 275
753 789
753 694
753 828
1555 781
322 694
322 829
322 292
322 830
322 831
322 529
322 740
322 53
322 832
322 375
322 638
322 833
322 421
322 834
322 517
322 528
322 835
322 630
322 194
322 836
322 429
322 155
322 20
322 837
322 838
322 718
322 420
322 839
322 840
322 104
322 841
322 145
322 842
322 444
322 108
322 734
322 74
322 843
322 350
322 371
322 27
322 761
322 844
322 845
740 322
740 846
740 63
740 847
740 622
460 848
460 470
460 15
460 849
460 850
460 623
460 851
460 532
460 3
460 516
460 104
460 489
1419 698
1419 539
1419 368
1419 689
1419 833
1419 155
1419 852
1419 853
1419 501
1419 854
1419 62
1419 546
1419 287
1419 276
1419 196
1242 855
1242 702
1242 515
1242 732
510 504
510 196
1233 20
1233 53
1978 856
1979 207
65 857
65 858
65 296
65 803
65 490
297 859
297 860
297 296
1717 861
111 862
111 407
111 863
111 243
111 501
1034 864
695 21
695 688
1980 865
1684 691
1684 126
382 524
382 27
382 866
382 867
1981 868
422 240
422 95
422 869
1982 322
335 329
335 642
335 464
1171 870
1171 25
1171 798
1171 871
1171 872
1171 873
1490 196
1236 53
1236 601
1983 874
1984 875
942 116
942 29
942 876
978 15
978 325
1985 535
1986 17
543 15
543 503
543 261
543 877
1453 878
1752 159
1752 311
1752 412
944 207
944 879
944 880
944 127
944 347
944 881
1713 405
1713 882
388 657
388 177
388 427
388 25
388 243
388 819
388 883
388 522
388 491
388 27
388 884
971 292
971 885
1620 99
1620 74
1620 17
1620 688
1251 886
1251 887
96 888
96 75
319 8
1609 224
1609 889
1609 378
1987 864
1987 831
1987 890
551 891
551 487
447 892
447 537
1261 207
137 813
137 893
1120 834
1120 894
666 339
666 545
666 895
666 107
666 886
666 17
666 283
666 896
666 831
666 897
666 516
666 898
666 899
1988 271
1989 732
1673 7
1673 462
1673 900
736 484
1990 356
331 76
1489 28
858 859
858 548
858 296
858 819
858 65
858 297
858 901
858 902
858 301
732 182
732 832
1991 664
1992 903
1334 620
1334 904
1334 905
1662 350
475 382
708 713
708 906
1302 907
1302 116
1302 115
208 908
208 520
208 29
208 23
208 673
208 17
208 31
208 191
208 115
208 909
919 142
919 910
919 911
187 805
1523 912
1523 913
1993 914
1993 915
1629 916
1629 15
766 116
823 359
823 52
29 694
29 917
29 892
29 918
29 831
29 465
29 749
29 208
29 919
29 652
29 920
29 257
29 374
29 143
29 921
29 922
29 923
29 924
29 188
29 925
29 310
29 383
29 926
29 927
29 928
29 929
29 930
29 20
29 21
29 272
29 931
29 15
29 932
29 194
29 933
29 934
29 164
29 935
29 159
29 629
29 911
29 936
29 361
29 689
29 271
29 207
29 937
29 938
29 939
29 415
29 343
29 940
29 941
29 340
29 27
29 942
29 943
29 49
29 944
29 436
29 945
470 457
470 866
470 869
470 460
295 859
1994 104
1995 946
1136 116
1136 240
1019 947
1019 63
1019 394
1996 948
443 751
1997 188
508 949
508 698
508 689
508 350
508 654
508 516
508 950
508 90
1998 951
1075 15
1075 935
1075 254
1075 53
118 698
118 176
118 223
118 834
118 5
118 855
118 885
118 397
118 952
118 90
1244 325
1244 772
1244 953
1244 45
1244 637
1244 598
1329 347
1329 431
984 468
984 20
984 510
984 371
984 410
984 174
43 402
43 367
43 954
1895 690
83 196
83 512
83 955
1525 956
1525 72
259 957
259 107
259 800
259 958
259 959
259 960
259 25
259 17
259 628
259 608
259 675
640 261
1999 36
2000 151
2000 63
991 114
991 504
991 961
2001 613
1423 593
1423 962
1423 21
1423 833
1423 164
641 963
641 727
1330 347
2002 421
602 142
932 409
932 29
298 884
298 746
298 109
298 859
474 72
474 888
474 423
474 964
474 727
1387 965
983 516
1090 371
1090 966
1090 967
1666 968
1666 176
1486 969
1091 15
1632 433
1632 494
885 286
885 446
885 454
885 269
885 118
885 970
885 971
1800 711
1473 972
1703 973
313 488
313 956
313 974
313 523
313 233
82 807
82 975
1148 976
306 600
306 663
306 977
2003 272
2003 113
325 978
325 116
325 979
325 287
325 527
1231 980
1231 981
1231 781
1231 982
1231 983
1231 984
1231 516
1231 142
1231 690
1231 985
1231 986
1231 987
1231 322
1231 437
1231 53
1231 988
1663 598
693 577
693 191
1544 281
2004 989
2004 329
712 193
1579 45
1579 116
1579 102
1094 15
1574 990
1574 116
1574 991
532 992
532 20
532 460
532 214
532 310
532 639
532 194
532 23
532 993
532 749
532 142
532 171
532 817
532 417
532 965
532 430
532 746
532 994
2005 995
358 108
429 996
429 849
429 369
429 997
429 550
429 998
429 196
429 999
429 1000
429 115
429 213
1191 196
588 41
2006 397
892 752
892 993
1704 973
1704 1001
2007 727
252 29
252 21
252 1002
252 1003
252 1004
252 1005
252 922
252 1006
252 529
252 1007
1849 831
1208 1008
1208 532
472 435
472 1009
324 1010
2008 908
2008 1011
464 24
464 25
464 658
464 316
464 516
694 642
694 21
694 1012
694 1013
694 25
694 767
694 1014
694 98
694 735
694 45
694 529
694 456
694 1015
694 753
694 464
706 94
2009 74
2009 454
250 17
1693 553
1693 856
1693 1016
63 292
63 689
63 600
63 1017
63 1018
63 116
63 897
63 1019
63 334
63 1020
2010 523
711 193
711 609
2011 501
2011 946
1012 308
1012 694
1012 15
1012 433
1012 1021
1012 340
1012 630
738 427
738 1022
738 1023
2012 606
28 15
28 1024
28 1025
2013 125
338 1026
338 689
338 126
338 1027
688 99
688 728
688 695
688 660
449 537
1635 529
1028 1028
552 517
552 57
552 109
530 15
530 45
530 162
530 1029
530 423
1013 349
1013 694
1013 359
980 781
876 6
2014 15
910 1030
2015 639
2015 402
751 491
751 1031
751 25
751 383
751 1032
751 443
751 1033
1497 413
619 1034
1278 292
384 74
384 926
384 340
384 1035
384 1036
310 1037
310 29
310 207
310 433
310 892
310 1038
310 1039
310 488
310 525
310 57
310 653
310 817
310 654
310 882
310 53
310 652
310 1040
1413 1041
1413 356
1413 1042
1413 171
2016 1043
2016 1044
1674 1045
1674 68
1674 480
1674 249
1674 940
2017 1046
2018 1047
237 1048
132 1049
562 1050
562 500
562 124
562 664
562 341
1655 25
1655 215
924 29
33 1051
33 360
33 20
33 1052
33 1053
33 719
33 1054
33 720
33 1055
265 292
265 62
265 17
7 353
7 116
7 1056
7 1057
1551 917
673 838
673 1
2019 1058
439 1059
439 1060
439 254
439 437
266 247
266 17
2020 1061
1178 849
1178 355
1178 1062
1178 881
1178 1063
2021 660
1112 90
357 1064
357 108
1076 1065
1076 15
1076 550
1076 356
1076 57
1076 326
1076 1036
1076 882
1076 1066
15 151
15 451
15 1067
15 855
15 947
15 1068
15 53
15 256
15 142
15 1069
15 1070
15 29
15 625
15 1071
15 196
15 1072
15 286
15 681
15 177
15 373
15 1073
15 1074
15 1075
15 488
15 1076
15 1077
15 1078
15 702
15 62
15 254
15 1079
15 1080
15 1081
15 1082
15 893
15 191
15 264
15 350
15 598
15 165
15 1083
15 9
15 1084
15 1085
15 1086
15 1087
15 1088
15 1089
15 1090
15 1091
15 28
15 213
15 247
15 460
15 516
15 803
15 810
15 730
15 1092
15 1093
15 594
15 207
15 1094
15 1095
15 10
15 383
15 68
15 20
15 21
15 126
15 600
15 193
15 1096
15 601
15 720
15 364
15 1097
15 1098
15 1099
15 74
15 414
15 543
15 1100
15 61
15 17
15 397
15 226
15 1101
15 421
15 517
15 1102
15 1103
15 1104
15 1105
15 1106
15 1107
15 1108
15 530
15 482
15 1012
15 1109
15 1110
15 728
1743 211
1743 698
914 430
1791 263
1791 1111
90 508
90 1112
90 895
90 207
90 25
90 653
90 118
90 116
90 326
90 104
90 950
2022 12
2023 624
1824 1113
1824 1057
611 355
611 420
611 346
1515 1114
1515 326
1627 391
1488 251
1488 1115
1811 206
1213 68
1213 133
1213 245
1213 194
1213 300
192 239
192 680
192 207
192 421
192 1116
192 251
192 1117
192 144
192 437
192 442
192 1118
192 145
192 53
192 189
192 21
2024 1119
1083 1118
2025 207
894 1120
239 142
239 192
777 477
2026 127
2027 837
1335 78
1335 1121
1335 1122
1335 1123
1335 186
2028 312
915 451
915 1124
746 1125
746 293
746 1126
746 532
746 298
746 789
746 254
746 739
1379 781
1379 423
1877 1127
810 884
810 383
810 74
810 94
810 100
533 1128
1150 302
1150 1129
1150 1130
1150 479
1150 976
1150 213
1809 1131
1622 74
124 257
124 541
124 600
124 838
124 1132
124 3
124 882
124 500
1880 371
1880 340
1880 29
1880 1133
1880 653
1613 191
489 396
489 866
489 460
489 686
489 260
489 400
489 231
2029 1134
717 193
717 525
1876 1135
1876 1136
676 1137
676 356
676 423
676 493
676 538
1682 587
547 1138
547 109
127 1139
127 620
127 594
127 1
127 660
127 849
127 639
127 206
127 296
127 554
127 561
127 1137
127 1140
127 566
127 461
211 109
211 1141
211 127
211 142
211 159
211 571
211 1142
211 1143
211 388
624 21
624 1144
624 356
624 696
624 310
624 477
624 725
624 624
624 1130
624 1145
1761 1146
2030 597
2031 1147
976 1148
976 396
976 778
976 1149
976 1150
976 1151
976 322
976 391
2032 376
2032 107
1831 356
61 15
61 80
61 430
61 142
61 316
61 456
61 100
61 1152
61 630
61 1153
1561 55
1561 264
1807 1154
1807 866
1807 869
1807 1155
1807 296
1402 740
1331 347
1331 249
1331 1156
1621 396
1621 867
1706 1022
1452 622
1452 116
1452 171
540 738
540 1022
540 1157
1357 292
1357 1158
2033 207
929 677
929 29
929 918
929 466
929 1159
929 149
929 890
929 1160
2034 677
2034 831
2034 1161
1806 1124
1806 452
1806 1162
643 68
1271 1163
2035 605
2036 109
2036 817
143 314
119 600
119 622
119 1164
119 1165
1300 179
1468 231
394 524
394 720
394 394
394 431
1004 1166
1004 127
1004 254
1004 115
1004 861
1004 232
623 1167
623 1168
623 460
2037 751
1109 15
1109 1169
1109 1170
1109 26
2038 36
871 1171
684 260
684 660
1771 300
566 142
566 127
210 864
1189 622
1189 285
1189 1172
2039 725
1510 803
597 142
597 592
172 373
172 882
172 29
172 1173
2040 1174
355 108
355 404
355 1175
355 1176
355 1177
355 1178
355 611
1320 1179
1320 1180
107 1181
107 1182
107 25
107 666
107 1183
107 624
107 69
107 675
107 1040
2041 694
196 237
196 310
196 1184
196 12
196 1185
196 1186
196 1187
196 116
196 167
196 1188
196 1054
196 1189
196 83
196 1190
196 676
196 569
196 188
196 1191
196 1192
196 69
196 556
196 1193
196 1194
196 453
196 601
196 1195
196 1196
196 347
196 1197
196 1198
196 516
196 175
196 437
196 1199
196 100
196 1200
196 1201
196 1202
196 1203
196 371
196 598
196 619
196 945
1847 61
2042 1204
2043 254
234 836
234 1205
234 1206
234 1207
234 90
2044 1208
2044 55
851 849
851 365
851 68
851 460
1097 15
1097 196
1097 598
1097 1209
526 340
353 108
353 193
353 9
353 1210
353 516
353 263
353 186
91 15
91 1211
91 1212
91 75
91 541
1694 548
1694 1213
880 292
880 1214
880 127
1449 1215
1887 155
1887 1216
2045 466
2045 918
2045 890
53 451
53 151
53 310
53 749
53 167
53 210
53 114
53 884
53 1217
53 1218
53 142
53 149
53 1219
53 29
53 1220
53 1221
53 1222
53 155
53 550
53 409
53 196
53 71
53 100
53 1223
53 1075
53 31
53 524
53 94
53 25
53 1224
53 251
53 1225
53 947
53 513
53 423
53 982
53 143
53 745
53 1226
53 1227
53 537
53 505
53 1228
53 1085
53 516
53 1229
53 487
53 864
53 322
53 289
53 246
53 1230
53 1231
53 1232
53 1233
53 116
53 383
53 78
53 1234
53 20
53 216
53 126
53 1235
53 590
53 320
53 546
53 1236
53 340
53 1237
53 577
53 17
53 1146
53 395
53 1238
53 1239
53 965
53 1240
53 15
53 194
53 1036
53 104
53 197
53 939
53 240
53 482
53 751
53 1241
1082 15
515 1242
515 105
1634 1243
1634 529
1309 104
953 1244
953 1245
953 579
1084 15
1084 1246
674 1137
1247 1247
1247 9
1247 340
1247 287
1247 538
1247 1248
1699 797
152 1249
152 306
152 207
152 152
152 834
152 554
152 1250
152 57
152 624
152 610
112 1251
1679 849
1679 39
941 436
2046 1252
2046 579
2047 1253
559 882
559 1001
559 452
2048 1254
605 22
605 777
605 149
1458 577
1458 1255
1458 1256
1447 1115
207 1257
207 353
207 541
207 800
207 25
207 803
207 340
207 1258
207 114
207 691
207 689
207 109
207 1259
207 188
207 430
207 1260
207 1261
207 927
207 571
207 219
207 334
207 1197
207 1262
207 192
207 107
207 80
207 561
207 892
207 654
207 1263
207 182
207 278
207 69
207 1073
207 171
207 690
207 371
207 472
207 144
207 74
207 322
207 890
207 1264
207 90
207 945
797 1265
797 799
797 556
797 1266
554 1267
554 281
554 152
554 116
554 639
554 127
554 92
554 114
554 1268
554 1269
554 529
554 104
554 251
554 538
554 863
2049 680
458 1270
262 17
262 1225
262 262
334 546
334 663
334 207
334 23
1163 1271
292 1272
292 130
292 880
292 708
292 1232
292 554
292 284
292 1035
292 971
292 63
292 869
292 679
292 367
292 1273
292 440
292 348
292 349
292 629
292 265
292 193
292 17
292 250
292 407
292 347
292 409
292 574
292 474
292 202
292 1274
292 1275
292 1017
292 1276
292 1207
292 1277
292 413
292 322
292 1015
292 1278
20 1279
20 746
20 163
20 116
20 1280
20 884
20 53
20 207
20 622
20 410
20 831
20 13
20 48
20 166
20 382
20 1133
20 1281
20 117
20 118
20 270
20 31
20 482
20 1282
20 1030
20 857
20 90
1512 188
921 104
626 663
626 341
935 451
935 513
477 777
1844 392
1844 452
1844 1037
1844 149
1844 124
2050 720
1860 781
496 1283
496 1284
496 407
496 1285
496 31
496 1175
496 487
1823 1286
1823 78
270 224
270 996
270 1287
270 20
270 886
270 1288
270 664
270 371
270 17
270 598
270 149
270 1289
270 1000
270 53
270 1290
270 21
414 1087
414 202
414 396
414 457
414 231
414 15
414 193
414 17
414 406
414 768
414 116
414 1175
414 36
414 489
414 182
414 1154
843 322
243 1163
243 1291
243 1139
243 491
243 110
243 1292
243 193
243 747
243 727
243 1232
243 764
243 773
243 321
243 1293
243 1294
243 1295
243 1296
243 1297
243 1298
179 694
179 14
179 233
179 568
179 1079
179 1299
179 1300
1669 138
1675 751
901 858
1399 1301
1399 1064
2051 10
290 1302
290 116
290 167
290 624
290 254
290 290
290 197
2052 368
328 23
328 1303
2053 466
2053 674
2054 1304
1727 15
1727 149
1727 126
218 15
218 1305
2055 884
194 29
194 53
194 1306
194 104
194 437
194 1213
1531 110
104 423
104 1307
104 554
104 696
104 399
104 53
104 869
104 502
104 188
104 1204
104 532
104 938
104 571
104 314
104 1308
104 1309
104 837
104 194
104 434
104 104
104 452
104 1214
104 75
104 171
104 1310
104 322
104 214
88 884
88 349
88 153
88 1311
763 627
2056 966
2056 529
2057 1076
181 367
181 250
181 251
181 1312
181 371
181 133
181 1313
1230 1036
1266 797
1266 1061
907 600
907 517
907 1130
907 1314
907 1315
907 1316
907 115
907 1317
907 116
907 30
2058 20
1027 882
1027 1309
1027 338
800 1194
800 624
800 103
1409 721
1409 869
471 757
471 490
471 460
471 541
471 1009
696 698
696 1318
696 431
696 104
696 423
696 21
114 694
114 1319
114 17
114 664
114 53
114 698
114 207
114 700
114 598
114 599
114 1320
114 20
114 674
114 1289
114 93
114 870
114 1321
114 371
114 523
114 322
114 882
114 136
977 306
1347 1322
1347 53
787 864
787 1323
1014 694
735 1324
735 697
735 694
735 484
735 17
735 1325
1788 367
2059 316
2060 1326
2060 819
238 1048
2061 1327
995 373
995 590
995 453
2062 300
2063 698
347 292
347 385
347 1328
347 1329
347 1330
347 785
347 501
347 831
347 1331
347 245
347 1332
347 1333
905 1334
363 108
2064 975
1121 1079
1121 142
1121 1121
1121 1335
1121 1038
2065 479
171 882
171 470
171 171
366 1336
366 108
1765 202
1415 1337
410 48
410 364
410 984
410 1338
410 114
410 36
1590 972
1590 656
1590 835
881 879
881 1311
881 679
1570 999
1570 116
1570 57
2066 317
2067 1339
863 1050
863 111
863 181
863 554
1429 1165
273 286
273 177
273 689
273 74
273 958
273 233
273 36
273 857
273 556
79 740
1444 755
66 418
66 64
66 27
66 991
66 1034
66 504
66 802
448 537
538 1247
538 409
538 676
538 554
538 1340
1410 202
1410 721
1410 21
1410 488
1410 270
1410 944
1410 679
2068 523
2068 66
1405 615
2069 192
5 418
5 1341
5 173
5 90
5 370
718 193
718 1342
718 17
487 20
487 1343
487 496
487 554
487 551
487 1344
487 53
1087 15
1087 1087
1087 414
1087 347
2070 765
2070 5
1814 504
495 409
495 1345
1461 1346
2071 177
2072 1347
101 105
2073 90
1338 359
1338 460
1338 600
1338 639
1338 42
1338 473
1338 1348
1441 1138
637 650
637 754
637 1349
1659 247
1659 964
2074 1034
2074 55
2074 113
212 109
2075 356
1383 263
1383 202
1383 264
1383 99
584 1295
1345 495
2076 1350
2077 25
1212 91
1753 130
1884 1061
1884 1293
1884 1351
1884 601
1575 116
425 522
1020 1352
2078 457
2078 1276
1491 254
2079 20
1360 269
1360 541
1360 261
2080 690
720 33
720 352
720 415
720 1353
720 283
720 215
720 1354
720 565
720 514
720 461
1158 1355
1158 1356
1158 377
1158 1357
1158 1358
1158 244
1158 393
1158 68
277 227
1321 114
1321 1359
469 183
469 387
269 104
269 1360
269 17
269 21
269 109
2081 1361
1352 1020
1506 1362
1506 469
1506 512
2082 46
2082 17
812 20
812 94
812 471
812 1363
812 1364
812 53
812 812
1875 1365
483 601
483 1343
599 1366
599 15
599 776
599 998
599 149
599 121
599 1367
2083 437
2083 338
663 694
663 74
663 517
663 394
663 601
663 334
397 1368
397 1369
397 15
397 356
397 8
397 1304
397 1370
397 523
397 725
397 41
397 855
397 731
397 36
397 372
397 116
1721 64
1715 633
1715 1371
687 92
687 673
339 1372
339 689
339 724
339 1373
339 1126
339 337
339 1374
339 114
339 590
339 1375
498 1376
162 530
162 651
162 1377
423 286
423 698
423 676
423 1378
423 474
423 1379
423 1380
423 696
423 110
423 1107
423 490
423 530
423 965
423 53
423 1199
423 261
423 1381
2084 335
263 34
263 353
263 1382
263 1383
263 779
263 17
263 1175
263 1384
263 46
263 1385
263 1386
263 123
965 441
965 1387
965 753
965 378
965 1388
965 1389
965 423
965 1381
665 283
1105 15
1304 1390
1304 1391
1167 623
2085 644
824 17
824 312
824 481
824 679
1583 957
545 517
240 352
240 664
240 158
240 53
240 795
240 50
240 188
240 1204
240 422
240 1392
240 39
240 601
240 9
240 890
240 1136
240 1000
240 341
240 500
240 1393
240 74
240 1394
240 1388
1581 116
2086 163
2087 1395
1207 292
1207 234
2088 138
1241 15
1241 53
1241 1396
1241 1036
1381 207
1381 646
1381 131
1381 503
1381 1397
1381 371
1381 892
1381 965
1381 53
1381 423
478 720
478 822
478 340
478 479
478 703
2089 639
1301 1398
1301 274
1301 853
1301 1399
1118 192
847 292
847 600
847 25
847 1400
847 740
847 1401
847 1402
847 846
1529 116
1529 1403
567 964
713 193
713 964
713 1346
966 104
966 36
966 1090
1305 218
282 667
1033 751
786 1404
786 637
615 1405
2090 397
409 1406
409 600
409 723
409 381
409 340
409 99
409 488
409 409
409 191
409 239
409 1407
842 322
1457 982
1037 805
1037 310
1037 777
1037 420
1037 215
1037 1408
721 193
721 1000
721 1409
721 1410
721 971
1657 1411
1657 1412
1657 487
1720 64
2091 1322
2091 1413
1688 707
1688 1414
1337 1415
1078 1416
1078 116
376 27
376 13
244 202
244 1158
244 1292
244 37
244 773
244 402
244 378
244 1385
287 1247
287 1417
287 325
287 1418
287 1419
287 1124
287 1420
1549 747
2092 527
1728 1421
1369 142
1002 252
833 1411
833 1422
833 1423
833 1419
1259 207
1487 948
2093 1141
2093 337
2093 964
2093 36
2094 254
368 1424
368 535
368 571
368 41
1630 1190
659 373
933 4
933 255
933 17
933 1425
2095 1426
2095 356
42 1427
42 402
42 1338
42 761
2096 1428
2097 1429
2098 1430
2099 455
2100 442
1344 487
85 955
461 1087
461 396
461 660
461 127
461 1431
461 516
461 456
461 720
461 867
461 1289
951 567
951 1432
951 897
2101 421
783 384
1156 1331
2102 401
2103 129
652 411
652 310
2104 196
2104 441
1764 1433
1764 145
1434 1434
586 884
586 110
586 111
336 367
99 45
99 72
99 49
99 688
99 660
215 1435
215 658
215 692
215 1436
215 109
215 478
215 655
215 1437
215 1438
215 166
215 1037
215 1439
215 720
215 197
215 431
2105 539
2106 421
520 886
520 340
520 694
520 698
520 877
521 752
521 724
521 116
521 340
521 316
2107 694
2107 1440
963 1311
963 694
963 641
963 489
829 322
829 20
829 254
829 207
1138 1441
1138 517
1138 353
1698 1442
1698 1443
1698 194
1698 123
1698 603
755 1444
755 815
755 755
755 116
755 327
444 431
444 1445
444 196
444 413
444 361
444 1446
2108 460
1115 1447
1115 799
633 758
633 799
386 202
386 482
386 131
386 27
386 36
386 1093
2109 1448
2109 441
1687 734
1687 1311
1687 409
1215 1449
140 1011
837 104
1117 437
253 1450
253 504
253 17
87 1451
87 654
87 1281
1479 864
2110 1452
229 229
878 1453
1067 15
998 429
998 146
998 689
998 38
998 1454
998 349
998 1013
998 350
2111 1182
2111 254
2111 1455
217 1456
982 53
982 1457
982 663
982 571
982 1231
1107 15
1107 399
1107 142
1107 340
1107 423
1108 15
1108 484
1255 1458
1255 188
2112 1377
870 115
2113 409
772 1244
346 908
346 611
2114 61
2115 322
1474 1288
1474 1289
511 654
1564 116
855 690
855 1242
855 15
855 377
875 1454
1471 297
1471 231
375 207
375 541
375 1459
375 116
375 27
375 486
294 859
1346 19
1346 713
1346 1460
1346 689
1346 1461
1346 532
1346 17
1346 489
1346 207
329 23
891 1462
525 310
525 433
525 1463
525 196
525 1197
1779 356
2116 1464
13 14
13 1465
2117 1466
231 859
231 293
231 1467
231 120
231 130
231 1468
231 1017
231 296
231 819
231 113
231 1469
231 414
231 65
231 1470
231 386
231 516
231 1471
231 489
231 406
231 1154
1221 639
1288 286
485 1472
485 1343
1071 15
2118 627
293 1434
293 849
293 746
293 889
293 27
293 378
293 920
1362 251
1362 20
1362 1473
1289 114
286 286
286 353
286 367
286 1418
286 800
286 1474
286 1288
286 1226
286 703
286 690
286 970
286 462
286 691
1569 116
1569 243
1569 1475
2119 1476
2120 141
2121 1477
488 327
488 409
488 126
488 1283
488 310
488 74
488 183
488 381
488 1478
488 488
488 340
488 1479
488 400
488 1410
488 1480
2122 316
2123 300
1596 310
1596 1481
1596 630
1536 903
1536 1044
1536 1482
1536 113
2124 1483
1391 1304
385 1158
385 347
385 116
385 1226
385 1484
1573 116
1573 243
1573 1485
969 1486
2125 90
2125 210
251 92
251 224
251 192
251 108
251 373
251 910
251 17
251 554
251 251
251 142
251 1487
251 1488
251 193
2126 1489
62 1089
62 207
62 265
62 1419
62 15
62 1490
62 397
62 55
62 361
62 100
254 1491
254 1492
254 15
254 746
254 111
254 1493
254 829
254 290
1608 378
2127 1293
84 1494
84 338
632 758
2128 820
377 167
377 1023
377 27
148 125
148 956
148 1495
745 53
1572 55
1572 116
486 1343
2129 1281
1172 571
836 1496
2130 807
413 292
413 444
413 398
413 886
413 1017
413 250
413 433
413 1497
413 801
413 36
413 197
9 771
9 1056
9 1035
9 1498
9 795
9 622
9 142
9 929
9 538
9 989
9 1499
9 165
9 1500
9 1501
9 316
9 437
9 1502
9 261
9 1503
9 240
9 108
9 1130
9 633
9 414
9 246
9 1161
719 193
1780 68
1826 421
2131 116
52 402
362 522
362 116
360 33
360 541
360 108
360 1504
360 250
360 1505
360 938
360 505
360 1506
2132 338
102 211
102 1507
102 314
102 1508
2133 836
1652 1279
1652 431
1652 987
888 96
888 474
803 1318
803 207
803 15
803 74
803 803
803 65
803 1509
803 113
803 1510
2134 75
1258 207
1006 252
1296 243
539 517
539 1157
539 882
539 68
539 598
539 100
2135 1511
188 1369
188 1512
188 126
188 1513
188 200
188 142
188 196
188 104
188 437
188 720
2136 1514
326 1515
326 73
326 25
326 696
326 31
326 149
2137 460
69 100
69 207
69 107
69 196
2138 437
450 927
2139 110
302 583
302 15
302 74
302 1516
302 725
302 556
302 197
302 100
601 1236
601 601
601 240
601 15
601 402
601 1517
601 483
601 1518
601 1519
601 142
601 116
601 927
601 196
601 1520
601 104
601 1040
601 663
601 821
601 146
1054 117
1054 28
1054 196
1054 1521
590 541
590 995
590 64
590 41
590 1203
590 1036
590 53
590 1102
590 1522
913 1523
268 600
72 620
72 1524
72 1525
72 1526
72 53
72 517
72 99
72 1527
72 185
72 1528
72 474
72 1026
1403 1529
940 29
940 644
1038 864
1038 310
1038 1121
1038 138
1038 96
110 137
110 1530
110 344
110 1531
110 433
110 818
110 423
110 1381
757 471
757 701
2140 29
1692 1050
1692 3
1846 407
798 1171
798 504
798 1532
798 639
798 556
1099 15
1099 116
1587 1003
1587 142
1 1533
1 63
421 192
421 1413
421 1534
421 1458
421 1402
421 322
421 1535
421 53
421 207
903 1536
1757 754
2141 1031
620 72
620 20
620 216
620 1058
620 125
620 492
620 653
620 127
620 505
620 149
620 1315
1065 1076
1065 356
2142 621
2143 673
2143 516
890 207
1358 1000
1358 68
1358 1537
555 752
555 796
555 566
776 1174
776 1031
776 642
776 8
776 1538
1553 917
647 261
728 15
728 688
465 36
465 516
2144 208
2144 1288
1898 1539
818 230
818 110
818 154
11 1056
2145 1540
387 535
387 422
387 27
2146 178
1866 25
560 210
699 21
1042 422
1042 1502
1226 286
1226 371
1226 385
1226 1133
1176 355
2147 142
16 256
689 1511
689 1503
689 207
689 998
689 1131
689 383
689 1541
689 720
879 202
879 1017
879 1409
879 944
879 881
879 1177
8 694
8 121
8 1542
8 776
8 319
1140 573
1140 127
839 493
1143 286
473 202
473 1009
473 131
473 1338
473 40
473 1326
473 823
2148 420
1545 373
481 822
481 824
481 1241
481 703
281 1492
281 694
281 96
281 193
281 1543
281 554
281 1544
281 781
281 340
281 400
281 855
281 1410
373 257
373 694
373 995
373 15
373 1182
373 659
373 1545
373 251
373 356
373 535
373 172
702 552
702 15
702 313
702 196
702 1546
201 507
31 421
31 36
31 116
31 1547
31 1548
1668 176
2149 15
1496 646
1496 64
2150 552
2150 873
747 710
747 260
747 1549
396 660
396 1550
396 778
396 36
396 414
396 489
396 1322
1725 88
492 620
492 492
492 1130
492 196
492 1093
492 938
917 544
917 29
917 392
917 1551
917 1552
917 45
917 927
917 882
917 1030
917 1553
918 188
311 1445
311 1130
311 338
2151 211
2151 980
709 193
709 1338
1815 639
1080 15
1546 702
490 1554
490 134
490 471
490 423
490 501
2152 540
44 402
2153 504
906 456
906 350
906 1555
242 785
242 714
518 1556
518 811
518 94
416 662
416 49
416 781
416 1557
416 1408
2154 9
1637 1079
1637 68
1631 433
1631 123
1631 215
899 132
899 666
2155 21
937 677
937 29
1214 880
1448 1246
1089 15
1089 62
1089 1558
22 697
22 1453
22 160
22 1559
22 611
22 26
2156 179
946 958
565 310
565 720
565 1560
565 500
565 173
1317 1371
2157 1561
2157 78
354 1562
354 639
354 371
354 938
354 1563
354 1381
1718 223
116 352
116 554
116 1564
116 529
116 53
116 1565
116 1529
116 1566
116 142
116 766
116 123
116 1567
116 1568
116 308
116 107
116 7
116 155
116 23
116 1132
116 196
116 1136
116 508
116 1569
116 1451
116 31
116 1570
116 385
116 353
116 0
116 1571
116 1185
116 1428
116 535
116 795
116 1572
116 1115
116 537
116 598
116 165
116 164
116 516
116 1099
116 755
116 152
116 781
116 325
116 116
116 1573
116 1574
116 1575
116 78
116 1576
116 292
116 20
116 21
116 521
116 156
116 183
116 1198
116 870
116 278
116 444
116 469
116 371
116 17
116 505
116 250
116 340
116 1577
116 397
116 1578
116 290
116 1452
116 421
116 600
116 356
116 1579
116 15
116 1036
116 1580
116 197
116 93
116 463
116 240
116 1581
116 1202
116 1582
116 1054
116 102
116 1388
116 964
1861 781
2158 676
1299 1578
1299 908
957 259
957 1583
593 1423
1785 222
398 200
398 36
398 831
398 940
398 413
1041 1413
639 202
639 1584
639 354
639 1585
639 1338
639 554
639 127
639 532
639 378
639 947
639 158
639 882
639 1423
639 285
131 473
131 1586
131 386
131 1049
828 753
828 27
2159 1587
1424 1588
1424 1015
1424 431
1424 368
656 1589
656 1590
1053 1591
1053 33
1053 564
630 1592
630 1338
630 1593
630 1594
630 1595
630 517
630 420
630 61
630 1390
630 1596
630 337
630 316
630 322
630 598
156 1597
156 275
2160 597
183 1378
183 116
183 25
183 488
183 142
183 17
183 280
2161 1598
1239 53
316 1599
316 521
316 1600
316 61
316 735
316 215
316 1601
316 1602
316 630
316 1603
2162 1604
2162 127
1408 280
1408 63
1408 1064
1324 735
813 0
813 137
813 1605
117 20
117 1606
117 1054
117 255
117 115
117 598
38 402
38 557
38 998
1229 53
1229 869
1229 460
1790 1607
378 393
378 1356
378 1158
378 377
378 1434
378 639
378 889
378 244
378 27
378 1608
378 489
378 293
378 1609
514 850
514 720
514 340
514 654
872 1171
872 116
1661 437
1661 350
1661 1610
1617 1124
1617 915
1617 1047
191 1611
191 1612
191 1121
191 1613
191 356
191 322
191 1079
191 1614
191 1615
186 286
186 72
186 353
186 92
186 1616
186 907
186 1454
186 437
186 1335
186 619
186 967
121 1196
121 334
121 1317
121 897
121 9
793 743
864 126
864 427
864 1479
864 210
864 1034
864 787
864 53
1101 15
2163 1003
2164 3
241 773
241 359
1513 310
1513 371
1513 188
1513 55
2165 68
2166 1202
962 1423
195 551
195 198
195 437
479 145
479 679
2167 1609
1047 1617
1047 799
55 92
55 367
55 1513
2168 1618
1770 254
407 292
407 694
407 216
407 193
407 496
407 17
407 437
407 36
407 824
407 226
74 694
74 1619
74 803
74 810
74 663
74 710
74 1620
74 1621
74 698
74 1147
74 207
74 109
74 660
74 273
74 1622
74 142
74 657
74 21
74 15
74 302
74 838
74 42
74 686
74 1411
74 479
74 1623
74 127
74 100
74 1253
74 93
74 240
74 488
74 1624
74 386
74 322
74 1367
1577 571
200 822
200 1625
200 316
200 398
200 600
200 188
200 1552
200 1626
200 142
200 326
200 437
200 104
200 1093
200 245
200 78
807 333
807 119
1142 211
391 1511
391 193
391 155
391 1627
391 116
391 27
391 976
1893 728
1893 889
1893 203
2169 546
2170 717
2171 1243
1133 690
749 710
749 53
749 29
433 248
433 310
433 984
433 1628
433 110
433 884
433 950
433 460
433 383
433 525
433 1629
433 3
433 68
433 1630
433 974
433 312
433 420
433 1631
433 196
433 278
433 224
433 734
433 74
433 1632
433 17
2172 1455
299 1633
1210 1520
1210 353
1210 9
529 694
529 0
529 554
529 252
529 116
529 1093
529 559
529 698
529 1079
529 191
529 211
529 538
529 1634
529 29
529 21
529 1635
529 8
529 437
529 197
529 98
529 1130
529 340
529 1636
1079 568
1079 15
1079 1121
1079 179
1079 1637
1079 529
1079 1615
430 1462
430 1638
430 61
430 207
430 532
430 310
430 555
430 1193
430 1061
430 350
430 433
430 142
430 744
430 1
430 239
430 136
430 90
430 945
467 741
467 149
467 763
6 1132
6 46
6 35
6 431
6 574
1166 1004
2173 552
927 917
927 1552
927 29
927 450
927 601
317 698
317 620
317 539
317 107
317 1639
317 517
317 164
317 1199
579 114
579 953
579 149
337 1327
337 93
337 845
337 1640
337 322
337 36
337 90
1245 953
658 15
658 1641
658 1642
658 243
658 215
2174 20
155 1247
155 391
155 192
155 1419
155 63
155 116
155 1085
155 322
155 1643
155 53
649 1644
649 999
1072 74
1072 1503
1072 180
1072 1645
898 310
898 1072
898 666
898 65
361 29
361 108
361 142
361 62
361 1646
361 214
51 402
51 1647
1594 630
1594 413
1318 1648
1318 446
1318 803
1318 696
1318 1649
1318 571
1318 322
1223 53
177 15
177 273
2175 1650
2175 636
646 261
646 316
646 1496
285 1651
285 1145
1026 72
1026 340
1026 338
2176 600
1126 746
1279 98
1279 1168
1279 1652
25 694
25 146
25 1653
25 388
25 53
25 1654
25 1445
25 1416
25 1655
25 264
25 1656
25 368
25 409
25 1503
25 583
25 1171
25 75
25 883
25 1657
25 751
25 882
25 464
296 301
296 548
296 65
296 297
296 831
296 761
296 127
2177 1658
1681 565
653 620
1404 786
1177 879
1177 355
1177 1659
703 478
703 889
703 21
703 481
544 28
544 517
544 29
544 1323
908 207
908 179
908 346
908 208
908 211
908 1578
908 530
908 1011
2178 503
795 9
795 240
2179 189
190 1648
190 1660
190 1318
190 437
245 1355
245 200
245 714
245 773
245 347
245 537
245 1213
350 1661
350 1662
350 1279
350 1516
350 1419
350 340
350 53
350 423
350 698
350 109
350 1346
350 274
350 600
350 547
350 149
350 350
350 220
350 176
350 107
350 906
350 15
350 233
350 127
350 654
350 1448
350 108
350 152
350 269
350 322
350 882
350 1040
598 72
598 270
598 996
598 397
598 1663
598 317
598 381
598 532
598 142
598 116
598 196
598 1664
598 117
598 175
598 630
598 93
327 1062
327 0
327 23
327 810
327 1665
327 600
327 383
176 14
176 109
176 1666
176 1127
176 1667
176 118
176 725
176 1668
138 1669
138 893
138 550
138 1038
1869 15
1869 1670
1869 21
1869 1671
1869 1281
2180 1672
1695 116
462 1673
462 516
1086 15
1086 10
1086 340
1086 964
2181 329
249 1331
249 365
249 1674
249 17
249 629
2182 529
2183 663
911 29
2184 193
233 350
233 179
233 43
233 142
233 1675
233 1206
233 513
233 313
2185 541
213 429
213 109
213 15
213 193
213 127
213 1150
213 510
1565 902
1565 116
1565 529
541 91
541 401
541 352
541 1676
541 207
541 1419
541 310
541 193
541 892
541 1516
541 998
541 61
541 1677
541 1678
541 116
541 436
541 535
541 360
541 452
541 1385
541 1040
849 429
849 293
849 460
849 1679
849 869
849 133
849 1680
849 823
849 127
849 1178
849 436
1516 1681
1516 1682
1516 132
1516 975
1516 564
1516 182
1516 350
767 694
767 1658
2186 564
811 518
811 94
2187 434
2188 434
2189 491
2190 532
985 1231
985 223
2191 179
628 667
628 116
628 1683
628 1593
2192 552
126 864
126 15
126 1684
126 764
126 53
1128 90
2193 1161
2194 371
2194 457
1845 394
46 260
46 35
920 293
32 907
32 381
271 472
271 1685
271 1686
1274 292
1744 600
89 310
89 573
89 153
89 1687
1414 1688
1414 516
512 200
512 83
512 654
512 1689
136 114
136 800
136 569
136 574
988 798
988 1231
2195 675
771 9
771 246
1538 566
2196 25
1519 601
2197 224
2197 340
2197 664
1892 867
1892 434
691 396
691 383
691 207
1147 74
1147 80
1508 286
1508 102
1508 1690
1508 340
1508 57
1417 104
1417 287
993 453
993 892
993 676
993 171
260 36
260 247
260 21
260 400
260 46
3 814
3 1691
3 882
3 1302
3 1692
572 36
572 189
1615 1079
1615 1532
1615 191
1016 882
1016 1693
1435 55
1435 215
548 241
548 1125
548 1603
548 1694
548 517
548 296
548 1099
548 858
1311 88
1311 698
1311 963
1311 1687
312 677
1036 451
1036 169
1036 600
1036 274
1036 270
1036 1695
1036 197
1036 516
1036 590
1036 1068
1036 53
1036 1241
1036 598
1036 1230
2198 1372
2199 663
939 29
939 53
463 223
463 1671
2200 22
125 502
856 1327
856 1693
2201 92
160 322
160 834
160 48
330 23
972 1473
604 142
604 81
967 1394
967 459
967 431
967 186
1064 29
1064 1399
1064 1408
2202 524
705 359
705 1172
2203 90
784 780
784 1696
784 1680
784 1697
173 882
173 565
1420 287
2204 176
834 20
834 152
834 1120
834 160
834 118
834 110
570 1698
570 14
570 421
570 427
570 789
570 255
570 1241
570 197
570 1156
2205 1587
123 273
123 116
123 434
123 1631
493 1699
493 676
493 1096
493 818
493 1093
493 1220
1501 437
1501 9
1501 165
1199 1424
1199 1700
1199 1701
1199 423
1199 278
954 31
808 94
808 1400
2206 1702
734 322
973 1703
973 1704
1375 339
1310 987
2207 624
2208 781
2208 1650
81 1370
81 104
81 604
1373 339
581 678
1022 107
1022 540
1022 600
1022 9
1022 1183
1022 1705
1022 1706
1667 364
2209 320
2209 562
2210 622
2210 1168
535 949
535 286
535 541
535 1707
535 125
535 1127
535 104
535 371
535 116
535 1244
535 1708
535 387
535 322
535 261
2211 1302
2212 1709
682 996
1606 20
956 373
956 1366
956 313
956 1525
1052 33
1881 402
1881 436
1804 1710
1804 141
219 1711
424 1494
1760 442
948 93
785 1189
785 1712
785 193
785 242
785 371
785 1582
785 347
785 62
785 1713
785 1122
785 556
785 1714
1759 442
1371 121
1371 1715
752 892
752 555
752 521
1646 1034
1646 444
644 940
644 261
1782 1716
1782 675
2213 111
1003 1587
1003 252
1472 1022
1472 1690
1472 485
1472 883
1472 409
1472 554
1480 488
1480 1326
1050 863
1050 664
1050 562
2214 1329
741 617
741 689
861 1717
1367 74
1367 974
223 1253
223 463
223 118
223 15
223 1638
223 1718
223 281
223 61
223 690
223 985
223 516
223 9
223 278
223 1719
64 1496
64 818
64 1720
64 122
64 590
64 1721
592 597
764 1130
764 627
764 1454
1618 367
1183 1022
1183 149
609 74
609 550
609 149
2215 53
258 505
542 1722
770 768
2216 1723
716 0
716 193
716 433
716 1724
323 20
431 1725
431 6
431 1295
431 696
431 987
431 53
431 1081
431 45
431 215
431 1424
431 21
431 368
431 15
431 420
431 92
431 674
431 1652
431 516
431 1672
431 720
431 1563
431 444
431 279
431 1017
431 171
431 427
431 102
431 967
1600 1726
1600 316
1600 1727
2217 789
1421 1728
1421 1729
1421 541
1390 1304
2218 1022
2218 1730
2219 1731
2219 945
2220 1116
2220 1732
224 29
224 897
224 1029
224 1311
224 251
224 433
224 254
224 348
224 326
224 1733
224 68
722 193
1683 628
1683 8
503 642
503 394
503 1145
503 1131
503 340
503 654
503 176
503 456
503 1423
503 587
503 1381
57 1734
57 1088
57 1735
57 1168
57 109
57 152
57 310
57 1332
57 157
57 17
57 488
57 1076
57 196
57 4
57 552
57 1459
57 107
57 1686
57 1570
1237 80
2221 127
1182 1536
1182 350
1182 107
889 352
889 293
889 1736
889 703
889 378
889 1609
1039 310
1039 425
2222 718
769 104
769 789
226 202
226 415
226 600
226 407
226 383
226 832
1833 571
128 1049
1584 639
1560 565
2223 421
2224 1708
1680 849
1680 417
1680 402
1680 784
403 36
318 369
390 802
1731 21
1731 171
1888 600
1328 347
1328 819
1328 1549
2225 1705
157 57
157 1737
2226 25
580 945
686 74
686 489
564 0
564 1516
564 810
564 310
564 716
564 55
564 123
1623 74
2227 420
1132 116
1132 6
2228 459
576 74
576 180
576 189
576 197
1582 1225
1582 785
1582 116
1582 1738
1008 1208
1008 78
992 532
866 1739
866 1017
866 489
866 470
866 382
840 322
606 757
606 453
606 395
1886 600
1886 392
1886 21
1886 598
1342 718
2229 1256
2230 113
158 1556
158 1740
158 240
158 74
158 639
158 518
158 1741
158 1028
158 340
158 196
158 516
158 1130
158 53
158 732
174 1
174 1231
174 984
174 554
174 211
174 882
2231 1567
698 508
698 544
698 63
698 29
698 21
698 1311
698 312
698 1742
698 113
698 118
698 520
698 1743
698 74
698 1578
698 696
698 945
724 694
724 1744
724 521
724 600
724 193
724 188
724 1745
724 371
724 1463
724 153
724 1089
2232 718
986 287
1602 521
2233 102
1322 396
2234 1746
1116 192
799 1502
799 633
681 15
681 437
681 960
934 20
934 29
1883 1747
1482 1536
2235 36
175 598
692 1748
692 1749
692 1750
692 1751
332 1303
1425 275
1425 1266
412 36
412 1752
1351 720
857 273
857 93
2236 239
2236 1746
2237 142
2237 243
2238 29
130 207
130 1600
130 773
130 1753
130 1754
130 68
1186 1312
1186 383
1186 1585
1186 196
1225 53
754 1755
754 637
754 1756
754 1757
754 1758
2239 1708
2 597
2 814
1081 75
1081 431
715 193
440 292
442 1759
442 1760
442 192
276 1591
276 1181
276 1761
276 715
276 516
276 322
276 1762
276 1000
276 578
164 116
164 327
164 76
164 1423
164 317
1228 53
1534 421
145 1763
145 674
145 1764
145 29
145 192
145 109
145 479
145 1263
145 422
145 63
145 832
145 578
1356 68
1356 679
202 247
202 250
202 244
202 17
202 1479
202 226
202 1383
202 109
202 489
202 1410
202 717
202 292
202 21
202 879
202 193
202 93
202 1292
202 415
202 1765
202 414
202 36
202 964
364 108
364 15
364 729
364 569
364 1766
364 745
364 1667
364 179
364 130
364 371
364 1315
364 1193
343 142
343 29
343 501
199 437
1055 33
97 36
97 1199
97 75
97 882
97 152
1436 215
2240 246
968 1666
968 420
1092 15
650 1350
650 637
650 1708
650 1650
650 1767
1153 1768
1795 341
10 1056
1825 662
113 698
113 517
113 694
113 207
113 109
113 206
113 496
113 283
113 142
113 356
113 1769
113 121
113 1408
113 1770
113 261
113 231
1828 505
536 585
300 992
300 859
300 1771
300 1242
300 1772
300 1773
300 1774
300 1775
300 1776
300 322
300 1777
300 1213
67 285
2241 1778
68 822
68 539
68 130
68 433
68 658
68 279
68 698
68 207
68 381
68 45
68 338
68 1779
68 1213
68 1145
68 657
68 643
68 15
68 1780
68 62
68 1488
68 1356
68 1158
68 78
68 1358
68 851
68 340
68 789
161 883
727 66
895 1025
895 1231
895 25
895 666
895 1275
895 1781
895 452
895 1782
895 90
2242 1783
762 459
1096 136
453 1784
222 1253
222 1785
222 427
222 142
222 316
222 608
222 90
92 431
92 554
92 251
92 186
92 55
92 608
2243 92
2244 55
1018 63
1665 327
466 418
466 929
466 1786
1130 1137
1130 352
1130 207
1130 126
1130 492
1130 9
1130 764
1130 1651
1130 1150
1130 383
1130 529
1130 624
1130 53
1729 1421
2245 1082
2246 55
1651 430
399 36
775 246
1202 154
1202 116
1202 196
1202 6
1202 1017
897 63
1312 1186
1312 181
1450 253
1283 488
1283 496
1283 400
1283 1479
1393 240
809 94
672 585
672 491
1469 261
1469 529
1787 1787
2247 1587
2248 554
2249 959
2250 1788
441 965
441 1789
1607 1790
1607 90
1106 15
455 1520
455 1314
774 245
774 246
70 100
504 373
504 253
504 66
504 991
1535 116
1160 207
668 283
668 987
2251 909
482 451
482 694
482 1089
482 1343
482 20
482 959
482 298
482 654
482 664
482 149
482 386
482 514
1201 196
1205 1791
1388 93
1388 240
1848 59
1332 1595
1332 622
1332 347
1332 57
1332 964
964 1792
964 1115
964 356
964 314
964 1086
1522 590
1522 270
451 1124
451 915
451 15
451 53
451 935
451 482
451 149
451 1036
451 29
451 841
352 1139
352 1793
352 29
352 108
352 1130
352 1494
352 273
352 889
352 116
352 196
352 720
655 1794
655 215
1400 808
2252 517
180 207
180 483
180 188
180 664
180 1072
1671 1795
1165 1429
456 396
456 660
456 906
456 1431
456 461
456 61
2253 452
2254 436
248 1104
248 17
248 23
248 127
248 433
248 142
248 663
248 63
1395 907
135 1049
1218 196
1591 142
1591 666
1591 276
45 99
45 1327
45 264
45 694
45 207
45 109
45 1796
45 394
45 100
45 17
45 292
45 1797
45 1798
45 116
45 402
45 400
45 535
45 68
45 49
45 1579
45 688
1724 716
1069 15
1069 698
677 937
677 1293
677 433
677 523
677 1799
677 929
1070 1800
1220 1801
1220 63
1220 1802
1220 493
476 356
782 780
550 507
550 517
550 429
550 1494
2255 409
1855 367
1000 183
1000 1410
1000 276
2256 975
2257 1035
531 214
531 1304
1282 53
1385 717
1385 541
1385 346
1385 1803
1051 33
912 1523
86 1451
86 1455
1858 781
1710 1804
657 286
657 457
657 1805
657 74
657 284
657 388
657 68
669 113
869 202
869 292
869 240
869 1806
869 849
869 1409
869 488
869 1807
869 260
869 392
869 104
869 1471
1741 158
2258 810
680 192
680 1808
2259 993
275 156
275 114
275 1425
275 1181
275 113
2260 74
2260 316
1131 1809
2261 251
1023 1040
380 27
1327 585
1327 482
1327 856
1327 1338
1327 90
1327 690
1327 337
1327 845
159 129
159 1752
159 566
159 142
159 211
159 29
159 335
2262 0
1678 590
1678 14
1678 349
2263 1666
2263 552
2263 431
862 446
2264 1810
98 694
2265 231
2266 815
1641 690
1040 541
1040 356
1040 350
1040 601
351 501
2267 1489
146 1058
146 308
146 1419
146 25
146 601
146 371
1443 861
1443 1806
206 292
206 109
206 113
206 116
206 1811
206 127
636 1708
2268 107
2268 1473
730 15
730 1315
730 66
1812 21
1812 1171
1812 269
1812 1812
1812 121
1812 1813
1812 1317
1812 1814
1368 96
979 325
1293 677
1293 1022
1293 29
344 205
1095 15
1095 1071
1416 1078
1416 254
134 461
134 490
18 1815
18 1816
1246 1817
1246 56
1246 1231
1246 1818
78 1819
78 1008
78 642
78 1335
78 689
78 15
78 1820
78 1821
78 484
78 200
78 1822
78 1823
78 116
78 726
78 987
78 322
78 884
78 68
78 53
78 1251
78 100
216 14
216 689
216 109
216 643
216 142
216 663
216 36
216 452
216 53
2269 116
420 1492
420 355
420 1037
420 431
420 433
420 968
420 209
420 322
420 611
420 945
133 29
133 1213
133 1049
133 181
2270 55
2270 179
1777 1079
1777 115
1777 300
1113 1824
2271 690
2271 207
2271 21
1595 630
662 1825
662 17
185 72
185 437
185 938
185 1826
185 1827
505 1828
505 116
505 53
2272 537
2272 1338
1454 186
1454 1829
2273 219
1030 917
1030 373
1030 20
2274 25
436 1031
436 29
436 379
436 941
1100 15
163 281
163 1532
2275 1830
2276 149
994 456
994 496
994 279
638 322
638 261
1859 781
1505 158
1505 360
356 1831
356 1076
356 457
356 94
356 1832
356 387
356 113
356 661
356 409
356 254
356 397
356 504
356 104
356 36
356 55
356 741
356 340
356 964
356 1065
571 1833
571 621
571 1834
571 207
571 1011
571 1172
731 1835
731 104
731 182
731 397
886 698
886 520
886 541
886 427
886 886
886 270
886 666
886 807
886 413
886 1836
886 1251
1364 812
2277 1322
2278 1837
1552 755
1552 1062
1552 1838
1552 1839
1552 917
1552 200
1552 815
1552 927
1114 1515
2279 1582
1502 799
1502 1042
1767 1650
198 437
198 1440
198 594
198 21
198 8
1768 1153
2280 1315
975 9
204 109
1619 74
2281 182
280 1840
280 667
280 720
280 1074
1697 784
139 272
2282 459
1290 1507
1290 102
257 737
257 559
257 240
257 17
257 142
257 124
257 29
257 452
257 538
19 530
19 1841
19 1601
19 1220
19 1346
622 1189
622 1452
622 1120
622 9
622 740
622 1842
622 36
622 1332
392 1843
392 149
392 1844
274 353
274 1181
274 664
274 1845
274 1036
274 1301
274 276
274 53
274 975
835 1590
1835 1835
1835 15
1835 731
1426 116
642 54
642 689
642 1846
642 503
642 1397
642 994
642 417
2283 1461
2284 338
625 15
625 600
661 356
468 984
2285 1761
1819 308
1819 78
2286 728
1124 451
1124 1617
1124 1806
1856 852
1856 308
1856 599
1856 1314
389 27
2287 1847
154 818
154 572
154 1202
154 987
1059 439
2288 493
59 1339
59 1642
59 1848
1185 116
1185 196
1185 316
831 29
831 398
831 1849
831 296
831 1850
831 347
831 761
831 322
831 293
1035 292
1035 658
1035 9
513 233
513 371
513 654
1102 15
679 193
679 292
679 479
679 247
401 94
401 541
401 917
401 36
401 1851
401 608
401 367
534 30
1287 270
2289 845
1624 74
902 301
902 858
902 1565
902 1231
406 340
406 127
264 1383
264 660
264 1852
264 17
264 15
264 45
264 884
264 430
804 114
804 1853
804 1026
80 639
80 1073
80 61
80 1147
80 207
2290 836
2290 689
2291 1184
594 109
594 127
2292 756
367 286
367 866
367 1240
367 1854
367 4
367 1788
367 43
367 142
367 1618
367 1855
2293 1253
2294 1474
2294 290
2294 1856
2294 109
2294 1857
1129 1150
781 1267
781 1379
781 1858
781 207
781 1231
781 980
781 1859
781 1516
781 781
781 116
781 74
781 1555
781 233
781 1860
781 780
781 1861
1862 1862
1792 964
1792 1863
1792 1864
1267 781
1267 391
1267 554
1722 637
37 263
37 193
37 1125
37 402
959 482
1653 25
1001 1865
1001 1704
1598 90
255 117
255 17
255 933
255 570
608 401
608 1395
608 1821
608 222
608 371
608 725
608 1103
608 259
26 374
26 20
26 1526
26 1866
26 1867
26 22
26 177
26 1472
26 298
26 789
26 1109
26 1868
2295 74
850 514
1711 1098
1711 219
1711 196
1711 737
1711 220
1711 100
595 142
1559 22
2296 6
2297 1031
1281 182
1281 87
1281 1869
1281 1870
1576 116
2298 1871
48 15
48 402
48 180
48 660
272 29
272 1872
272 1171
272 1358
272 1705
272 139
272 1873
272 246
1195 15
1817 1874
1817 27
320 53
2299 595
1503 25
1503 689
1503 9
1503 326
1503 1072
1365 1875
519 22
519 546
1135 1876
1127 1666
1127 1877
1017 292
1017 866
1017 721
1017 1558
1017 431
1017 440
1017 879
1017 718
1017 1272
1017 1202
1017 1878
1017 110
1017 260
1017 1659
1017 20
1017 413
1017 1167
1017 231
1017 421
1017 1154
778 778
1276 292
1276 17
1707 535
371 20
371 146
371 103
371 4
371 785
371 270
371 1879
371 1133
371 1170
371 181
371 116
371 1880
371 1226
371 149
371 114
371 535
371 965
371 1056
761 1647
761 1881
761 296
761 40
761 1882
761 831
761 322
1422 477
1422 833
1896 690
1896 605
1896 591
1896 1727
1747 1883
707 560
707 720
315 151
315 658
315 556
629 1058
629 29
629 1884
629 116
629 1593
629 114
629 530
629 663
987 431
987 1231
987 283
987 356
987 1652
987 1310
987 668
987 154
873 1885
2300 115
729 364
1585 1186
700 114
700 21
600 907
600 308
600 306
600 15
600 1886
600 1887
600 200
600 142
600 1888
600 1497
600 664
600 326
600 1036
600 226
600 350
1664 64
1664 356
1103 15
1103 608
2301 1889
2302 1322
2303 66
1240 599
2304 600
2304 116
2304 207
1716 1782
434 1890
434 123
434 1891
434 1892
39 240
39 1679
574 292
93 202
93 74
93 517
93 807
93 532
93 1411
93 116
93 337
93 948
93 114
93 334
93 832
203 1893
2305 1096
2306 519
690 286
690 441
690 15
690 1133
690 254
690 1894
690 855
690 1895
690 1896
690 1897
690 717
725 838
725 1048
725 397
2307 698
2308 1430
1539 1898
