1621 0
42 1
42 2
42 3
235 4
235 5
235 6
235 7
235 8
235 9
1454 10
1454 11
1796 12
14 13
14 14
14 15
1797 16
657 17
657 18
1292 19
1292 20
22 21
22 22
22 23
1798 1
1799 4
1507 24
898 25
393 11
393 26
393 27
393 28
393 29
393 30
393 31
393 32
393 33
393 34
393 35
1418 36
594 37
1286 38
1344 39
1658 40
1772 41
1772 42
1772 16
1772 43
1772 44
1772 12
1772 45
1772 46
1772 47
57 48
57 49
57 50
883 51
883 52
125 53
125 54
124 55
124 56
124 57
1800 58
1466 59
1493 60
1493 61
954 62
954 63
954 11
1801 64
130 65
979 66
979 67
979 68
979 69
979 70
979 71
979 72
397 73
397 74
397 75
397 11
397 76
397 40
397 77
397 78
1802 79
1802 54
1241 80
1803 81
1803 82
1804 83
84 84
1214 85
1214 39
1214 86
1214 87
1805 88
424 89
424 90
867 91
867 92
867 40
867 39
867 93
867 94
867 95
327 96
327 97
327 98
327 99
327 100
1048 101
1048 102
1048 103
1048 104
1048 105
1083 106
380 107
380 108
380 109
380 110
380 37
1806 111
1361 11
1807 112
1807 113
353 114
353 7
353 115
353 116
1076 69
1266 117
1136 118
1136 119
1666 120
1808 121
1808 122
1808 123
53 124
53 36
53 68
53 125
53 126
53 127
53 128
1809 129
65 130
65 72
65 131
65 132
65 133
65 134
65 70
65 35
65 135
65 136
65 137
65 138
65 139
65 140
1810 141
1502 142
1601 143
1601 144
670 145
670 146
670 147
1310 7
1310 94
43 148
43 149
43 150
43 151
43 152
43 139
43 153
1811 118
48 154
48 155
48 156
48 11
48 157
48 158
48 159
48 160
48 57
48 161
48 117
48 162
48 163
341 164
943 165
1050 166
1050 167
1812 107
1813 168
529 169
529 170
529 171
529 172
529 173
529 174
1814 175
1814 176
826 177
826 178
826 179
826 180
826 181
826 182
826 183
826 184
826 185
826 186
826 187
826 188
826 189
826 161
826 190
826 191
1815 192
1599 143
32 193
102 194
102 195
102 97
102 196
1325 197
1816 198
1644 199
227 195
227 200
227 158
227 201
227 21
227 202
227 203
227 204
227 205
227 206
227 207
227 151
227 208
227 209
227 210
227 211
227 139
227 37
227 212
767 213
767 206
767 214
767 195
1512 215
123 216
123 217
123 218
1451 163
243 219
243 220
243 221
877 139
418 222
522 85
522 223
522 137
522 224
1205 225
1205 226
211 227
1227 30
1817 228
924 229
1818 230
1818 47
1819 231
809 114
809 232
294 233
294 234
1559 170
1651 21
1651 235
1651 12
1333 236
1333 165
464 21
464 237
464 238
259 239
259 240
480 241
480 242
220 243
220 244
220 54
220 35
1820 9
1821 245
1822 246
270 247
270 248
270 249
270 250
270 251
270 252
45 110
45 253
1823 254
547 255
547 256
1824 257
1349 39
987 200
987 258
1057 87
1825 259
1826 180
319 146
1704 260
778 261
887 262
887 35
1484 263
1484 264
1474 4
1827 151
436 265
436 266
436 267
1703 268
1360 269
1743 234
1788 21
247 4
247 270
247 271
247 272
456 206
1731 273
1477 4
138 274
138 169
138 65
138 37
138 275
301 276
301 277
301 278
301 279
301 280
1828 281
248 282
248 283
248 284
248 270
248 285
248 200
248 286
248 12
248 234
248 287
248 288
248 289
1296 290
1294 291
873 292
873 208
835 293
835 294
835 295
706 98
706 149
706 296
706 297
706 239
706 8
276 298
276 299
276 300
276 301
276 302
1829 202
1829 303
1829 304
1829 146
1829 94
788 90
1108 305
1830 306
493 5
493 307
493 308
1831 309
1831 310
1441 39
1441 311
485 235
485 4
485 312
485 94
1536 114
342 313
1832 314
1122 69
1070 69
1623 315
1623 0
1623 316
1623 317
1623 318
1623 319
1503 320
1046 194
1046 321
627 107
627 202
1833 322
96 323
96 324
96 325
96 326
96 258
96 327
1053 328
1053 11
1053 329
1053 330
1053 114
1053 331
1222 325
1222 311
1834 117
83 332
83 333
642 223
642 334
642 335
1247 47
1835 336
230 309
1836 337
1001 338
1001 339
164 340
164 341
164 342
548 256
326 343
326 344
326 345
326 325
326 346
326 347
326 348
326 349
326 350
326 169
326 351
326 101
326 171
326 8
326 11
326 5
326 223
326 352
326 353
326 354
326 69
326 355
326 215
326 326
545 356
545 357
545 358
1643 359
1143 99
1143 360
565 37
1660 316
1660 249
1837 154
1837 114
1837 222
1837 16
1690 361
1690 362
986 363
986 364
986 365
612 366
612 367
612 77
612 368
686 2
686 369
686 370
686 371
1838 119
1838 372
1838 37
1838 373
377 374
377 375
377 376
377 377
109 378
109 379
109 223
109 380
109 381
306 235
306 144
5 382
5 223
5 21
5 383
5 5
5 235
5 384
5 385
5 386
5 387
5 326
5 47
5 388
5 389
5 390
5 391
5 151
5 63
77 53
77 119
77 124
77 392
77 11
77 393
77 394
77 114
77 366
77 395
77 396
77 397
77 39
77 398
77 8
77 399
77 153
77 400
1101 401
1101 402
918 403
918 404
918 52
918 405
1839 406
1840 407
579 408
579 409
579 314
579 268
579 196
579 87
579 410
579 411
579 364
579 139
579 37
579 412
579 322
766 413
766 414
766 415
766 21
766 64
766 416
766 200
667 367
563 37
89 417
89 418
89 316
89 419
89 420
89 421
89 422
89 413
89 423
89 250
89 424
89 425
89 426
89 427
89 118
89 428
89 7
89 429
89 430
89 431
89 353
89 432
89 215
89 433
89 434
89 435
714 436
714 437
714 438
714 439
1841 440
1842 356
1843 441
1844 442
1409 175
502 53
502 443
502 444
502 445
502 446
502 372
502 121
502 7
502 447
1845 52
108 380
639 448
639 449
639 450
639 451
639 78
639 87
482 21
482 309
482 242
482 452
482 453
482 39
482 454
1846 455
1847 456
973 457
1848 458
1849 149
1251 99
1251 459
1073 460
1073 139
1073 69
975 67
333 461
1538 114
1319 195
1319 200
35 462
35 463
35 65
35 2
35 464
35 207
35 222
35 465
35 117
35 154
35 466
35 414
35 467
35 120
35 468
35 469
35 262
35 308
35 470
35 114
35 7
35 471
35 472
35 21
35 356
35 115
35 473
35 474
35 475
35 220
35 37
35 476
35 200
35 121
35 227
35 477
35 51
35 4
35 362
35 478
35 326
35 479
35 28
242 480
242 138
242 481
431 89
1469 371
1850 482
1851 483
1004 118
1004 484
299 47
299 46
1852 485
1853 194
1495 486
1854 119
813 487
813 488
813 11
932 98
1855 98
1781 489
1781 490
1856 257
468 35
1566 440
308 491
308 492
308 493
308 269
308 433
308 229
308 128
308 494
308 495
308 116
308 1
308 426
308 496
308 183
308 52
308 72
308 279
308 35
308 158
308 6
308 497
308 498
940 0
940 12
940 499
1104 500
1104 501
1104 502
1857 503
1857 235
1150 504
1150 505
1858 506
1162 507
1162 144
1162 508
1162 87
1162 114
476 35
217 296
217 123
1859 509
1859 260
1860 71
1705 510
726 511
726 114
1452 512
1452 513
1452 514
1452 464
1452 40
1171 515
1171 332
1577 195
1539 11
851 516
355 517
355 518
355 326
355 465
1694 519
1055 207
819 520
819 7
819 326
819 521
88 484
611 408
611 244
611 380
611 253
611 283
611 371
611 338
611 362
611 128
611 522
611 523
611 358
611 524
611 464
611 513
611 525
611 24
205 227
205 526
205 90
1456 527
1149 528
171 529
171 530
171 531
171 532
171 326
171 171
171 533
1775 469
1544 114
1544 11
1051 207
1051 534
1051 234
1304 223
1304 406
1861 481
231 535
231 440
231 536
231 537
608 538
608 539
608 540
608 362
608 28
608 175
608 541
608 542
608 35
758 121
758 390
239 266
239 87
239 40
239 543
239 544
239 545
239 86
239 48
239 546
239 128
256 547
256 548
256 77
1282 549
662 12
662 158
156 154
156 48
156 550
156 234
156 11
1445 296
1317 551
1317 114
1317 167
1317 70
1317 149
1862 82
1863 39
1863 552
1863 302
497 117
1864 553
787 554
1865 118
653 555
653 158
653 556
653 557
653 558
653 313
653 397
912 559
572 560
572 37
1295 561
1288 139
37 562
37 563
37 564
37 253
37 264
37 565
37 566
37 567
37 69
37 568
37 569
37 39
37 570
37 571
37 572
37 573
37 574
37 200
37 575
37 576
37 577
37 238
37 578
37 101
37 114
37 579
37 196
37 580
37 581
37 380
37 582
37 583
37 340
37 584
37 227
37 585
37 586
37 587
37 588
37 223
37 589
37 590
37 591
37 4
37 132
37 592
37 28
37 12
37 593
37 551
37 594
37 595
37 596
1169 597
598 117
598 598
1065 599
1065 15
1065 216
1065 362
1065 144
1065 316
1065 600
1065 440
1065 601
1065 602
1065 603
881 604
881 526
481 390
481 482
1866 551
1866 605
1866 237
540 97
540 606
540 607
540 608
540 39
540 104
540 609
524 285
524 450
524 610
524 410
524 611
1545 223
368 612
368 395
175 197
175 223
175 613
175 614
175 260
175 94
175 72
175 567
175 615
784 616
194 323
194 227
194 617
194 304
194 343
194 618
194 102
194 566
194 464
194 51
194 478
194 619
194 620
194 399
194 77
194 621
1754 21
1754 622
51 194
51 24
51 35
1867 415
107 623
107 624
107 409
107 423
107 269
107 242
107 325
107 285
107 136
107 625
107 626
107 627
107 628
107 629
107 630
1116 631
1283 632
358 633
1868 23
976 634
976 510
976 635
976 636
976 637
451 167
451 638
451 450
451 639
131 65
131 603
1510 269
1510 409
1510 362
1869 640
1633 641
715 642
715 643
715 644
1022 645
1870 119
1871 314
1406 302
1204 395
1204 160
1204 526
1204 404
1204 646
158 647
158 167
158 344
158 648
158 649
158 650
158 651
158 652
158 653
158 654
158 655
158 656
158 541
158 144
158 657
158 658
158 659
158 581
158 660
158 661
158 48
158 227
158 662
158 151
158 663
158 340
374 664
374 665
374 221
768 666
1872 82
1058 667
1873 7
1873 36
145 154
145 668
145 561
145 669
145 670
145 671
145 233
145 316
145 145
145 672
145 322
494 76
494 673
494 478
494 198
494 28
494 153
309 674
309 675
309 230
309 676
309 677
309 678
1874 679
571 680
571 247
571 681
571 682
571 683
571 316
571 684
571 634
571 37
2 685
2 686
2 687
2 688
2 689
2 690
2 35
1088 691
1088 200
1088 692
1088 693
1088 694
1088 695
1088 157
1088 28
1237 696
1237 697
1015 285
1015 343
1425 21
467 698
467 699
467 700
467 161
467 52
467 701
1627 702
425 89
8 97
8 200
8 703
8 704
8 705
8 326
8 706
8 20
8 7
1734 223
412 74
412 353
412 669
412 99
412 707
412 579
412 708
1107 262
1107 709
224 710
224 522
224 437
449 674
449 97
449 711
449 639
449 99
449 451
233 423
233 21
233 343
233 649
233 712
233 294
1298 713
1017 438
1017 714
587 37
1662 316
620 194
1875 715
731 716
731 158
731 717
1138 463
1138 718
1138 719
1138 720
1138 721
1138 722
1138 385
1138 723
1138 118
1138 724
1138 725
1138 726
1138 727
719 489
719 656
719 314
719 728
719 729
776 675
776 730
776 471
776 667
776 4
776 731
776 364
1597 227
1597 732
1597 573
833 733
833 390
1782 734
1876 735
1765 736
1877 411
923 229
923 40
1309 737
1309 433
1309 738
1309 739
1309 94
1878 115
1531 278
1531 740
129 2
129 414
1260 12
1260 15
1260 741
477 742
477 35
67 743
67 744
67 745
1198 746
1322 70
677 309
677 747
677 304
452 482
452 748
1879 385
340 223
340 158
340 98
340 5
340 749
340 525
340 750
340 311
340 139
340 37
1880 666
1880 654
1881 4
875 223
875 751
875 752
875 753
875 754
875 268
1106 43
1106 755
1764 712
1882 756
707 757
707 323
707 714
707 536
707 69
707 121
707 683
707 758
707 742
707 113
707 47
707 412
707 523
79 97
79 624
79 759
79 760
79 116
79 484
79 40
79 761
79 603
1883 762
1884 311
1672 664
392 77
392 763
392 50
805 764
805 87
805 765
161 48
161 766
1062 39
1062 709
213 767
666 344
666 768
666 769
552 770
552 645
552 200
552 11
1394 12
1885 90
855 771
996 772
560 707
560 572
560 773
1886 774
162 265
162 48
162 582
162 775
162 343
730 776
1887 153
261 76
261 777
261 778
261 779
261 780
261 28
1888 85
1888 357
889 781
889 782
930 783
930 280
930 447
930 268
1889 193
616 784
616 568
616 418
1771 367
245 757
245 227
245 414
245 785
245 8
245 536
245 165
245 121
245 786
245 431
245 325
245 787
245 268
1543 11
1890 343
90 788
90 418
90 433
90 789
90 413
90 424
90 790
90 427
90 118
90 791
90 426
90 7
90 429
90 792
90 97
90 793
90 431
90 353
90 432
90 215
90 316
90 550
90 435
394 77
1003 794
790 90
541 158
541 795
541 309
541 768
541 796
541 608
798 797
798 798
798 343
1891 799
582 800
582 455
582 149
582 801
582 200
582 109
582 154
582 379
582 802
582 284
582 55
582 10
582 69
582 64
582 779
582 261
582 514
582 114
582 37
582 803
582 804
765 805
1892 806
1893 807
1893 11
1133 808
1133 809
810 810
1557 484
1557 408
1557 811
50 812
50 376
50 149
488 813
352 352
352 814
352 464
352 149
352 70
352 453
352 326
352 815
352 816
352 817
352 200
1027 21
354 206
354 325
354 121
354 818
354 0
354 326
521 819
521 820
521 821
438 183
438 108
823 750
823 139
823 822
823 823
1271 200
1271 474
1271 208
1271 106
1271 308
1271 487
1195 824
952 63
1252 39
1710 200
1710 149
1277 21
1277 825
1894 826
989 827
989 316
1895 667
1896 194
555 828
555 829
555 769
555 403
555 12
555 830
555 33
555 653
304 831
304 12
1897 832
1898 833
1079 21
1079 266
295 834
295 82
295 835
1684 72
1684 760
772 272
1056 285
1056 836
1056 837
1056 264
1711 370
1010 656
1010 838
1010 202
1010 149
1010 0
1010 453
1010 650
1010 839
1031 0
1031 253
1031 201
203 840
203 200
203 841
203 414
203 227
203 344
203 842
1899 94
1280 154
1280 12
1280 523
191 843
1230 844
1230 845
1230 846
1230 145
1230 159
1230 609
1900 270
532 171
532 26
516 847
516 375
516 848
516 849
516 850
516 503
516 851
516 852
516 418
516 853
516 331
1901 854
1901 584
771 76
771 855
1902 856
1902 522
1188 857
1188 858
1188 859
1903 707
1610 526
1610 860
1610 861
1610 149
1610 862
1610 758
1610 261
1610 863
1610 864
1610 865
1610 866
1904 867
1905 293
1330 868
1330 869
1553 870
1906 114
1906 93
1588 43
1160 414
1907 227
1730 871
961 854
961 872
1670 390
1009 223
1009 873
1009 656
475 10
475 35
1773 16
1773 874
754 875
754 876
139 877
139 65
139 200
139 745
139 577
139 69
139 649
139 43
139 227
139 544
139 46
139 507
139 823
139 579
1012 871
1012 649
1012 245
591 4
591 878
591 222
591 37
1908 879
1532 114
1532 256
6 51
6 235
6 577
6 880
6 308
297 656
1909 881
1910 882
1911 504
1479 11
1912 311
564 883
785 227
884 884
803 582
1147 302
574 885
574 37
574 200
1913 886
262 887
262 35
742 520
742 52
1914 69
1915 235
807 73
807 154
807 269
807 149
807 362
807 70
807 135
807 888
807 145
782 889
1645 290
1916 766
1002 890
845 891
845 0
688 657
688 114
1023 455
1023 283
1023 846
1023 634
1023 72
1023 447
1917 892
1918 278
1919 170
1920 90
1920 40
1161 154
1161 11
1161 383
1161 893
1161 149
1161 834
1161 298
1921 894
1922 649
1923 785
126 10
126 244
126 50
126 536
1924 11
876 754
876 11
187 549
641 175
641 895
1572 525
1925 462
752 474
752 344
752 649
1769 896
535 133
535 175
535 897
535 656
535 132
68 114
68 40
1926 353
1926 39
1926 68
307 493
1173 332
25 898
1417 601
1417 65
581 37
581 158
956 896
1675 899
1675 900
1675 521
901 743
901 901
1927 70
1928 269
1098 902
585 309
585 903
585 28
585 676
585 580
1929 637
1929 904
1930 804
1931 121
1931 905
1656 21
1656 651
1656 906
1156 65
1156 907
1156 317
1578 195
271 891
271 247
271 908
271 325
52 909
52 253
52 343
52 910
52 911
52 39
52 912
52 467
52 913
52 0
52 742
52 234
52 914
52 915
52 523
52 879
52 916
52 21
52 632
52 917
52 110
52 918
52 153
52 883
52 74
52 100
52 614
52 111
52 26
52 919
52 160
52 920
52 838
229 921
229 922
229 923
229 12
229 308
229 1
229 799
229 924
1463 925
1435 21
1435 409
1435 926
1401 891
546 85
546 114
546 927
546 239
546 356
1472 371
1496 11
1496 928
1187 929
1187 223
783 492
783 930
783 395
783 245
283 931
283 932
283 656
283 324
283 933
283 21
283 248
283 284
283 611
283 94
283 934
283 8
283 935
283 258
1475 390
1475 936
1932 442
1933 937
1265 78
953 7
953 938
720 70
1426 344
1426 939
1426 153
1934 940
1569 98
1569 941
1233 942
1179 357
1179 192
1179 943
1179 47
624 107
624 278
624 944
1146 736
904 945
1935 902
1935 946
28 947
28 867
28 494
28 948
28 527
28 608
28 241
28 261
28 949
28 950
28 585
28 951
28 193
28 37
28 35
63 952
63 953
63 5
63 954
63 329
63 955
63 114
1936 537
1937 325
1363 151
302 121
302 863
302 186
302 747
302 144
896 956
896 926
896 957
896 958
1020 144
751 40
814 129
814 352
1938 22
1513 215
1290 206
1290 550
1939 674
1561 265
444 114
444 959
444 159
840 841
1558 960
1940 961
958 962
450 119
244 963
244 964
244 313
1131 965
1941 966
1455 967
82 656
82 81
82 145
82 968
1028 969
780 970
780 971
780 825
780 261
780 972
780 806
9 671
9 638
9 52
1203 227
1203 973
1203 16
1203 584
1203 974
1203 114
1067 713
1067 103
1422 975
1422 272
1795 976
1795 977
1942 109
1714 978
1943 329
72 21
72 336
72 979
72 175
72 980
72 981
72 982
72 39
72 114
1338 167
1338 983
1944 153
128 53
128 356
128 611
128 234
128 308
128 239
128 33
128 52
1945 409
1494 984
1542 11
1519 985
1519 986
1519 333
1946 2
3 987
3 114
3 988
1947 292
919 98
919 736
919 52
827 989
1074 990
1074 69
1074 260
1074 453
1074 627
1074 991
1264 992
1264 196
1264 684
382 107
382 993
382 5
382 994
382 995
382 996
382 47
382 608
382 40
1332 808
1332 997
1018 135
1948 656
1175 998
465 999
465 469
1115 1000
1115 1001
1115 290
890 1002
794 1003
794 453
794 362
1949 69
1950 639
364 343
364 265
364 649
364 708
364 776
364 206
364 1004
364 1
364 579
364 1005
364 1006
364 87
364 992
656 1007
656 719
656 283
656 1008
656 310
656 752
656 375
656 535
656 64
656 114
656 196
656 222
656 11
656 795
656 496
656 834
656 206
656 1009
656 526
656 1010
656 1011
656 223
656 158
656 1012
656 362
656 82
1951 1013
1952 711
1953 371
343 223
343 766
343 1014
343 194
343 1015
343 1016
343 364
135 437
135 1017
135 743
135 207
135 70
135 47
135 1018
135 1019
135 807
135 714
210 227
210 1020
210 360
210 1021
210 499
210 508
210 471
210 894
210 163
1305 406
962 462
962 958
962 97
962 4
962 47
455 1022
455 675
455 395
455 1023
455 283
933 390
933 283
1954 161
1955 940
1956 1024
1956 409
757 707
1351 1025
711 449
186 200
186 1026
186 1027
186 826
186 302
186 395
1276 492
1276 336
288 248
630 107
969 1028
969 24
1957 1029
253 455
253 526
253 69
253 1030
253 1031
253 223
253 45
253 160
253 52
1521 410
1521 1005
1118 21
1334 478
1958 222
1468 206
1468 666
799 229
799 1032
799 70
674 309
674 223
674 1033
674 362
1231 1034
1231 1035
831 1036
395 77
395 1037
395 311
1554 273
1959 526
1959 70
184 826
241 1038
241 28
1164 1039
1790 357
33 21
33 1040
33 77
33 805
33 536
629 107
629 1041
629 55
629 453
629 1042
629 1043
629 629
629 405
588 1044
588 589
321 33
321 356
321 1045
321 1046
1960 398
1960 687
1209 154
437 1047
437 714
437 611
103 1048
103 27
1061 1049
1061 526
1061 14
166 1050
207 1051
207 1052
207 443
207 200
207 747
207 1053
207 519
207 5
207 1054
207 69
207 362
207 1055
207 135
207 1
207 30
207 939
207 554
207 35
207 27
1961 423
1962 527
1139 310
1963 316
836 1056
1763 638
1763 566
1763 1057
1763 542
832 1058
832 53
832 139
1964 318
472 195
472 35
1965 603
1312 1059
1312 1060
1312 535
797 200
31 1061
1966 35
76 76
76 675
76 1062
76 296
76 309
76 938
76 329
76 261
76 326
76 1063
76 12
76 603
216 1064
216 1065
216 1066
216 123
1551 11
69 566
69 1067
69 253
69 269
69 979
69 207
69 40
69 1068
69 1069
69 1070
69 1071
69 1072
69 169
69 390
69 118
69 1073
69 582
69 149
69 513
69 139
69 153
69 1074
69 4
69 1075
69 1076
69 560
69 514
69 1077
69 838
69 895
69 268
802 582
802 1078
106 927
106 266
106 1079
106 1080
106 167
106 1081
106 1082
106 1083
106 1084
106 1004
106 1085
106 357
106 451
106 1086
339 1001
1967 309
1019 712
1019 135
1968 1087
1448 296
1448 871
1448 662
1969 118
1215 87
200 987
200 492
200 344
200 1088
200 568
200 1089
200 414
200 582
200 1090
200 0
200 257
200 116
200 797
200 601
200 8
200 396
200 118
200 945
200 607
200 185
200 1091
200 139
200 37
200 35
200 766
200 352
200 248
200 186
200 322
1526 114
861 1092
861 193
469 623
469 586
469 465
448 484
448 97
448 180
64 181
64 48
64 656
64 1093
64 1094
600 1095
600 402
600 609
1396 12
1970 223
1970 556
1970 776
1970 5
1970 1096
1970 1024
1970 683
1970 302
1970 1097
1970 28
1235 36
1971 721
119 492
119 610
119 801
119 986
119 154
119 743
119 1098
119 88
119 1099
119 448
119 708
119 1100
119 666
119 1101
119 634
119 484
119 450
119 97
119 1102
119 55
119 1103
119 447
1972 447
501 1104
501 742
1973 1105
1686 362
755 1106
755 1107
1974 329
180 448
1376 168
305 1108
1975 1109
1274 487
1976 362
1977 308
1239 526
1239 47
1239 1016
1440 1110
1414 1111
1978 1112
1979 442
1979 1113
1979 1025
1646 290
1980 409
1980 222
1980 326
1367 1114
1367 12
1254 223
1527 77
1370 972
1000 1115
1000 1116
1117 1117
196 130
196 102
196 357
196 98
196 1118
196 579
196 37
196 411
196 656
196 684
196 551
196 450
196 573
196 204
1724 492
944 624
1981 198
1982 553
1983 1119
75 70
75 47
75 1120
75 397
663 7
663 1121
955 1122
955 115
955 63
955 1123
400 1124
462 55
462 1125
462 1126
1984 1127
1985 1128
1420 48
1420 55
1603 222
280 1129
280 4
280 384
280 1130
280 871
280 930
280 301
411 196
411 232
1624 934
1624 0
1624 244
1624 193
1624 234
628 107
1986 832
284 283
284 357
284 358
284 267
402 609
402 478
402 589
965 1131
388 72
388 310
388 302
426 97
426 471
426 556
426 235
426 336
426 285
426 1132
426 160
426 90
426 47
426 308
426 1133
426 857
426 7
426 198
427 1015
427 1134
427 40
427 415
427 297
427 1023
427 330
427 427
427 1135
118 11
118 194
118 69
118 1136
118 1137
118 1004
118 484
118 1138
118 1139
470 35
1669 1140
1669 390
1614 940
1987 309
1987 1141
99 449
99 97
99 1142
99 1143
99 412
537 1144
537 97
537 87
537 675
1306 1145
1306 223
1306 406
1988 835
736 919
736 609
736 1146
736 1025
1314 1147
1314 1148
1989 158
528 1149
505 1150
1990 285
1990 1151
593 902
593 37
1991 453
1992 544
277 11
277 301
1993 11
1152 1152
1994 1032
1994 12
1142 1128
1142 1153
92 565
92 37
1653 675
1653 1154
1653 1155
1793 551
1596 732
157 48
157 1156
157 1088
157 264
1995 1157
1995 149
927 546
927 106
414 203
414 262
414 1158
414 1159
414 35
414 1160
575 37
893 213
893 921
893 227
893 185
893 149
893 1161
893 135
893 152
1996 649
144 818
144 88
144 1070
144 822
144 296
144 1162
1039 1163
1039 1164
1586 409
916 52
486 1165
837 4
837 397
708 409
708 119
708 90
708 97
708 88
931 512
931 283
323 11
323 1166
323 194
323 344
323 552
323 960
323 122
323 316
323 346
323 982
1997 1167
1200 1066
496 371
496 913
496 117
496 210
496 824
496 832
1727 1168
1423 272
1998 306
1127 206
1127 309
1127 120
597 120
597 309
597 1156
597 1169
1371 405
1562 279
387 1170
387 5
387 541
617 153
1999 971
332 567
332 1171
332 1172
332 43
332 311
332 1173
332 1174
332 609
345 326
649 1175
649 233
649 135
649 11
649 201
2000 1157
274 138
274 1176
389 5
350 326
938 75
938 953
740 486
892 175
401 1177
1137 1057
2001 227
2001 47
2002 153
1529 1178
2003 634
2004 804
1032 603
100 1081
100 1179
100 451
100 52
100 327
2005 1180
2006 118
1487 51
1487 882
1487 1181
1697 513
1697 7
2007 0
2007 603
405 20
1517 69
1183 854
1183 1182
1183 971
854 1183
1063 76
479 51
1444 98
1489 728
1489 1184
1489 11
991 1074
2008 200
2008 1185
101 4
2009 594
1366 308
1120 75
1120 894
1120 673
1120 678
173 285
1436 1
1436 69
1436 673
2010 1186
2010 1187
2010 47
859 376
859 666
859 1188
1582 97
1582 978
1353 1189
1353 1025
1382 11
724 105
724 1190
724 1191
915 21
915 52
915 1192
2011 1193
2011 1194
824 390
824 1195
193 390
193 1196
193 193
193 1197
193 264
744 67
2012 11
2013 25
746 1198
746 172
747 154
747 5
747 4
747 207
747 302
747 363
747 70
71 149
634 626
634 1199
634 1200
634 204
679 667
373 114
1404 1201
1404 695
489 993
558 653
815 352
815 453
1066 863
1066 216
1066 1200
1066 146
1066 1069
252 270
517 999
232 809
504 1150
618 194
618 618
618 1202
618 153
974 371
974 119
974 1203
974 23
1639 481
404 1204
404 93
404 465
1579 195
1619 675
1619 336
154 65
154 713
154 1205
154 48
154 11
154 950
154 553
154 1206
154 1207
154 461
154 526
154 869
154 1208
154 582
154 834
154 206
154 273
154 1056
154 35
154 247
154 1209
154 1210
154 1211
154 514
2014 1212
2014 268
1035 309
1035 1213
1779 586
895 1062
895 69
1453 512
1453 149
87 118
87 408
87 266
87 1057
87 1214
87 639
87 285
87 239
87 1215
87 484
87 86
87 1162
87 579
87 1121
46 158
46 556
46 167
46 78
46 54
46 816
46 1216
46 47
46 450
46 1217
46 139
46 1218
2015 344
2015 1219
1640 1042
1259 1158
1220 1220
583 37
583 580
1447 296
325 462
325 107
325 1221
325 200
325 11
325 180
325 354
325 1222
325 245
325 918
325 72
325 1223
267 436
266 543
266 1079
266 87
2016 1224
514 154
514 69
1752 1225
30 1226
30 566
30 1227
30 393
30 1228
2017 1229
844 1230
1393 383
1034 1231
2018 308
346 323
346 308
346 1232
942 1233
942 649
942 69
2019 1234
2019 447
36 53
36 7
36 149
36 1235
1620 1236
697 1134
697 1237
697 697
365 986
47 1238
47 382
47 1239
47 707
47 299
47 70
47 1240
47 832
47 359
47 200
47 309
47 1241
47 46
47 1242
47 1243
47 7
47 962
47 1244
47 1245
47 1246
47 1144
47 5
47 1247
47 1179
47 579
47 75
47 227
47 1248
47 4
47 1249
47 750
47 55
47 992
1654 1250
811 484
459 167
459 484
459 1251
459 1216
459 1081
967 1252
1498 195
367 566
367 1253
367 343
367 612
367 1254
367 238
367 667
367 1255
367 738
367 1256
367 982
367 603
113 1257
113 1258
1158 526
1158 1259
1158 414
2020 278
2020 149
741 1260
1197 233
1575 426
1575 649
1575 1261
1547 11
1346 39
1346 1262
1346 1263
2021 455
684 1091
684 1264
684 196
684 413
684 1265
1514 215
1429 1266
1429 1267
1632 1268
1632 1269
1720 376
1720 1270
2022 114
2023 464
948 28
2024 390
487 1271
487 1272
487 813
487 1273
487 114
487 1274
1068 114
1068 69
1068 1111
2025 1275
635 976
2026 1276
825 780
825 1087
825 1277
743 1278
743 873
743 67
122 323
122 200
1776 818
523 556
523 1279
523 52
523 1280
523 611
604 881
604 206
604 1281
292 984
292 860
292 89
7 11
7 353
7 464
7 1121
7 265
7 7
7 280
7 51
685 2
1245 471
1245 47
549 1282
549 187
549 447
1751 1225
1751 984
1706 1119
183 826
183 336
183 70
183 114
183 39
183 438
632 1283
632 1284
632 12
632 52
693 1088
543 266
2027 12
1492 1285
38 1286
38 110
2028 52
1077 1236
1077 1287
1077 316
1077 69
1077 1288
550 1289
550 0
550 1290
550 90
550 156
1570 1291
2029 308
1167 98
1167 200
1671 48
1671 78
2030 67
2031 1075
2032 392
1678 1270
1678 149
1678 796
2033 837
1608 675
1608 149
1608 238
781 362
2034 21
19 1292
2035 353
606 540
1602 222
661 1293
661 442
661 158
403 918
403 555
403 40
249 270
249 575
249 756
281 683
1345 39
2036 939
2037 1294
2037 359
561 656
561 1295
561 51
561 69
561 1296
561 149
561 979
561 145
561 82
561 1297
713 223
713 1125
713 1298
62 954
769 55
1081 1216
1081 983
1081 100
2038 54
1089 200
2039 52
2040 481
1228 30
1299 1299
2041 223
1099 638
1099 119
1099 484
1099 1004
899 440
899 107
899 153
2042 621
860 195
860 1300
860 1301
860 15
860 343
860 309
860 1302
860 292
860 603
1617 1303
406 1304
406 1305
406 1306
2043 39
2043 241
391 53
391 88
391 235
391 238
391 361
391 113
391 45
391 94
391 1097
1172 1171
2044 612
2044 1307
17 405
17 27
17 343
1335 236
2045 902
2045 1308
94 391
94 222
94 1020
94 343
94 1309
94 713
94 1310
94 485
94 867
1552 1311
2046 285
2047 1312
554 390
1331 1313
136 107
136 65
136 11
136 499
136 1314
136 7
70 75
70 1315
70 65
70 352
70 697
70 383
70 135
70 1316
70 1317
70 799
70 1318
70 1319
70 1320
70 1321
70 603
70 163
70 1322
70 1323
420 12
420 69
197 75
197 454
197 1324
197 1325
2048 624
2048 200
2048 149
694 1088
1630 1326
1630 94
1688 1327
1688 1033
1688 362
1688 343
1768 746
1768 1075
1768 1328
1505 1329
2049 308
817 352
817 1235
869 154
869 1330
1014 135
1014 343
2050 553
1313 1331
1313 519
1504 1040
997 1332
1664 167
1664 484
1664 610
236 65
236 343
236 1333
236 1334
236 1335
236 310
74 656
74 1336
74 52
74 114
74 412
74 71
2051 1337
2052 283
1759 963
983 1024
983 1338
983 265
983 1339
1439 1
1097 391
1097 544
54 607
54 478
54 1340
54 46
54 878
536 1244
536 1341
536 245
536 11
536 707
536 1342
536 536
536 637
536 979
536 1343
536 191
2053 508
2054 308
1592 921
39 329
39 316
39 1011
39 1214
39 760
39 482
39 1344
39 540
39 183
39 1224
39 77
39 52
39 1345
39 72
39 568
39 37
39 40
39 1346
39 920
39 1347
39 1348
39 1349
1025 736
1025 1189
1025 206
1025 1350
1025 1351
1025 1352
1025 637
1025 1353
1025 1024
1025 329
1025 1354
1025 110
1025 634
1025 1355
1025 50
1589 1356
148 43
2055 572
1307 707
1307 77
2056 53
1005 409
1005 224
1005 776
1005 525
1005 1024
1005 1357
2057 1358
2058 216
356 638
356 408
356 764
356 321
356 201
356 579
356 1359
356 97
356 611
356 11
356 1360
356 545
356 484
356 1040
356 128
1273 487
1273 447
1647 95
1647 803
2059 525
589 402
589 1361
2060 1362
2061 976
151 1334
151 227
151 5
151 933
151 575
151 21
151 1128
151 1363
151 1199
151 43
151 1062
151 1364
151 390
151 139
151 1311
151 1025
2062 634
2062 554
2062 70
2063 1365
2063 308
2063 454
1095 393
1095 600
1095 660
1114 1366
1114 1367
2064 1368
1657 1369
631 1116
568 39
568 616
972 316
972 1301
972 891
972 344
972 367
972 1370
972 1371
972 228
972 77
972 1372
972 390
972 780
972 1373
842 457
842 697
842 51
842 4
842 203
842 883
2065 1374
2066 261
1598 39
1598 143
1637 609
2067 138
1168 118
1168 1168
1168 11
1168 281
1168 678
1168 39
1709 361
1355 939
1355 309
1355 1375
1355 268
413 684
168 1376
1219 551
1219 98
1219 1027
208 227
208 873
198 494
198 247
198 362
198 426
603 1377
603 79
603 1378
603 70
603 1047
603 420
603 254
603 131
603 1359
603 46
603 8
603 1086
603 1065
603 1379
603 1344
603 1380
603 1381
603 175
603 450
603 50
603 76
603 759
603 4
603 82
603 939
2068 144
1385 265
1438 1
2069 748
1094 64
18 1382
18 158
18 841
18 202
18 657
18 262
18 116
18 1383
18 1240
18 1384
2070 1385
626 145
626 1386
1511 2
2071 1080
2072 223
20 344
20 1292
20 8
20 11
20 4
2073 937
1792 579
1190 724
660 1177
660 1186
660 200
660 1122
660 235
660 729
660 149
660 362
660 144
660 276
660 153
660 1074
379 109
1515 1122
1515 557
1515 1387
1515 1388
1470 1389
317 194
2074 1390
759 601
759 79
759 1006
759 66
759 454
1667 120
1667 11
383 1391
383 11
383 1392
383 468
383 1393
383 70
1622 0
1622 149
2075 194
12 1394
12 1395
12 1367
12 380
12 304
12 556
12 1396
12 264
12 285
12 525
12 1283
12 1390
12 940
12 397
12 662
12 420
12 37
12 1397
1778 1398
1699 1399
85 546
85 1079
85 522
566 223
566 194
566 69
566 227
566 30
566 37
1408 21
1408 686
1408 369
891 1400
891 845
891 1401
891 271
891 1402
338 1001
2076 1403
2077 491
2077 336
2077 210
2078 728
2078 498
2078 773
695 98
695 1404
695 1405
1729 1128
2079 1406
2080 69
1174 52
1174 332
369 73
369 1407
369 686
369 1408
2081 1409
1717 47
2082 1410
1111 1411
1111 1412
1111 1413
1111 1414
1111 979
1111 81
1111 1415
1111 1416
2083 154
2083 149
601 759
601 1417
601 1418
1279 523
2084 1419
1733 223
607 540
607 607
607 200
285 2
285 1092
285 1420
285 248
285 1421
285 12
285 983
285 524
285 33
285 426
285 1040
285 87
285 1005
2085 206
1383 1384
1407 67
1407 369
821 521
2086 165
2087 311
2088 1402
2088 796
2089 234
1707 361
272 1244
272 247
272 1397
272 1422
272 649
272 996
272 296
272 772
272 1260
272 1
272 1423
272 741
1535 1424
1535 683
1535 100
1535 899
1177 584
1177 660
310 222
310 200
310 1425
310 1031
310 1110
310 114
310 1139
344 455
344 323
344 200
344 1426
344 1119
344 149
344 385
344 326
344 929
344 20
344 1427
384 1131
384 5
384 1270
2090 469
683 4
683 109
683 556
683 5
683 40
683 1072
683 257
683 281
683 497
117 65
117 1428
117 496
117 406
117 40
117 48
117 497
117 1429
117 598
1315 70
1485 1430
2091 21
645 770
645 645
645 4
645 552
1092 285
1092 1431
1432 1432
1648 1308
499 940
499 464
1316 70
2092 308
1787 21
415 107
415 766
415 552
415 1354
415 427
415 141
728 1433
728 719
728 1434
1 674
1 675
1 1435
1 1436
1 308
1 1437
1 21
1 42
1 1438
1 362
1 1009
1 1439
1 114
1 229
1 925
1 193
1 309
1 364
1121 67
1121 21
1121 1119
1121 657
1121 818
1121 261
1121 663
1121 39
1121 369
538 608
2093 97
386 153
2094 472
1110 1440
1110 310
137 65
1112 1441
1144 1442
1144 550
1631 1443
1631 750
590 37
98 154
98 11
98 196
98 5
98 803
98 146
98 149
98 121
98 584
98 70
98 553
98 135
98 114
98 1444
98 327
296 76
296 998
296 217
296 1445
296 1446
296 144
296 1447
296 361
296 52
296 272
296 706
296 1448
296 1449
296 1450
1232 346
163 463
163 145
163 40
163 70
163 1451
163 210
163 48
163 117
163 580
512 1452
512 931
512 1453
10 602
10 153
10 769
10 1454
10 144
2095 449
460 1144
460 1073
460 149
460 1455
527 1456
2096 1144
2097 1457
2098 73
1380 1458
964 149
1565 43
1565 1350
471 278
471 1245
471 413
471 776
471 4
471 769
471 12
471 210
471 1459
471 35
556 526
556 1460
556 21
556 309
556 202
556 683
556 525
556 1278
556 1461
556 523
556 46
556 653
466 35
1151 638
1151 126
121 758
121 302
2099 193
1091 1462
1091 200
1091 684
925 1
925 1463
925 70
925 1464
925 1465
947 28
947 592
59 149
59 1466
206 1127
206 443
206 21
206 1467
206 4
206 709
206 1290
206 1468
206 364
371 990
371 496
371 1469
371 1470
371 456
371 1471
371 440
371 1472
371 35
371 1473
4 491
4 280
4 485
4 645
4 195
4 1068
4 426
4 1474
4 1475
4 1250
4 114
4 962
4 675
4 183
4 223
4 1476
4 110
4 20
4 1477
4 567
4 37
4 1478
4 74
4 247
4 747
4 4
4 534
4 69
4 55
4 603
4 1479
2100 1480
846 1481
846 1482
846 1023
846 1230
846 633
596 37
435 90
2101 200
729 1483
729 603
264 458
264 1484
264 12
264 263
264 157
264 1056
264 193
264 37
1430 1485
385 21
385 1138
2102 12
329 76
329 113
329 310
329 1486
329 154
329 1487
329 238
329 602
329 12
329 313
329 39
329 1488
329 198
329 1244
329 128
329 1025
678 1285
678 223
678 344
678 309
678 1101
678 1
678 35
2103 756
2104 409
2104 918
2105 11
1155 1398
1155 609
1184 1489
1673 1490
2106 11
1072 69
1072 153
1191 724
2107 1434
1086 603
1086 40
116 130
116 357
116 353
116 18
116 113
116 47
116 308
116 1491
1285 561
1285 1492
879 26
61 1493
945 442
1516 939
2108 121
2108 435
2108 1494
104 1048
104 1165
104 264
104 540
104 1495
104 974
104 447
1584 97
312 485
673 1244
2109 1496
1262 1346
1262 1267
337 1497
337 299
337 1498
1499 1499
1499 1299
1499 669
1499 1500
1499 144
1499 1501
753 896
753 82
2110 743
2110 1006
2110 412
201 227
201 1408
201 4
201 356
201 649
201 560
201 1031
142 354
142 1502
142 158
1483 119
1483 729
2111 362
2112 309
2112 967
2113 326
2113 144
2113 12
2113 1302
2114 136
1040 831
1040 356
1040 1082
1040 1503
1040 1504
1040 1505
1040 1506
1040 761
1040 87
24 24
24 1186
24 656
24 1507
24 11
24 1508
24 51
24 664
24 69
24 611
24 1509
24 1255
24 200
24 82
24 1510
24 7
24 1511
24 153
24 969
2115 0
443 292
443 206
1585 409
2116 551
2116 382
2117 157
1476 28
1576 144
990 371
990 69
990 797
1024 118
1024 97
1024 845
1024 418
1024 709
1024 972
1024 39
215 56
215 404
215 1512
215 83
215 1342
215 536
215 362
215 149
215 89
215 1513
215 90
215 326
215 346
215 537
215 1112
215 873
215 1514
215 1368
215 861
1434 656
1434 860
1434 11
1434 1108
1434 134
1434 728
2118 464
1762 1515
1762 234
1762 322
939 1238
939 75
939 1426
939 1516
939 207
939 1355
939 603
258 200
258 362
73 1517
73 1354
73 369
73 397
1770 329
2119 4
1433 728
1755 1518
682 894
682 571
682 773
335 642
937 149
433 308
985 1519
806 780
806 333
2120 1018
1272 487
1272 1520
1090 200
2121 175
2121 69
410 1521
410 1024
410 438
410 524
410 579
410 1005
114 492
114 681
114 1108
114 1242
114 235
114 269
114 1061
114 1522
114 464
114 1523
114 878
114 487
114 1524
114 546
114 1525
114 842
114 1068
114 200
114 68
114 64
114 1526
114 234
114 859
114 1527
114 739
114 795
114 143
114 169
114 495
114 153
114 728
114 707
114 1
114 1331
114 1105
114 609
114 183
114 1528
114 4
114 581
114 47
114 161
114 1529
114 1530
114 444
114 1053
114 379
114 1144
114 607
114 149
114 1531
114 1532
114 3
114 488
114 544
114 52
114 982
114 810
114 958
114 385
114 1010
114 37
114 35
114 74
114 162
114 998
114 1533
114 809
114 202
114 1534
114 525
114 750
114 194
114 916
114 310
114 63
114 293
114 1535
114 77
114 675
114 780
114 1536
114 1537
114 1538
1555 1267
1530 163
11 876
11 10
11 536
11 1539
11 316
11 136
11 813
11 1540
11 1541
11 1542
11 144
11 1543
11 0
11 326
11 1382
11 20
11 7
11 1544
11 118
11 323
11 526
11 1200
11 917
11 356
11 552
11 1362
11 1545
11 1546
11 551
11 1547
11 1548
11 1549
11 48
11 902
11 1291
11 1550
11 156
11 383
11 1551
11 1161
11 1317
11 954
11 12
11 98
11 1552
11 1361
11 1489
11 1479
2122 1553
2122 870
1041 1554
1267 11
1267 309
1267 1262
1267 1042
1267 1555
1267 244
584 154
584 1556
584 597
584 1422
584 98
584 309
584 149
584 285
584 818
584 308
584 1148
484 875
484 118
484 408
484 97
484 904
484 88
484 79
484 1342
484 637
484 40
484 448
484 709
484 1004
484 1557
484 811
153 618
153 482
153 617
153 660
153 283
153 386
153 1426
153 1558
153 69
153 43
153 1072
153 742
153 77
153 52
153 513
41 41
41 751
998 21
998 114
998 1138
998 296
2123 667
170 1559
170 75
170 12
170 464
170 82
454 194
454 114
454 197
454 1560
454 1302
2124 1561
311 368
311 1222
311 325
311 0
311 395
311 332
311 340
311 837
311 1441
1410 940
1410 1107
1410 16
1410 24
315 1562
1324 197
1324 1365
1324 756
1242 114
2125 118
2126 759
287 21
287 248
1612 1563
1612 1253
174 529
1540 1564
1085 106
1037 395
2127 191
699 52
690 2
659 158
872 961
1350 1565
1350 1025
2128 1082
313 244
313 342
440 1566
440 1567
761 1557
761 79
761 409
761 537
1478 660
1186 265
1186 1568
1186 24
1291 1436
1291 1569
1291 11
1291 1570
1533 982
1533 1571
525 219
525 526
525 1572
525 491
525 235
525 1573
525 12
525 1574
525 1004
525 340
525 114
525 1491
525 957
525 1005
1261 1152
1261 1575
562 37
2129 283
1216 1036
1216 1576
1216 46
1216 1081
1320 70
1462 1253
195 102
195 860
195 767
195 169
195 4
195 1577
195 165
195 1327
195 81
195 227
195 153
195 399
195 1497
195 1498
195 1578
195 1579
423 145
1359 356
202 227
202 314
202 556
202 206
202 1529
202 257
202 47
202 46
202 210
495 443
495 308
2130 465
868 284
868 869
473 35
473 904
966 884
2131 909
515 1171
515 1116
219 243
219 525
219 1580
97 764
97 79
97 978
97 1581
97 610
97 831
97 1582
97 553
97 448
97 1583
97 90
97 426
97 8
97 327
97 118
97 119
97 102
97 181
97 540
97 99
97 537
97 484
97 1584
97 904
97 637
97 1004
409 463
409 107
409 1585
409 195
409 88
409 554
409 1586
409 146
409 1024
409 390
409 579
409 761
409 708
409 1005
637 484
637 976
637 320
637 314
334 642
2132 1587
55 124
55 23
55 1420
55 101
55 750
55 802
55 223
55 70
55 332
55 1588
1356 1589
838 1010
838 69
838 52
773 560
773 460
613 1590
613 399
764 97
764 811
764 356
764 453
764 537
2133 1591
921 1221
921 344
921 893
921 354
921 1592
921 229
911 1593
911 1594
911 1595
911 52
478 194
672 145
988 3
732 1596
732 1597
143 154
143 1293
143 1122
143 1598
143 1599
143 1600
143 1601
143 114
143 926
2134 1
2134 110
1480 223
671 98
2135 683
2136 1377
2136 816
2137 278
1148 1314
1148 314
580 37
1036 97
1036 831
1036 1216
222 656
222 1020
222 1602
222 222
222 1603
222 591
222 94
222 1604
222 115
222 418
222 1605
222 310
222 110
222 1606
222 1472
1397 265
1397 1607
1397 536
2138 1119
2139 139
2139 1494
834 154
834 383
834 1608
834 1161
834 295
127 53
127 52
2140 1367
526 154
526 881
526 253
526 1609
526 556
526 5
526 525
526 1023
526 634
526 165
526 418
526 435
526 1610
221 1611
221 374
221 244
86 87
1563 1612
1126 462
1126 1613
1126 1311
2141 1614
2142 1615
1387 1515
1387 1616
336 1617
336 584
336 1618
336 1619
336 362
1236 1052
1236 1620
1636 72
1636 609
1087 20
1087 54
957 257
957 525
2143 7
1652 1163
1506 167
1506 284
507 1162
507 882
1013 484
1013 761
1013 409
1013 708
1013 1005
0 902
0 1621
0 200
0 74
0 1622
0 1623
0 1031
0 940
0 52
0 1624
0 1010
0 1354
2144 82
1357 1005
2145 1625
2145 1626
702 1627
934 97
934 1628
934 1403
934 283
934 194
934 1629
934 70
934 1451
934 964
1326 1630
1443 1631
1460 556
1742 234
1268 710
1268 439
1268 522
1268 1079
1268 1632
1446 78
2146 551
279 21
279 1562
279 705
279 1633
279 1346
279 544
279 308
279 497
279 301
609 736
609 1634
609 1155
609 1635
609 1636
609 47
609 600
609 114
609 1637
609 8
609 540
1700 1638
1700 1639
1700 1530
1700 1588
1700 982
1075 12
1075 751
2147 1404
1042 114
1042 1640
1042 47
1042 1267
1213 1624
463 495
463 163
2148 564
376 50
376 70
926 1435
926 896
926 143
926 749
926 1641
926 1642
926 7
926 212
359 1643
2149 766
375 516
2150 1094
721 1138
199 1644
1069 7
1069 1156
1069 69
290 1645
290 1646
290 1296
95 1647
95 867
1308 1648
2151 315
2152 1276
2152 1351
2153 813
27 393
27 1649
27 149
27 17
27 93
27 103
27 934
27 867
981 72
981 198
2154 47
1760 963
696 1237
770 552
172 529
172 229
1784 675
1785 1585
993 382
1248 457
1248 609
1248 1075
2155 1650
651 409
2156 855
2157 129
2157 492
2158 1651
1163 1163
1163 1652
453 764
453 638
453 1107
453 482
453 352
453 118
453 797
453 343
453 1368
453 1653
453 815
453 77
453 453
453 1654
453 544
453 7
453 1010
453 542
453 52
453 1074
1246 589
1655 121
1655 1655
2159 311
2160 750
2161 877
2162 12
2163 1108
2164 1656
2164 1657
2164 131
40 408
40 79
40 65
40 68
40 1658
40 382
40 69
40 781
40 683
40 1659
40 397
40 39
40 484
40 7
40 811
40 1086
1573 265
1573 408
1573 525
150 43
150 1027
150 333
316 53
316 107
316 571
316 1660
316 676
316 972
316 39
316 989
316 200
316 577
316 1623
316 90
316 323
316 843
316 11
316 1260
316 1661
316 754
316 1662
316 202
316 362
316 145
316 1077
316 684
316 198
1340 54
2165 311
897 734
992 364
992 47
992 1464
992 238
1238 47
491 4
1192 915
1192 423
2166 8
167 638
167 119
167 1663
167 265
167 459
167 97
167 1664
167 99
167 1583
167 46
167 1004
167 1338
167 451
167 78
167 327
960 1182
960 1665
960 323
569 37
2167 1316
192 1179
192 149
192 200
15 860
15 200
15 826
15 1260
15 193
15 14
703 93
576 37
120 1666
120 586
120 1156
120 1667
2168 136
553 97
553 70
553 200
913 707
913 294
913 496
2169 222
2169 1488
1738 1668
390 933
390 1669
390 1670
390 69
390 151
390 1475
390 193
1427 344
2170 453
2170 47
2171 92
2172 154
2172 859
2172 1671
2172 336
2172 1260
2172 52
2172 276
2172 837
2172 37
664 374
664 1672
664 52
115 353
115 222
115 35
115 1673
902 1674
902 1098
902 11
902 593
2173 0
1464 544
1185 1185
2174 1346
900 1675
900 505
1473 1567
647 158
2175 5
748 550
2176 116
1384 775
1384 1676
1384 1677
756 953
155 453
238 675
238 227
238 1608
238 1273
238 1678
238 21
238 1254
238 367
238 238
238 1679
238 464
238 1301
238 781
238 194
238 151
238 440
238 411
238 210
238 391
238 235
238 37
265 278
265 357
265 167
265 1006
265 356
265 646
265 1680
265 1573
265 522
265 110
265 1561
152 43
1287 588
1287 149
1287 1077
78 1681
78 356
78 1446
78 397
78 1682
78 48
78 1060
378 109
2177 168
1165 1683
1165 325
1165 104
178 826
1365 1684
1343 536
2178 1685
2178 486
800 1453
800 582
800 40
2179 589
362 1452
362 1686
362 1687
362 794
362 674
362 143
362 1688
362 611
362 262
362 1065
362 109
362 1053
362 1144
362 149
362 1689
362 608
362 1204
362 35
362 336
362 160
362 1156
362 823
362 1690
362 198
362 447
602 329
602 10
602 1065
602 149
2180 1691
520 819
520 675
520 742
2181 1692
801 897
1693 1693
2182 1692
1641 1327
1641 926
1047 1269
1047 437
1047 603
2183 1156
2184 1062
519 207
519 1694
508 1162
2185 1140
888 807
1595 911
848 516
2186 551
2186 825
1026 186
2187 1695
2187 47
474 810
474 752
263 1484
263 264
513 153
513 69
513 1696
513 1697
567 223
567 35
567 332
2188 709
1399 75
1399 1698
1399 121
1399 122
1399 308
1399 1699
852 139
704 8
1129 8
1129 280
2189 975
1392 383
1392 655
1392 77
1392 1199
1249 230
1638 21
1638 1700
1638 454
779 1701
779 261
779 582
1756 1568
1756 1702
268 1703
268 114
268 69
777 261
260 634
260 1704
260 746
260 1074
44 44
44 264
885 367
885 574
885 37
1524 526
2190 11
510 1705
510 976
510 637
510 295
669 626
669 353
669 145
2191 553
1071 69
1461 200
1461 556
396 364
1642 70
1642 926
812 1128
812 93
1038 241
1038 52
816 46
1650 1600
2192 149
874 130
1119 1706
1119 170
1119 420
1119 1121
1119 344
2193 634
2193 992
204 227
1412 1111
361 846
361 223
361 283
361 721
361 1707
361 1708
361 296
361 1688
361 492
361 1709
361 82
361 1223
830 555
1256 651
1256 367
857 426
857 1710
857 1188
894 1244
894 1052
894 343
894 682
894 1701
894 210
370 1711
2194 37
1685 1712
1685 409
1713 1713
978 97
978 1714
978 1715
978 1582
978 1716
650 311
650 163
650 158
650 1717
1718 1718
1718 1719
2195 5
2195 1511
1581 97
2196 36
1634 609
1634 41
2197 1127
2198 135
1100 119
1100 1098
2199 393
1270 1678
1270 1720
1270 584
808 1332
749 340
749 926
737 950
737 1309
1689 1465
1721 1721
1712 492
1712 1685
1794 1255
1794 763
1794 1722
917 11
1723 344
1723 1723
13 14
2200 624
492 492
492 1724
492 783
492 183
492 235
492 1034
492 308
492 114
492 1174
2201 1725
2202 1726
1546 11
1008 656
2203 1076
853 853
853 516
289 248
1616 1387
1182 1183
950 737
950 154
1199 151
1199 65
1199 1392
257 1291
257 200
257 683
257 820
257 35
257 1727
257 447
257 957
1424 1027
1564 409
1564 1728
1564 344
1564 1586
1564 1691
1564 754
1564 1540
542 360
542 660
542 40
542 1226
542 453
542 608
2204 82
1386 626
2205 773
1128 812
1128 1539
1128 1729
871 1327
871 329
871 1730
871 1012
871 280
273 1731
165 195
165 382
165 1732
165 21
165 344
165 5
165 69
165 245
165 526
165 33
2206 971
223 343
223 235
223 316
223 678
223 986
223 656
223 1187
223 1254
223 54
223 144
223 1733
223 453
223 308
223 426
223 1734
223 1244
223 109
223 21
223 1304
223 5
223 1545
223 175
223 1735
223 332
223 642
223 567
223 587
223 1306
223 97
223 4
223 1009
223 28
223 775
223 1183
223 37
223 326
223 93
223 340
223 934
2207 1736
324 1737
324 96
592 947
1668 1003
1668 1738
1668 1739
93 694
93 586
93 1639
2208 281
278 265
278 660
278 301
269 1740
269 107
269 1113
269 1360
269 69
269 169
269 308
269 136
269 807
2209 1510
2209 1119
1082 1040
1082 106
2210 526
1757 1741
1481 846
1481 731
1716 978
1716 637
182 826
577 6
577 316
577 139
577 37
1698 1399
169 1452
169 195
169 227
169 879
169 51
169 1480
169 69
169 353
169 1710
169 114
169 138
234 1051
234 675
234 156
234 248
234 1742
234 1743
234 705
234 128
234 52
234 497
234 1624
234 1744
234 294
234 116
1243 1745
1243 47
2211 440
2211 1473
2211 443
2211 1746
1311 273
1311 151
1311 1126
1311 1747
422 89
1567 440
1567 1748
605 1749
605 237
1354 0
416 1750
416 766
1225 1751
1225 1752
430 89
1301 860
1789 21
841 18
841 1753
841 804
622 1754
212 227
212 926
2212 1755
1568 1756
1327 1688
1327 871
214 767
692 1088
1687 529
2213 1347
1741 1757
2214 1484
56 1758
1011 39
1748 1567
1390 220
1253 707
2215 1699
2216 1436
1725 571
2217 223
110 297
110 222
2218 1087
999 1097
240 259
240 343
2219 554
132 21
132 1335
132 227
132 482
963 107
963 244
963 51
963 1088
963 1759
963 1760
447 6
447 119
447 549
447 1273
447 502
447 149
447 362
447 1282
447 1389
447 1023
447 257
447 1761
447 1355
447 104
447 8
447 984
322 200
322 265
322 149
322 145
322 52
322 159
322 579
322 28
322 1762
638 1151
638 167
638 356
638 1763
638 1099
638 453
638 451
638 9
2220 766
2221 438
2221 1268
2221 270
2221 873
1240 18
1240 47
2222 248
2223 311
1747 1165
2224 82
2225 118
141 415
254 603
1437 1
1221 921
1221 260
1221 325
712 233
712 1019
712 1764
738 982
738 1309
2226 11
1176 236
1244 223
1244 673
1244 536
1244 996
1244 1703
1244 30
843 316
843 23
745 139
1635 609
1635 666
149 492
149 69
149 43
149 1317
149 359
149 1765
149 1766
149 8
149 549
149 21
149 1742
149 582
149 13
149 223
149 50
149 937
149 124
149 98
149 1622
149 1161
149 362
149 779
149 602
149 551
689 689
689 809
689 1767
928 1496
1600 143
929 1187
2227 39
2227 1033
2227 145
2228 1654
1328 1768
1708 193
2229 1769
2230 223
1574 1770
1574 1127
1574 525
2231 51
2232 5
2233 537
133 892
133 65
133 535
91 1230
91 867
1369 1771
648 158
146 98
146 670
709 1024
709 484
1007 656
1388 1515
1613 1126
984 292
984 447
984 1751
984 1494
16 1410
16 707
16 39
16 1772
16 1773
16 159
16 1774
16 1775
818 1776
2234 1
2234 902
2234 948
2234 234
2234 769
1450 296
461 1777
1398 1155
1398 1778
586 999
586 1779
1744 409
733 833
2235 493
2235 23
26 403
26 879
26 803
26 223
534 4
429 39
429 873
160 709
160 253
160 920
160 1204
160 362
2236 107
105 1048
105 724
2237 554
595 37
804 107
2238 54
2238 1780
2239 197
490 561
490 1781
2240 308
2241 1692
1629 934
255 235
2242 563
2243 875
2244 1782
750 114
750 55
750 1631
750 47
1389 447
1605 300
1400 891
1400 675
1400 717
920 39
920 160
920 52
920 47
1269 1110
1269 1047
1269 1632
675 76
675 902
675 455
675 1619
675 776
675 309
675 1653
675 1510
675 175
675 1783
675 12
675 1784
675 537
675 114
675 230
1458 192
21 462
21 85
21 1435
21 1785
21 1408
21 167
21 490
21 1118
21 223
21 385
21 325
21 1079
21 238
21 195
21 279
21 22
21 1425
21 1786
21 309
21 760
21 1787
21 308
21 707
21 1
21 482
21 1788
21 915
21 81
21 208
21 72
21 624
21 165
21 35
21 800
21 227
21 409
21 1789
21 132
21 1027
21 69
21 1024
21 1638
21 151
21 544
21 550
185 383
185 826
185 200
1679 8
1548 11
878 1330
357 130
357 357
357 284
357 1518
357 545
357 1790
357 196
1791 1791
1674 39
1674 902
2245 480
1329 1505
2246 1174
775 1384
775 908
2247 65
2248 1792
551 1317
551 1793
551 196
551 37
551 11
982 323
982 1700
982 738
982 114
982 72
982 1006
982 756
1722 1794
1722 716
1722 1795
1722 1141
