820 0
1279 1
338 2
338 3
338 4
338 5
338 6
338 7
338 8
338 9
338 10
338 11
338 12
338 13
338 14
338 15
338 16
338 17
338 18
338 19
338 20
702 21
1975 22
1976 23
689 24
689 25
689 26
689 27
689 16
1977 28
108 29
122 30
122 31
122 32
122 33
122 34
122 35
122 36
122 37
122 38
122 39
1978 40
1237 41
1237 42
1237 43
1237 44
1237 45
1237 46
889 47
713 48
1979 49
1979 50
1979 51
1424 8
1410 52
1410 53
1410 54
1678 55
358 56
358 57
358 58
358 59
1980 60
1981 61
166 62
166 63
166 64
166 65
166 66
166 43
166 67
166 68
166 69
166 70
166 71
166 72
166 73
166 74
166 75
166 76
166 77
166 45
166 78
166 79
166 80
166 81
166 82
166 83
166 84
166 85
166 86
166 87
166 88
1181 8
1181 89
1549 90
1549 91
1250 53
1250 92
1421 93
490 94
490 95
490 96
490 55
490 97
443 98
443 99
443 6
443 100
443 101
443 53
443 102
443 103
443 104
443 15
443 105
443 106
443 107
1457 108
485 109
485 110
485 111
40 112
40 79
40 113
40 114
40 36
40 115
40 116
40 117
40 118
40 119
1493 120
39 121
39 100
39 122
1097 71
1306 123
1982 124
348 125
348 76
348 126
348 127
1983 8
258 128
258 129
258 4
258 130
258 131
258 132
258 133
258 134
258 135
258 136
258 137
258 138
258 139
258 140
258 49
258 141
142 142
142 143
1984 144
452 145
452 146
452 147
452 12
452 148
452 149
1692 117
1190 150
1190 114
1190 151
1585 152
1985 153
1986 154
1555 155
859 156
1987 4
1988 157
1284 158
290 159
84 160
1368 161
966 114
613 162
613 163
613 164
613 165
1182 127
1182 166
1989 167
571 168
571 169
571 170
571 171
571 172
571 93
1083 103
682 173
682 174
682 175
682 176
682 177
682 178
682 179
682 180
184 173
184 181
184 182
184 12
184 183
184 184
184 185
970 186
970 167
970 187
767 188
365 44
365 127
1065 189
1480 190
1480 191
1480 192
1170 193
1170 194
977 195
1990 196
1189 197
1189 114
251 198
457 199
1908 200
1260 201
1810 202
1028 203
726 73
726 204
726 205
726 206
1339 96
1991 207
1991 208
1395 209
1395 210
1558 211
1558 212
1558 213
1558 214
1558 215
1204 216
1204 217
1204 119
681 173
1933 218
1933 219
1992 220
1437 221
1993 144
1994 222
810 223
458 224
458 225
458 226
458 227
458 126
458 228
458 114
1995 229
1519 230
1519 231
259 131
259 127
259 232
1408 233
1408 52
1408 234
1408 235
134 173
134 52
134 139
134 236
134 134
134 237
547 238
547 239
547 240
547 34
547 12
547 241
547 242
547 46
1504 133
581 243
581 244
1807 245
1996 196
1996 246
1997 247
1997 248
1997 241
1104 71
1104 249
233 250
233 251
233 166
233 252
233 253
464 254
464 255
464 176
464 256
464 257
464 258
464 259
464 260
464 261
1007 125
1007 262
1007 263
1007 264
1007 265
1007 266
1998 51
1999 267
63 166
845 268
845 269
845 265
2000 270
272 271
272 272
272 12
272 166
907 268
907 273
907 153
308 210
308 114
308 274
308 215
308 275
308 276
308 277
308 127
308 278
308 93
308 279
308 280
375 281
750 271
750 12
2001 282
1605 283
284 284
1634 26
2002 285
779 178
1351 286
2003 184
143 142
1755 287
1787 288
1286 289
1286 290
1286 291
1286 292
1772 293
26 294
26 295
26 296
26 297
26 298
26 117
26 299
79 300
79 71
79 301
79 166
79 40
93 302
93 145
93 303
93 293
93 304
93 305
93 53
93 306
93 307
93 12
93 308
93 71
93 163
93 309
93 310
93 311
93 166
1915 144
1915 312
1915 313
501 173
501 314
501 315
501 316
501 317
501 318
501 319
501 320
2004 321
30 322
30 0
30 133
30 323
30 178
30 324
30 325
30 241
30 117
30 326
1589 327
1840 328
1840 329
2005 330
182 331
182 332
182 333
182 334
182 335
2006 336
2006 337
11 145
11 338
11 339
11 340
11 341
11 342
11 343
11 344
11 107
11 12
2007 345
2008 346
76 112
76 347
76 348
76 265
76 349
76 210
76 350
76 166
76 172
76 351
1770 352
1770 353
2009 127
449 354
449 355
742 356
1465 357
1228 358
1228 170
1228 359
1389 127
1949 360
539 361
539 241
1406 362
1406 363
1406 52
2010 127
694 364
694 365
694 366
694 151
1541 180
1541 367
1541 368
1541 127
729 369
729 370
729 0
729 254
1833 154
1833 241
281 371
281 114
281 372
281 373
281 374
281 375
281 376
448 377
448 355
2011 378
1921 366
149 379
149 241
550 380
550 145
550 381
550 265
550 115
550 382
550 34
550 366
550 50
550 180
550 105
550 87
550 328
1236 383
1236 384
1236 385
1236 386
267 387
267 36
267 267
267 151
267 388
267 389
919 390
919 131
2012 391
1907 392
1907 393
1907 394
1907 395
1907 396
1907 397
1907 196
2013 398
2013 399
529 400
852 401
852 402
2014 403
438 404
438 405
438 406
438 407
438 151
438 8
1954 318
1954 316
1954 110
138 258
379 247
379 408
379 409
379 410
379 12
379 93
379 76
379 163
1911 411
1948 412
2015 413
586 299
815 414
815 211
815 415
815 416
815 417
959 145
959 418
959 419
959 420
959 421
959 422
959 353
959 93
469 423
1842 210
321 322
321 59
321 151
321 424
321 425
321 8
5 426
5 347
5 270
5 427
5 428
5 429
5 102
5 430
5 431
5 320
5 368
2016 432
2016 44
2017 172
1019 127
1433 196
1433 433
1433 434
1433 236
420 435
420 436
420 366
420 437
420 364
420 36
420 438
420 210
420 439
420 178
420 191
420 237
420 196
420 440
420 17
420 8
420 20
1932 361
480 145
480 178
480 441
480 36
480 417
480 442
480 443
480 236
480 319
1854 208
342 444
342 445
342 11
342 446
342 447
355 448
355 449
946 154
946 450
946 412
946 451
2018 452
1939 25
573 453
916 454
916 455
2019 356
1291 136
199 456
199 457
1847 236
2020 390
1398 127
2021 76
392 458
1762 211
1762 76
1762 127
1762 334
1762 459
304 52
304 460
304 461
304 302
304 462
304 463
304 93
1417 464
1720 465
423 173
423 466
423 412
423 444
423 364
423 192
423 423
423 467
423 369
423 468
423 162
423 201
423 469
1418 342
1452 47
466 443
466 423
1283 470
1582 471
1582 472
930 236
1012 473
950 474
1654 145
9 475
1013 30
1663 476
2022 12
442 477
442 442
442 478
442 479
442 204
442 480
522 481
522 482
522 483
522 484
110 485
2023 486
2023 487
2023 316
1276 298
1763 488
320 489
320 226
320 490
320 491
320 213
320 492
320 255
320 25
320 493
320 494
320 5
320 328
320 495
320 241
320 271
320 496
320 497
320 498
320 499
320 500
320 342
320 90
320 501
320 237
320 412
320 12
320 204
320 502
483 250
483 503
1739 390
354 504
354 449
354 505
354 306
354 103
354 166
354 506
354 507
354 373
2024 508
214 509
214 208
214 510
214 511
214 512
214 241
214 513
214 514
1198 322
697 515
697 53
697 516
697 517
697 166
697 518
533 519
533 520
533 521
2025 485
481 117
481 522
481 523
481 524
1205 525
1205 15
2026 236
1337 526
503 527
503 528
503 133
503 219
1823 323
2027 462
190 137
1064 314
2028 529
2028 530
766 127
1385 173
1385 334
1315 100
1315 531
521 532
521 533
1506 534
2029 104
1161 535
1161 287
2030 536
241 0
241 537
241 538
241 539
241 540
241 541
241 371
241 542
241 543
241 482
241 544
241 127
241 545
241 546
241 547
241 149
241 548
241 549
241 550
241 551
241 552
241 96
241 553
241 30
241 437
241 554
241 555
241 320
241 387
241 7
241 28
241 257
241 323
241 208
241 556
241 557
1685 558
937 219
937 372
937 559
937 560
1031 425
1229 439
408 322
408 561
408 562
408 410
408 563
408 379
408 408
408 514
636 564
1657 565
857 122
2031 219
684 241
684 566
684 567
2032 568
85 569
85 570
85 409
85 571
85 266
85 572
85 134
85 573
85 12
85 574
85 89
85 575
85 576
85 30
85 37
85 366
85 187
85 577
85 470
85 379
85 166
85 85
85 326
85 578
2033 579
244 580
244 581
244 373
1919 582
1919 366
931 453
931 236
1203 583
1203 48
1203 584
216 81
216 378
216 16
2034 585
334 400
334 345
334 586
334 215
334 47
334 211
334 587
334 145
334 588
334 589
334 590
334 591
334 127
334 592
334 201
334 593
334 594
334 545
334 595
334 596
334 565
334 37
334 237
334 8
334 366
334 597
334 598
334 166
334 196
1365 322
1365 599
2035 600
1329 601
371 265
900 148
743 223
743 261
743 241
1098 602
1098 338
1098 603
2036 604
250 233
250 319
250 605
250 96
250 483
2037 606
1566 607
70 166
299 586
299 491
299 26
1528 340
1528 608
1528 168
1528 53
1528 366
1155 609
1155 610
1800 611
1736 12
163 161
163 612
163 379
163 613
163 614
163 615
163 424
163 616
163 11
163 563
163 303
163 617
163 618
163 619
163 620
163 93
163 163
163 621
163 622
1450 88
1450 623
2038 119
303 114
303 263
303 624
303 625
303 265
303 334
303 626
303 93
303 627
1838 215
177 628
177 114
177 629
177 596
1024 408
1701 630
657 127
796 631
256 632
256 633
2039 634
2040 635
564 636
564 637
67 166
67 241
1043 388
493 607
493 638
1344 639
2041 518
2042 640
711 439
711 254
626 303
2043 416
576 173
576 73
576 641
576 210
576 628
576 15
468 145
468 642
468 643
468 644
468 423
468 645
468 646
1153 647
1153 648
1153 649
1153 220
424 650
424 173
424 154
424 651
424 196
424 135
424 652
424 653
424 163
424 219
424 9
1150 654
1150 202
1150 373
280 308
280 655
280 96
280 656
1773 657
1136 328
1136 658
1136 605
1136 659
1136 660
707 661
1079 662
1079 663
1079 47
1079 474
1079 316
1079 664
1079 665
252 233
252 666
1092 373
1393 667
173 424
173 144
173 668
173 669
173 537
173 423
173 491
173 277
173 172
173 307
173 670
173 184
173 671
173 672
173 673
173 674
173 114
173 675
173 676
173 35
173 677
173 678
173 127
173 679
173 137
173 680
173 72
173 131
173 498
173 681
173 576
173 447
173 459
173 682
173 440
173 237
173 30
173 683
173 369
173 577
173 7
173 684
173 685
173 12
173 196
173 326
173 118
1970 196
378 686
378 687
378 153
378 596
378 216
378 180
378 688
378 273
378 237
1342 96
1342 689
1139 690
1219 691
1219 219
722 692
722 668
364 693
364 127
364 366
364 361
364 694
364 423
364 503
364 203
364 8
364 318
364 536
364 241
364 695
364 696
364 682
364 697
364 593
364 88
364 698
364 46
495 699
997 700
1439 701
1971 196
1652 112
21 702
813 283
813 703
813 704
813 83
813 223
813 378
813 349
813 81
813 8
813 705
1700 118
1700 618
1264 240
2044 706
1734 12
2045 628
661 707
904 114
904 118
904 253
904 708
1432 210
1709 8
401 709
401 710
401 711
401 482
401 306
401 162
401 712
401 127
401 196
401 713
401 280
2046 714
516 71
516 715
516 716
762 717
762 208
762 17
762 718
762 584
1157 410
1157 215
1131 719
1131 720
325 30
325 323
1451 47
1451 721
668 173
668 722
668 249
668 723
668 386
668 724
668 725
668 314
668 142
176 464
2047 726
2048 458
369 56
369 57
369 727
369 728
369 729
369 423
369 173
369 730
369 180
369 731
369 732
1621 733
407 438
1112 196
1112 530
1112 127
1112 645
1112 74
1387 734
1387 127
2049 735
992 736
2050 737
1779 738
544 322
544 739
544 334
544 307
544 127
544 241
544 310
1713 117
1713 112
1713 740
496 127
1371 741
356 742
356 386
356 663
261 743
261 744
1725 198
1352 419
1352 745
1352 207
1352 746
988 165
1226 747
1226 748
1517 749
337 400
1362 322
1362 494
103 36
103 750
103 751
1609 752
914 71
914 753
2051 704
621 754
2052 34
2053 195
2054 697
2055 755
759 71
759 756
759 117
759 757
1253 758
2056 292
757 759
1731 12
1731 760
717 761
717 762
717 763
717 668
717 127
926 327
926 377
926 381
926 764
1321 765
271 254
271 686
271 766
271 767
271 594
271 409
271 444
271 103
271 768
271 593
271 750
271 19
271 769
774 114
774 658
774 770
774 258
774 34
774 692
774 117
774 771
774 772
178 773
178 774
178 178
178 775
178 776
178 777
178 778
178 779
178 780
178 781
178 782
178 783
178 420
178 428
178 480
178 784
178 785
178 682
178 786
178 787
178 788
178 30
178 789
178 790
178 791
178 792
178 793
932 443
932 794
932 127
932 236
631 795
631 796
1788 797
2057 545
2058 103
1296 386
350 798
350 799
350 800
1005 499
2059 173
1020 801
1020 241
1531 419
1531 53
2060 802
2060 803
2061 28
23 471
2062 804
2063 805
2063 166
2064 127
2064 806
800 350
800 807
800 808
800 608
800 482
1653 145
1653 74
223 399
223 207
223 226
223 743
223 490
223 65
223 809
223 179
223 180
223 519
223 810
223 811
223 812
223 15
223 813
414 814
414 710
414 815
414 739
414 131
414 774
414 816
414 817
414 241
414 818
414 494
414 114
1238 219
1049 819
614 559
0 820
0 173
0 313
0 60
0 422
0 431
0 821
0 114
0 729
0 806
0 822
0 241
0 823
0 560
0 89
0 359
0 824
0 148
0 825
0 826
0 30
0 827
0 828
0 829
0 830
0 604
42 831
2065 832
2066 833
1602 112
1602 15
2067 834
1423 684
1423 835
1423 505
1423 8
2068 290
949 169
1573 836
1573 272
1573 837
2069 607
2069 306
1222 17
2070 516
887 243
887 838
887 839
887 840
887 841
1369 494
2071 237
387 842
387 843
387 440
387 645
265 844
265 550
265 845
265 846
265 13
265 328
265 3
265 847
265 848
265 849
265 850
265 817
265 263
265 279
265 851
402 852
1397 117
1397 127
2072 409
1694 145
2073 853
2074 832
2075 464
2076 12
775 178
2077 340
1080 102
1080 854
1080 855
2078 462
2078 856
1495 857
2079 858
156 859
1422 860
1422 8
1905 861
1905 862
1905 863
910 145
2080 247
2081 864
1876 865
628 131
628 53
628 866
628 867
628 118
628 10
497 36
497 114
497 320
2082 770
498 173
498 868
498 669
498 869
498 730
498 870
498 725
498 817
498 119
498 843
498 305
498 328
498 871
498 102
498 117
498 213
498 17
498 550
498 72
498 133
498 872
498 471
498 682
498 440
498 826
498 112
498 482
498 873
498 257
498 874
498 196
498 182
696 364
1105 71
1105 596
1105 875
1105 876
2083 877
269 817
269 878
269 845
237 173
237 412
237 879
237 806
237 134
237 196
237 320
2084 240
368 5
368 11
368 652
1492 880
50 137
50 3
50 550
50 100
50 477
50 881
50 882
795 883
2085 690
2086 884
1696 885
2087 806
1211 886
958 240
958 458
1896 887
1896 346
2088 806
1290 888
2089 889
2089 890
1483 56
1483 30
1483 133
2090 269
849 153
915 102
915 17
915 891
915 892
1116 893
1116 686
1116 894
1890 444
1636 36
1648 400
1648 145
1648 895
1648 334
897 491
708 896
708 307
708 897
554 898
554 241
554 739
148 899
148 338
148 0
148 900
148 219
2091 831
1027 440
171 571
333 182
253 360
253 901
253 55
253 902
253 53
253 903
253 241
253 196
253 233
253 861
253 904
905 905
924 414
924 843
924 12
1821 906
2092 907
2093 93
2093 396
2093 127
2093 908
2093 8
753 836
753 909
753 910
753 782
753 911
753 37
753 912
753 913
753 888
753 812
753 914
1364 661
744 464
891 915
891 892
2094 909
843 30
843 387
843 916
843 494
843 263
843 917
843 918
843 498
843 919
843 920
843 395
843 921
843 922
843 740
843 32
843 923
843 17
843 924
843 434
1690 870
764 925
764 607
764 926
764 72
1046 316
1046 886
1046 210
2095 927
236 322
236 928
236 583
236 929
236 537
236 930
236 931
236 932
236 341
236 933
236 934
236 151
236 134
77 166
1391 321
1391 935
1391 936
559 117
559 319
559 937
559 938
2096 117
2096 939
383 117
383 420
383 306
575 940
575 703
575 941
575 85
575 602
575 772
1223 17
770 283
770 263
770 942
770 745
770 943
770 508
770 944
2097 945
450 946
2098 947
2099 364
788 178
642 461
169 571
169 195
169 948
169 949
474 950
474 47
1497 349
1497 494
1583 951
1583 605
1583 135
2100 952
511 289
511 953
1197 53
1197 954
175 955
175 491
513 956
220 864
313 191
313 957
2101 958
422 959
422 318
422 960
422 0
500 126
500 320
990 961
1577 114
1577 841
1577 334
1577 26
1577 576
1577 962
1577 963
580 471
580 964
580 965
580 945
580 244
2102 966
1045 442
1559 440
1559 213
2103 967
1508 968
1508 566
2104 131
1588 187
1588 969
1588 970
1588 971
1588 972
1662 476
794 37
794 233
794 932
794 635
296 52
692 722
2105 134
2105 973
746 974
746 264
746 844
746 153
2106 975
683 976
683 977
683 200
683 307
683 412
1140 264
1909 978
2107 979
1343 980
1343 8
417 602
417 981
417 815
417 480
1677 725
1574 11
1574 16
2108 119
1475 289
1475 982
1475 983
528 984
528 985
528 986
528 589
528 127
444 917
444 271
444 447
444 342
165 987
165 988
165 316
165 613
899 989
899 148
2109 503
2109 240
2109 12
205 990
205 180
205 991
736 992
2110 993
1759 994
1759 995
428 5
428 816
428 996
428 725
700 997
421 998
1166 999
37 122
37 753
37 34
37 986
37 103
37 37
37 22
37 85
37 318
37 1000
825 348
825 825
825 0
1029 145
1029 1001
1029 1002
1540 479
903 1003
903 1004
903 253
903 46
1554 52
2111 122
1659 1005
1895 1006
1895 618
1895 386
2112 166
107 1007
107 666
107 11
2113 0
2114 1008
1126 1009
730 408
730 1010
473 1011
473 806
473 645
473 440
473 17
473 1012
15 1013
15 303
15 114
15 1014
15 73
15 181
15 338
15 34
15 1015
15 576
15 223
15 126
15 12
15 241
15 196
15 237
2115 985
579 981
1873 1016
1594 2
1594 263
1379 1017
1091 608
1091 119
1124 492
1310 380
964 123
964 580
2116 1018
1799 44
2117 321
2117 1019
2117 1020
1033 211
1033 91
1183 1021
1183 114
1183 270
38 370
38 38
732 1022
732 412
732 386
732 1023
732 369
732 1024
732 1025
732 1026
1509 61
1509 566
1727 1027
1727 203
1727 1028
1001 1029
898 309
409 271
409 109
409 379
409 518
409 1030
425 1031
425 321
425 774
2118 1032
2119 125
91 1033
91 836
91 91
91 114
91 1034
2120 747
132 303
132 1035
132 917
132 1036
132 1037
132 639
132 12
132 725
132 1019
132 1038
111 485
353 806
453 494
1714 586
691 817
691 686
691 794
691 1039
691 710
1458 1040
1458 17
735 268
735 14
735 273
735 50
735 1041
2121 725
1038 132
388 1042
388 114
388 47
388 264
388 816
388 566
388 119
388 1043
49 817
49 173
49 279
957 264
247 1044
247 371
247 379
247 1045
247 1046
2122 412
1330 1047
126 1048
126 1049
126 1050
126 426
126 1051
126 348
126 1052
126 302
126 53
126 341
126 43
126 1053
126 657
126 671
1256 874
1256 1054
701 309
701 58
1476 517
851 1055
851 265
851 153
851 596
851 1056
851 1057
1500 1058
314 1059
314 1060
314 668
314 100
314 1061
314 1062
314 874
314 645
314 1063
314 501
314 1064
189 1065
189 1066
189 115
2123 1067
2124 16
1309 537
1309 757
144 173
144 1068
144 1053
144 1069
144 88
144 705
1744 369
59 264
2125 1070
769 858
2126 834
2126 1071
170 218
170 169
170 354
170 219
170 571
170 34
170 135
170 725
170 196
170 71
1920 366
2127 470
1625 1072
2128 45
2129 1073
2130 482
596 686
596 1019
596 378
2131 1074
2132 412
2133 117
390 412
704 1075
704 1041
704 131
704 1076
704 1077
704 219
704 704
704 51
704 273
302 1078
302 145
302 304
1687 211
1687 1079
1687 215
268 907
451 1061
854 1080
2134 12
1593 263
1593 1081
2135 117
2136 1082
2136 1083
232 410
232 76
232 1084
2137 1085
2137 1050
1626 50
1626 1086
1626 1087
1626 1088
1626 1014
119 145
119 1089
119 241
119 1090
119 388
119 1091
1642 145
1642 1073
1642 683
2138 1092
2138 916
2139 1093
1712 443
1712 219
1712 240
1712 841
2140 182
217 119
2141 167
2142 286
625 196
625 141
625 442
71 586
71 715
71 1094
71 47
71 644
71 64
71 753
71 1095
71 1096
71 671
71 1097
71 305
71 1098
71 1099
71 560
71 1100
71 633
71 836
71 1101
71 1102
71 967
71 1103
71 1104
71 1105
71 1106
71 151
71 93
71 914
71 1107
71 45
71 79
71 597
71 203
71 516
71 83
71 1108
71 166
71 759
71 888
1812 1109
1812 755
1491 196
1491 753
1491 135
1491 307
908 1110
908 1111
908 315
1304 393
1304 416
1622 515
1622 260
1206 1076
1206 50
1206 907
74 1112
74 972
74 1113
74 127
982 139
2143 342
186 1114
894 1115
894 147
894 207
894 1116
894 1117
876 1105
876 1004
2144 166
429 1118
429 127
429 1119
1403 127
1404 127
195 169
195 1120
2145 713
2146 1121
1208 1122
1969 1123
2147 380
2147 1124
2148 1125
1009 607
1009 1126
1009 366
1009 1127
1009 226
518 1128
518 1129
518 1130
518 192
518 340
518 697
518 8
720 1131
720 215
2149 731
1721 704
1721 718
1721 219
1243 1132
1243 683
1243 477
1243 219
593 390
593 364
593 271
593 240
593 334
593 277
593 102
593 127
593 1133
593 309
593 12
98 443
551 1134
551 241
551 374
347 1135
347 383
347 419
347 428
347 382
347 1136
347 5
347 1137
347 1138
347 806
347 335
347 817
347 431
347 1139
264 262
264 1055
264 44
264 419
264 942
264 1140
264 59
264 1141
264 382
264 834
264 1142
264 1143
264 1144
264 137
264 680
264 347
264 153
264 1105
264 957
264 746
264 1007
264 405
264 83
264 1145
264 12
264 1146
832 834
872 443
872 388
373 122
373 244
373 1147
373 354
373 281
373 1148
373 620
373 882
373 196
373 1149
373 1150
373 1092
373 38
373 8
404 438
440 843
440 173
440 387
440 270
440 537
440 420
440 1073
440 210
440 498
440 443
440 158
440 298
440 607
440 473
440 1151
29 123
29 45
29 1152
649 1153
641 1031
641 599
641 576
336 985
1757 443
1757 774
1757 366
1757 986
1757 102
1442 1154
868 589
868 498
868 565
610 1155
410 200
410 408
410 985
410 848
410 1156
410 316
410 379
410 1157
410 232
410 1158
2150 398
1168 1159
1168 1019
1168 1160
1168 658
1168 53
1168 16
1168 848
1168 1161
1168 1162
1168 479
1168 127
1168 1163
1168 17
1168 8
1168 320
1168 586
1441 114
1441 221
1474 1164
2151 1039
2152 1165
1530 211
1530 127
2153 654
1580 351
999 1166
2154 45
1144 1167
2155 604
2156 292
1924 1168
1106 71
1146 264
1299 1169
193 1170
827 827
827 0
985 666
985 145
985 1171
985 1172
985 1173
985 897
985 528
985 410
985 102
985 1141
985 152
985 326
1904 1174
1252 139
1252 1175
1252 739
1604 974
1604 283
1604 1087
1160 1176
1160 1168
1160 1177
2157 1018
2157 1178
834 127
486 414
486 1179
486 53
431 400
431 347
431 0
431 5
431 624
431 1180
431 1143
1305 741
1305 381
1305 1077
1305 1041
114 1181
114 173
114 1182
114 710
114 0
114 774
114 370
114 1183
114 93
114 308
114 1184
114 405
114 91
114 328
114 281
114 517
114 1165
114 1185
114 127
114 1186
114 1187
114 1188
114 1189
114 794
114 497
114 131
114 1190
114 1191
114 620
114 1192
114 388
114 1193
114 1194
114 1195
114 532
114 461
114 177
114 1196
114 1197
114 32
114 414
114 966
114 888
2158 576
1940 4
2159 807
1548 109
1548 885
306 108
306 718
306 712
306 323
306 576
306 447
306 1198
306 620
306 424
306 440
306 306
652 316
652 368
652 8
635 236
635 1199
635 241
635 210
686 1200
686 1201
686 153
686 767
686 271
686 420
686 334
686 1117
686 1093
686 538
686 373
686 378
686 691
686 882
686 1139
686 596
686 936
686 1116
538 686
583 1135
583 1202
583 47
583 878
583 1203
583 127
583 241
583 236
583 8
2160 1204
377 926
377 448
2161 1205
2162 135
1162 1168
1355 322
760 81
760 50
760 1206
1560 1027
739 273
739 17
739 697
739 241
1535 53
2163 210
1145 264
1145 1207
1122 1208
1624 537
2164 1165
2164 361
1074 482
1074 127
1786 1209
1786 1210
609 412
886 1048
886 886
886 1211
886 679
2165 53
2165 1212
2166 1213
2166 980
2167 458
305 93
305 498
305 1214
305 71
270 5
270 1215
1874 339
938 559
446 1216
446 1217
446 1218
17 338
17 491
17 16
17 443
17 799
17 135
17 1219
17 843
17 258
17 180
17 1220
17 1221
17 1143
17 127
17 145
17 718
17 420
17 498
17 1222
17 1223
17 566
17 335
17 219
17 8
17 112
17 361
17 187
17 339
17 1224
17 83
17 126
17 85
17 1225
748 1226
1489 307
359 254
359 1227
359 0
359 852
359 1155
359 1228
359 1137
359 822
359 86
359 127
359 537
359 356
359 45
439 420
439 1229
1010 730
1846 210
627 836
627 303
627 1230
627 1231
627 480
627 104
627 307
627 1232
627 76
2168 1066
2168 1233
2168 1234
2168 45
1521 433
28 322
28 1235
28 837
28 241
385 1224
385 1236
2169 888
1384 566
1384 1151
2170 271
2170 427
41 1237
1147 893
1147 373
2171 707
2171 368
219 1238
219 1239
219 1240
219 1241
219 1242
219 117
219 704
219 645
219 740
219 1243
219 1244
219 424
219 1245
1431 921
974 1246
974 746
974 1014
974 153
310 12
956 513
956 96
761 726
1357 322
1357 1247
1357 319
1357 412
2172 488
1295 328
1295 237
1295 725
745 770
745 942
1631 131
2173 1031
2173 444
2173 1248
2173 1239
102 3
102 47
102 520
102 534
102 308
102 1249
102 809
102 1161
102 102
102 273
102 830
102 144
102 49
102 1075
102 361
102 426
102 846
102 1250
102 1251
102 1077
102 50
102 1252
102 557
102 1253
1054 1254
1054 1255
1054 1256
1054 1257
1471 1258
2174 419
2174 1259
2174 347
201 844
201 1260
201 419
201 1261
201 423
201 334
201 471
201 885
201 1084
137 1238
137 258
1021 1021
1542 755
164 1262
164 181
164 1263
1564 341
1564 183
1341 1264
1341 127
1341 96
2175 145
1318 896
1318 83
1318 342
1318 36
986 114
986 226
986 306
986 1265
986 12
986 701
986 37
880 1266
2176 114
6 1267
2177 827
2177 1268
525 525
525 1205
525 1006
2178 1269
2178 47
400 400
400 1270
400 529
400 334
400 337
400 471
400 17
669 173
669 412
1797 646
1797 502
2179 180
2179 241
1272 1271
1272 1272
1405 1000
374 1273
374 281
374 480
374 1274
374 245
374 1275
298 369
298 1276
298 440
298 26
2180 1277
1084 360
1084 345
1084 529
1084 430
1084 201
1084 88
1084 1278
1375 493
643 471
643 725
482 1279
482 401
482 386
482 1280
482 1281
482 427
482 53
482 470
482 800
482 498
482 196
482 412
482 1074
482 241
482 204
482 556
482 1282
482 195
482 8
482 1283
482 114
158 36
158 1193
158 140
158 1284
292 1285
292 1286
292 1251
292 1287
292 4
292 808
292 671
179 1288
179 306
179 447
179 1134
179 682
179 1289
179 1290
136 1291
136 258
1952 321
1952 1031
1143 156
1143 1292
666 773
666 985
666 862
2181 1293
1684 322
386 1294
386 412
386 1295
386 482
386 151
386 923
386 320
386 105
386 1296
386 660
386 357
386 732
386 668
1551 90
1619 1297
1619 1298
1619 1299
499 8
499 320
499 442
1429 826
688 180
688 378
1449 273
587 350
587 628
587 816
587 334
1488 271
1488 1300
1488 1301
1488 1302
1852 1303
1201 686
1201 1304
1201 153
1077 704
1077 1305
123 1009
123 1306
123 29
123 964
68 166
2182 342
106 443
106 241
106 1307
1346 374
624 461
624 1139
624 1308
2183 1309
2184 1119
1336 1221
1336 858
540 505
540 241
2185 1310
2185 1311
1628 546
1628 330
2186 807
2187 1312
2188 701
1826 322
1826 1313
1730 203
1730 44
1165 435
1165 1182
1165 72
1165 495
1165 1314
1165 1315
1165 1316
1165 1317
1165 114
2189 806
2190 1318
1151 306
1332 806
1332 1319
508 1320
508 1321
808 139
808 537
808 292
808 800
1207 1145
1207 127
2191 462
2191 908
1850 83
1149 373
1149 660
2192 241
456 147
456 199
456 1117
2193 47
2194 181
2194 1073
1415 1322
1415 47
1415 28
1415 151
1415 1323
1415 563
1415 1324
1415 1325
1415 1326
1557 1327
1557 1328
601 1329
1724 1191
1660 1261
389 869
389 1
389 267
389 563
389 37
389 389
99 120
99 443
1047 1330
1047 145
2195 563
677 173
1425 309
1425 589
1425 1073
1425 1331
1425 88
806 237
806 1332
806 835
806 639
806 388
806 1333
806 1334
512 1335
1221 145
1221 981
1221 858
1221 1336
1221 1191
1221 17
1177 133
1827 338
1827 46
526 1337
526 1338
526 704
96 589
96 145
96 1075
96 1339
96 490
96 1340
96 96
96 127
96 1341
96 1342
584 1203
584 725
2196 88
1347 982
1347 597
1427 1343
1427 678
639 196
639 1334
639 132
639 1344
639 334
1338 526
1748 1345
1748 145
471 400
471 589
471 1288
471 643
471 471
471 1346
1257 131
1061 451
1061 314
597 366
597 837
597 1347
597 1348
597 71
597 1349
1515 389
1515 557
1196 1093
1196 589
1196 379
1196 114
1196 1350
1428 135
1428 8
523 481
523 45
830 127
286 1351
286 53
1834 154
1568 620
2197 1074
315 501
315 18
1073 1239
1073 1352
1073 366
1073 127
1353 1353
121 39
1184 114
2198 16
2198 847
2198 725
1606 196
322 1258
322 1354
322 1355
322 298
322 1356
322 1120
322 322
322 1357
322 1358
322 544
322 127
322 241
322 236
322 1359
322 583
322 211
322 1360
322 1361
322 1362
322 1363
322 912
322 1364
322 114
322 112
322 265
322 28
322 1365
322 243
322 1198
322 1366
322 1367
161 1368
161 1141
161 539
494 843
494 401
494 1240
494 1362
494 453
494 725
494 1369
741 392
741 1370
741 396
741 1371
741 287
741 1305
1148 462
1148 1372
1148 373
1782 1373
645 568
645 1374
645 314
645 1375
645 276
645 395
645 468
645 1261
645 334
645 16
645 1376
645 342
645 127
645 1112
645 17
645 530
645 629
645 1377
24 689
1910 316
1910 53
1910 978
1487 442
2199 1378
1235 738
1235 28
1017 1379
1514 1380
556 241
604 829
604 0
1367 412
1367 732
1367 1245
445 1381
445 342
445 567
971 972
971 503
869 196
869 389
869 272
869 1382
869 426
719 1131
716 516
297 26
2200 726
976 45
976 683
1691 426
2201 257
1002 1029
1089 119
1287 292
2202 1383
2203 181
127 1384
127 215
127 1073
127 725
127 1112
127 1385
127 1386
127 544
127 1217
127 645
127 241
127 582
127 680
127 1021
127 1341
127 93
127 1387
127 501
127 705
127 8
127 1388
127 445
127 419
127 211
127 491
127 1389
127 1168
127 40
127 932
127 348
127 1390
127 1058
127 1391
127 154
127 113
127 53
127 1036
127 388
127 530
127 247
127 412
127 1377
127 840
127 1392
127 1393
127 1182
127 0
127 69
127 807
127 970
127 114
127 543
127 141
127 210
127 1165
127 1045
127 1232
127 1006
127 1019
127 1309
127 794
127 612
127 74
127 1394
127 929
127 1035
127 1395
127 1396
127 1397
127 12
127 1398
127 173
127 1399
127 47
127 528
127 1400
127 378
127 458
127 1135
127 1401
127 270
127 259
127 316
127 17
127 1383
127 359
127 1402
127 1403
127 1404
127 384
105 326
105 550
105 12
105 236
105 386
2204 184
279 3
279 265
279 470
279 85
279 308
279 49
279 8
279 458
1087 411
1123 139
52 1011
52 444
52 737
52 1405
52 725
52 1163
52 1406
52 254
52 1407
52 304
52 1408
52 134
52 1309
52 1409
52 1410
52 969
52 103
52 1411
52 218
52 401
52 369
52 44
52 697
52 46
2205 886
151 710
151 704
151 1412
151 1043
151 541
151 684
151 694
151 482
151 236
151 1413
151 71
151 1414
151 1022
151 386
151 267
151 1190
151 442
151 565
151 151
151 233
151 418
151 6
151 438
151 1415
151 1416
344 342
344 11
8 1181
8 173
8 837
8 710
8 755
8 1417
8 338
8 652
8 1418
8 382
8 114
8 1168
8 1074
8 165
8 817
8 190
8 1139
8 16
8 122
8 91
8 1419
8 1420
8 364
8 654
8 482
8 1421
8 1422
8 210
8 316
8 127
8 241
8 625
8 1423
8 882
8 279
8 17
8 145
8 583
8 1349
8 1424
8 73
8 1425
8 219
8 1426
8 1427
8 1428
8 620
8 335
8 93
8 163
8 1193
8 536
8 606
8 401
8 499
8 169
8 36
8 438
8 334
8 321
8 1343
8 166
8 1027
8 196
8 319
8 88
8 384
1532 53
826 16
826 498
826 1429
826 0
1273 374
2206 1430
2207 386
1680 1431
1325 461
1325 1432
1325 237
1325 463
1227 218
1227 359
1865 270
644 468
644 145
644 1433
1241 1434
1241 1386
1241 219
1241 270
221 143
221 1435
221 387
221 1436
221 1437
221 381
221 1438
221 53
221 173
221 1245
221 299
221 1439
221 4
221 1440
221 1441
221 139
221 1442
221 901
221 1164
221 142
1334 806
541 816
541 151
541 241
541 725
883 1443
883 153
883 304
777 1444
2208 1119
416 1445
416 874
416 815
416 1304
416 1211
416 96
416 210
416 1125
416 1446
416 664
416 1237
416 885
2209 458
94 490
1220 17
913 381
913 1447
2210 986
197 1189
1686 1448
274 308
1556 1328
1562 1449
929 334
929 236
2211 718
2211 806
623 1450
873 135
1396 196
1376 645
1376 858
888 114
888 532
888 427
888 753
888 88
888 71
888 33
888 885
888 1290
343 11
2212 711
2212 613
47 1451
47 889
47 799
47 1452
47 388
47 500
47 1453
47 1454
47 1455
47 284
47 132
47 453
47 127
47 117
47 1309
47 472
47 89
47 602
47 464
47 1456
47 334
47 1415
47 1079
47 701
47 734
909 888
909 753
1292 844
1292 1143
2213 1457
1040 1458
104 627
2214 303
2214 45
1561 1459
2215 811
1059 314
1529 53
1 1460
1 442
1 8
1 557
1 40
1875 339
867 628
1669 1461
1669 975
1899 1462
961 990
961 1008
840 887
840 1348
840 1463
685 662
685 173
1361 322
1361 412
1075 254
1075 43
1075 704
2216 563
577 173
577 224
577 1464
577 1465
577 192
577 1466
577 550
577 1467
577 1468
577 81
577 1469
1490 658
1490 307
1806 618
1258 1258
1258 1470
1258 1471
100 1315
100 119
100 975
1117 147
1117 686
1117 456
1117 993
1117 894
1350 1196
399 1472
399 1055
399 1473
399 153
399 223
399 974
1164 1474
20 420
20 338
20 366
2217 442
2218 218
983 366
983 1475
983 192
983 596
983 1272
983 607
517 114
517 739
517 115
517 166
517 697
517 196
517 1476
517 8
406 352
406 102
406 438
14 974
14 735
14 153
1866 102
1374 1477
1374 44
1374 1294
1374 645
1374 240
747 571
747 1478
747 1479
747 458
646 1480
646 126
2219 859
1193 114
1193 36
1193 158
1193 1481
1193 1193
1193 8
705 1482
705 181
705 1068
705 127
705 144
705 813
705 12
56 1483
56 187
56 1484
56 1353
56 272
56 1485
56 152
56 43
1372 1148
301 373
2220 241
204 1213
204 122
204 726
204 36
204 302
204 686
204 173
204 442
204 1486
204 1095
204 1104
204 874
204 180
204 1190
204 204
204 320
204 12
2221 1487
1302 1488
828 0
658 774
658 145
699 495
307 173
307 1489
307 497
307 683
307 1490
307 93
307 925
307 627
307 1491
2222 1492
120 120
120 1493
1752 1494
1752 342
1752 1495
1752 418
965 420
965 580
349 1496
349 1081
349 53
349 491
349 1497
349 180
349 817
349 813
349 618
2223 977
2223 34
2223 470
1171 366
1702 765
1702 217
723 668
723 1498
723 1499
1058 1500
1058 127
1282 254
1282 497
1282 482
1282 447
1282 1501
1282 117
1598 491
2224 874
395 741
395 458
395 36
1545 1502
246 1503
246 1504
2225 1505
153 262
153 942
153 283
153 378
153 907
153 974
153 399
153 883
153 1506
153 4
153 849
153 180
153 14
153 273
153 1201
153 844
153 1143
153 686
153 967
153 153
153 49
153 746
153 893
153 688
153 1507
566 1508
566 1509
566 276
566 38
566 838
566 212
566 1345
566 462
566 1348
566 566
566 1510
566 388
566 17
566 684
1749 478
530 1511
530 179
1048 145
1048 52
1048 706
1048 874
1048 1512
1048 126
1048 886
1048 518
1633 1513
2226 1263
1380 1514
51 704
51 273
557 1
557 1515
557 102
557 1516
557 241
557 1503
557 750
749 400
749 1168
749 1517
1745 714
1587 112
1354 308
1354 322
1354 1518
1354 145
1354 127
115 115
230 1519
230 1341
60 1520
60 0
433 1521
433 1522
433 1433
2227 219
817 349
817 347
817 132
817 917
817 265
817 1505
817 691
817 269
817 49
817 8
434 843
434 858
434 644
434 570
434 133
434 0
434 342
434 725
434 769
174 582
174 36
174 1523
174 131
174 682
174 1524
654 289
654 690
654 953
654 1150
654 8
2228 1269
53 1168
53 537
53 1525
53 1526
53 486
53 971
53 34
53 145
53 1527
53 1528
53 322
53 1529
53 1530
53 723
53 444
53 1411
53 180
53 241
53 117
53 381
53 127
53 1414
53 1240
53 628
53 1531
53 620
53 925
53 93
53 555
53 8
53 1532
53 1533
53 1534
53 483
53 443
53 1250
53 339
53 1535
53 1536
53 253
53 12
53 286
53 81
53 482
773 178
773 12
506 794
506 354
560 71
560 1537
560 426
560 0
782 816
782 178
782 886
782 753
782 1199
2229 103
2230 373
2231 1538
552 241
612 576
612 1539
479 321
479 1540
479 1168
479 1541
479 678
599 243
599 641
599 1358
1964 1261
185 68
185 1542
185 1543
185 480
185 1544
185 184
185 885
629 645
1502 316
1502 1288
1502 1545
1502 1546
1947 412
2232 72
1658 334
1446 416
1416 1547
1972 196
2233 697
109 485
109 1548
109 409
90 1549
90 1550
90 1551
90 1552
90 1553
90 196
2234 1554
155 1555
1052 537
1328 1556
1328 1557
1569 690
213 928
213 145
213 954
213 917
213 1261
213 1558
213 1117
213 1037
213 1559
213 1560
1965 662
1459 1561
1185 114
1185 660
1791 1113
1791 74
224 458
61 112
61 85
61 1509
61 212
61 1266
61 1562
61 319
2235 1198
2236 145
430 1219
430 1111
183 184
183 106
183 1563
183 1564
607 366
607 494
607 1261
607 338
607 151
607 188
607 115
607 1565
607 1566
607 996
607 93
607 620
607 76
607 1245
607 764
1034 91
1034 841
317 501
1737 1567
2237 686
1477 847
620 435
620 122
620 361
620 1568
620 838
620 37
620 22
620 102
620 447
620 196
620 714
690 1569
734 226
734 47
734 794
734 306
734 1570
734 127
734 1387
1245 1571
1245 364
1245 986
1245 219
1245 1467
1245 236
1245 1367
1245 575
941 575
16 1572
16 1573
16 145
16 1574
16 4
16 967
16 1168
16 16
16 1544
16 83
16 216
16 12
16 826
16 1575
16 645
1611 180
2238 1576
962 1577
962 1084
962 1578
962 48
1813 1579
2239 192
2240 383
2240 211
1453 47
351 76
351 1580
514 408
2241 1581
472 1582
2242 920
72 173
72 313
72 47
72 53
72 1583
72 195
72 1071
847 1477
847 328
847 1134
1803 1093
2243 1584
152 289
152 985
152 1585
925 883
925 239
925 53
925 563
925 1191
925 307
925 127
925 764
58 358
58 701
1706 1055
112 322
112 173
112 1586
112 1587
112 338
112 498
112 1039
112 40
112 76
1661 122
187 154
187 970
187 1588
187 815
187 1048
187 1036
187 74
187 718
187 85
187 279
187 17
187 20
7 173
7 241
7 347
7 1109
7 537
7 338
7 166
7 437
7 1139
2244 117
2245 196
1269 1119
1388 127
327 1589
327 283
327 926
2246 1073
262 718
2247 1590
1129 1591
263 1007
263 843
263 1592
263 115
263 265
263 1593
263 1594
263 1595
263 1143
263 1343
263 770
263 43
263 1027
263 303
263 1056
263 1164
263 1596
637 564
942 264
942 745
942 153
491 112
491 804
491 364
491 1597
491 127
491 708
491 299
491 17
491 1598
139 0
139 537
139 221
139 447
139 127
139 1139
139 1290
667 1393
1265 1426
1265 447
1265 1198
1265 252
2248 1599
1760 829
1760 158
1753 1600
1753 366
1753 188
1547 1416
463 1290
463 1193
463 342
463 304
1210 424
768 271
1643 1601
1188 173
1188 1602
1188 114
283 1603
283 381
283 153
283 770
283 1604
283 327
283 1605
283 1116
283 813
588 794
69 166
69 127
2249 137
1809 491
1746 514
2250 240
2250 1606
1613 1607
1613 127
1613 660
535 287
535 12
1836 127
2251 1608
752 1609
1781 1610
2252 36
1377 1611
1377 122
1377 127
1377 645
1377 1396
660 137
660 1149
660 412
660 386
660 1612
660 918
660 917
660 334
660 124
660 1136
660 1613
660 1614
660 45
660 114
326 45
326 1278
326 74
194 1615
194 1616
2253 655
1434 1617
260 1022
260 412
260 1618
260 1619
260 1620
260 1093
260 1621
260 1622
260 308
537 173
537 114
537 723
537 328
537 7
537 1623
537 885
537 4
537 1440
537 236
537 139
537 269
537 440
537 1624
537 656
372 589
372 668
372 382
372 281
372 81
372 937
2254 648
585 45
1544 125
1544 380
1544 316
1544 69
1544 185
1069 144
278 308
1072 1625
2255 494
1572 16
1088 646
1088 1626
1088 145
1088 992
1088 1627
838 620
838 902
838 887
838 1022
838 1123
878 583
878 1219
1961 534
546 1628
546 241
1716 334
1716 241
484 1356
1707 831
1356 322
1356 484
131 173
131 837
131 1629
131 1630
131 1631
131 1255
131 34
131 1297
131 255
131 114
131 240
131 258
131 259
131 772
131 686
131 628
131 866
131 1257
131 704
131 848
131 223
131 414
131 1632
131 1476
1513 211
1513 1513
1513 1633
2256 1634
1617 1434
733 318
733 1621
733 733
1893 1635
1333 725
36 1463
36 366
36 497
36 174
36 169
36 17
36 267
36 420
36 158
36 1636
36 480
36 441
36 1113
36 251
36 1074
36 618
36 565
36 204
36 117
36 1193
36 81
1638 1637
2257 153
1125 134
1125 124
1125 416
1637 1638
1637 470
455 918
88 1639
88 1235
88 114
88 364
88 181
88 1425
88 947
88 1640
88 166
88 888
88 1450
1795 1019
1682 1253
2258 1148
2259 978
2260 874
2261 1641
2262 668
2263 1642
2264 1110
2264 382
2264 240
1601 881
1601 134
1601 271
1601 1643
1601 596
1178 328
1178 1624
2265 1018
1240 494
1240 740
1240 841
819 1049
1931 1644
671 289
671 173
671 794
671 126
2266 1311
2267 1390
1461 34
145 302
145 981
145 226
145 959
145 644
145 658
145 816
145 1645
145 292
145 310
145 213
145 122
145 167
145 858
145 53
145 416
145 1646
145 45
145 910
145 83
145 1029
145 127
145 1221
145 119
145 17
145 1278
145 452
145 680
145 972
145 52
145 96
145 359
145 480
145 340
145 1647
145 1648
145 1649
145 37
145 93
145 1650
145 8
145 1048
145 1623
145 1651
145 1652
145 985
145 1047
145 334
145 102
145 1653
145 1654
145 1655
145 1656
841 1434
841 241
841 1240
1717 1657
1717 374
2268 874
2269 1073
2269 15
2269 983
341 114
341 126
341 127
341 1564
341 236
341 1290
2270 166
1158 410
2271 30
2272 1658
728 835
598 412
598 598
1853 599
1853 78
1853 43
1853 1659
1853 1660
860 1422
2273 1661
476 1662
476 1663
476 1664
1863 618
981 579
981 1665
981 145
981 417
981 1221
981 1193
975 1382
975 100
975 1666
975 1667
975 1668
975 1669
2274 1556
1819 328
1819 1670
1819 685
563 366
563 303
563 114
563 1671
563 264
563 1672
563 359
563 1415
563 83
563 925
563 163
563 1673
563 668
725 137
725 541
725 52
725 494
725 1671
725 643
725 1674
725 1675
725 170
725 498
725 1676
725 182
725 442
725 563
725 30
725 127
725 196
725 1333
725 1677
648 917
648 442
672 173
55 196
55 52
55 253
55 1678
2275 1679
2276 241
1951 157
1485 56
1485 1623
1485 127
1485 1618
921 843
921 1680
1516 102
1516 1463
1516 557
2277 1681
2278 170
2279 1239
2280 1682
2281 1608
1719 1683
2282 1684
2283 366
558 187
558 1685
1448 1686
1025 732
2284 382
140 322
140 1014
570 879
570 1595
460 1093
211 322
211 755
211 1513
211 1687
211 127
211 241
211 117
211 1688
82 83
82 1689
82 1085
870 1690
1120 660
1120 342
1120 195
1120 832
1563 183
255 1691
255 1692
255 573
255 174
255 131
255 1004
255 682
255 1693
255 874
255 464
255 1411
255 320
2285 440
858 322
147 894
147 767
147 1115
147 456
147 1117
147 534
147 452
2286 1694
2286 145
1390 161
1390 1074
1390 1695
885 888
885 1155
885 1696
885 537
885 1697
885 1548
885 1698
885 989
885 963
885 201
885 109
885 1699
608 1091
608 1528
608 1700
608 800
630 1701
1127 1009
1225 17
963 885
1546 1502
1078 1124
1078 1596
1718 117
1718 723
1718 799
239 925
665 117
665 1079
1937 549
765 1321
765 596
765 1702
765 807
765 1703
765 117
2287 408
118 1644
118 173
118 1700
118 244
118 628
118 814
118 806
118 208
118 40
118 163
118 904
118 119
2288 52
1741 1704
1741 442
2289 816
1055 399
1055 262
1055 1124
1055 845
1055 264
1055 1604
1055 1705
1055 851
1055 1706
802 1616
181 81
181 244
181 536
181 164
831 42
831 1707
831 1375
240 1031
240 83
240 816
240 412
240 210
1608 1272
2290 747
2290 166
2291 254
1917 1708
2292 984
1259 127
97 490
97 78
853 471
853 853
853 1083
853 1709
2293 178
117 481
117 226
117 47
117 271
117 816
117 133
117 491
117 1710
117 135
117 307
117 1405
117 473
117 1088
117 1711
117 543
117 1712
117 53
117 1713
117 652
117 1714
117 1669
117 1715
117 939
117 1716
117 559
117 1031
117 154
117 550
117 383
117 1627
117 52
117 1717
117 1590
117 26
117 759
117 620
117 1517
117 1153
117 233
117 74
117 114
117 846
117 1718
117 986
117 334
117 323
117 5
117 126
117 461
117 196
117 665
117 1397
1683 977
1683 589
1683 1719
1683 240
1683 1423
1683 904
1683 45
1830 1554
1830 882
718 262
718 187
718 1720
718 1360
718 306
718 712
718 1721
1115 147
1115 894
1115 1164
1672 563
1672 1722
2294 173
1697 885
1697 334
1191 1723
1191 380
1191 680
1191 964
1191 1724
1191 984
1191 925
1191 1221
2295 458
2296 328
198 1725
2297 747
203 1726
203 1028
203 1727
203 203
203 1728
203 646
203 71
203 1729
203 1730
923 386
12 173
12 1731
12 710
12 1732
12 338
12 16
12 139
12 799
12 754
12 458
12 184
12 258
12 1015
12 310
12 671
12 1733
12 132
12 518
12 102
12 180
12 241
12 134
12 117
12 747
12 105
12 129
12 1734
12 1735
12 316
12 547
12 1736
12 93
12 15
12 1503
12 320
12 379
12 303
12 986
12 880
12 1136
12 11
12 34
12 204
12 272
12 750
12 924
740 1386
740 1442
740 1051
740 1713
740 219
1567 1737
1596 263
1596 1078
1596 49
1596 944
125 1007
125 348
2298 1738
2298 1739
2298 327
2298 279
2298 3
2299 690
277 308
277 173
1751 81
2300 980
492 1124
492 320
1135 347
1135 856
1135 391
1135 1514
1135 725
1135 1740
1358 322
1358 599
1358 243
1358 1358
675 1013
1667 1344
2301 566
1715 117
1639 88
1704 1741
1742 1742
2302 173
2302 1743
2302 211
2302 660
2302 686
2302 131
951 1583
951 1124
951 279
2303 1744
335 347
335 182
335 8
714 1745
714 620
1575 893
1575 273
1575 378
1575 16
1202 583
1768 710
2304 179
940 366
1378 1746
954 1037
954 1747
954 114
954 1197
954 213
1345 1748
162 466
162 1749
162 401
2305 334
81 154
81 1360
81 36
81 1673
81 967
81 53
81 1750
81 1751
81 216
81 166
81 51
81 372
81 795
81 760
81 813
384 8
2306 1752
1095 204
1095 71
1670 180
534 1506
534 1753
534 1754
534 153
2307 1755
254 1075
254 1756
254 271
254 359
254 369
254 1156
254 102
254 638
254 618
254 1757
254 37
254 682
254 1282
254 464
1169 1299
2308 390
1051 338
1011 1758
994 1759
994 995
829 604
829 1760
1348 597
1348 1530
1348 1761
1348 127
1348 566
1348 459
1348 1762
488 968
488 532
488 210
488 1439
488 701
488 1763
488 1764
1194 114
1194 8
1194 226
1470 180
1688 211
1688 1765
1688 334
367 1541
124 1125
124 427
124 158
124 660
380 131
380 1766
380 1544
380 1479
380 11
380 127
380 645
1651 145
2309 1019
2309 145
2309 11
2309 105
2309 1657
2310 303
1251 773
1251 967
1251 292
1251 955
1251 102
1251 1610
1251 208
1156 410
1156 816
1156 725
1156 210
1443 2
1443 273
1443 883
2311 1767
2311 1083
875 812
875 1105
875 188
710 1768
710 114
710 401
710 1769
710 463
710 414
710 151
710 691
710 8
850 571
1076 1206
1903 1076
520 102
2312 338
66 166
519 1770
519 223
519 533
619 163
293 93
293 1771
293 1772
1360 1480
1360 81
1360 718
2313 1773
1603 283
1280 482
1280 1074
1675 1135
1792 1774
1792 1600
1792 102
1792 747
545 458
2314 127
836 1100
836 1775
836 91
836 338
836 753
836 1373
836 1776
836 71
836 1777
836 978
836 1385
2315 1130
695 678
1036 132
1036 1778
1036 1261
1036 571
1036 1156
1036 127
1036 187
738 1779
2316 47
2317 416
1498 723
1035 132
1035 127
2318 991
2319 145
2319 1780
2320 574
470 1637
1610 812
1610 1781
1610 1251
1373 1782
1108 33
403 57
54 1783
54 1784
54 72
54 1785
1209 1786
816 145
816 118
816 1251
2321 1558
288 1787
324 1058
324 122
754 150
1247 1357
2322 996
797 289
797 1788
797 1789
1897 1790
1766 424
1766 747
1113 1791
2323 1306
2324 127
1923 289
1600 1792
1600 1793
2325 72
1100 71
1100 1794
1100 391
1769 1604
2326 1795
703 813
502 1796
502 589
502 1797
502 1735
502 1462
502 320
814 414
814 114
2327 390
192 869
192 401
192 423
192 983
192 1798
192 71
192 518
1400 127
933 236
44 264
44 1730
44 1799
44 1288
475 9
2328 832
1507 153
611 1800
231 1519
231 812
231 294
231 936
2329 818
2329 683
2329 458
2329 1801
2330 1802
2330 1528
1414 1803
1414 53
1414 1804
618 755
618 1805
618 271
618 1806
618 1807
618 340
618 447
524 481
524 55
309 241
309 132
309 53
309 1425
309 806
309 442
309 898
309 701
309 93
309 554
309 593
2331 235
1176 1160
1176 0
1962 1689
1962 1261
1394 127
2332 12
778 178
2333 1503
95 490
300 79
989 899
989 1808
989 885
1524 702
1524 174
1524 1809
1524 1036
1524 289
1524 447
1524 1163
1571 1658
57 1810
57 328
57 1811
57 369
57 358
57 208
57 403
1109 1812
1109 1624
935 899
935 690
245 125
245 45
245 374
824 747
824 0
1062 314
565 36
565 868
565 1657
2334 0
1579 1813
329 586
1581 447
1311 102
1929 861
2335 1115
2335 894
2335 1603
2336 1814
2336 277
207 848
207 1352
207 894
2337 753
2338 442
465 127
589 247
589 502
589 408
589 1684
589 270
589 1815
589 328
589 96
589 334
589 1425
589 1343
589 868
589 127
589 599
589 93
589 1816
676 12
2339 127
331 182
180 517
180 349
180 1817
180 205
180 537
180 53
180 1818
180 153
180 1819
180 515
180 1615
180 223
180 12
180 1305
180 1225
180 204
180 688
180 29
180 51
1180 431
2340 1820
582 240
146 452
89 47
89 574
906 1821
1314 1165
1314 145
2341 1566
911 753
459 1348
2342 1822
928 114
928 236
323 78
323 145
323 1823
323 1824
323 306
323 37
323 126
323 241
323 1825
1313 1826
1968 458
46 1659
46 420
46 1827
46 1237
1003 903
2343 1699
419 347
419 959
419 724
419 1531
419 1536
419 1105
419 298
419 602
936 1828
936 145
936 1496
936 83
936 836
936 1777
936 1776
936 877
1248 458
172 571
172 173
172 1790
2344 180
18 412
18 338
18 210
18 1252
18 215
352 147
352 406
352 1770
848 207
848 131
848 265
848 410
848 1168
848 1105
2345 1296
567 684
567 445
881 1601
881 816
881 50
881 1411
1093 460
1093 1829
2346 953
874 314
874 215
874 1830
874 1831
874 391
874 418
874 453
874 1256
874 37
874 731
154 366
154 1753
154 883
154 216
154 1832
154 1747
154 1833
154 292
154 1611
154 4
154 1217
154 446
154 241
154 424
154 946
154 81
154 1834
715 71
715 516
715 292
1022 414
1022 838
1022 1835
1022 260
1022 151
1230 627
1230 1627
504 247
504 157
504 131
504 1513
504 1286
504 1343
504 0
504 1168
504 522
504 440
504 1180
1906 1086
2347 1582
2347 1346
2348 408
447 928
447 173
447 1836
447 1502
447 802
447 1581
447 1837
447 306
447 444
447 179
447 468
447 342
447 139
447 1431
447 689
215 1039
215 1838
215 1558
215 1480
215 1157
215 1839
215 732
215 1294
1891 1840
1891 1114
426 139
426 102
426 126
426 74
1266 880
2349 226
2350 718
226 734
226 458
226 145
226 223
2351 241
295 478
295 518
295 26
1138 420
602 47
602 1098
602 575
602 1246
602 419
602 4
602 1377
602 1243
602 119
602 548
1848 268
1848 688
1848 273
1848 49
1848 795
2352 132
543 340
543 1841
543 241
210 338
210 1621
210 1842
210 1139
210 1690
210 482
210 1018
210 53
210 416
210 127
210 645
210 1843
210 420
210 1844
210 576
210 941
210 1845
210 1846
210 440
210 45
210 1432
210 412
210 182
210 83
210 196
210 1847
273 1443
273 735
273 774
273 153
273 704
273 102
273 51
273 378
273 907
273 1449
273 1848
273 1575
812 231
812 875
812 753
812 33
812 223
812 1610
2353 181
2353 122
2353 609
2354 741
2354 401
709 401
294 231
441 36
441 480
918 843
918 660
1590 117
1849 1849
83 145
83 586
83 264
83 1850
83 936
83 102
83 216
83 166
83 71
83 721
1463 1851
1463 840
78 657
78 97
78 166
78 323
235 196
1130 518
1130 241
1303 1852
1303 1323
969 1588
1224 17
1224 385
208 0
208 1853
208 1854
208 1648
208 762
208 241
208 88
208 214
944 262
944 1077
944 770
944 974
944 1164
944 1596
2355 1855
1934 1856
1934 188
462 304
462 332
462 1857
462 566
462 1858
462 1148
2356 39
751 127
2357 1859
328 57
328 30
328 806
328 1136
756 759
33 122
33 1860
33 1108
33 301
33 127
33 71
33 888
33 812
1841 543
679 173
679 886
2358 1066
1275 382
2359 237
1796 502
1285 1861
1285 403
1285 292
2360 1343
1674 657
967 1251
967 153
967 16
967 71
967 49
967 81
967 45
2361 937
2362 393
340 145
340 543
340 1314
340 419
340 618
340 38
340 1862
1539 612
1973 366
1316 1165
1845 210
2363 1863
1816 322
1650 1864
45 145
45 328
45 245
45 585
45 359
45 71
45 1683
1499 723
1499 874
32 122
32 114
32 497
32 1865
339 1866
339 1867
339 1868
339 1869
339 0
339 271
339 115
339 1292
339 987
339 135
339 1870
339 40
339 1871
339 1872
339 492
339 1483
339 1873
339 838
339 53
339 1874
339 210
339 1875
339 102
339 545
339 1876
339 134
339 1877
339 17
339 1878
339 1879
339 1880
339 128
339 1881
339 1668
339 1862
339 1882
339 929
339 1883
339 148
339 1884
339 1048
339 1075
339 852
339 1250
339 1885
339 1886
339 1462
339 11
339 1887
339 1888
339 1403
339 88
339 1889
1505 817
1505 461
1505 726
1114 1890
1114 186
1114 1891
799 350
799 1718
799 1892
799 34
799 47
799 799
799 12
799 17
799 320
1053 144
1053 301
1053 443
1635 1893
2364 725
724 173
724 668
724 419
724 245
724 210
724 704
1015 12
1249 102
2365 1125
1623 420
1623 145
1623 307
1107 212
1107 1107
1107 1261
864 204
35 191
35 1894
2366 72
1006 243
1006 525
1006 1895
1006 127
823 148
287 1755
287 114
287 741
287 1161
287 50
287 1604
287 424
346 1896
1950 360
234 196
234 1408
2367 1107
2368 1486
1790 172
1790 1897
2369 1898
912 218
555 53
555 491
555 241
2370 602
1456 47
1456 1456
1456 107
1187 114
2371 400
2371 734
2371 1256
1462 232
1462 135
1462 53
1462 1202
1462 1899
319 1357
319 501
319 1900
319 1014
319 1066
319 96
319 382
319 250
319 1901
319 1902
319 127
319 85
319 1903
319 607
319 480
319 8
319 559
2372 328
1174 1904
1174 46
633 491
633 1849
633 1331
633 127
1242 219
862 666
862 1905
2373 386
1086 1626
1086 1906
509 214
397 393
397 1907
678 173
678 1018
947 1269
947 204
947 884
947 340
947 491
2374 1398
200 400
200 1908
200 410
200 1294
2375 1166
2376 241
922 843
922 272
978 836
978 1909
978 1910
893 14
893 1575
893 153
411 1911
411 1087
591 1765
1536 419
1536 1747
818 414
818 1912
2377 47
62 166
62 85
62 1344
415 145
2378 12
2379 991
1630 131
34 122
34 1690
34 1913
34 552
34 131
34 447
34 170
34 53
34 478
34 12
34 241
34 660
34 547
2380 127
2380 320
2380 596
2381 607
863 1905
2382 959
141 1340
141 127
2383 589
617 321
617 163
617 1195
617 166
617 618
2384 725
1413 151
1359 322
993 112
993 279
993 87
993 1117
10 338
10 628
10 240
1774 1792
435 420
435 1167
561 1914
2385 959
2385 1915
1496 349
1496 244
381 283
381 550
381 1916
381 926
381 53
381 115
381 50
381 913
381 1305
133 1897
133 340
1030 409
2386 550
1668 975
1004 255
1004 53
1004 903
1004 1036
1004 876
1004 799
1004 127
1004 241
2387 747
2388 447
2389 442
2390 1832
1708 1917
366 154
366 1918
366 597
366 1073
366 694
366 36
366 420
366 1919
366 334
366 983
366 1920
366 1393
366 1252
366 607
366 1921
366 531
366 1922
366 705
366 813
1319 1332
289 1141
289 328
289 1286
289 1923
289 1524
289 1847
289 671
1857 462
1857 178
1307 106
2391 314
1399 1924
1399 127
1399 334
1399 16
1023 412
43 1853
43 166
43 96
2392 322
2393 770
2393 442
1941 1747
1956 731
2394 837
316 173
316 313
316 215
316 410
316 1544
316 165
316 15
316 1925
316 254
316 1081
316 482
316 416
316 1046
316 369
316 458
316 241
316 1652
316 73
316 1926
316 501
316 1502
316 182
316 620
801 172
801 1927
801 1928
801 1020
861 1905
861 903
861 253
861 1929
1472 399
1472 745
1472 1143
276 308
276 1625
276 1930
276 566
276 645
917 843
917 321
917 444
917 1931
917 660
917 817
917 690
917 213
427 271
427 794
427 1680
427 124
160 517
1066 189
785 178
2395 1375
1218 446
361 364
361 17
361 539
361 1932
218 1933
218 912
332 462
332 182
1656 145
1656 133
1750 81
1765 1688
437 7
437 1178
437 241
2396 12
1297 131
2397 218
2398 1200
803 864
2399 154
1723 260
2400 424
1419 212
2401 47
2401 271
2401 794
188 1934
188 1753
188 875
188 767
188 101
188 683
188 1935
188 1201
2402 1366
2403 1936
1771 293
1278 1033
1278 326
1278 145
1278 1084
549 1937
549 241
680 145
680 127
680 530
2404 382
2404 39
2405 1458
1844 210
2406 271
1440 537
1440 221
2407 1938
972 145
972 1588
2408 537
1119 1700
1119 1824
1119 498
1119 1269
1119 440
1119 1939
243 599
243 1006
243 581
243 194
2409 1555
87 166
87 993
1326 1415
1326 179
1740 1135
1740 447
653 5
653 211
653 1282
653 1581
653 1114
505 139
505 540
505 502
505 354
505 1190
1255 131
2410 835
2411 399
2411 153
1527 53
2412 1912
2413 145
167 29
167 145
167 811
2414 1309
382 347
712 718
712 306
4 1707
4 16
4 537
4 1830
4 53
4 221
4 153
4 258
4 1134
4 602
4 292
4 1940
2415 1356
674 679
159 290
1101 71
2416 1941
2416 1942
477 360
477 30
477 1943
477 131
477 1135
477 50
477 1944
477 1243
477 966
477 1945
866 414
866 628
866 755
2417 1218
1277 83
128 258
412 1946
412 669
412 1023
412 609
412 1026
412 18
412 322
412 1357
412 1888
412 1236
412 240
412 210
412 1947
412 386
412 423
412 1361
412 260
412 946
412 237
412 320
412 412
412 683
412 598
412 85
412 1948
412 1367
412 732
515 211
515 180
1134 179
2418 1382
376 281
2419 219
360 1949
360 1950
157 1951
157 351
157 1952
157 828
157 1171
2420 1953
318 686
318 364
318 1954
318 422
318 272
318 319
807 364
807 765
807 1955
807 127
807 800
135 873
135 1956
135 170
135 339
135 258
135 1583
135 1462
135 1428
135 241
135 320
2421 36
605 1073
605 1136
1858 462
1026 412
1026 210
1026 260
1026 151
1026 1367
1026 732
622 196
622 163
536 364
536 142
2422 1957
871 126
1966 1958
1232 627
1232 127
1511 4
1511 1217
1511 530
844 153
1060 314
1735 173
2423 12
25 802
25 320
25 1939
2424 219
249 1104
249 668
2425 1183
461 642
461 114
461 1684
461 1303
461 1747
461 53
461 34
461 373
461 1163
461 602
461 956
1154 837
1154 8
1154 1680
2426 525
257 168
257 697
257 975
257 577
257 498
257 1959
257 1562
257 127
257 241
257 607
257 45
1331 275
1331 1611
1331 1425
1902 181
2427 1384
2427 834
1056 263
1056 851
1056 1960
1754 1961
1754 534
1261 145
1261 1962
1261 393
1261 1963
1261 1036
1261 334
1261 97
1261 1156
1261 645
1261 1660
1261 695
1261 607
1261 201
1261 1107
1261 1964
3 279
3 50
2428 1018
594 974
594 271
594 253
594 334
1710 438
1645 145
266 1007
266 1352
266 153
2429 563
2430 321
2431 382
892 915
892 891
1281 482
1281 556
1281 241
1597 1322
1597 491
1835 1022
662 1397
662 1965
662 685
1288 471
1288 179
1288 44
1288 1502
73 366
73 726
73 338
73 420
73 1959
73 576
73 223
73 166
73 1015
73 15
73 1084
595 888
595 44
595 334
1747 154
1747 1941
1747 461
1747 954
1747 1536
1747 888
2432 877
1958 1966
798 350
92 1250
92 1717
1420 1343
1420 1737
405 1009
405 264
405 122
405 438
1447 1967
1447 1968
1447 127
1447 166
196 173
196 55
196 1969
196 1970
196 16
196 1112
196 811
196 15
196 622
196 237
196 482
196 170
196 210
196 1971
196 105
196 1008
196 1143
196 1972
196 498
196 133
196 1973
196 151
196 90
196 1974
196 1907
196 320
196 235
196 401
196 334
196 1396
196 556
196 253
196 620
1000 1405
2433 59
