94 0
94 1
13 2
89 3
21 4
21 5
21 6
21 7
21 8
21 9
56 8
41 10
41 11
2 12
2 13
2 14
2 15
2 16
2 17
108 18
24 19
6 20
6 21
30 22
65 23
19 24
19 25
19 10
77 26
46 27
109 28
1 29
1 23
45 30
53 31
53 8
84 11
5 21
110 32
25 19
101 33
111 34
111 35
72 36
103 37
103 38
95 39
95 12
95 40
71 31
61 8
112 41
113 42
10 43
10 12
114 34
115 44
34 45
34 46
51 47
51 8
104 48
104 49
104 8
116 50
8 33
8 51
8 52
8 53
8 54
8 55
8 23
8 21
8 56
8 57
8 58
8 59
8 60
8 39
8 10
8 61
8 48
8 16
8 11
8 12
99 62
14 2
14 16
40 12
40 63
102 37
31 53
117 64
20 14
118 35
23 65
23 8
23 1
88 48
27 34
27 46
105 64
105 66
22 30
119 26
74 60
120 67
121 68
47 8
43 10
43 69
43 66
87 48
90 70
35 10
35 12
76 32
76 71
33 39
33 3
33 8
80 72
80 73
80 47
60 74
60 8
54 75
54 35
54 8
32 76
32 66
122 34
63 40
26 77
26 78
106 79
73 80
123 81
123 82
124 49
11 83
11 84
11 41
11 8
29 85
29 86
29 11
29 1
48 87
48 88
48 12
48 8
15 2
3 33
3 89
9 21
70 90
97 91
17 92
125 93
57 35
57 8
0 94
39 95
69 43
69 96
91 97
91 36
126 98
62 99
12 2
12 96
12 35
12 40
12 76
12 10
12 95
55 100
55 101
55 1
55 8
7 21
37 102
127 64
127 57
38 103
49 104
64 101
64 54
64 105
96 12
79 106
16 107
16 8
