0 0
122 1
60 2
69 3
110 4
99 5
70 6
119 7
59 8
59 9
59 10
123 11
124 12
12 13
12 4
12 14
12 15
12 16
12 10
12 17
12 18
12 19
12 20
12 21
125 22
36 23
109 24
126 25
111 26
111 4
107 6
127 4
128 27
18 12
18 28
18 7
18 29
32 30
32 31
32 23
32 32
46 33
46 34
46 10
129 35
54 10
23 36
23 37
23 32
23 38
38 23
45 12
45 39
130 40
130 41
130 42
130 43
93 44
78 10
39 12
39 45
33 46
33 47
95 48
63 49
112 12
112 4
66 50
66 51
100 5
29 52
29 18
57 46
81 53
131 32
131 54
131 55
75 10
80 56
80 57
9 52
9 58
9 59
19 12
2 60
2 7
22 61
22 27
22 16
22 62
22 63
132 64
133 65
51 58
51 66
92 67
61 22
134 68
135 69
135 10
136 16
13 12
113 24
49 27
137 70
105 58
138 69
139 13
10 71
10 72
10 54
10 12
10 73
10 74
10 75
10 76
10 46
10 77
10 78
10 67
10 9
10 4
10 59
140 79
141 11
104 80
104 22
53 81
98 82
142 59
50 51
50 66
143 83
11 84
11 58
11 85
11 59
47 33
47 16
144 86
144 22
145 12
84 11
30 32
146 4
147 87
148 22
149 88
72 74
72 10
150 89
73 10
151 5
76 90
76 91
76 10
152 42
153 92
90 76
90 74
3 69
68 93
106 24
103 2
103 94
154 20
48 95
48 96
155 97
156 12
82 98
5 99
157 73
21 45
117 7
74 90
74 72
74 10
67 10
158 100
52 7
159 87
85 101
85 11
35 102
35 4
35 40
94 103
94 104
160 33
161 9
58 11
58 56
58 86
58 14
58 4
58 105
58 10
58 9
58 59
162 97
4 106
4 35
4 56
4 47
4 107
4 108
4 109
4 58
4 110
4 111
4 10
4 80
4 112
86 58
163 7
163 97
164 82
165 12
165 10
166 113
167 12
17 12
17 114
102 35
20 112
56 12
168 115
168 116
14 83
14 61
14 58
14 12
16 12
16 47
108 4
28 7
101 23
7 2
7 22
7 12
7 117
7 82
7 118
7 28
7 119
7 120
7 94
7 18
169 121
96 82
96 48
