186 0
187 1
22 2
22 3
188 4
36 5
116 6
116 7
12 8
61 9
61 10
61 11
189 12
82 13
190 14
14 6
14 15
14 16
14 17
191 18
191 19
192 20
193 21
194 22
0 15
9 4
195 23
26 24
96 25
172 26
52 27
52 28
52 14
3 29
18 30
140 26
17 14
136 31
20 32
196 33
196 34
196 35
197 6
123 8
5 36
5 37
185 10
86 38
198 39
199 40
15 37
15 14
15 41
15 23
15 29
146 42
49 27
200 43
7 44
7 6
7 45
7 46
7 1
7 47
153 48
27 49
27 50
27 51
27 52
132 53
132 20
87 54
87 55
120 21
201 56
202 57
97 58
97 37
97 29
173 59
73 60
203 61
204 62
205 63
44 7
44 64
206 23
207 65
207 15
208 66
209 67
118 6
118 68
118 69
210 70
211 71
60 72
60 73
60 74
60 75
93 76
93 29
212 14
159 77
74 78
213 79
135 80
135 6
135 48
104 37
104 81
92 29
214 82
47 7
47 83
215 84
215 85
216 86
182 10
41 15
55 87
156 88
217 89
115 6
148 90
29 91
29 69
29 15
29 3
29 6
29 92
29 23
29 93
29 94
29 31
29 20
29 37
29 54
29 95
29 77
37 96
37 97
37 56
37 98
37 99
37 100
37 72
37 101
37 102
37 103
37 104
37 81
37 2
37 23
37 52
37 105
37 106
37 29
37 5
37 25
37 78
37 7
37 107
127 108
24 26
150 65
171 109
171 19
171 110
157 111
157 23
218 112
142 21
184 10
219 12
6 91
6 66
6 113
6 114
6 115
6 116
6 117
6 29
6 10
6 118
6 14
220 31
162 119
221 120
222 5
98 31
28 52
8 39
8 113
8 121
8 122
8 12
8 123
130 110
223 23
224 124
225 44
226 125
108 126
108 23
108 127
99 37
161 128
161 129
110 124
110 130
101 102
101 37
227 131
71 132
228 87
229 109
229 133
229 94
48 134
48 135
31 136
31 98
31 137
31 138
31 77
230 139
113 6
112 65
13 23
13 6
13 140
13 80
13 141
13 16
13 82
21 120
21 6
21 142
21 10
21 143
231 2
114 6
80 13
80 135
30 6
30 18
30 144
30 19
30 145
75 60
152 65
152 54
152 11
152 61
16 13
232 19
178 146
178 147
90 148
42 149
42 146
65 150
65 23
65 19
65 151
65 56
65 152
65 9
65 112
58 97
45 6
45 153
45 154
45 155
45 59
233 31
88 156
111 157
163 158
64 54
4 9
77 159
77 160
77 31
234 78
235 82
11 152
11 61
236 111
56 65
56 30
56 37
56 161
174 4
174 23
237 37
1 7
145 30
238 124
238 106
72 37
72 48
72 60
119 39
119 162
100 37
239 37
239 117
69 118
183 10
158 31
158 163
94 164
94 23
94 165
240 166
102 101
102 167
102 37
102 24
102 168
57 169
57 155
117 31
155 65
155 45
241 170
242 37
243 23
244 12
109 31
109 171
23 24
23 13
23 75
23 108
23 15
23 65
23 156
23 124
23 172
23 94
23 113
23 152
23 61
23 29
23 37
23 78
23 10
23 5
23 14
19 65
19 171
19 14
59 66
59 173
46 7
141 13
245 131
246 63
39 8
78 23
78 89
78 37
78 174
78 74
247 15
248 175
124 8
124 176
124 110
124 21
124 177
124 29
249 6
249 41
53 132
250 81
38 86
138 31
147 178
81 13
81 179
81 154
81 104
81 145
81 37
81 180
164 94
167 102
167 97
251 181
10 182
10 23
10 183
10 65
10 21
10 184
10 181
10 185
10 155
10 132
10 9
10 5
95 14
95 29
