107 0
108 1
108 2
71 3
27 4
109 5
93 6
93 7
93 8
110 9
110 10
110 11
111 12
98 13
73 14
78 15
55 16
55 17
55 18
28 19
33 20
33 21
33 22
33 8
33 23
33 24
112 25
91 26
29 19
113 27
19 28
19 29
19 30
97 31
66 32
24 33
82 34
82 35
38 36
37 37
36 38
36 39
36 6
103 40
114 41
115 42
45 43
45 44
43 45
18 46
18 47
18 41
18 48
18 49
18 44
18 50
18 51
18 36
18 52
18 23
18 16
18 21
18 40
18 53
18 54
18 55
18 56
18 57
18 12
18 58
18 59
18 60
32 61
32 62
32 63
32 64
32 65
32 66
12 67
12 68
116 69
105 44
94 70
94 8
117 12
5 58
3 71
3 72
14 73
49 18
35 74
118 69
90 75
90 76
90 63
90 77
15 78
51 6
51 44
52 18
119 79
119 80
11 81
11 16
4 27
16 82
16 83
16 18
16 84
16 17
16 85
16 55
16 11
16 25
1 2
81 86
81 87
81 11
81 27
61 88
120 37
106 0
121 21
88 89
56 40
56 18
76 90
83 16
26 91
122 92
8 93
8 70
8 94
8 8
123 33
89 21
85 16
86 81
86 60
20 33
124 95
125 39
126 27
127 43
44 96
44 21
44 8
44 51
44 36
44 18
44 19
128 97
128 2
128 18
13 98
2 40
23 99
23 33
23 31
23 8
23 23
23 18
39 36
129 27
67 12
21 44
21 33
21 89
21 8
21 100
21 23
21 18
21 101
21 102
40 103
40 2
40 18
87 81
130 11
70 8
131 104
68 12
132 105
34 12
34 16
59 18
0 106
60 86
60 18
60 16
