92 0
28 1
28 2
28 3
173 4
56 5
56 6
37 7
37 8
37 9
37 10
146 11
82 9
82 12
82 13
82 14
82 15
174 16
174 17
35 8
35 9
35 18
60 19
60 20
60 17
60 21
60 22
95 17
84 23
71 24
77 25
77 26
83 27
3 28
3 29
175 30
176 31
1 32
1 28
107 18
38 8
38 11
8 33
8 25
8 2
8 34
8 35
8 36
8 37
8 18
8 38
8 39
27 40
27 41
54 42
177 43
178 44
178 45
178 46
178 47
53 42
128 48
70 49
70 50
97 17
145 51
145 52
42 53
42 54
6 55
6 56
79 57
79 58
64 59
22 18
21 60
179 61
118 62
118 18
40 27
91 19
16 63
16 64
78 31
180 65
130 66
130 67
130 47
130 65
130 68
181 69
182 59
49 70
183 60
102 71
102 18
132 72
132 73
184 74
46 75
26 76
26 77
31 78
31 79
31 31
31 80
105 18
96 17
87 24
109 81
162 15
162 13
162 82
162 9
55 41
25 8
25 77
25 34
142 65
185 83
23 84
23 85
81 86
81 87
81 88
81 89
81 18
81 90
186 81
19 7
19 91
154 73
50 70
0 92
150 93
33 8
187 28
111 94
111 18
116 56
116 75
116 18
20 3
20 60
188 39
114 18
189 2
17 95
17 96
17 63
17 18
17 97
17 60
190 43
190 98
29 3
12 78
12 82
191 99
192 82
93 18
193 75
170 100
141 85
18 85
18 51
18 101
18 102
18 103
18 104
18 81
18 26
18 105
18 84
18 106
18 35
18 65
18 94
18 69
18 107
18 108
18 8
18 59
18 9
18 109
18 67
18 7
18 110
18 111
18 112
18 113
18 114
18 115
18 100
18 116
18 117
18 17
18 118
18 119
18 45
18 93
194 61
32 1
36 8
195 120
195 121
195 100
41 55
41 122
144 123
169 124
196 125
75 126
140 127
106 18
122 41
48 128
48 9
168 124
57 79
197 41
164 129
68 130
198 131
59 18
72 132
72 111
135 133
133 134
133 135
47 65
199 136
101 22
101 60
200 27
113 18
115 18
161 60
201 7
167 7
80 137
80 31
137 138
45 18
39 8
202 139
127 140
85 23
85 141
85 18
203 142
123 143
123 142
123 144
51 9
51 17
51 145
51 18
204 38
171 2
11 146
205 147
205 148
5 56
5 107
5 65
24 87
24 100
206 149
103 150
104 7
104 117
104 18
155 65
207 8
153 65
119 18
172 151
148 65
208 9
65 152
65 9
65 153
65 154
65 155
65 156
65 157
14 158
14 159
14 160
160 14
9 161
9 115
9 2
9 52
9 67
9 82
9 48
9 35
9 7
9 37
9 65
9 18
9 162
9 132
9 60
209 163
67 164
67 130
67 18
73 7
73 154
73 132
13 162
13 15
13 82
112 51
112 18
210 65
211 66
211 65
34 8
34 77
34 165
34 25
159 14
90 81
7 6
7 131
7 19
7 166
7 73
7 167
7 47
7 37
7 150
7 65
7 18
7 104
7 60
124 168
124 169
86 81
15 162
100 170
2 8
2 171
166 7
43 7
43 139
131 7
212 172
213 65
158 14
