94 0
10 1
166 2
167 3
167 4
120 5
42 6
42 7
42 8
42 9
1 10
168 11
168 12
169 13
79 14
170 15
149 16
149 17
84 18
84 19
84 20
23 21
23 22
23 20
86 23
152 24
152 25
171 26
131 27
172 28
173 29
174 30
117 31
175 32
176 33
67 34
73 35
99 36
99 37
99 15
160 38
160 39
160 40
49 28
49 41
49 24
92 24
92 42
92 20
92 43
92 44
92 39
134 15
134 45
164 46
39 47
123 48
28 49
28 5
50 32
50 17
75 24
75 25
17 50
17 24
62 51
177 52
177 53
177 54
177 55
53 56
21 57
81 24
80 13
116 58
7 42
7 59
178 60
96 61
51 62
51 63
110 25
76 64
90 32
70 65
179 66
179 0
43 67
180 68
180 20
136 69
65 70
85 71
85 20
181 72
182 38
35 73
183 24
25 23
25 74
25 56
25 75
25 76
63 77
14 78
14 79
184 25
185 2
186 63
187 80
188 81
93 0
189 54
125 82
125 30
125 83
20 38
20 24
20 84
20 23
20 85
20 86
20 87
20 88
20 16
20 89
20 90
20 11
20 0
20 91
20 10
20 92
0 93
0 13
0 94
0 88
0 19
0 20
0 95
61 96
162 97
137 98
190 99
191 24
9 42
192 99
193 0
135 69
141 100
141 91
153 24
29 24
56 101
194 102
31 103
31 104
195 105
133 106
11 107
11 108
11 109
11 20
11 110
11 25
146 111
146 103
146 112
196 92
47 39
47 20
197 113
60 24
60 114
64 76
198 115
199 24
200 116
58 116
159 40
26 38
26 56
201 117
6 42
32 90
32 24
202 23
5 28
5 118
5 119
5 120
16 121
16 24
16 122
16 40
130 59
115 104
203 123
204 36
204 124
126 87
83 125
205 58
87 126
87 20
59 7
59 24
59 127
59 41
59 16
59 128
59 129
59 130
27 131
106 132
106 133
45 134
82 30
69 135
69 136
69 24
69 125
206 20
98 137
98 34
98 25
207 138
208 20
208 56
208 69
77 63
77 139
77 140
109 136
109 11
57 21
119 5
2 114
91 141
38 26
18 142
18 84
122 16
122 13
144 143
144 144
209 23
88 0
114 46
114 145
114 20
210 117
211 21
112 146
212 147
213 24
155 24
214 148
13 116
13 149
13 122
13 150
13 151
13 0
13 74
13 80
24 60
24 152
24 92
24 122
24 84
24 115
24 31
24 69
24 59
24 75
24 17
24 16
24 117
24 99
24 11
24 20
24 153
24 136
24 154
24 155
163 143
163 71
36 99
100 141
19 0
19 145
19 20
40 156
40 72
40 157
40 16
40 158
40 159
40 160
40 161
40 26
40 39
97 162
30 102
30 125
150 13
143 144
143 163
215 19
215 25
46 164
46 114
103 141
103 41
103 146
22 165
