91 0
141 1
141 2
73 3
73 4
73 5
63 6
97 7
97 8
97 9
142 5
16 10
16 5
16 11
16 12
16 13
16 14
16 0
18 15
10 16
10 17
143 16
15 18
144 19
22 20
22 21
22 22
38 23
38 24
38 25
113 4
33 26
60 27
120 1
120 28
145 29
123 4
146 30
147 31
147 32
147 17
26 33
117 34
117 35
148 36
149 37
24 38
150 39
151 40
151 41
152 42
153 13
80 43
80 44
80 36
87 45
154 46
155 11
95 16
156 39
156 47
48 48
48 49
48 50
48 51
104 52
104 53
157 54
140 55
14 56
70 57
84 58
84 59
84 60
84 36
6 61
6 62
6 29
6 63
6 36
90 64
158 65
109 66
77 36
159 67
160 68
54 69
161 20
111 13
162 36
57 5
57 70
163 71
164 72
82 36
3 73
36 74
36 46
36 75
36 76
36 48
36 77
36 78
36 55
36 79
36 80
36 81
36 82
36 13
36 29
36 83
36 17
36 84
36 6
36 0
36 5
89 85
89 86
45 87
76 76
76 88
86 89
110 53
165 68
64 90
64 13
0 91
0 16
28 92
115 93
166 94
166 55
116 95
167 16
168 96
7 97
46 36
125 5
138 44
169 46
169 98
170 99
137 100
171 28
172 75
133 55
133 75
50 101
173 91
174 102
175 103
52 104
39 15
176 100
177 105
71 46
131 106
108 48
92 28
25 24
130 107
51 108
72 109
178 110
13 64
13 111
13 112
13 36
13 16
94 113
179 114
93 115
93 53
78 36
180 116
129 53
34 117
135 5
181 118
182 69
100 100
100 119
1 120
183 121
88 5
88 76
4 73
184 122
83 36
29 123
185 35
5 124
5 10
5 125
5 57
5 126
5 88
5 127
5 36
5 47
5 128
5 16
43 80
139 44
53 106
53 104
53 129
69 54
69 37
11 2
186 130
68 131
187 5
17 10
17 36
188 57
75 132
75 123
75 122
75 88
75 133
75 134
75 36
75 135
189 117
23 36
190 26
191 136
119 100
119 137
44 138
44 139
55 36
55 56
55 140
55 99
192 45
