20 0
203 1
160 2
81 3
81 4
27 5
27 6
27 7
27 8
141 9
141 10
115 11
115 12
100 13
100 14
204 15
183 16
52 17
35 18
35 19
35 7
35 0
190 7
0 20
0 21
0 22
0 23
0 24
0 25
0 26
0 27
0 28
0 29
0 30
0 31
0 32
0 33
0 34
0 35
0 36
69 7
94 37
88 38
205 7
137 39
137 40
112 41
112 23
131 10
206 42
135 43
207 44
76 7
76 0
208 45
121 33
185 7
209 46
209 47
209 7
210 48
113 49
113 41
113 50
211 43
212 51
17 52
70 53
70 32
70 33
8 27
8 0
83 19
124 54
124 33
22 0
55 55
55 14
55 7
55 33
85 56
99 14
73 1
73 57
73 11
179 58
67 59
213 60
213 61
213 62
153 63
214 64
169 65
169 66
59 25
59 67
202 68
215 69
215 70
132 25
132 63
140 71
140 72
216 73
105 1
105 42
173 74
217 75
217 76
102 77
218 23
90 78
90 79
120 80
120 33
3 81
26 7
26 0
19 82
19 83
162 13
162 84
56 85
98 14
98 86
98 38
98 87
38 88
194 89
194 70
194 45
219 74
78 90
168 91
220 92
28 0
221 14
188 93
21 7
21 0
37 94
37 95
14 96
14 24
14 97
14 98
14 99
14 100
14 101
77 102
134 74
134 103
134 32
1 104
1 73
1 49
1 105
1 106
1 107
1 95
222 108
163 109
193 110
116 41
116 111
41 85
41 112
41 113
41 10
41 114
41 41
41 50
29 112
29 0
31 115
31 0
111 116
111 41
111 117
33 114
33 27
33 115
33 50
33 12
33 0
33 118
33 6
33 119
33 58
33 120
33 76
33 121
33 122
33 7
33 11
33 1
33 123
33 5
33 34
33 8
33 49
33 116
33 124
33 23
33 42
33 96
33 55
107 1
34 23
34 25
34 7
34 125
34 33
34 126
34 35
34 120
223 0
123 127
123 33
130 128
143 129
25 130
25 41
25 131
25 132
25 0
30 133
30 0
32 63
32 70
32 58
32 110
224 33
225 7
175 91
103 134
43 135
43 68
75 45
171 136
171 86
39 137
39 63
198 32
80 138
80 38
80 120
226 120
154 63
157 122
199 139
164 73
164 108
104 1
71 140
71 51
227 25
9 10
9 0
9 131
9 141
184 142
128 106
128 9
45 75
228 74
6 142
6 27
6 49
6 106
6 34
6 8
229 89
230 1
231 25
231 143
63 144
63 145
63 140
63 146
63 42
63 147
63 148
63 143
63 149
63 150
63 151
63 32
63 152
63 153
63 154
63 63
74 25
74 87
74 155
64 7
64 66
87 98
87 156
122 157
122 53
122 158
122 7
122 159
232 89
232 1
232 70
125 159
125 160
191 49
191 161
191 162
191 163
57 73
108 164
233 165
96 33
96 14
96 166
97 14
97 166
95 1
95 37
65 167
65 168
65 169
65 170
234 25
136 7
136 171
117 111
180 172
86 1
86 171
86 58
86 173
13 100
13 174
235 175
50 1
50 113
50 41
50 176
12 33
236 13
237 0
196 160
238 64
24 14
24 0
239 69
54 124
101 14
240 177
114 93
114 41
114 178
114 0
151 63
58 7
58 86
58 179
58 114
58 32
58 33
58 126
58 36
155 180
166 181
166 97
166 96
166 166
186 41
186 182
53 122
118 43
118 7
118 33
7 27
7 183
7 0
7 69
7 26
7 184
7 177
7 60
7 76
7 64
7 122
7 58
7 185
7 116
7 33
7 150
7 34
7 23
7 55
7 89
7 42
7 73
7 136
11 115
11 0
11 73
11 11
11 33
4 81
182 186
241 187
242 7
242 45
93 188
10 41
10 131
10 32
10 141
178 93
178 189
150 38
150 7
150 63
243 25
244 190
49 1
49 191
49 6
49 50
49 95
49 0
5 27
5 33
23 7
23 112
23 30
23 34
23 138
23 0
245 42
245 192
245 193
246 38
89 7
89 194
42 195
42 196
42 7
42 165
42 190
42 33
42 41
42 34
42 0
42 63
129 143
129 197
247 150
247 198
139 199
110 32
248 33
249 124
250 1
68 43
68 25
68 1
68 200
68 201
68 202
251 45
