96 0
96 1
81 2
81 3
37 4
37 5
146 6
124 7
124 8
124 9
124 10
124 11
124 12
124 13
99 14
99 15
13 16
13 17
13 18
13 19
13 20
147 21
101 22
25 23
104 24
148 8
23 25
23 26
23 27
23 28
23 21
23 29
145 30
55 19
8 11
8 31
149 32
150 33
137 9
63 2
63 31
63 34
151 35
151 6
152 16
5 36
5 26
5 37
5 13
26 23
26 38
127 14
61 39
90 40
131 41
131 17
52 21
52 0
141 42
141 3
73 43
73 31
116 44
21 45
21 46
21 47
21 48
21 9
21 49
21 19
21 31
21 50
21 51
21 52
21 23
21 53
21 54
19 55
19 56
19 57
19 13
19 21
19 1
58 33
58 0
153 21
33 58
33 59
39 60
39 61
57 62
20 39
20 35
20 13
154 63
154 35
68 64
68 56
87 65
87 66
155 9
155 67
56 68
10 0
36 5
50 56
50 69
50 21
91 70
91 71
91 72
31 73
31 74
31 75
31 33
31 76
31 77
31 78
31 31
31 79
31 8
31 80
31 20
31 35
31 0
31 81
31 82
31 17
31 21
31 3
31 19
31 83
156 84
69 85
136 16
129 86
34 63
65 87
65 88
65 72
11 8
11 0
11 89
83 90
83 40
83 14
83 0
83 31
83 13
76 0
71 91
71 92
71 93
71 9
110 94
110 31
100 95
54 21
157 47
94 16
1 96
1 19
64 68
16 94
112 97
66 87
78 31
158 5
159 67
160 98
161 21
162 9
15 99
95 100
22 101
22 102
109 56
109 2
163 2
164 72
142 30
165 14
24 103
24 35
24 80
24 104
24 105
24 106
24 107
85 71
85 31
166 108
45 21
45 13
2 109
2 81
2 3
2 63
2 31
167 0
143 30
51 21
168 72
169 110
97 41
97 111
97 35
97 112
97 113
92 35
80 24
80 31
130 0
133 114
133 71
44 115
44 116
46 21
46 0
113 97
77 31
170 40
170 2
171 3
172 94
82 35
82 95
82 43
82 31
173 117
173 118
173 119
144 30
174 120
174 17
174 121
174 122
175 8
175 123
175 13
176 114
177 14
177 60
135 21
135 35
135 93
107 24
48 124
48 21
178 108
179 17
72 65
72 91
72 0
72 125
14 83
14 33
14 126
14 127
14 128
14 99
14 129
0 11
0 3
0 71
0 130
0 72
17 13
17 131
17 31
180 0
181 65
89 11
40 77
40 90
40 83
40 48
27 29
182 132
114 133
114 134
134 14
134 114
93 35
93 135
93 71
93 0
38 26
41 131
102 136
102 75
183 73
183 69
9 124
9 137
49 0
49 13
35 138
35 93
35 19
35 40
35 20
35 97
35 92
35 24
35 139
35 0
35 31
35 82
35 62
105 24
184 140
185 21
74 0
74 31
18 13
3 141
3 56
3 67
3 0
3 31
3 68
3 13
29 27
29 137
30 142
30 143
30 144
30 145
