178 0
178 1
109 2
109 3
109 4
109 5
93 6
93 7
129 3
129 4
151 8
172 9
135 10
135 11
158 12
179 13
180 14
181 15
34 4
105 16
105 17
70 18
182 4
183 19
184 20
185 21
186 2
186 22
108 2
108 23
108 24
108 25
108 26
175 27
103 28
187 29
114 30
55 3
55 4
29 31
65 32
142 24
188 33
189 34
46 35
190 36
0 37
0 38
0 39
0 40
0 41
0 42
0 43
0 25
0 4
191 44
115 45
35 2
35 6
35 46
35 47
35 43
11 48
11 27
11 49
59 50
72 51
72 36
112 52
125 53
147 54
147 55
147 56
160 57
160 58
50 59
170 4
171 2
171 4
101 28
192 60
62 38
62 61
38 62
193 34
194 63
194 64
32 65
32 66
22 67
22 68
22 4
22 61
22 69
195 70
66 71
66 36
66 32
36 72
177 73
196 74
196 75
197 4
98 76
26 77
26 30
63 78
63 79
198 80
198 81
97 4
97 15
97 82
97 83
97 84
97 69
121 85
121 4
121 43
199 18
40 86
40 37
40 4
40 57
40 87
40 88
40 89
40 0
40 90
111 52
111 91
111 0
53 92
200 93
138 51
201 94
201 4
123 4
159 95
202 96
15 97
15 4
203 98
204 99
204 4
204 100
28 4
28 101
28 102
28 30
28 103
28 79
28 104
6 93
6 4
16 105
205 43
134 106
90 93
90 70
113 107
3 2
3 55
3 108
3 109
52 110
52 111
52 112
52 4
102 92
102 28
30 113
30 28
30 114
206 22
207 115
64 79
77 26
43 116
43 35
43 4
43 117
43 118
43 119
43 120
43 7
43 56
43 93
43 121
43 122
43 123
43 36
43 0
43 124
43 90
208 125
209 34
140 126
140 34
140 127
5 128
5 109
5 129
210 130
99 56
150 131
150 132
150 37
150 133
150 4
106 2
106 134
10 4
10 135
49 11
211 136
118 137
118 4
118 43
51 138
51 72
68 139
162 74
162 36
162 123
162 81
155 56
126 140
24 35
24 4
24 141
24 142
24 6
24 143
24 108
85 34
84 111
167 144
212 39
213 145
2 35
2 109
2 108
2 45
2 3
2 146
2 70
86 13
86 119
86 4
54 42
54 147
214 148
42 124
133 69
21 149
21 26
215 2
169 4
131 150
131 69
116 122
116 43
216 151
71 12
217 152
56 153
56 99
56 4
56 147
56 154
56 155
56 156
56 61
218 157
12 158
95 18
95 47
95 159
119 43
219 4
220 53
221 18
57 40
57 105
57 160
57 71
222 13
157 0
157 43
223 161
224 107
88 40
88 4
225 108
146 2
96 4
104 122
104 7
104 4
104 28
74 162
78 63
78 163
78 124
78 164
226 96
226 165
41 0
41 4
141 24
141 34
227 59
154 123
143 24
122 43
228 52
228 166
37 40
37 126
37 150
69 131
69 97
124 42
124 29
124 43
4 109
4 55
4 22
4 88
4 34
4 96
4 70
4 97
4 85
4 108
4 167
4 114
4 86
4 140
4 29
4 40
4 168
4 169
4 28
4 43
4 0
4 59
4 30
4 170
4 56
4 171
9 172
132 2
25 173
25 108
137 118
58 160
229 36
75 4
164 78
149 21
130 170
230 30
156 56
81 27
81 151
61 174
61 62
61 56
231 140
231 43
48 11
7 104
232 175
232 157
232 176
136 61
76 98
233 22
27 11
234 4
73 177
235 30
79 54
79 63
79 93
79 87
79 28
79 23
79 171
79 22
79 114
