109 0
109 1
134 2
69 3
58 4
101 5
10 6
10 7
10 3
13 8
120 9
7 10
135 11
95 12
95 3
8 13
8 14
98 15
32 16
136 17
119 9
119 18
46 19
68 16
114 20
57 21
57 22
57 3
137 23
0 1
116 20
138 24
139 25
139 26
140 3
124 27
141 28
141 11
142 29
143 30
144 31
145 3
96 32
100 23
100 33
100 34
100 35
100 3
100 20
100 36
100 12
54 3
146 37
146 38
146 39
35 23
93 14
44 40
108 4
108 40
108 41
51 42
51 43
51 3
40 44
40 45
147 46
48 25
49 18
65 3
85 47
25 48
6 10
110 1
18 49
111 50
111 1
148 27
43 3
43 51
3 52
3 53
3 43
3 54
3 55
3 56
3 57
3 7
3 58
3 59
3 60
3 61
3 62
3 10
3 63
3 64
3 1
3 20
3 65
3 47
3 66
3 67
3 12
3 68
3 18
3 69
3 70
3 71
3 11
3 72
3 27
3 28
3 39
3 73
3 74
3 75
3 76
3 77
3 78
3 79
3 80
3 81
3 82
3 26
28 4
126 83
67 84
67 55
67 85
67 3
117 86
91 9
80 3
102 19
102 87
102 88
53 3
149 89
127 4
56 77
128 4
150 27
151 1
92 4
64 3
118 70
16 68
16 31
16 32
152 90
153 76
154 91
72 92
125 93
125 94
12 95
12 3
155 18
71 3
39 16
39 96
39 55
39 97
156 31
15 76
15 98
122 99
122 31
157 26
36 100
73 33
5 101
88 102
88 3
77 3
77 56
77 103
89 104
87 19
87 102
37 68
112 105
121 105
121 96
82 28
82 78
82 47
158 106
159 0
55 3
55 67
22 57
41 107
41 108
62 3
63 82
63 3
123 3
1 109
1 110
1 111
1 112
1 47
1 3
1 113
20 114
20 115
20 116
20 47
20 3
47 1
47 3
160 117
160 10
70 118
70 70
9 119
9 100
9 120
9 89
9 91
9 65
161 121
31 16
31 68
31 122
31 49
31 123
21 24
19 27
162 104
103 77
60 3
27 55
27 124
94 125
14 48
74 3
115 27
115 57
75 91
75 3
23 16
23 3
23 100
23 121
83 126
4 127
4 49
4 128
4 108
163 93
79 3
164 129
164 130
164 131
164 132
164 70
81 9
76 133
26 20
26 3
