252 0
539 1
391 2
26 3
319 4
540 5
320 6
320 7
538 8
538 9
538 10
479 11
479 12
479 13
371 14
371 15
371 16
230 17
230 18
104 8
33 19
33 20
33 21
33 22
33 23
62 8
62 24
192 25
192 26
192 3
192 27
192 28
541 29
87 30
205 31
542 32
20 33
226 34
226 35
226 36
226 15
216 37
216 38
216 39
468 40
29 5
29 41
143 42
294 43
294 31
173 1
173 44
173 45
173 46
173 47
95 48
95 49
134 50
134 51
543 29
501 52
3 53
3 28
3 54
3 13
3 55
544 56
79 31
79 57
545 58
546 59
547 60
548 61
549 62
349 63
58 64
58 65
494 66
494 31
494 67
494 68
494 69
550 5
550 68
551 70
552 71
107 8
379 68
553 72
553 73
288 31
324 74
324 57
250 75
554 30
326 76
234 74
234 77
274 14
274 78
57 79
57 80
57 81
57 82
57 83
57 37
57 84
57 67
57 85
57 68
57 86
416 87
246 88
150 89
150 90
150 91
54 92
54 93
555 39
556 8
556 94
48 90
48 95
48 96
48 97
557 98
558 99
22 67
8 100
8 101
8 102
8 91
8 6
8 103
8 104
8 105
8 62
8 106
8 107
8 108
8 68
8 109
8 110
8 111
8 112
8 113
8 114
8 86
8 115
8 116
8 117
402 118
423 119
435 74
121 120
121 121
559 93
560 122
443 123
561 124
562 125
563 126
524 64
291 127
291 31
325 76
46 128
46 129
300 130
369 131
369 80
369 132
131 133
564 99
51 134
565 109
565 135
566 80
567 136
482 137
482 138
568 139
140 14
140 140
55 3
133 141
137 99
137 142
569 128
570 14
53 3
42 143
571 144
572 92
49 95
49 8
573 74
163 14
163 145
91 146
91 69
91 30
91 147
91 148
91 149
91 150
91 61
91 31
91 8
91 151
91 152
91 153
91 154
91 155
91 156
91 157
91 158
91 159
91 160
209 161
574 162
575 137
575 163
465 40
177 164
488 69
264 165
264 166
264 167
576 168
577 169
578 14
199 31
199 170
503 92
109 8
446 171
453 5
516 172
1 173
496 174
67 120
67 79
67 175
67 176
67 177
67 178
67 179
67 5
67 72
67 69
67 8
67 180
67 181
67 182
67 183
67 91
67 184
67 185
67 159
233 186
233 57
328 6
328 187
328 188
303 123
579 189
405 112
405 36
405 190
156 191
25 192
279 193
279 194
279 8
279 31
279 195
279 159
481 196
481 197
170 31
170 74
170 198
170 199
348 200
272 34
272 165
272 201
408 202
580 203
581 8
426 86
257 204
530 205
582 45
484 98
277 6
277 31
277 74
277 206
583 22
309 70
309 90
309 207
309 208
71 209
339 70
360 210
584 211
584 212
584 123
270 213
438 214
374 215
284 31
38 216
38 217
585 91
586 87
307 218
307 219
587 81
523 64
290 31
384 127
384 220
59 24
122 69
122 134
122 212
588 32
155 91
24 221
24 62
24 59
370 14
247 222
247 223
247 167
589 224
15 16
15 225
15 226
15 14
15 68
15 78
590 227
507 8
507 74
507 13
507 228
409 229
189 230
361 43
361 14
224 224
224 112
410 231
410 229
591 232
186 227
186 233
415 136
77 234
592 8
593 235
195 122
180 236
594 237
459 91
459 5
595 238
489 69
489 93
169 239
596 14
597 240
598 241
599 242
383 243
306 244
346 31
346 245
346 246
600 247
76 6
601 212
381 68
381 188
602 248
603 249
75 250
225 15
0 251
0 252
153 253
153 91
153 131
514 254
604 255
157 6
157 91
420 256
204 257
605 258
342 259
342 260
342 228
385 261
385 223
385 262
167 91
167 263
167 264
167 247
167 265
23 33
152 266
101 8
102 8
4 267
406 179
406 268
406 269
84 69
606 270
607 271
608 30
139 45
165 201
165 272
345 259
345 273
394 2
609 274
219 275
219 138
31 276
31 277
31 278
31 279
31 280
31 281
31 282
31 91
31 6
31 283
31 284
31 285
31 286
31 267
31 287
31 288
31 289
31 205
31 290
31 291
31 32
31 292
31 207
31 67
31 233
31 293
31 294
31 258
31 170
31 295
31 296
610 297
108 8
611 4
611 298
130 90
130 299
130 300
130 301
130 302
130 303
17 304
17 230
612 15
89 304
613 30
424 39
114 8
244 305
244 306
614 307
615 153
616 138
617 26
617 308
208 309
511 310
434 74
99 178
99 30
99 142
99 54
618 31
504 311
414 312
619 313
620 3
621 5
622 40
623 122
347 314
353 304
624 287
232 315
625 297
327 6
626 3
451 8
451 5
404 79
627 32
6 316
6 317
6 277
6 210
6 8
6 318
6 319
6 320
6 321
6 322
6 31
6 76
6 323
6 324
6 325
6 32
6 326
6 327
6 328
6 157
6 69
6 71
6 7
6 212
6 13
6 329
6 330
6 331
6 332
6 333
471 313
628 29
287 334
485 113
485 335
485 336
629 61
478 12
630 31
631 183
413 337
425 338
70 69
70 339
70 340
301 130
457 5
358 200
259 341
259 342
259 37
259 343
259 344
259 216
259 345
245 346
632 347
632 209
633 348
63 39
63 349
389 212
34 350
304 351
304 352
304 353
304 354
304 355
249 356
249 357
166 264
47 173
634 57
635 358
210 359
210 315
210 360
43 361
636 362
637 92
223 247
436 363
275 307
638 202
194 279
639 29
217 38
196 364
196 365
196 36
196 64
196 116
338 366
338 367
132 368
132 369
14 324
14 370
14 371
14 15
14 372
14 373
14 350
14 374
14 309
14 43
14 375
14 140
14 113
14 215
14 376
14 361
14 377
68 106
68 15
68 58
68 378
68 197
68 379
68 8
68 380
68 188
68 381
640 57
243 382
243 383
220 384
220 30
220 14
362 259
164 177
380 68
401 67
641 309
262 385
642 386
248 57
499 174
643 387
212 8
212 388
212 205
212 389
212 95
212 390
212 122
644 2
521 31
237 91
96 48
645 389
646 138
2 391
2 392
2 393
2 394
2 395
187 328
187 396
187 31
187 397
187 187
421 191
421 398
421 270
85 399
418 400
72 99
72 181
72 401
72 67
81 57
647 99
118 402
118 403
286 31
286 64
648 404
30 99
30 91
30 3
649 346
452 5
44 173
41 29
36 30
36 226
36 196
36 182
36 60
36 405
268 406
229 407
229 408
229 409
229 410
127 52
127 411
127 412
312 413
312 414
136 415
417 416
115 8
650 401
437 417
447 18
60 90
333 6
333 320
651 353
372 14
652 178
400 418
400 419
256 420
653 31
337 413
398 421
398 422
119 423
50 134
477 12
154 91
154 424
368 132
513 425
283 31
260 342
97 48
86 8
86 426
86 57
654 5
382 406
382 427
466 40
655 386
179 406
179 67
467 40
213 270
112 8
656 427
657 428
657 242
448 90
448 123
448 18
80 197
532 64
93 182
218 307
314 347
658 353
659 429
480 377
74 430
74 324
74 431
74 432
74 433
74 234
74 71
74 67
74 434
74 91
74 435
74 68
363 436
660 20
661 437
214 438
662 439
188 328
188 381
188 68
663 312
664 127
664 440
664 386
664 441
664 138
123 442
123 443
123 24
123 428
123 444
123 303
123 68
289 304
147 91
378 68
32 37
32 31
83 57
37 130
37 32
37 57
665 445
666 230
28 3
171 446
667 299
18 447
18 448
18 230
235 440
668 279
365 449
273 450
273 345
5 451
5 452
5 453
5 454
5 13
5 455
5 64
5 456
5 457
5 458
5 29
5 459
5 460
295 91
295 31
78 274
78 269
669 461
670 462
671 67
473 347
473 463
672 464
673 341
100 8
674 130
460 5
40 465
40 466
40 467
40 468
334 287
280 31
185 67
185 64
675 469
397 187
125 173
676 470
322 6
129 46
677 471
419 400
422 398
176 313
176 67
19 291
678 416
82 67
292 417
679 472
680 426
463 473
159 91
159 67
258 474
258 8
681 98
681 183
533 64
682 324
454 475
454 5
12 476
12 477
12 478
12 479
433 74
683 103
278 31
191 421
261 8
261 385
45 139
684 234
684 77
474 86
377 14
377 36
377 480
685 390
90 150
90 279
90 5
90 130
90 309
90 268
90 99
495 66
197 80
197 481
197 68
138 482
138 229
128 46
686 14
395 483
395 51
395 2
687 470
16 15
352 304
110 8
313 471
313 176
470 484
113 8
113 485
688 486
689 487
69 122
69 250
69 5
69 488
69 6
69 31
69 84
69 67
69 57
69 91
69 489
69 490
183 186
183 67
183 491
183 492
387 367
690 31
691 467
692 92
693 429
694 100
356 493
440 235
695 345
66 494
66 495
66 486
174 496
174 497
174 498
174 499
282 31
517 64
142 137
142 28
696 69
525 500
432 74
178 99
697 268
267 31
267 4
305 244
698 14
120 67
120 121
285 31
52 501
308 502
403 503
403 118
124 270
376 14
145 80
145 301
145 163
498 174
311 504
200 100
200 348
200 164
200 358
200 45
200 505
200 506
341 259
198 427
198 382
13 6
13 507
13 3
13 39
515 78
315 232
332 6
427 508
427 509
427 510
427 382
427 511
475 454
392 209
392 2
699 512
700 90
701 356
702 14
366 338
302 130
302 64
520 64
703 513
704 179
705 57
367 387
254 514
61 91
706 346
706 515
106 8
106 64
106 68
172 516
707 517
707 64
323 6
708 68
497 174
64 518
64 519
64 319
64 364
64 520
64 521
64 58
64 5
64 74
64 217
64 106
64 522
64 523
64 68
64 524
64 510
64 286
64 525
64 526
64 527
64 528
64 529
64 530
64 531
64 532
64 533
64 534
64 535
64 536
64 537
709 5
710 277
222 247
357 249
158 91
9 154
9 340
9 538
711 5
711 227
712 350
161 209
161 68
161 217
