108 0
554 1
554 2
554 3
629 4
140 5
140 6
140 7
357 8
68 9
92 10
92 11
92 12
92 13
92 14
409 15
612 16
171 17
207 18
297 19
197 6
197 1
197 20
32 21
32 22
32 23
32 24
32 25
32 26
32 27
32 28
32 29
32 6
32 30
32 31
32 32
32 33
32 34
303 19
275 35
105 36
59 37
527 6
527 38
527 39
630 40
631 41
395 42
395 43
395 44
395 15
395 6
135 45
135 46
135 47
4 48
4 49
621 50
318 19
7 51
632 52
633 53
634 54
215 55
443 56
219 57
83 58
37 59
37 6
37 60
37 61
37 62
635 6
12 10
12 63
203 64
62 65
62 66
78 67
9 68
9 47
104 69
71 70
71 71
465 72
465 73
636 20
636 74
637 75
638 76
420 48
639 77
421 48
67 78
584 79
640 80
537 81
537 82
301 19
144 6
641 13
58 83
642 19
643 19
553 84
249 30
528 85
644 19
315 6
315 86
315 87
264 88
264 86
264 89
264 90
177 25
177 91
177 92
222 57
158 93
158 6
158 94
158 95
158 96
158 97
158 98
158 72
546 99
210 100
645 101
69 86
69 19
69 102
69 103
69 104
109 6
109 105
263 6
646 106
6 107
6 108
6 103
6 0
6 109
6 94
6 110
6 111
6 37
6 112
6 113
6 114
6 115
6 116
6 117
6 118
6 119
6 120
6 121
6 122
6 123
6 72
6 124
6 125
6 126
6 20
6 36
6 127
6 128
6 129
6 130
6 131
6 132
6 133
6 134
6 32
6 135
6 136
6 137
6 138
6 139
6 140
6 141
6 88
6 142
6 51
6 143
6 144
6 145
6 146
6 147
6 19
6 148
6 149
6 150
6 34
6 151
6 25
6 1
6 43
6 66
6 152
6 153
6 154
6 47
6 155
6 156
6 157
6 158
6 159
6 160
6 84
173 17
115 6
115 161
115 162
418 163
647 164
436 165
513 145
445 166
600 167
26 19
17 168
17 169
17 170
17 171
17 172
17 173
17 113
17 136
648 6
649 174
519 29
130 175
130 50
130 176
130 6
130 119
130 177
402 178
299 179
299 19
650 19
651 180
187 166
94 6
94 25
461 181
461 86
652 182
652 122
652 183
550 184
653 185
25 27
25 57
25 69
25 166
25 186
25 6
25 113
25 79
25 94
25 32
25 187
25 188
25 189
25 190
25 11
25 90
25 19
25 191
25 151
25 1
25 192
25 177
552 193
60 151
60 194
60 37
60 195
588 79
654 196
655 143
1 25
1 6
1 56
1 197
1 18
1 198
1 119
1 72
656 20
657 19
624 199
360 200
658 201
64 151
64 202
64 39
64 203
64 204
64 205
64 19
64 141
64 113
64 206
267 6
267 19
18 1
18 86
18 207
317 208
317 209
317 19
100 210
567 211
347 212
347 213
347 34
659 6
192 113
235 113
235 209
57 214
57 215
57 216
57 217
57 218
57 55
57 219
57 220
57 221
57 222
57 223
183 224
183 225
183 88
183 226
183 227
183 113
183 228
332 229
660 44
377 6
377 230
579 196
204 64
271 231
271 145
559 232
614 233
113 192
113 234
113 235
113 53
113 212
113 110
113 236
113 237
113 238
113 72
113 124
113 239
113 240
113 241
113 242
113 220
113 205
113 230
113 243
113 145
113 95
113 19
113 244
113 245
113 151
113 174
113 246
113 64
113 247
387 248
387 4
390 74
293 249
293 19
293 156
661 250
662 251
241 113
319 110
319 252
141 64
141 253
141 39
141 145
141 254
141 6
141 205
141 46
141 19
141 113
141 255
206 64
206 90
91 6
91 256
91 234
473 257
354 258
138 6
138 192
138 145
138 259
138 130
88 260
88 261
88 183
88 262
88 166
88 263
88 264
88 6
88 265
88 266
88 56
88 237
88 19
88 70
88 181
88 267
88 268
88 269
88 162
231 101
231 270
231 143
231 271
231 272
231 47
231 19
307 273
663 274
663 275
433 276
433 277
433 278
433 279
433 280
433 281
433 282
349 194
349 283
19 32
19 284
19 17
19 285
19 69
19 37
19 286
19 6
19 287
19 288
19 289
19 290
19 113
19 291
19 292
19 293
19 294
19 295
19 86
19 14
19 232
19 234
19 296
19 297
19 298
19 79
19 299
19 300
19 141
19 301
19 267
19 302
19 45
19 303
19 304
19 93
19 305
19 306
19 88
19 231
19 307
19 308
19 50
19 29
19 309
19 179
19 310
19 311
19 25
19 312
19 313
19 191
19 87
19 34
19 151
19 314
19 1
19 43
19 315
19 316
19 153
19 64
19 38
19 155
19 317
19 33
19 250
19 159
19 318
252 211
252 319
252 148
369 124
664 320
408 321
665 124
666 124
502 180
43 6
43 322
43 323
43 19
43 324
246 113
178 325
178 326
178 162
178 327
667 328
608 148
668 329
669 17
670 0
565 330
548 331
229 332
229 333
229 334
229 335
229 201
229 336
379 148
590 337
388 338
381 339
65 66
498 340
498 179
498 19
498 341
175 130
671 200
149 6
149 342
672 189
367 124
673 226
674 343
675 203
56 268
56 88
56 342
56 344
56 47
56 137
46 124
46 25
46 50
46 345
46 141
46 135
34 346
34 6
34 347
34 32
34 34
338 348
676 349
142 6
532 350
677 17
678 111
497 351
497 352
492 353
258 154
258 6
258 200
258 354
679 355
458 356
680 124
169 17
87 113
87 315
87 19
681 19
8 357
247 113
480 358
583 79
682 324
343 359
495 191
683 360
512 145
684 307
440 43
440 361
291 362
291 19
323 30
323 363
393 132
393 364
292 329
292 19
124 365
124 302
124 366
124 367
124 6
124 113
124 46
124 368
124 369
124 245
342 370
342 149
342 56
342 371
457 229
457 372
455 310
455 373
455 374
455 375
573 24
685 376
230 377
230 236
162 211
162 378
23 32
23 148
686 26
686 379
686 377
686 342
686 156
394 374
339 380
339 381
339 382
339 90
339 383
339 384
339 230
339 40
687 138
688 191
28 50
28 19
28 264
28 160
508 11
143 6
143 231
689 51
620 119
620 385
560 232
690 386
248 387
691 357
493 388
20 103
20 66
20 389
20 6
20 197
20 19
20 390
380 339
540 391
692 392
693 293
66 65
66 6
221 57
132 393
431 86
694 166
442 394
15 395
15 396
538 284
382 397
382 316
382 339
382 382
695 19
112 359
112 6
112 398
320 324
320 399
320 345
320 194
320 400
320 189
561 232
514 145
122 128
122 86
63 100
326 401
326 402
326 178
326 403
326 355
326 106
195 60
361 404
361 405
696 180
441 406
251 407
251 19
51 140
308 19
321 16
321 408
321 409
90 410
90 278
90 53
90 411
90 412
90 413
90 264
90 414
90 415
90 206
90 416
163 417
163 156
163 418
697 293
698 113
698 19
610 45
348 338
48 4
48 419
48 420
48 421
48 422
48 423
699 424
594 47
454 310
110 6
110 113
110 319
700 425
701 426
702 0
152 6
703 250
704 427
568 151
568 189
705 428
705 429
705 309
322 328
706 19
707 1
86 274
86 69
86 430
86 264
86 230
86 155
86 18
86 431
86 432
615 39
21 32
240 113
128 122
128 183
616 298
616 55
125 6
125 119
125 287
125 147
125 433
136 6
136 17
136 191
182 103
605 6
708 434
709 19
309 19
14 231
14 50
14 12
14 70
14 19
14 92
273 307
228 183
469 72
545 391
16 180
386 0
484 90
604 435
710 53
117 19
117 226
165 436
107 19
438 437
438 438
438 439
438 440
522 441
711 442
53 113
53 19
53 443
212 113
712 133
713 25
172 17
172 96
471 444
530 166
530 445
0 6
0 446
0 447
0 448
0 70
414 90
40 449
40 450
40 451
40 330
40 84
40 452
714 227
300 19
98 158
509 453
715 155
517 95
324 320
324 252
399 124
399 320
415 90
716 148
281 433
310 19
310 454
310 455
236 54
236 230
396 15
396 275
196 456
196 457
717 13
622 50
253 141
356 458
619 447
412 90
529 11
529 166
603 459
718 460
181 461
181 462
181 86
106 294
106 463
72 464
72 1
72 465
72 466
72 467
72 6
72 468
72 205
72 113
72 469
72 191
72 158
72 470
444 471
61 77
61 37
459 472
257 473
489 19
489 474
719 475
328 127
328 322
510 232
510 145
510 141
214 57
720 183
366 124
721 47
262 88
208 317
722 343
723 476
419 48
419 130
419 329
511 145
724 392
725 2
569 477
569 84
265 88
482 478
482 80
341 426
341 479
334 229
155 6
155 111
155 19
245 124
358 180
358 480
359 86
359 343
491 353
80 481
80 482
174 6
316 382
154 417
154 258
468 72
118 47
194 370
194 349
194 386
439 438
472 459
726 159
727 483
209 317
274 484
274 485
274 486
274 374
344 64
123 179
123 487
123 488
728 17
474 489
729 161
170 17
176 130
36 6
36 490
36 19
134 6
134 341
353 491
353 492
70 14
70 88
70 231
70 6
70 19
70 96
70 238
70 71
5 283
730 399
731 493
345 320
732 0
54 205
54 236
733 88
733 19
733 53
734 4
191 359
191 214
191 25
191 494
191 130
191 495
191 19
191 136
191 496
191 72
352 497
735 113
225 183
340 498
161 115
161 19
161 499
355 500
434 96
434 501
736 0
589 191
49 4
180 275
180 502
180 15
180 318
180 503
180 504
180 358
737 6
737 460
504 180
259 505
27 32
738 506
739 359
185 307
185 250
413 90
119 6
119 125
119 507
119 239
119 293
120 6
740 166
129 130
741 321
42 508
742 145
234 234
234 19
234 91
242 113
133 6
133 420
453 509
453 422
743 1
35 275
401 326
11 166
11 508
145 510
145 214
145 511
145 512
145 513
145 6
145 141
145 514
145 113
145 515
95 158
95 516
95 517
518 518
518 166
29 32
29 14
29 519
29 97
29 520
29 106
744 19
223 57
93 521
93 522
745 523
89 264
499 524
499 161
467 525
467 72
467 526
611 45
611 54
33 32
746 527
747 387
748 528
749 119
422 453
103 182
103 20
372 457
166 25
166 88
166 466
166 11
166 186
166 529
166 145
166 6
166 530
166 518
166 445
111 155
283 351
750 19
750 531
751 183
350 113
350 532
350 236
375 455
239 533
239 119
239 534
239 19
239 523
101 231
101 40
752 535
85 536
85 103
81 537
284 538
284 19
127 6
127 328
256 539
256 376
256 540
256 541
256 542
256 100
256 287
256 12
256 91
256 543
427 379
432 544
753 545
99 546
754 547
312 19
755 19
331 548
756 549
757 550
193 551
193 116
193 552
758 123
759 166
760 57
562 232
268 88
268 56
268 267
761 126
761 377
526 467
287 256
287 19
237 88
237 113
84 6
84 553
84 71
570 97
762 161
520 341
2 554
74 390
232 151
232 555
232 556
232 141
232 557
232 558
232 510
232 45
232 559
232 560
232 561
232 562
232 48
232 19
232 563
232 564
232 565
232 292
232 566
606 156
763 6
533 239
131 6
198 1
485 274
525 467
189 25
764 102
765 203
766 117
398 112
211 252
211 567
244 113
77 61
151 25
151 239
151 232
151 568
151 17
151 60
151 6
151 64
151 205
151 19
151 113
477 569
216 219
153 19
767 140
97 6
97 570
97 571
97 572
288 382
24 573
768 64
186 232
186 166
186 445
769 574
114 510
114 575
114 576
114 577
114 346
114 578
114 203
114 579
114 6
114 213
114 156
114 485
114 580
114 581
114 582
114 34
220 113
598 47
302 19
770 6
79 583
79 25
79 584
79 585
79 586
79 19
79 6
79 494
79 587
79 205
79 337
79 588
79 589
446 0
329 292
618 374
205 6
205 119
205 54
205 422
205 64
205 79
205 113
337 6
337 79
337 590
96 172
96 434
96 591
400 100
478 482
771 592
772 70
159 231
159 593
159 6
159 19
159 341
159 137
47 594
47 25
47 595
47 118
47 6
47 56
47 596
47 19
47 597
47 335
47 135
47 598
47 599
272 231
773 86
496 191
774 434
167 600
167 601
325 151
435 432
435 602
435 603
435 604
435 40
566 320
566 232
566 371
775 103
776 320
389 20
521 147
521 605
156 6
156 366
156 114
156 606
156 148
777 607
456 196
456 17
456 457
778 608
778 215
276 125
501 434
779 294
466 166
780 609
586 79
45 610
45 611
45 6
45 205
45 147
45 19
45 135
781 113
121 6
782 612
783 562
784 19
313 613
516 95
39 64
39 527
39 141
39 614
39 615
462 181
298 616
785 166
785 508
213 617
227 183
3 19
3 554
786 25
786 166
786 177
374 618
374 394
374 84
374 127
447 6
447 619
306 19
385 91
385 620
787 305
50 28
50 454
50 14
50 10
50 621
50 130
50 46
50 19
50 622
378 162
148 379
148 130
148 23
148 623
148 6
148 609
148 252
515 145
788 612
199 624
233 625
233 614
126 6
126 57
30 433
30 323
30 337
30 32
147 274
147 626
147 6
147 45
147 125
147 521
147 530
147 627
147 628
789 40
500 355
487 123
470 72
