679 0
82 1
644 2
301 3
301 4
301 5
301 6
301 7
301 1
301 8
301 9
301 10
301 11
301 12
114 13
114 14
114 15
114 16
342 17
202 18
202 19
202 20
202 10
202 21
202 22
202 23
230 19
230 24
218 25
218 26
218 27
218 28
102 29
102 19
102 30
102 13
102 31
102 32
102 33
631 34
680 35
681 18
154 5
682 36
683 37
683 38
388 39
388 40
388 41
388 42
388 43
398 44
109 45
548 7
232 46
116 47
116 48
116 49
116 50
116 51
116 13
116 52
116 53
116 54
116 55
116 19
116 56
116 57
66 36
684 25
290 58
290 59
290 60
290 61
290 62
290 63
290 64
290 65
175 13
175 66
63 67
189 13
189 68
189 69
189 70
189 71
189 72
597 73
157 74
528 75
436 76
436 77
436 78
436 79
436 80
436 81
685 82
686 83
396 44
687 44
688 84
354 85
637 86
430 87
689 88
689 89
162 13
162 90
690 91
691 92
383 93
148 34
536 94
536 95
536 96
536 97
536 98
168 13
168 99
168 100
168 75
168 101
33 102
33 103
33 104
33 5
33 105
33 106
33 107
692 13
107 108
45 109
334 110
334 111
589 112
273 113
15 114
15 115
52 13
52 116
519 75
177 117
693 118
455 119
242 120
242 121
242 110
242 122
242 123
503 124
156 125
306 126
694 121
410 127
695 66
696 128
697 13
101 129
101 130
698 131
561 132
83 133
83 134
83 135
83 136
83 19
83 137
83 138
83 139
83 10
83 16
83 140
83 80
83 141
83 142
699 143
700 144
245 145
245 146
34 147
34 148
34 149
34 150
34 151
34 152
275 153
275 44
275 154
320 31
256 1
360 155
441 133
125 156
125 157
115 158
115 19
115 159
115 160
13 161
13 162
13 163
13 102
13 164
13 165
13 166
13 167
13 126
13 114
13 168
13 169
13 32
13 82
13 170
13 171
13 172
13 173
13 18
13 174
13 121
13 7
13 90
13 71
13 175
13 176
13 73
13 177
13 178
13 22
13 179
13 180
13 181
13 182
13 39
13 183
13 184
13 185
13 186
13 55
13 122
13 140
13 187
13 188
13 87
13 189
13 190
13 5
13 191
13 192
13 193
13 159
13 194
13 19
13 10
13 152
13 72
701 195
407 196
407 197
407 165
407 198
407 199
407 36
407 200
407 201
646 32
646 99
376 202
238 46
356 203
356 13
356 204
356 167
356 205
356 69
356 206
296 207
296 119
702 208
147 34
703 209
703 210
487 211
68 212
68 19
68 213
68 214
68 215
68 216
68 217
26 218
26 202
618 203
347 219
347 220
134 18
134 221
134 155
649 222
452 223
636 224
636 225
603 226
118 227
118 228
118 17
24 229
24 230
24 231
221 134
46 232
46 233
46 234
46 235
46 236
46 237
46 167
46 50
46 184
46 238
46 239
46 240
46 241
665 1
122 242
122 243
122 19
122 13
122 10
122 244
122 169
146 245
704 172
580 34
171 13
171 246
705 247
705 248
424 87
574 249
574 152
333 111
333 250
333 124
558 251
558 7
558 84
558 252
650 18
650 19
650 253
706 254
707 255
254 45
254 256
254 257
254 258
254 259
254 260
254 261
254 262
254 263
254 264
254 227
254 265
254 266
254 267
254 268
254 269
254 270
254 271
708 75
709 220
710 137
450 272
601 31
535 75
711 273
712 236
712 28
265 254
678 274
153 275
713 29
321 276
538 277
670 64
382 278
32 144
32 180
32 279
32 280
32 102
32 281
32 282
32 83
32 184
32 13
32 17
32 99
32 43
266 254
130 283
341 284
341 220
714 285
291 180
281 48
141 2
478 286
715 287
716 1
304 13
304 9
304 10
373 288
194 65
194 195
180 289
180 290
180 291
180 198
180 13
180 32
180 292
717 293
128 161
128 19
128 294
207 295
207 1
207 296
207 188
183 297
183 168
214 180
214 46
214 298
214 299
214 19
214 277
214 30
214 68
214 300
10 167
10 301
10 13
10 202
10 32
10 118
10 43
10 302
10 166
10 303
10 304
10 305
10 192
10 306
10 221
10 9
10 126
10 140
10 307
10 308
10 83
10 309
10 310
10 72
21 311
21 202
21 43
21 312
59 19
59 82
59 290
279 92
279 159
718 313
718 314
557 7
719 315
236 316
236 317
236 318
236 299
31 319
31 102
31 320
276 321
409 165
160 19
720 322
454 75
164 13
164 323
164 324
164 325
164 17
628 326
492 144
439 327
439 328
50 116
50 329
50 0
50 1
50 330
50 331
50 332
50 55
50 135
566 42
517 75
647 0
111 333
111 334
71 335
71 336
71 7
71 13
71 332
71 337
577 99
577 338
577 339
577 340
284 19
284 341
284 42
392 196
721 157
722 342
324 216
324 343
222 344
178 99
178 180
178 13
178 32
178 93
178 71
178 101
481 115
481 345
723 346
220 219
220 347
724 348
260 254
260 349
106 33
106 350
106 351
725 352
726 172
480 353
85 354
85 355
206 205
206 356
206 172
442 357
727 184
728 358
729 21
155 359
155 360
730 151
731 78
559 7
549 7
500 140
732 361
733 362
280 363
280 364
280 365
280 50
280 32
280 366
280 367
280 368
498 140
653 198
734 174
229 24
229 369
397 44
89 357
496 192
235 118
235 329
235 7
77 78
579 325
735 35
736 331
737 370
587 371
587 372
185 13
70 189
738 373
739 365
365 254
365 121
187 374
740 29
5 375
5 44
5 115
5 301
5 376
5 63
5 246
5 55
5 122
5 178
5 33
741 377
16 78
16 378
16 83
16 379
16 42
570 380
482 381
173 13
173 374
278 382
93 383
93 178
93 71
93 312
30 19
30 102
30 384
30 385
742 144
568 92
568 184
743 332
43 386
43 250
43 387
43 21
43 388
43 10
43 389
43 32
43 390
475 391
379 16
379 85
509 290
174 13
174 392
263 1
61 290
302 10
486 393
96 394
744 395
44 396
44 5
44 397
44 398
44 113
600 399
357 89
357 400
165 13
165 393
165 374
165 199
165 401
165 402
165 9
165 403
165 404
165 405
165 406
165 124
199 407
651 408
651 19
651 409
745 7
127 410
746 411
456 223
87 412
87 413
87 13
87 414
87 415
87 416
87 417
87 418
87 419
87 420
87 421
87 422
87 423
87 99
87 424
87 29
87 425
87 426
87 427
87 428
87 429
87 430
634 39
634 431
633 322
29 87
29 333
29 13
29 432
29 230
29 222
308 158
308 184
308 13
308 10
308 433
308 434
159 13
159 115
159 279
159 435
159 72
80 436
80 19
80 437
80 83
470 438
327 439
534 75
133 440
133 83
133 212
133 358
133 441
163 13
48 442
48 17
48 281
747 276
4 7
513 205
513 206
748 165
404 165
749 443
375 444
556 7
652 198
60 290
573 152
573 123
90 162
90 42
90 445
90 120
90 228
90 13
90 446
750 447
433 308
751 448
540 297
144 119
144 449
212 133
74 157
272 450
752 46
223 440
223 451
223 19
223 452
223 453
223 214
223 454
223 168
223 207
223 32
223 455
223 456
223 457
484 18
484 9
17 99
17 32
17 48
17 39
17 342
17 164
17 458
17 118
17 459
753 10
754 214
755 284
42 284
42 90
42 43
42 16
42 460
42 118
42 300
42 446
461 461
461 462
602 463
602 464
614 19
614 465
614 149
72 13
72 324
72 189
88 466
88 467
491 35
491 468
756 214
626 469
626 444
438 470
20 202
11 301
488 471
84 472
757 35
758 89
759 46
228 118
760 192
108 107
391 473
391 474
391 475
495 234
761 324
446 42
446 90
14 114
762 13
663 1
305 10
384 30
259 254
259 235
763 476
764 477
625 478
625 479
592 480
345 481
370 482
9 483
9 19
9 277
9 301
9 484
9 304
9 10
9 59
150 149
188 485
188 207
188 1
188 13
529 75
765 203
765 289
309 10
393 486
393 165
766 256
640 348
326 118
211 487
211 1
471 488
767 446
510 99
299 236
768 25
542 489
62 290
62 444
92 18
92 490
405 172
406 165
355 276
355 85
355 371
468 491
196 492
196 407
298 214
469 353
204 493
166 13
769 275
479 397
479 172
770 494
771 235
234 495
234 46
234 318
335 71
192 496
192 13
192 497
192 10
192 180
8 301
772 290
583 144
449 144
140 498
140 83
140 499
140 13
140 500
140 501
140 172
615 465
145 55
501 140
103 33
530 75
674 502
567 184
466 88
773 290
241 46
124 165
124 42
124 333
124 503
483 172
412 504
511 505
467 99
169 122
126 13
774 506
521 75
197 407
359 155
359 312
627 448
81 79
775 507
776 508
181 13
181 42
181 293
167 46
167 509
167 510
167 290
167 13
167 222
167 10
285 135
285 75
35 511
35 491
35 512
777 352
336 71
6 301
656 65
205 513
205 206
205 356
205 293
37 254
778 514
269 254
423 75
75 454
75 7
75 515
75 516
75 168
75 517
75 518
75 519
75 520
75 521
75 522
75 523
75 234
75 285
75 524
75 525
75 526
75 85
75 527
75 423
75 528
75 529
75 530
75 531
75 532
75 533
75 534
75 535
75 124
437 144
95 307
95 536
779 235
780 116
781 83
40 537
668 32
782 386
621 99
277 538
161 13
161 539
161 15
161 128
297 180
297 183
297 215
297 540
783 353
489 541
489 542
434 308
784 444
785 115
785 362
786 543
136 83
7 544
7 4
7 13
7 270
7 71
7 509
7 545
7 546
7 547
7 227
7 548
7 549
7 550
7 551
7 552
7 553
7 554
7 1
7 555
7 395
7 556
7 190
7 557
7 558
7 559
7 560
7 530
132 117
132 561
132 562
132 563
132 190
132 564
132 565
787 566
787 479
329 50
184 567
184 46
184 352
184 115
184 198
184 13
184 168
184 332
184 568
262 254
262 13
217 68
788 569
25 319
208 536
789 53
789 294
318 234
380 195
380 570
138 83
138 502
191 13
790 335
200 407
791 236
514 571
514 572
251 558
152 573
152 574
152 190
152 13
152 575
152 34
152 152
152 576
340 577
620 578
620 50
544 546
258 254
792 218
352 362
546 227
546 7
546 301
325 579
793 580
47 116
619 203
172 483
172 13
172 68
172 581
172 479
595 137
303 163
303 10
303 172
58 290
58 444
794 502
795 184
415 87
343 324
312 582
541 55
796 583
201 407
550 362
550 7
797 584
474 391
798 43
624 585
799 476
374 165
594 120
594 324
594 72
594 586
594 508
800 448
565 132
371 587
371 355
801 588
802 546
803 589
319 32
319 31
804 237
295 207
805 80
806 448
425 87
219 220
216 324
572 514
512 590
512 35
807 34
524 75
808 591
69 189
809 592
809 324
358 593
120 242
120 594
120 175
120 90
810 374
49 116
676 484
137 595
137 19
247 123
73 13
73 596
73 34
73 597
73 598
73 599
399 319
399 600
399 31
399 601
464 602
123 198
331 99
22 13
22 202
362 352
226 603
811 121
812 604
812 605
581 606
581 172
813 85
606 172
158 607
158 608
158 609
158 610
158 115
158 0
158 308
158 611
158 612
158 140
158 613
158 130
814 24
815 115
465 614
465 615
465 616
497 192
816 193
203 203
203 48
203 190
203 617
203 19
203 324
203 618
203 356
203 619
99 203
99 620
99 510
99 118
99 621
99 467
99 0
99 198
99 342
99 323
99 168
99 17
99 178
99 32
99 331
99 622
99 423
99 75
99 577
817 293
403 165
190 483
190 13
190 542
190 254
190 216
190 623
472 624
472 625
472 84
472 141
818 155
462 461
323 262
246 171
819 183
448 626
448 627
448 522
448 75
313 237
654 198
435 159
364 365
149 34
149 150
820 530
821 220
23 202
76 436
27 218
135 333
135 628
135 83
135 50
135 137
135 158
121 13
121 242
121 365
121 582
522 75
582 121
822 160
227 487
227 7
227 629
227 546
227 630
227 254
823 72
823 7
823 235
151 66
151 631
377 387
824 632
322 10
322 633
233 46
233 476
400 410
400 357
400 423
825 168
507 190
39 13
39 634
39 431
39 635
39 17
826 13
317 236
586 594
827 344
330 50
330 622
224 636
344 222
307 10
307 95
828 637
829 638
516 639
830 46
348 640
630 641
630 642
630 357
630 227
630 588
630 514
630 643
591 101
2 472
2 644
2 141
831 395
240 46
240 140
832 302
833 190
834 331
835 151
381 482
0 117
0 645
0 50
0 158
0 646
0 647
51 116
657 1
836 358
339 648
339 577
547 7
837 214
838 649
838 364
838 625
545 7
19 116
19 214
19 68
19 650
19 1
19 137
19 13
19 651
19 9
19 122
19 80
19 160
19 476
453 223
198 99
198 652
198 228
198 653
198 73
198 407
198 123
198 654
839 335
840 655
65 656
100 168
841 13
179 13
485 1
485 188
842 13
843 393
422 87
639 1
195 380
195 194
1 256
1 82
1 7
1 301
1 657
1 658
1 202
1 89
1 659
1 660
1 661
1 19
1 263
1 227
1 662
1 324
1 663
1 207
1 664
1 10
1 665
1 666
1 188
1 99
1 667
1 668
1 669
1 211
458 17
64 290
64 670
55 13
55 5
55 671
55 242
257 254
257 45
257 168
844 672
845 192
502 673
502 674
502 675
502 138
18 134
18 676
18 650
18 13
18 484
18 677
846 19
349 260
215 297
267 254
473 391
274 678
847 297
