635 0
636 1
637 2
582 3
126 4
126 5
126 6
126 7
275 8
275 9
275 10
275 11
471 12
471 13
471 14
431 15
38 16
38 17
38 18
184 19
184 20
184 21
184 22
184 23
184 24
184 25
638 18
639 26
639 27
639 28
640 29
641 4
504 30
504 31
611 32
135 4
507 33
346 34
384 35
341 36
341 37
642 38
643 39
43 40
43 41
43 42
43 43
644 44
599 45
555 46
555 47
645 48
413 49
413 50
389 51
389 39
454 52
109 4
109 53
646 54
646 1
646 55
646 56
646 9
604 57
610 58
541 18
541 59
255 60
255 61
255 62
255 63
255 64
647 65
243 66
243 67
648 68
608 69
649 70
179 35
179 71
128 72
128 73
128 18
128 74
128 4
128 75
650 76
651 77
198 78
198 79
226 80
226 81
226 82
226 83
547 68
378 84
378 85
101 86
101 61
101 4
101 87
101 88
101 89
652 90
653 26
192 4
192 91
192 92
654 93
168 94
451 95
451 96
242 67
212 97
655 98
380 99
380 100
380 101
656 102
503 6
657 103
333 104
333 105
333 37
333 106
319 95
319 84
228 80
232 94
288 107
288 108
288 109
288 110
288 111
288 112
481 113
493 114
175 115
465 116
240 117
240 118
240 73
437 119
658 120
658 14
343 121
659 81
4 122
4 123
4 124
4 125
4 126
4 127
4 128
4 33
4 114
4 50
4 129
4 130
4 131
4 132
4 133
4 134
4 105
4 73
4 135
4 136
4 137
4 138
4 87
4 101
4 39
4 139
4 140
4 141
4 142
4 2
4 143
4 144
4 145
4 146
4 147
4 148
4 149
4 150
4 151
4 152
4 3
4 109
4 153
4 154
4 155
4 156
4 157
4 158
4 159
4 160
4 161
605 20
270 162
270 163
270 164
270 165
436 104
436 166
436 167
436 168
436 169
129 4
129 170
129 171
256 61
256 140
256 172
256 9
256 58
256 33
660 173
661 62
115 174
115 175
115 176
115 177
304 178
662 179
376 107
376 44
376 180
376 181
376 182
376 183
663 184
664 156
665 87
41 42
41 104
41 185
41 186
41 187
41 188
41 189
41 190
141 4
141 134
666 191
143 4
143 2
143 102
91 192
331 193
667 157
21 50
134 194
134 195
134 4
134 196
134 159
134 197
214 73
214 159
78 198
78 199
120 28
47 2
47 200
47 104
47 201
47 202
47 44
47 164
47 84
47 203
47 204
47 205
342 206
195 46
195 58
195 75
195 207
52 0
52 208
159 209
159 210
159 211
159 212
159 213
159 104
159 134
159 214
159 215
159 204
159 216
417 217
597 30
353 218
474 95
359 219
359 220
359 221
359 222
359 39
359 223
668 74
314 224
375 152
375 225
80 226
80 227
80 228
669 229
446 188
488 230
16 38
16 231
94 232
94 44
94 233
94 234
94 235
94 236
94 163
310 237
670 226
383 238
155 4
671 20
377 239
117 240
117 241
67 76
67 242
67 243
364 35
672 157
673 244
236 94
236 245
236 246
236 247
419 248
674 249
674 250
675 114
61 251
61 252
61 253
61 254
61 18
61 255
61 95
61 256
457 257
457 32
676 67
676 258
677 184
574 2
574 259
249 217
249 260
678 241
679 261
58 107
58 158
58 104
58 262
58 263
58 264
58 126
58 233
58 265
58 266
58 267
58 62
58 50
58 256
58 161
162 268
162 140
162 269
162 174
162 242
162 270
162 98
616 73
680 211
523 271
490 73
490 272
601 213
601 75
432 4
432 15
432 5
432 273
586 274
586 275
586 276
681 277
600 4
682 278
519 73
519 279
519 6
519 280
469 281
153 4
683 212
28 282
136 4
136 283
684 278
685 284
514 285
514 101
393 286
393 287
537 70
112 288
516 289
516 122
516 266
686 290
269 162
269 233
269 291
427 292
427 140
528 293
687 294
233 295
265 296
163 270
163 44
525 139
525 297
164 47
164 298
164 299
164 270
164 58
164 33
520 284
252 61
688 300
92 301
92 192
87 302
87 303
87 304
87 73
87 305
87 30
87 191
87 306
87 95
87 307
87 101
87 308
87 309
87 310
689 311
407 312
407 313
172 314
172 256
74 8
74 128
74 315
74 316
74 317
51 52
690 318
75 319
75 320
75 321
75 84
75 195
75 128
75 215
511 277
511 322
60 323
60 161
60 324
60 255
23 184
23 325
691 326
82 80
581 3
692 327
71 179
693 315
693 254
221 137
42 41
42 43
421 328
421 329
245 30
548 330
694 252
695 169
193 331
193 81
696 332
37 333
37 334
37 335
37 336
37 291
37 44
37 337
37 338
37 339
37 87
37 340
37 341
697 130
33 164
33 108
698 50
699 342
132 4
121 343
121 344
422 345
700 346
701 347
456 348
430 349
430 350
430 351
430 158
218 352
218 353
218 354
218 102
218 318
48 94
48 355
48 356
618 190
702 357
96 95
88 358
39 359
39 104
39 4
39 12
39 13
39 101
39 170
39 360
39 361
448 362
703 363
704 364
705 365
706 366
706 367
706 368
429 6
251 73
251 108
467 334
281 191
321 75
707 369
372 231
372 370
633 371
633 250
708 212
289 104
289 87
200 47
123 170
123 4
709 284
710 78
231 87
231 372
26 373
26 273
26 374
26 104
711 4
712 105
712 375
357 273
357 148
138 4
138 2
183 376
713 377
713 154
225 378
410 32
410 379
714 291
100 380
100 44
562 6
485 381
239 377
570 107
434 165
408 216
103 382
715 383
426 140
716 384
387 147
385 385
412 147
717 305
64 386
97 212
149 4
149 75
147 170
147 4
147 387
718 290
719 388
241 117
720 389
442 188
619 129
177 115
177 390
379 120
379 391
721 11
722 347
201 47
367 392
66 243
723 4
287 393
287 394
35 384
35 179
35 395
587 215
86 101
724 218
725 31
726 104
727 164
496 114
388 200
388 396
388 397
85 378
728 398
268 162
268 399
729 90
729 58
730 87
497 148
498 114
263 84
263 114
373 400
423 247
423 401
731 402
585 215
303 87
238 159
732 403
307 73
567 6
567 404
406 405
406 406
313 407
181 376
244 212
216 408
216 98
32 383
32 409
32 410
32 70
72 411
542 35
283 412
49 413
733 414
415 415
415 332
510 68
734 416
735 3
161 60
161 122
161 9
335 37
217 1
217 417
217 249
473 418
736 171
737 302
248 419
248 170
248 6
623 107
738 226
447 188
98 216
739 44
458 420
740 274
328 421
345 422
401 423
741 370
439 291
483 424
483 425
483 338
742 381
743 275
140 426
140 427
140 4
140 162
140 428
140 256
744 429
350 430
745 150
17 38
15 431
15 432
479 246
549 73
549 330
189 2
189 41
274 229
274 409
746 38
746 433
747 4
55 56
748 402
336 37
336 414
79 48
165 434
165 270
749 435
630 278
428 140
750 305
750 356
750 154
139 4
139 12
139 95
167 436
394 6
751 84
127 104
127 4
292 140
752 387
89 101
119 437
209 438
753 137
754 109
291 269
291 439
291 340
291 73
755 50
755 440
596 30
282 120
374 15
323 60
323 157
756 68
237 305
56 262
571 107
571 441
531 126
531 152
99 324
327 438
188 442
188 2
188 443
188 444
188 445
188 41
188 446
188 114
188 284
188 447
188 39
757 341
1 217
83 226
758 331
584 206
362 448
362 449
381 399
759 450
438 117
438 209
438 327
475 451
583 452
299 30
299 390
299 27
760 453
298 454
761 233
762 455
763 366
7 4
7 159
348 456
257 99
257 139
257 156
257 457
354 37
354 137
764 94
455 359
301 91
301 92
765 39
564 6
564 422
106 333
766 271
487 2
487 458
487 459
487 460
487 127
487 461
487 462
487 463
487 464
487 164
614 73
614 125
352 465
220 45
220 359
617 466
22 184
613 73
486 460
334 231
334 467
334 468
334 469
324 366
324 99
324 161
324 470
12 471
12 102
12 39
320 472
116 465
418 473
95 438
95 451
95 474
95 319
95 96
95 475
95 139
95 114
95 118
95 392
95 476
95 477
81 478
81 226
81 479
81 179
286 480
286 2
286 393
767 481
768 465
768 482
526 273
492 114
769 104
424 115
424 483
529 484
337 485
770 384
312 407
771 249
772 486
620 145
773 87
460 487
505 31
505 472
774 488
254 61
254 489
254 145
272 490
114 127
114 305
114 491
114 492
114 493
114 188
114 494
114 137
114 495
114 496
114 497
114 95
114 498
114 499
114 500
114 263
114 112
114 501
114 502
775 4
332 212
563 503
31 383
31 108
31 504
31 505
31 301
31 84
76 391
76 67
276 506
276 243
276 507
776 508
277 509
277 510
277 511
300 512
18 73
18 513
777 295
778 44
779 61
360 39
780 82
781 310
285 514
285 356
5 213
5 126
5 515
5 432
266 516
25 184
782 268
782 517
783 518
280 519
784 162
785 392
785 174
156 4
156 257
156 354
156 98
156 520
470 521
470 324
513 522
513 18
271 523
535 170
535 137
8 524
8 275
8 398
8 74
133 4
150 4
786 449
472 320
297 12
297 525
169 320
253 61
279 519
279 108
65 526
208 52
787 527
788 436
459 487
293 363
293 528
789 529
594 30
790 76
260 530
791 0
151 4
792 227
152 531
793 242
185 41
185 532
186 41
53 13
53 148
227 433
395 35
170 533
170 123
170 4
170 534
170 248
170 147
170 39
170 535
794 236
795 536
295 233
295 296
69 184
0 73
0 537
495 114
203 47
329 538
329 539
329 329
796 540
370 372
797 541
105 333
44 163
44 47
44 37
44 542
14 452
14 471
14 227
798 324
799 75
318 218
318 543
800 350
416 73
416 544
801 402
59 545
59 176
59 541
392 546
344 121
68 547
330 548
330 114
330 549
330 550
330 551
330 552
330 553
330 554
261 179
802 76
46 555
803 556
609 382
6 557
6 558
6 394
6 126
6 248
6 559
6 560
6 73
6 561
6 562
6 563
6 564
6 565
6 566
6 567
6 162
6 429
6 519
6 79
6 404
6 345
6 568
804 352
107 3
107 569
107 570
107 571
107 4
107 84
107 572
107 376
107 309
107 432
2 100
2 519
2 573
2 574
2 575
2 487
2 138
2 143
2 576
2 577
2 189
2 381
2 578
2 579
2 580
2 432
400 373
805 3
194 134
3 581
3 4
3 84
3 582
482 352
482 9
210 159
452 583
452 14
187 41
206 584
206 342
546 392
339 37
339 542
222 83
222 359
215 585
215 586
215 73
215 276
215 75
215 587
122 4
122 516
122 161
806 73
807 148
305 355
305 588
305 237
305 589
305 114
305 87
305 590
420 458
30 591
30 245
30 592
30 504
30 202
30 593
30 299
30 594
30 87
30 595
30 596
30 94
30 597
30 247
30 598
30 205
30 432
808 170
45 220
45 599
809 137
810 402
810 479
102 12
137 600
137 535
204 159
213 5
213 601
811 98
84 47
84 178
84 378
84 9
84 263
84 31
84 519
812 170
308 87
813 105
814 191
815 381
414 37
405 406
816 73
178 84
178 602
142 4
817 152
818 489
819 603
158 4
158 58
158 430
57 604
20 9
20 184
20 605
820 4
524 8
441 571
543 84
821 606
822 13
822 607
823 608
382 609
382 103
171 402
171 610
171 129
171 327
824 611
825 12
517 381
559 332
826 612
560 6
229 274
108 8
108 279
108 33
73 251
73 613
73 0
73 18
73 614
73 4
73 87
73 266
73 615
73 214
73 128
73 616
73 229
73 490
466 617
827 159
828 61
552 330
309 87
190 618
190 41
356 198
363 354
450 1
450 575
468 334
829 286
145 619
145 620
145 621
145 622
145 254
145 4
145 623
145 624
145 522
145 50
9 413
9 625
9 482
9 116
9 258
9 263
9 256
351 430
830 212
148 320
148 357
148 53
148 4
148 497
148 626
148 33
148 627
148 628
338 115
284 520
831 4
832 472
833 629
834 630
575 366
575 2
575 450
70 352
70 353
445 188
104 289
104 333
104 334
104 47
104 41
104 127
104 268
104 58
104 94
104 39
104 631
404 632
404 422
340 353
340 402
340 291
340 531
340 84
340 37
340 93
340 274
340 23
250 633
835 634
267 94
267 73
836 212
316 74
