542 0
372 1
372 0
82 2
174 3
174 4
174 5
174 6
543 7
40 8
40 9
40 10
40 11
40 12
40 13
40 14
40 15
1 16
59 17
59 18
59 19
59 20
76 21
76 22
76 23
76 24
76 25
447 7
447 26
197 27
249 28
288 29
288 30
288 31
234 32
544 33
545 34
546 35
424 36
364 37
364 38
364 39
14 40
14 41
14 42
14 10
14 43
547 39
373 44
371 44
371 45
548 46
549 5
147 45
139 47
139 48
139 49
139 50
139 51
139 52
139 53
139 54
139 25
139 55
406 47
550 56
235 32
186 57
186 58
17 59
17 20
133 60
133 61
133 62
133 2
133 63
133 64
133 43
24 65
24 66
84 67
84 68
84 69
113 67
113 70
366 71
506 72
506 73
118 74
118 67
262 75
262 76
551 25
551 77
481 78
552 79
552 80
320 81
553 82
77 83
69 84
69 2
69 85
442 86
442 87
554 88
555 89
323 90
434 91
12 92
12 93
12 94
12 40
12 15
12 95
275 96
275 13
275 97
162 98
162 23
162 2
162 99
162 100
162 101
162 25
162 102
449 7
449 103
467 104
467 105
110 67
110 106
340 107
340 2
67 108
67 109
67 110
67 111
67 55
67 84
67 112
67 113
67 114
67 115
67 116
67 25
67 117
67 45
67 118
67 119
67 68
67 2
67 120
67 121
67 122
67 123
67 4
67 124
67 125
67 126
67 86
67 127
67 128
462 129
136 130
556 131
246 132
246 83
246 133
246 20
246 134
298 135
130 136
503 63
215 2
55 137
55 138
55 139
55 140
55 141
55 142
55 143
55 136
55 144
55 145
55 146
557 65
329 87
45 4
45 147
45 109
45 35
45 67
45 148
45 2
45 149
45 135
45 150
45 151
558 152
41 153
41 14
439 45
435 154
365 155
365 156
365 157
559 158
560 130
561 159
394 160
493 161
98 162
304 25
562 163
563 164
564 165
211 2
443 130
443 66
70 166
37 167
37 39
565 168
401 4
401 169
401 170
49 171
49 139
276 116
445 172
445 91
566 152
566 173
5 174
66 65
66 175
66 116
66 176
66 177
375 178
375 103
15 179
15 180
15 12
15 2
15 40
15 76
485 181
485 182
58 183
58 57
58 184
58 185
58 50
58 186
58 187
58 188
58 24
58 189
58 190
567 165
568 191
436 192
148 45
531 193
569 86
570 23
393 194
121 67
121 25
432 21
432 195
476 196
27 197
571 198
349 199
349 131
349 200
540 165
2 201
2 202
2 203
2 204
2 205
2 46
2 206
2 82
2 207
2 208
2 133
2 209
2 15
2 100
2 162
2 210
2 211
2 212
2 213
2 214
2 215
2 216
2 217
2 218
2 219
2 23
2 161
2 220
2 221
2 36
2 222
2 223
2 74
2 4
2 224
2 29
2 126
2 67
2 225
2 226
2 128
2 227
2 228
2 229
229 2
149 85
374 139
374 178
374 153
123 67
123 230
123 231
123 232
32 233
32 234
32 235
32 236
32 237
32 53
32 238
32 239
196 240
446 241
446 242
446 243
386 244
386 245
16 246
345 247
572 162
28 248
28 249
28 42
573 85
158 187
574 42
433 103
360 250
360 2
360 176
360 76
575 251
575 252
576 253
524 86
428 254
437 154
459 255
459 85
451 256
577 126
577 223
22 76
187 257
187 224
187 258
187 130
187 86
187 13
187 66
187 158
187 259
361 260
578 261
75 262
471 263
74 3
74 67
74 264
74 265
106 110
23 162
23 67
23 71
23 76
278 4
278 45
278 266
278 267
278 7
278 1
278 58
521 223
521 234
13 34
13 268
13 269
13 270
13 271
13 272
13 40
13 187
13 273
13 59
13 274
13 275
13 85
376 178
579 86
116 276
116 277
116 176
580 278
536 219
536 279
306 25
353 85
225 2
581 280
420 47
420 281
250 282
250 203
250 283
250 67
250 284
250 2
250 285
250 123
293 4
293 286
489 93
30 4
30 287
30 288
30 289
30 290
30 291
30 292
30 165
535 293
269 294
269 13
327 65
327 50
327 295
327 296
327 24
11 40
429 297
135 45
135 298
582 2
60 133
367 93
367 299
367 126
465 300
150 45
150 301
339 302
299 94
583 303
25 83
25 139
25 304
25 157
25 162
25 76
25 305
25 306
25 68
25 307
25 308
25 67
25 309
25 66
25 121
25 310
25 65
25 231
25 311
25 312
25 176
584 313
584 166
317 314
247 185
585 315
586 316
530 35
416 47
314 317
587 139
588 318
261 319
230 123
81 320
81 42
589 321
50 139
50 322
50 187
50 66
50 65
50 58
50 55
90 323
590 67
590 44
422 47
359 2
359 324
176 65
176 66
591 325
591 326
592 72
333 87
221 2
221 243
221 236
469 62
259 86
296 150
296 327
296 107
296 328
87 329
87 330
87 45
87 139
87 331
87 332
87 217
87 333
87 334
87 335
87 336
87 337
404 338
302 339
107 66
107 63
107 340
593 25
213 2
213 0
594 93
508 72
525 341
595 321
596 7
379 342
379 343
597 275
272 13
598 25
400 280
152 72
94 344
337 45
337 87
599 345
385 67
385 214
385 346
600 347
600 348
199 349
601 344
284 250
277 116
18 59
18 350
602 351
201 2
438 35
6 174
6 5
6 288
316 7
112 67
112 129
603 24
132 352
132 246
604 51
452 353
452 354
452 355
605 275
430 67
430 356
474 191
474 357
309 358
309 77
99 162
324 359
324 360
260 361
606 362
305 25
607 363
155 364
155 365
155 156
71 4
71 366
71 367
71 162
71 368
71 23
71 369
427 35
608 370
44 371
44 4
44 41
44 372
44 130
44 373
609 231
178 374
178 7
178 375
178 376
178 103
610 4
56 377
611 344
612 378
613 356
614 35
128 67
43 379
43 133
615 194
615 380
616 29
617 381
618 276
369 71
619 39
495 382
515 79
515 383
391 194
620 154
514 72
64 315
64 133
384 384
463 312
390 194
621 338
214 385
53 32
53 139
244 386
194 387
194 321
194 388
194 389
194 390
194 391
194 392
194 393
194 123
622 394
623 74
117 395
624 396
46 7
46 154
625 13
484 13
237 24
342 379
448 7
626 64
377 271
627 303
180 15
180 397
628 15
629 398
248 28
516 399
516 334
630 203
322 134
322 91
96 400
541 274
541 97
631 401
632 223
169 401
383 402
383 315
383 62
383 403
633 165
338 404
292 30
634 405
47 139
47 406
47 407
47 408
47 409
47 100
47 410
47 411
47 384
47 281
47 412
47 23
47 413
47 414
47 415
47 416
47 417
47 4
47 418
47 419
47 420
47 421
47 422
635 224
68 67
68 84
68 423
68 139
68 25
36 424
636 425
240 196
637 426
638 427
254 428
297 429
297 136
348 123
639 187
38 364
640 124
355 50
356 430
641 431
642 7
170 401
185 58
185 76
195 432
195 370
643 433
480 283
154 398
154 319
154 162
154 35
154 46
154 434
154 435
154 436
154 192
154 437
154 123
494 161
426 4
426 411
426 347
426 35
426 438
426 439
426 203
358 295
358 312
10 40
10 93
10 14
378 93
378 118
533 440
413 47
103 7
103 178
644 114
344 441
142 20
500 2
387 194
332 139
332 87
308 442
308 25
188 348
188 35
645 383
645 443
645 304
151 383
646 325
61 133
647 9
264 83
264 321
8 10
172 444
172 445
243 250
243 446
243 219
243 221
7 447
7 34
7 178
7 278
7 448
7 360
7 103
7 123
7 25
7 449
7 450
648 79
402 383
649 23
85 451
85 4
85 452
85 453
85 454
85 162
85 43
85 243
85 455
85 456
85 457
85 458
85 149
85 415
85 190
85 459
85 460
650 63
651 461
652 231
652 85
119 67
499 359
653 295
129 462
129 139
350 18
654 321
312 463
398 154
265 74
501 464
655 89
655 185
656 7
175 66
475 191
171 49
657 194
300 465
658 466
104 467
526 341
108 67
271 377
255 468
255 49
255 459
226 2
209 2
354 452
659 295
21 432
21 88
21 258
190 283
660 162
301 150
301 20
258 37
661 359
662 44
492 250
663 194
663 430
62 383
62 45
62 469
62 133
62 35
203 15
488 67
192 436
216 470
263 471
664 12
217 1
217 45
217 87
665 472
666 364
39 37
242 241
242 15
242 446
242 473
191 474
191 475
667 3
667 389
668 39
669 349
388 194
670 377
671 476
672 477
491 289
673 449
231 123
65 443
65 66
65 176
674 478
675 304
470 479
470 216
283 480
100 162
100 481
100 482
100 483
100 2
156 365
676 100
676 484
328 66
287 334
287 30
677 485
677 82
93 8
93 378
93 486
93 487
93 10
93 367
93 12
93 440
93 488
93 489
93 490
210 2
389 194
389 159
520 482
289 4
289 30
289 491
678 2
679 492
680 450
681 59
682 25
153 374
153 41
325 86
683 139
683 24
161 493
161 72
161 2
161 494
173 72
684 2
382 495
382 445
685 496
685 2
4 289
4 30
4 497
4 85
4 498
4 50
4 45
4 499
4 71
4 2
4 250
4 293
4 490
497 41
497 4
266 278
266 196
441 303
403 383
461 86
686 65
687 441
687 43
222 500
222 85
26 447
411 426
411 47
411 66
411 116
464 501
319 154
529 502
78 481
206 2
63 503
63 133
537 423
688 504
72 74
72 294
72 505
72 204
72 504
72 506
72 223
72 507
72 126
72 493
72 431
72 161
72 508
72 509
72 152
72 510
72 511
72 512
72 513
72 514
72 173
689 86
690 247
380 56
79 515
691 4
334 287
334 87
334 154
334 516
522 126
241 242
241 446
460 85
692 223
692 2
693 517
693 88
256 451
256 518
256 519
256 376
0 213
182 181
482 100
482 520
181 485
415 47
694 35
223 521
223 2
204 72
204 2
126 367
126 67
126 129
126 2
126 522
126 72
523 523
86 524
86 461
695 433
696 58
57 58
341 525
341 526
341 527
341 528
341 529
341 190
109 45
111 67
697 29
303 441
698 20
699 25
700 25
280 400
280 96
35 426
35 530
35 45
35 62
193 531
193 372
539 532
440 533
335 87
701 66
233 65
286 534
286 4
286 535
286 293
218 2
219 466
219 536
219 243
219 76
423 139
423 68
423 537
291 30
702 538
97 275
703 539
703 390
704 119
444 172
165 540
274 541
274 13
228 2
