196 0
196 1
196 2
196 3
196 4
196 5
196 6
196 7
196 8
613 9
591 10
386 11
370 12
47 13
47 14
47 15
472 16
66 17
66 18
66 19
66 20
138 21
138 22
138 23
138 24
614 25
183 26
206 27
615 28
616 29
617 0
618 30
619 31
619 32
619 33
392 20
620 34
620 35
621 36
571 37
571 38
571 39
571 40
571 22
571 41
571 42
571 31
571 36
571 43
571 44
572 39
587 45
587 46
13 17
13 47
13 48
13 49
13 50
13 51
13 52
13 53
13 54
13 55
348 7
348 56
348 9
348 57
348 58
227 59
227 60
227 61
361 62
361 63
411 64
158 59
158 0
158 35
158 65
18 17
18 66
18 67
18 68
476 69
465 70
400 71
147 72
160 59
160 17
160 73
160 74
160 60
280 75
582 76
511 7
433 77
433 78
602 79
592 80
241 81
241 82
336 83
336 84
336 85
443 86
443 87
443 35
443 10
478 7
478 88
478 89
478 33
622 90
332 91
332 92
209 93
212 94
212 95
126 96
126 97
126 98
126 99
126 100
126 101
126 102
126 103
126 104
126 105
126 106
126 107
126 7
126 108
126 109
126 110
126 111
126 0
126 112
126 113
126 114
126 115
126 93
126 116
322 113
322 117
322 118
322 119
322 120
322 100
536 121
410 122
410 61
410 123
410 64
410 31
410 124
410 125
107 126
354 127
354 26
605 65
417 35
417 128
623 129
108 126
108 130
378 131
554 81
344 132
624 1
144 7
144 133
144 134
144 135
54 13
54 136
54 137
54 20
190 138
190 139
625 140
381 141
626 127
561 81
349 129
334 142
294 143
294 5
294 144
459 145
459 146
72 129
72 147
72 148
72 24
627 69
17 96
17 149
17 150
17 40
17 66
17 15
17 68
17 151
17 60
17 152
17 153
17 154
17 155
17 105
17 35
17 156
17 157
17 63
17 13
17 158
17 7
17 45
17 32
17 159
17 160
17 161
17 81
17 44
17 162
17 163
628 164
628 48
523 165
523 23
523 113
19 66
148 166
629 167
629 168
629 169
630 170
458 146
314 0
314 171
372 172
261 26
261 49
261 45
261 32
261 173
261 174
261 175
261 176
431 78
365 177
631 178
302 179
302 171
632 126
632 180
633 181
289 182
289 149
289 183
289 184
289 185
289 186
289 176
50 13
184 75
634 17
634 187
139 188
139 96
139 80
139 189
139 190
139 191
139 192
139 193
139 194
139 53
139 195
635 196
8 196
8 197
205 198
205 199
205 200
205 201
636 202
569 203
569 204
199 205
198 206
198 205
5 196
505 207
505 84
324 208
93 209
93 126
93 93
30 210
367 88
367 211
637 144
94 212
94 213
638 214
150 17
150 215
150 216
150 81
150 217
413 166
42 41
59 218
59 131
59 219
59 109
59 220
59 221
59 222
59 223
59 224
59 91
59 186
59 225
59 35
59 180
59 164
59 226
59 227
59 62
59 158
59 184
59 18
59 32
59 121
59 68
59 228
59 229
59 160
59 230
59 81
59 231
59 232
59 233
59 234
59 235
639 236
640 237
246 238
246 239
641 225
217 31
217 240
217 241
642 62
643 23
565 59
565 242
87 73
383 243
383 244
383 35
383 245
383 48
226 125
226 80
226 59
226 33
226 0
239 246
644 247
645 127
496 113
295 248
295 249
295 250
295 251
295 252
295 253
295 254
295 255
3 256
3 257
26 0
26 258
26 259
26 260
26 261
26 174
26 262
359 61
646 62
647 263
32 69
32 23
32 264
32 265
32 266
32 267
32 17
32 35
32 261
32 138
32 268
32 59
32 269
109 270
109 62
109 271
109 126
109 59
109 246
159 0
159 272
159 45
401 71
545 0
229 59
46 273
46 274
46 275
46 276
230 91
310 277
391 278
648 279
649 280
650 96
258 26
651 142
652 81
435 78
567 281
220 59
220 24
96 282
96 283
96 284
96 154
475 285
154 15
154 96
154 61
154 47
154 17
463 80
463 35
97 286
97 144
259 26
259 287
271 123
653 288
387 289
540 237
540 0
215 39
215 150
215 176
215 290
215 291
654 292
169 74
655 91
656 293
345 132
170 53
170 294
170 170
170 295
612 296
612 297
612 298
252 295
579 127
330 299
330 300
657 13
581 301
658 125
363 167
659 33
362 167
358 105
163 17
163 7
163 302
556 281
556 303
556 251
556 304
175 217
175 249
308 232
660 305
232 306
232 307
232 308
232 309
661 0
661 263
661 113
247 69
662 310
282 96
379 131
331 129
492 309
442 86
442 137
290 138
501 311
171 312
171 302
171 313
171 0
171 80
171 314
171 315
323 316
323 317
663 318
663 319
664 36
665 320
266 321
208 216
208 26
208 322
208 323
208 324
208 132
456 325
178 326
178 287
666 189
69 39
69 247
69 275
69 32
69 327
69 160
179 302
607 328
667 329
299 330
63 129
63 331
92 91
92 332
92 85
668 333
669 316
555 17
421 133
670 32
671 61
436 78
672 144
142 334
142 335
142 251
673 336
674 164
674 336
674 113
674 337
27 338
117 322
675 212
286 133
277 0
539 202
219 339
219 340
585 341
15 17
15 154
132 342
132 208
132 343
132 344
132 329
132 345
132 45
132 59
132 346
132 347
56 348
55 13
676 349
68 17
68 59
68 274
68 18
319 350
677 349
2 351
2 352
2 196
85 92
85 353
85 354
85 355
85 356
85 336
85 357
678 358
191 105
61 0
61 14
61 47
61 359
61 51
61 360
679 232
600 173
680 124
680 130
62 59
62 361
167 362
167 363
177 364
177 67
177 365
264 366
200 205
681 10
544 45
88 367
269 267
269 32
682 368
683 86
684 227
685 125
685 369
506 84
181 78
12 370
12 371
686 372
356 85
687 373
688 348
424 78
689 374
182 289
131 17
131 143
131 375
131 376
131 377
131 378
131 379
593 380
593 80
690 381
399 71
366 382
52 13
455 166
176 66
176 215
141 381
14 47
245 383
691 155
532 384
513 385
471 105
692 261
11 386
520 23
531 64
134 364
186 387
210 30
210 323
394 388
394 389
394 390
278 391
278 220
211 367
211 10
20 66
20 392
20 54
162 17
162 81
693 145
481 393
694 370
694 12
389 0
389 394
389 395
389 396
574 397
71 398
71 80
71 399
71 31
71 400
71 401
316 30
316 351
316 323
316 402
40 17
437 105
437 403
437 346
100 126
100 322
293 404
101 126
609 232
609 65
518 23
207 405
695 406
368 368
444 407
696 131
527 23
306 232
4 408
4 196
697 81
31 409
31 410
31 216
31 411
31 412
31 413
31 129
31 217
31 220
31 414
195 139
161 17
161 26
161 415
698 332
559 81
699 59
699 416
317 323
700 274
701 170
701 417
702 418
702 419
702 420
702 421
586 129
586 151
78 422
78 423
78 424
78 425
78 426
78 427
78 67
78 428
78 429
78 430
78 431
78 432
78 433
78 434
78 435
78 436
78 352
703 328
129 72
129 91
129 437
129 31
129 438
129 349
129 331
243 383
274 26
274 68
274 439
502 440
452 75
222 441
398 71
86 442
86 260
86 443
407 444
704 72
48 445
439 274
75 446
75 447
75 287
75 82
75 227
75 448
75 449
75 184
75 450
75 36
75 443
75 451
75 75
75 452
75 453
583 66
583 454
166 455
166 148
325 456
580 457
329 307
329 132
146 458
146 459
292 225
705 460
276 74
276 113
276 124
276 46
706 461
342 132
707 0
396 389
708 5
709 65
429 78
611 462
498 463
498 247
498 113
710 338
710 265
710 464
711 222
70 465
712 26
313 466
313 171
74 380
74 279
74 169
74 467
74 468
74 276
74 469
74 470
713 410
714 363
105 358
105 151
105 471
128 35
21 138
715 359
238 246
238 472
716 75
249 175
249 81
249 295
7 348
7 196
7 126
7 17
7 64
7 163
7 473
489 474
717 395
240 217
718 59
285 475
364 177
364 134
202 476
202 113
584 230
570 39
719 137
49 13
49 477
720 89
720 478
721 200
114 126
722 26
538 479
538 480
149 464
149 33
149 289
102 126
393 410
393 481
393 482
541 17
541 0
541 433
487 122
151 105
723 483
550 81
122 484
122 39
122 271
122 49
122 485
122 4
122 60
122 486
122 487
122 408
122 488
201 205
724 348
474 489
262 26
262 274
725 186
726 348
248 295
143 131
143 294
172 372
172 490
251 142
251 295
197 8
90 329
309 491
309 232
309 492
608 65
432 77
494 81
727 493
558 494
728 495
729 74
115 126
113 23
113 202
113 496
113 39
113 126
113 497
113 322
113 176
113 498
730 81
174 26
174 261
731 91
731 499
732 117
733 171
311 500
311 501
311 26
301 0
33 149
33 478
33 161
33 26
33 502
33 226
135 503
135 144
466 313
267 269
486 122
734 504
549 81
84 505
84 506
84 507
84 508
84 509
84 207
84 336
84 405
84 365
84 510
566 281
307 232
307 329
250 295
735 26
253 295
473 511
164 59
164 23
164 281
164 512
385 0
385 513
590 514
512 281
283 82
95 212
228 59
228 272
228 46
736 515
23 96
23 516
23 517
23 113
23 208
23 518
23 79
23 519
23 520
23 521
23 522
23 274
23 523
23 32
23 524
23 283
23 164
23 525
23 526
23 352
23 527
737 523
738 92
213 528
44 17
530 529
234 59
739 59
287 75
529 530
98 126
740 278
64 7
64 410
64 471
64 531
509 84
384 532
610 507
152 17
152 26
152 98
152 113
136 54
412 138
576 5
576 533
82 283
741 216
272 80
272 159
272 228
272 534
428 3
428 212
428 78
124 535
124 243
124 331
124 80
450 75
374 81
121 59
121 536
165 537
0 389
0 538
0 301
0 294
0 539
0 171
0 540
0 274
0 541
0 138
0 159
0 196
0 542
0 80
0 212
0 126
0 61
0 226
0 295
0 26
0 158
0 543
0 544
0 545
0 63
0 530
0 546
9 348
81 547
81 249
81 150
81 17
81 548
81 549
81 550
81 551
81 552
81 553
81 554
81 329
81 555
81 374
81 90
81 89
81 556
81 557
81 558
81 231
81 559
81 560
81 162
81 561
81 562
137 129
137 442
137 54
448 75
224 59
224 563
233 59
497 113
575 564
575 225
427 78
742 415
304 17
743 5
257 3
242 565
242 374
434 78
744 320
281 566
281 286
281 556
281 567
281 164
281 568
589 335
470 74
303 569
425 78
39 113
39 570
39 117
39 122
39 126
39 215
39 571
39 572
123 271
35 463
35 340
35 158
35 417
35 17
35 274
35 32
35 59
745 282
156 17
156 81
746 84
568 215
568 281
747 165
588 544
588 266
588 573
397 574
564 575
533 576
110 99
73 577
73 274
73 578
73 228
73 160
748 579
749 282
457 580
457 581
604 582
604 65
125 226
125 255
454 583
750 306
25 61
353 85
477 49
751 584
236 585
127 26
480 538
752 586
45 587
45 274
45 588
45 544
45 589
514 590
10 211
10 591
80 592
80 0
80 113
80 593
80 139
753 594
51 61
41 42
120 322
157 17
157 0
157 595
157 596
754 127
754 288
291 215
221 59
221 230
221 326
221 597
755 75
596 157
83 336
260 86
756 598
757 227
758 599
173 600
759 601
759 13
760 151
133 286
79 23
79 602
761 603
91 92
91 59
275 46
76 604
65 605
65 606
65 607
65 604
65 328
65 608
65 609
507 610
507 84
462 611
563 224
298 612
