191 0
191 1
191 2
191 3
191 4
191 5
191 6
191 7
191 8
191 9
191 10
191 11
191 12
191 13
191 14
191 15
191 16
191 17
239 18
239 19
239 14
239 20
532 21
532 22
532 23
532 24
632 25
435 26
29 27
399 10
399 28
399 29
399 30
25 31
25 32
25 33
25 34
25 35
25 36
25 37
25 38
25 39
25 40
25 5
25 41
25 42
633 24
258 43
258 44
91 45
91 46
91 47
91 48
91 49
91 50
91 51
101 52
119 53
119 54
613 55
211 14
211 56
211 44
496 57
316 58
634 59
3 60
3 61
3 62
3 63
3 64
3 59
3 65
3 66
3 67
3 68
445 69
364 70
364 3
635 71
636 72
604 73
106 74
106 34
90 59
90 75
90 76
90 77
90 78
90 79
90 10
406 80
452 24
333 81
437 82
437 83
365 70
375 84
375 77
375 75
555 85
86 86
361 87
591 88
139 89
637 90
48 91
15 92
15 44
15 53
15 93
52 94
52 95
52 96
52 97
52 98
52 44
52 99
52 100
52 76
52 53
52 101
52 102
52 103
52 104
638 105
34 25
34 44
34 106
395 107
103 108
103 52
103 66
295 109
295 110
295 44
390 111
390 85
329 112
235 113
23 28
23 114
23 81
23 115
639 116
153 76
153 117
153 118
153 119
153 120
562 121
124 122
124 123
124 124
124 125
568 83
640 0
157 76
157 6
641 83
138 126
138 68
138 127
138 88
74 128
74 129
74 130
74 131
74 132
74 133
74 134
74 135
74 14
74 106
225 136
225 78
76 137
76 138
76 139
76 118
76 14
76 140
76 141
76 142
76 53
76 143
76 144
76 145
76 146
76 81
76 147
76 52
76 148
76 149
76 19
76 150
76 151
76 44
76 88
76 5
76 117
76 152
76 111
76 153
76 154
76 59
76 155
76 156
76 157
76 120
76 158
443 159
443 160
340 161
377 75
642 162
643 59
643 163
54 164
54 119
54 165
54 44
228 166
228 159
228 44
228 162
644 167
423 168
108 169
108 128
108 170
108 171
108 66
222 172
386 173
252 44
302 53
94 174
94 175
94 129
94 52
94 176
94 177
94 178
94 118
94 165
94 44
94 14
94 120
645 179
623 180
646 93
528 181
528 146
528 182
647 183
404 184
648 185
649 186
485 187
270 188
270 161
650 83
651 128
304 189
304 190
304 89
522 58
522 191
522 192
223 85
652 59
652 170
653 72
654 158
199 193
199 194
199 195
98 52
598 33
598 27
655 196
433 197
656 21
421 198
590 141
368 70
14 191
14 199
14 200
14 195
14 76
14 10
14 201
14 202
14 203
14 204
14 141
14 205
14 206
14 207
14 208
14 108
14 92
14 209
14 78
14 162
14 81
14 210
14 211
14 53
14 150
14 75
14 22
14 44
14 179
14 212
14 213
14 5
14 214
14 215
14 94
14 216
14 217
14 218
332 28
332 219
657 220
416 80
559 221
658 222
659 223
36 25
144 76
78 128
78 224
78 30
78 29
78 225
78 226
78 227
78 44
78 228
78 229
78 90
233 230
660 231
661 232
230 233
113 74
113 234
113 235
113 172
113 236
315 58
315 237
315 136
19 238
19 44
19 239
19 240
19 241
662 242
518 243
518 3
557 244
557 44
22 149
22 245
22 246
22 247
22 248
22 14
22 228
22 249
22 158
44 250
44 251
44 252
44 253
44 254
44 52
44 255
44 151
44 256
44 14
44 257
44 258
44 197
44 228
44 170
44 259
44 6
44 260
44 261
44 262
44 263
44 264
44 78
44 80
44 15
44 147
44 265
44 61
44 266
44 224
44 34
44 267
44 178
44 165
44 88
44 268
44 269
44 94
44 270
44 62
44 238
44 69
44 196
44 59
44 271
44 156
44 58
44 272
44 273
382 274
214 14
560 245
560 275
490 276
663 44
579 93
533 277
218 278
618 279
664 44
308 280
123 242
465 281
665 282
373 44
299 283
299 284
299 285
519 68
355 286
666 287
249 3
249 288
249 289
249 290
436 291
593 88
593 120
592 88
610 292
610 293
110 294
110 27
110 295
366 296
366 70
208 14
627 297
627 298
283 299
53 94
53 300
53 27
53 198
53 301
53 15
53 302
554 23
554 61
321 29
484 159
484 158
89 303
89 174
89 190
89 85
89 139
89 304
293 292
337 161
150 76
667 10
668 260
326 59
326 305
326 306
326 307
2 191
2 93
669 14
280 308
280 80
431 83
431 309
670 234
670 3
342 310
1 191
479 311
58 312
58 313
58 314
58 315
58 316
58 317
58 318
58 44
58 319
58 72
58 320
58 321
58 322
58 323
58 81
58 324
164 54
272 44
272 253
271 44
338 161
306 325
306 117
306 326
306 327
564 328
112 329
671 3
672 5
673 88
32 330
136 315
597 94
674 113
675 297
428 331
428 88
428 24
81 332
81 333
81 334
81 335
81 172
161 94
161 336
161 270
161 337
161 338
161 77
161 76
161 339
161 340
161 341
310 342
676 81
132 74
132 117
132 343
677 344
678 15
556 85
359 345
507 133
497 123
497 346
497 57
497 347
679 226
679 205
679 158
680 348
152 76
152 61
152 349
152 224
152 69
152 198
152 350
152 44
152 88
681 76
419 351
419 44
419 66
419 352
682 197
354 353
353 354
683 59
286 355
84 75
514 10
195 14
77 356
77 170
77 75
77 339
77 104
77 5
77 307
684 3
378 75
685 24
424 357
424 358
424 359
20 239
330 77
330 277
182 10
182 41
182 165
512 360
512 285
87 361
87 80
362 362
362 251
686 24
70 363
70 259
70 364
70 365
70 366
70 367
70 368
70 369
687 370
472 94
472 371
472 210
472 165
472 265
472 372
688 184
336 76
149 76
263 373
263 44
529 216
689 53
166 228
690 89
75 122
75 140
75 84
75 374
75 375
75 376
75 77
75 377
75 378
75 14
75 44
75 379
691 380
692 381
274 382
274 383
693 118
173 159
173 384
173 385
173 53
173 145
173 14
173 386
173 5
621 117
129 387
129 388
694 19
552 61
552 162
111 364
111 295
111 166
111 389
111 390
695 391
426 71
246 76
246 291
612 392
612 162
616 393
381 394
107 395
313 138
313 58
696 396
305 326
513 29
172 74
172 397
172 398
515 10
697 334
698 399
389 111
699 72
420 66
448 400
448 120
448 243
448 401
128 88
128 141
128 74
128 108
128 402
128 5
259 363
259 44
259 70
700 403
184 10
184 404
184 155
184 5
701 207
102 52
80 405
80 406
80 407
80 408
80 409
80 192
80 410
80 411
80 14
80 412
80 413
80 414
80 87
80 415
80 416
511 417
511 114
702 266
601 6
587 418
703 203
170 23
170 44
66 108
66 419
66 124
66 3
66 420
188 161
198 85
198 421
198 165
168 422
168 423
704 242
705 53
581 93
530 93
356 224
356 61
356 424
706 59
71 117
71 425
71 240
71 426
707 27
273 427
273 44
273 401
24 428
24 429
24 264
575 430
31 25
708 83
196 44
709 266
710 431
229 78
197 432
197 44
197 260
197 88
197 433
711 434
26 435
553 61
712 69
712 215
291 246
291 436
367 70
82 437
403 233
209 438
162 14
115 23
255 82
255 439
224 440
224 356
224 152
224 78
177 198
226 159
226 78
165 94
165 117
165 441
165 442
165 198
165 443
165 44
165 444
268 88
405 80
294 110
614 11
69 445
69 44
69 152
131 74
131 92
131 328
131 446
713 447
411 80
615 81
12 191
487 427
714 300
250 14
250 44
251 362
251 44
251 219
715 298
716 158
401 448
401 449
401 44
401 273
118 94
118 76
118 153
470 450
396 421
51 91
363 70
717 451
441 452
441 3
718 453
59 94
59 454
59 455
59 61
59 141
59 183
59 456
59 457
59 76
59 144
59 44
59 326
59 88
59 19
59 14
59 458
59 459
59 359
266 44
266 365
266 460
266 461
266 83
719 76
425 71
531 81
720 94
594 88
146 277
619 462
281 463
281 464
281 465
721 381
174 94
174 466
174 467
174 468
174 469
174 44
174 470
174 78
174 471
174 89
220 472
501 88
469 174
577 473
722 53
213 14
320 58
723 474
724 475
724 476
725 3
290 477
726 478
569 431
311 76
311 479
394 381
727 128
242 325
242 123
242 124
388 480
388 339
388 129
388 481
158 482
158 23
158 141
158 76
158 22
158 483
158 10
158 5
158 120
158 484
589 485
253 272
253 44
728 484
171 219
558 270
578 93
578 486
427 487
427 488
427 273
729 10
276 489
276 490
468 174
350 171
28 491
28 332
28 33
300 53
551 236
551 289
30 78
207 14
207 492
262 493
730 494
282 495
264 67
264 5
731 496
346 497
527 262
527 498
527 493
527 499
267 44
732 81
126 116
345 58
345 359
733 277
175 500
175 501
734 502
5 117
5 479
5 25
5 142
5 178
5 184
5 77
5 156
5 264
5 14
5 298
5 89
5 173
586 503
735 33
67 504
67 88
67 184
488 505
488 70
96 52
736 34
238 506
238 53
238 44
238 29
510 159
133 74
133 507
133 276
506 238
506 508
521 504
460 266
737 509
159 510
159 173
114 23
114 511
486 59
550 236
738 104
285 512
285 299
739 266
10 276
10 182
10 502
10 513
10 315
10 266
10 131
10 514
10 83
10 184
10 92
10 515
10 155
10 78
10 14
10 191
10 438
10 158
617 451
740 198
549 516
68 117
68 3
68 138
68 517
68 518
68 519
741 520
504 521
400 448
400 522
400 253
400 523
400 27
400 524
400 525
178 5
178 44
178 526
178 502
499 527
269 44
181 528
360 512
190 304
190 189
190 89
130 74
130 80
216 14
216 529
216 530
217 14
742 295
287 531
287 236
743 532
585 117
277 533
277 146
277 330
444 165
744 44
745 171
746 295
747 83
748 291
748 83
749 118
151 44
750 50
751 266
201 5
439 255
605 500
45 534
508 506
508 535
752 210
358 424
753 536
753 537
753 538
753 539
442 265
442 165
376 75
47 291
92 540
92 61
92 541
92 542
92 131
92 543
92 544
92 10
92 545
92 546
92 83
92 547
92 14
92 15
92 548
92 477
483 77
352 419
145 76
145 173
41 25
41 182
516 549
236 550
236 287
236 551
236 147
236 113
61 552
61 108
61 553
61 554
61 92
85 141
85 223
85 362
85 555
85 88
85 556
85 89
221 557
221 558
221 356
221 559
505 426
18 239
630 64
630 359
307 77
307 14
307 209
582 482
312 58
754 15
755 521
63 3
245 93
245 560
245 433
155 76
155 561
526 67
13 191
121 562
121 563
438 10
756 153
757 326
46 91
237 315
410 80
758 396
758 242
328 76
328 564
328 142
240 19
759 218
202 14
760 76
761 565
296 366
141 169
141 117
141 85
141 66
141 88
141 14
141 109
141 566
125 124
125 242
83 10
83 567
83 205
83 568
83 569
35 25
35 240
244 570
244 294
244 571
244 572
244 557
244 573
244 44
244 574
430 575
301 569
383 274
383 330
762 14
17 191
17 93
147 76
147 236
147 117
210 14
148 532
148 576
473 577
417 511
8 191
9 191
278 218
219 332
219 251
93 578
93 138
93 579
93 152
93 245
93 580
93 2
93 530
93 581
93 127
93 17
109 339
109 295
763 117
42 298
482 582
482 24
117 147
117 236
117 583
117 584
117 204
117 132
117 153
117 27
117 76
117 165
117 71
117 343
117 585
117 68
117 5
764 503
21 21
503 586
65 104
418 587
765 141
120 448
120 74
120 76
120 588
120 120
120 158
391 30
766 589
767 362
88 138
88 76
88 440
88 118
88 590
88 255
88 591
88 592
88 141
88 260
88 593
88 209
88 594
88 428
88 595
88 501
88 85
88 178
88 64
88 44
88 596
88 268
88 359
88 452
88 59
254 44
254 258
629 104
768 597
33 28
33 598
33 345
769 232
770 67
6 599
6 600
6 4
6 601
6 434
6 44
6 14
6 602
6 157
771 603
73 604
429 24
772 141
772 44
772 3
500 605
773 62
774 76
309 431
265 606
265 165
265 607
265 442
140 76
140 75
289 76
289 551
289 608
289 249
517 68
775 532
387 129
776 191
212 94
212 14
212 609
777 170
777 153
778 610
215 14
215 611
392 612
134 74
154 76
55 175
55 613
11 191
11 614
779 83
780 373
72 615
781 171
782 560
137 76
43 258
393 616
547 92
451 617
187 618
783 619
784 620
243 448
243 339
243 451
243 621
204 14
204 117
204 622
284 299
260 44
260 78
260 197
260 499
492 207
785 576
180 623
786 127
787 44
611 215
788 233
27 513
27 624
27 263
27 400
27 110
27 625
27 59
27 53
27 567
27 626
27 239
339 109
339 243
297 94
297 627
297 85
297 298
104 628
104 65
104 629
104 52
104 359
64 532
64 630
64 381
64 88
179 14
50 91
122 631
60 183
60 581
49 91
789 24
790 496
