100 0
100 1
581 2
581 3
582 4
299 5
299 6
108 0
108 7
66 8
66 9
66 10
66 11
66 12
583 13
441 14
441 15
301 16
584 17
120 0
120 18
120 19
585 13
586 20
315 21
505 22
505 23
587 24
588 25
17 26
17 27
524 28
575 29
589 30
589 31
502 22
590 25
81 32
591 33
279 34
240 35
240 36
294 0
294 37
294 38
142 39
142 40
531 41
592 42
478 43
392 44
593 32
542 36
542 45
542 46
542 47
542 48
263 33
263 36
263 49
594 18
500 50
475 22
475 51
595 52
473 53
473 54
596 55
597 36
253 32
253 56
253 36
253 57
253 58
112 0
185 59
185 60
598 61
209 9
209 62
27 17
27 63
27 64
27 0
27 36
27 29
27 59
27 23
269 17
269 65
503 22
599 66
599 67
330 68
126 0
318 69
520 22
222 70
222 71
222 72
222 73
222 74
222 75
222 76
222 77
222 31
222 59
222 78
222 79
600 80
601 81
355 82
355 83
355 44
355 84
460 36
460 85
602 86
603 87
399 88
488 89
372 90
452 91
180 92
180 93
604 94
293 95
293 32
293 96
293 45
456 97
125 0
605 0
605 98
606 99
0 100
0 101
0 102
0 62
0 103
0 104
0 105
0 106
0 107
0 108
0 109
0 68
0 110
0 111
0 59
0 112
0 45
0 113
0 114
0 115
0 116
0 55
0 27
0 117
0 118
0 119
0 120
0 121
0 34
0 122
0 28
0 123
0 124
0 125
0 126
0 127
0 1
0 128
0 129
0 130
0 131
0 132
0 133
0 9
0 134
0 135
0 91
0 136
0 48
0 31
0 36
0 137
0 98
0 138
0 139
0 140
0 12
0 141
0 25
0 142
0 11
0 143
0 144
0 145
0 146
0 147
0 148
0 149
0 150
0 151
0 152
0 153
0 154
607 28
110 155
217 59
217 156
217 157
608 158
396 44
547 159
115 0
115 160
60 161
163 162
163 9
163 163
163 36
450 34
121 0
121 164
414 0
414 31
414 36
34 0
34 165
34 36
373 166
373 167
609 168
610 169
535 170
611 171
20 159
612 172
613 36
37 173
37 174
423 175
423 157
225 176
530 177
530 178
614 179
93 17
93 180
615 181
616 182
50 183
50 25
50 184
50 185
617 186
143 0
618 39
618 187
487 0
487 188
487 189
256 190
256 28
256 191
256 192
366 193
619 9
619 194
8 190
8 195
8 111
620 196
506 99
358 175
334 197
334 36
334 198
354 199
354 111
309 200
62 201
62 202
62 203
62 204
62 32
62 205
62 206
62 207
62 208
62 209
62 210
62 36
62 211
62 212
62 0
621 0
621 213
621 214
621 36
621 215
285 216
59 14
59 200
59 0
59 33
59 195
59 217
59 170
59 218
59 32
59 163
59 76
59 219
59 28
59 88
59 220
59 221
59 222
59 185
59 223
59 9
59 135
59 224
59 225
59 226
59 227
59 228
59 229
59 180
191 0
191 22
3 230
3 29
3 231
3 232
3 233
3 234
3 235
622 236
244 237
623 238
320 239
320 101
35 22
35 240
35 241
485 202
624 242
190 28
625 243
116 175
116 229
116 136
116 0
116 28
116 109
116 36
116 111
116 51
162 163
237 244
557 245
257 246
257 36
446 14
406 247
390 212
390 44
31 0
31 248
31 249
36 250
36 251
36 102
36 204
36 229
36 0
36 252
36 253
36 33
36 254
36 145
36 255
36 256
36 246
36 27
36 176
36 163
36 39
36 34
36 28
36 116
36 142
36 159
36 257
36 258
36 259
36 260
36 1
36 168
36 59
36 240
36 261
36 188
36 170
36 218
36 262
36 263
295 264
379 265
377 266
107 0
107 193
107 202
626 267
356 268
627 269
52 0
52 270
52 83
52 271
52 66
145 22
145 272
145 135
145 0
145 36
145 150
528 273
528 274
236 256
466 275
628 0
628 276
629 277
630 22
296 116
543 37
543 278
280 279
280 90
280 280
207 32
71 0
71 222
71 248
71 39
71 76
71 6
71 281
519 282
631 50
632 159
251 36
241 283
216 168
216 222
216 49
216 284
216 285
216 286
216 287
216 288
216 109
216 289
216 124
216 290
216 291
216 292
565 245
565 257
181 293
181 219
38 76
38 294
264 295
228 59
633 59
633 9
633 111
7 108
467 175
467 168
467 65
634 175
635 96
636 296
370 146
137 0
137 297
637 298
5 299
476 106
476 84
12 0
464 111
432 300
16 301
16 37
16 302
16 136
16 303
16 304
16 108
16 42
16 305
16 306
16 307
16 142
99 218
99 170
638 158
200 59
200 308
200 309
200 238
471 310
195 59
639 311
6 299
6 242
6 71
6 312
6 313
6 314
489 315
489 316
297 158
297 317
640 202
42 71
42 16
42 242
555 0
555 23
319 129
319 318
419 229
128 22
128 62
128 204
128 229
128 0
128 33
129 0
129 319
58 253
426 0
224 59
518 282
518 81
233 3
233 10
641 0
642 159
643 320
203 203
203 321
75 222
227 59
360 322
360 323
497 324
150 0
150 145
459 46
644 325
645 99
337 55
329 212
329 326
329 204
212 327
212 328
212 329
158 71
158 90
158 156
158 297
307 330
307 305
307 16
307 331
646 332
556 245
647 333
369 9
32 193
32 334
32 335
32 336
32 62
32 337
32 18
32 338
32 339
32 207
32 59
32 340
32 148
32 289
32 253
32 81
32 293
32 341
32 342
490 274
223 59
554 82
568 245
522 28
527 273
346 199
648 343
649 196
146 0
146 90
146 137
92 180
199 344
199 22
199 345
199 346
199 347
199 348
199 349
199 350
199 351
199 352
199 307
199 353
199 45
199 354
650 355
341 32
152 0
268 356
151 0
151 357
175 358
175 61
175 319
175 359
175 360
175 361
463 362
651 281
328 312
65 168
65 28
652 363
653 229
654 8
344 364
193 22
193 44
193 32
193 365
193 366
193 59
55 337
55 0
55 28
55 135
39 229
39 71
39 142
219 59
219 43
98 0
98 45
98 367
98 188
534 218
655 368
656 71
515 281
9 0
9 202
9 369
9 370
9 209
9 245
9 59
90 146
90 371
90 372
136 0
482 124
167 373
501 22
501 374
501 375
169 34
238 200
238 135
384 1
657 353
350 347
350 346
205 55
658 28
659 376
660 222
387 87
51 116
266 377
661 222
662 36
663 87
532 378
86 32
265 379
664 159
665 380
666 381
667 382
352 199
25 74
25 50
25 53
25 368
25 383
1 0
1 33
1 100
1 36
1 384
144 176
267 385
87 386
87 93
87 387
239 66
239 55
239 43
438 388
438 389
668 265
523 28
44 193
44 14
44 390
44 355
44 391
44 392
44 393
44 394
44 395
44 396
44 397
669 77
670 229
671 80
671 398
114 55
672 54
56 253
521 28
538 161
270 52
186 70
88 46
88 363
88 172
88 236
88 109
88 66
88 59
88 399
156 96
156 400
130 0
298 39
298 40
298 170
673 401
133 0
133 157
133 402
133 403
272 68
272 145
674 204
383 25
675 370
676 404
454 405
558 245
677 406
677 407
188 45
188 36
188 98
678 408
229 409
229 324
229 410
229 411
229 412
229 413
229 414
229 39
229 207
229 415
229 106
229 219
229 42
229 416
229 116
229 417
229 36
229 418
229 419
229 420
229 421
292 216
469 271
469 26
262 36
549 422
157 217
157 1
157 133
157 423
679 328
322 360
680 424
286 216
283 25
283 241
172 88
101 320
431 425
496 426
681 225
122 0
417 22
119 0
204 22
204 427
204 428
204 329
204 0
204 25
204 36
481 269
481 150
455 429
455 97
455 430
425 431
220 59
300 432
682 82
683 219
453 69
541 433
684 320
260 71
79 222
685 434
310 190
539 84
458 53
458 46
18 318
18 137
18 120
274 273
415 237
365 435
365 436
449 437
389 438
686 439
687 440
14 441
14 442
14 443
14 444
14 445
14 446
14 447
14 448
14 59
14 437
14 449
484 450
484 451
484 202
688 0
689 452
416 229
33 22
33 453
33 36
33 59
33 128
33 1
45 454
45 22
45 188
45 0
45 199
45 293
429 455
430 456
430 455
430 457
574 29
690 143
46 458
46 459
85 460
85 280
691 183
385 33
385 9
385 267
174 144
174 111
362 461
362 462
362 463
342 32
276 464
553 159
566 465
70 186
255 36
692 466
135 55
135 238
135 200
135 145
135 146
135 161
135 43
308 200
288 216
693 22
168 467
168 65
168 355
168 28
168 468
168 36
168 469
168 470
343 96
248 71
248 31
248 249
694 44
695 471
480 216
480 143
153 472
201 62
696 332
53 458
53 13
53 473
106 0
106 229
106 474
106 475
106 476
43 475
43 477
43 9
43 206
43 135
43 219
43 478
43 479
43 239
43 480
246 245
697 150
96 293
96 36
421 229
698 88
498 481
289 32
289 216
124 482
124 9
124 216
305 17
305 46
305 16
305 483
187 34
202 484
202 9
202 62
202 485
435 365
435 483
525 165
138 0
699 265
326 486
326 282
189 487
89 69
89 488
388 438
316 489
316 490
570 465
570 245
444 14
427 204
700 81
104 0
564 245
536 491
472 492
68 0
68 145
111 464
701 96
72 36
580 493
176 28
176 144
176 36
176 363
702 17
540 74
192 494
192 256
192 495
351 199
533 170
367 204
703 281
703 33
703 116
704 368
704 294
509 210
291 496
573 13
705 144
49 288
49 263
49 497
141 71
141 62
141 0
141 498
141 28
141 36
141 499
141 207
141 159
22 500
22 501
22 28
22 204
22 355
22 199
22 502
22 34
22 503
22 504
22 368
22 505
22 145
22 191
22 35
22 220
22 84
277 506
706 487
123 0
707 137
418 229
708 379
709 88
710 204
562 245
171 363
403 507
436 365
210 508
210 62
210 509
210 510
210 511
210 512
210 513
210 1
281 514
281 515
281 135
281 516
711 44
254 36
712 517
443 14
282 518
282 326
282 519
282 28
282 368
282 111
282 520
183 50
28 168
28 256
28 222
28 521
28 467
28 133
28 82
28 32
28 65
28 13
28 0
28 522
28 523
28 36
28 116
28 59
28 55
28 141
28 524
28 176
713 176
713 22
235 3
83 52
83 355
495 37
165 34
165 25
165 525
165 84
451 526
132 0
312 13
312 328
273 527
273 528
273 408
273 529
273 274
41 530
41 531
486 532
486 326
170 59
170 36
170 298
170 533
218 59
218 534
218 240
218 36
218 99
15 472
109 0
109 88
714 535
311 450
715 207
491 536
546 159
716 537
95 161
161 293
161 82
161 538
84 165
84 539
84 476
131 0
717 540
433 541
376 13
577 29
48 0
48 25
48 7
48 542
48 271
76 222
718 14
468 507
278 543
378 544
371 111
148 0
148 32
148 380
579 207
159 141
159 99
159 20
159 545
159 62
159 168
159 546
159 547
159 122
159 36
159 548
159 549
159 550
159 551
159 552
159 553
23 554
23 461
23 555
23 505
23 27
245 556
245 557
245 558
245 559
245 560
245 561
245 562
245 563
245 9
245 155
245 465
245 564
245 565
245 366
245 566
245 567
245 568
245 569
245 246
245 570
245 27
13 99
13 53
13 571
13 28
13 472
13 572
13 573
368 282
29 574
29 29
29 27
29 296
29 575
29 576
29 181
29 36
29 577
29 234
29 578
290 216
363 10
155 579
155 245
155 110
719 107
493 580
40 142
40 298
720 3
499 146
499 137
