294 0
294 1
819 2
130 3
130 4
130 5
130 6
782 7
464 8
464 9
464 10
464 11
464 12
464 13
464 14
723 15
298 16
298 17
298 18
298 19
246 20
246 21
820 22
821 23
45 24
45 25
45 26
45 27
45 28
45 29
45 30
822 31
823 32
818 33
824 34
673 35
688 36
307 37
307 4
66 38
66 39
66 40
66 37
66 41
29 42
29 43
29 44
29 45
654 46
654 47
629 48
389 49
389 50
389 23
138 37
138 51
138 52
138 53
825 54
227 37
377 55
377 56
377 47
377 57
377 45
337 58
826 59
826 60
827 61
418 62
418 63
766 37
766 64
828 65
41 66
600 67
373 68
373 18
274 69
525 70
132 71
132 72
132 73
132 68
132 74
132 37
132 75
132 76
132 77
132 78
132 4
132 79
132 80
132 81
132 82
829 83
830 84
638 85
831 86
261 87
261 88
261 89
832 90
833 91
834 92
834 63
835 93
836 47
836 94
837 95
566 49
637 96
527 97
527 98
527 99
253 100
253 47
633 101
633 102
571 103
571 104
560 105
838 106
123 4
123 107
123 108
567 109
567 110
216 37
216 111
496 112
496 113
3 67
3 4
3 114
3 115
3 116
3 117
3 118
3 37
3 119
3 120
3 121
3 122
3 44
3 123
3 124
3 125
3 126
3 127
3 128
3 129
3 130
704 118
704 131
80 132
839 133
297 134
508 135
119 3
386 136
368 137
368 138
278 139
278 103
106 37
106 140
106 141
106 142
106 78
106 143
106 144
106 145
106 146
106 147
106 148
106 149
106 150
106 151
106 152
106 47
106 153
106 53
106 154
106 155
106 156
106 157
125 67
125 158
125 3
125 4
125 45
125 35
710 159
264 160
264 39
264 161
264 105
264 162
545 163
545 22
545 164
840 165
640 166
237 153
573 167
841 168
842 21
724 117
724 15
477 107
477 47
144 142
211 37
396 37
396 169
396 147
619 170
619 60
619 30
843 171
844 172
301 4
39 173
39 66
845 47
182 174
182 47
284 175
284 49
594 176
594 177
594 178
594 159
357 179
357 180
357 181
357 182
165 50
165 183
846 184
37 185
37 186
37 187
37 32
37 87
37 188
37 111
37 189
37 190
37 191
37 75
37 192
37 159
37 193
37 194
37 195
37 196
37 197
37 198
37 4
37 199
37 200
37 201
37 153
37 202
37 203
37 204
37 66
37 205
37 61
37 96
37 206
37 168
37 207
37 106
37 208
37 209
37 50
37 210
37 71
37 72
37 211
37 20
37 212
37 64
37 1
37 213
37 214
37 215
37 47
37 216
37 217
37 218
37 219
37 220
37 69
37 221
37 103
37 222
37 223
37 68
37 224
37 3
37 225
37 226
37 227
37 179
37 228
847 229
501 230
374 231
374 68
374 212
374 52
153 232
153 37
153 233
153 198
153 229
153 204
153 149
153 234
153 235
153 19
153 72
153 236
153 212
153 237
153 76
153 238
153 217
153 223
153 239
153 240
153 226
153 49
848 241
614 242
849 243
718 244
667 210
623 32
777 110
392 245
190 37
21 87
21 246
21 47
850 241
478 47
351 73
851 247
187 248
187 67
187 249
187 250
187 251
187 252
353 181
100 253
100 254
100 255
100 256
100 257
100 258
313 4
313 259
313 18
236 260
236 235
236 153
88 200
88 261
678 40
646 262
668 64
668 210
702 218
702 47
852 263
852 261
764 147
193 37
193 264
853 265
854 266
69 267
69 71
69 268
69 269
69 270
69 101
69 83
69 253
69 37
69 266
69 96
69 271
69 272
69 273
69 123
69 274
69 275
69 242
103 276
103 37
103 47
103 277
103 278
103 279
103 170
103 197
103 280
855 118
856 130
402 281
442 282
857 283
175 284
447 285
447 200
447 286
447 1
255 100
858 287
85 288
85 289
427 258
142 106
142 290
613 108
758 166
523 291
558 207
186 18
339 292
339 293
672 294
543 217
188 37
188 292
188 295
188 296
134 297
16 67
16 222
16 6
16 244
16 1
16 37
16 75
16 298
16 47
656 195
77 132
4 169
4 130
4 299
4 300
4 166
4 37
4 75
4 301
4 302
4 195
4 303
4 304
4 174
4 305
4 306
4 153
4 203
4 307
4 308
4 147
4 206
4 309
4 229
4 310
4 311
4 312
4 313
4 314
4 315
4 5
4 1
4 214
4 316
4 47
4 317
4 318
4 170
4 319
4 132
4 221
4 67
4 320
4 33
4 321
4 322
4 323
4 324
4 3
4 325
4 326
4 172
4 327
4 328
4 247
4 329
859 330
860 105
528 229
528 331
528 123
861 221
616 332
862 244
275 333
275 334
275 335
122 3
863 336
762 337
762 338
762 47
762 203
762 339
73 340
73 341
73 342
73 343
73 344
73 345
73 346
73 347
73 348
73 105
73 349
73 182
73 350
73 351
181 352
181 353
181 354
181 355
181 356
181 357
181 358
181 359
71 37
71 118
71 360
71 69
864 4
288 85
288 361
288 362
135 326
262 166
366 363
366 364
366 365
366 321
400 91
363 366
641 39
201 47
201 331
441 4
441 367
498 368
319 4
319 229
865 369
312 370
312 219
312 44
371 90
68 269
68 371
68 372
68 37
68 147
68 373
68 374
68 224
344 73
866 375
550 376
268 69
867 4
868 185
868 300
869 87
742 179
299 4
299 266
299 233
697 46
697 377
87 21
87 261
111 37
705 378
705 379
870 380
870 54
870 375
870 381
871 47
871 382
75 67
75 158
75 166
75 307
75 183
75 37
75 383
75 132
391 158
162 264
732 221
732 384
466 385
576 385
397 47
397 213
872 3
136 173
136 47
136 386
28 45
579 387
873 383
83 305
618 99
52 67
52 212
52 32
52 388
309 4
309 49
90 67
90 179
90 371
50 37
50 389
50 212
50 165
725 176
874 390
474 47
44 312
44 9
44 5
44 3
44 29
44 47
44 177
44 226
875 37
158 37
158 75
158 391
245 392
403 393
403 394
403 395
213 396
213 397
213 1
213 37
213 83
213 60
213 32
553 398
91 399
91 400
759 401
611 281
611 6
611 402
611 44
395 403
700 56
431 404
431 304
431 47
431 405
431 406
431 132
665 12
665 81
665 47
665 280
665 407
451 37
876 37
876 204
488 58
733 31
492 34
492 408
492 315
877 16
877 409
878 409
324 4
324 139
324 59
324 220
584 72
56 410
56 377
56 253
56 411
542 412
670 413
535 37
535 414
879 415
422 416
763 147
880 417
62 418
881 37
490 335
197 37
197 4
197 47
197 103
198 37
198 67
198 143
198 153
666 206
345 73
306 419
306 420
306 421
306 422
306 3
306 4
306 423
536 253
882 424
883 182
383 75
383 269
383 425
585 72
102 426
258 427
258 428
258 100
258 429
258 430
258 191
258 431
258 432
258 317
258 433
258 434
258 435
884 436
468 437
468 47
469 32
484 438
484 439
484 440
367 67
367 441
282 442
282 74
208 158
208 81
208 166
208 443
209 191
209 357
209 37
209 178
209 358
209 181
209 444
532 248
199 37
885 445
886 446
5 447
5 393
5 130
5 37
5 47
5 132
887 448
792 449
792 450
792 451
107 452
888 453
595 454
889 455
634 101
890 456
891 399
891 192
239 161
239 370
239 313
239 457
239 458
239 153
480 366
624 133
49 459
49 442
49 1
49 47
49 460
49 279
49 284
49 389
263 133
263 35
47 461
47 104
47 299
47 462
47 463
47 464
47 37
47 16
47 465
47 159
47 4
47 194
47 466
47 197
47 285
47 306
47 397
47 155
47 118
47 204
47 147
47 467
47 32
47 468
47 398
47 469
47 21
47 44
47 357
47 106
47 470
47 139
47 49
47 71
47 471
47 472
47 473
47 103
47 212
47 213
47 474
47 48
47 316
47 475
47 18
47 289
47 176
47 476
47 12
47 170
47 477
47 478
47 67
47 479
47 480
47 136
47 481
47 482
892 336
461 47
180 357
180 47
893 74
894 470
894 417
714 483
440 484
440 18
440 485
895 486
231 166
231 374
231 208
231 72
896 107
78 106
78 37
78 220
78 132
233 487
233 299
778 110
630 215
285 447
285 47
574 488
897 489
783 490
783 7
898 118
635 491
635 321
899 492
681 35
554 470
554 398
42 29
42 493
308 4
308 493
277 103
730 220
559 493
559 94
416 494
416 495
416 422
900 67
314 4
314 54
455 305
769 64
113 496
901 497
143 106
143 37
143 498
143 146
143 198
902 173
903 499
612 389
612 500
612 108
904 501
53 244
53 37
53 332
53 147
53 138
53 149
53 106
577 502
593 503
755 166
168 221
168 504
168 303
168 505
168 506
168 1
168 37
168 206
168 507
168 226
168 277
168 229
905 508
689 509
689 510
761 511
219 312
219 147
906 512
513 325
513 513
512 59
512 514
38 515
38 66
631 64
907 410
765 404
765 516
765 225
765 517
463 148
463 47
463 518
463 32
586 266
586 72
586 74
750 406
750 519
141 53
908 520
370 312
361 521
361 7
361 522
361 336
259 226
43 29
679 325
679 280
303 4
303 118
303 326
303 168
698 46
291 523
909 20
51 138
910 410
540 160
540 524
540 12
150 106
79 110
70 525
310 4
322 4
322 526
471 47
98 168
98 527
161 264
331 499
331 528
911 529
603 292
603 9
912 530
238 153
530 302
456 531
456 354
248 187
248 532
248 533
269 72
269 68
269 534
269 246
269 383
269 69
223 3
223 94
414 535
55 536
913 474
914 417
475 47
475 537
475 125
475 538
915 3
916 539
676 24
676 179
676 264
524 540
300 266
300 18
534 189
917 14
651 69
770 64
918 541
412 542
217 4
217 543
217 544
217 37
22 545
642 546
642 547
919 548
467 549
467 47
467 385
376 550
398 551
398 6
398 327
398 552
398 553
398 554
398 147
398 555
398 556
398 47
148 106
148 329
148 463
533 248
728 220
920 557
921 4
922 204
207 37
207 558
923 509
924 49
94 223
94 559
615 242
721 17
105 560
105 73
105 561
925 562
926 563
415 147
927 564
928 370
234 153
234 565
266 4
266 299
266 300
372 68
929 188
230 501
230 21
751 406
751 47
487 4
487 233
487 153
930 49
930 566
109 567
802 568
482 47
707 569
707 570
931 37
932 303
157 78
104 571
104 47
933 217
933 572
934 357
167 573
935 574
385 466
385 575
385 576
385 467
385 229
936 1
502 577
691 578
387 579
387 580
937 329
601 581
741 179
95 184
95 582
95 483
938 41
939 583
940 95
628 364
72 584
72 585
72 37
72 586
72 357
729 220
279 103
279 49
703 587
139 324
139 47
139 354
139 293
139 278
316 47
693 329
708 58
798 588
695 589
695 590
941 300
753 142
753 166
753 350
511 372
511 591
0 294
0 472
942 592
503 593
943 594
454 595
944 113
410 46
410 476
410 104
59 81
59 80
59 596
59 512
945 597
945 483
481 399
481 153
481 598
290 142
809 296
801 599
946 600
947 601
228 37
948 602
949 289
292 603
292 166
286 447
10 464
950 464
662 229
97 604
97 527
304 4
304 48
304 431
304 304
304 605
200 37
200 447
200 88
200 606
200 607
137 608
6 609
6 130
6 1
6 16
6 398
6 172
6 327
6 4
6 177
6 610
6 611
260 236
203 128
203 179
11 464
349 73
349 289
951 4
108 612
108 613
242 614
242 615
332 616
332 53
952 96
952 362
953 403
369 169
369 617
954 618
954 95
60 619
60 213
60 620
551 398
955 621
956 4
957 622
133 623
133 624
133 263
364 221
364 174
364 625
364 410
364 626
364 627
364 366
364 395
364 628
257 464
48 221
48 470
48 629
48 47
48 304
215 630
958 631
959 225
514 512
177 6
177 44
515 38
458 239
458 183
170 4
170 103
170 47
170 168
687 632
960 153
320 4
101 633
101 634
101 47
101 69
321 635
321 1
321 37
321 366
321 95
321 4
321 636
140 106
140 151
140 596
737 548
961 637
962 638
358 181
19 298
19 98
19 153
529 176
529 639
529 640
529 641
529 183
713 225
963 383
546 642
84 96
84 643
779 644
719 17
232 645
115 646
604 647
604 2
604 97
604 648
604 649
964 650
965 651
776 110
493 42
493 652
493 6
648 653
966 654
967 580
124 3
195 4
195 655
195 656
195 657
195 213
229 528
229 658
229 544
229 153
229 659
229 660
229 661
229 47
229 168
229 470
229 231
229 499
229 466
229 67
229 379
229 662
229 220
968 274
968 69
202 37
787 118
610 172
12 663
12 472
12 524
12 464
12 17
12 540
12 433
12 664
12 665
146 106
146 155
206 37
206 4
206 666
206 168
617 531
617 369
210 472
210 660
210 118
210 64
210 667
210 37
210 668
23 389
470 48
470 208
470 153
413 357
413 669
413 463
413 518
413 670
969 671
169 4
169 490
169 280
169 336
1 37
1 180
1 6
1 672
1 673
1 213
1 447
1 47
1 168
1 18
1 4
1 49
970 179
971 37
433 303
433 258
433 464
972 674
519 675
214 37
214 4
973 476
974 676
343 73
975 52
40 677
40 678
40 66
325 679
325 513
81 59
81 680
81 179
81 665
81 132
35 147
35 125
35 681
35 263
976 146
565 234
354 139
354 181
250 12
625 364
330 220
74 282
796 230
796 226
796 676
457 312
457 239
457 682
645 236
645 232
121 3
977 683
302 684
302 685
302 339
302 686
302 37
302 687
302 4
302 530
388 231
388 52
743 329
36 688
36 45
36 18
609 6
417 441
417 26
789 96
510 226
510 689
978 37
978 332
607 200
434 328
254 100
979 37
590 690
590 166
531 456
531 691
499 692
499 329
499 561
499 229
980 179
981 179
408 329
408 693
408 694
340 73
116 3
521 695
521 361
521 7
521 336
794 696
472 0
472 47
582 95
46 697
46 654
46 698
982 575
212 699
212 240
212 165
212 204
212 183
212 37
212 52
212 522
212 47
212 700
212 701
212 374
212 50
212 676
804 241
804 296
589 695
983 559
289 349
289 362
218 393
218 702
984 85
985 212
596 47
587 703
240 153
131 704
986 4
987 73
987 198
987 676
315 4
988 176
379 166
379 705
295 188
382 112
989 706
569 707
58 708
990 103
507 168
991 709
159 37
159 594
159 710
159 47
159 183
544 217
155 151
155 146
992 264
541 693
993 179
204 711
204 47
346 424
346 73
32 605
32 463
205 37
994 712
225 37
225 713
149 106
149 153
483 95
483 714
399 715
731 716
731 220
526 322
283 457
283 516
283 717
283 179
283 482
283 264
244 718
244 53
627 364
995 37
995 105
734 67
996 155
17 719
17 29
17 720
17 721
17 298
17 18
17 722
997 255
998 370
256 100
15 723
15 724
717 283
176 594
176 725
176 47
176 529
692 499
999 69
220 330
220 726
220 324
220 727
220 37
220 618
220 728
220 729
220 229
220 730
220 731
189 37
189 534
221 48
221 203
221 364
221 37
221 732
221 168
221 4
67 187
67 733
67 75
67 734
67 125
67 296
67 3
67 16
67 735
67 47
67 671
67 4
67 52
67 329
67 90
67 198
67 229
222 16
222 179
222 110
583 415
1000 736
305 449
305 83
806 296
99 305
548 737
327 556
556 398
179 738
179 222
179 203
179 739
179 740
179 741
179 147
179 357
179 81
179 742
179 676
329 743
329 67
329 744
329 745
329 148
329 746
329 747
329 693
329 748
329 408
31 67
772 749
1001 99
406 750
406 751
1002 58
1003 73
1004 752
632 687
166 753
166 292
166 754
166 208
166 20
166 755
166 312
166 262
166 37
166 75
166 590
166 682
166 640
166 4
166 177
166 756
166 379
166 757
166 758
166 731
752 110
1005 421
643 84
194 37
194 47
54 409
196 37
1006 280
401 759
185 37
185 760
1007 336
1008 360
674 761
1009 179
338 762
147 68
147 53
147 203
147 763
147 398
147 47
147 101
147 395
147 106
147 470
147 764
147 35
653 105
164 545
409 213
409 49
409 765
575 174
1010 740
606 607
1011 428
1012 682
1013 583
355 181
539 212
64 37
64 631
64 61
64 118
64 766
64 767
64 768
64 59
64 769
64 298
64 47
64 210
64 668
64 770
64 16
1014 771
735 67
1015 32
1016 374
1017 5
1018 68
749 772
110 322
110 222
110 773
110 357
110 774
110 775
110 752
110 776
110 777
110 739
110 567
110 79
110 778
160 540
160 264
644 779
1019 299
620 60
317 37
317 4
317 258
1020 748
785 280
785 780
1021 781
411 7
438 484
788 118
7 361
7 521
7 782
7 783
7 336
449 305
82 132
657 700
174 4
174 575
174 182
1022 784
1023 648
660 210
660 229
780 785
191 258
800 786
1024 189
1025 37
682 457
682 166
1026 591
352 181
439 484
393 357
393 326
570 213
118 285
118 71
118 704
118 787
118 47
118 788
1027 204
655 47
96 267
96 789
96 637
96 790
96 37
96 791
96 4
96 84
96 69
450 792
1028 634
1028 444
1028 793
30 794
30 45
335 795
226 325
226 153
226 796
281 611
281 172
1029 797
235 236
224 68
224 65
280 169
280 679
280 785
280 47
280 562
152 106
1030 301
183 529
183 212
183 165
183 75
183 18
183 159
183 458
588 798
1031 799
18 393
18 357
18 17
18 623
18 373
18 264
1032 730
63 418
722 17
1033 37
1034 31
786 800
420 306
599 801
568 802
407 665
1035 118
486 803
296 67
296 619
296 321
296 188
296 709
296 804
296 805
296 806
296 807
296 808
296 809
296 810
296 811
184 95
522 212
326 4
326 393
445 163
671 67
671 812
671 324
671 813
671 182
671 814
336 521
336 361
336 815
336 7
1036 509
1036 816
359 181
1037 817
33 4
33 818
33 32
33 37
432 258
