25 0
25 1
25 2
25 3
212 4
212 5
212 6
661 7
398 8
551 9
551 10
43 11
43 12
43 13
43 14
43 15
43 16
43 17
43 18
207 19
207 20
207 21
207 22
40 23
40 24
2 25
2 26
561 27
585 28
662 29
662 30
662 31
662 32
663 33
663 34
664 35
337 36
448 37
293 38
665 30
665 15
24 39
24 40
24 41
24 42
12 43
12 44
12 45
12 46
12 47
649 48
649 49
649 50
666 51
667 52
254 53
254 54
254 55
254 56
254 21
450 57
318 58
318 59
188 15
188 60
312 61
312 62
270 63
270 64
270 65
270 66
270 67
270 20
270 68
270 69
270 70
310 71
668 72
669 73
669 71
146 74
670 5
670 75
671 76
672 77
509 33
673 44
673 12
592 78
592 1
592 55
592 79
461 80
674 81
233 75
675 82
452 83
423 84
409 85
133 86
7 87
7 88
676 89
677 90
555 91
376 92
257 93
257 94
257 95
257 15
257 56
257 96
151 97
151 98
151 15
151 99
151 100
151 101
678 102
679 103
341 104
341 105
263 106
263 107
680 108
114 109
114 110
114 111
114 49
114 112
584 20
231 75
226 79
34 113
112 114
124 51
124 115
124 116
401 96
401 117
681 118
131 86
635 119
519 111
583 120
682 75
217 121
217 122
289 123
289 44
683 124
294 125
294 126
294 19
294 127
294 128
86 129
86 130
86 131
86 132
86 133
132 123
132 86
684 102
685 134
686 135
136 136
453 49
74 137
74 138
74 139
74 140
74 141
74 142
74 143
74 144
74 145
74 146
687 122
179 147
179 148
179 149
179 15
179 150
179 151
179 152
179 153
179 154
179 155
179 156
179 157
179 158
179 159
179 160
179 161
179 56
179 162
179 163
179 164
179 165
179 166
688 123
181 55
181 167
181 15
181 88
181 56
181 168
181 169
181 96
181 170
181 171
339 172
339 173
339 174
339 175
339 176
286 123
286 177
286 178
15 179
15 180
15 181
15 111
15 43
15 36
15 151
15 96
15 182
15 75
15 183
15 184
15 185
15 76
15 186
15 169
15 95
15 187
15 49
15 188
15 189
15 190
15 191
15 192
15 193
15 194
15 195
689 196
368 197
368 198
368 199
368 200
116 201
297 202
297 203
297 204
297 122
297 205
21 206
21 207
21 208
21 209
21 21
690 210
30 211
222 79
4 212
548 55
285 123
691 213
692 214
121 215
121 216
121 217
121 168
178 218
178 219
342 210
79 65
79 220
79 221
79 222
79 223
79 224
79 225
79 226
437 227
283 56
344 196
344 66
189 43
189 227
189 42
189 228
189 111
189 15
189 189
51 124
595 1
101 31
101 229
101 151
101 230
693 102
547 231
287 232
694 233
73 52
317 39
22 187
128 234
695 192
696 124
357 235
80 236
80 237
180 238
180 239
180 196
180 240
180 123
180 241
180 242
180 182
279 243
279 244
279 245
279 246
328 232
697 247
697 95
698 248
120 249
120 250
120 251
96 15
96 252
96 253
96 254
96 255
96 181
96 79
96 256
96 250
96 257
96 258
96 259
96 260
427 71
699 261
605 262
422 84
250 96
107 263
322 44
322 264
322 265
540 152
540 266
540 182
169 15
169 54
169 56
169 267
169 151
700 268
209 269
209 123
209 86
209 270
209 21
280 56
280 95
701 271
261 272
261 273
702 274
35 93
35 275
35 276
35 277
703 278
246 279
704 209
704 86
56 93
56 1
56 280
56 35
56 49
56 15
56 281
56 282
56 283
56 257
56 259
56 284
56 181
123 25
123 285
123 286
123 252
123 287
123 180
123 209
123 288
123 253
123 289
546 290
48 75
434 243
434 93
434 253
705 291
38 44
38 292
38 293
19 207
19 294
19 295
202 296
202 297
558 43
558 298
305 291
370 241
706 244
225 23
225 79
631 86
624 184
201 274
374 299
374 291
374 300
374 301
374 302
374 303
374 304
374 305
374 306
374 307
190 15
641 308
641 16
641 49
186 15
196 180
196 7
196 309
196 288
196 310
196 311
196 210
61 123
61 312
275 56
275 313
182 314
182 315
182 316
182 317
182 318
182 135
182 319
366 93
248 320
707 321
648 49
264 322
264 119
708 323
23 225
23 40
353 7
272 123
272 201
272 324
608 7
608 277
491 25
491 325
491 192
491 326
709 33
426 10
426 310
350 73
429 1
429 16
710 178
575 327
575 214
575 223
232 287
232 328
162 179
162 158
607 15
348 1
348 329
348 181
348 330
348 331
348 332
348 333
177 286
177 259
177 334
177 92
177 335
177 105
36 15
36 152
36 336
36 337
36 338
711 49
174 339
712 184
713 340
714 290
611 86
611 20
105 341
532 16
532 135
468 39
267 274
715 342
193 15
193 343
193 111
716 344
446 103
379 345
44 181
44 12
44 289
44 322
717 52
220 35
220 16
220 346
220 238
220 347
549 311
646 49
330 348
533 1
533 10
533 349
533 135
533 350
533 213
533 52
260 96
260 14
221 351
221 79
46 292
380 352
380 353
499 188
499 354
499 355
718 56
719 356
115 124
115 357
657 244
657 358
93 320
93 216
93 359
93 360
93 127
93 177
93 361
93 362
93 363
93 15
93 54
93 56
93 364
93 35
93 365
93 366
93 194
93 367
199 368
155 181
720 248
604 369
241 370
234 70
234 120
625 184
63 270
721 96
192 96
192 371
192 372
722 373
303 374
127 93
723 375
724 1
92 177
92 376
431 308
531 377
531 378
725 379
351 352
726 123
352 380
90 381
727 382
490 383
490 384
385 385
150 179
728 43
729 15
493 386
75 387
75 388
75 389
75 271
75 390
75 391
75 16
75 392
75 265
75 393
75 394
75 48
291 374
399 27
399 313
730 395
185 15
185 265
617 55
731 396
520 397
8 269
8 181
8 152
8 398
313 39
313 399
313 400
313 275
117 49
117 401
521 402
536 403
464 404
251 120
140 356
732 201
732 405
733 15
734 237
524 406
735 71
126 184
126 108
13 43
736 407
256 96
256 259
256 408
224 79
85 409
400 243
400 1
400 410
737 411
738 15
739 412
740 413
414 254
414 278
65 414
65 415
65 416
65 417
65 17
65 418
65 210
65 298
449 179
741 419
741 420
742 1
743 274
615 55
84 421
84 422
84 423
395 49
387 75
577 424
744 15
744 185
744 425
745 288
745 426
745 310
416 396
746 15
71 288
71 427
187 15
187 428
187 22
109 6
747 103
142 74
579 429
579 1
579 130
643 49
45 12
210 367
210 430
210 342
210 65
210 95
748 350
308 15
308 431
308 151
308 432
175 339
176 339
176 102
749 433
243 434
243 279
243 435
243 436
750 263
413 276
751 114
458 437
458 438
522 439
522 440
474 441
474 410
474 442
149 179
523 443
523 444
523 272
752 445
753 170
754 446
171 181
514 111
755 447
756 276
640 49
52 411
757 356
37 448
388 449
14 1
206 21
57 450
610 327
758 451
83 345
83 452
309 196
759 453
534 106
760 98
760 454
760 129
761 455
252 456
229 126
229 457
229 101
762 214
438 458
501 459
501 55
501 460
501 461
6 1
6 180
6 184
6 109
6 462
6 71
6 463
404 464
404 465
39 163
39 313
39 466
39 467
39 468
39 317
39 19
39 469
39 24
39 56
39 470
39 471
39 472
324 181
324 473
198 368
410 474
763 43
371 192
94 475
94 257
539 152
568 82
476 476
565 451
463 6
601 365
601 477
764 478
506 123
506 33
765 451
405 479
405 480
529 15
766 393
457 457
767 343
242 180
562 27
557 481
557 482
557 483
557 484
557 485
557 486
557 487
768 1
325 123
769 89
543 383
543 488
543 489
543 490
770 491
771 277
315 182
578 88
626 184
654 49
654 492
304 374
386 493
386 480
510 33
125 494
125 294
118 495
118 496
118 497
335 177
772 498
347 1
347 106
347 313
347 220
637 447
773 372
774 223
512 327
586 28
355 499
26 2
537 152
537 49
259 256
259 177
259 56
259 35
775 500
776 501
564 502
288 123
288 54
288 71
104 341
104 115
33 503
33 504
33 505
33 506
33 354
33 507
33 508
33 54
33 509
33 510
33 96
33 511
777 123
777 512
245 440
778 348
111 43
111 189
111 513
111 514
111 515
111 114
111 516
111 49
111 277
111 15
111 477
111 517
111 518
111 193
111 519
111 520
779 25
326 491
780 119
402 521
530 235
781 327
782 324
282 56
440 522
393 184
393 75
783 1
783 75
443 523
406 524
417 396
417 65
588 525
588 59
566 451
566 526
566 527
566 528
566 529
240 180
784 75
165 179
660 0
235 530
235 357
377 531
785 195
135 532
135 276
135 533
571 80
191 15
191 400
106 534
106 247
106 263
106 535
106 55
403 536
786 274
152 179
152 537
152 538
152 277
152 539
152 56
152 540
152 182
787 374
164 179
164 151
567 130
567 541
567 204
788 274
603 227
603 542
603 76
383 543
383 384
383 490
647 49
647 65
496 118
609 152
609 544
392 75
129 86
42 189
789 52
790 28
17 43
17 65
17 545
436 243
436 435
290 546
53 254
64 270
791 166
791 388
792 547
793 480
95 15
95 210
95 257
95 192
632 89
794 548
311 196
311 549
311 72
311 274
494 125
314 182
9 550
9 551
9 552
9 207
9 428
9 553
281 123
281 1
281 283
281 56
281 554
91 555
91 556
394 75
487 123
487 557
487 76
795 35
298 558
298 210
796 559
590 1
466 39
255 96
218 11
218 178
218 560
797 105
475 257
27 455
27 399
27 561
27 562
503 33
798 227
799 563
800 66
502 564
502 119
658 426
658 81
451 565
451 566
541 567
266 540
306 374
455 27
589 1
82 568
801 289
801 367
802 80
479 569
479 327
479 570
479 405
479 30
236 80
236 571
258 96
621 55
170 181
170 134
596 1
569 20
560 181
560 572
560 573
619 55
214 574
214 575
424 576
424 577
349 533
616 49
612 76
574 214
88 181
88 216
88 578
88 579
208 209
138 74
194 15
227 327
130 86
130 580
50 175
273 339
273 261
320 93
320 1
320 248
360 93
134 170
183 15
183 209
606 581
803 473
295 365
384 490
158 179
411 52
804 582
472 317
488 543
805 583
805 120
20 84
20 385
20 584
20 533
622 15
622 55
550 323
806 334
28 585
28 586
807 75
396 416
808 587
525 588
525 61
1 25
1 502
1 589
1 590
1 459
1 78
1 591
1 6
1 592
1 367
1 320
1 593
1 54
1 594
1 52
1 111
1 429
1 109
1 56
1 579
1 595
1 363
1 170
1 596
1 348
1 281
1 16
1 400
1 80
1 597
1 347
809 445
16 429
16 532
16 1
16 75
810 267
195 15
811 598
11 43
11 218
11 345
538 152
253 434
253 96
253 123
253 551
812 593
812 599
459 1
459 501
591 1
89 447
813 179
814 600
41 24
815 35
365 93
365 19
365 601
365 295
816 446
816 261
108 126
817 537
542 602
542 603
602 542
576 577
122 311
122 171
122 217
381 201
54 93
54 254
54 49
54 33
54 288
54 510
265 475
265 238
265 185
265 186
265 75
818 215
819 327
820 35
628 276
47 12
528 566
216 7
216 88
216 540
821 16
556 604
822 448
823 380
292 184
470 39
824 56
262 605
825 257
826 178
580 130
827 2
581 606
828 607
277 35
277 608
277 1
829 178
830 33
544 609
70 270
110 114
203 248
203 610
831 121
832 493
832 611
832 181
833 9
76 15
76 612
76 603
834 71
271 75
835 345
836 49
837 497
838 152
838 181
630 367
630 362
839 292
839 230
480 613
480 405
480 614
840 90
55 615
55 441
55 501
55 616
55 254
55 114
55 181
55 617
55 618
55 321
55 49
55 592
55 619
55 548
55 620
55 621
55 436
55 622
841 542
842 214
843 623
843 220
184 624
184 625
184 626
184 627
184 15
184 292
184 393
276 628
276 35
276 135
276 226
367 93
367 221
367 629
367 342
367 362
367 630
367 631
367 210
844 632
845 276
139 74
119 502
119 633
119 634
119 264
119 372
119 635
119 636
846 637
613 480
430 365
430 210
847 573
49 638
49 639
49 640
49 641
49 15
49 642
49 643
49 96
49 644
49 616
49 645
49 114
49 646
49 647
49 54
49 648
49 649
49 650
49 455
49 480
49 651
49 84
49 652
49 56
49 5
49 653
49 343
49 1
49 654
49 655
49 656
332 348
570 345
848 252
358 657
849 72
81 658
850 659
851 660
852 33
327 606
327 227
389 289
389 75
274 55
278 536
