609 0
65 1
65 2
285 3
70 4
70 5
70 6
548 7
531 8
605 9
610 10
338 11
105 12
443 13
443 14
162 15
162 16
350 17
350 18
611 19
21 12
21 20
21 21
113 12
0 22
0 23
566 4
469 24
509 25
509 26
239 27
240 28
188 11
612 29
94 30
94 31
94 32
613 18
141 33
76 34
387 35
234 36
268 37
268 38
551 7
20 39
20 40
101 12
83 41
158 26
62 42
62 43
62 44
62 45
62 12
62 46
62 47
614 48
483 49
79 50
475 51
397 52
615 53
615 8
410 54
410 55
410 56
410 57
410 58
418 59
418 60
229 61
45 46
45 62
595 63
411 64
411 65
411 23
411 50
616 66
617 67
617 68
5 48
5 69
5 70
5 71
5 72
5 73
5 74
50 75
50 76
50 77
50 78
50 79
50 12
50 80
50 81
618 82
41 83
619 84
395 52
164 85
164 86
606 87
620 18
621 88
593 11
593 89
622 90
226 91
236 62
236 43
84 92
31 93
31 94
623 51
12 95
12 96
12 97
12 98
12 3
12 99
12 85
12 100
12 46
12 101
12 102
12 39
12 103
12 62
12 42
12 104
12 14
12 105
12 106
12 107
12 108
12 64
12 109
12 110
12 86
12 111
12 112
12 50
12 7
12 18
12 113
12 114
12 115
12 116
12 117
12 118
12 119
12 29
467 120
561 46
561 28
624 4
150 59
150 18
150 85
150 121
150 122
150 60
488 123
625 124
626 125
627 126
481 127
244 128
628 100
430 106
629 129
630 130
182 46
115 131
115 132
115 133
115 134
115 135
115 123
115 12
115 64
115 136
115 93
115 137
115 138
458 139
458 38
155 140
155 141
155 142
155 143
155 144
155 145
518 146
518 147
518 148
518 46
518 118
518 149
121 150
173 151
582 152
145 153
145 154
145 155
533 156
533 18
591 157
359 111
359 18
359 42
322 158
631 120
404 17
517 159
517 160
517 161
15 16
15 162
15 163
632 164
435 165
435 166
633 167
69 68
634 168
385 169
383 26
585 170
585 171
583 46
583 172
151 173
444 14
46 153
46 174
46 175
46 12
46 85
46 103
46 62
46 176
46 43
46 14
46 177
46 60
46 178
46 179
46 180
46 17
46 181
46 110
46 182
46 183
46 184
46 18
46 185
46 186
46 187
46 117
46 188
46 33
635 189
537 190
636 191
476 192
30 126
30 193
30 194
30 12
30 93
30 18
30 94
30 155
30 195
30 196
30 8
177 46
177 85
110 197
110 198
110 199
110 200
110 201
110 202
110 12
110 203
110 204
110 205
110 206
110 207
110 18
110 208
110 163
125 209
125 210
125 211
167 115
167 184
167 27
257 163
131 46
131 115
131 212
248 213
248 214
6 215
6 216
184 217
184 218
184 219
184 134
184 98
184 220
184 221
184 18
184 46
552 7
552 53
552 18
560 12
560 222
560 46
560 110
560 206
526 223
311 204
330 213
357 44
221 184
221 224
221 225
116 12
637 226
91 226
468 4
638 227
639 228
191 86
61 229
270 230
460 18
460 231
194 30
147 232
457 233
457 38
457 206
205 110
36 234
36 18
568 235
453 190
39 12
39 131
39 20
521 227
43 62
43 236
43 237
43 46
43 238
43 27
640 35
640 239
641 60
525 32
28 240
642 241
179 46
179 68
67 242
298 86
643 243
254 163
128 244
183 12
183 18
265 203
265 245
394 85
394 246
318 33
644 247
214 62
214 248
1 65
645 249
477 250
646 251
149 12
149 59
149 252
149 253
149 127
163 254
163 255
163 14
163 112
163 256
163 96
163 18
163 257
163 110
163 258
163 247
307 259
307 86
256 260
379 134
438 261
438 262
438 263
438 220
438 18
438 264
245 265
647 227
647 9
218 266
648 267
153 60
153 145
649 39
37 268
434 165
339 18
384 169
384 269
384 94
230 270
96 12
96 1
96 271
96 14
650 220
554 272
554 273
558 198
514 274
514 275
514 276
3 277
3 278
3 279
3 280
3 281
3 282
3 12
3 283
3 8
3 284
3 46
3 285
3 286
3 287
296 86
283 288
283 3
651 222
86 99
86 289
86 14
86 31
86 290
86 12
86 291
86 42
86 292
86 30
86 293
86 294
86 295
86 296
86 191
86 109
86 297
86 298
86 8
86 299
86 75
86 300
86 301
86 164
86 302
86 303
86 304
86 305
86 222
86 306
86 307
86 308
86 309
86 310
286 3
584 311
584 312
584 93
584 313
584 161
320 33
429 314
429 315
652 76
33 316
33 219
33 317
33 318
33 319
33 46
33 320
33 321
176 322
176 323
176 26
176 46
176 208
176 163
602 120
114 12
114 131
114 324
114 325
271 12
653 46
653 34
213 248
213 88
213 326
213 327
213 328
213 329
213 330
213 331
213 332
472 333
472 334
472 6
117 12
117 46
228 85
228 335
228 127
18 336
18 337
18 57
18 106
18 338
18 31
18 19
18 12
18 339
18 232
18 288
18 36
18 340
18 341
18 342
18 343
18 344
18 59
18 345
18 346
18 30
18 54
18 78
18 347
18 348
18 150
18 110
18 38
18 349
18 86
18 350
18 17
18 351
18 352
18 156
18 183
18 353
18 354
18 355
18 120
18 356
18 7
18 92
18 168
18 250
18 163
18 357
18 222
18 358
18 359
18 360
18 361
18 362
18 363
18 224
18 364
18 15
18 365
18 366
18 367
18 368
332 213
654 369
367 18
95 12
555 316
555 370
97 12
97 208
655 222
478 22
243 60
572 222
335 228
587 371
656 35
344 73
42 62
42 85
42 12
42 372
657 7
401 373
401 374
78 375
78 282
78 18
78 60
78 376
134 351
134 377
134 378
134 115
134 379
134 185
134 380
134 381
134 60
204 382
204 383
204 7
204 311
204 225
204 127
269 384
471 348
413 14
356 18
658 174
659 385
660 12
661 70
662 219
304 86
304 386
56 57
35 387
35 356
35 204
35 388
35 389
35 90
35 212
35 390
35 208
663 62
88 222
88 353
664 51
253 149
253 391
217 392
217 184
217 134
665 33
419 59
666 14
106 12
106 18
106 60
106 393
246 394
52 217
52 395
52 396
52 53
52 397
52 398
391 253
563 399
667 18
668 400
74 216
74 5
374 314
374 200
374 12
374 401
17 402
17 176
17 403
17 404
17 405
17 406
17 46
17 407
17 350
669 46
199 59
199 408
199 18
199 113
54 409
54 410
166 8
166 163
64 131
64 411
64 12
64 120
64 412
64 115
64 413
132 115
23 359
23 411
23 414
23 0
23 415
23 416
23 417
59 418
59 199
59 419
59 420
59 150
59 12
59 18
59 297
112 421
112 46
112 422
112 12
431 423
263 424
263 11
16 15
16 162
389 425
389 85
389 426
389 73
439 18
447 427
574 222
519 428
532 75
314 429
314 374
670 375
671 430
512 126
423 431
165 432
165 433
165 434
165 115
165 93
165 18
165 435
165 436
165 60
165 437
261 438
571 439
571 187
14 440
14 441
14 442
14 413
14 228
14 96
14 443
14 444
14 445
14 86
14 163
569 446
482 127
592 46
427 447
427 448
672 4
672 6
60 165
60 222
60 449
60 450
60 134
60 451
60 78
60 106
60 150
60 252
60 418
60 18
60 153
60 437
360 18
673 452
674 228
524 453
524 454
675 99
124 455
38 200
38 456
38 34
38 424
38 26
38 268
38 457
38 458
38 258
38 459
38 18
207 85
494 85
494 68
231 460
231 397
676 461
425 389
601 120
550 7
677 426
216 4
92 84
92 245
92 18
92 301
92 462
251 415
678 214
398 52
679 144
27 43
27 239
489 415
680 463
403 17
681 464
573 314
224 15
224 221
224 18
682 465
58 18
683 155
436 165
29 12
274 46
448 427
684 52
99 86
99 352
100 466
100 467
100 102
232 297
232 147
685 85
686 468
687 12
2 65
564 399
24 46
24 469
24 38
348 470
348 65
348 18
348 60
348 471
242 67
242 18
334 472
334 473
196 30
215 6
688 474
688 86
689 175
690 79
455 475
455 227
455 476
691 179
250 477
250 18
250 389
692 115
693 18
22 478
233 190
219 33
346 18
63 32
372 179
372 42
694 115
695 198
72 18
72 5
72 479
119 12
696 217
603 383
366 18
127 480
127 481
127 482
127 204
127 56
127 149
452 68
49 483
697 6
451 60
192 216
192 484
698 233
376 78
111 359
104 12
503 26
604 4
139 168
699 216
699 485
699 486
700 115
502 85
502 487
82 222
82 188
223 34
223 82
223 18
198 162
442 14
259 115
259 307
259 488
701 11
416 175
300 419
300 155
355 18
415 489
415 490
415 91
220 491
220 438
93 492
93 165
93 30
93 31
93 203
93 493
68 55
68 494
185 46
185 495
185 134
515 496
702 12
702 4
142 155
501 497
703 85
703 43
44 46
377 134
421 301
34 76
34 38
540 190
704 498
570 241
705 499
705 500
557 282
706 163
707 375
497 501
516 46
445 14
85 14
85 502
85 150
85 12
85 68
85 389
85 46
85 426
85 163
337 18
249 156
505 26
26 503
26 504
26 383
26 505
26 506
26 411
26 507
26 508
26 204
26 18
26 509
26 510
26 511
26 512
26 176
26 158
396 395
396 52
559 12
559 38
708 513
276 514
496 515
496 516
496 76
160 64
160 67
160 517
160 476
118 12
118 518
118 60
466 467
709 519
301 197
301 12
301 520
301 374
301 421
301 7
301 92
301 46
301 163
710 86
711 389
227 521
227 9
212 131
212 35
712 522
289 86
289 8
713 523
454 524
19 18
428 519
459 38
258 38
479 72
714 51
473 7
473 334
715 525
480 93
480 526
382 120
716 527
717 33
717 203
717 472
280 3
32 528
718 529
575 487
575 222
407 17
407 306
407 403
180 181
8 166
8 530
8 531
8 86
8 306
75 12
75 532
75 50
138 115
323 17
156 533
156 534
156 293
156 424
156 535
156 38
156 536
98 184
190 138
190 233
190 537
190 538
190 222
190 30
190 539
190 540
190 541
190 115
190 500
190 542
190 543
190 544
190 545
190 453
190 546
190 547
7 548
7 549
7 513
7 301
7 550
7 551
7 12
7 552
7 204
7 18
7 38
7 103
7 473
48 553
186 46
40 20
273 554
316 33
316 555
358 18
719 556
363 557
363 18
363 282
373 401
373 286
373 506
720 153
720 558
202 110
721 7
154 145
722 100
723 18
288 559
288 283
206 457
206 560
724 156
725 455
144 561
352 99
598 306
598 120
567 562
529 4
529 51
399 53
399 563
399 564
123 115
123 488
726 565
25 509
4 216
4 566
4 468
4 74
4 51
4 239
562 567
484 568
484 192
727 89
446 569
412 64
728 570
528 204
528 32
187 17
187 571
187 301
187 572
187 18
187 110
187 46
187 573
187 87
222 222
222 190
222 65
222 574
222 14
222 88
222 575
222 82
222 487
222 7
222 560
222 18
222 513
222 60
729 576
730 2
255 577
255 222
255 399
255 163
237 62
143 155
579 174
174 115
174 578
174 579
731 101
732 352
733 520
608 580
608 225
495 185
734 12
347 198
433 165
433 581
294 86
152 115
152 582
487 222
487 502
172 583
735 46
103 7
103 12
103 46
103 120
594 530
108 12
312 584
736 423
737 52
406 460
170 585
738 75
51 475
51 529
739 586
200 374
351 11
351 134
386 304
408 199
329 213
577 222
577 255
740 115
740 150
534 85
393 106
513 222
741 540
282 277
282 229
282 557
282 78
282 3
282 512
742 4
371 587
208 35
208 97
743 588
247 18
247 350
315 429
744 475
492 93
492 52
492 163
745 422
746 35
747 88
747 404
747 589
748 590
291 86
157 591
536 184
536 219
47 62
47 592
392 217
392 27
235 192
749 85
73 5
73 389
89 593
281 3
750 30
530 594
267 595
297 596
297 86
751 11
171 585
752 32
753 306
201 110
120 597
120 382
120 598
120 599
120 600
120 601
120 602
120 244
120 64
120 467
120 8
120 603
120 103
754 51
556 85
556 604
755 12
755 18
755 60
349 222
756 22
757 216
306 407
306 86
306 8
306 598
758 34
491 220
759 575
9 227
9 605
87 187
87 606
238 46
225 423
225 22
225 221
225 483
225 607
225 516
225 204
225 608
225 453
