905 0
905 1
188 2
188 3
188 4
188 5
188 6
206 7
206 8
206 9
206 10
206 11
206 12
206 13
206 14
206 15
206 16
206 17
206 18
206 19
206 20
206 21
206 22
206 23
54 24
54 25
54 26
54 27
54 28
54 29
54 30
806 31
906 32
906 33
906 34
161 35
793 36
793 37
793 38
817 39
227 40
869 41
210 42
210 43
210 44
510 40
832 45
907 46
907 47
907 48
908 49
386 50
360 51
535 52
870 53
870 54
870 55
870 56
80 57
70 58
70 59
70 60
70 61
909 62
895 63
64 64
64 65
64 66
349 67
457 68
904 10
127 69
127 9
127 70
127 71
127 72
127 73
127 74
127 40
127 75
127 76
434 77
434 63
434 78
213 79
213 80
213 81
213 82
213 63
363 83
363 84
666 85
359 25
359 86
359 87
359 3
359 88
359 89
359 90
359 91
910 92
600 93
600 94
418 95
418 96
59 97
59 98
59 99
59 100
59 101
59 102
59 103
59 94
59 104
59 20
59 105
59 106
59 89
59 107
59 108
59 51
59 109
59 110
59 111
59 112
59 113
59 48
59 114
59 115
59 50
59 116
59 117
59 57
59 118
59 44
59 119
59 70
59 120
59 23
59 121
59 122
59 123
59 27
59 124
59 125
59 82
59 126
59 127
59 42
59 128
59 129
59 130
59 63
59 131
59 132
59 21
59 133
59 134
59 135
59 7
59 136
59 137
59 138
59 139
59 140
59 141
59 142
59 143
59 144
59 145
59 146
911 147
912 148
69 149
913 150
582 3
582 57
152 151
152 152
546 89
373 2
914 46
165 153
881 154
915 155
695 156
695 157
695 158
695 159
695 160
35 161
153 162
153 163
153 164
153 165
153 166
153 167
533 89
916 168
821 169
821 170
821 171
102 172
102 173
102 174
102 138
102 175
102 89
102 176
374 177
799 151
799 3
917 44
307 178
112 179
37 180
37 89
37 181
474 182
529 183
529 184
754 185
918 186
919 187
5 188
6 188
6 67
920 18
644 189
83 190
867 191
867 153
867 192
867 193
867 194
867 195
867 196
867 197
867 198
867 169
867 199
867 200
867 201
867 144
921 202
208 44
922 203
693 204
693 23
802 205
802 139
802 130
802 63
44 206
44 207
44 96
44 208
44 202
44 209
44 59
44 210
923 211
923 54
923 212
923 213
923 89
282 214
145 215
145 63
419 216
924 217
82 24
82 213
82 125
82 126
82 134
82 50
82 59
202 218
202 219
202 220
202 94
202 160
202 221
202 89
202 222
202 223
202 42
202 224
202 57
202 225
202 226
202 227
202 228
202 229
202 182
202 196
202 230
202 44
202 231
202 232
202 233
202 234
202 177
202 235
202 236
202 237
202 238
202 202
202 239
202 29
202 80
202 130
202 240
202 59
202 241
202 180
202 9
202 2
202 3
202 242
202 141
202 243
202 244
140 59
490 156
490 245
880 246
302 155
830 247
328 248
328 25
794 116
794 249
659 250
659 251
925 252
926 253
737 254
737 80
737 196
531 255
713 256
713 257
732 258
804 259
581 260
581 261
773 262
927 263
927 59
345 247
345 264
345 67
444 265
444 266
928 267
279 268
107 269
314 241
378 270
378 139
378 271
876 272
577 273
577 274
929 275
480 276
480 11
480 44
191 209
191 277
268 278
268 279
268 280
268 281
214 282
214 155
28 212
28 109
28 54
47 52
47 283
47 284
299 285
299 286
299 287
299 179
299 19
299 288
299 224
299 176
167 289
930 290
180 202
931 291
931 292
613 293
125 7
125 294
125 82
125 295
125 296
125 122
125 109
175 172
175 102
175 231
48 198
48 59
48 283
932 3
933 32
708 137
783 297
678 298
288 299
934 300
155 79
155 63
155 247
155 301
155 302
155 303
155 42
155 57
935 104
14 206
14 89
14 63
738 304
120 305
120 202
120 60
387 134
387 306
178 307
178 89
178 308
178 309
178 310
936 20
936 311
936 59
936 60
936 170
97 59
667 312
937 12
571 313
714 314
714 315
714 316
714 317
714 318
714 319
714 320
714 321
938 169
540 221
540 322
540 89
540 323
540 324
104 325
104 59
104 229
528 195
25 326
25 327
25 209
25 89
25 63
25 328
939 329
837 330
287 299
240 331
240 206
240 89
240 202
240 63
486 332
486 89
486 18
611 333
671 138
886 27
219 202
219 160
489 156
489 9
717 334
717 102
717 335
717 336
717 40
717 337
542 89
439 338
439 339
482 340
567 341
567 139
567 342
479 3
940 153
67 343
67 344
67 345
67 346
67 347
67 348
67 349
67 350
67 160
67 351
67 352
67 353
67 354
67 355
67 356
67 357
67 180
67 358
67 6
67 267
634 221
20 359
20 360
20 120
902 361
941 362
21 206
84 363
84 364
84 365
586 3
586 195
586 366
586 367
586 368
566 369
873 370
873 371
514 284
514 365
648 73
2 79
2 188
2 372
2 373
2 202
2 126
2 374
2 15
139 101
139 226
139 170
139 136
139 185
139 375
139 308
139 376
139 377
139 89
139 63
139 378
139 379
139 380
139 381
663 382
829 247
942 383
399 241
209 191
209 198
209 44
209 384
209 23
306 385
306 386
306 250
306 387
306 388
306 389
366 390
366 3
366 391
943 59
944 392
945 59
759 57
467 393
467 275
467 155
467 394
467 395
467 396
467 85
467 397
669 108
575 398
624 399
624 176
58 400
58 169
58 70
58 401
58 241
946 402
319 403
319 404
947 161
251 405
113 59
948 129
745 406
745 407
408 408
579 409
230 410
46 411
46 412
46 413
46 414
46 415
609 416
95 217
95 139
95 417
95 418
95 178
95 23
216 419
629 420
949 63
92 421
92 89
92 104
177 99
177 202
177 374
500 422
541 89
731 55
950 423
950 91
401 424
401 425
401 426
401 427
401 428
401 58
401 429
401 430
401 431
401 432
401 433
78 434
951 188
952 435
711 436
447 437
447 212
447 170
447 438
953 210
498 439
498 440
498 49
498 441
552 89
954 442
954 443
427 444
427 401
427 137
427 228
955 445
956 446
437 447
142 59
143 59
391 366
744 406
957 448
957 449
957 120
957 138
244 31
450 450
450 361
450 451
450 452
450 89
450 63
450 241
746 453
765 454
68 455
68 456
68 457
68 19
205 458
205 459
205 460
205 461
205 57
205 391
205 462
205 463
205 154
721 331
721 79
181 387
181 385
820 464
820 465
223 466
223 3
223 202
223 241
889 63
599 63
275 467
660 212
660 468
150 63
841 52
604 469
604 182
604 470
604 63
604 471
604 472
172 102
578 473
578 3
891 63
403 474
403 319
277 191
277 475
277 476
277 83
958 477
375 478
375 139
959 479
959 480
680 481
340 482
340 26
787 191
960 483
215 86
215 145
646 422
18 206
18 484
18 485
18 486
18 239
18 18
756 185
488 487
156 488
156 489
156 490
156 491
156 27
515 492
124 493
124 342
124 54
124 176
961 494
91 359
91 495
91 496
91 102
49 497
49 498
49 499
422 500
422 501
422 502
422 503
422 347
422 504
422 505
422 506
422 374
422 394
422 507
422 310
422 508
422 509
422 510
885 27
301 155
77 511
77 512
77 513
77 514
77 515
77 516
77 434
77 517
77 518
77 519
77 520
77 521
77 32
77 144
962 258
962 522
962 295
962 523
963 524
964 525
640 51
705 3
705 137
705 63
965 526
455 68
966 527
8 206
901 63
184 528
184 529
132 59
967 530
840 52
968 531
73 127
106 59
106 532
89 533
89 450
89 63
89 57
89 534
89 535
89 102
89 440
89 365
89 221
89 150
89 111
89 536
89 259
89 537
89 240
89 486
89 415
89 118
89 0
89 538
89 539
89 92
89 26
89 540
89 541
89 542
89 543
89 239
89 359
89 67
89 59
89 544
89 545
89 546
89 25
89 547
89 548
89 549
89 550
89 517
89 139
89 551
89 15
89 297
89 552
89 553
89 554
89 178
89 182
432 401
969 555
970 400
637 556
971 557
338 439
536 42
536 558
536 171
536 89
525 559
284 560
284 52
284 333
284 47
284 561
972 485
174 102
174 562
973 563
616 564
164 153
423 406
423 170
423 63
423 565
423 497
369 566
974 7
974 195
974 567
883 568
379 252
379 139
585 3
757 185
241 221
241 385
241 450
241 498
241 145
975 569
313 570
313 123
313 571
313 49
313 572
313 59
976 421
9 127
9 489
9 573
9 202
632 221
3 311
3 574
3 575
3 576
3 223
3 577
3 578
3 579
3 196
3 580
3 581
3 539
3 582
3 206
3 308
3 202
3 359
3 583
3 584
3 151
3 302
3 59
3 585
3 586
3 587
3 588
3 136
3 589
3 3
3 590
3 366
3 381
147 560
977 2
977 396
760 57
978 591
412 46
411 46
411 576
707 592
707 593
707 137
707 209
707 46
707 224
144 259
144 594
144 280
144 59
144 237
183 595
183 596
183 96
183 529
979 597
979 314
311 598
311 102
311 156
98 59
980 599
888 63
452 450
452 11
94 59
94 89
94 202
94 63
94 600
491 156
633 221
633 89
633 601
573 403
573 9
664 602
664 603
771 354
981 477
472 604
982 407
483 32
662 605
88 221
983 606
789 598
179 299
984 222
580 607
580 103
580 608
985 105
986 196
416 51
416 609
416 160
527 610
484 49
484 18
502 611
293 48
293 43
293 612
293 613
987 614
426 401
238 202
988 615
254 603
254 23
989 311
990 200
224 202
991 616
991 617
991 49
991 618
587 195
587 603
992 619
993 427
76 127
848 52
848 620
782 212
650 241
168 231
109 28
109 59
109 100
520 333
176 621
176 622
176 623
176 624
176 618
176 63
994 526
612 333
654 625
511 77
836 94
836 626
836 627
315 628
440 89
440 498
420 629
221 630
221 540
221 484
221 26
221 631
221 632
221 213
221 633
221 126
221 88
221 202
221 297
221 141
221 19
221 634
221 59
221 635
221 241
576 144
656 3
656 305
656 139
656 636
735 439
735 339
51 637
51 638
51 427
51 20
51 639
51 59
51 640
750 641
750 642
42 210
42 155
42 63
720 305
720 61
995 643
189 644
189 645
788 442
788 646
996 42
196 647
196 57
196 202
196 648
323 540
323 209
323 323
323 176
725 560
725 182
997 480
767 649
655 257
998 202
999 650
730 651
730 652
730 392
730 363
267 52
267 544
1000 262
1000 653
1001 654
1001 59
79 655
79 155
79 63
79 656
1002 43
1003 90
1004 657
237 59
237 144
237 202
1005 89
280 279
280 144
280 658
280 594
468 659
468 115
468 137
468 134
468 212
468 250
468 660
468 661
468 251
1006 341
605 88
605 662
382 52
382 663
603 664
603 63
1007 665
85 666
312 667
493 124
135 59
135 668
108 77
108 669
108 59
26 195
1 102
1 181
1 137
1 176
138 670
138 102
138 671
138 139
138 672
138 59
827 247
827 673
827 674
827 675
827 499
1008 442
324 540
324 676
428 401
197 197
197 27
15 2
15 89
15 677
1009 42
1010 678
1011 2
590 3
186 210
882 205
882 679
882 79
218 481
218 680
218 202
887 681
225 202
347 666
347 422
574 195
574 63
1012 682
792 485
792 176
1013 195
1014 120
1015 683
1015 684
463 205
704 155
1016 685
228 427
228 202
228 398
779 686
1017 687
195 587
195 543
195 688
618 637
618 63
618 689
618 560
618 690
618 691
618 564
618 176
890 692
890 63
310 422
23 121
23 206
23 209
23 693
23 694
23 63
23 59
23 695
1018 696
446 697
446 698
446 586
1019 699
123 59
724 0
724 700
724 182
724 701
724 13
385 306
385 468
385 241
385 154
11 480
126 2
126 702
126 82
126 137
126 221
126 703
126 59
137 704
137 206
137 514
137 705
137 61
137 1
137 706
137 427
137 126
137 291
137 247
137 707
137 708
137 709
137 710
137 711
137 712
32 483
32 438
32 185
32 52
32 713
32 77
1020 52
1021 444
1021 59
239 3
239 241
122 59
1022 181
321 714
298 715
298 678
298 716
405 251
86 359
86 215
86 67
1023 57
1024 196
703 47
703 386
703 241
703 63
729 222
336 717
303 718
303 394
784 403
874 553
217 392
217 719
229 202
61 720
1025 259
1025 721
1025 371
1025 722
1025 723
182 724
182 3
182 725
182 202
182 196
182 474
182 89
182 5
407 199
407 726
162 153
1026 139
404 541
404 127
222 727
222 728
222 729
1027 453
1028 52
226 139
226 202
245 490
1029 55
651 730
1030 339
413 444
55 731
1031 59
1032 206
1032 50
602 664
12 161
258 411
258 59
258 732
258 733
258 50
235 202
481 218
481 680
339 195
339 734
339 735
748 466
748 3
748 358
562 263
1033 736
1033 737
304 738
1034 392
1035 739
285 299
438 447
438 740
438 32
1036 40
72 127
1037 241
1038 741
1039 59
1040 6
1041 139
1042 742
692 743
381 488
381 139
406 77
406 423
406 744
406 745
1043 195
192 325
192 31
1044 120
1045 151
1046 182
453 746
716 298
396 467
396 529
786 747
462 205
462 91
462 153
358 748
415 749
1047 750
207 724
207 44
185 751
185 752
185 753
185 139
185 754
185 755
185 756
185 32
185 757
1048 0
823 570
822 170
117 59
81 37
57 217
57 758
57 241
57 751
57 759
57 202
57 760
57 703
57 196
57 59
57 63
57 155
57 89
57 80
57 761
57 762
57 57
355 202
146 763
146 59
146 764
607 580
308 3
308 139
308 178
454 765
1049 766
857 40
236 333
236 202
649 767
649 202
649 768
136 136
803 160
803 176
697 769
29 54
29 202
29 96
29 770
29 771
29 772
29 773
305 720
305 774
305 775
305 776
305 657
305 120
1050 777
1050 176
19 421
131 59
131 778
199 407
819 96
686 779
826 780
589 703
332 259
332 467
332 486
1051 781
1052 248
212 782
212 220
212 468
212 447
212 660
297 221
297 89
297 783
1053 54
1054 79
90 359
90 784
90 785
250 609
250 659
250 468
816 151
816 3
816 290
816 266
357 83
357 67
747 618
747 786
400 58
477 787
1055 788
598 311
598 789
1056 89
877 740
87 359
87 176
631 565
1057 488
451 450
451 89
451 63
365 333
365 89
365 84
1058 194
1059 790
811 791
1060 127
1060 792
1061 321
36 793
114 59
326 25
376 654
537 89
116 59
116 794
116 795
814 796
814 89
13 52
1062 797
687 798
151 152
151 799
630 221
630 63
641 750
1063 800
1063 801
393 467
506 422
264 345
1064 703
198 48
198 209
198 27
130 802
100 59
325 478
325 59
325 104
160 219
160 803
160 67
160 804
160 259
160 416
544 805
544 59
544 89
31 806
31 59
31 551
43 210
43 43
635 807
635 221
592 707
1065 265
1066 611
809 808
809 809
1067 63
749 810
753 185
1068 811
608 580
1069 89
1070 59
534 89
220 812
220 212
220 30
220 813
1071 63
441 498
394 467
394 155
394 656
1072 156
796 814
1073 815
778 131
266 816
266 444
1074 93
1074 202
1074 694
1075 305
283 48
39 817
1076 221
96 818
96 418
96 819
96 733
96 40
1077 378
1078 105
545 89
1079 331
843 52
465 820
726 407
121 23
715 298
170 821
170 139
170 822
570 823
559 525
1080 58
1081 824
543 195
543 825
706 137
810 40
810 158
810 241
247 170
247 371
247 826
247 827
247 155
247 137
247 780
247 828
247 120
247 829
247 830
247 604
129 59
24 375
24 269
1082 202
548 89
372 831
372 551
560 284
335 717
45 832
1083 305
1084 833
1085 46
626 834
626 835
626 836
1086 52
456 68
330 837
694 790
694 202
694 23
1087 838
52 839
52 840
52 535
52 382
52 672
52 841
52 13
52 842
52 47
52 284
52 843
52 267
52 844
52 845
52 63
52 846
52 333
52 847
52 551
52 848
52 849
52 850
322 851
322 540
110 59
173 102
1088 50
698 446
1089 852
1089 853
1089 358
875 507
893 854
893 661
893 63
354 346
354 67
354 771
858 855
234 588
234 202
627 834
856 40
458 205
458 11
733 258
733 96
342 124
342 446
623 176
346 67
40 856
40 855
40 717
40 857
40 127
40 202
40 96
40 810
40 858
40 227
40 510
40 859
40 860
478 325
201 201
201 63
259 11
259 824
259 160
259 59
259 804
259 144
1090 486
758 57
343 67
30 220
30 59
30 180
30 813
30 615
670 138
487 487
487 488
504 422
1091 861
565 631
1092 769
1093 636
341 567
677 862
118 59
278 268
1094 339
414 89
1095 247
1096 217
642 641
872 261
596 183
596 863
672 138
751 57
1097 703
1097 864
564 616
318 865
103 720
103 361
103 866
103 580
103 400
103 59
103 241
1098 867
1099 868
41 869
53 870
1100 871
1100 38
1101 59
261 872
261 581
261 543
558 536
370 873
553 89
553 874
295 23
65 64
507 875
507 76
272 876
111 59
561 284
740 438
740 877
538 89
1102 836
232 202
233 878
233 879
233 202
233 311
246 880
154 205
154 881
154 385
4 882
568 883
27 54
27 884
27 197
27 198
27 885
27 59
27 886
1103 290
495 807
495 598
1104 186
681 887
681 711
171 70
262 773
63 450
63 79
63 888
63 451
63 94
63 889
63 599
63 89
63 150
63 890
63 604
63 644
63 483
63 891
63 618
63 892
63 240
63 802
63 893
63 57
63 894
63 145
63 895
63 630
63 4
63 645
63 213
63 423
63 359
63 703
63 19
63 896
63 52
63 897
63 713
63 705
63 898
63 550
63 254
63 574
63 899
63 900
63 387
63 901
63 23
63 692
63 176
1105 89
492 515
661 893
661 261
661 304
661 269
333 310
333 52
333 236
333 611
333 365
333 46
333 520
333 284
333 77
333 38
333 480
1106 85
1107 139
361 902
361 103
1108 903
1108 904
1108 59
190 83
1109 438
551 31
551 192
551 89
551 372
689 618
141 221
141 59
679 704
728 222
7 59
