467 0
467 1
467 2
734 3
734 4
145 5
888 6
367 7
60 8
60 9
60 10
60 11
60 12
60 13
60 14
60 15
60 16
889 17
260 18
163 19
890 5
332 20
332 4
620 21
620 22
620 23
636 24
813 25
891 3
673 26
407 27
407 28
29 27
29 29
679 30
892 31
563 32
563 33
563 34
563 35
563 36
563 37
402 38
794 39
87 12
237 40
237 41
152 42
893 43
894 44
895 45
896 46
47 27
47 47
47 48
507 49
658 50
660 51
802 52
897 27
67 53
67 54
67 55
67 56
384 57
384 58
508 49
821 59
871 3
16 60
16 61
601 48
601 62
601 63
411 64
411 65
534 66
898 22
55 67
343 68
473 69
285 9
285 70
285 58
285 71
285 72
285 73
285 74
285 75
285 76
12 77
12 70
12 78
12 79
12 80
12 81
12 82
12 83
12 84
12 85
12 16
12 13
12 3
12 60
12 86
12 87
12 88
12 49
12 52
791 89
899 77
657 90
900 91
901 92
901 93
901 94
902 95
903 96
523 97
523 98
706 84
724 99
724 100
724 101
724 4
724 102
724 103
904 104
905 5
316 105
147 5
374 106
372 107
202 108
202 109
906 110
646 39
646 5
646 111
796 112
397 113
397 114
397 115
397 116
397 106
397 117
397 5
397 118
397 86
397 119
148 120
412 121
412 122
805 123
85 124
85 125
151 5
907 43
908 126
908 127
908 128
908 129
908 130
909 3
571 131
910 132
433 133
184 134
184 135
184 17
184 136
184 137
184 138
74 139
117 11
117 140
117 141
117 122
5 142
5 143
5 144
5 145
5 83
5 146
5 147
5 43
5 48
5 148
5 149
5 150
5 151
5 152
5 153
5 115
5 74
5 96
5 154
5 155
5 156
5 157
5 158
5 159
5 160
5 161
5 162
911 19
911 163
912 164
913 165
914 166
388 167
388 16
94 168
427 169
427 170
915 122
330 99
330 70
330 47
330 20
330 171
330 172
916 77
917 7
379 173
379 174
379 175
101 101
101 176
101 177
101 178
101 26
101 179
101 180
101 181
101 182
101 103
101 129
101 183
138 184
138 185
918 186
758 187
164 188
822 189
8 141
219 92
219 190
219 191
219 192
219 2
919 193
227 194
227 195
227 11
227 196
766 197
920 198
755 199
269 200
704 201
704 189
109 202
109 203
109 204
109 143
457 27
457 8
457 43
457 205
457 3
419 206
419 176
527 207
181 92
181 205
181 208
181 101
181 209
181 210
181 211
181 212
181 192
181 120
820 213
701 214
701 215
643 216
271 217
271 218
92 219
92 220
92 176
92 89
92 221
92 222
92 223
92 30
92 13
92 224
719 61
719 225
719 131
921 106
921 226
921 183
195 227
553 39
922 228
247 229
247 230
247 231
247 232
434 233
434 234
923 235
41 129
41 236
41 237
41 238
41 239
924 240
870 3
742 172
925 176
17 155
17 184
17 241
804 123
804 242
804 243
804 244
574 179
96 43
96 49
96 5
739 245
730 246
229 247
314 248
314 249
314 250
314 251
314 245
314 252
314 253
314 189
132 254
132 255
9 60
9 256
9 43
9 257
9 258
926 259
18 260
220 92
220 261
220 262
220 263
220 141
927 264
814 265
928 1
745 266
200 267
200 268
200 269
200 270
200 271
200 272
200 273
200 274
200 275
929 276
410 27
930 277
400 278
931 82
143 203
143 5
143 279
143 43
143 3
143 280
143 23
143 281
143 282
114 283
114 284
114 63
72 285
82 12
82 286
82 5
82 287
82 288
321 262
321 289
309 155
309 290
309 84
932 291
23 292
23 43
933 293
556 294
64 257
375 107
375 295
869 3
512 296
715 217
715 260
934 297
934 49
854 298
293 299
293 300
293 301
935 282
79 302
79 303
79 12
79 304
79 70
936 183
882 305
812 306
937 307
799 308
414 309
462 43
938 277
275 310
275 311
275 200
275 35
275 238
531 312
639 313
248 314
105 315
105 316
105 317
105 318
105 319
105 320
262 321
939 322
940 150
940 323
154 324
154 5
155 154
155 17
155 325
155 326
155 309
941 13
20 327
20 328
20 28
20 329
20 330
20 331
20 332
207 333
207 334
207 335
464 143
464 225
337 336
694 337
694 338
694 339
694 340
694 165
694 341
694 43
694 342
694 343
694 120
825 49
684 126
684 3
942 344
943 345
437 346
564 136
564 223
944 347
671 348
945 3
946 349
13 92
13 181
13 350
13 106
13 3
13 60
13 351
947 352
19 163
327 353
327 116
327 20
456 43
456 354
165 355
165 193
629 3
948 356
949 2
562 165
239 41
950 357
950 358
156 359
156 114
501 360
501 361
951 334
952 165
714 322
714 143
714 3
714 362
543 363
953 364
954 176
569 179
569 365
353 327
857 366
857 3
7 367
691 12
292 368
292 369
292 43
292 370
292 23
107 371
107 372
107 373
107 179
107 374
107 3
107 375
955 327
956 376
75 377
957 364
816 378
958 379
959 380
68 61
68 343
546 204
546 43
597 146
597 381
276 382
576 179
576 61
576 49
466 43
860 346
58 383
58 285
58 43
58 384
58 86
58 103
58 49
494 15
249 385
249 82
471 386
167 387
167 388
960 389
960 390
960 391
960 392
960 393
960 394
477 395
477 396
477 110
477 349
961 397
962 3
818 398
818 399
278 400
278 70
566 183
38 401
38 402
38 403
38 110
426 3
426 169
426 84
426 183
963 13
838 30
964 207
965 277
966 404
27 405
27 330
27 360
27 406
27 407
27 408
27 29
27 37
27 409
27 410
65 257
65 293
65 411
856 228
856 366
121 412
280 143
280 277
280 13
280 281
48 413
48 3
664 263
664 77
664 414
53 179
53 49
218 271
743 106
743 415
967 2
662 416
968 3
969 252
206 417
206 196
206 418
206 286
206 419
206 420
970 421
538 86
971 418
971 422
971 423
570 424
972 12
973 425
169 426
169 147
169 427
169 323
169 122
974 11
215 428
215 429
215 430
651 276
651 431
651 222
975 432
975 189
676 417
133 433
463 43
976 3
234 217
234 434
234 234
240 62
977 435
978 436
979 437
775 438
980 143
980 439
981 440
753 407
171 330
297 441
297 442
836 443
836 408
516 61
323 169
323 150
868 444
540 312
540 445
815 446
815 447
815 448
815 449
504 136
504 450
504 422
504 225
504 49
406 27
406 451
406 304
223 336
223 3
740 452
43 453
43 454
43 455
43 143
43 352
43 456
43 457
43 216
43 280
43 458
43 176
43 459
43 460
43 461
43 462
43 129
43 288
43 5
43 96
43 463
43 3
43 464
43 465
43 49
43 466
2 467
2 219
2 468
2 192
2 469
255 132
255 470
386 471
338 424
732 472
69 473
69 474
69 61
878 475
42 152
537 476
396 477
78 12
982 239
608 478
827 479
827 480
716 481
716 482
716 483
716 158
718 259
718 150
718 34
718 101
289 321
515 322
515 371
515 484
515 485
515 486
515 487
515 432
515 488
515 489
515 287
515 490
515 491
515 492
983 493
15 60
15 494
15 112
15 495
15 176
984 496
985 366
986 497
361 349
361 498
361 499
361 500
361 120
361 501
361 189
361 502
573 143
573 179
809 503
987 191
49 322
49 417
49 504
49 43
49 505
49 86
49 53
49 176
49 116
49 178
49 506
49 40
49 507
49 96
49 508
49 136
49 509
49 510
49 73
49 237
49 6
49 12
49 228
49 24
49 58
49 511
296 512
296 513
798 308
136 404
136 184
136 504
575 514
690 62
490 371
490 484
490 515
490 492
61 143
61 288
61 69
61 516
61 517
61 16
988 37
989 518
989 519
404 520
404 171
404 150
404 521
404 522
6 30
6 49
669 523
228 454
228 524
228 39
228 525
228 526
228 49
228 183
990 417
778 49
778 111
991 527
119 181
877 3
772 528
992 428
992 215
335 207
993 529
994 530
312 531
312 115
312 82
312 532
312 533
66 534
66 535
66 536
995 451
476 537
86 417
86 44
86 43
86 538
86 88
86 49
458 43
641 322
641 259
641 539
641 540
559 541
363 542
363 543
996 27
997 291
997 165
998 544
409 259
409 545
999 454
1000 546
709 84
1001 547
1002 3
1003 548
1003 11
474 69
649 549
649 550
649 551
874 3
352 552
352 43
1004 314
613 115
613 553
613 554
667 555
252 322
294 556
707 84
1005 557
541 558
541 559
580 179
580 560
235 43
385 249
360 259
159 5
510 366
510 49
510 561
35 562
35 563
35 564
35 565
179 99
179 417
179 566
179 84
179 567
179 568
179 53
179 176
179 569
179 570
179 254
179 571
179 92
179 572
179 286
179 573
179 574
179 575
179 576
179 577
179 101
179 185
179 578
179 291
179 579
179 580
179 581
1006 27
429 582
429 583
429 584
429 585
429 215
14 60
14 586
14 587
14 588
14 399
183 217
183 228
183 589
183 566
183 222
453 77
453 120
683 126
826 590
1007 143
1007 313
135 591
135 592
10 60
10 593
10 594
792 80
277 92
277 280
277 27
693 595
700 422
146 596
146 597
146 3
146 598
174 379
1008 183
688 599
688 600
688 601
182 602
182 101
182 129
436 603
436 604
436 588
1009 605
1009 606
331 607
478 608
382 276
484 515
717 609
717 610
149 5
1010 43
1011 366
1012 495
1013 435
787 611
787 189
461 43
1014 520
1015 612
1016 111
421 417
1017 214
115 613
115 312
115 594
115 3
377 56
377 342
647 614
647 225
647 615
652 616
652 617
757 618
757 34
757 84
757 619
21 620
21 621
1018 622
1019 352
593 10
750 352
750 623
750 624
750 315
1020 247
1020 329
1020 625
1020 231
1021 626
1021 627
22 620
1022 628
1022 191
1023 629
257 630
257 9
257 594
257 631
257 632
257 633
257 634
257 225
1024 635
208 150
208 636
1025 352
1026 228
1026 43
1026 129
1027 637
862 638
1028 282
313 639
259 640
259 641
259 360
259 3
222 127
1029 468
1030 3
81 12
588 14
588 436
748 172
748 287
748 3
748 176
532 165
1031 372
810 642
1032 357
216 643
216 43
216 644
779 217
779 645
779 646
779 111
36 647
36 648
36 563
721 226
253 314
551 649
551 650
1033 651
517 115
1034 570
529 27
616 652
653 653
459 43
1035 455
116 49
1036 654
1037 3
834 655
350 13
1038 129
1039 656
125 657
50 658
188 164
188 43
470 659
1040 660
1041 661
1042 92
1042 22
589 39
110 662
110 160
110 663
110 314
110 664
769 665
692 71
692 62
565 666
565 35
1043 183
555 321
555 667
555 668
1044 126
398 3
162 5
162 3
659 669
118 397
381 597
161 49
1045 515
451 200
451 372
451 406
1046 37
1046 670
348 671
525 228
525 519
417 421
417 206
417 3
417 672
417 49
1047 247
299 293
1048 437
524 228
500 349
26 673
26 674
26 675
26 101
695 286
521 404
492 490
492 484
492 515
803 338
1049 676
329 20
243 92
450 677
450 678
450 504
1050 288
1051 277
221 92
221 679
221 680
1052 219
144 144
144 147
144 122
858 366
584 429
584 681
1053 682
126 683
126 684
126 685
126 468
126 518
126 686
126 457
126 687
126 3
126 688
126 689
126 348
126 130
1054 43
62 690
62 691
62 15
62 263
62 240
62 692
595 693
1055 694
286 52
286 82
286 112
286 333
286 695
286 206
696 150
696 696
592 436
592 697
592 135
194 227
1056 698
422 699
422 700
422 5
790 701
790 214
1057 179
863 702
1058 703
201 704
1059 225
84 705
84 309
84 706
84 186
84 707
84 708
84 709
846 710
852 711
1060 628
1061 17
1062 181
444 24
444 712
789 592
322 641
322 484
322 399
322 285
322 713
322 714
514 575
1063 338
1064 417
217 715
567 179
567 12
1065 246
881 77
481 716
520 404
334 207
1066 207
236 41
1067 717
441 454
441 297
513 296
560 3
1068 718
1069 408
131 86
131 571
131 3
131 719
614 720
1070 86
226 721
226 722
226 110
226 95
226 723
102 724
1071 725
761 417
761 726
824 155
824 430
697 214
697 592
120 3
120 181
120 176
11 727
11 227
11 392
11 160
11 23
11 728
11 460
11 3
11 729
57 384
1072 730
1072 451
1072 731
1073 214
186 84
455 43
472 732
1074 733
1075 406
326 155
577 109
340 694
830 318
1076 129
482 716
650 551
291 179
291 225
291 709
4 43
4 734
4 735
301 293
1077 408
491 515
282 143
282 39
1078 43
150 3
150 665
150 718
150 77
150 736
1079 352
806 505
1080 737
71 285
1081 738
1082 685
263 62
245 739
446 740
1083 478
763 37
178 101
178 176
172 741
172 330
172 742
1084 143
1085 743
1086 744
1087 13
368 292
1088 227
1089 718
1090 35
728 11
112 15
112 480
112 3
112 286
266 745
266 746
266 747
777 515
460 43
287 748
287 214
88 53
88 86
88 70
40 49
872 49
1091 749
1092 3
315 750
468 321
468 2
1093 398
1094 751
373 752
1095 178
469 2
122 144
122 3
122 412
122 522
122 183
328 20
328 753
199 3
199 754
199 755
268 427
99 724
34 756
34 757
34 563
187 92
187 758
187 640
187 759
187 183
160 43
160 11
160 760
160 110
129 737
129 3
726 761
678 450
678 77
1096 762
37 27
37 763
242 352
242 764
526 228
526 49
413 43
413 48
1097 132
594 115
656 765
83 12
83 13
83 287
542 363
1098 169
1099 477
197 766
197 714
197 362
680 767
680 221
680 768
256 9
665 769
665 656
288 366
288 770
288 82
288 43
1100 5
1101 349
545 454
545 771
528 503
528 772
231 247
371 462
371 539
371 641
371 107
225 773
225 257
225 504
225 647
225 464
225 774
225 275
438 775
844 776
762 777
111 778
111 646
111 779
111 12
157 27
1102 361
70 780
70 330
70 349
70 79
70 781
70 409
70 12
1103 43
1104 782
1105 457
1106 199
1107 783
1108 129
840 30
840 3
808 784
1109 785
1109 786
1110 634
611 787
767 680
1111 43
1112 788
214 701
214 656
214 789
214 790
214 287
1113 92
158 716
158 189
1114 143
89 92
89 791
80 792
39 11
39 553
39 793
39 794
39 228
39 646
39 795
39 796
39 282
578 179
648 797
648 572
648 36
644 216
308 798
308 799
729 11
729 800
729 227
454 179
454 545
454 43
454 372
867 3
1115 801
191 92
52 60
52 802
52 225
52 803
52 52
123 123
123 804
123 805
1116 454
420 450
505 806
771 545
1117 120
1118 572
134 138
498 361
274 200
1119 807
784 808
1120 641
866 3
751 372
503 809
642 810
1121 811
306 812
506 82
506 43
674 694
204 143
25 813
759 84
1122 157
1123 43
265 814
265 43
765 656
632 257
449 815
205 181
378 816
399 817
399 818
399 819
452 569
1124 179
213 820
59 821
189 3
189 822
189 158
103 724
103 58
193 823
193 165
770 381
770 288
770 181
1125 247
430 824
590 825
590 826
170 427
479 827
1126 569
1127 169
209 681
1128 457
1129 39
1130 828
1130 829
250 314
318 830
318 105
24 444
873 3
1131 831
1132 832
1132 833
1133 457
1133 834
587 14
28 607
28 636
1134 137
339 835
339 3
324 154
56 54
56 377
56 459
823 193
408 27
408 211
408 836
30 92
30 837
30 838
30 6
30 839
30 285
30 840
30 3
1135 841
835 94
835 222
720 303
1136 183
1137 842
1138 843
710 844
710 845
710 846
710 3
1139 847
1140 848
884 849
238 275
176 850
176 851
176 852
176 43
176 3
176 49
176 120
760 5
1141 332
1142 853
666 565
298 854
1143 150
1144 855
1145 239
366 5
366 856
366 160
366 50
366 857
366 858
1146 859
1147 544
572 179
1148 114
1149 327
346 437
346 860
346 61
346 454
349 61
349 477
349 152
349 70
638 861
638 517
638 862
702 863
1150 132
424 570
424 338
1151 864
1151 812
1152 865
3 30
3 143
3 417
3 225
3 734
3 339
3 426
3 866
3 223
3 867
3 122
3 146
3 868
3 43
3 171
3 86
3 48
3 869
3 710
3 870
3 52
3 813
3 871
3 150
3 131
3 598
3 12
3 176
3 462
3 571
3 129
3 872
3 873
3 126
3 874
3 11
3 107
3 60
3 875
3 189
3 49
3 199
3 629
3 597
3 684
3 690
3 624
3 560
3 39
3 58
3 398
3 457
3 876
3 179
3 877
3 714
3 621
3 120
3 162
1153 76
596 146
1154 110
681 209
681 584
192 106
192 219
192 181
359 156
475 878
475 879
475 880
475 743
624 3
190 219
1155 11
77 150
77 263
77 49
77 30
77 786
77 881
77 774
305 189
305 882
305 49
1156 39
849 92
849 883
849 884
849 885
849 802
849 886
1157 30
1157 442
224 92
621 620
621 21
621 3
621 23
1158 887
511 49
1159 3
