11 0
11 1
138 2
138 3
138 4
840 5
841 6
841 7
437 8
437 9
437 10
842 11
558 12
843 13
844 14
298 15
259 16
259 17
661 18
50 19
50 20
50 6
50 21
50 22
50 8
50 23
50 24
50 25
50 26
50 27
50 28
50 29
50 30
733 31
845 32
773 33
338 34
308 35
282 36
641 37
846 38
759 39
847 40
847 0
847 41
252 22
252 42
735 43
827 44
848 45
848 46
848 47
22 48
22 49
22 8
22 50
22 51
22 52
849 53
299 54
299 55
850 56
778 0
778 57
778 58
778 59
468 60
468 1
566 61
566 62
566 63
151 64
151 7
581 65
396 66
396 67
396 68
396 69
396 70
396 71
851 0
851 72
852 54
852 73
321 16
149 74
149 75
149 76
149 39
149 77
149 78
149 79
149 30
149 80
853 81
695 82
695 83
612 84
612 0
612 8
449 85
449 86
449 30
449 32
569 87
854 79
458 88
458 89
458 26
855 90
761 91
761 47
524 92
656 93
656 94
505 0
505 95
856 96
209 97
209 98
209 99
209 100
209 101
756 38
756 102
84 52
84 22
19 74
19 62
361 103
857 104
63 105
451 106
451 107
451 30
451 108
858 109
501 110
501 111
501 90
722 112
722 113
722 0
603 8
603 114
595 51
859 20
859 115
859 23
190 116
588 117
588 118
134 119
134 120
614 121
553 122
605 8
605 123
725 41
725 124
725 125
725 126
696 93
584 127
860 128
112 129
112 130
112 55
130 131
130 132
608 8
120 133
120 134
120 90
85 135
85 136
713 137
4 2
4 138
4 139
4 140
4 141
745 8
745 48
745 142
745 143
7 144
7 105
7 145
7 90
7 146
7 147
7 135
7 69
7 148
7 149
7 150
7 151
861 152
862 153
862 89
863 154
863 155
863 122
864 156
865 157
171 8
171 110
453 158
453 30
866 159
866 160
561 161
561 162
867 163
365 8
306 164
306 165
306 7
110 166
110 167
110 168
110 169
110 0
110 170
110 171
110 30
110 172
329 16
329 173
497 174
868 175
869 80
870 36
410 176
438 177
438 178
438 179
438 111
769 90
769 180
871 181
638 37
872 182
873 99
692 183
542 184
542 69
133 185
133 90
133 120
511 186
511 187
511 188
511 189
116 190
748 191
748 192
538 114
538 1
538 176
537 90
537 193
537 194
172 110
95 8
147 195
147 149
147 7
874 196
875 197
212 198
212 199
876 76
303 197
303 200
303 162
710 201
877 202
434 203
434 204
135 203
135 205
135 206
135 7
98 207
98 208
98 209
98 110
98 101
454 117
454 118
454 210
454 211
198 212
198 213
198 214
878 215
878 216
313 217
611 8
611 0
611 78
611 218
611 219
611 220
611 122
335 221
260 222
260 223
526 94
879 174
880 203
880 224
880 225
880 112
390 226
810 203
881 227
203 228
203 2
203 229
203 102
203 230
203 231
203 232
203 233
203 234
203 36
203 30
882 23
436 10
883 0
636 235
249 8
249 236
249 237
249 238
249 239
249 240
268 241
884 242
597 243
519 244
519 245
519 246
519 70
389 247
389 226
232 203
232 248
237 249
885 90
481 250
802 251
42 252
42 156
42 253
528 254
740 255
228 203
228 256
228 13
228 99
228 257
228 258
228 130
228 259
222 260
407 25
55 261
55 147
55 56
55 262
548 263
886 264
809 160
229 203
887 265
888 266
888 113
889 267
241 268
691 38
691 79
691 108
295 96
433 269
29 50
609 8
758 39
890 8
891 117
32 270
331 271
331 156
331 25
892 240
893 272
768 273
894 274
319 16
168 36
516 70
780 275
895 276
274 277
274 278
274 97
274 16
274 279
274 119
244 154
36 203
36 280
36 168
36 281
36 257
36 282
36 283
36 284
36 285
896 99
604 8
493 286
493 114
493 287
493 272
47 288
823 289
823 290
823 291
897 292
418 265
418 293
898 294
755 295
755 294
397 296
397 123
397 297
415 65
415 298
175 160
899 216
900 299
543 69
771 300
550 301
901 302
456 296
446 267
902 303
53 56
165 93
165 304
165 305
165 306
903 307
423 8
423 13
423 258
423 69
904 308
905 309
906 310
906 311
294 312
294 16
217 313
217 314
217 315
217 316
731 123
731 90
731 317
907 33
593 200
674 318
716 137
16 319
16 109
16 320
16 294
16 321
16 322
16 54
16 323
16 22
16 324
16 274
16 325
16 78
16 326
16 327
16 328
16 329
16 259
16 18
16 23
16 330
620 43
283 36
271 331
908 123
908 332
119 203
119 87
119 274
119 333
119 334
119 134
909 335
910 336
34 337
34 338
911 111
912 339
912 151
367 340
367 341
367 115
367 342
129 112
129 343
279 274
913 344
914 178
914 345
699 0
699 346
699 13
506 347
915 348
915 349
916 350
917 90
41 25
41 351
41 122
531 352
126 353
126 0
126 354
126 45
126 297
766 339
766 355
918 356
17 357
919 245
920 358
327 359
49 360
49 361
49 362
489 363
489 272
64 151
64 364
208 285
208 365
921 92
922 366
923 70
624 111
837 21
924 111
924 367
925 368
926 369
596 370
927 371
14 93
14 8
14 372
928 373
928 374
928 274
724 124
594 6
52 342
929 203
929 375
929 376
930 262
726 377
931 337
812 378
812 379
812 380
932 381
48 382
48 22
500 383
500 384
500 7
354 385
354 272
354 126
354 355
354 386
354 387
514 70
933 93
933 388
226 60
226 389
226 330
226 54
226 390
934 56
287 391
287 392
366 393
935 394
113 395
67 66
67 110
67 396
936 160
599 8
599 397
937 398
938 55
938 399
400 400
25 8
25 401
25 402
25 9
25 403
25 103
25 0
25 404
25 393
25 272
25 405
25 406
25 407
25 96
25 408
25 409
25 410
25 30
25 411
25 160
25 376
25 84
25 16
25 197
442 234
939 102
492 272
360 412
360 413
360 49
360 316
940 414
940 415
185 416
185 417
265 418
265 419
941 420
678 421
942 8
942 422
258 423
943 424
944 425
658 223
253 426
754 427
167 203
167 183
167 428
167 429
167 355
167 110
167 430
167 431
167 432
269 433
204 434
10 435
10 436
10 437
10 438
10 439
169 110
382 149
382 48
234 440
234 441
234 442
234 443
234 146
477 444
417 185
267 154
267 445
267 446
687 345
30 447
30 203
30 144
30 448
30 449
30 302
30 450
30 69
30 0
30 110
30 272
30 451
30 33
30 175
30 173
30 334
30 452
30 90
30 50
30 99
30 149
30 32
30 453
30 332
359 327
211 93
211 210
211 118
211 454
945 455
513 456
513 457
513 70
647 386
647 160
946 420
100 234
100 370
88 458
947 459
948 460
949 461
462 346
346 462
346 178
346 463
304 81
304 302
304 165
304 289
304 464
304 452
304 242
60 465
60 272
60 466
60 83
60 111
60 0
60 467
60 468
60 137
60 226
60 452
60 441
60 469
950 470
775 33
951 471
952 472
350 473
163 474
163 475
163 476
163 477
163 478
163 479
684 480
650 89
522 165
522 70
522 481
522 482
522 250
804 483
46 8
46 484
46 485
46 486
46 276
46 23
953 487
272 60
272 488
272 355
272 489
272 50
272 490
272 408
272 491
272 492
272 272
272 30
272 493
272 494
954 495
954 496
174 497
174 498
174 458
174 20
174 65
549 499
549 500
195 147
646 38
646 501
646 502
955 503
23 504
23 70
23 42
23 505
23 316
353 506
353 507
353 508
353 126
466 60
330 16
711 509
711 441
711 201
711 510
188 511
956 234
956 260
70 0
70 512
70 513
70 68
70 514
70 515
70 396
70 516
70 176
70 8
70 517
70 50
70 518
70 519
70 520
70 521
70 522
70 23
70 122
70 141
957 505
573 355
811 523
92 524
92 525
94 178
94 526
668 240
629 527
254 528
428 167
536 332
75 529
75 106
798 530
445 267
445 50
99 228
99 531
99 137
99 160
148 7
187 62
958 532
959 243
639 37
960 533
961 534
961 535
332 536
332 8
332 437
332 30
332 124
193 537
1 11
1 0
1 538
627 539
144 0
144 108
144 30
144 137
144 7
156 74
156 540
156 23
448 30
962 265
146 234
9 441
9 437
9 25
9 23
69 541
69 396
69 93
69 542
69 543
69 30
101 98
963 544
800 545
964 546
27 50
27 547
27 70
58 515
774 33
76 149
965 548
966 547
701 18
467 60
967 23
707 499
707 549
301 550
968 551
969 552
969 553
114 8
114 410
388 305
970 217
565 554
564 555
971 171
408 25
12 556
12 557
12 558
601 8
972 559
242 292
973 355
974 46
278 274
676 560
975 315
161 234
161 561
803 251
803 7
976 463
585 127
585 562
829 336
977 347
210 211
210 118
210 454
978 389
978 563
435 10
979 25
980 93
980 564
372 355
372 14
72 8
72 330
72 456
72 539
261 565
261 55
651 89
621 43
621 108
472 566
472 567
439 30
981 8
666 452
813 551
813 0
813 8
982 249
772 300
87 568
87 569
476 163
115 570
115 367
983 571
984 572
406 25
525 92
491 573
985 574
580 575
154 244
154 554
545 576
173 336
173 6
173 8
173 106
173 577
173 329
173 30
173 578
181 377
280 36
132 130
986 579
575 580
65 581
65 114
65 316
65 582
65 415
65 414
65 420
987 174
987 78
987 583
409 176
127 584
127 585
127 54
127 305
988 586
441 60
441 234
441 9
989 587
363 489
117 454
117 211
118 588
118 117
118 211
118 210
118 454
582 589
38 203
38 590
38 93
38 296
38 45
38 591
38 346
38 502
38 592
990 7
246 270
246 203
200 593
991 52
51 594
51 595
51 22
370 596
178 203
178 8
178 438
178 67
178 566
178 346
178 597
178 598
8 203
8 378
8 551
8 437
8 599
8 72
8 600
8 25
8 36
8 249
8 159
8 601
8 108
8 439
8 41
8 50
8 90
8 236
8 251
8 602
8 603
8 604
8 386
8 493
8 605
8 597
8 23
8 538
8 248
8 341
8 606
8 607
8 44
8 608
8 80
8 184
8 105
8 14
8 160
8 609
8 509
8 610
8 611
8 70
8 171
8 178
8 612
8 332
992 355
429 613
429 303
734 614
734 615
734 616
734 617
734 564
43 8
43 272
43 618
43 30
43 619
43 620
43 621
43 502
43 162
43 622
43 623
111 624
111 438
757 625
424 223
103 361
103 506
103 72
103 234
103 25
103 182
103 626
333 119
539 627
539 553
539 72
2 203
2 628
993 629
994 203
356 68
806 613
6 630
6 594
6 156
6 30
6 46
682 631
682 632
682 633
682 634
682 574
682 635
235 636
37 637
37 638
37 639
37 640
37 641
107 642
107 451
107 643
78 644
78 16
78 10
78 149
78 611
78 523
995 316
150 645
150 7
996 646
386 8
386 647
386 354
89 648
89 649
89 650
89 651
89 652
89 653
351 41
61 566
61 0
61 654
61 96
61 240
997 111
305 655
305 165
305 388
305 656
305 127
305 657
998 658
689 278
689 203
689 659
689 108
681 54
681 660
649 89
105 385
746 661
746 662
746 663
746 664
746 7
999 665
452 30
452 666
452 304
452 69
452 667
240 504
240 431
240 668
80 669
80 670
80 649
80 671
80 17
1000 672
347 506
347 115
347 673
136 136
158 453
1001 355
1002 90
318 674
318 675
557 12
225 676
1003 203
1003 677
490 272
421 678
421 403
1004 679
1004 680
54 681
54 16
54 299
179 438
634 682
1005 683
480 684
622 239
1006 438
215 685
312 294
1007 686
1007 250
345 133
345 397
345 687
345 142
1008 688
1009 84
1009 427
108 8
108 495
108 689
108 128
108 0
108 690
108 691
108 144
108 30
183 167
183 692
709 606
693 693
391 287
1010 140
1010 694
764 355
82 695
93 655
93 305
93 14
93 38
93 377
93 696
93 133
93 211
504 61
504 697
504 532
504 240
504 141
1011 121
238 249
13 228
13 389
13 698
13 547
13 430
13 300
13 699
13 700
18 701
18 661
471 702
570 155
570 115
570 128
570 703
570 704
570 122
1012 705
1012 706
499 707
499 549
416 708
1013 8
1014 105
606 709
606 8
288 0
288 47
201 710
201 711
623 25
623 43
623 712
623 294
137 60
137 713
137 614
137 139
137 144
137 714
137 99
137 715
137 716
137 128
137 717
137 327
137 718
137 719
297 397
297 427
297 126
309 282
753 590
721 720
721 721
1015 243
1015 7
655 655
1016 722
1016 723
326 16
176 410
176 80
176 409
176 70
402 393
402 25
673 347
124 86
124 724
124 725
377 181
377 726
206 727
206 160
206 367
364 122
781 20
233 203
1017 728
1018 475
1019 729
1019 730
352 531
266 395
90 731
90 167
90 145
90 7
90 501
90 8
90 591
90 732
90 300
90 294
90 160
90 25
90 30
90 80
779 429
779 531
779 59
779 628
440 8
440 234
440 309
31 31
31 733
123 605
123 731
24 108
616 734
1020 735
1020 137
162 43
162 96
1021 736
515 737
515 56
515 738
515 58
515 70
1022 13
257 228
257 36
667 452
334 739
334 444
334 30
671 425
607 8
478 163
554 565
554 154
1023 740
1023 255
1023 741
1023 742
1024 620
1025 45
816 743
1026 308
814 20
1027 744
708 416
1028 8
1028 745
1029 655
1030 6
645 150
1031 74
1032 217
663 746
1033 747
340 146
340 367
323 16
660 270
660 681
121 614
404 25
191 748
619 43
619 749
729 750
1034 1
376 25
1035 87
145 7
1036 8
488 272
316 217
316 65
316 23
316 70
316 360
316 94
322 751
322 70
263 741
263 194
821 752
821 240
642 107
1037 175
1038 393
412 360
412 425
590 38
590 753
590 392
590 226
427 754
427 297
74 156
74 167
568 87
1039 755
1039 756
625 757
395 128
395 266
395 113
395 124
39 758
39 759
39 234
289 371
289 179
207 98
207 760
207 396
91 761
1040 762
1041 518
1042 151
1043 763
432 167
718 137
718 274
355 764
355 8
355 735
355 765
355 766
355 372
355 767
355 18
355 16
355 471
825 79
122 364
205 135
495 294
470 249
1044 768
1044 95
657 93
180 769
300 770
300 300
300 771
300 90
300 772
578 173
33 45
33 773
33 774
33 775
447 30
302 304
56 8
56 67
56 460
56 53
56 694
56 94
56 234
56 759
56 776
56 777
59 778
59 779
275 780
1045 781
1046 782
1046 110
96 74
96 203
96 61
96 783
96 43
96 463
96 784
96 284
717 713
717 759
717 785
26 50
1047 786
1047 787
71 396
1048 56
139 137
765 384
1049 788
194 537
194 263
1050 789
1051 149
413 360
177 701
177 438
223 8
223 272
223 260
1052 790
1052 791
1053 100
1054 598
801 203
801 792
801 793
801 794
320 795
1055 796
1056 113
530 522
530 797
530 523
530 798
379 378
270 215
270 660
270 756
270 799
270 274
576 545
576 800
1057 67
1057 234
251 801
251 802
251 8
251 803
652 89
128 395
483 804
426 253
613 429
613 805
613 806
384 500
832 807
1058 8
1058 16
160 8
160 647
160 808
160 90
160 99
160 809
160 206
160 175
160 272
160 702
160 810
510 638
826 512
1059 513
1060 547
189 113
189 511
523 811
378 8
378 812
378 123
378 379
131 130
1061 529
1061 90
551 813
1062 56
0 11
0 60
0 144
0 167
0 110
0 126
0 722
0 437
0 216
0 611
0 25
0 570
0 70
0 699
0 1
20 282
20 174
20 814
20 498
839 55
1063 815
591 38
743 816
45 780
45 33
750 729
342 52
342 367
277 817
277 274
1064 818
68 356
637 37
1065 717
420 819
420 65
1066 820
752 821
799 270
1067 250
1068 822
385 105
484 46
291 823
291 493
630 6
630 182
1069 824
106 75
106 113
97 6
97 209
97 274
35 308
79 825
79 691
339 766
339 826
443 234
44 239
44 8
44 827
502 646
502 43
502 38
589 582
592 38
700 13
1070 452
1070 828
512 826
512 70
336 173
336 829
807 830
807 102
807 831
807 832
807 833
807 167
632 834
1071 835
836 836
836 189
21 50
21 837
21 65
1072 838
496 105
1073 1
15 298
1074 839
1075 13
170 110
628 504
628 779
1076 105
