737 0
738 1
153 2
153 3
153 4
153 5
153 6
418 7
575 8
739 9
222 10
222 11
616 12
616 13
594 14
594 15
396 16
396 17
396 18
125 19
125 20
125 21
702 22
702 23
645 24
645 25
630 26
630 27
740 28
740 29
740 30
459 31
459 32
547 33
741 34
28 35
28 36
28 37
742 38
59 39
59 40
59 41
59 42
59 43
83 44
475 45
475 46
475 27
475 47
475 48
475 49
475 50
475 51
475 52
97 26
97 53
97 54
97 55
117 56
682 57
743 58
744 59
27 60
27 61
27 62
27 63
27 64
708 65
226 66
745 53
746 67
94 53
94 68
94 69
94 42
94 2
94 70
94 71
94 72
543 73
537 74
537 53
537 75
537 76
747 77
748 78
16 78
16 79
56 80
614 81
9 82
419 83
749 37
138 84
727 85
325 86
325 87
325 88
600 89
263 90
263 91
263 92
263 93
263 94
263 14
263 95
263 96
55 97
515 98
750 94
96 99
96 100
96 101
96 102
96 103
96 104
96 105
96 106
96 107
751 108
71 109
258 110
752 35
224 74
695 111
695 112
695 113
695 114
440 115
362 116
362 59
362 17
362 117
574 118
375 67
587 119
398 17
753 120
753 121
754 122
254 123
254 124
254 125
254 31
100 96
100 126
100 21
404 127
404 31
404 128
404 129
201 130
201 131
201 132
201 133
570 134
755 16
756 135
757 136
757 121
164 109
164 25
518 137
518 138
518 126
758 139
703 140
703 141
703 142
149 143
759 144
452 145
760 146
157 147
157 25
143 148
143 149
143 150
697 151
697 152
4 153
4 154
4 155
490 156
606 69
25 18
25 46
25 157
25 158
25 9
25 159
25 160
25 161
25 162
25 163
25 164
25 165
25 166
25 167
25 168
25 169
25 170
25 96
25 171
25 172
25 173
25 174
25 175
25 176
25 177
25 178
25 155
25 179
25 180
426 137
426 179
192 53
192 181
192 182
192 183
303 184
761 185
761 186
761 187
761 188
761 179
761 171
762 189
663 190
705 50
763 191
182 192
434 193
434 194
189 78
189 195
662 196
58 197
58 88
58 198
58 199
58 189
495 200
32 142
32 201
32 126
32 137
32 31
32 202
32 203
764 204
627 205
276 206
276 85
765 74
765 126
411 207
411 208
766 209
523 74
523 139
428 179
448 210
448 211
364 78
767 212
573 109
373 213
20 125
20 214
20 215
768 216
768 217
768 75
433 194
510 218
510 126
769 219
770 220
771 125
772 84
773 126
774 221
11 53
11 222
74 223
74 53
74 224
74 225
74 226
74 227
74 121
74 228
74 62
74 229
74 230
74 231
74 17
74 37
74 232
775 233
385 234
776 201
314 235
777 71
141 236
141 234
141 237
141 84
141 238
141 239
456 240
456 241
456 1
778 126
427 179
247 50
247 242
247 145
390 234
243 243
779 244
780 59
781 146
288 245
288 139
288 246
595 135
782 74
783 53
242 53
242 247
172 25
172 248
172 249
482 250
482 251
784 25
723 74
723 252
785 205
786 22
786 59
786 253
124 254
124 255
787 256
787 257
110 258
110 259
287 260
287 261
287 106
287 262
287 218
287 96
60 27
60 263
788 59
382 264
236 141
789 265
609 266
346 233
346 267
346 248
346 268
584 269
584 270
584 271
131 272
131 88
131 201
429 273
429 274
429 275
80 56
473 45
206 74
206 276
527 53
790 277
530 137
530 53
530 278
186 279
186 280
791 281
290 98
290 282
290 283
92 284
92 263
92 285
92 286
105 96
105 126
322 106
792 53
424 132
534 53
581 137
260 287
283 288
283 74
283 53
283 289
283 285
283 290
283 291
283 179
283 292
283 293
793 294
794 295
794 17
794 121
625 126
625 296
625 121
795 297
313 205
450 145
353 298
353 141
353 299
353 114
353 238
796 300
796 301
279 186
279 255
496 302
184 303
696 304
696 305
696 114
174 25
249 172
249 306
797 307
228 74
228 308
228 309
228 248
798 310
232 137
232 74
799 311
799 312
800 313
801 314
368 78
368 315
520 187
432 316
545 53
725 214
621 317
341 318
341 264
341 183
802 116
802 78
158 254
158 319
158 155
158 25
158 18
803 320
804 321
36 28
106 105
106 322
805 323
806 324
169 25
807 78
86 325
808 326
732 1
690 211
470 327
470 328
470 88
729 211
729 121
809 74
809 329
810 233
466 31
811 330
812 288
812 53
812 35
812 331
812 332
239 141
265 205
223 74
813 314
79 74
79 87
79 69
79 333
79 334
412 335
412 336
412 183
814 337
815 24
692 88
692 338
195 140
472 88
292 27
292 339
292 340
292 283
567 25
567 171
175 118
175 25
816 17
538 282
538 137
538 53
538 78
538 74
318 341
817 82
818 342
2 94
2 153
819 343
494 344
494 205
494 199
267 345
267 346
267 235
664 347
664 94
664 348
664 349
664 290
657 350
657 1
657 351
0 91
10 352
10 353
78 53
78 16
78 102
78 354
78 355
78 356
78 357
78 358
78 359
78 360
78 361
78 17
78 362
78 363
78 364
78 365
78 366
78 367
78 226
78 217
78 368
78 282
78 230
445 369
820 370
821 76
821 371
213 372
213 373
408 291
328 374
63 27
721 235
67 375
67 376
707 377
454 101
454 126
608 144
608 266
509 378
822 121
264 341
264 379
264 25
264 380
264 381
264 382
731 383
823 74
123 254
123 31
234 384
234 385
234 386
234 387
234 388
234 389
234 390
65 391
65 83
65 211
463 31
463 392
365 78
17 74
17 144
17 393
17 394
17 395
17 396
17 397
17 53
17 362
17 78
17 398
17 399
17 400
17 401
824 402
824 31
178 25
825 23
414 22
414 403
255 404
255 35
255 208
255 405
255 124
255 406
255 25
255 279
435 233
435 205
460 407
409 207
826 408
207 93
207 409
207 410
207 411
183 412
532 53
517 162
517 126
517 135
632 88
632 413
632 205
827 121
22 74
22 414
667 5
828 183
481 415
93 263
670 32
670 376
238 353
244 154
246 288
829 285
272 416
272 131
830 417
830 418
133 28
719 419
208 411
208 255
831 153
358 78
832 74
107 400
107 96
420 420
420 74
420 421
420 33
420 422
420 220
833 329
421 81
421 376
617 262
617 423
132 424
132 201
179 247
179 283
179 7
179 115
179 425
179 103
179 78
179 235
179 426
179 427
179 428
179 17
261 92
261 44
261 429
261 274
261 287
497 430
607 69
607 431
704 325
704 432
474 45
194 433
194 225
194 434
367 78
834 74
834 35
233 111
233 205
233 286
233 187
233 435
233 436
233 346
233 437
233 438
233 401
233 211
835 439
115 74
115 440
115 135
836 441
369 442
369 443
369 444
369 445
583 44
583 446
583 137
583 78
583 3
583 265
516 134
516 126
637 30
211 447
211 35
211 31
211 448
211 155
211 449
145 450
145 451
145 247
145 452
709 299
566 453
101 81
101 454
101 17
101 37
837 455
461 31
241 456
241 126
492 262
492 457
492 458
492 70
31 459
31 460
31 163
31 123
31 461
31 35
31 462
31 463
31 464
31 465
31 338
31 466
31 467
31 399
31 32
31 254
31 347
838 17
839 468
88 469
88 135
88 103
88 470
88 471
88 81
88 472
391 177
45 473
45 474
45 475
425 179
216 476
41 59
310 477
310 109
44 261
44 284
333 35
467 31
602 478
21 125
21 479
21 480
21 25
652 66
415 481
90 92
250 482
711 483
91 472
91 53
91 484
91 290
840 27
580 485
580 458
700 23
841 486
842 53
506 282
843 135
528 53
844 487
844 488
844 489
156 490
156 491
845 53
845 237
457 492
173 25
444 369
199 58
199 493
199 25
199 494
846 155
200 495
200 69
355 78
401 233
401 17
302 310
302 496
430 497
847 135
847 498
499 499
166 25
848 500
535 53
535 154
849 501
309 502
309 228
850 144
850 21
851 109
852 53
633 53
853 154
854 503
285 504
285 53
285 283
285 505
285 92
285 137
285 70
285 78
285 259
282 330
282 506
282 507
282 29
282 1
363 78
503 204
666 156
855 282
856 369
378 508
378 126
378 509
218 377
218 510
218 287
126 100
126 96
126 511
126 76
126 35
126 512
126 513
126 330
126 514
126 515
126 516
126 517
126 32
126 17
126 518
471 88
857 48
858 519
187 520
187 521
187 233
187 305
859 522
217 78
860 137
693 338
95 263
861 523
155 524
155 411
155 158
155 92
155 25
155 58
155 438
862 256
862 525
863 205
863 526
53 527
53 528
53 529
53 296
53 74
53 91
53 530
53 531
53 137
53 532
53 192
53 533
53 37
53 534
53 116
53 73
53 395
53 117
53 535
53 221
53 32
53 284
53 511
53 536
53 118
53 285
53 70
53 514
53 537
53 17
53 201
53 538
53 539
53 540
53 126
53 541
53 26
53 94
53 542
53 543
53 78
53 544
53 11
53 545
521 187
87 325
864 133
675 83
675 546
33 547
35 126
35 205
35 548
35 35
35 549
35 1
35 21
35 550
35 333
865 551
357 78
564 74
564 205
564 552
564 553
564 554
564 555
564 533
564 556
347 31
866 74
507 282
867 557
160 25
240 272
240 456
868 558
397 17
869 17
870 559
871 59
586 560
872 74
872 561
455 349
455 562
455 205
455 563
683 402
555 564
873 565
874 566
171 567
171 25
531 568
875 53
134 210
134 569
134 79
134 570
134 571
134 572
134 503
134 359
876 573
386 234
877 76
118 574
118 575
118 53
118 175
118 438
582 137
624 264
624 53
624 296
144 53
144 576
144 205
144 577
144 507
144 17
878 578
399 34
399 579
399 17
879 533
880 25
458 580
458 492
137 581
137 53
137 582
137 583
137 426
137 537
137 17
881 358
728 584
728 585
728 121
560 586
681 88
681 553
681 283
235 314
235 220
298 448
298 353
119 587
119 588
119 306
119 337
569 134
569 589
882 72
882 69
268 205
268 346
599 590
599 591
354 11
191 592
191 53
191 593
191 191
15 594
6 2
6 21
469 88
883 413
884 207
885 21
135 595
135 88
135 115
135 596
135 597
135 598
135 517
48 308
48 599
280 137
280 186
280 215
539 53
99 96
99 106
886 5
89 600
887 425
698 151
888 204
42 94
42 59
889 179
109 310
109 601
890 233
478 602
891 603
147 157
256 236
248 172
248 538
248 248
248 189
248 81
248 346
248 290
248 604
197 58
197 96
197 23
197 205
69 605
69 53
69 69
69 135
69 227
69 94
69 606
69 607
266 608
266 609
556 564
111 233
892 291
893 610
894 611
895 27
512 126
896 21
897 69
26 53
220 537
81 88
81 612
81 613
81 614
13 615
13 616
13 295
898 125
438 617
438 601
438 618
438 233
441 477
51 27
85 276
605 69
899 179
626 205
18 619
18 620
18 158
18 25
18 396
46 475
900 17
901 621
902 622
273 429
229 623
229 74
229 205
642 417
479 21
529 53
296 624
296 53
296 625
205 144
205 626
205 627
205 205
205 283
205 628
205 494
205 629
205 73
205 435
205 564
205 630
205 313
205 631
205 197
205 330
205 233
205 32
205 632
205 500
205 633
903 634
903 69
336 635
904 264
476 31
476 48
639 636
905 537
906 122
907 517
30 637
30 511
557 638
557 32
557 205
557 179
359 74
359 78
359 134
908 55
691 338
909 399
910 25
911 91
636 639
912 45
8 575
320 383
320 640
658 350
913 78
913 316
319 158
588 119
136 641
136 462
914 316
417 642
417 643
417 644
417 197
40 59
685 257
685 371
629 205
372 330
372 213
104 96
24 645
522 453
706 646
542 53
915 647
916 648
139 649
139 61
139 650
139 523
139 121
917 651
917 211
66 121
66 362
66 652
102 74
103 653
103 96
103 88
405 255
43 27
39 628
649 139
918 654
270 584
127 655
127 404
597 53
919 98
29 282
920 656
350 657
350 658
350 475
921 621
431 607
431 179
922 570
203 32
61 139
585 659
638 557
671 660
923 661
196 662
924 114
190 663
349 664
442 443
619 665
619 512
619 18
395 17
176 25
154 666
5 623
5 153
5 667
5 668
304 662
304 669
554 564
376 283
376 670
376 494
925 151
291 145
291 283
291 211
374 470
660 671
601 109
601 438
601 672
601 53
181 192
926 27
927 286
308 172
308 673
308 27
308 48
308 674
308 78
308 467
308 17
305 187
928 529
929 675
14 676
930 677
931 35
931 244
565 678
565 679
565 680
553 564
553 681
553 419
57 682
402 683
464 684
932 74
371 60
371 685
371 686
371 565
684 53
684 464
593 191
933 60
934 687
935 53
936 53
937 69
361 78
938 688
939 612
284 92
284 44
284 53
940 76
941 27
941 689
942 690
338 453
338 691
338 692
338 31
338 693
338 694
943 197
944 254
114 695
114 696
151 697
151 698
23 214
23 675
23 362
23 699
23 700
23 701
23 702
23 585
23 197
710 483
558 643
392 463
140 703
140 195
316 704
316 432
327 470
715 37
50 705
50 247
50 475
50 145
262 287
262 492
650 139
641 136
646 706
377 218
377 707
98 1
945 322
946 135
947 299
948 708
299 222
299 709
592 191
483 710
483 711
167 25
231 74
37 712
37 53
37 713
37 126
37 714
37 66
37 101
37 28
37 715
37 517
37 37
73 205
949 25
628 716
165 25
950 376
951 350
951 717
952 718
717 719
953 203
306 119
330 720
330 272
330 205
330 721
330 722
330 3
330 282
252 282
252 383
252 723
252 724
480 96
480 106
480 21
214 725
413 632
416 726
416 109
416 272
416 80
416 53
954 666
295 27
295 727
121 74
121 139
121 205
121 47
121 625
121 728
121 729
121 523
121 730
121 727
955 11
1 282
1 35
1 731
1 456
1 732
514 126
3 330
3 74
3 583
3 153
956 733
956 290
604 248
511 511
511 126
227 74
227 69
957 734
958 1
959 735
82 59
230 74
52 736
