338 0
338 1
457 2
457 3
607 4
806 5
806 6
566 7
807 8
168 9
168 10
168 11
168 12
168 13
168 14
808 15
808 16
808 17
809 18
809 19
175 20
175 2
810 21
811 22
211 23
211 24
211 25
211 26
812 27
813 28
677 29
677 30
814 31
814 32
145 33
815 1
634 34
634 35
438 36
540 37
66 5
66 38
66 39
66 40
66 41
715 42
715 32
715 43
524 32
816 44
468 2
450 45
234 42
234 18
817 46
399 47
818 42
708 48
112 49
819 50
139 51
139 14
331 52
331 53
331 54
332 55
256 56
256 57
256 58
256 59
256 60
256 61
820 62
526 32
821 37
822 63
85 64
823 65
39 66
39 67
39 68
39 69
39 70
39 71
39 41
39 72
39 73
39 18
39 74
39 75
39 76
39 22
39 77
39 78
39 79
39 80
39 81
39 37
783 82
783 83
64 84
64 85
64 86
765 87
765 88
765 89
765 90
384 91
384 22
691 92
396 93
396 50
396 94
396 95
377 96
377 97
824 98
274 99
230 100
825 34
555 101
680 102
541 103
541 37
826 104
827 105
828 106
289 107
218 108
829 22
829 109
287 110
287 111
49 112
830 42
830 32
246 113
246 114
246 115
246 116
246 32
246 117
246 111
831 118
831 119
831 120
503 121
832 68
465 2
330 122
330 123
330 124
330 125
51 126
51 32
51 34
51 127
51 128
51 129
51 51
51 130
51 131
51 132
51 133
51 134
51 135
51 136
51 137
51 22
51 138
51 2
51 139
833 140
834 20
420 22
420 141
835 22
33 142
33 143
33 144
33 145
33 146
836 147
836 148
836 149
201 150
422 120
718 151
718 152
837 153
143 154
143 155
143 156
143 157
143 14
143 158
143 159
143 160
143 161
72 113
72 162
72 148
72 163
72 39
72 164
72 165
72 166
610 164
655 167
363 46
628 34
427 63
427 22
126 51
838 78
10 168
839 3
181 169
181 170
181 171
181 172
181 173
84 174
20 34
20 175
20 176
20 22
20 177
20 178
258 179
171 148
171 22
171 180
171 181
202 182
202 79
202 183
516 42
516 184
70 39
14 185
14 92
14 186
14 187
14 143
14 32
14 188
14 189
14 168
14 139
402 190
137 191
722 192
840 193
410 194
410 195
410 196
410 32
410 22
410 120
410 197
410 198
410 199
411 22
461 2
150 200
150 201
706 135
182 202
704 9
704 203
841 148
640 204
719 116
719 68
719 205
719 206
719 32
719 207
454 208
573 209
543 210
842 211
843 212
844 213
329 214
231 0
231 42
231 180
231 115
845 215
846 216
846 217
846 218
847 219
848 202
849 202
489 220
489 221
489 222
850 151
25 211
766 223
766 224
766 225
766 226
510 227
510 147
510 97
851 228
481 229
100 164
100 230
42 185
42 231
42 232
42 233
42 45
42 234
42 32
42 235
42 0
42 37
42 236
42 237
852 238
587 148
203 239
203 240
794 241
794 42
142 148
142 178
117 242
117 243
117 244
117 245
117 246
519 147
519 247
499 248
790 62
242 249
242 250
242 117
589 148
589 251
589 252
589 3
354 253
716 42
716 254
716 255
56 256
56 110
56 257
56 258
56 259
56 179
56 260
579 11
509 261
853 262
341 263
341 264
341 265
341 266
341 267
249 268
249 242
249 269
486 78
486 2
486 11
469 270
469 63
469 2
383 271
383 272
383 273
383 45
99 22
99 274
854 275
421 22
170 181
855 42
856 18
299 276
299 277
299 278
389 279
857 280
857 32
857 2
858 78
859 281
115 102
115 282
115 283
115 284
115 285
115 286
860 287
768 168
768 288
107 289
189 14
750 290
750 78
750 291
375 128
369 292
369 293
369 39
369 294
861 295
373 292
311 296
278 24
278 297
278 298
278 299
862 148
744 300
595 301
219 302
863 2
864 295
865 303
701 159
701 153
866 304
866 305
606 42
606 34
606 6
606 306
606 307
606 308
606 151
606 309
5 310
5 66
5 22
5 130
5 19
392 311
736 245
867 312
867 313
656 314
656 315
464 310
464 316
464 2
291 317
232 42
462 2
868 318
638 319
869 270
869 82
870 22
401 320
262 321
552 322
871 323
631 78
631 34
631 22
631 294
631 324
440 325
440 26
872 151
580 326
789 327
789 26
83 18
214 328
214 22
214 329
455 208
547 330
547 148
367 131
367 331
55 332
741 333
381 334
381 32
381 335
381 139
381 196
388 336
388 337
0 42
0 1
0 231
0 338
0 339
0 108
136 340
136 341
136 342
136 51
136 116
136 343
217 310
782 82
873 175
729 344
648 18
743 345
743 346
743 347
743 348
743 349
484 350
484 351
622 352
673 353
253 354
253 355
253 32
253 356
253 357
352 358
352 359
874 360
875 224
620 11
385 361
623 362
623 294
623 245
46 363
345 364
345 365
544 366
131 367
876 348
292 368
292 369
292 370
292 11
292 371
292 39
292 372
292 148
292 373
292 40
292 374
522 42
522 32
523 32
877 375
877 376
96 197
96 377
103 2
546 378
546 159
335 148
335 379
878 380
334 31
334 381
334 382
879 383
545 384
545 385
545 143
545 51
545 366
545 364
545 197
545 386
545 387
545 80
545 180
545 331
441 22
337 388
880 389
881 42
881 390
882 42
632 128
883 391
884 392
884 393
697 78
697 236
697 394
97 64
885 151
476 395
470 2
216 32
216 108
678 153
93 396
530 397
530 222
507 22
507 398
426 22
185 148
185 399
185 39
185 14
185 247
886 400
887 401
190 402
190 50
888 44
22 384
22 34
22 403
22 404
22 301
22 405
22 379
22 171
22 406
22 214
22 407
22 408
22 117
22 352
22 409
22 410
22 411
22 412
22 413
22 13
22 62
22 414
22 197
22 415
22 252
22 111
22 416
22 382
22 417
22 45
22 418
22 98
22 419
22 420
22 153
22 421
22 422
22 2
22 423
22 358
22 116
22 359
22 357
22 245
22 424
22 32
22 99
22 310
22 63
22 425
22 90
22 426
22 427
889 428
890 429
891 355
891 148
891 430
127 42
127 431
127 432
533 433
892 79
485 78
485 434
730 435
730 436
403 22
675 353
675 437
505 249
36 438
47 439
47 185
47 399
47 246
325 440
893 441
81 39
50 442
50 443
50 190
50 444
50 445
50 446
50 168
50 279
894 60
576 447
45 448
45 42
45 449
45 450
45 2
45 383
45 22
45 451
45 452
599 138
895 453
208 454
208 455
208 456
896 181
896 32
896 111
896 14
306 106
2 34
2 457
2 458
2 449
2 185
2 459
2 14
2 402
2 78
2 460
2 461
2 462
2 463
2 353
2 464
2 465
2 62
2 466
2 467
2 468
2 45
2 469
2 470
2 103
2 423
2 209
2 471
2 472
2 148
2 357
2 32
2 22
2 63
2 255
2 473
31 334
31 32
340 136
53 331
897 32
527 136
527 32
187 14
668 294
898 39
898 226
60 256
60 148
60 474
60 361
13 22
554 334
554 382
687 475
787 26
63 469
63 22
63 2
395 476
534 148
534 42
534 477
534 11
534 478
899 250
705 479
699 168
699 2
699 463
155 1
155 143
155 480
229 481
717 206
717 482
717 483
900 484
78 67
78 34
78 193
78 485
78 486
78 487
78 488
78 2
78 19
901 489
307 474
902 490
773 491
773 39
263 341
778 492
745 442
903 335
903 163
799 493
799 494
799 153
799 495
444 496
444 497
444 18
904 498
284 499
905 500
906 60
906 38
906 501
906 502
121 341
121 503
121 504
907 119
907 370
627 34
627 494
497 50
908 42
908 54
269 249
269 505
909 506
910 190
364 164
364 345
157 507
157 143
689 508
268 509
268 249
159 32
911 510
912 511
913 512
914 2
915 22
915 513
629 514
265 32
528 32
32 42
32 515
32 516
32 517
32 474
32 518
32 22
32 78
32 253
32 519
32 17
32 410
32 82
32 461
32 520
32 521
32 522
32 523
32 62
32 524
32 525
32 45
32 231
32 2
32 526
32 527
32 265
32 528
32 216
32 529
32 530
32 19
536 531
433 532
433 116
433 459
433 533
488 78
488 534
682 535
682 151
682 536
646 537
916 538
19 45
19 5
19 130
19 539
19 151
19 2
37 42
37 123
37 388
37 540
37 22
37 14
37 541
37 37
23 211
917 2
173 542
173 153
173 173
918 543
747 235
478 534
366 544
366 11
366 545
378 546
270 469
270 283
779 250
305 330
305 547
919 185
920 164
151 548
151 549
151 550
151 21
151 551
151 19
921 552
609 33
297 105
108 0
108 553
382 334
382 39
382 554
382 408
382 537
382 22
101 555
711 556
111 557
111 209
111 246
618 310
618 558
618 559
922 2
355 113
355 253
355 171
1 559
1 560
1 561
1 22
1 0
1 562
923 563
923 296
414 32
414 22
924 45
924 213
925 22
925 434
86 64
86 2
106 564
106 565
106 7
106 566
106 567
106 568
106 306
926 549
927 490
637 514
637 569
928 570
929 148
929 571
725 572
40 66
40 292
209 573
209 22
209 2
209 111
930 574
931 345
447 517
447 575
447 576
472 2
443 50
424 577
424 22
424 2
28 578
28 579
932 580
662 379
285 581
285 582
285 583
285 584
285 326
285 585
933 586
148 42
148 181
148 171
148 142
148 22
148 587
148 588
148 292
148 589
148 553
148 590
148 193
148 2
148 591
148 72
148 592
148 60
148 372
148 169
148 571
148 425
148 593
452 45
532 594
532 433
934 75
935 18
301 595
301 596
301 22
301 597
936 598
936 213
68 39
21 188
21 278
138 279
138 599
407 600
407 601
407 22
407 602
407 483
166 603
166 72
257 105
257 434
937 248
727 0
542 531
542 173
938 27
938 462
272 604
272 574
735 605
735 326
735 606
4 607
939 141
940 608
164 100
164 72
164 609
164 610
164 2
941 42
302 219
942 611
781 82
276 278
276 299
466 2
943 612
943 273
129 51
233 42
153 613
153 614
153 615
153 345
153 273
153 22
944 22
945 42
310 616
310 22
669 294
762 132
316 464
110 56
110 617
110 553
559 1
559 618
11 42
11 34
11 531
11 619
11 486
11 366
11 3
11 136
11 534
11 620
98 621
98 379
98 622
946 509
947 273
245 6
245 623
245 117
163 558
163 72
163 18
805 585
169 148
169 125
568 567
568 7
568 377
713 624
713 625
690 626
34 500
34 627
34 615
34 357
34 2
34 628
34 629
34 32
34 153
34 273
34 630
34 631
34 632
34 633
34 22
34 634
34 375
34 78
34 54
34 25
34 294
671 135
948 635
156 42
156 32
128 375
128 636
128 632
128 51
128 207
271 383
514 629
514 637
319 638
949 148
474 315
474 307
35 60
35 255
35 203
35 634
950 564
951 392
952 639
953 491
591 148
204 640
80 39
144 33
553 110
553 490
553 641
553 610
553 108
553 90
553 642
954 414
955 643
247 644
247 645
956 151
537 448
537 646
18 39
18 647
18 648
95 396
957 7
391 379
391 649
376 377
958 50
563 326
521 32
180 650
180 651
180 171
180 652
361 385
361 32
959 653
592 148
592 181
133 51
133 642
760 654
960 604
167 655
314 656
67 422
67 39
67 188
67 78
961 657
961 658
961 659
692 92
451 660
7 106
318 661
379 662
379 391
379 98
962 663
962 664
266 341
764 353
764 136
764 2
963 609
105 257
328 214
328 192
964 665
721 192
294 666
294 369
294 623
294 34
294 667
294 668
294 669
294 631
294 670
294 294
294 664
135 671
135 672
965 512
966 673
967 197
967 78
968 674
969 218
467 29
467 2
437 675
970 515
970 642
76 39
456 208
776 676
670 668
670 294
29 29
29 467
29 349
29 677
29 678
29 679
358 22
971 22
102 680
102 115
567 568
557 111
557 295
273 681
273 682
273 153
273 683
273 684
273 685
412 686
802 69
802 295
3 457
3 22
199 410
475 687
508 688
508 689
508 615
508 6
650 180
755 480
626 690
92 691
92 692
405 22
652 42
652 180
38 66
972 693
583 694
973 695
974 696
236 697
487 78
975 173
6 508
6 124
6 92
574 698
976 377
977 502
463 699
463 78
463 700
463 2
463 701
282 115
282 357
109 702
797 703
797 238
9 704
978 678
793 197
479 705
558 22
558 618
979 706
134 196
134 51
146 707
308 34
48 708
980 91
981 6
614 709
614 153
556 710
556 711
71 39
119 118
982 712
625 713
784 714
630 34
630 13
434 257
434 485
529 715
255 716
482 717
152 718
983 347
984 133
206 717
206 719
756 2
192 720
192 26
192 721
192 722
192 723
192 167
985 724
695 604
695 553
986 401
207 128
792 572
792 197
792 364
792 725
792 310
987 726
988 389
183 202
560 1
989 727
702 109
239 203
990 116
321 728
769 636
991 257
344 670
344 729
992 342
24 211
24 278
993 198
581 285
581 583
435 730
220 428
994 731
994 513
994 553
326 732
326 733
326 20
326 734
326 277
326 203
326 735
326 736
326 563
326 285
326 737
326 580
326 151
995 738
91 662
91 384
91 54
91 486
996 190
997 147
998 739
700 463
999 740
333 741
604 742
1000 673
349 743
1001 35
370 292
1002 493
1002 32
1002 151
300 744
445 50
445 190
113 413
113 72
113 355
515 32
442 745
77 39
404 22
1003 462
1003 26
517 116
517 32
517 447
1004 580
1005 197
1005 132
1006 746
235 42
235 747
1007 748
1008 265
1009 136
290 357
290 88
290 51
290 245
290 749
290 617
290 750
1010 751
1010 744
569 637
188 422
188 255
188 14
658 752
240 203
1011 753
525 32
449 2
480 754
480 755
480 155
480 756
480 18
480 757
480 26
480 758
1012 759
1013 32
418 22
200 150
200 173
742 604
348 743
578 28
578 272
578 579
141 420
141 14
1014 148
1015 245
654 760
88 290
798 425
798 761
132 762
1016 763
786 651
353 148
353 673
353 764
353 697
353 78
353 2
90 22
90 765
90 553
593 148
223 766
767 767
288 768
636 769
12 211
1017 502
116 136
116 719
116 433
1018 770
193 148
1019 771
1019 772
343 136
491 773
491 774
491 703
1020 301
647 34
647 18
676 775
676 776
676 777
492 778
250 779
500 780
82 781
82 32
82 782
82 783
714 784
649 391
649 422
615 694
615 785
439 47
651 786
651 180
633 34
26 25
26 480
26 609
26 192
26 787
26 788
26 789
26 125
621 317
621 98
621 415
1021 2
62 790
62 63
62 22
62 2
62 791
197 792
197 793
197 181
197 730
197 794
197 668
197 22
387 212
1022 56
562 1
416 795
548 151
1023 796
1024 7
703 797
703 611
1025 798
69 2
130 5
398 507
397 530
788 122
788 26
54 78
54 34
54 331
494 308
494 799
494 627
1026 394
41 66
698 800
357 801
357 357
357 282
357 22
357 253
357 2
295 517
295 802
312 803
1027 2
531 542
531 11
531 536
605 735
616 310
178 20
178 197
178 107
178 142
585 804
585 285
585 666
585 805
585 595
