140 0
140 1
140 2
140 3
140 4
140 5
12 6
12 7
12 8
12 9
12 10
12 4
12 11
12 12
177 13
177 14
177 15
893 16
788 17
773 18
596 19
596 20
596 21
596 6
596 22
894 23
895 24
895 25
896 26
897 27
705 28
898 29
501 30
453 31
453 4
899 32
899 33
686 10
686 34
853 35
900 36
900 37
901 38
831 39
902 40
903 41
904 42
437 43
437 44
437 45
460 4
846 46
905 47
326 10
326 48
326 4
326 22
906 49
232 50
425 51
11 52
67 53
67 54
255 55
53 56
53 57
53 58
53 59
53 60
53 61
53 62
53 63
53 64
53 65
53 66
53 10
53 4
53 67
53 68
53 69
53 70
53 71
53 22
53 72
662 4
656 4
106 9
106 73
106 4
106 74
647 75
647 76
647 77
907 78
58 79
58 53
58 80
58 23
58 15
850 81
850 82
850 83
850 84
850 85
850 86
850 87
908 88
694 89
678 4
508 69
233 90
233 91
233 92
233 93
233 94
233 95
9 96
9 97
9 98
9 99
9 100
9 101
9 102
9 103
9 104
9 105
9 89
9 12
9 71
9 38
9 106
883 107
909 108
909 109
910 75
911 110
911 111
169 10
169 112
169 113
169 38
169 114
912 7
913 115
600 41
914 116
914 89
915 117
740 118
740 23
740 119
916 120
917 121
917 122
134 123
134 124
394 125
394 126
865 127
865 128
918 129
918 37
918 130
918 50
918 54
918 131
918 132
918 133
918 134
919 135
920 136
921 137
373 138
207 139
922 140
367 141
367 15
367 142
287 143
99 144
99 145
99 146
99 147
99 148
99 149
99 150
99 151
99 152
99 9
99 153
99 154
99 155
923 55
235 156
235 4
924 157
925 158
377 159
377 160
812 161
408 162
408 163
408 154
238 164
238 165
238 4
238 127
114 166
114 167
114 20
114 168
114 82
114 169
114 170
114 171
114 172
114 173
114 174
198 44
198 105
303 175
303 176
926 177
264 178
264 37
371 179
371 180
371 181
371 182
371 183
371 184
371 185
371 186
371 143
842 187
842 188
866 116
927 189
928 53
575 190
929 191
929 82
347 192
347 111
347 193
491 37
491 194
536 195
536 82
73 196
73 106
930 197
105 198
105 9
105 199
931 53
88 136
932 200
665 201
112 169
112 22
933 20
933 202
108 203
108 107
108 204
139 205
139 206
139 10
139 207
122 208
52 209
52 210
52 211
52 212
52 213
52 214
52 215
52 11
52 216
52 50
52 217
52 218
52 219
52 40
52 220
52 221
52 222
52 223
52 224
934 225
423 226
548 227
153 228
153 99
173 53
173 69
173 114
640 229
640 230
50 52
50 231
50 202
50 232
94 125
94 79
94 233
94 234
156 235
363 236
935 10
167 114
184 237
936 238
840 239
840 240
840 170
756 241
59 242
82 243
82 244
82 10
212 245
212 52
212 246
212 247
937 248
382 98
649 249
649 250
649 251
649 252
712 74
329 253
68 53
68 254
68 15
282 209
306 54
55 255
404 256
404 257
404 258
938 259
939 260
939 261
37 262
37 60
37 263
37 22
37 264
37 89
37 79
37 265
37 266
37 192
37 41
6 267
6 12
401 205
802 268
802 269
802 270
802 235
940 4
3 140
941 271
942 272
209 273
209 274
209 275
209 205
209 276
209 213
209 277
209 278
209 279
209 280
209 281
209 282
209 283
209 284
943 246
944 285
945 286
480 10
480 4
946 287
947 288
948 273
734 289
734 290
588 32
588 53
949 252
275 209
113 169
458 291
302 292
302 293
302 294
302 295
302 296
302 10
950 192
951 297
952 4
585 298
487 299
953 300
953 227
954 301
668 4
294 302
175 303
100 53
100 9
100 304
955 10
54 305
54 273
54 306
54 15
54 307
54 308
54 124
54 309
54 310
54 311
54 67
54 312
54 313
54 314
956 315
790 316
79 227
957 152
266 317
266 318
958 319
166 114
784 151
959 320
806 321
806 322
806 206
960 71
253 237
253 323
253 324
253 325
253 326
253 327
253 328
253 329
253 330
253 331
253 332
253 333
253 334
253 335
253 336
253 337
253 338
253 339
253 340
627 292
626 341
681 342
681 343
681 4
961 344
962 345
192 37
192 346
192 347
192 348
192 349
192 350
192 351
192 137
192 352
443 353
443 354
443 355
443 356
428 357
826 39
641 358
641 359
641 360
641 361
641 312
641 71
641 283
772 362
772 265
772 363
434 364
519 22
555 365
690 366
17 367
17 368
210 369
237 370
237 371
237 253
237 372
237 184
237 340
274 373
963 374
621 375
621 376
160 375
160 377
160 17
160 4
160 378
964 379
886 380
98 381
98 382
98 4
965 4
966 383
967 384
803 10
803 385
781 386
445 52
445 387
707 388
71 136
71 53
71 9
71 5
968 389
968 169
968 390
968 391
672 351
696 89
969 99
431 392
970 393
125 394
125 395
700 396
971 397
972 200
525 398
689 399
689 206
205 400
205 401
205 4
205 139
635 402
485 10
257 403
257 404
278 209
35 405
499 406
499 150
973 27
974 312
974 380
974 99
975 202
976 407
154 99
154 53
154 408
154 409
323 237
323 410
323 411
527 412
527 413
977 414
33 128
978 352
979 53
979 415
643 416
571 151
980 327
609 417
981 418
225 169
225 419
225 4
225 225
468 420
468 421
507 422
507 423
507 424
507 425
582 136
478 256
478 10
982 4
982 426
982 22
429 427
429 428
429 10
429 4
429 132
429 429
983 430
392 431
392 432
293 302
293 52
293 433
482 10
482 352
364 434
984 435
985 49
43 436
43 437
331 330
331 27
163 154
163 408
753 438
540 439
540 127
986 4
987 253
988 314
384 440
528 441
528 442
353 443
989 217
159 377
159 444
159 245
159 370
159 202
387 445
243 446
243 69
243 82
243 269
96 447
96 448
990 449
990 450
990 400
990 246
990 451
990 452
31 111
31 70
31 453
822 454
729 410
729 455
291 456
291 457
291 458
991 459
91 233
483 10
483 460
992 296
993 102
506 461
506 462
994 463
995 4
415 464
996 465
644 145
644 69
644 466
644 467
726 12
726 403
362 468
104 9
438 469
997 13
998 128
998 470
999 405
61 79
61 471
61 53
538 472
1000 473
92 474
653 202
728 410
639 475
152 99
476 10
10 286
10 476
10 477
10 37
10 169
10 136
10 478
10 479
10 480
10 481
10 482
10 139
10 483
10 89
10 352
10 72
10 12
10 326
10 225
10 448
10 4
10 67
10 53
10 484
10 22
10 202
10 485
10 486
10 487
1001 488
1001 23
1002 489
1002 490
1003 11
1004 69
194 491
194 492
194 490
711 276
711 493
711 494
711 495
711 462
711 496
1005 4
1005 256
1005 497
1005 212
542 498
1006 351
1006 52
1007 499
1008 500
1008 455
1009 501
551 502
551 503
551 504
215 505
505 52
1010 10
512 22
512 41
471 61
461 506
461 507
461 127
1011 508
13 509
13 510
13 177
659 511
1012 365
22 88
22 416
22 69
22 48
22 512
22 111
22 513
22 37
22 136
22 326
22 514
22 515
22 4
22 516
22 256
22 517
22 53
22 10
22 518
22 519
601 520
69 508
69 53
69 521
69 522
262 65
262 37
1013 523
1013 22
111 80
111 347
111 44
111 524
111 4
111 22
398 525
398 370
398 89
606 526
360 128
456 291
1014 82
220 259
412 527
441 528
441 442
441 529
441 530
830 39
1015 531
249 252
1016 532
1017 161
1018 380
38 533
38 534
38 169
38 9
716 196
1019 535
279 380
279 266
279 209
279 10
195 536
544 479
544 99
544 4
544 537
1020 4
472 538
1021 539
1021 23
1021 540
630 292
630 541
630 542
630 543
630 15
369 210
1022 544
284 209
545 545
1023 229
764 439
764 546
719 547
1024 339
447 92
529 441
227 548
1025 136
320 483
320 549
352 482
352 550
352 10
352 365
352 192
352 352
1026 375
1027 166
1028 551
1029 237
365 552
365 553
365 161
365 554
365 352
365 467
365 10
365 555
365 556
365 557
365 70
365 26
365 558
1030 559
1031 560
467 365
330 561
330 562
889 279
889 563
655 13
655 170
655 23
1032 564
1033 274
1034 565
1034 566
794 49
348 192
348 567
1035 547
1036 568
44 569
44 570
44 437
310 54
1037 192
1037 571
798 572
666 573
444 88
444 159
444 202
444 296
444 4
444 574
190 575
813 576
813 537
449 55
513 500
513 22
311 54
1038 577
1039 578
130 522
774 192
64 53
64 63
835 395
136 88
136 579
136 209
136 399
136 580
136 581
136 15
136 71
136 296
136 9
136 4
136 114
136 582
136 266
136 22
136 583
1040 584
514 22
298 585
70 53
70 31
70 25
70 22
70 365
744 309
744 239
273 441
273 586
592 464
259 131
259 49
407 256
407 587
1041 274
1042 268
1042 588
1042 447
148 99
498 589
498 542
498 225
498 590
661 591
464 592
464 593
671 4
72 527
72 594
891 500
891 595
381 98
381 518
20 114
20 596
20 597
20 598
20 599
520 600
520 601
520 41
520 202
526 602
526 603
526 604
526 605
526 588
526 606
526 607
526 608
526 5
417 609
432 392
432 610
432 127
432 611
515 22
124 54
124 134
1043 561
623 375
1044 10
1044 612
1045 407
208 613
208 122
675 4
1046 150
307 316
62 137
62 53
277 120
277 209
277 614
277 202
217 615
409 397
409 154
1047 365
1048 616
1049 237
1050 88
1051 617
1051 618
890 619
890 197
186 241
305 54
693 141
1052 620
375 416
375 621
375 358
375 622
375 4
375 623
685 518
685 74
1053 624
758 625
341 626
103 9
116 4
116 611
116 339
292 627
292 628
292 330
292 532
292 4
292 629
292 630
292 53
292 631
292 469
1054 632
21 633
21 158
21 352
21 4
65 262
1055 432
333 325
333 253
165 634
522 69
522 130
522 635
1056 636
1057 493
701 12
701 534
701 10
1058 577
816 637
1059 416
1059 638
1059 135
406 639
1060 640
361 641
721 248
721 642
416 643
416 22
145 99
145 644
1061 365
127 246
127 238
127 645
127 596
127 461
127 646
77 647
77 648
77 649
556 365
1062 245
530 441
737 650
490 7
222 52
804 99
1063 651
1064 652
202 406
202 520
202 159
202 653
202 620
202 10
202 654
202 128
23 232
23 655
23 656
23 283
486 10
486 657
769 599
448 658
448 10
511 659
511 20
871 430
1065 439
677 4
247 660
742 544
591 661
66 242
66 53
1066 10
4 444
4 37
4 160
4 662
4 663
4 296
4 652
4 10
4 664
4 74
4 256
4 632
4 429
4 665
4 136
4 15
4 158
4 666
4 667
4 668
4 669
4 137
4 9
4 670
4 245
4 52
4 671
4 672
4 28
4 188
4 399
4 460
4 324
4 673
4 326
4 96
4 142
4 12
4 674
4 53
4 22
4 106
4 205
4 21
4 675
4 238
4 676
4 677
4 678
4 679
4 680
4 681
4 682
4 111
4 683
1067 684
518 381
518 685
518 22
518 74
378 4
378 160
1068 236
1069 69
1069 15
1070 4
1071 10
1072 619
1072 686
2 140
193 687
123 134
1073 205
731 462
532 137
702 688
340 410
340 303
1074 88
399 689
581 136
581 60
366 690
366 691
673 692
673 137
673 4
178 264
89 12
89 37
89 693
89 694
89 398
89 695
89 296
89 9
89 10
89 696
89 697
89 698
89 699
396 700
396 598
534 701
818 500
688 702
698 89
521 69
521 703
854 256
1075 136
699 439
699 257
699 704
699 89
1076 20
158 375
158 21
158 4
28 705
28 706
636 4
717 196
30 236
201 665
388 707
843 708
1077 177
339 116
1078 709
1079 209
765 439
1080 619
823 292
823 710
1081 79
493 711
74 189
74 712
74 685
74 481
42 372
1082 713
1082 181
246 436
246 53
246 206
246 475
246 127
45 437
196 714
196 715
196 439
196 716
196 73
196 717
196 718
196 719
196 53
196 720
181 551
248 721
723 722
722 723
722 724
722 725
335 253
1083 455
1084 494
1085 365
403 88
403 257
403 726
403 384
1086 88
276 711
276 209
276 304
1087 457
836 137
836 38
410 727
410 728
410 729
410 4
410 479
410 340
97 9
97 238
170 114
706 28
648 730
462 731
462 506
312 641
312 380
312 54
743 732
567 348
1088 351
1089 733
358 375
358 641
289 125
289 671
289 734
776 735
776 736
650 737
650 738
834 739
118 740
102 9
1090 741
1091 742
732 743
1092 227
309 744
309 54
400 205
1093 745
57 53
1094 746
1094 747
1094 373
1094 748
1094 749
825 750
825 751
63 53
1095 217
1096 253
218 752
766 206
1097 753
242 754
242 202
242 430
372 237
1098 755
241 397
241 756
241 757
241 225
625 758
351 53
351 192
14 177
1099 759
503 551
391 37
857 760
857 761
439 762
439 237
439 763
439 714
439 764
439 599
439 765
439 206
439 766
439 767
439 768
439 540
439 769
439 128
439 770
439 196
1100 708
1100 4
128 771
128 266
128 360
670 772
670 4
18 773
557 365
304 774
304 726
724 722
724 574
724 137
229 392
1101 436
1102 401
1103 102
768 540
736 775
736 776
736 777
149 564
149 416
564 778
564 217
564 149
1104 4
754 242
759 779
516 296
413 500
413 527
413 4
829 39
484 780
1105 22
440 384
386 781
405 35
405 782
405 783
151 17
151 399
151 99
151 784
151 10
151 571
1106 208
510 13
356 509
268 785
268 4
488 330
488 658
488 786
1107 787
466 644
1108 788
821 789
1109 22
316 790
1110 406
1111 791
296 4
49 792
49 793
49 728
49 794
1112 795
704 699
1113 301
615 217
1114 531
783 405
1115 796
720 797
839 137
572 798
1116 799
801 88
801 800
801 801
474 92
474 474
1117 510
270 802
60 37
60 53
60 803
1118 265
884 141
355 443
1119 721
1120 525
265 37
265 265
265 94
1121 510
283 209
283 241
283 23
1122 587
301 804
1123 493
777 736
101 9
95 233
1124 202
593 598
848 805
517 22
206 139
206 806
206 652
206 766
206 807
206 246
206 128
1125 808
1126 809
679 810
679 4
1127 177
1128 652
161 762
161 811
161 812
161 813
161 39
598 814
598 815
598 365
637 816
637 817
1129 24
597 20
421 552
395 500
502 460
502 137
502 818
1130 819
1131 27
789 820
789 821
454 822
454 792
710 823
844 824
855 256
619 491
751 825
39 826
39 827
39 828
39 161
39 829
39 830
39 114
39 831
39 832
150 150
346 192
580 833
251 649
739 834
280 209
137 56
137 502
137 206
137 205
137 835
137 552
137 673
137 836
137 837
137 838
137 839
137 663
137 232
137 532
137 4
137 62
137 12
137 192
137 724
137 53
645 54
131 259
792 49
240 840
1132 15
541 841
188 842
708 843
824 844
47 357
141 693
141 845
141 142
359 641
1133 256
797 846
142 847
142 367
142 141
142 137
142 10
142 4
142 53
805 848
805 202
25 70
25 849
269 243
204 108
1134 170
1135 388
81 850
263 37
263 263
263 851
1136 44
1137 451
730 648
837 22
315 579
860 41
579 136
579 852
838 626
1138 384
500 835
500 395
500 413
500 853
1139 265
611 116
752 218
256 88
256 854
256 407
256 855
256 856
256 10
256 478
256 404
1140 265
457 291
761 857
1141 858
368 17
368 750
368 859
368 135
41 274
41 860
41 861
41 41
41 862
80 88
80 58
1142 863
48 864
15 57
15 865
15 4
15 704
15 588
15 139
15 866
15 127
15 68
15 581
15 630
15 867
1143 444
537 868
537 813
537 869
1144 870
1144 679
245 159
245 212
245 4
245 52
245 266
245 22
1145 169
430 651
430 242
430 481
430 871
1146 872
1146 200
1146 873
1146 874
558 10
393 449
1147 151
1148 423
32 875
32 876
1149 877
1149 878
879 879
811 161
332 880
332 253
332 881
46 882
107 108
107 883
1150 884
658 488
658 448
695 89
1151 885
574 444
574 724
574 54
642 61
642 886
1152 887
1153 888
1154 616
1155 154
563 889
1156 230
552 137
552 468
187 842
1157 44
197 890
595 891
595 892
132 10
16 35
16 202
583 136
