623 0
1014 1
404 2
46 3
46 4
46 5
46 6
46 7
46 8
46 9
46 10
46 11
46 12
46 13
46 14
756 15
601 16
620 0
620 17
620 18
1015 19
1015 20
1015 21
770 22
1016 23
1016 24
1016 25
1016 26
926 27
926 28
926 29
1017 30
773 31
773 13
773 32
117 33
737 34
1018 35
1019 21
272 36
272 37
30 2
942 38
51 39
51 40
51 41
51 42
51 43
80 44
819 45
819 33
819 46
819 47
819 48
41 49
41 50
41 51
41 52
1020 53
1021 33
1021 37
103 54
103 55
103 56
103 57
103 58
103 59
103 60
103 61
103 62
103 63
103 33
103 64
103 65
103 66
103 67
103 68
103 69
103 70
103 71
226 27
226 8
226 72
226 73
226 74
226 75
226 76
1022 14
1023 76
1023 77
291 63
559 78
559 79
559 80
559 14
559 13
559 81
559 82
993 83
522 84
1024 85
1 86
1 87
1 88
1 89
1 83
1 90
1 91
1 92
1 93
1 94
1 14
1 95
1 96
1 97
1 98
1 76
1 59
809 99
809 100
954 101
954 102
1025 103
176 104
552 105
896 106
1026 7
128 97
128 33
33 107
33 108
33 109
33 110
33 97
33 111
33 2
33 46
33 7
33 112
33 94
33 113
33 14
33 114
33 115
33 82
33 116
33 101
33 117
33 83
33 99
33 118
33 119
33 63
33 120
33 121
33 122
33 79
33 123
33 124
33 125
33 126
33 8
33 127
33 13
33 128
33 33
33 129
33 130
33 76
33 131
33 132
33 133
33 134
33 135
33 136
33 12
33 137
33 138
33 139
33 140
33 141
33 142
33 143
33 144
961 145
818 146
434 63
1027 147
1028 148
797 149
797 150
60 103
1029 14
1030 1
1030 151
364 152
364 153
364 154
364 155
364 7
364 156
364 143
364 76
923 157
140 158
140 159
140 160
140 161
140 78
140 92
140 162
140 163
140 164
140 120
140 13
140 165
140 166
140 167
140 168
906 169
1031 170
1005 36
444 131
994 83
158 140
104 171
104 172
104 173
104 174
104 33
104 175
104 176
104 177
109 178
109 94
109 179
109 33
109 180
109 76
625 0
625 181
625 112
625 182
625 183
625 184
625 82
79 185
79 186
79 33
79 140
79 85
642 187
642 188
731 189
731 190
705 191
9 27
9 192
1032 193
1033 14
114 31
114 154
457 194
1034 195
249 196
1035 14
673 197
673 198
260 199
260 200
325 201
325 202
325 203
325 204
325 205
325 206
325 207
325 145
325 208
294 209
390 210
529 211
529 212
558 14
1036 122
95 97
95 1
95 213
354 214
1037 215
1038 20
1039 216
343 217
343 218
343 219
1040 151
1041 220
8 221
8 2
8 46
8 29
8 222
8 14
8 223
8 224
8 82
8 213
8 225
8 226
8 227
8 228
8 229
8 230
8 231
8 11
8 13
8 33
8 232
8 233
8 234
8 27
8 235
8 236
8 237
8 187
1042 24
534 238
172 239
172 104
172 199
172 164
172 240
172 166
11 241
11 242
11 6
11 76
375 243
175 104
794 244
1043 245
782 13
1044 246
699 32
699 59
469 96
469 92
461 247
461 248
461 249
435 120
721 250
1045 251
234 14
234 8
234 13
1046 1
1046 83
672 252
672 253
672 254
672 255
672 256
672 257
1047 14
700 258
700 198
410 157
410 81
410 259
200 14
200 76
200 260
406 261
406 38
221 8
193 262
193 263
1048 264
654 265
764 266
764 267
764 2
764 238
764 198
764 268
1049 189
37 269
37 270
37 229
37 271
37 272
37 0
37 118
37 273
37 274
37 275
37 276
943 38
943 277
943 0
35 278
35 279
116 280
116 281
116 33
116 120
510 282
510 283
510 7
510 165
510 89
510 284
510 59
313 285
313 92
313 109
313 13
562 14
869 286
869 188
1050 132
334 280
334 287
334 288
334 289
334 92
334 31
334 47
334 66
334 290
334 73
334 291
1051 264
382 292
1052 293
209 294
387 295
1053 33
1053 296
276 297
276 298
276 37
583 299
583 13
462 300
462 301
462 302
1054 303
218 116
762 304
762 168
762 7
1055 305
1056 88
591 150
213 306
213 307
213 95
86 308
86 276
86 143
86 309
239 310
855 59
231 311
231 8
1057 312
1058 313
1059 12
753 136
753 13
780 13
1060 97
1003 314
353 103
353 150
132 315
132 83
132 316
132 317
132 14
132 224
132 33
178 109
409 318
409 319
409 320
1061 321
1062 322
1063 323
1064 324
204 325
597 326
346 327
346 328
897 76
1065 329
1066 2
1067 330
332 331
332 332
144 333
144 33
280 116
280 334
280 39
280 335
280 336
286 337
388 338
852 339
852 59
1068 340
425 341
425 342
154 114
1069 151
1070 343
1070 344
1070 345
328 346
1071 166
253 14
1072 347
578 348
578 14
588 349
588 81
588 350
1073 42
199 172
199 260
199 351
884 352
884 162
1074 353
214 354
214 355
1075 0
1076 356
512 357
512 81
486 155
486 13
124 258
124 358
124 359
124 360
124 244
124 33
1077 361
452 362
452 363
916 364
916 365
916 83
916 366
531 212
1078 367
1078 368
1079 369
1008 370
1008 371
1008 372
127 33
127 373
511 374
1080 375
1080 376
499 377
1081 191
944 378
944 379
944 8
944 94
944 33
944 232
285 310
285 380
1082 381
1083 14
292 382
292 83
292 383
292 94
292 384
292 33
292 385
577 14
577 386
42 51
42 387
42 43
338 388
210 389
210 390
608 391
608 392
608 393
608 394
1084 45
1084 97
1084 395
478 155
928 94
928 12
928 396
671 94
671 397
671 398
671 198
138 0
138 399
715 400
715 83
811 236
126 401
126 2
126 402
126 403
126 33
126 404
126 405
186 79
1085 406
73 226
73 13
318 407
318 408
318 409
259 410
539 324
539 140
539 411
1086 33
1087 412
1088 47
1088 413
576 14
657 414
315 33
619 415
49 41
49 416
222 8
222 417
222 418
222 13
222 419
222 59
542 14
641 151
641 420
224 421
224 132
224 422
342 423
342 424
342 253
342 425
342 426
342 162
342 73
1089 60
427 101
544 14
101 97
101 76
101 427
1090 188
758 428
716 429
709 59
960 430
960 112
118 431
118 432
118 7
118 37
118 33
118 82
118 372
370 4
63 433
63 33
63 291
63 434
776 13
120 94
120 33
120 140
120 435
120 321
778 13
546 436
546 67
484 155
547 417
548 94
1091 437
1092 0
826 59
730 248
550 416
550 14
265 135
265 438
309 86
309 97
309 88
1093 439
1093 440
163 85
163 83
163 441
163 92
163 140
163 45
163 73
1094 415
848 442
858 59
71 103
131 443
131 94
131 14
131 142
131 33
131 444
131 76
474 166
491 155
537 445
537 446
537 92
537 447
537 448
504 96
504 449
1095 264
363 450
363 1
363 122
363 451
363 452
308 240
308 269
308 1
308 429
1096 425
1097 453
506 454
506 152
787 455
156 88
156 313
156 364
156 357
156 165
156 76
133 170
133 33
1098 396
194 135
194 373
194 122
194 456
194 457
44 80
44 14
44 458
44 196
44 459
289 460
24 14
247 461
301 302
301 462
408 463
408 318
408 408
408 464
408 465
408 466
408 467
408 162
627 0
1099 468
274 37
223 14
882 45
96 469
96 1
96 99
96 14
96 89
96 470
261 406
166 286
166 471
166 2
166 472
166 473
166 122
166 474
555 14
614 76
976 136
90 475
1100 33
557 38
866 88
1101 476
366 131
321 477
155 478
155 479
155 14
155 480
155 481
155 482
155 483
155 119
155 484
155 485
155 486
155 487
155 187
155 488
155 489
155 490
155 349
155 226
155 491
155 83
155 306
155 492
155 493
155 188
155 494
933 495
270 496
270 377
270 85
270 83
270 497
270 31
270 307
270 37
270 498
270 499
270 187
270 500
735 501
631 0
152 502
152 388
152 503
152 504
152 330
152 162
152 31
152 364
152 505
152 506
152 507
152 14
152 67
152 429
1102 371
6 46
6 11
6 82
6 83
801 33
801 508
801 509
801 510
1103 33
1104 166
1104 511
690 94
1105 245
450 363
357 156
357 512
357 513
240 326
240 166
240 514
240 7
240 515
70 516
201 325
201 517
1106 142
143 94
143 1
143 364
143 518
143 33
143 519
385 89
385 292
385 520
360 124
84 521
84 522
84 373
84 523
84 518
84 510
84 21
611 524
959 97
701 525
335 416
1107 408
1108 140
1108 14
1108 526
1109 527
1110 14
344 528
490 155
490 337
212 529
212 530
212 531
909 532
843 533
238 534
238 266
238 535
697 89
447 536
447 33
447 537
112 538
112 0
112 351
112 43
411 539
417 14
1111 540
14 46
14 151
14 541
14 94
14 542
14 543
14 89
14 544
14 545
14 546
14 547
14 548
14 549
14 550
14 7
14 1
14 551
14 552
14 33
14 131
14 553
14 493
14 188
14 44
14 97
14 554
14 18
14 96
14 532
14 166
14 555
14 556
14 431
14 266
14 386
14 557
14 293
14 558
14 559
14 560
14 31
14 8
14 4
14 234
14 561
14 61
14 88
14 198
14 417
14 510
14 562
14 563
14 564
14 85
14 565
14 566
14 567
14 568
14 569
14 45
14 76
14 0
14 47
14 570
14 494
14 571
14 27
14 108
14 572
14 573
14 324
14 135
14 574
14 82
14 263
14 253
14 575
14 576
14 139
14 92
14 155
14 13
14 577
14 210
14 578
14 579
14 580
14 284
21 581
21 266
21 20
21 84
886 582
299 583
299 31
31 584
31 33
31 334
31 91
31 299
31 14
31 13
31 373
31 114
31 585
31 184
81 586
81 587
81 588
81 512
81 410
460 589
460 590
150 591
150 592
150 593
150 594
150 595
150 353
326 240
326 596
326 597
55 103
872 598
1112 415
957 97
565 103
1113 97
380 599
192 280
192 600
192 13
192 601
192 602
873 603
232 269
232 604
232 605
232 230
1114 606
2 607
2 608
2 30
2 403
2 126
2 166
2 37
2 33
1115 89
568 14
568 609
125 33
304 172
304 610
463 28
307 89
307 151
524 517
524 611
488 155
489 155
489 196
18 516
18 578
18 14
18 612
973 136
76 88
76 109
76 613
76 151
76 198
76 14
76 574
76 614
76 589
76 598
76 373
76 119
76 366
76 430
76 615
76 153
76 92
76 13
76 616
76 131
76 617
76 364
1116 618
446 197
446 179
446 537
415 619
17 122
17 620
17 621
1117 155
306 586
306 437
306 590
306 622
0 396
0 88
0 623
0 624
0 625
0 626
0 112
0 135
0 627
0 14
0 510
0 96
0 89
0 628
0 82
0 629
0 90
0 272
0 337
0 620
0 630
0 53
0 430
0 631
0 632
0 31
0 8
0 551
0 182
0 13
0 633
0 33
0 634
0 635
0 0
0 636
0 364
0 142
0 414
0 637
0 638
0 168
0 284
1118 639
211 529
703 1
179 109
570 94
570 14
1119 33
1119 1
1119 640
420 641
187 155
187 88
187 642
967 136
458 44
241 11
863 151
863 59
831 441
907 466
1120 198
181 643
1121 644
1121 33
1122 88
113 33
1123 606
1124 415
1124 645
392 608
57 103
984 12
774 646
774 87
774 647
774 188
774 13
774 73
774 648
684 94
1125 38
596 240
596 326
596 122
381 649
687 344
687 35
687 602
687 442
687 145
687 650
687 347
687 470
1126 651
295 652
295 387
879 653
438 654
438 265
589 8
777 13
883 45
883 655
883 4
883 656
430 136
430 493
430 142
610 304
1127 657
1127 347
431 658
431 659
431 129
431 14
431 660
1128 179
592 150
1129 76
839 137
839 661
1001 662
1001 357
725 663
1130 103
418 222
278 35
830 292
830 479
830 664
830 524
830 665
830 666
1131 303
1132 667
1133 33
1134 668
100 136
585 31
860 669
860 59
594 670
594 150
398 0
398 671
257 672
257 99
257 142
197 446
197 673
197 674
139 549
139 88
139 170
139 14
139 33
139 59
580 205
580 14
1135 367
985 12
638 0
955 33
803 488
803 675
803 676
340 677
1136 163
220 678
220 0
1137 42
162 537
162 408
162 92
162 314
162 140
162 14
162 13
162 342
151 88
151 679
151 79
151 139
151 14
151 680
151 164
151 74
151 76
151 82
1138 681
1139 14
94 109
94 13
94 682
94 181
94 683
94 151
94 106
94 14
94 586
94 532
94 82
94 292
94 684
94 685
94 686
94 687
94 688
94 516
94 120
94 46
94 7
94 1
94 689
94 690
94 10
94 370
94 206
94 33
94 691
94 76
94 131
94 692
94 693
94 136
94 671
94 137
94 570
94 694
94 142
94 59
273 37
595 150
1140 695
1140 73
543 14
543 13
1141 7
1142 337
1142 14
901 696
89 13
89 0
89 697
89 527
89 135
89 417
89 307
89 510
89 698
89 96
535 238
32 699
1143 480
258 700
514 240
553 122
1144 13
91 1
91 31
525 701
525 702
781 13
775 703
775 13
775 59
516 14
516 70
881 45
1145 59
191 704
191 705
191 706
191 707
636 0
636 8
1146 99
470 708
470 709
470 687
470 710
470 96
470 711
952 712
952 563
1147 4
741 536
741 647
741 13
741 286
870 251
692 394
769 198
1148 324
1149 713
1150 672
1150 13
1150 59
1151 551
121 33
121 714
121 236
515 240
1152 122
613 76
28 463
28 88
868 88
868 7
400 715
842 716
784 518
784 13
956 717
745 718
745 719
745 720
250 635
250 721
267 36
275 37
743 103
743 722
743 602
696 103
739 720
739 723
1153 244
963 724
694 94
786 89
786 13
1154 352
663 725
663 468
663 726
1004 36
1004 727
1004 728
927 729
20 21
975 136
660 431
110 112
1155 559
827 483
248 730
248 83
722 429
1156 94
702 525
1157 59
189 731
189 732
189 190
634 0
634 733
634 734
501 735
910 136
1158 14
1158 82
1158 736
34 737
799 738
932 502
932 33
723 739
680 151
98 1
1159 14
1160 135
386 14
386 76
330 740
337 286
337 0
337 741
337 33
337 373
111 33
1161 742
1162 26
602 326
602 743
602 687
602 192
602 145
602 470
243 375
243 744
779 13
513 357
719 719
719 745
69 103
1163 271
990 286
853 1
1164 373
1165 59
560 14
230 232
230 13
348 89
4 374
4 13
4 709
4 0
4 46
4 248
4 746
4 747
4 370
4 14
4 12
4 748
4 366
4 165
4 43
4 749
4 59
310 750
310 516
310 33
310 239
494 751
494 14
494 510
494 608
50 163
50 8
1166 752
1167 562
1167 479
298 276
977 136
977 753
538 112
813 372
367 1
367 497
367 754
367 4
1168 755
693 94
561 671
464 234
464 92
464 464
15 15
15 756
1169 13
509 757
1170 758
1171 76
1172 759
945 38
652 615
652 88
652 162
652 760
652 746
652 81
652 142
652 76
652 82
652 429
761 13
761 761
168 762
168 0
168 92
168 1
168 59
476 763
1173 764
679 151
1174 765
607 2
108 33
500 270
216 45
571 14
198 766
198 83
198 767
198 768
198 769
198 0
198 764
198 94
198 14
198 713
198 145
198 633
198 700
198 76
198 43
1175 73
1175 533
1175 88
754 770
754 409
754 367
1176 294
13 135
13 543
13 771
13 741
13 7
13 433
13 222
13 14
13 772
13 773
13 89
13 774
13 598
13 83
13 293
13 775
13 545
13 776
13 777
13 778
13 45
13 683
13 164
13 31
13 8
13 46
13 779
13 780
13 33
13 781
13 782
13 783
13 784
13 785
13 94
13 234
13 0
13 140
13 230
13 786
13 761
13 59
958 97
497 615
497 367
407 318
455 787
455 788
455 789
630 0
630 790
1177 363
847 791
847 792
1178 437
451 155
451 793
451 481
393 608
244 794
244 23
149 795
149 796
149 33
149 797
1179 243
1180 151
1181 270
43 74
43 106
43 2
43 42
43 51
269 276
269 37
1182 798
738 799
1183 800
540 196
1184 643
297 276
297 331
508 801
1185 33
1186 304
676 802
676 803
980 804
1187 286
1187 437
377 270
377 499
424 805
424 76
135 13
135 59
1188 806
1189 671
47 14
47 31
355 214
749 4
99 807
99 808
99 155
99 809
99 38
99 810
141 33
236 121
236 676
236 8
236 811
828 471
1190 179
372 812
372 118
372 813
372 721
1191 312
742 814
3 46
549 139
549 1
549 14
573 47
161 774
161 140
161 815
5 46
1192 816
146 817
146 818
1193 759
324 14
48 819
805 424
586 742
586 140
157 820
157 821
157 237
157 800
157 822
157 823
157 410
157 824
157 825
574 14
574 13
1194 28
1194 151
628 0
628 136
39 280
39 387
1195 826
1195 431
1195 717
1196 99
1197 304
833 441
915 22
483 827
437 586
670 155
670 594
937 84
1198 828
528 829
528 344
1199 389
448 45
448 830
448 537
448 85
448 363
441 831
441 832
441 833
441 834
441 92
441 835
441 836
441 837
359 124
316 132
1200 838
661 839
856 86
856 59
964 840
165 83
165 798
165 581
165 841
165 140
165 4
165 842
1201 23
129 431
129 33
129 430
1202 843
1203 409
865 555
865 645
865 14
865 844
844 841
1204 300
924 845
978 12
93 1
1205 88
1205 846
1205 0
72 29
1206 345
792 847
142 131
142 46
142 7
142 94
142 81
142 532
142 33
142 848
142 430
142 82
142 59
1207 472
1208 608
987 366
59 2
59 94
59 317
59 849
59 103
59 850
59 851
59 826
59 852
59 853
59 854
59 155
59 855
59 4
59 856
59 222
59 13
59 857
59 858
59 699
59 612
59 859
59 860
59 492
59 12
59 188
59 861
59 862
59 168
59 863
107 33
521 84
653 693
653 864
479 155
682 94
593 150
645 865
88 73
88 143
88 564
88 767
88 92
88 151
88 493
88 76
88 866
88 14
88 156
88 867
88 28
88 652
88 868
88 869
105 552
105 841
1209 553
1209 870
727 637
160 135
160 140
160 14
160 198
795 149
7 762
7 13
7 83
7 100
7 0
7 118
7 14
7 510
7 240
7 33
7 868
1210 871
598 89
598 872
598 76
482 155
603 873
1211 874
1212 245
1213 76
1214 166
1214 764
1214 875
1215 434
545 14
789 876
789 877
164 140
373 0
373 82
67 546
1216 149
23 878
23 879
45 880
45 881
45 813
45 551
45 216
45 671
45 819
45 14
45 13
45 882
45 45
45 883
45 226
352 884
352 540
584 96
584 31
584 580
584 151
584 885
582 886
581 165
581 510
581 21
1217 887
341 425
341 888
341 889
341 208
714 121
1218 680
996 109
551 367
551 0
551 447
551 747
551 14
551 70
533 843
533 890
331 891
331 471
331 83
206 892
206 94
206 325
206 14
1219 143
747 551
747 893
747 609
747 4
765 13
765 894
53 324
53 0
1220 33
1221 59
918 96
1222 895
1223 890
1223 112
106 896
106 43
732 189
612 424
612 2
612 897
612 898
612 142
612 33
612 89
612 59
493 97
493 14
1224 899
609 568
609 33
609 900
609 2
609 306
587 81
188 774
188 155
188 812
188 642
188 14
188 869
188 59
1225 901
473 166
1226 431
1226 88
1227 476
1228 253
1229 902
423 342
624 750
624 0
624 8
1230 424
771 97
771 13
554 903
480 284
888 341
1231 633
351 376
351 904
351 199
351 429
169 905
169 906
401 33
401 126
466 907
368 908
532 909
532 14
87 1
87 76
877 789
1232 73
397 170
1233 1
277 196
857 156
857 910
857 911
857 59
1234 424
685 94
685 331
685 510
904 912
1235 913
766 564
766 198
293 330
293 914
527 518
527 153
527 89
564 362
564 88
564 766
465 155
465 408
465 0
475 90
22 915
22 770
22 59
1236 916
122 33
122 17
122 917
122 918
122 1
122 670
122 12
122 14
122 29
122 919
122 166
122 830
1237 414
487 196
704 12
704 707
428 758
861 920
1238 534
1239 796
153 527
1240 250
940 921
940 894
940 922
678 155
678 923
1241 33
456 194
1242 452
925 166
925 374
925 162
751 131
751 494
496 270
845 924
374 905
374 925
374 1
374 4
889 341
1243 13
1244 154
27 926
729 927
520 240
520 928
520 385
520 110
137 33
1245 929
1246 930
1247 841
1248 471
862 59
1249 15
536 741
536 14
378 310
1250 931
590 460
502 932
502 82
850 59
1251 166
1251 417
495 933
1252 934
205 935
205 923
205 661
772 13
1253 717
750 624
1254 135
74 88
74 936
74 937
74 81
74 637
74 43
481 938
481 155
481 451
481 939
1255 492
1256 611
459 44
982 14
968 136
78 140
78 559
130 334
130 33
921 940
746 4
1257 941
864 653
38 258
38 289
38 155
38 942
38 151
38 12
38 87
38 943
38 99
38 14
38 944
38 103
38 945
38 33
38 43
566 14
1258 261
1259 321
1259 293
1260 14
1261 946
184 947
184 285
184 31
720 739
720 948
720 745
683 94
683 13
227 8
1262 684
674 197
767 949
767 950
767 198
767 139
767 226
767 43
948 33
948 951
948 720
569 14
563 952
563 33
563 14
454 953
454 510
1263 284
1264 196
207 325
102 954
97 955
97 956
97 957
97 958
97 771
97 1
97 493
97 46
97 959
97 128
97 14
97 59
900 609
898 612
145 85
145 83
145 325
145 234
145 960
145 961
145 602
145 962
724 963
785 13
75 14
893 747
840 964
1265 151
808 139
635 633
635 76
635 8
136 955
136 965
136 966
136 94
136 910
136 967
136 628
136 968
136 226
136 969
136 970
136 971
136 809
136 972
136 753
136 33
136 973
136 974
136 100
136 975
136 976
136 977
666 830
235 8
733 634
1266 417
1267 978
1268 44
1269 33
319 409
1270 979
1271 198
1272 14
891 331
804 884
804 13
804 980
29 803
29 722
29 80
29 72
29 14
29 122
170 981
170 397
838 982
12 983
12 704
12 253
12 984
12 985
12 46
12 928
12 4
12 87
12 784
12 38
12 986
12 33
12 290
12 226
12 59
1273 987
988 325
988 988
1274 431
443 989
443 74
82 990
82 89
82 774
82 753
82 59
82 625
82 0
82 1
82 118
82 8
82 151
82 991
82 94
82 641
82 14
82 559
82 142
82 33
82 652
82 373
252 672
1275 42
263 193
83 270
83 992
83 993
83 994
83 1
83 248
83 518
83 715
83 33
83 13
83 816
83 165
83 331
83 184
1276 271
1277 103
791 847
791 995
1278 1
1279 304
1279 996
1280 155
1280 997
821 157
498 270
647 774
1281 4
1282 330
757 998
757 999
757 509
61 14
615 1000
615 652
615 76
662 1001
92 334
92 476
92 85
92 684
92 464
92 469
92 1
92 31
92 88
92 14
92 313
92 168
1283 12
890 20
971 136
266 764
1284 94
763 476
472 166
16 601
1285 782
219 343
713 8
643 181
880 45
1286 33
183 306
616 1
1287 324
1287 94
1287 1002
991 13
617 76
134 33
134 13
518 784
518 84
518 13
518 589
1288 103
530 245
530 337
530 17
314 1003
314 162
36 42
36 267
36 272
36 457
36 1004
36 861
36 1005
579 14
384 292
1289 802
1009 1006
1009 1007
1009 1008
1009 1009
1290 1010
1291 1011
1292 1012
284 1013
284 769
284 480
284 681
284 41
284 14
284 510
284 420
