454 0
863 1
137 2
137 3
137 4
288 5
455 6
455 7
455 8
455 9
455 10
316 11
13 12
13 13
13 14
864 15
865 16
637 17
637 18
637 19
637 20
732 21
732 22
866 23
693 24
319 25
319 26
867 27
657 28
503 29
766 30
844 31
844 32
711 33
811 34
811 35
574 36
350 37
362 38
211 39
211 40
648 41
209 42
209 43
366 44
366 45
366 46
366 47
366 48
366 49
868 50
868 51
868 20
544 3
755 52
605 53
373 54
373 55
373 56
373 57
373 58
184 59
184 60
184 61
184 62
184 63
184 48
184 64
699 24
699 65
869 66
475 48
554 67
554 68
620 69
870 70
252 71
252 72
199 73
199 74
832 75
832 76
871 77
872 78
873 79
873 80
292 81
148 82
148 83
148 84
148 28
148 85
148 86
148 87
148 88
874 89
875 90
194 85
194 91
876 92
502 93
502 4
877 94
760 95
686 6
136 96
136 97
136 98
136 99
136 100
136 101
136 102
136 76
136 103
878 104
878 105
600 106
879 107
448 93
448 108
448 109
448 83
448 110
809 111
880 112
662 113
324 114
297 115
297 116
297 117
297 118
297 99
881 85
881 119
567 120
882 121
138 12
138 122
138 123
138 124
138 28
138 125
138 14
138 79
138 126
138 127
9 128
883 123
884 129
742 130
742 131
742 132
742 68
742 89
742 133
28 134
28 135
28 136
28 137
28 112
28 85
28 138
28 3
28 100
28 139
28 14
28 140
28 141
28 142
28 69
28 143
28 29
28 144
28 145
28 10
28 146
28 147
28 97
28 99
28 148
28 149
28 150
28 151
426 152
274 153
274 154
274 155
274 136
274 4
274 156
274 9
274 157
274 158
274 159
274 160
274 141
274 161
274 162
274 163
274 164
274 165
274 96
274 166
274 167
274 168
274 169
274 146
274 170
274 171
274 172
274 173
274 174
274 175
885 176
254 177
321 25
200 178
200 179
200 180
200 181
886 182
183 183
63 184
887 185
888 95
888 45
888 29
512 186
422 96
422 187
656 94
889 188
389 189
389 190
389 191
389 192
389 51
389 193
389 194
389 195
389 64
685 196
685 197
685 198
73 199
724 51
724 192
180 200
247 201
247 199
433 3
433 202
127 115
127 15
127 203
127 204
127 205
127 3
127 206
127 207
127 208
127 138
700 96
700 209
588 210
497 139
233 211
233 212
233 213
233 99
529 214
99 85
99 28
99 215
99 136
99 216
99 217
99 218
99 219
99 220
99 221
99 94
99 222
99 223
99 224
99 225
99 51
99 141
99 226
99 227
99 228
99 229
99 146
99 230
99 231
99 232
99 48
99 233
99 234
99 235
99 236
99 237
99 238
99 239
99 240
99 241
99 242
99 243
890 244
752 4
891 245
412 246
892 247
569 248
569 249
193 139
343 250
343 24
547 251
72 252
72 71
72 253
536 3
177 254
815 255
815 13
815 170
519 209
519 256
519 257
519 258
519 148
519 259
26 260
26 261
26 262
26 263
26 264
26 265
26 266
26 39
26 267
804 268
893 199
38 20
224 99
894 117
729 269
64 270
64 209
64 4
64 24
64 184
895 99
759 95
896 271
283 272
283 273
283 141
163 153
163 274
242 275
242 273
242 276
242 99
242 277
242 91
242 128
242 278
897 24
898 279
899 280
899 281
899 282
273 283
398 284
398 24
523 141
523 285
523 286
523 198
415 148
415 48
307 123
698 287
698 24
609 210
243 112
213 226
678 288
678 24
678 289
678 26
678 85
858 123
858 285
858 43
858 20
291 290
900 291
81 292
81 293
81 294
173 295
377 24
901 24
118 296
118 297
846 298
309 123
309 299
309 300
309 20
309 81
309 301
309 302
309 85
309 293
902 303
353 105
810 274
810 141
777 105
777 304
481 305
618 69
123 306
123 307
123 52
123 222
123 308
123 309
123 310
903 311
904 3
687 312
687 24
687 6
630 94
630 230
313 313
379 314
905 315
906 316
601 317
783 87
783 318
135 28
25 207
25 319
25 170
25 265
25 320
25 321
25 322
25 107
367 112
907 323
114 324
649 41
649 28
649 55
649 325
346 270
908 326
562 327
250 328
250 329
250 330
250 38
250 279
250 331
250 332
250 333
250 141
250 334
250 228
250 335
250 130
250 336
250 337
250 50
250 338
250 339
250 340
250 341
250 342
250 286
250 343
250 344
250 345
145 28
270 346
270 176
270 263
270 85
270 347
270 348
270 247
270 349
208 85
208 127
37 350
37 155
340 250
909 351
360 352
910 353
612 354
612 355
612 69
191 48
191 356
573 357
573 59
573 358
573 305
573 359
861 20
911 48
352 360
912 361
913 3
779 362
549 3
116 297
914 363
310 364
310 123
310 294
915 293
916 207
468 141
468 3
468 20
468 48
468 29
44 365
44 46
44 366
44 48
257 4
257 99
112 3
112 243
112 367
102 136
102 139
102 368
102 369
102 370
102 371
102 372
102 24
55 373
746 153
917 67
690 24
918 374
918 293
918 170
665 375
178 235
709 33
709 95
919 24
225 134
225 181
225 376
225 377
225 378
225 379
225 380
225 381
225 24
271 34
271 20
920 366
480 382
607 383
607 24
921 384
473 385
473 386
473 387
473 122
473 48
411 91
781 85
781 388
781 389
781 390
130 391
130 228
922 1
776 105
776 61
509 392
923 74
126 138
924 393
775 105
462 115
462 394
462 395
462 396
462 188
925 148
925 397
925 385
925 370
284 398
284 399
284 204
386 251
627 400
329 250
769 401
215 86
505 402
587 403
587 1
926 404
927 136
927 48
928 405
928 406
928 20
830 407
929 408
718 14
718 409
718 261
300 309
930 410
370 102
370 69
370 99
91 411
931 412
356 191
660 413
660 414
660 369
932 415
733 21
933 223
934 416
434 204
582 69
582 417
935 338
935 418
935 270
546 3
546 419
546 101
61 361
936 157
937 102
938 196
939 87
341 250
456 148
456 10
456 419
456 63
456 52
940 420
86 123
86 148
941 421
942 99
508 392
723 422
943 423
705 424
705 24
944 425
826 293
152 426
827 361
603 427
945 428
945 429
504 123
504 29
946 207
947 153
851 430
851 431
851 432
854 20
948 433
688 24
204 299
204 434
204 435
204 284
204 436
204 437
204 438
204 439
204 440
204 29
204 127
265 26
537 3
949 441
479 442
479 409
853 20
12 13
12 138
157 48
157 274
157 141
749 443
749 444
792 445
950 446
623 309
623 447
110 448
951 129
767 123
515 449
515 450
515 451
952 452
837 453
336 228
10 454
10 20
10 28
10 455
10 456
10 9
953 457
954 458
430 205
430 459
430 460
430 261
369 413
369 461
369 462
955 463
955 464
636 465
48 466
48 467
48 157
48 60
48 16
48 191
48 468
48 469
48 184
48 470
48 3
48 471
48 472
48 447
48 473
48 474
48 475
48 29
48 24
48 94
956 86
956 48
495 311
495 476
495 136
495 477
495 478
495 64
442 479
382 480
326 481
591 482
591 483
591 484
957 485
559 486
559 146
958 487
712 95
439 440
439 146
241 99
39 46
39 26
92 397
92 488
959 316
115 489
115 297
115 462
511 490
960 138
961 293
961 131
60 137
60 48
571 491
280 282
962 424
42 209
963 492
385 472
385 473
87 123
87 493
87 68
87 494
87 89
311 495
691 496
139 497
139 347
139 105
139 139
139 352
139 498
139 499
139 68
139 293
139 388
139 127
590 90
964 4
964 80
750 500
206 501
29 502
29 468
29 503
29 204
29 237
29 455
29 404
29 504
965 505
392 506
392 507
392 508
392 509
392 510
334 250
181 237
181 225
181 200
98 136
98 261
490 511
203 378
203 512
203 513
203 514
203 310
203 24
532 378
66 299
450 515
450 516
450 517
450 451
322 25
404 29
966 137
848 148
967 132
967 518
967 189
256 519
476 520
476 495
596 521
596 522
596 172
516 515
516 285
516 450
516 451
557 286
286 523
286 10
286 110
286 524
286 525
286 451
286 526
968 96
62 96
463 85
514 203
88 148
969 296
969 123
969 527
969 9
969 250
617 528
440 146
970 438
124 32
124 134
124 138
261 449
261 430
261 529
261 26
421 530
421 531
421 532
599 533
599 30
599 9
797 534
797 535
797 45
3 423
3 28
3 536
3 468
3 137
3 112
3 537
3 67
3 538
3 9
3 539
3 424
3 540
3 202
3 15
3 223
3 541
3 542
3 141
3 543
3 96
3 544
3 545
3 361
3 546
3 48
3 433
3 127
3 233
3 246
3 528
3 68
3 128
3 150
3 547
3 548
3 549
971 550
971 551
971 24
561 552
371 102
371 553
67 3
67 554
67 555
67 84
972 48
973 556
974 557
397 67
397 558
397 24
486 559
486 560
486 83
552 561
507 392
327 562
327 563
975 255
302 309
302 464
74 339
694 24
347 564
347 565
347 419
347 4
347 566
347 50
347 237
347 7
347 120
347 6
347 567
347 24
347 568
976 48
249 3
249 272
249 569
249 24
143 28
643 570
140 28
491 302
491 571
306 123
306 134
306 137
306 572
696 24
410 573
977 574
655 575
264 20
264 576
264 577
264 26
264 578
264 579
264 580
978 85
417 581
417 582
417 583
417 24
715 584
751 585
171 274
979 445
403 586
403 587
980 588
701 24
787 6
787 123
308 123
583 583
589 467
589 589
589 134
90 590
483 591
6 592
6 407
6 593
672 76
372 102
372 517
372 553
372 451
671 594
49 595
49 596
49 597
49 358
49 598
49 457
533 599
106 212
106 600
106 486
285 516
285 523
285 372
285 286
285 517
981 601
427 602
427 603
1 38
96 299
96 422
96 1
96 136
96 274
96 132
96 3
96 510
96 174
96 156
96 604
982 408
983 24
53 605
984 606
748 395
985 347
985 141
383 607
383 96
210 588
210 608
210 609
210 610
986 521
986 611
354 612
987 144
987 85
987 430
987 613
550 284
550 614
988 24
499 314
499 139
499 20
989 615
51 616
51 462
990 617
357 123
357 573
69 618
69 619
69 28
69 4
69 370
69 30
69 79
69 620
296 621
296 622
296 118
296 141
821 192
991 24
447 623
146 624
146 440
146 99
146 28
146 274
146 204
146 625
146 375
146 565
992 626
400 627
400 628
230 622
230 629
230 537
230 630
230 99
438 631
438 632
438 495
438 204
993 521
89 4
89 24
8 633
8 24
8 64
597 49
994 634
995 635
176 270
263 270
859 20
465 636
996 85
174 96
19 637
150 3
150 162
150 95
150 24
134 638
134 306
134 639
134 640
134 94
134 574
134 105
134 137
134 519
134 286
134 261
134 589
134 641
134 124
134 116
134 117
570 642
570 15
570 643
666 99
666 227
2 137
856 209
856 644
856 645
856 31
856 468
856 20
856 61
856 646
856 187
997 647
41 648
41 649
753 650
753 651
753 652
998 96
999 495
791 653
540 654
754 530
754 391
36 574
94 630
94 134
94 655
94 656
94 657
94 142
94 116
94 658
94 659
94 48
94 127
459 430
414 660
414 634
414 661
368 286
113 296
113 662
113 663
460 430
788 7
161 664
531 85
531 246
531 421
661 39
375 4
375 665
227 666
218 99
602 667
602 427
299 85
299 616
299 666
683 668
634 85
634 414
451 669
50 670
594 671
76 6
76 136
76 672
76 596
1000 105
714 95
720 293
720 673
720 674
728 675
728 269
679 676
758 520
758 677
1001 678
676 123
676 679
676 395
676 680
1002 24
521 596
525 525
525 681
525 286
246 3
246 451
202 3
202 433
644 181
1003 682
668 683
668 117
217 123
217 99
1004 684
801 339
449 515
449 261
449 450
1005 467
471 3
331 250
762 315
762 9
198 685
78 94
78 110
149 686
149 48
24 122
24 687
24 398
24 688
24 3
24 455
24 689
24 690
24 691
24 692
24 693
24 694
24 225
24 141
24 607
24 695
24 21
24 696
24 697
24 698
24 417
24 339
24 699
24 678
24 700
24 117
24 701
24 85
24 270
24 377
24 445
24 702
24 703
24 704
24 705
24 68
24 343
24 150
24 706
65 205
65 123
381 225
33 707
33 708
33 322
33 709
33 95
33 30
33 710
33 711
33 712
33 713
33 714
33 150
474 48
584 715
726 716
59 717
799 48
144 28
144 612
144 48
409 718
223 85
223 719
223 99
1006 45
32 124
673 720
358 251
817 721
761 33
761 134
761 95
761 722
1007 723
638 258
638 724
638 134
638 725
1008 255
716 726
235 546
235 99
345 250
314 225
125 138
348 727
348 270
269 309
269 728
269 729
269 730
186 512
186 141
1009 50
1009 188
237 29
237 181
237 99
21 731
21 732
21 420
21 24
21 733
747 734
747 395
747 735
747 736
747 737
747 738
747 739
747 740
747 741
747 430
747 293
747 127
68 3
68 554
68 555
68 742
1010 743
857 48
857 20
1011 744
103 745
399 24
628 689
153 746
153 322
423 3
122 132
122 294
494 59
494 445
1012 37
16 61
16 48
841 85
395 747
395 94
395 95
395 676
395 462
395 85
395 31
395 748
443 255
443 257
443 749
1013 508
710 33
500 750
1014 10
585 751
1015 285
4 69
4 752
4 347
4 99
201 247
652 753
614 204
52 123
52 754
52 755
52 756
52 456
52 757
640 134
222 123
222 99
95 758
95 759
95 709
95 395
95 711
95 760
95 712
95 761
95 37
95 33
95 714
95 150
315 762
1016 347
622 552
622 763
622 230
622 764
622 296
622 765
30 599
30 766
30 522
30 385
30 463
30 69
30 24
496 691
1017 767
1017 284
141 551
141 523
141 566
141 274
141 186
141 24
141 296
141 567
141 157
141 9
15 3
15 768
15 87
15 127
15 20
1018 573
1019 731
1020 769
1021 455
1022 50
1022 561
1023 4
1023 14
1023 68
170 255
170 25
402 372
675 728
231 99
1024 770
104 771
1025 29
1025 68
796 772
796 773
722 761
722 590
757 52
172 274
530 754
558 48
565 774
565 347
565 28
565 277
565 146
105 134
105 775
105 137
105 139
105 776
105 353
105 777
236 778
5 250
5 162
5 342
5 779
5 288
1026 753
518 264
528 617
528 3
528 221
1027 780
1027 727
1028 93
388 781
388 139
1029 684
593 6
1030 781
154 782
154 24
318 783
1031 36
843 784
843 785
461 369
1032 786
330 250
1033 85
1033 127
1034 280
7 787
7 455
7 347
7 788
1035 293
1036 141
670 789
469 48
1037 790
653 573
653 791
1038 256
445 494
445 85
445 358
445 792
445 488
845 793
845 455
845 794
845 80
1039 391
1040 34
14 795
14 13
14 28
14 138
1041 78
349 270
1042 368
635 32
1043 796
1044 456
83 247
534 797
834 798
834 799
566 141
566 347
566 800
566 127
1045 358
470 48
1046 64
339 250
339 801
339 74
1047 176
1048 347
862 153
862 802
862 20
862 803
862 804
862 581
862 805
1049 442
294 215
294 157
294 806
234 99
1050 410
45 797
45 535
45 148
45 366
192 85
192 13
192 389
192 127
452 807
452 808
452 1
1051 514
111 809
706 24
707 33
251 358
162 150
162 457
162 810
719 268
467 589
467 137
467 48
365 44
40 211
555 68
35 811
1052 153
849 812
182 313
836 117
1053 13
692 706
1054 813
1055 272
689 430
689 28
689 24
689 628
477 495
578 80
577 814
255 170
255 815
1056 174
337 250
1057 210
1057 816
721 817
1058 123
34 539
616 299
616 105
616 51
616 818
616 819
616 783
212 106
212 233
684 580
684 615
1059 137
293 720
293 820
293 821
293 382
293 822
293 20
293 81
293 823
293 673
293 824
293 825
293 826
293 827
293 143
293 828
293 829
598 49
407 830
407 16
1060 831
795 14
75 832
75 833
1061 834
1062 320
1062 835
128 433
117 836
453 837
378 123
378 225
378 532
378 838
378 203
1063 263
1063 24
1063 20
1064 29
1065 296
1066 102
85 471
85 797
85 781
85 839
85 840
85 99
85 841
85 395
85 4
85 634
85 309
85 148
85 28
85 26
85 449
85 194
773 796
522 85
522 30
522 596
27 573
394 316
394 462
396 462
1067 217
822 842
376 225
31 843
31 395
31 4
31 467
31 844
31 247
31 63
839 85
839 4
839 204
472 385
472 48
80 845
80 576
80 678
80 162
80 684
80 578
850 261
298 846
187 422
488 92
488 445
312 687
1068 330
101 136
101 546
205 254
205 430
205 117
553 372
1069 287
11 104
11 316
11 847
11 455
823 293
785 650
785 61
785 843
1070 347
812 848
812 849
190 850
431 851
20 852
20 853
20 48
20 15
20 468
20 28
20 854
20 719
20 10
20 309
20 855
20 499
20 271
20 38
20 856
20 857
20 858
20 293
20 859
20 663
20 127
631 438
1071 860
818 48
464 302
1072 34
1072 123
1072 136
391 154
391 130
664 161
1073 861
581 862
581 417
295 50
295 347
1074 69
615 576
615 684
