239 0
239 1
239 2
239 3
239 4
239 5
239 6
239 7
880 8
881 9
168 10
168 11
168 12
476 13
476 14
882 15
882 16
883 17
100 18
350 19
521 20
457 21
111 22
884 23
330 24
885 25
409 26
409 27
693 28
604 29
88 30
88 31
88 32
334 33
334 24
886 34
886 8
856 35
753 36
208 37
208 38
208 39
133 40
133 2
133 41
133 42
133 34
133 43
887 44
359 45
359 46
888 47
472 48
889 49
570 50
570 51
570 52
295 53
295 54
295 55
295 56
295 57
295 58
461 59
445 60
445 61
241 0
150 62
700 63
495 64
414 65
68 66
68 67
68 68
68 7
68 69
721 70
631 71
890 72
217 73
217 5
217 74
217 75
891 76
892 77
892 78
147 79
147 42
147 80
147 81
147 82
147 83
147 84
147 85
147 86
31 87
31 88
31 43
31 89
31 42
31 90
31 91
31 92
31 93
31 94
893 36
148 95
148 96
148 97
148 98
148 60
148 99
18 0
18 100
18 101
894 102
601 103
895 104
318 105
22 106
22 40
22 54
22 107
22 32
22 108
22 109
22 110
22 111
22 112
487 7
487 113
213 114
896 115
215 116
625 117
720 60
720 118
897 22
897 60
898 119
375 120
123 121
123 122
653 30
121 123
510 124
510 125
510 61
510 69
510 82
510 60
793 61
793 126
71 127
899 128
162 129
308 130
308 131
791 0
791 61
900 132
113 133
113 134
113 135
113 41
113 31
113 61
113 82
436 136
754 137
417 138
417 139
417 140
417 141
901 61
849 142
849 143
43 0
43 61
43 144
43 31
43 133
43 145
156 146
156 24
85 147
85 148
379 107
819 149
62 150
62 151
62 152
902 153
146 154
146 155
146 156
184 157
184 158
184 159
184 160
903 161
129 162
163 163
904 164
155 146
706 165
822 30
822 149
822 166
822 167
11 168
490 64
490 7
490 169
905 30
784 61
906 23
152 170
152 171
907 172
453 61
908 173
218 174
218 175
218 12
218 176
218 177
218 178
218 28
218 172
218 179
218 61
909 180
332 181
332 182
332 24
159 183
159 172
159 184
159 185
159 186
910 187
910 188
254 189
673 124
259 135
214 190
214 191
911 147
911 192
911 2
912 193
913 194
87 37
87 195
87 196
87 197
87 31
87 198
248 199
248 61
248 200
914 201
455 188
455 69
591 202
664 203
664 204
915 205
915 60
392 206
37 207
37 208
561 209
283 210
118 211
118 60
118 12
118 120
748 212
114 213
114 42
116 214
116 215
116 216
116 2
916 217
917 120
176 218
196 219
196 87
196 220
196 42
196 221
918 11
919 222
919 223
920 34
920 64
809 61
921 10
921 12
921 224
922 225
922 7
922 61
923 226
272 227
272 228
272 223
272 124
242 0
924 229
924 230
924 42
924 231
924 232
924 233
924 234
924 235
924 236
924 132
0 237
0 193
0 238
0 239
0 38
0 240
0 241
0 242
0 243
925 30
926 244
41 245
41 246
41 247
199 248
199 61
199 249
458 21
458 250
458 251
458 252
776 253
690 28
189 254
189 38
189 255
927 175
928 30
929 165
326 256
326 257
448 60
211 118
768 258
135 259
930 141
930 61
640 260
640 261
550 0
550 262
555 263
555 264
767 60
767 12
688 265
688 266
688 267
688 268
688 269
688 270
688 148
688 271
688 272
931 273
243 0
243 32
799 61
53 274
541 172
932 275
336 276
933 277
704 278
704 176
934 22
621 279
502 280
502 281
234 276
234 60
234 42
210 282
210 283
435 272
298 56
935 284
854 2
770 214
312 285
312 286
312 287
312 288
936 69
360 289
56 290
56 291
56 292
56 293
56 294
56 295
56 296
56 297
56 298
937 299
878 300
182 301
182 302
624 179
624 303
624 304
624 305
624 306
938 175
130 307
130 308
130 309
3 239
939 22
684 38
744 310
940 311
418 159
418 275
941 312
941 60
871 313
942 314
942 315
942 316
942 317
105 318
157 319
686 320
686 113
138 321
91 31
91 322
91 323
24 324
24 325
24 156
24 326
24 327
24 328
24 329
24 330
24 331
24 60
24 332
24 61
24 69
24 333
24 334
24 256
943 335
276 234
276 336
944 34
944 256
945 337
946 338
946 339
946 340
610 341
610 342
610 329
309 130
736 343
178 218
947 5
651 344
651 5
651 69
287 312
766 12
637 345
637 197
637 64
637 346
948 142
948 347
19 348
19 349
19 350
949 147
447 137
447 7
806 217
806 61
806 351
950 7
315 352
657 353
747 354
747 355
747 61
747 356
363 60
363 357
835 10
46 358
46 359
46 32
164 12
951 360
127 71
635 23
635 295
635 361
952 362
952 363
953 364
82 147
82 188
82 75
578 34
578 365
35 366
525 367
525 159
45 368
45 359
45 29
954 347
955 369
956 370
956 371
957 132
958 372
958 373
120 37
120 374
120 118
120 375
120 376
120 377
120 378
107 379
107 380
107 22
107 381
107 382
107 383
789 61
57 295
877 384
959 307
959 385
959 386
205 387
205 388
869 104
154 389
256 390
256 326
256 24
543 391
960 257
206 392
119 393
119 394
119 395
119 396
119 161
119 397
119 110
119 7
961 398
694 109
962 338
92 399
92 31
92 38
723 400
963 61
964 56
122 123
1 239
1 227
965 7
965 61
801 61
669 56
669 401
96 402
966 403
966 404
966 405
967 406
967 353
967 407
968 40
969 40
970 408
573 12
348 86
348 19
26 409
971 410
971 61
971 411
714 102
972 320
571 412
608 413
139 414
139 415
139 416
139 104
139 96
139 417
139 418
139 65
973 419
710 420
611 421
611 422
611 423
611 424
611 425
611 426
112 22
342 341
479 427
479 428
602 429
275 430
275 418
275 431
275 157
352 60
352 432
352 315
352 61
974 433
181 217
504 270
975 121
756 94
976 434
977 435
136 436
136 69
60 207
60 4
60 437
60 159
60 438
60 175
60 439
60 440
60 352
60 274
60 441
60 442
60 443
60 53
60 444
60 113
60 118
60 445
60 446
60 234
60 447
60 7
60 193
60 363
60 448
60 449
60 450
60 451
69 452
69 151
69 453
69 454
69 455
69 5
69 24
69 82
69 456
69 339
21 457
21 458
751 459
751 36
846 250
846 460
846 461
327 462
327 463
327 464
327 465
327 466
327 335
52 467
52 468
52 469
978 254
979 470
980 471
981 302
982 83
983 472
456 473
456 474
456 435
456 36
437 60
437 475
539 348
539 22
539 218
539 109
545 160
14 476
14 7
14 477
14 478
428 5
428 479
507 360
634 480
698 481
984 31
660 32
7 452
7 482
7 68
7 483
7 61
7 2
7 119
7 406
7 484
7 239
7 485
7 486
7 282
7 444
7 487
7 488
7 489
7 447
7 490
7 491
836 492
427 479
985 493
985 417
986 494
535 22
535 495
535 353
535 31
535 159
535 496
535 497
535 498
987 499
810 61
464 500
20 2
560 501
323 430
281 234
281 0
281 502
988 503
270 504
989 282
989 505
990 32
991 506
97 148
97 302
328 507
328 24
992 69
993 508
585 509
994 510
84 147
131 172
131 511
131 22
131 308
195 87
995 512
101 18
996 102
532 491
648 513
562 209
562 459
562 514
997 480
722 400
709 175
709 201
368 515
368 516
368 517
368 454
368 518
368 45
368 262
368 519
368 60
368 520
368 521
368 522
769 523
769 524
58 295
367 525
703 356
517 2
517 526
998 527
999 528
1000 529
678 530
689 106
689 531
689 28
491 353
491 532
491 533
158 30
158 184
158 175
867 534
1001 535
347 536
347 61
74 537
74 217
86 538
86 233
1002 539
388 540
40 22
40 133
1003 52
718 295
718 311
172 541
172 400
172 159
172 218
172 542
172 30
391 543
1004 61
839 161
839 544
839 311
599 219
599 12
599 220
1005 0
786 61
160 545
160 184
160 546
814 547
1006 548
262 27
262 549
262 550
262 368
262 551
262 63
584 552
1007 353
1007 553
1007 7
197 87
329 341
329 333
329 554
263 264
263 555
1008 556
1009 147
858 557
544 29
1010 243
1011 60
402 558
402 559
209 560
209 561
209 562
4 563
4 239
4 60
4 564
1012 214
1012 565
190 214
190 103
1013 566
1013 231
1014 281
579 567
579 119
579 568
579 34
579 98
579 569
50 570
50 468
289 360
444 503
444 571
444 7
444 572
444 573
51 570
875 574
875 461
875 16
777 575
777 439
777 329
777 576
365 577
365 578
1015 234
1016 244
247 41
569 579
1017 64
441 580
441 198
441 60
498 535
249 581
482 7
713 102
713 582
713 302
713 356
193 0
593 583
1018 338
537 0
552 584
509 585
676 530
676 317
140 417
227 1
227 586
227 272
227 159
99 148
99 587
221 219
1019 588
224 10
655 151
1020 82
1020 589
1021 590
202 591
202 592
1022 142
1022 61
519 593
1023 7
1024 214
110 317
110 119
110 594
110 22
110 262
110 595
110 353
110 596
110 61
110 597
110 598
220 599
362 33
362 600
103 190
103 601
429 175
429 602
430 275
430 323
522 368
29 544
29 603
29 604
29 431
29 199
29 45
29 201
29 605
29 82
614 475
1025 338
607 606
607 607
1026 61
413 608
828 469
1027 110
237 0
75 82
75 557
75 217
692 28
1028 609
1029 161
297 56
1030 239
1031 23
341 342
341 610
425 611
335 327
629 175
141 417
141 416
1032 353
1032 7
1033 61
340 612
185 159
1034 121
475 613
475 614
475 615
475 454
475 186
1035 517
98 148
98 579
658 353
658 188
658 61
468 50
468 432
468 52
772 616
339 617
339 461
1036 456
750 618
1037 73
773 619
773 456
773 506
773 620
804 61
762 621
762 622
762 167
1038 623
179 624
117 161
117 625
117 626
117 627
1039 628
1039 629
33 334
739 630
701 119
649 631
649 632
649 5
439 60
1040 633
485 634
485 60
485 7
485 2
1041 373
23 46
23 635
23 636
1042 573
64 637
64 67
64 495
64 638
64 639
64 60
64 61
64 490
1043 640
1044 641
473 456
1045 60
305 624
665 642
665 159
665 592
1046 643
1047 22
1047 61
1047 87
207 60
207 37
207 70
505 2
177 218
177 351
177 61
177 644
406 7
422 611
1048 645
188 82
188 646
351 177
351 647
513 648
5 344
5 649
5 12
5 32
5 650
5 15
5 651
5 652
5 7
337 137
337 61
30 545
30 653
30 60
30 654
30 228
1049 61
1050 175
1051 2
1052 214
1052 655
301 656
301 182
301 228
301 179
301 323
301 542
353 491
353 657
353 658
79 659
79 83
79 147
79 103
443 0
443 60
1053 223
32 46
32 5
32 660
32 61
32 243
764 661
764 272
1054 662
198 663
198 87
203 664
203 32
642 665
421 611
421 666
421 667
1055 334
401 668
401 669
161 42
161 27
382 12
331 24
1056 670
1057 671
1057 12
124 672
124 673
124 272
124 510
124 69
530 674
530 675
530 676
530 677
530 678
847 143
879 679
879 680
879 681
186 615
186 475
1058 682
1058 683
174 684
1059 685
493 109
1060 188
765 12
672 124
1061 686
1062 461
1063 687
1064 99
1065 31
1065 61
268 688
28 689
28 690
28 691
28 692
28 693
1066 512
1067 461
1068 236
632 127
632 649
109 694
109 471
109 695
109 696
109 539
366 697
481 698
1069 699
572 444
1070 700
1071 66
725 700
1072 60
1073 701
238 0
238 702
238 703
278 704
385 8
1074 262
820 149
165 705
165 706
320 686
320 707
255 189
1075 60
175 708
175 60
175 158
175 31
175 709
780 460
613 331
613 638
613 475
516 368
587 38
587 710
102 711
102 97
102 582
102 712
102 713
102 61
102 346
102 714
1076 188
1076 396
843 500
42 234
42 161
454 715
454 716
454 69
454 368
454 717
454 7
454 132
639 363
639 64
1077 415
1078 176
855 2
724 228
106 22
533 491
1079 362
1079 433
311 718
592 219
592 665
592 7
874 161
874 427
874 719
874 720
874 16
841 500
219 196
219 459
1080 705
1081 721
536 347
795 353
795 61
383 107
383 2
424 611
1082 0
400 172
400 722
400 258
400 723
1083 724
1084 182
467 52
467 595
1085 725
1086 726
1086 727
1086 728
1086 600
1086 32
1087 729
1088 730
63 119
63 731
63 732
63 262
63 700
63 733
63 616
1089 734
314 735
273 643
273 736
273 139
273 61
1090 0
1091 737
1092 385
630 738
630 739
834 740
1093 60
358 46
307 741
307 742
307 385
310 743
310 744
310 745
761 746
354 747
67 68
67 64
1094 748
1094 222
416 749
416 688
416 139
1095 632
787 61
618 750
374 375
36 751
36 649
36 752
36 753
36 456
36 7
108 22
1096 716
1097 54
137 337
137 754
137 755
137 447
726 600
1098 61
94 31
94 756
1099 757
322 758
1100 759
781 760
606 607
1101 161
440 60
356 703
356 61
746 761
89 31
274 53
274 60
442 60
622 762
288 312
228 763
691 22
691 28
691 87
538 763
1102 188
661 764
12 224
12 392
12 168
12 765
12 164
12 766
12 573
12 767
1103 12
258 768
1104 649
1104 61
524 769
1105 770
80 147
319 771
319 444
319 157
319 69
616 772
616 63
1106 517
1107 214
1107 191
619 773
486 7
1108 774
1109 22
1109 40
1109 775
253 776
575 777
212 38
38 0
38 92
38 189
38 778
38 684
38 228
38 61
38 779
38 780
760 781
449 782
830 469
1110 444
636 23
451 0
451 60
851 783
1111 165
758 322
758 272
61 747
61 784
61 785
61 786
61 787
61 0
61 102
61 70
61 262
61 788
61 789
61 790
61 382
61 791
61 775
61 792
61 484
61 256
61 266
61 2
61 793
61 352
61 794
61 7
61 248
61 795
61 24
61 796
61 797
61 798
61 799
61 800
61 177
61 801
61 542
61 55
61 356
61 658
61 802
61 113
61 621
61 446
61 803
61 804
61 218
61 805
61 806
61 807
61 808
61 312
61 38
61 32
61 809
61 810
61 172
61 811
61 778
61 300
61 812
61 599
667 421
1112 813
547 814
547 479
827 815
1113 816
1113 817
1114 398
1115 427
93 624
291 56
652 5
149 818
149 819
149 820
149 233
149 61
149 821
149 822
149 122
738 630
638 613
638 638
1116 703
115 823
115 7
115 385
646 312
646 188
282 418
282 236
282 61
304 824
1117 825
1118 264
647 351
1119 826
390 54
1120 61
1121 827
1122 56
1123 56
612 340
469 828
469 829
469 830
503 444
503 831
1124 832
27 161
27 833
27 262
27 409
740 834
279 317
1125 31
10 835
10 61
1126 2
492 836
236 282
236 837
236 838
1127 839
708 175
681 840
361 635
500 841
500 842
500 843
500 844
500 58
717 454
1128 60
1129 282
838 236
1130 845
1131 23
497 611
705 165
705 760
460 846
460 780
1132 583
54 317
54 22
54 295
54 471
54 60
54 61
54 390
54 660
143 107
143 47
143 847
143 848
143 849
1133 287
1134 850
615 475
200 248
34 578
34 61
783 851
1135 852
654 853
540 388
782 449
663 198
1136 750
1137 171
2 655
2 721
2 854
2 281
2 505
2 239
2 517
2 485
2 169
2 383
2 20
2 61
2 855
2 300
2 7
2 151
1138 856
1138 857
48 732
48 7
1139 209
794 61
595 467
595 110
595 335
557 858
557 859
557 75
557 860
557 861
557 862
557 863
712 102
755 137
488 864
488 7
488 865
345 866
345 637
534 867
797 61
785 61
483 115
483 7
317 596
317 110
317 279
317 54
452 868
452 7
452 69
596 7
596 317
381 869
381 107
1140 618
446 60
446 61
734 870
551 262
1141 280
13 476
450 60
313 28
313 871
246 872
246 41
246 58
246 182
1142 716
1143 588
1143 873
151 69
16 56
16 874
16 875
16 496
16 876
240 0
222 169
1144 633
384 877
300 878
300 2
300 61
1145 705
378 120
679 879
