765 0
716 1
507 2
587 3
44 4
492 5
492 6
766 7
766 4
766 8
62 9
62 10
316 11
471 12
471 13
471 14
391 15
345 16
533 17
533 18
332 19
332 20
287 21
287 22
287 23
287 24
767 25
156 26
156 27
407 28
407 29
407 30
407 31
748 32
229 33
615 34
615 35
615 36
572 37
567 38
567 39
218 40
218 41
218 42
218 43
768 44
475 45
475 46
475 47
475 48
475 49
475 50
475 51
769 52
742 53
742 54
145 55
10 56
10 57
10 58
10 59
10 60
10 61
10 62
285 63
285 64
308 65
105 66
105 67
246 68
246 69
246 70
770 12
771 12
249 68
249 71
275 72
250 68
250 73
106 74
106 12
106 75
106 76
106 66
106 46
106 77
106 59
106 78
106 79
106 80
106 81
106 82
106 83
138 84
138 85
772 86
82 68
82 87
696 88
334 89
157 89
157 90
403 30
239 68
239 91
773 92
95 93
95 94
95 95
290 96
290 97
774 98
724 59
724 99
427 100
427 101
427 102
537 103
537 104
537 36
66 105
66 106
775 107
752 108
776 104
777 109
778 110
779 111
255 112
255 113
550 12
550 114
780 30
781 115
431 116
431 117
431 118
636 119
782 120
85 121
85 68
85 12
85 122
85 123
85 8
85 124
85 125
85 30
85 72
85 126
85 73
85 127
85 128
85 108
85 129
85 103
85 130
85 131
85 132
85 133
85 85
85 134
85 135
85 136
85 137
85 138
85 139
85 140
437 97
430 141
473 142
474 143
474 144
474 145
474 146
474 147
474 103
680 148
180 68
180 149
180 29
180 150
180 151
180 87
180 152
180 153
176 154
176 155
27 156
756 157
682 120
783 12
400 12
400 158
400 159
400 160
400 161
400 162
400 163
400 164
400 165
400 166
400 30
400 167
400 24
400 168
400 169
400 170
400 171
400 172
460 164
382 173
382 174
167 162
784 69
662 175
424 87
459 68
154 176
123 177
123 134
123 119
123 77
123 178
405 179
405 180
618 181
618 182
618 183
618 184
785 185
657 186
360 187
224 69
426 188
426 189
426 146
735 190
231 191
231 192
24 193
24 194
24 20
24 195
24 196
786 69
56 197
56 198
56 199
56 10
787 12
787 143
787 200
788 201
789 86
485 202
485 203
412 30
790 204
558 205
708 55
708 145
311 206
263 207
263 149
263 208
263 78
263 209
263 210
263 211
263 6
791 212
754 213
792 214
83 106
457 215
793 33
42 216
42 217
42 201
42 147
42 218
79 106
745 28
653 30
481 89
312 206
312 219
220 220
220 221
220 60
220 222
220 223
220 224
220 28
220 225
220 226
220 40
220 6
253 68
415 227
415 12
415 30
415 228
794 229
681 230
795 30
796 191
796 231
797 232
320 233
320 202
320 0
320 234
320 35
320 87
320 235
320 73
68 236
68 237
68 238
68 65
68 239
68 240
68 241
68 242
68 243
68 119
68 244
68 245
68 246
68 247
68 248
68 249
68 136
68 250
68 251
68 252
68 82
68 253
113 254
113 108
113 255
798 256
338 257
338 258
338 259
338 24
338 260
149 131
149 68
149 261
149 262
149 263
499 12
799 136
799 264
800 265
4 266
611 122
611 0
611 9
801 267
801 268
801 269
477 68
477 270
734 271
734 150
734 272
72 273
72 274
72 210
72 275
802 276
803 277
126 85
746 278
746 199
746 24
746 256
804 279
317 280
317 281
433 30
433 282
433 69
805 283
806 198
806 85
807 284
808 285
808 220
670 150
809 286
749 32
21 287
21 288
21 22
369 289
58 10
96 290
387 29
387 30
810 194
295 142
295 24
699 291
811 292
195 24
413 293
413 30
348 294
142 107
142 295
142 296
480 122
812 297
753 298
813 299
169 300
169 24
159 301
159 302
159 303
140 304
140 77
140 85
140 305
814 306
237 68
815 307
65 308
65 309
65 310
65 68
206 311
206 312
206 288
206 206
315 313
315 87
125 12
125 314
125 13
125 307
125 315
11 316
11 317
273 72
151 180
816 231
654 318
658 319
233 320
94 321
94 13
817 30
659 322
659 30
111 323
63 285
63 155
63 324
63 325
818 326
818 327
818 328
819 46
456 329
385 327
385 330
20 331
20 332
20 333
820 300
581 334
581 89
133 85
821 335
822 12
530 87
664 336
664 220
823 50
258 337
258 338
386 330
650 339
650 340
650 341
650 342
628 157
628 302
761 152
677 343
677 104
198 289
198 56
439 69
439 344
619 183
16 345
16 251
16 346
534 214
824 347
440 69
825 348
825 329
826 349
310 69
827 350
663 351
828 56
562 352
829 190
39 353
296 29
296 142
296 75
296 12
296 120
830 354
831 355
448 356
448 214
448 357
448 65
448 24
448 194
448 358
832 359
187 360
633 12
633 226
833 68
834 150
835 361
93 103
93 362
93 90
93 363
93 364
836 365
837 366
666 224
666 150
690 367
838 368
289 369
289 122
289 370
289 371
289 198
289 96
289 372
289 343
289 373
289 374
289 230
289 6
289 375
289 376
289 377
435 69
435 378
713 177
60 30
60 379
60 226
286 69
204 380
204 381
174 65
174 382
839 49
840 68
840 194
840 87
840 383
840 384
330 385
330 386
841 243
842 200
610 0
610 9
531 103
531 276
531 87
531 69
843 387
665 40
844 46
845 388
15 93
15 297
15 389
15 390
15 391
15 392
15 393
15 24
15 394
445 134
846 150
614 395
614 6
576 192
91 239
91 30
91 396
595 251
847 397
84 138
848 269
849 328
455 329
850 398
593 251
851 399
852 243
30 121
30 68
30 12
30 400
30 401
30 402
30 403
30 28
30 132
30 24
30 404
30 405
30 341
30 406
30 201
30 407
30 60
30 103
30 408
30 409
30 367
30 387
30 85
30 269
30 146
30 91
30 42
30 54
30 410
30 411
30 412
30 69
30 117
30 413
30 414
30 415
30 55
30 222
30 416
30 40
30 417
30 418
853 419
652 420
652 421
854 422
855 423
855 424
856 31
173 382
579 425
189 426
857 21
100 427
243 68
858 340
858 428
259 29
859 87
860 291
861 429
409 30
141 177
141 28
141 30
141 430
141 223
116 431
720 59
410 409
69 12
69 401
69 224
69 28
69 30
69 404
69 240
69 432
69 433
69 434
69 374
69 435
69 436
69 286
69 437
69 306
69 87
69 438
69 253
69 439
69 222
69 440
69 310
69 171
69 251
862 142
33 441
33 12
33 442
863 30
863 443
864 300
454 444
608 12
134 445
134 85
134 446
134 55
134 447
134 448
134 449
134 134
134 87
6 68
6 450
6 451
6 263
865 452
865 453
866 454
866 119
181 348
329 455
329 456
238 68
101 102
164 17
164 12
164 122
164 457
164 458
164 459
164 400
164 296
164 460
164 461
164 24
164 462
164 463
164 464
669 205
669 150
669 161
631 226
163 437
163 400
163 4
491 421
867 465
630 466
630 132
868 467
868 468
869 469
870 12
871 470
13 125
13 471
13 472
13 94
13 473
143 12
143 417
143 403
143 28
143 30
143 474
45 475
458 164
458 476
270 477
872 321
872 88
547 478
873 122
89 57
89 479
89 157
89 480
89 108
89 111
89 166
89 167
89 205
89 481
26 482
26 30
701 483
874 251
875 437
383 28
383 484
202 485
202 408
228 21
228 415
90 486
90 157
90 55
90 85
90 487
90 398
90 134
90 488
90 489
90 490
90 90
421 420
421 491
5 311
5 492
5 106
5 493
57 494
57 134
57 89
57 495
305 77
414 30
566 30
566 296
472 13
472 496
876 497
877 498
29 68
29 122
29 107
29 276
29 499
29 28
29 30
29 80
29 331
29 500
29 501
29 407
29 374
29 206
29 502
29 503
29 296
29 245
29 180
29 504
29 150
29 251
878 157
442 2
2 505
2 506
2 251
2 41
2 507
364 362
364 158
364 0
364 508
121 28
121 323
121 30
121 509
121 146
221 220
221 60
118 510
741 511
304 140
208 263
422 21
422 86
422 12
422 301
528 512
528 513
528 87
528 514
879 515
879 516
731 517
731 518
398 90
880 519
880 366
880 520
880 521
880 497
880 522
880 184
880 523
880 524
880 525
80 526
80 29
81 68
81 106
81 122
544 54
584 464
881 152
882 23
389 527
514 528
87 12
87 424
87 359
87 367
87 292
87 55
87 529
87 530
87 531
87 134
87 82
87 90
87 87
87 69
161 400
214 532
214 65
214 533
214 28
214 534
214 150
883 90
602 12
884 535
884 536
637 119
501 29
501 12
588 268
476 458
885 529
104 30
104 89
104 537
321 280
321 13
321 538
321 94
321 539
321 540
321 541
886 542
887 543
888 544
506 545
247 68
247 546
266 547
210 68
210 548
210 549
210 362
210 31
210 134
210 228
210 263
210 550
210 551
210 552
217 117
889 553
450 6
450 554
890 28
623 374
891 78
293 555
293 556
293 413
892 275
751 557
252 105
252 68
205 558
216 42
893 300
196 24
352 104
352 559
352 560
352 561
352 321
352 562
352 164
352 24
352 563
352 564
352 565
560 352
31 210
31 226
19 146
19 566
19 332
19 30
38 567
509 0
671 568
671 480
671 509
629 569
629 132
629 570
629 400
331 29
331 20
331 104
331 54
894 28
894 205
73 571
73 250
73 192
73 68
37 275
37 572
37 573
468 574
406 516
406 30
406 59
895 575
896 184
192 5
192 288
192 73
192 576
192 577
192 578
192 245
192 295
192 87
192 378
897 437
333 20
898 157
425 579
899 580
900 581
269 300
269 75
269 582
269 328
269 583
269 30
269 24
269 374
901 42
902 584
627 302
327 211
327 385
327 32
327 405
903 13
462 164
74 106
299 111
371 289
371 558
371 585
371 439
904 586
268 587
268 588
268 589
612 190
612 158
905 0
906 590
274 72
417 143
417 253
417 30
417 591
417 592
251 68
251 593
251 594
251 29
251 595
251 16
251 2
251 152
251 596
907 597
12 598
12 65
12 367
12 499
12 137
12 30
12 599
12 471
12 143
12 600
12 601
12 602
12 603
12 604
12 286
12 53
12 120
12 10
12 605
12 606
12 87
12 69
12 33
12 520
12 607
12 400
12 163
12 328
12 106
12 608
12 274
12 609
122 289
122 610
122 164
122 81
122 611
158 612
158 544
337 258
77 140
77 251
77 596
908 613
909 150
395 614
395 615
395 616
22 21
482 26
910 301
193 24
911 150
911 12
362 191
362 590
362 210
362 364
362 617
510 68
510 118
183 618
183 263
183 619
183 265
432 69
757 12
757 30
757 620
172 400
128 621
128 355
128 85
912 622
374 623
374 624
374 276
374 328
374 446
374 621
374 69
913 287
302 625
302 626
302 627
302 628
131 115
132 629
132 46
132 85
132 222
132 30
132 630
226 301
226 220
226 221
226 307
226 31
226 631
226 60
226 632
226 633
226 634
9 610
9 62
9 611
914 206
915 68
916 107
119 635
119 68
119 141
119 636
119 42
119 637
119 30
119 638
119 474
119 123
146 121
146 19
146 30
678 369
678 639
232 640
232 8
232 641
232 642
232 29
232 643
232 87
648 384
917 267
918 392
404 644
404 30
404 69
919 12
589 268
920 645
438 69
921 352
137 85
222 30
376 289
225 646
225 434
225 220
225 73
236 68
922 582
922 647
129 206
129 85
392 15
392 120
923 232
147 474
147 42
924 12
170 400
384 648
384 196
925 552
926 417
127 3
127 87
127 649
341 30
341 650
341 10
388 200
705 316
705 276
705 651
452 523
927 29
553 28
420 652
420 421
928 313
408 653
155 63
155 176
88 654
303 655
303 301
303 656
186 657
186 24
227 415
46 594
46 475
46 106
46 601
46 47
679 639
929 39
166 89
166 400
245 68
245 30
323 111
719 621
684 39
17 18
548 210
301 422
301 303
301 226
319 658
609 12
609 659
470 28
470 660
470 661
340 650
175 662
175 0
40 141
40 663
40 30
40 218
40 664
40 665
150 316
150 0
150 666
150 667
150 668
150 669
150 29
150 612
150 28
150 107
150 139
150 670
150 87
150 157
150 671
150 672
930 673
931 674
932 675
932 676
624 529
624 288
466 630
322 659
322 55
933 63
934 677
700 291
935 506
639 678
639 679
148 11
148 680
148 24
241 68
601 12
601 46
434 69
646 88
646 434
646 69
936 119
78 106
3 373
230 681
436 69
937 670
120 682
938 587
683 683
939 87
939 684
234 320
543 328
940 169
97 612
97 290
97 437
667 150
396 91
200 291
200 388
941 441
942 303
942 685
171 400
171 69
943 686
944 164
945 687
75 688
8 489
668 689
668 150
367 12
367 690
367 87
451 6
182 163
946 364
489 90
947 46
599 12
505 2
288 21
288 691
288 624
288 692
288 77
288 206
288 693
288 694
288 192
288 306
288 695
288 6
288 671
342 650
0 686
0 95
0 611
25 524
318 696
643 232
717 697
626 302
626 41
280 698
511 68
291 699
291 200
291 700
641 642
539 321
483 701
647 683
647 702
948 703
949 88
950 704
552 12
248 68
248 55
294 618
651 705
951 706
55 68
55 322
55 77
55 707
55 266
55 708
55 575
55 134
55 87
446 494
446 374
201 40
952 89
463 164
953 373
660 470
954 709
71 12
71 251
54 68
54 710
54 220
54 711
54 331
54 77
54 712
54 713
54 441
54 87
401 714
401 30
401 69
1 66
1 715
1 716
955 128
697 717
718 718
718 69
621 374
621 719
621 210
313 87
313 315
503 587
59 720
59 220
59 721
59 722
59 406
59 106
59 723
59 724
365 689
556 725
617 362
115 131
115 103
956 697
956 726
112 255
380 204
957 63
957 178
707 55
594 46
594 727
594 87
594 251
488 90
136 728
335 68
335 110
375 289
375 85
958 729
958 730
117 431
117 30
518 731
959 732
178 733
178 123
523 452
307 28
307 29
271 734
190 735
960 736
960 737
135 53
135 306
135 738
961 739
99 724
555 740
532 741
53 135
53 12
53 742
107 743
962 744
963 204
963 491
28 697
28 470
28 587
28 745
28 29
28 30
28 407
28 553
28 150
328 543
328 68
328 374
328 69
328 671
256 746
964 93
541 321
965 87
966 747
32 748
32 749
32 327
484 383
600 68
600 12
600 24
265 371
504 29
967 317
968 750
103 362
103 537
103 118
103 206
103 387
103 242
103 85
103 30
103 150
165 400
18 17
540 698
540 302
686 0
557 751
557 7
557 54
108 104
108 752
969 89
969 120
298 753
605 12
490 291
490 90
490 434
213 754
970 218
971 755
972 756
620 757
620 758
620 759
711 54
973 760
974 560
152 238
152 506
152 761
152 527
152 762
508 763
508 364
975 764
723 29
723 59
976 13
977 736
