1132 0
1132 1
246 2
246 3
246 4
246 5
246 0
246 6
246 7
246 8
246 9
246 10
246 11
918 12
306 13
306 14
306 15
306 16
306 17
1029 18
1000 19
672 11
672 20
789 21
856 22
856 23
1133 24
1134 25
407 26
147 27
147 28
147 17
147 29
147 30
147 31
558 32
558 33
558 34
558 35
558 36
558 37
558 38
1135 39
43 40
43 41
43 42
43 9
43 43
43 44
855 13
1136 45
675 46
675 11
225 47
842 48
167 49
167 50
1113 51
1137 52
664 53
664 54
664 55
664 49
664 56
664 57
664 58
187 59
187 60
805 61
1138 11
1138 62
136 63
136 64
136 65
136 66
136 67
136 68
136 69
136 70
136 71
136 72
136 73
136 74
136 75
136 76
136 77
136 49
136 78
136 79
136 80
136 81
71 82
71 83
71 84
71 85
71 86
71 87
71 88
71 89
71 90
71 91
71 92
71 93
71 94
71 95
71 96
71 97
71 43
71 98
71 99
71 24
71 100
71 101
71 102
71 103
71 104
71 105
71 71
71 106
71 107
71 108
71 109
71 110
71 111
71 112
71 48
71 113
71 114
71 115
71 116
71 117
71 118
71 119
71 67
71 120
71 121
71 122
71 123
71 28
71 124
71 58
446 125
1139 126
1139 127
129 128
129 129
1140 130
1140 131
1141 132
1142 133
44 43
44 49
49 14
49 120
49 134
49 135
49 70
49 136
49 137
49 138
49 89
49 139
49 140
49 141
49 142
49 143
49 144
49 145
49 146
49 147
49 148
49 149
49 150
49 151
49 98
49 152
49 153
49 154
49 155
49 24
49 156
49 104
49 157
49 158
49 159
49 160
49 107
49 161
49 162
49 163
49 66
49 164
49 165
49 166
49 167
49 168
49 169
49 170
49 59
49 133
49 171
49 172
49 173
49 174
49 175
49 176
49 177
49 178
49 179
49 180
49 58
1143 181
1143 182
1144 57
882 50
665 57
1067 183
652 184
59 185
59 186
59 35
59 187
59 188
59 189
59 190
59 56
59 191
59 192
59 193
59 149
59 194
59 195
59 24
59 196
59 197
59 198
59 71
59 199
59 107
59 108
59 200
59 201
59 49
59 84
59 57
59 202
59 203
59 204
59 205
59 206
59 11
59 172
59 207
59 208
59 58
1145 209
894 210
574 211
122 71
122 77
462 35
462 212
462 213
519 214
519 215
519 216
519 217
30 218
30 147
30 37
30 219
30 120
979 58
1146 220
1147 221
1147 222
1148 223
1148 224
47 225
630 226
630 227
630 228
630 229
630 59
630 230
630 231
630 232
630 233
630 234
630 235
630 218
630 236
630 237
630 238
630 239
630 240
630 241
630 242
630 18
630 243
680 75
680 11
680 67
775 188
5 244
5 0
5 245
5 246
70 247
70 248
70 249
70 250
70 251
70 71
70 252
70 253
70 254
70 255
70 66
70 49
70 57
70 256
70 58
31 246
31 257
31 258
31 147
31 259
31 17
31 107
31 260
31 66
31 49
31 261
31 262
731 50
1080 23
1034 263
374 264
374 265
660 261
660 266
1049 267
1049 66
1049 268
1149 89
879 259
102 269
102 148
102 270
102 271
102 71
102 24
102 218
102 272
102 89
102 273
1150 274
191 8
191 65
191 275
191 276
191 59
191 277
191 278
1151 279
1152 154
1083 280
165 49
623 11
623 281
623 282
692 283
288 284
288 233
288 35
288 11
288 188
288 285
288 286
288 287
288 288
288 289
288 58
1153 89
737 290
710 291
710 292
1154 293
101 71
101 294
832 295
832 296
832 297
832 298
832 299
832 300
832 301
832 302
832 303
1155 102
1155 304
258 305
258 265
258 31
17 63
17 66
17 306
17 307
17 285
17 89
17 31
17 281
17 308
17 4
17 270
17 193
17 147
17 309
17 310
17 62
17 311
17 312
17 303
17 313
17 314
17 315
17 6
17 261
17 13
17 316
17 128
17 317
17 318
17 57
17 256
17 319
17 320
17 321
17 322
17 11
17 176
17 323
17 324
17 325
17 326
17 327
17 328
17 80
17 58
798 297
798 157
798 166
798 329
798 330
798 331
798 332
1156 333
1157 334
1158 181
656 335
1159 233
868 336
868 70
1160 337
1160 338
319 339
319 11
319 188
319 17
319 89
319 215
319 340
320 341
320 17
320 281
320 342
321 17
321 57
205 59
205 299
205 343
1161 344
120 345
120 346
120 175
120 347
120 215
120 348
120 71
120 349
120 350
120 188
120 140
120 351
120 352
120 265
120 353
120 159
120 49
120 354
120 355
1162 56
742 356
742 357
742 358
742 359
1163 360
686 281
959 361
969 323
1164 362
1164 363
1164 364
1164 365
366 366
1165 367
946 368
1166 271
495 133
674 11
787 56
981 58
570 220
996 369
1167 370
160 49
160 18
160 66
639 371
639 359
639 66
639 107
639 372
138 49
456 373
456 364
604 102
265 264
265 258
265 70
265 120
265 374
265 46
265 375
353 376
353 377
1168 378
1168 379
688 11
689 303
689 259
689 11
431 380
1169 381
1014 382
308 383
308 384
308 385
308 386
308 28
308 387
569 192
264 388
264 248
264 389
264 390
264 391
264 392
264 265
264 393
264 394
264 395
264 396
264 227
264 397
264 398
264 118
264 399
264 400
264 401
264 402
264 16
264 173
264 403
554 404
554 11
554 405
522 218
1020 80
1170 206
1170 59
1170 133
1171 406
690 11
1172 407
1172 136
434 408
434 409
434 410
1173 89
74 281
1174 411
196 11
196 412
196 66
1175 413
943 368
103 71
533 414
533 415
533 416
533 417
533 418
929 89
929 364
929 66
472 419
1176 386
181 25
181 420
1060 53
854 13
822 421
274 422
274 249
1177 13
1042 423
934 424
1178 35
1178 11
571 35
571 425
571 281
571 107
571 327
590 426
590 427
250 140
250 49
250 428
250 58
1179 429
380 430
380 11
380 431
380 273
823 432
852 13
1180 433
865 107
286 288
409 434
1181 435
754 436
754 408
754 367
754 336
754 99
754 382
754 49
754 51
328 437
328 363
328 438
328 439
1070 170
27 56
27 298
27 206
27 147
27 440
27 441
27 86
27 442
27 331
850 13
1028 28
1182 443
972 444
125 445
125 446
125 347
125 248
227 447
227 35
227 57
227 448
227 264
172 59
172 70
172 49
172 402
506 171
870 449
870 450
700 303
700 11
513 451
513 452
513 453
1077 454
1077 455
1077 31
1183 17
786 56
1184 456
1185 457
294 101
150 458
150 5
150 459
150 34
106 71
433 214
433 460
433 461
422 274
213 462
343 59
343 49
343 205
1036 463
738 150
738 464
583 465
583 466
583 86
583 467
583 468
583 469
583 140
583 470
583 471
583 57
583 180
419 472
419 473
6 246
6 17
339 474
339 89
928 419
928 364
158 475
158 476
158 477
158 170
158 478
703 11
831 479
831 328
1186 480
1186 481
677 11
1187 35
790 482
961 379
880 483
880 460
880 484
678 11
718 134
718 187
718 212
718 288
718 485
718 58
269 11
269 486
269 102
269 487
245 488
543 254
543 107
1101 170
206 489
206 11
206 59
206 490
206 491
206 57
206 58
133 297
133 492
133 493
133 494
133 495
133 433
133 496
133 497
133 195
133 57
133 243
627 247
627 498
627 499
627 67
627 147
627 11
627 13
627 22
627 107
627 500
627 501
627 502
627 503
627 504
627 505
627 24
627 58
171 506
171 59
171 11
171 107
171 108
171 507
171 36
171 58
448 227
448 508
730 509
730 510
730 358
809 27
809 193
483 197
483 190
304 363
354 511
451 444
451 231
451 410
451 512
451 513
451 79
992 299
992 514
1188 215
923 515
1189 516
1189 517
1189 288
729 518
1190 410
216 519
1191 19
1191 520
218 521
218 522
218 30
218 102
863 451
1041 523
1041 487
811 67
986 58
1192 524
1193 456
262 525
907 62
907 526
525 527
525 262
1078 528
1078 529
137 49
1194 233
632 530
632 166
632 268
632 531
970 323
1195 259
1195 304
512 532
512 17
512 264
414 533
414 49
98 49
98 71
98 534
764 166
99 535
99 11
99 71
99 13
99 536
99 174
99 537
99 510
99 57
352 120
904 272
904 538
312 11
312 158
312 539
1196 540
198 59
198 408
1130 280
199 59
199 376
199 541
1197 542
254 70
254 543
989 544
1032 545
720 546
720 547
720 548
679 11
679 15
679 549
168 13
168 281
168 421
1198 550
1198 551
277 552
599 553
273 380
404 554
404 555
404 107
428 59
34 556
34 557
34 558
0 35
0 5
0 553
807 35
807 559
807 560
807 58
154 218
154 49
154 88
154 561
821 37
821 421
1199 562
1199 563
1200 564
1201 563
1202 565
1203 566
1204 35
1205 407
1205 567
207 59
207 568
327 569
327 570
327 405
327 571
327 188
327 17
327 421
327 86
327 572
327 66
327 220
51 49
51 573
51 574
1206 502
615 109
788 575
788 576
788 11
1207 577
1208 62
799 303
799 578
799 579
799 6
1209 580
1209 581
341 320
159 582
159 120
397 264
140 546
140 250
140 583
140 270
140 11
140 584
140 30
140 366
140 180
585 66
144 293
144 17
144 367
144 140
144 49
144 585
505 35
505 586
1051 30
1051 215
1051 66
637 89
838 587
838 588
1033 263
1069 589
427 590
427 39
427 591
427 58
1210 363
1210 157
1210 592
711 593
711 594
711 291
219 30
219 595
219 596
933 318
1211 58
260 597
260 376
260 199
260 598
152 227
553 299
553 133
553 599
722 600
953 268
220 570
220 453
220 601
220 11
220 174
220 602
905 447
905 603
905 604
905 605
905 308
755 181
1212 493
1213 510
1214 433
42 244
42 71
42 606
42 43
42 0
42 120
42 607
42 17
42 608
42 456
42 609
42 330
42 610
1215 27
1216 611
271 612
271 613
271 614
271 205
1217 515
1218 515
109 71
109 615
109 24
109 427
563 616
967 166
967 261
967 338
967 349
1086 23
667 11
667 456
667 281
667 28
669 617
669 618
669 619
1219 71
1220 107
1221 620
1222 11
1222 89
875 322
875 620
383 308
841 342
851 13
851 66
1116 191
960 66
960 246
960 621
960 622
282 623
803 61
1223 59
1224 128
778 456
778 624
1225 11
866 625
866 107
866 347
1226 35
1227 626
501 627
318 188
318 628
318 629
231 630
231 451
231 23
1228 49
26 460
712 112
166 631
166 486
166 632
166 633
726 634
89 635
89 52
89 636
89 339
89 11
89 71
89 86
89 102
89 66
89 401
89 49
89 637
89 57
89 268
89 498
124 82
124 71
124 117
124 171
124 84
378 384
378 638
829 4
829 125
371 639
143 147
143 640
143 641
143 49
1229 174
1230 333
1044 608
270 297
270 322
270 642
270 514
270 361
270 643
270 102
768 313
768 174
768 80
768 50
1231 89
35 2
35 644
35 288
35 102
35 57
35 645
35 215
35 646
35 11
35 558
35 188
35 647
35 639
35 59
35 66
35 28
35 626
35 56
35 505
35 648
35 58
507 649
507 79
507 171
808 650
1232 651
184 652
184 628
184 316
861 544
861 248
861 297
861 653
861 654
861 107
861 399
861 159
861 655
249 70
335 656
335 88
314 17
315 657
315 17
956 50
620 658
261 659
261 660
261 11
261 661
79 451
79 401
79 507
79 515
79 136
458 662
1233 11
490 663
490 490
1234 251
612 613
57 664
57 665
57 321
57 170
57 28
57 666
57 70
57 667
57 206
57 668
57 59
57 490
57 89
57 265
57 99
57 24
57 92
1235 58
617 669
617 670
617 614
976 671
1236 247
1237 360
11 246
11 39
11 188
11 672
11 59
11 673
11 674
11 56
11 148
11 675
11 312
11 226
11 676
11 677
11 678
11 457
11 679
11 273
11 665
11 583
11 574
11 462
11 30
11 680
11 681
11 35
11 140
11 682
11 489
11 257
11 683
11 623
11 545
11 342
11 102
11 684
11 13
11 17
11 668
11 685
11 538
11 319
11 613
11 686
11 687
11 558
11 591
11 493
11 639
11 89
11 688
11 689
11 658
11 556
11 554
11 690
11 691
11 149
11 334
11 183
11 196
11 566
11 692
11 693
11 694
11 695
11 57
11 696
11 380
11 11
11 697
11 15
11 456
11 698
11 699
11 700
11 281
11 701
11 145
11 347
11 193
11 24
11 268
11 702
11 408
11 28
11 158
11 703
11 704
11 66
11 269
11 486
11 171
11 174
11 705
11 619
11 58
360 706
1238 707
1239 708
291 709
291 95
291 710
291 711
112 712
1088 35
180 546
180 583
180 713
180 714
180 715
180 401
180 716
858 107
14 717
14 49
14 718
1240 347
982 58
548 719
548 720
548 721
600 544
600 226
600 261
600 722
1241 723
1242 247
1243 360
1244 724
634 725
634 726
634 727
1129 728
190 59
190 483
1245 619
518 367
518 729
518 730
91 414
91 71
91 731
91 28
1246 732
50 482
50 728
50 733
50 734
50 107
50 735
50 410
50 736
1247 737
1247 573
649 507
1248 49
581 738
193 290
193 739
193 17
193 66
582 159
582 281
921 338
921 740
441 27
441 483
10 741
10 246
358 742
194 59
233 288
37 493
37 504
37 30
37 743
37 744
1249 745
1249 746
1249 332
24 747
24 102
24 11
24 71
24 107
24 59
24 66
24 748
24 57
889 363
100 71
702 749
702 11
702 750
702 751
702 574
702 545
702 211
702 663
702 752
1250 181
81 136
539 753
539 312
408 11
408 198
408 754
1019 546
1131 755
1251 376
1252 157
1252 756
715 757
715 180
329 347
329 600
329 758
329 759
329 760
329 56
1253 72
510 761
510 539
999 396
648 35
648 49
648 31
648 58
601 220
628 130
628 184
628 762
111 123
1094 763
486 269
486 613
486 764
459 150
511 248
511 765
511 107
511 367
511 66
511 354
174 745
174 55
174 766
174 11
174 767
174 768
174 89
174 769
174 566
174 99
174 401
174 46
174 49
695 13
251 597
705 298
705 493
705 11
705 18
705 89
705 57
333 770
333 564
333 248
662 458
662 401
662 771
63 226
63 136
63 17
1016 772
709 711
497 773
188 544
188 774
188 775
188 35
188 120
188 59
188 318
188 776
188 342
188 777
188 319
624 778
624 779
1254 322
1254 11
1255 780
88 154
88 543
1256 66
915 781
915 782
915 783
915 464
915 784
915 49
359 742
359 785
359 639
1257 227
785 62
56 27
56 786
56 787
56 35
56 788
56 11
56 133
56 59
56 109
56 613
56 178
1258 11
847 410
626 32
626 35
21 789
482 277
482 374
482 790
1040 487
146 791
146 49
7 515
7 246
7 607
7 792
7 209
7 66
7 215
902 793
902 794
1259 223
1260 587
1261 39
869 23
1262 795
958 361
958 338
1119 796
820 173
820 797
1263 798
1264 799
1265 375
197 483
197 800
1266 49
1267 45
1267 80
676 11
676 647
1268 801
844 802
844 767
1269 803
1269 239
762 804
61 803
61 805
663 702
663 49
663 490
560 493
560 806
560 807
560 13
650 808
650 616
1270 655
1071 484
1112 809
1112 97
1112 113
1271 59
1271 504
975 15
975 810
67 251
67 627
67 811
67 347
67 58
825 149
825 812
1272 813
900 740
1273 718
890 18
1274 351
1275 791
209 454
326 17
504 814
504 22
504 815
1276 367
80 438
1277 816
1278 253
1278 233
644 35
644 32
644 149
966 349
1279 817
1280 818
440 107
440 819
440 347
440 58
926 820
926 51
1281 735
616 563
616 650
421 821
421 327
421 168
421 822
421 72
917 363
717 14
432 823
432 182
36 558
139 338
139 89
893 493
893 455
155 49
155 824
155 825
682 826
682 827
682 11
682 828
93 71
4 40
4 829
4 830
765 511
765 483
142 49
346 120
298 831
298 832
298 622
298 705
1282 177
725 634
725 281
338 514
338 11
338 178
338 833
338 834
473 31
1085 23
1283 835
1284 51
911 62
1012 622
1128 414
1128 836
1128 837
1128 423
985 58
587 838
587 839
342 509
342 320
342 297
342 840
342 841
342 17
342 842
342 776
342 843
802 844
802 767
1 546
1 509
1 127
1 193
1 28
1 195
1 845
885 846
1126 120
1126 847
1126 848
1126 849
684 11
732 363
732 89
13 850
13 1
13 571
13 12
13 851
13 259
13 13
13 852
13 853
13 695
13 854
13 855
13 99
13 66
13 856
13 857
13 11
13 180
107 858
107 814
107 454
107 70
107 307
107 59
107 88
107 859
107 31
107 404
107 144
107 281
107 297
107 347
107 511
107 97
107 259
107 860
107 861
107 862
107 1
107 24
107 261
107 71
107 813
107 49
107 53
107 543
107 863
107 440
107 171
107 864
107 865
107 280
107 866
107 58
668 570
668 11
668 867
668 57
336 868
336 754
1285 869
317 17
1286 181
977 846
977 28
1287 56
1287 727
450 870
1288 868
474 89
1057 433
613 612
613 871
613 56
613 566
453 220
1289 182
1289 91
1290 735
322 872
322 683
322 17
322 873
322 874
322 875
322 58
178 49
178 56
176 49
176 715
176 17
259 56
259 613
259 659
259 494
259 876
259 31
259 13
259 107
259 877
259 147
259 878
259 689
259 879
1291 375
460 880
460 433
645 204
645 366
1292 56
1293 881
305 258
151 49
1294 59
1294 280
1294 139
1295 91
1296 227
1121 226
1121 583
1121 773
1297 509
363 882
363 618
363 883
363 884
363 885
363 261
363 886
363 107
363 703
363 887
363 89
363 338
363 732
363 484
363 241
363 888
363 889
363 58
591 11
591 464
591 338
591 427
591 727
655 890
1298 891
493 569
493 883
493 151
493 658
493 892
493 893
493 37
493 79
493 49
493 560
1299 253
618 363
210 894
84 59
1300 35
1301 895
1302 896
1303 49
978 35
978 897
978 148
978 898
899 899
740 524
740 900
740 323
740 901
793 902
1124 4
1124 886
1124 377
687 11
687 170
1304 903
538 11
538 272
538 13
538 904
538 163
334 905
334 49
334 906
334 370
130 628
130 693
62 907
62 908
62 909
62 290
62 17
62 703
62 910
62 911
62 785
62 355
62 912
1003 913
834 659
834 338
834 914
784 915
195 59
195 133
195 1
195 226
344 23
344 916
1305 35
1305 303
1305 917
757 715
1306 918
1306 769
275 32
275 11
275 18
275 364
1307 274
659 261
659 919
659 914
659 834
871 613
1308 24
157 798
157 49
157 66
157 308
713 180
751 18
751 326
1043 846
1043 91
108 71
108 189
108 171
1309 920
401 264
401 170
401 921
401 174
401 180
401 922
401 727
401 662
401 311
515 248
515 245
515 547
515 7
515 923
515 924
515 597
515 79
515 866
1027 95
32 136
1310 730
1038 815
1038 925
86 27
86 546
86 926
86 583
86 71
86 327
405 327
1311 399
364 927
364 928
364 259
364 929
364 212
364 930
364 931
1312 188
575 788
949 309
1313 420
1314 932
914 659
914 834
697 373
1315 264
15 186
15 933
15 265
1316 423
424 682
424 934
424 66
995 935
886 379
1317 936
1318 937
819 440
971 323
1319 288
753 938
753 539
1320 569
211 574
610 939
610 940
141 49
141 456
527 525
527 941
527 187
527 440
527 421
527 59
527 89
527 66
527 215
527 58
888 363
1321 280
368 303
368 942
368 943
368 12
368 944
368 945
368 946
833 947
833 133
747 130
747 948
747 71
747 107
3 798
145 303
145 11
145 49
145 107
564 58
38 558
309 232
309 949
309 627
376 260
376 199
376 353
1322 15
1323 35
373 697
373 456
373 950
860 107
1324 951
118 264
268 952
268 11
268 338
268 632
268 89
268 953
268 361
1325 318
345 120
1326 954
595 219
922 250
922 955
1327 956
919 659
1328 957
783 915
361 958
361 270
361 268
361 959
873 322
873 248
1329 960
1329 621
77 122
379 961
379 886
379 962
379 95
963 963
1330 71
1330 964
403 735
403 23
204 59
204 11
204 965
204 57
204 58
119 261
1331 188
349 120
349 433
349 966
349 628
349 967
1332 968
323 969
323 56
323 970
323 971
1008 972
1008 30
1008 973
892 493
892 974
892 35
892 713
892 335
810 149
810 975
28 976
28 977
28 817
28 11
28 559
28 667
28 147
28 49
28 57
1333 329
707 978
217 519
58 630
58 979
58 980
58 981
58 35
58 440
58 70
58 59
58 982
58 191
58 983
58 347
58 984
58 260
58 288
58 602
58 37
58 985
58 664
58 427
58 105
58 17
58 107
58 66
58 986
58 49
58 718
58 987
58 250
58 665
58 527
58 67
58 322
58 988
58 11
58 807
58 627
58 171
58 206
58 564
58 124
58 204
544 797
544 188
544 600
544 399
544 989
544 861
16 990
1334 460
653 747
1335 58
299 991
299 205
299 553
299 59
299 484
299 992
792 7
792 792
792 107
1115 993
1115 906
1115 385
189 108
189 59
29 50
1092 994
1336 443
935 995
1337 916
54 664
241 630
241 62
1338 598
192 569
192 56
192 24
369 996
148 907
148 102
148 306
148 997
148 188
148 998
148 107
148 999
148 200
148 737
148 418
148 49
526 907
526 127
1001 184
1339 88
19 1000
19 312
1340 513
76 136
76 859
727 11
727 56
727 376
909 62
909 912
1341 1001
411 711
1342 540
426 590
426 46
426 62
438 80
226 75
226 494
226 11
226 600
226 574
1343 1002
508 281
508 448
1344 13
913 1003
1059 1004
1059 51
1345 18
161 82
161 49
161 1005
128 17
1346 58
1346 28
625 866
651 630
330 798
201 59
735 50
464 738
464 1006
464 361
464 215
987 58
2 35
2 1007
2 51
2 246
2 183
1347 49
973 1008
622 1009
622 275
622 1010
622 298
622 960
622 1011
622 1012
622 49
622 1013
1348 886
12 368
1349 1014
1350 1015
772 1016
772 1017
568 207
1351 28
514 992
494 259
494 56
85 71
243 133
546 1
546 1018
546 18
546 86
546 140
546 56
546 1019
546 180
1105 74
1352 59
1352 11
1352 107
1353 140
884 35
884 11
876 259
876 1020
952 268
1123 384
1079 403
910 62
1354 1021
301 832
572 327
1355 1022
864 107
864 744
614 617
614 271
647 676
647 35
647 1023
647 66
647 49
647 1024
1025 1025
1025 66
1035 303
1035 18
41 43
1356 32
1356 1026
1356 627
257 370
771 662
95 1027
95 379
95 411
817 1028
817 183
683 11
18 275
18 170
18 582
18 1029
18 160
18 1030
18 18
18 281
1357 1031
545 1032
1066 509
272 538
272 102
272 904
1358 768
941 527
263 1033
263 1034
950 373
355 120
355 62
355 912
22 827
22 627
22 948
303 1035
303 226
303 368
303 799
303 672
303 66
303 727
303 700
303 56
463 1036
551 368
551 370
1359 638
1360 1037
1360 668
1360 636
925 1038
774 1039
774 188
774 57
1361 367
293 91
293 144
815 384
1074 215
399 861
530 632
530 18
1068 157
1362 886
487 1040
487 1041
777 188
256 70
247 147
883 907
444 451
444 972
444 410
1363 951
423 1042
562 75
846 1043
561 154
1364 476
849 804
608 1044
1047 1045
123 111
1365 49
593 70
724 682
724 1046
1045 1047
1045 30
1366 583
1367 303
962 379
1120 156
248 511
248 125
248 336
248 333
248 89
248 361
1368 1048
66 136
66 160
66 639
66 974
66 89
66 31
66 1049
66 523
66 1025
66 516
66 437
66 7
66 631
66 1050
66 1051
66 24
66 635
66 157
66 13
66 17
66 1052
66 960
66 1053
66 1054
66 49
66 215
66 250
66 647
66 527
66 170
66 851
66 11
66 173
66 327
66 1055
66 58
770 333
932 354
467 583
467 473
1046 724
529 248
529 49
307 17
307 107
939 42
696 11
696 1056
1369 434
1097 699
461 1057
244 5
331 27
331 798
331 187
1370 408
578 799
502 627
1371 1058
559 28
1004 1059
767 174
767 844
691 11
149 702
149 644
149 825
149 788
149 11
149 59
149 810
372 569
372 639
1372 322
1372 456
53 1060
351 120
1373 1061
1374 323
1117 1062
557 34
555 404
555 1063
1375 308
1376 515
1095 579
1095 280
509 1064
509 297
509 1065
509 1066
509 694
509 62
509 49
509 730
509 342
635 11
635 89
635 66
183 220
183 1067
1377 35
1377 86
1377 750
1377 441
636 291
636 89
105 540
105 59
105 105
105 1068
105 84
1378 855
830 23
589 1069
589 1070
693 11
484 299
484 1048
484 89
484 1071
484 880
484 51
1107 420
658 493
658 11
658 49
117 71
813 1072
813 107
602 215
602 220
602 246
602 58
173 820
173 66
410 451
410 50
410 847
584 140
215 1073
215 644
215 527
215 35
215 1074
215 120
215 464
215 1052
215 519
215 66
215 1075
215 401
215 602
215 1076
215 1051
402 172
1098 699
40 4
40 1077
40 43
528 1078
556 11
1379 600
603 905
1380 209
1380 58
1381 79
23 248
23 231
23 1079
23 1080
23 856
23 281
23 1081
23 1082
23 1083
23 937
23 1084
23 869
23 344
23 259
23 1085
23 830
23 1086
23 669
23 49
23 1087
23 23
23 403
23 1088
1382 75
1382 1089
1383 1090
1384 253
132 1091
132 1067
706 360
566 646
566 174
325 799
806 560
994 1092
994 1093
633 35
763 1094
1055 66
579 1095
579 280
579 799
980 58
1385 53
1385 1096
8 191
8 246
83 83
733 50
72 383
699 1097
699 1098
496 773
496 1099
804 849
1386 817
1387 1100
857 13
170 738
170 1101
170 290
170 271
170 158
170 57
170 30
170 66
170 401
170 49
170 687
170 1070
281 363
281 70
281 1102
281 140
281 1103
281 281
281 725
281 18
281 1104
281 74
281 24
281 1105
281 948
281 686
281 17
281 107
281 667
281 215
281 571
281 628
281 1106
281 11
281 23
281 508
281 1088
1013 622
420 1107
420 191
701 11
701 380
1388 161
1388 170
1389 1108
1389 147
1389 1109
1389 853
1389 1110
1389 1111
1390 11
347 964
347 67
347 11
347 120
347 440
347 18
347 107
347 59
347 1102
347 748
347 1076
347 125
347 985
347 268
347 58
75 136
646 35
646 566
824 155
97 1112
97 11
97 71
97 1113
97 97
9 89
385 1114
385 707
385 384
385 1115
214 1116
214 433
1062 1117
983 1118
983 605
983 58
796 1119
796 31
776 11
776 342
641 143
845 1
185 59
454 209
454 7
156 1120
156 49
468 546
468 638
175 120
452 513
104 49
104 71
104 338
104 139
745 35
745 174
1039 504
1039 774
475 170
386 157
797 820
773 401
773 1121
773 496
773 1025
773 497
297 1122
297 472
297 107
135 49
164 89
46 174
46 426
1391 493
1391 4
114 71
114 1123
931 364
115 71
229 630
1392 342
1393 354
752 140
752 58
48 71
48 842
48 464
1072 813
1072 107
377 1124
377 49
377 1125
377 353
1394 205
596 219
1395 1079
1396 4
848 1126
1397 1127
212 35
212 212
836 1128
744 798
744 37
744 1129
744 864
96 71
619 130
619 312
208 59
280 579
280 1130
60 1131
60 187
