354 0
354 1
405 2
405 3
405 4
405 5
405 6
810 7
810 8
671 9
659 10
659 11
659 12
146 13
146 10
146 14
146 15
146 16
146 17
146 18
847 19
848 20
545 21
171 22
171 23
171 3
171 24
171 25
171 26
171 27
223 28
223 29
453 11
453 30
453 31
453 32
453 33
453 20
406 34
463 30
687 35
307 36
307 37
402 38
402 30
402 39
470 40
470 41
470 42
470 43
470 44
632 45
632 39
632 46
632 47
849 48
850 49
63 50
63 51
63 52
63 53
63 54
63 16
63 43
63 55
63 56
63 57
63 58
851 20
183 59
183 60
183 61
183 24
183 62
183 63
183 64
183 20
183 65
183 54
183 23
183 66
183 67
183 68
183 69
183 70
183 71
183 39
183 72
183 73
183 74
183 75
183 76
227 77
227 43
227 78
227 79
126 80
126 81
126 65
126 82
126 83
126 79
126 84
126 85
126 20
126 86
852 87
96 88
96 89
96 60
96 90
96 43
96 62
96 33
96 56
96 91
96 21
96 92
96 93
96 94
96 95
96 96
96 97
96 98
96 99
96 100
96 101
96 102
96 103
96 42
96 39
96 51
96 12
96 31
96 73
96 104
96 105
853 106
189 23
756 78
199 107
199 108
199 33
455 109
455 110
455 12
455 30
455 111
455 112
321 16
321 113
321 114
854 115
117 13
117 10
117 88
117 116
117 69
117 14
117 117
117 17
117 118
117 119
117 25
117 46
117 106
117 120
71 121
71 22
71 122
71 123
83 124
83 125
83 126
83 127
855 39
856 128
857 3
857 77
119 10
119 22
119 129
119 130
119 131
119 132
119 133
119 117
119 24
119 62
119 33
119 134
119 135
119 27
119 25
101 136
196 10
196 23
361 137
361 138
361 69
361 139
361 12
140 140
140 141
140 93
140 142
140 29
858 143
858 97
858 144
858 70
859 145
81 126
81 65
14 146
14 147
14 44
14 117
14 148
14 111
14 149
14 33
14 150
376 54
860 52
860 62
546 10
546 47
546 151
500 43
500 8
575 152
575 153
575 123
214 61
418 24
418 62
238 65
238 154
238 155
238 156
238 147
238 16
238 54
238 52
238 96
238 157
238 98
238 158
238 92
238 159
238 160
238 161
238 162
238 105
238 163
238 164
238 55
238 165
238 42
23 50
23 166
23 167
23 33
23 168
23 169
23 170
23 45
23 171
23 172
23 24
23 62
23 173
23 174
23 175
23 77
23 176
23 150
23 177
23 178
23 52
23 179
23 180
23 181
23 182
23 183
23 112
23 184
23 185
23 135
23 186
23 187
23 188
23 98
23 189
23 190
23 109
23 191
23 192
23 108
23 193
23 162
23 194
23 195
23 196
23 102
23 197
23 198
23 199
23 129
23 200
23 201
23 202
23 139
23 203
23 204
23 205
23 1
23 22
23 206
23 207
23 208
23 209
457 210
457 60
457 30
457 211
457 138
457 212
61 209
61 213
61 183
61 214
624 39
474 210
474 65
474 46
474 215
474 1
474 77
474 20
861 216
155 62
155 92
155 217
155 218
155 76
155 181
155 43
155 219
155 74
155 220
155 221
155 20
155 222
79 50
79 223
79 224
79 30
79 213
79 62
79 225
79 150
79 20
79 226
79 13
79 54
79 227
79 126
79 228
79 99
79 229
79 46
79 18
79 72
79 230
79 194
79 231
79 28
79 39
79 232
79 12
79 233
79 209
79 234
79 42
79 235
173 23
173 236
173 25
862 227
383 237
660 10
147 153
147 69
147 78
147 238
147 239
147 240
771 98
246 92
246 232
246 12
246 17
246 24
246 155
246 162
246 85
246 241
495 60
495 242
495 243
651 52
651 92
863 55
803 25
864 31
85 50
85 244
85 30
85 43
85 24
85 22
85 52
85 126
85 245
85 246
85 247
85 248
85 249
85 194
85 250
85 251
85 252
85 253
85 254
85 47
85 255
85 256
85 104
865 47
865 210
865 8
289 123
289 257
289 124
289 258
289 259
289 134
289 260
866 210
40 46
40 261
40 96
628 77
628 39
867 10
867 262
867 263
133 264
133 92
133 265
133 245
133 12
133 133
133 266
133 267
133 43
133 268
133 217
133 269
133 195
133 36
133 74
216 60
728 50
728 270
411 52
411 108
411 131
719 20
719 11
141 140
141 271
141 251
425 272
425 273
425 267
425 274
425 275
425 276
868 277
869 47
869 8
341 278
341 279
341 208
341 70
201 280
201 78
257 281
257 86
257 134
870 147
870 78
504 120
871 210
134 282
134 30
134 283
134 284
134 24
134 79
134 64
134 285
134 286
134 188
134 218
134 287
134 52
134 184
134 288
134 289
134 290
134 25
134 103
134 232
134 12
134 257
134 204
134 291
134 165
636 207
84 126
84 239
75 292
75 109
75 293
75 3
75 24
75 63
75 1
75 62
75 294
75 162
75 241
359 138
359 150
359 76
872 295
872 296
577 10
577 207
577 297
577 298
873 6
873 299
244 50
244 172
244 129
244 300
244 125
244 281
244 301
244 302
244 303
244 219
244 112
244 304
244 305
244 54
244 85
244 63
244 306
244 20
244 262
36 307
36 65
36 308
36 309
36 245
36 133
36 310
36 42
36 311
874 135
731 312
731 313
731 33
731 253
731 12
875 39
876 314
347 315
347 202
347 79
347 38
347 96
347 316
347 317
456 318
16 319
16 146
16 65
16 60
16 312
16 238
16 33
16 300
16 266
16 63
16 260
16 109
16 92
16 162
16 320
16 137
16 321
16 39
16 322
16 232
16 47
16 323
16 324
16 325
16 134
16 165
877 137
362 210
362 39
362 17
362 27
362 326
362 54
362 270
362 194
362 317
362 184
362 305
362 165
362 47
362 327
362 328
362 138
638 167
329 329
329 330
602 90
602 138
602 79
602 46
15 146
15 20
15 28
15 331
168 23
168 311
168 127
506 332
506 210
506 12
506 201
506 331
506 183
506 184
506 104
506 20
471 77
471 31
827 43
431 333
878 150
248 85
331 146
331 108
331 334
331 233
331 134
331 331
331 54
331 94
331 335
331 336
331 95
331 151
331 337
331 15
53 177
409 165
409 338
409 79
409 339
879 47
217 155
217 267
217 43
217 323
217 191
278 340
278 202
278 247
278 57
278 341
880 342
568 343
568 45
568 311
568 344
568 12
574 150
574 123
464 345
464 346
464 47
464 30
464 33
464 226
80 347
80 138
80 348
80 126
80 5
721 313
387 150
387 349
387 36
387 350
387 351
544 21
489 348
489 93
489 232
489 352
473 77
326 136
326 353
326 93
326 52
326 62
326 305
326 97
259 289
259 134
656 182
656 108
656 97
258 125
258 92
258 138
1 354
1 23
1 69
1 355
1 139
1 356
1 357
1 24
1 336
1 75
1 25
125 39
125 358
125 17
125 194
125 239
125 97
125 244
386 78
138 359
138 89
138 65
138 78
138 293
138 360
138 33
138 20
138 300
138 35
138 361
138 212
138 142
138 362
138 363
138 80
138 364
138 72
138 209
138 258
138 42
138 357
586 51
357 138
357 186
357 365
357 54
426 103
426 261
429 333
429 218
429 135
429 78
429 366
330 329
87 367
89 282
89 46
89 30
89 368
89 54
89 2
89 52
89 25
89 96
89 138
89 316
802 332
169 12
169 23
169 94
169 111
169 239
169 124
169 76
881 47
679 50
679 56
369 369
369 370
369 177
371 371
882 210
883 372
884 209
175 312
175 373
175 52
175 23
175 374
175 194
175 104
175 150
643 375
643 312
643 17
643 376
643 33
643 275
643 54
643 377
643 98
541 147
541 200
541 46
541 204
541 335
541 42
541 150
49 333
49 378
49 72
49 379
49 380
49 381
49 97
444 210
91 382
91 105
237 383
704 54
791 20
626 47
626 134
459 30
620 18
885 384
812 8
603 113
603 62
157 385
351 386
351 387
351 88
285 388
487 343
487 389
487 310
487 94
487 111
487 74
487 275
487 217
345 79
390 147
390 39
390 390
390 65
390 391
390 54
390 392
390 393
390 394
378 10
378 109
378 395
378 396
378 93
378 25
378 96
378 0
378 49
422 397
422 297
742 137
886 179
886 134
886 398
887 269
249 85
269 136
269 292
269 150
269 39
269 133
269 399
269 97
468 292
468 72
468 281
700 400
433 333
433 318
433 232
433 20
630 27
630 39
630 401
888 232
234 52
234 30
234 79
328 402
328 362
328 78
328 403
328 65
734 404
734 33
490 93
490 97
490 39
490 393
490 163
4 405
4 160
34 406
637 148
637 128
165 8
165 407
165 12
165 408
165 78
165 31
165 409
165 183
165 410
165 339
165 134
165 411
165 39
165 412
186 23
186 10
186 413
186 102
889 120
690 97
690 232
681 74
264 133
438 210
438 320
675 360
675 160
675 239
675 88
890 66
891 38
302 414
302 244
302 62
302 43
302 12
665 67
24 319
24 146
24 282
24 88
24 65
24 23
24 22
24 245
24 78
24 283
24 415
24 171
24 312
24 24
24 79
24 25
24 77
24 150
24 270
24 20
24 43
24 267
24 340
24 382
24 320
24 110
24 5
24 207
24 179
24 204
24 63
24 52
24 183
24 317
24 393
24 416
24 90
24 96
24 85
24 66
24 67
24 288
24 109
24 191
24 184
24 417
24 273
24 134
24 83
24 418
24 290
24 21
24 419
24 124
24 162
24 103
24 313
24 420
24 421
24 198
24 71
24 210
24 39
24 232
24 123
24 12
24 92
24 3
24 202
24 139
24 73
24 324
24 205
24 1
24 74
24 422
24 423
24 47
24 424
24 76
24 62
892 54
271 123
45 47
272 11
272 125
272 43
272 62
272 416
272 425
272 384
261 426
261 47
261 40
261 333
261 427
761 102
761 304
374 175
374 136
374 20
617 428
617 300
617 228
617 123
617 408
617 204
617 2
617 239
617 162
617 20
617 351
483 397
333 429
333 338
333 51
333 60
333 323
333 78
333 430
333 31
333 431
333 183
333 403
333 432
333 39
333 49
333 433
542 150
542 43
542 153
446 434
446 108
446 435
446 436
446 44
893 78
159 210
159 238
334 331
334 437
193 379
478 10
478 397
107 199
210 438
210 20
210 72
210 439
210 159
210 440
210 78
210 441
210 362
210 442
210 43
210 160
210 240
210 443
210 444
210 150
210 135
210 88
653 445
894 10
894 152
895 232
895 134
598 441
435 405
435 446
316 360
316 85
316 215
316 89
316 134
523 35
523 447
523 236
523 184
530 251
530 69
530 448
530 449
789 13
789 191
430 333
430 210
774 229
296 52
896 20
896 31
753 245
753 317
753 450
754 245
423 447
423 123
423 65
423 9
423 3
423 24
423 317
423 393
423 85
897 451
323 333
323 210
323 8
323 391
323 16
323 217
323 135
59 183
784 150
784 328
240 147
240 210
240 65
240 108
240 25
240 151
30 402
30 44
30 89
30 60
30 131
30 452
30 43
30 453
30 79
30 33
30 299
30 77
30 150
30 56
30 20
30 454
30 455
30 16
30 456
30 24
30 420
30 52
30 58
30 457
30 96
30 135
30 212
30 98
30 332
30 109
30 99
30 458
30 459
30 63
30 353
30 427
30 72
30 460
30 461
30 194
30 462
30 8
30 463
30 70
30 85
30 173
30 464
30 10
30 465
30 39
30 123
30 12
30 466
30 234
30 73
30 204
30 108
30 134
30 467
281 308
281 468
281 244
281 257
281 204
769 20
769 98
480 397
703 43
589 60
589 62
589 65
727 27
727 469
0 91
0 172
0 345
0 51
0 60
0 69
0 57
0 128
0 241
0 20
821 201
821 470
821 73
77 382
77 471
77 39
77 23
77 472
77 473
77 31
77 474
77 338
77 270
77 212
843 373
397 10
397 475
397 245
397 65
397 180
397 476
397 477
397 478
397 469
397 479
397 480
397 481
397 422
397 162
397 482
397 273
397 483
397 484
730 33
898 300
898 485
340 9
340 24
340 276
340 62
458 150
458 30
458 20
748 486
748 50
748 398
748 51
748 160
748 20
389 487
389 123
389 188
389 55
389 103
389 135
93 78
93 443
93 239
93 277
93 20
93 488
93 378
93 96
93 98
93 92
93 69
93 25
93 489
93 103
93 420
93 140
93 8
93 232
93 51
93 72
93 490
93 138
93 62
392 166
392 390
392 245
392 111
392 491
392 102
392 492
392 273
219 493
219 21
219 68
219 494
219 47
219 244
219 153
219 495
219 31
219 496
219 210
219 43
219 497
219 239
219 22
219 155
219 102
219 202
219 58
219 62
112 300
112 232
112 455
112 72
112 46
112 65
112 498
112 239
112 135
112 499
713 109
713 500
713 73
713 2
713 501
713 175
713 96
135 6
135 429
135 224
135 60
135 43
135 33
135 270
135 402
135 502
135 23
135 268
135 414
135 117
135 356
135 503
135 119
135 162
135 39
135 12
135 355
135 73
135 138
120 35
120 117
120 504
327 297
327 232
327 290
327 362
327 115
327 62
327 505
832 379
739 506
739 24
739 113
804 507
451 297
899 508
338 333
338 123
338 12
338 52
338 72
338 31
338 409
338 235
338 509
338 77
192 8
393 510
393 423
393 352
393 183
393 511
393 196
393 221
900 10
622 39
368 39
368 88
368 134
368 79
368 299
368 270
560 2
560 512
560 69
503 135
503 117
503 513
599 194
599 72
301 244
301 8
220 155
220 137
220 150
103 426
103 514
103 192
103 123
103 515
103 35
103 127
103 389
103 93
103 516
103 92
103 274
103 24
103 33
103 134
103 96
103 103
103 517
103 518
103 98
901 519
902 223
902 272
903 69
903 72
904 520
842 373
758 125
758 170
758 78
758 88
233 224
233 521
233 331
233 2
233 115
233 79
717 11
324 123
324 63
324 16
324 24
324 522
324 184
324 95
324 85
324 324
324 212
324 523
324 25
905 56
778 60
778 417
778 377
776 13
776 219
776 524
104 110
104 111
104 183
104 525
104 62
104 393
104 175
104 96
104 526
424 3
424 24
798 20
419 22
906 527
786 299
548 528
548 13
548 177
548 219
548 260
533 150
557 529
557 54
131 436
131 30
131 119
131 175
131 411
131 97
440 210
440 39
440 88
440 232
440 220
559 69
559 393
251 141
251 178
251 31
251 530
251 527
251 85
720 531
770 98
744 532
150 359
150 533
150 60
150 78
150 534
150 24
150 79
150 33
150 535
150 0
150 56
150 20
150 536
150 183
150 308
150 22
150 537
150 538
150 416
150 97
150 109
150 390
150 458
150 46
150 539
150 540
150 153
150 194
150 387
150 210
150 209
150 31
150 73
150 541
150 352
150 42
150 62
762 88
702 494
702 138
702 69
702 39
702 162
382 91
382 312
382 542
382 232
382 543
382 70
382 24
382 62
382 77
382 239
21 109
21 44
21 123
21 544
21 545
21 546
21 547
21 183
21 219
21 24
21 77
21 96
21 42
21 98
708 27
528 43
528 548
907 10
268 153
268 133
268 73
268 268
268 275
268 135
268 163
399 269
212 549
212 434
212 30
212 454
212 46
212 550
212 239
212 138
212 514
136 65
136 326
136 62
136 551
136 155
136 552
136 20
136 147
136 130
136 553
136 183
136 12
136 98
136 292
136 554
136 290
136 101
136 269
136 313
136 39
136 232
136 51
136 555
136 355
136 139
136 204
136 514
136 42
136 76
136 79
749 60
749 51
172 10
172 333
172 11
172 50
172 23
172 556
172 69
172 78
172 139
172 43
172 62
172 162
172 0
172 58
318 433
462 60
462 30
462 62
462 54
529 451
529 557
529 31
529 63
529 54
529 558
69 245
69 559
69 43
69 24
69 530
69 0
69 472
69 20
69 13
69 147
69 423
69 183
69 361
69 109
69 229
69 117
69 178
69 560
69 194
69 25
69 10
69 39
69 12
69 47
69 31
69 516
69 74
69 507
69 42
69 276
305 210
305 561
305 562
305 362
132 10
132 119
132 12
448 530
554 30
554 39
554 362
28 379
28 551
28 15
28 54
25 549
25 148
25 88
25 89
25 65
25 78
25 171
25 33
25 240
25 150
25 20
25 470
25 178
25 5
25 22
25 2
25 183
25 317
25 184
25 432
25 563
25 564
25 109
25 378
25 46
25 69
25 565
25 160
25 25
25 320
25 39
25 31
25 134
25 42
846 127
124 71
124 447
124 22
124 3
124 139
124 566
124 393
124 556
311 567
311 245
311 229
311 202
311 36
311 568
320 10
320 137
320 62
320 438
320 12
320 78
320 384
320 25
417 44
279 569
279 50
279 341
279 570
279 202
279 315
279 389
279 571
279 317
279 572
279 51
279 145
123 282
123 573
123 65
123 30
123 275
123 43
123 239
123 150
123 270
123 20
123 178
123 21
123 94
123 494
123 27
123 389
123 271
123 97
123 292
123 338
123 46
123 111
123 194
123 124
123 103
123 574
123 141
123 71
123 129
123 12
123 355
123 575
123 134
116 39
116 513
209 576
209 88
209 92
209 308
209 61
209 379
209 17
209 240
209 236
209 79
209 33
209 165
209 138
209 150
209 226
82 20
82 380
688 415
688 421
297 451
297 577
297 95
297 578
297 65
297 348
297 46
297 452
297 290
297 297
297 579
297 239
297 462
297 422
297 327
516 103
908 134
820 135
613 35
613 580
613 581
613 54
797 20
62 402
62 166
62 401
62 65
62 23
62 44
62 552
62 196
62 43
62 172
62 24
62 79
62 173
62 155
62 98
62 2
62 277
62 20
62 485
62 13
62 582
62 150
62 583
62 130
62 22
62 272
62 442
62 36
62 286
62 223
62 183
62 219
62 584
62 135
62 327
62 384
62 585
62 136
62 109
62 191
62 539
62 133
62 104
62 111
62 119
62 124
62 39
62 320
62 58
62 50
62 373
62 12
62 586
62 209
62 51
62 587
62 588
62 589
62 115
62 74
62 590
62 52
62 418
62 194
62 93
62 532
62 76
569 279
806 60
282 24
282 123
282 134
44 10
44 470
44 312
44 446
44 591
44 408
44 57
44 219
44 62
44 105
44 417
44 592
593 137
593 295
593 194
593 76
434 212
634 51
634 12
358 38
358 177
909 520
247 13
247 375
247 12
247 69
247 278
247 85
247 252
247 76
910 27
910 134
295 121
295 593
711 109
711 334
711 245
711 160
711 194
711 57
813 546
619 209
619 252
477 333
477 332
477 210
477 594
477 72
477 396
477 47
477 202
477 65
477 73
477 477
477 2
477 126
477 112
477 397
113 321
113 153
113 595
493 219
346 464
270 10
270 210
270 123
270 229
270 12
270 27
270 379
270 596
270 31
270 20
270 2
270 52
270 160
270 299
270 65
270 135
270 67
270 36
270 433
270 597
441 50
441 210
441 232
441 51
441 598
441 42
72 332
72 210
72 39
72 65
72 209
72 72
72 30
72 352
72 183
72 79
72 468
72 338
72 20
286 319
286 312
286 51
286 494
286 52
286 474
286 94
286 290
286 112
286 62
286 184
286 134
286 194
303 244
303 599
911 210
46 319
46 457
46 78
46 43
46 312
46 239
46 541
46 600
46 601
46 5
46 35
46 602
46 603
46 199
46 40
46 117
46 380
46 362
46 160
46 25
46 275
46 10
46 51
46 326
46 31
46 297
912 181
912 604
609 179
609 292
609 605
163 27
343 606
343 487
343 123
343 352
343 179
343 607
343 204
343 16
343 183
343 393
343 162
343 42
343 327
292 136
292 135
292 60
292 481
292 204
292 23
292 608
292 269
292 77
292 311
292 75
292 177
292 609
191 109
191 217
191 62
273 282
273 610
273 12
273 245
273 65
273 611
273 356
273 392
273 94
273 24
273 33
273 612
273 0
273 425
273 397
540 2
540 150
380 10
380 39
380 46
380 209
380 82
380 54
380 181
380 239
380 613
380 614
380 49
380 20
70 10
70 183
70 615
70 382
70 54
913 20
565 423
565 194
914 133
497 35
497 226
497 184
497 134
915 285
696 311
696 68
696 616
162 5
162 51
162 396
162 47
162 54
162 516
162 299
162 617
162 135
177 292
177 548
177 23
177 47
177 170
177 117
177 239
177 618
252 85
252 238
252 619
252 395
916 472
18 146
18 92
18 620
18 160
18 79
18 621
58 50
58 172
58 99
58 30
58 78
58 63
58 210
58 311
58 54
58 20
39 224
39 30
39 59
39 622
39 131
39 50
39 623
39 78
39 624
39 17
39 213
39 24
39 62
39 625
39 299
39 77
39 150
39 20
39 390
39 402
39 382
39 11
39 596
39 374
39 35
39 513
39 626
39 16
39 38
39 96
39 135
39 57
39 98
39 228
39 10
39 506
39 408
39 68
39 99
39 229
39 627
39 46
39 69
39 465
39 628
39 380
39 362
39 571
39 25
39 339
39 269
39 629
39 65
39 433
39 333
39 630
39 436
39 232
39 6
39 72
39 116
39 12
39 139
39 73
39 631
39 74
39 632
39 42
39 79
407 165
12 405
12 60
12 169
12 170
12 30
12 31
12 302
12 43
12 24
12 62
12 184
12 150
12 270
12 20
12 130
12 35
12 45
12 277
12 633
12 634
12 568
12 96
12 361
12 67
12 27
12 98
12 136
12 506
12 109
12 454
12 92
12 334
12 247
12 69
12 132
12 368
12 83
12 194
12 311
12 273
12 135
12 333
12 8
12 322
12 123
12 63
12 10
12 139
12 352
12 134
12 138
12 42
12 47
12 79
807 60
807 74
587 62
587 99
587 299
588 232
588 47
588 635
588 317
588 43
588 20
588 62
588 54
588 57
588 98
207 338
207 23
207 368
207 24
207 636
207 526
200 23
200 47
200 200
128 637
514 136
514 212
549 60
549 212
549 219
549 25
549 72
917 344
722 177
722 153
166 166
166 23
166 60
166 392
166 43
166 62
166 150
167 23
167 638
838 154
838 639
65 50
65 44
65 78
65 43
65 238
65 640
65 299
65 270
65 397
65 5
65 472
65 183
65 112
65 97
65 10
65 390
65 11
65 69
65 108
65 25
65 137
65 39
65 51
65 328
65 588
65 589
65 477
65 423
65 138
918 134
408 47
408 299
408 142
408 204
408 98
768 641
701 642
17 146
17 39
17 125
17 209
17 31
17 283
17 193
17 96
17 643
17 362
275 210
275 123
275 65
275 51
275 31
275 93
275 487
275 423
275 58
213 79
213 33
443 93
443 644
443 210
443 645
580 312
552 223
552 69
552 193
552 52
552 109
552 62
552 138
277 274
277 142
277 113
705 158
705 238
705 54
833 175
300 646
300 46
300 244
300 16
300 617
300 150
300 647
437 334
52 89
52 378
52 30
52 32
52 238
52 62
52 33
52 299
52 54
52 20
52 300
52 92
52 27
52 648
52 286
52 23
52 183
52 12
52 228
52 136
52 338
52 229
52 142
52 160
52 194
52 10
52 39
52 649
52 47
52 234
52 326
52 73
52 204
52 479
52 74
52 422
52 650
52 24
52 42
52 651
553 136
553 270
553 232
553 134
695 134
449 530
310 486
310 487
310 129
310 27
310 17
310 36
816 31
664 10
370 275
370 77
370 652
370 369
370 17
919 209
683 10
683 5
683 184
66 24
445 653
452 30
452 327
834 654
834 184
627 39
920 655
108 405
108 97
108 111
108 446
108 92
108 90
108 202
108 408
108 30
108 360
108 204
108 656
108 43
108 199
108 240
108 121
108 162
108 150
732 33
111 425
111 487
111 92
111 455
111 60
111 169
111 14
111 123
111 183
111 54
111 392
111 43
111 108
111 62
111 33
111 657
111 104
111 150
111 377
111 56
921 93
336 1
336 331
773 229
686 35
680 658
680 65
231 292
231 505
231 42
231 43
231 79
10 319
10 50
10 577
10 659
10 65
10 169
10 170
10 30
10 295
10 275
10 43
10 79
10 660
10 397
10 661
10 99
10 320
10 5
10 22
10 83
10 93
10 52
10 416
10 38
10 96
10 597
10 172
10 390
10 46
10 69
10 132
10 380
10 478
10 510
10 216
10 409
10 196
10 482
10 105
10 58
10 333
10 662
10 210
10 8
10 232
10 12
10 663
10 47
10 355
10 31
10 117
10 664
10 650
10 572
10 42
10 186
154 20
667 374
667 218
667 67
667 93
667 28
667 284
667 270
667 15
67 665
67 90
67 666
67 239
67 667
543 668
543 33
543 204
204 343
204 60
204 457
204 408
204 30
204 283
204 24
204 239
204 37
204 618
204 11
204 35
204 229
204 52
204 669
204 617
204 23
204 670
204 109
204 671
204 108
204 290
204 578
204 232
204 12
204 14
204 355
204 31
204 543
204 541
922 150
922 672
922 88
923 16
924 147
611 273
611 110
830 43
521 233
521 31
148 637
148 25
148 20
615 54
401 630
401 62
265 24
623 74
469 397
469 33
239 405
239 165
239 673
239 60
239 169
239 142
239 481
239 674
239 33
239 150
239 147
239 610
239 204
239 675
239 421
239 219
239 112
239 617
239 67
239 241
239 212
239 676
239 74
239 677
239 109
239 92
239 46
239 382
239 380
239 368
239 160
239 84
239 124
239 162
239 177
239 678
239 232
239 123
239 51
239 125
239 139
239 297
239 205
239 384
239 195
239 136
640 65
56 229
56 92
56 30
56 679
56 63
56 111
56 150
658 680
226 209
226 79
226 5
775 556
5 405
5 681
5 173
5 65
5 24
5 62
5 33
5 682
5 374
5 226
5 46
5 683
5 96
5 288
5 414
5 137
5 229
5 684
5 138
5 162
5 420
5 80
5 8
5 232
5 12
5 3
5 202
5 15
5 352
5 1
5 384
5 134
5 165
35 569
35 39
35 12
35 46
35 30
35 204
35 352
35 685
35 79
35 33
35 27
35 686
35 102
35 120
35 76
35 687
179 109
179 8
179 23
179 498
179 43
179 24
179 9
179 102
179 609
502 60
502 135
502 429
502 65
421 24
421 688
421 239
498 3
236 689
236 209
236 173
236 523
412 165
260 333
260 289
260 548
260 16
260 138
260 162
260 150
221 198
221 393
221 26
97 690
97 65
97 131
97 154
97 43
97 150
97 49
97 147
97 691
97 181
97 184
97 96
97 97
97 641
97 69
97 134
97 193
97 269
97 362
97 39
97 123
97 692
97 47
97 31
97 125
709 693
709 31
925 47
781 39
781 597
375 312
68 694
68 39
68 695
68 103
68 183
68 219
68 134
68 696
68 42
68 697
403 644
366 429
366 153
366 57
539 137
539 150
539 62
539 479
926 47
460 209
339 165
339 409
927 54
928 96
743 60
743 137
743 42
743 698
662 137
662 10
662 50
662 237
662 286
662 60
555 136
555 551
47 60
47 408
47 78
47 79
47 477
47 472
47 110
47 270
47 261
47 2
47 16
47 219
47 85
47 97
47 327
47 99
47 30
47 69
47 362
47 497
47 177
47 699
47 464
47 10
47 666
47 232
47 200
47 104
47 42
642 38
642 284
642 700
642 701
796 379
796 31
494 702
494 219
494 641
494 523
205 43
205 24
205 5
205 92
590 92
105 10
105 91
105 44
105 159
105 183
105 238
105 33
505 210
505 373
505 5
505 384
505 393
505 240
505 175
505 327
505 231
505 98
647 60
647 300
647 591
647 184
647 46
929 42
930 164
815 31
26 221
26 171
828 43
224 39
224 233
224 2
224 703
224 79
224 135
420 375
420 312
420 5
420 60
420 30
420 142
420 54
420 93
420 160
420 24
420 150
420 76
420 454
142 140
142 8
142 408
142 142
142 297
142 52
142 145
142 134
142 138
142 97
142 239
496 219
360 39
360 108
360 675
360 138
360 42
360 505
801 160
801 668
54 615
54 462
54 89
54 60
54 244
54 588
54 376
54 284
54 238
54 79
54 33
54 162
54 150
54 704
54 705
54 488
54 229
54 52
54 218
54 27
54 63
54 94
54 183
54 135
54 212
54 414
54 428
54 390
54 671
54 380
54 108
54 557
54 70
54 28
54 111
54 194
54 25
54 304
54 102
54 20
54 362
54 58
54 39
54 565
54 125
54 31
54 479
54 613
54 160
54 706
518 103
826 43
931 43
932 102
932 707
581 613
27 88
27 12
27 35
27 362
27 52
27 171
27 291
27 708
27 54
27 64
933 709
266 16
934 399
835 57
491 392
491 710
672 138
672 85
672 605
170 23
170 181
170 177
170 12
592 44
109 50
109 23
109 245
109 30
109 43
109 24
109 239
109 711
109 150
109 20
109 340
109 21
109 110
109 378
109 22
109 712
109 16
109 95
109 713
109 135
109 714
109 455
109 69
109 25
109 137
109 9
109 47
109 179
109 75
109 62
99 39
99 44
99 51
99 30
99 286
99 79
99 299
99 715
99 96
99 58
99 25
11 414
11 97
11 39
11 659
11 272
11 716
11 717
11 78
11 442
11 204
11 8
11 453
11 79
11 718
11 175
11 194
11 719
11 65
11 390
531 720
118 46
118 170
763 352
763 717
763 74
935 69
561 305
313 721
313 352
313 24
313 136
335 541
936 47
936 184
666 138
153 414
153 722
153 542
153 65
153 408
153 147
153 73
153 96
153 150
153 113
937 162
772 723
938 318
663 10
939 134
940 275
940 134
395 47
164 78
164 138
164 596
164 229
941 724
941 22
941 725
941 88
941 142
479 397
479 726
829 43
612 273
517 92
29 140
29 43
621 18
400 727
942 382
447 109
447 110
447 352
447 9
447 124
447 423
551 136
551 728
551 28
551 184
551 551
943 96
805 507
32 52
32 43
32 31
312 382
312 39
312 390
312 46
312 73
312 420
312 52
312 644
312 643
312 20
33 729
33 50
33 14
33 89
33 23
33 109
33 30
33 469
33 213
33 453
33 239
33 643
33 64
33 20
33 730
33 13
33 286
33 110
33 5
33 16
33 35
33 52
33 379
33 54
33 731
33 94
33 183
33 96
33 241
33 69
33 199
33 46
33 273
33 543
33 732
33 111
33 119
33 25
33 304
33 194
33 733
33 464
33 8
33 51
33 3
33 209
33 12
33 31
33 73
33 479
33 74
33 138
33 105
33 208
33 734
831 735
384 736
384 405
384 5
384 185
384 74
384 505
64 729
64 318
64 27
64 94
64 183
64 274
64 33
64 134
64 614
64 253
499 124
499 423
499 112
536 260
536 145
536 98
817 31
488 54
149 22
149 279
515 103
944 47
945 335
714 8
714 109
714 714
714 676
145 279
145 536
145 737
365 357
95 96
95 451
95 109
95 194
95 297
241 75
241 12
241 239
241 33
241 0
241 97
288 134
288 312
288 24
288 123
288 12
414 153
414 44
414 11
414 218
414 108
414 54
414 90
414 412
414 96
414 377
698 12
698 92
698 283
92 238
92 239
92 103
92 178
92 54
92 317
92 738
92 96
92 135
92 212
92 108
92 698
92 48
92 133
92 111
92 194
92 311
92 18
92 80
92 210
92 8
92 232
92 12
92 73
92 258
92 134
92 76
92 651
946 39
947 210
230 79
230 72
230 31
230 20
685 35
195 202
195 133
948 739
793 44
793 20
793 229
793 65
137 740
137 65
137 283
137 24
137 411
137 20
137 16
137 741
137 96
137 361
137 99
137 92
137 539
137 742
137 220
137 162
137 320
137 743
137 322
137 51
137 12
137 31
198 23
198 221
198 194
208 23
208 76
594 46
594 274
594 477
398 50
398 373
398 454
398 556
532 744
532 108
532 62
355 91
355 136
355 382
355 210
355 129
355 10
355 244
355 202
355 745
355 204
355 746
355 43
355 3
355 1
355 62
355 46
355 38
355 160
355 57
355 78
355 79
501 713
501 300
501 379
185 23
308 319
308 209
308 97
308 36
115 300
115 282
115 233
115 331
115 79
115 747
115 240
115 327
115 20
115 62
325 209
294 75
294 12
51 65
51 60
51 17
51 239
51 33
51 77
51 472
51 178
51 748
51 54
51 286
51 182
51 432
51 96
51 333
51 749
51 99
51 750
51 194
51 162
51 137
51 279
51 79
363 138
416 194
416 24
416 25
416 272
573 751
573 123
573 98
949 65
245 90
245 24
245 711
245 150
245 397
245 267
245 752
245 22
245 421
245 392
245 85
245 273
245 109
245 69
245 133
245 217
245 311
245 36
245 753
245 754
245 423
245 94
78 402
78 88
78 65
78 24
78 98
78 150
78 270
78 20
78 147
78 755
78 227
78 96
78 74
78 756
78 172
78 11
78 69
78 25
78 252
78 58
78 210
78 39
78 72
78 47
78 757
78 758
78 759
78 138
78 351
706 760
950 162
950 219
950 12
572 10
572 279
572 12
668 147
668 543
86 761
88 505
88 440
88 30
88 43
88 24
88 62
88 535
88 20
88 762
88 396
88 675
88 52
88 317
88 95
88 763
88 96
88 97
88 351
88 172
88 454
88 229
88 46
88 305
88 531
88 368
88 160
88 25
88 304
88 210
88 8
88 758
88 209
88 328
88 117
88 258
88 134
88 98
88 586
563 202
287 20
601 46
601 764
243 94
218 155
218 134
309 312
309 36
309 232
591 647
591 44
951 362
442 210
442 62
442 11
952 12
181 348
181 97
181 436
953 96
161 343
161 724
161 147
161 471
161 88
161 229
161 12
161 46
161 69
161 765
161 54
161 16
161 766
161 238
161 767
161 160
161 162
161 417
161 226
641 60
641 46
641 97
641 160
641 768
98 50
98 573
98 88
98 65
98 60
98 408
98 30
98 769
98 238
98 62
98 411
98 770
98 536
98 21
98 771
98 93
98 23
98 393
98 96
98 163
98 136
98 92
98 78
98 251
98 373
98 103
98 39
98 8
98 12
98 344
98 588
98 352
98 505
98 209
190 79
723 772
454 88
454 12
229 39
229 88
229 130
229 56
229 69
229 773
229 117
229 774
229 54
229 52
229 669
229 79
229 362
229 738
229 161
229 150
229 270
229 209
229 516
556 124
556 172
556 398
556 775
524 776
432 333
432 402
432 51
432 74
432 138
432 25
381 711
381 777
461 30
253 731
253 64
253 741
954 25
954 134
377 50
377 88
377 227
377 194
377 778
377 175
377 643
578 348
578 204
689 138
466 69
466 30
466 738
139 136
139 379
139 12
139 23
139 22
139 779
139 24
139 239
139 422
139 124
139 1
139 361
733 780
733 33
733 65
631 669
631 39
102 35
102 219
291 52
291 27
291 150
291 79
291 134
597 10
597 781
597 272
597 209
597 782
597 38
597 25
597 783
597 432
597 311
597 270
597 42
597 79
583 62
76 359
76 92
76 593
76 136
76 35
76 169
76 180
76 247
76 409
76 183
76 24
76 62
76 155
76 208
76 67
76 57
76 485
644 784
644 312
319 286
319 52
319 134
319 194
319 46
228 52
228 39
228 79
228 232
228 27
955 138
348 181
348 80
348 68
348 297
956 300
439 210
957 11
129 178
129 12
129 244
129 310
129 360
129 274
129 119
90 332
90 92
90 602
90 108
90 785
90 356
90 52
90 240
90 104
90 96
90 97
90 67
235 79
625 42
299 786
299 65
299 408
299 30
299 31
299 787
299 511
299 551
299 270
299 78
299 470
299 788
299 52
299 46
299 135
299 635
299 596
299 331
299 368
299 162
299 160
299 25
299 151
299 10
299 210
299 39
299 587
299 645
299 364
299 74
629 39
298 85
298 288
13 10
13 789
13 183
13 548
13 146
13 247
13 50
13 117
13 205
13 2
13 669
13 33
13 426
13 790
13 43
818 31
958 470
22 62
22 69
22 139
22 73
22 24
22 419
22 85
22 245
22 25
180 23
180 3
180 397
180 76
959 352
20 729
20 50
20 148
20 146
20 88
20 354
20 791
20 596
20 506
20 474
20 154
20 769
20 79
20 142
20 792
20 0
20 150
20 270
20 287
20 458
20 617
20 52
20 65
20 261
20 54
20 2
20 374
20 183
20 793
20 15
20 136
20 549
20 312
20 229
20 30
20 69
20 230
20 38
20 685
20 794
20 526
20 58
20 333
20 795
20 210
20 39
20 123
20 232
20 72
20 395
20 82
20 73
20 297
20 796
20 350
20 115
20 260
20 797
20 798
2 224
2 405
2 89
2 60
2 233
2 73
2 477
2 20
2 79
2 47
2 614
2 270
2 647
2 25
94 168
94 487
94 129
94 123
94 393
94 169
94 273
94 331
94 54
94 96
94 43
94 160
94 317
94 33
94 3
94 24
94 64
94 245
94 243
960 0
317 153
317 347
317 202
317 279
317 753
317 25
317 423
715 99
349 387
961 692
961 799
961 139
961 393
808 51
197 23
158 705
962 647
582 62
800 800
800 728
391 209
391 323
391 390
963 136
699 60
699 47
356 5
356 22
356 273
356 83
356 90
356 1
356 184
356 135
782 8
782 597
122 71
160 147
160 210
160 373
160 88
160 92
160 90
160 60
160 641
160 675
160 127
160 54
160 498
160 751
160 238
160 79
160 801
160 110
160 270
160 25
726 479
726 194
304 60
304 244
304 78
746 355
964 96
332 6
332 147
332 210
332 72
332 802
332 69
332 30
332 506
332 90
332 384
332 106
332 20
965 803
965 44
364 299
966 53
350 46
350 277
472 77
472 47
472 69
472 65
202 279
202 8
202 5
202 92
202 23
202 202
202 108
202 355
202 477
202 352
202 290
202 219
202 24
202 25
202 278
202 195
202 311
202 317
215 36
823 557
823 42
967 47
845 9
845 12
55 238
55 63
783 597
507 804
507 805
507 461
152 137
152 47
968 97
968 79
969 171
970 429
450 753
225 79
6 52
6 194
6 138
60 549
60 806
60 166
60 462
60 50
60 60
60 30
60 160
60 239
60 150
60 178
60 502
60 54
60 16
60 183
60 96
60 641
60 98
60 743
60 111
60 194
60 304
60 699
60 333
60 662
60 51
60 47
60 12
60 31
60 589
60 204
60 807
60 7
971 135
596 39
710 491
283 283
534 69
534 20
787 299
284 667
284 134
972 12
222 240
222 51
178 60
178 808
178 74
178 92
178 25
538 72
110 136
110 160
110 109
110 95
110 455
110 12
110 47
110 202
110 379
110 611
110 52
110 447
110 194
110 33
110 37
110 24
595 113
182 23
182 327
182 51
396 477
973 377
274 129
274 151
274 103
274 425
274 64
274 20
819 31
819 738
974 323
975 316
614 64
614 380
976 113
188 23
188 809
188 389
188 134
977 144
839 290
100 96
978 229
684 153
741 137
741 626
741 253
979 334
979 282
750 51
427 228
427 30
427 238
427 261
980 210
980 25
367 135
367 87
794 152
794 229
436 39
322 16
322 42
322 12
322 31
322 136
485 136
485 379
485 76
485 62
8 810
8 88
8 811
8 142
8 33
8 192
8 179
8 93
8 812
8 98
8 714
8 11
8 347
8 30
8 301
8 165
8 162
8 10
8 232
8 12
8 92
8 202
8 323
8 204
8 500
8 74
8 138
232 690
232 400
232 78
232 79
232 813
232 270
232 20
232 382
232 327
232 5
232 309
232 814
232 63
232 93
232 112
232 489
232 241
232 15
232 163
232 136
232 756
232 229
232 134
232 290
232 39
232 526
232 433
232 10
232 666
232 8
232 123
232 47
232 73
232 212
232 441
232 738
232 104
232 239
509 338
37 124
37 332
37 110
187 23
255 85
646 73
745 355
31 815
31 486
31 348
31 78
31 17
31 32
31 80
31 62
31 77
31 150
31 270
31 333
31 54
31 181
31 816
31 219
31 184
31 96
31 97
31 709
31 137
31 817
31 818
31 46
31 69
31 391
31 230
31 25
31 251
31 152
31 819
31 10
31 210
31 322
31 12
31 47
31 202
31 352
31 820
31 134
31 165
31 42
31 521
73 50
73 65
73 30
73 24
73 33
73 299
73 821
73 150
73 20
73 671
73 22
73 2
73 52
73 713
73 96
73 135
73 312
73 92
73 69
73 290
73 25
73 153
73 232
73 822
73 477
73 372
635 2
635 270
352 228
352 447
352 5
352 72
352 9
352 202
352 31
352 93
352 25
352 184
352 763
352 150
352 157
352 98
106 672
725 588
837 78
981 46
981 85
981 300
42 50
42 78
42 360
42 79
42 240
42 150
42 20
42 470
42 21
42 72
42 52
42 597
42 136
42 69
42 539
42 331
42 290
42 10
42 39
42 322
42 51
42 3
42 12
42 31
42 823
42 541
42 138
276 340
276 69
276 425
729 147
729 33
729 232
729 204
729 184
729 20
50 65
50 60
50 244
50 679
50 79
50 33
50 20
50 13
50 748
50 63
50 23
50 669
50 184
50 15
50 98
50 109
50 229
50 362
50 28
50 160
50 275
50 58
50 10
50 662
50 39
50 824
50 441
50 74
50 728
50 42
50 62
315 347
315 279
716 437
716 11
716 272
716 825
716 244
716 159
716 478
716 62
716 96
564 25
43 267
43 166
43 65
43 30
43 231
43 588
43 32
43 172
43 24
43 62
43 155
43 826
43 13
43 470
43 135
43 528
43 179
43 272
43 500
43 63
43 94
43 227
43 536
43 96
43 85
43 97
43 15
43 451
43 109
43 542
43 827
43 46
43 69
43 108
43 133
43 83
43 28
43 217
43 162
43 828
43 10
43 302
43 210
43 373
43 123
43 12
43 344
43 139
43 200
43 219
43 205
43 829
43 22
43 703
43 830
43 29
982 69
661 10
735 831
600 46
610 273
130 136
130 229
130 12
130 52
130 72
130 104
130 175
130 290
130 119
130 62
130 738
130 763
130 135
130 20
983 133
983 95
379 319
379 832
379 210
379 39
379 671
379 193
379 796
379 227
379 33
379 422
379 635
984 184
567 39
567 229
567 209
567 290
567 575
567 260
567 311
267 425
267 11
267 245
267 133
267 139
267 43
267 24
267 217
267 150
669 50
669 72
780 36
985 833
985 51
184 729
184 50
184 506
184 312
184 834
184 341
184 23
184 78
184 127
184 362
184 352
184 109
184 24
184 25
184 134
184 423
184 97
184 647
184 356
718 8
38 10
38 402
38 347
38 358
38 355
38 597
57 10
57 300
57 39
57 44
57 366
57 52
57 835
57 355
57 63
57 498
57 239
57 393
57 278
57 711
57 0
57 836
57 57
57 76
759 135
759 837
724 505
639 549
639 8
639 838
785 50
785 232
785 136
513 743
513 116
513 503
513 39
986 31
290 839
290 232
290 130
290 73
290 297
290 286
290 24
290 42
290 204
290 327
290 567
74 50
74 681
74 623
74 78
74 481
74 24
74 62
74 33
74 299
74 155
74 178
74 16
74 752
74 52
74 183
74 763
74 672
74 487
74 610
74 30
74 69
74 133
74 194
74 210
74 39
74 51
74 807
74 209
74 384
194 319
194 359
194 405
194 166
194 6
194 60
194 78
194 175
194 43
194 79
194 33
194 711
194 840
194 150
194 20
194 110
194 92
194 396
194 65
194 54
194 286
194 416
194 95
194 135
194 120
194 11
194 30
194 69
194 108
194 362
194 565
194 381
194 599
194 85
194 39
194 377
194 12
194 201
194 355
194 31
194 841
194 74
194 776
194 104
987 78
526 104
526 207
526 344
526 20
526 232
486 310
486 31
373 842
373 398
373 43
373 62
373 175
373 843
373 505
373 98
755 375
755 312
755 218
755 247
755 78
755 33
755 844
755 138
649 52
9 340
9 109
9 352
9 179
9 127
9 845
9 447
9 423
3 382
3 94
3 423
3 180
3 355
3 498
3 171
3 24
3 33
3 22
3 124
3 418
3 42
3 150
344 78
344 43
344 526
344 229
344 98
740 12
127 168
127 487
127 184
127 83
127 846
127 103
988 300
353 353
579 20
738 130
121 295
121 71
121 108
989 106
