60 0
60 1
60 2
504 3
504 4
504 5
504 6
89 7
89 8
89 9
89 10
89 11
89 12
89 13
89 14
89 15
89 16
89 17
89 18
89 19
89 20
89 21
89 4
89 22
89 23
89 24
89 25
89 26
89 27
89 28
89 29
89 30
89 31
89 32
89 33
89 34
89 6
89 35
89 36
89 37
89 38
89 39
89 40
89 41
89 42
89 2
89 43
89 44
89 3
89 45
89 46
89 47
89 48
89 49
89 50
89 51
89 52
89 53
89 54
89 55
89 56
89 57
486 58
660 59
528 60
528 61
528 62
528 63
528 64
528 65
528 66
235 67
235 68
235 43
235 69
235 17
235 6
235 15
235 65
235 70
235 53
235 37
235 71
235 72
235 73
235 74
207 3
207 75
207 76
207 77
207 33
21 78
21 8
21 10
21 79
21 80
21 81
21 82
21 83
21 84
21 85
21 86
21 87
21 88
21 89
21 75
21 64
21 90
21 91
21 92
21 62
21 93
21 94
21 6
21 72
21 48
21 37
21 95
21 96
21 97
21 3
21 98
21 17
21 99
21 4
21 100
21 55
21 101
21 102
696 103
714 15
195 104
195 47
195 3
195 76
195 10
195 105
64 106
64 20
64 107
64 21
64 36
64 108
64 89
64 26
64 45
64 109
64 33
64 110
64 111
64 35
64 112
64 113
64 114
64 115
64 2
64 3
64 116
64 4
64 117
664 118
119 119
715 31
196 3
196 120
602 6
655 121
655 122
149 17
149 123
149 124
62 21
62 125
62 126
62 127
62 128
62 129
62 6
62 75
62 130
62 131
62 10
62 132
62 91
62 37
62 133
62 134
197 31
197 3
197 89
197 135
197 37
197 136
716 53
717 26
717 102
718 137
718 138
280 139
125 62
125 33
125 140
125 141
125 142
125 143
293 8
293 144
293 49
292 144
654 145
40 146
40 147
40 89
124 3
124 148
124 149
124 43
719 112
173 38
173 12
173 150
173 151
173 10
173 4
173 152
173 88
173 153
173 91
173 45
173 74
173 154
173 155
173 142
173 156
173 6
173 157
173 133
173 158
173 159
173 138
173 148
720 62
45 160
45 161
45 79
45 162
45 81
45 163
45 164
45 80
45 165
45 105
45 166
45 21
45 26
45 86
45 152
45 167
45 64
45 168
45 169
45 170
45 171
45 172
45 173
45 174
45 35
45 52
45 113
45 133
45 175
45 95
45 176
45 3
45 177
45 47
45 178
45 179
45 138
45 180
45 181
337 182
99 183
99 166
99 43
99 184
99 185
99 3
99 37
99 152
99 17
99 186
99 4
99 180
99 53
99 148
99 187
99 6
287 178
3 188
3 189
3 190
3 151
3 191
3 192
3 166
3 21
3 193
3 69
3 152
3 194
3 195
3 64
3 196
3 31
3 197
3 33
3 198
3 2
3 199
3 124
3 200
3 36
3 201
3 202
3 17
3 99
3 53
3 154
3 143
3 8
3 203
3 118
3 30
3 204
3 205
3 121
3 136
3 206
3 22
3 89
3 207
3 26
3 90
3 187
3 45
3 208
3 209
3 34
3 6
3 72
3 112
3 37
3 157
3 210
3 211
3 212
3 96
3 111
3 213
3 214
3 215
3 44
3 101
3 159
3 216
3 217
3 218
3 117
3 219
3 220
3 221
3 129
3 222
3 223
3 224
3 65
3 225
3 226
3 105
3 227
3 228
3 88
3 75
3 229
3 104
3 230
3 231
3 48
3 113
3 232
3 233
3 56
3 185
3 234
3 158
3 4
3 148
3 181
3 235
3 7
3 236
3 80
3 237
3 106
3 238
3 239
3 240
3 241
3 242
3 243
3 244
3 245
3 246
3 247
3 91
3 248
3 249
3 92
3 250
3 126
3 251
3 52
3 252
3 253
3 43
3 63
3 77
3 178
3 49
3 254
3 255
3 256
3 257
721 21
355 21
355 219
355 5
355 258
355 196
355 169
355 259
355 216
355 260
355 157
355 261
355 133
355 262
367 263
367 53
651 264
722 37
421 265
421 266
421 267
421 10
421 268
421 269
421 101
421 77
421 135
421 36
421 270
421 271
421 157
421 43
421 124
421 31
308 272
308 273
308 274
308 275
438 3
438 18
438 276
438 152
438 277
139 278
139 142
139 167
139 279
139 280
139 281
139 282
139 283
139 107
469 284
81 21
81 0
81 45
81 6
446 285
446 167
446 69
9 9
9 6
723 109
723 286
418 129
187 287
187 121
187 99
634 288
634 289
663 167
663 37
663 118
663 150
144 290
144 291
144 292
144 6
144 293
144 294
144 295
724 181
725 159
437 187
437 296
416 259
416 31
416 37
416 6
320 297
320 61
320 43
320 193
320 298
320 299
320 76
320 159
320 52
320 113
320 300
320 160
320 301
605 190
605 6
683 219
624 302
156 221
156 51
156 303
275 140
275 250
275 10
275 304
275 165
275 15
275 8
275 118
275 305
275 306
275 307
275 308
687 129
687 309
472 310
476 72
476 21
476 31
476 304
476 311
476 11
476 140
476 4
476 93
476 84
476 0
476 29
476 74
476 312
700 64
700 274
215 138
215 313
215 17
215 191
603 92
603 6
512 6
323 314
323 315
323 133
323 159
159 221
159 316
159 129
159 14
159 317
159 226
159 263
159 278
159 5
159 318
159 319
159 27
159 320
159 230
159 6
159 72
159 321
159 286
159 322
159 233
159 252
159 173
159 3
159 77
159 323
159 4
159 112
159 180
159 148
159 55
159 324
100 325
100 278
100 326
100 327
100 21
100 165
100 6
100 167
100 8
100 65
100 328
100 41
100 288
513 4
513 329
417 330
306 331
306 275
306 113
553 8
553 178
584 263
612 4
612 97
612 44
581 84
726 266
727 272
224 60
224 36
224 3
224 55
224 5
224 332
16 333
16 89
566 308
226 3
360 334
360 286
360 335
182 274
182 14
182 336
182 337
182 311
182 338
182 182
182 4
182 339
182 263
182 340
182 341
695 103
420 3
420 77
461 3
461 36
461 17
515 102
515 10
87 189
88 321
88 342
88 53
88 3
88 101
88 241
88 6
88 52
88 10
88 306
88 343
88 133
88 121
88 105
88 252
88 344
468 56
468 61
468 345
468 17
75 78
75 8
75 316
75 18
75 346
75 224
75 281
75 17
75 204
75 21
75 321
75 347
75 348
75 207
75 330
75 260
75 90
75 319
75 29
75 31
75 62
75 278
75 37
75 285
75 274
75 3
75 178
75 349
75 350
75 276
75 102
75 117
470 177
470 8
260 351
260 352
260 63
260 353
260 354
260 75
260 260
260 355
260 69
260 356
260 341
639 3
639 110
639 357
639 175
639 279
96 21
96 31
96 233
96 45
96 358
96 211
96 221
96 37
96 305
96 87
96 359
96 20
96 121
96 301
96 77
96 341
79 221
79 129
79 140
79 65
79 289
79 148
335 360
728 3
373 148
373 56
373 361
373 159
454 33
592 112
592 90
510 4
120 362
120 36
120 229
606 6
297 4
297 320
68 193
68 235
68 69
412 22
412 54
184 118
184 6
729 148
729 180
97 96
97 21
97 104
97 43
97 363
97 221
97 5
97 158
97 53
97 55
730 6
165 143
165 364
165 365
165 129
165 163
165 275
165 89
165 194
165 100
165 118
165 366
165 367
165 368
165 369
165 45
165 95
661 53
494 48
180 297
180 166
180 176
180 2
180 53
180 51
180 317
180 99
180 370
180 159
180 90
180 312
366 167
366 31
366 118
366 165
731 249
148 79
148 221
148 371
148 129
148 65
148 136
148 4
148 372
148 229
148 373
148 374
148 249
148 33
148 375
148 6
148 52
148 157
148 376
148 377
148 124
148 266
148 342
148 378
148 44
148 3
148 101
148 178
148 17
148 99
148 67
148 159
148 217
148 379
148 55
324 159
692 60
692 380
47 307
47 45
405 197
405 148
316 314
316 6
316 159
316 381
316 382
316 148
316 383
502 138
502 113
502 236
106 21
106 44
106 3
106 163
106 344
106 64
106 384
106 105
31 385
31 386
31 30
31 126
31 387
31 314
31 5
31 152
31 89
31 136
31 305
31 104
31 142
31 197
31 211
31 113
31 213
31 36
31 43
31 3
31 4
31 366
31 148
732 148
499 314
499 133
239 3
239 176
239 388
239 233
526 178
733 389
332 390
734 148
734 391
734 314
734 6
735 392
389 69
389 393
389 394
389 395
736 4
543 396
386 31
574 221
574 397
574 3
574 35
574 180
574 53
574 398
574 205
246 3
594 90
247 3
217 399
217 76
217 224
217 400
217 17
217 240
217 263
217 121
217 387
217 273
217 179
217 401
217 402
217 104
217 33
217 6
217 403
217 259
217 286
217 396
217 175
217 404
217 215
217 3
217 56
217 405
217 145
217 158
217 406
217 407
217 217
217 148
217 55
28 89
170 45
170 37
626 408
341 172
341 122
495 113
250 8
250 3
250 314
250 178
250 275
250 116
250 409
250 281
250 257
559 3
559 365
559 104
559 133
109 321
109 410
109 33
109 64
109 411
109 31
240 76
579 67
579 26
684 221
457 33
457 385
457 65
54 353
54 33
54 412
54 89
54 413
737 4
527 13
448 285
448 37
448 344
388 266
388 43
388 414
388 6
388 204
388 415
388 388
388 102
388 11
738 33
738 8
738 17
395 389
604 6
245 416
245 320
245 4
245 3
245 316
245 75
245 182
245 401
245 190
245 27
245 417
245 418
245 231
32 46
77 96
77 419
77 420
77 43
77 3
77 230
77 129
77 168
77 178
77 49
77 287
77 159
77 153
77 191
77 270
77 421
116 278
116 142
116 236
116 422
116 423
116 64
116 115
116 35
116 95
49 49
370 193
590 233
590 380
434 166
434 424
511 370
511 4
511 411
511 311
511 421
570 286
570 10
257 166
257 250
257 304
257 101
257 3
257 138
257 118
257 71
257 55
257 105
257 277
503 246
503 150
503 205
739 80
739 113
161 166
161 219
161 56
161 89
161 425
161 426
161 328
161 427
709 428
709 429
611 430
398 276
740 431
597 6
447 285
447 115
447 319
447 113
447 90
151 173
151 8
151 3
151 167
151 48
151 180
383 420
741 2
741 135
741 432
741 433
166 188
166 161
166 106
166 118
166 136
166 434
166 435
166 45
166 104
166 230
166 436
166 48
166 293
166 133
166 342
166 3
166 99
166 180
166 53
166 37
166 253
166 257
742 6
743 437
152 438
152 79
152 338
152 439
152 65
152 321
152 69
152 152
152 313
152 440
152 45
152 154
152 31
152 441
152 6
152 103
152 430
152 357
152 233
152 442
152 431
152 352
152 3
152 374
152 443
152 138
295 144
500 444
93 21
548 43
374 364
374 152
374 275
374 430
374 445
374 148
285 43
285 22
285 446
285 75
285 447
285 448
285 20
633 88
633 154
76 320
76 3
76 33
76 6
76 207
76 195
76 217
76 118
76 240
76 136
76 449
744 450
33 235
33 451
33 9
33 236
33 129
33 76
33 18
33 281
33 15
33 452
33 8
33 37
33 84
33 71
33 105
33 207
33 51
33 314
33 89
33 387
33 140
33 167
33 64
33 334
33 249
33 453
33 400
33 454
33 455
33 156
33 6
33 456
33 457
33 286
33 148
33 357
33 72
33 42
33 125
33 3
33 101
33 56
33 458
33 178
33 250
33 4
33 100
33 459
33 217
33 379
33 54
33 55
539 460
36 31
36 142
36 461
36 3
36 149
36 338
36 313
36 94
36 72
36 4
36 224
36 271
36 27
36 421
666 207
666 136
666 17
132 62
546 462
546 463
175 321
175 464
175 178
175 49
175 6
175 72
175 116
175 190
175 30
175 84
175 148
175 218
745 112
745 14
745 89
2 60
2 176
2 390
2 465
2 3
2 104
2 89
2 143
2 72
2 22
2 64
2 385
2 8
2 118
2 466
2 6
2 73
2 31
201 58
458 33
17 235
17 21
17 208
17 467
17 63
17 221
17 142
17 461
17 163
17 178
17 468
17 245
17 3
17 361
17 217
17 193
17 65
17 319
17 0
17 99
17 75
284 469
284 26
284 6
746 470
517 396
517 471
517 47
333 4
333 16
333 89
333 17
333 33
82 48
310 472
310 219
310 216
648 52
648 352
648 369
8 115
8 21
8 250
8 43
8 3
8 33
8 56
8 168
8 6
8 207
8 167
8 281
8 412
8 288
8 69
8 253
267 421
364 374
371 148
371 316
556 22
556 226
556 53
747 421
484 162
281 250
281 139
281 33
281 89
281 75
281 8
281 473
281 101
205 78
205 129
20 285
20 173
20 474
20 79
20 269
20 275
20 89
20 51
20 64
507 4
507 233
507 34
387 370
670 142
748 3
748 8
748 89
615 475
304 275
304 167
304 367
304 319
304 369
304 476
304 257
694 167
140 183
140 104
140 208
140 477
140 33
140 129
140 275
140 314
140 125
140 157
140 478
140 45
749 388
749 456
749 159
749 204
749 357
749 41
582 87
582 84
498 113
319 273
319 479
319 480
319 17
319 186
319 88
319 65
319 118
319 10
319 447
296 437
296 172
296 330
208 140
208 3
208 233
208 17
208 257
750 62
750 53
750 150
750 89
750 112
750 293
750 10
750 481
34 31
34 63
34 3
34 89
34 111
34 133
34 105
751 63
300 3
300 320
300 113
94 21
94 36
752 4
752 395
212 3
213 3
213 31
753 44
541 111
252 3
252 159
252 37
252 190
252 252
754 8
299 252
501 8
501 95
755 206
756 148
756 75
218 245
218 321
218 345
218 230
218 338
218 372
218 447
117 7
117 3
117 314
117 482
117 72
117 75
117 64
117 468
117 483
117 154
220 78
220 10
220 3
220 33
220 17
220 65
220 53
220 148
326 100
326 35
162 484
162 178
658 436
649 485
58 58
58 14
58 486
382 316
382 55
382 364
225 3
225 313
225 53
225 105
71 31
71 334
71 30
262 169
262 355
262 6
278 3
278 278
278 75
278 139
278 248
278 116
278 159
278 100
278 487
278 65
278 263
278 233
480 319
480 31
327 100
327 129
327 27
327 34
158 285
158 8
158 3
158 18
158 329
158 488
158 286
158 175
158 309
147 489
147 40
147 259
147 378
29 3
29 227
29 347
29 228
29 102
29 129
29 89
29 25
29 4
29 112
29 490
29 233
29 56
29 231
29 491
688 31
688 338
325 100
325 105
757 148
757 415
496 113
481 481
758 124
231 105
48 60
48 21
48 36
48 43
48 370
48 166
48 3
48 178
48 89
48 492
48 493
48 494
48 217
48 288
48 82
48 319
48 151
108 64
113 495
113 409
113 62
113 3
113 80
113 496
113 497
113 193
113 300
113 498
113 113
113 289
113 37
113 45
38 22
38 173
38 321
133 430
133 166
133 173
133 62
133 499
133 314
133 34
133 323
133 15
133 4
133 88
133 313
133 30
133 303
133 45
133 105
444 500
444 11
95 21
95 364
95 165
95 501
95 116
95 45
431 451
431 152
431 271
431 6
431 502
464 219
464 44
464 3
464 101
464 129
464 464
464 31
464 10
464 319
464 175
56 188
56 219
56 3
56 89
56 488
56 259
56 8
56 190
56 55
234 26
234 37
4 503
4 10
4 365
4 129
4 504
4 104
4 30
4 263
4 121
4 105
4 505
4 506
4 507
4 87
4 89
4 245
4 508
4 509
4 510
4 27
4 31
4 109
4 33
4 21
4 6
4 231
4 411
4 200
4 511
4 133
4 173
4 36
4 342
4 274
4 44
4 512
4 159
4 513
4 417
4 148
4 256
4 421
4 57
102 176
102 250
102 514
102 515
102 516
102 298
102 152
102 230
102 4
102 517
102 319
102 263
102 29
102 518
73 62
277 169
277 519
277 438
277 27
277 204
759 148
759 273
760 337
761 113
762 95
237 91
237 8
237 10
237 6
311 182
311 511
311 430
311 476
311 336
657 520
621 493
621 6
317 521
317 522
317 159
317 37
317 523
317 121
317 11
453 78
453 3
453 33
453 524
453 525
453 6
453 52
453 148
453 526
453 71
703 61
703 131
328 100
328 161
328 257
466 2
763 527
763 111
261 528
261 355
315 529
315 502
315 250
315 323
471 121
361 530
361 531
361 532
361 533
361 534
491 535
491 536
491 537
491 69
491 180
491 10
491 538
491 29
764 89
765 187
640 129
598 521
23 0
23 62
23 89
766 3
460 539
460 102
547 92
547 43
767 69
74 235
74 90
92 62
92 390
92 175
92 309
542 540
174 112
174 215
111 541
111 109
111 64
111 89
111 34
111 26
111 411
111 180
111 10
111 6
111 105
551 542
200 4
200 129
396 517
396 173
396 543
396 158
396 6
307 35
307 180
307 275
307 544
307 47
244 3
244 31
392 545
392 321
768 298
768 37
462 546
43 8
43 452
43 190
43 191
43 226
43 388
43 4
43 89
43 167
43 547
43 548
43 31
43 422
43 94
43 6
43 321
43 357
43 124
43 432
43 266
43 101
43 522
43 77
43 99
43 517
43 138
576 549
63 143
63 528
63 550
63 551
63 105
63 217
63 11
708 298
769 390
178 250
178 526
178 183
178 51
178 5
178 25
178 75
178 288
178 33
178 552
178 45
178 230
178 456
178 48
178 357
178 3
178 101
178 35
178 421
178 287
178 4
178 148
178 553
178 143
22 285
22 554
22 273
22 45
22 555
22 157
22 167
22 3
22 101
22 556
22 176
22 89
22 488
22 26
22 38
22 557
22 161
255 273
255 8
255 79
255 26
255 157
255 55
255 395
614 221
614 3
286 235
286 233
286 159
312 180
312 476
419 77
419 558
385 2
385 31
385 342
385 457
385 129
188 166
188 3
188 56
188 150
188 89
188 182
188 90
188 204
536 491
365 345
365 559
365 51
365 165
365 72
365 4
365 452
365 180
365 355
365 90
365 204
529 560
163 18
163 17
163 135
163 106
163 165
163 398
163 319
163 45
15 235
15 42
15 274
15 33
15 129
15 275
15 73
15 288
15 120
15 133
15 41
15 561
15 562
190 245
190 31
190 43
190 563
190 56
190 18
190 72
190 37
190 564
190 232
190 133
190 175
190 252
710 565
134 62
209 3
209 173
209 566
209 264
506 4
193 68
193 320
193 567
193 405
193 568
193 370
193 113
193 204
193 121
193 569
69 68
69 390
69 8
69 113
69 446
25 25
25 178
25 89
25 29
508 4
770 570
509 571
509 4
509 87
509 83
11 319
11 113
11 572
11 89
11 63
771 3
771 21
772 389
773 10
773 573
422 21
422 43
422 51
422 89
422 116
422 330
422 118
422 343
198 403
198 3
343 343
343 422
343 318
343 88
35 116
35 326
35 80
35 178
35 89
35 574
35 64
35 575
35 168
35 107
35 307
35 45
384 106
601 6
774 175
557 22
557 167
549 576
669 577
404 69
404 217
775 101
610 478
610 62
610 578
610 44
776 105
595 120
595 44
497 113
67 67
67 235
67 579
67 65
67 148
459 33
379 148
379 43
379 387
379 33
126 31
126 62
126 5
473 36
473 281
473 274
662 105
662 99
203 37
203 89
191 111
191 3
191 77
674 72
550 63
424 288
30 109
30 129
30 6
30 180
30 288
30 71
30 121
84 78
84 235
84 21
84 580
84 581
84 33
84 89
84 6
84 370
84 411
84 582
84 286
84 583
84 53
84 318
84 148
84 276
84 175
263 584
263 159
263 555
263 86
263 348
263 585
263 4
263 217
263 288
263 367
263 283
263 368
263 102
263 586
121 96
121 62
121 63
121 3
121 317
121 6
121 4
121 88
121 216
121 65
121 30
121 193
121 187
121 387
206 3
206 587
321 3
321 175
321 77
321 26
321 148
321 276
321 218
321 202
321 392
467 406
467 5
467 37
777 588
233 78
233 80
233 10
233 239
233 507
233 105
233 278
233 85
233 159
233 152
233 194
233 88
233 353
233 29
233 589
233 259
233 376
233 96
233 43
233 352
233 3
233 590
233 55
192 3
192 249
778 113
26 591
26 321
26 441
26 559
26 78
26 22
26 89
26 111
26 52
26 161
779 337
780 72
90 98
90 592
90 477
90 3
90 365
90 176
90 593
90 21
90 163
90 112
90 594
90 447
90 552
90 74
1 48
435 166
435 35
435 420
368 104
368 142
368 334
368 595
368 165
368 596
368 52
368 597
368 119
368 263
368 598
368 89
616 276
202 235
202 580
202 3
202 599
202 260
202 600
202 65
202 143
554 22
554 3
554 58
554 37
554 10
345 274
345 563
345 365
345 468
345 140
345 10
345 218
711 51
781 5
6 161
6 14
6 597
6 601
6 144
6 21
6 133
6 152
6 194
6 493
6 88
6 11
6 31
6 62
6 33
6 266
6 376
6 175
6 173
6 36
6 17
6 99
6 53
6 421
6 438
6 165
6 30
6 204
6 121
6 321
6 89
6 26
6 602
6 90
6 538
6 319
6 416
6 72
6 37
6 96
6 44
6 603
6 101
6 512
6 159
6 100
6 217
6 604
6 55
6 219
6 605
6 76
6 8
6 65
6 0
6 105
6 278
6 85
6 313
6 27
6 269
6 38
6 357
6 606
6 176
6 431
6 3
6 607
6 608
6 158
6 4
6 180
6 148
6 73
6 235
6 7
6 237
6 439
6 10
6 314
6 5
6 247
6 154
6 250
6 71
6 259
6 609
6 388
6 271
112 265
112 610
112 269
112 159
112 29
112 277
270 77
270 421
430 611
430 180
430 133
430 447
430 374
782 113
211 96
211 31
783 131
591 26
591 204
591 101
425 9
394 389
784 3
784 90
785 91
44 235
44 342
44 612
44 4
44 3
44 26
44 613
44 595
44 6
44 106
44 464
44 271
44 90
44 148
44 45
44 50
786 113
524 69
524 521
349 75
787 614
475 615
276 616
253 3
253 166
253 8
55 80
55 224
55 65
55 10
55 321
55 89
55 140
55 26
55 229
55 319
55 142
55 33
55 37
55 266
55 43
55 477
55 97
55 101
55 56
55 159
55 217
55 148
55 181
55 57
483 117
788 588
789 142
303 156
157 173
157 8
157 43
157 3
157 56
157 85
157 6
157 140
157 255
157 205
157 148
563 181
563 190
568 193
227 4
227 56
227 43
227 617
18 80
18 33
18 618
18 75
18 204
7 3
7 89
7 6
7 26
7 52
7 105
531 250
452 33
452 21
452 43
452 365
65 584
65 235
65 9
65 477
65 79
65 3
65 202
65 619
65 152
65 457
65 88
65 121
65 65
65 288
65 289
65 314
65 100
65 369
65 55
65 414
65 516
19 620
19 89
618 18
618 352
194 621
194 3
194 5
194 165
194 6
194 37
105 7
105 622
105 623
105 225
105 121
105 23
105 195
105 88
105 45
105 249
105 325
105 33
105 34
105 6
105 456
105 36
105 3
105 478
105 17
105 4
105 355
105 53
105 421
105 257
646 249
790 359
790 33
791 228
792 56
793 470
794 310
302 624
490 29
575 52
575 352
168 43
168 35
168 278
168 45
27 320
27 608
27 152
27 163
27 313
27 6
27 245
27 4
27 36
27 609
27 625
27 148
27 29
27 277
27 138
301 521
571 509
104 166
104 176
104 31
104 559
104 97
104 3
104 140
104 195
104 2
104 217
104 310
104 368
104 71
104 105
408 626
534 627
534 361
269 20
269 112
269 6
375 3
375 148
625 27
456 3
456 4
456 189
456 178
456 33
532 3
532 213
532 361
532 10
532 628
357 33
357 187
357 152
357 43
357 6
795 629
114 630
114 631
587 577
587 37
176 104
176 470
176 79
176 3
176 180
176 5
176 230
176 17
176 6
176 67
176 578
176 2
176 37
176 90
176 632
176 148
176 22
176 45
176 136
176 144
176 44
266 5
266 6
266 37
266 148
266 388
266 55
266 421
266 308
351 260
351 63
477 55
477 319
477 65
477 90
796 88
537 417
537 230
537 265
41 15
41 89
128 62
154 633
154 259
154 152
154 173
154 6
289 79
289 634
289 178
289 138
289 65
289 90
101 591
101 21
101 8
101 43
101 3
101 635
101 405
101 6
101 72
101 406
101 259
101 33
101 91
101 55
39 89
181 62
181 45
181 372
181 90
181 91
181 55
181 421
66 528
518 36
518 388
518 102
679 142
679 617
668 636
668 637
668 44
135 638
135 163
135 639
135 197
135 99
236 3
236 33
236 116
521 598
521 317
585 263
439 230
439 152
439 6
172 296
172 341
426 314
426 161
10 129
10 145
10 350
10 49
10 62
10 144
10 491
10 554
10 21
10 321
10 580
10 640
10 89
10 372
10 195
10 88
10 319
10 641
10 237
10 345
10 436
10 275
10 111
10 48
10 123
10 233
10 187
10 642
10 173
10 342
10 532
10 541
10 464
10 56
10 178
10 158
10 4
10 55
10 421
10 643
797 393
798 43
798 564
241 3
241 88
241 330
241 113
241 229
242 3
474 89
799 172
347 101
347 129
347 644
347 75
347 645
347 29
372 245
372 219
800 437
305 96
305 31
305 275
645 53
645 347
552 178
552 90
801 580
249 3
249 33
249 49
249 148
249 202
249 192
249 646
802 37
802 481
803 224
561 15
561 647
561 629
665 3
665 78
442 152
804 45
369 648
369 65
369 165
805 38
185 441
185 6
806 96
485 649
443 235
329 43
329 158
329 650
329 260
329 513
329 202
254 3
264 651
264 209
264 652
264 653
264 499
807 43
256 3
256 4
130 148
808 436
413 54
143 272
143 2
143 63
143 165
143 125
143 609
143 202
143 118
14 479
14 3
14 556
14 158
14 6
14 182
189 87
145 654
145 129
145 43
145 10
145 501
809 235
376 3
376 148
376 37
376 6
677 56
677 37
677 196
810 166
122 4
122 655
122 411
558 33
558 120
558 204
811 12
811 65
811 56
811 580
812 49
813 8
86 263
86 656
86 86
86 45
814 657
493 6
309 92
309 158
525 453
436 166
436 3
436 658
436 10
436 659
436 73
667 228
815 449
411 109
411 511
411 111
411 150
411 122
487 278
131 62
131 202
583 84
816 421
283 139
283 263
530 361
393 389
393 148
393 0
393 4
817 60
817 176
817 37
336 259
336 311
613 44
331 306
358 91
358 112
59 660
53 166
53 43
53 235
53 3
53 556
53 99
53 271
53 6
53 102
53 661
339 182
818 18
659 662
659 436
98 90
57 4
57 55
57 89
819 113
272 308
820 86
820 405
533 361
12 3
12 372
12 103
80 3
80 18
80 35
80 138
80 113
80 233
622 105
118 166
118 2
118 184
118 3
118 422
118 76
118 275
118 165
118 143
118 663
118 167
118 664
118 319
118 175
118 136
118 257
676 46
676 409
676 37
204 558
204 75
204 3
204 365
204 76
204 18
204 6
204 159
204 121
204 37
204 148
204 388
204 102
204 665
567 175
567 5
567 55
567 89
656 86
821 183
821 105
821 90
821 609
136 3
136 68
136 31
136 389
136 76
136 176
136 51
136 37
136 118
136 30
136 666
136 50
136 197
0 60
0 81
0 17
0 6
0 23
0 393
0 476
401 246
401 191
822 667
348 75
348 263
823 563
330 417
330 422
330 241
288 330
288 634
288 178
288 6
288 15
288 100
288 52
288 424
288 263
288 48
636 668
636 352
641 617
641 10
577 669
824 531
110 64
142 125
142 670
142 139
142 6
142 116
142 31
142 260
142 53
142 36
142 671
142 368
142 55
142 672
354 619
354 112
354 260
354 6
414 524
414 468
414 167
414 260
414 673
414 65
414 388
377 148
72 235
72 438
72 221
72 365
72 129
72 178
72 65
72 0
72 190
72 105
72 21
72 89
72 33
72 94
72 6
72 2
72 113
72 175
72 476
72 390
72 176
72 36
72 3
72 101
72 56
72 674
72 99
72 159
72 148
72 117
72 421
216 259
216 63
216 675
216 191
37 235
37 203
37 191
37 587
37 676
37 204
37 677
37 105
37 183
37 389
37 69
37 5
37 194
37 663
37 167
37 577
37 62
37 33
37 6
37 678
37 176
37 266
37 44
37 3
37 234
37 99
37 55
617 679
617 227
617 641
617 129
617 680
681 681
13 527
13 121
13 10
825 682
251 3
251 71
42 15
214 3
214 105
479 75
479 319
479 14
706 175
706 18
706 579
706 88
706 138
706 91
706 55
353 233
353 54
353 273
353 138
353 260
46 32
46 129
46 676
702 78
153 173
153 77
826 418
826 17
827 355
828 113
219 265
219 161
219 683
219 56
219 6
219 372
219 169
219 355
219 294
219 310
219 105
221 78
221 250
221 62
221 684
221 3
221 33
221 79
221 156
221 17
221 574
221 4
221 65
221 53
221 614
129 385
129 10
129 79
129 12
129 145
129 30
129 204
129 418
129 685
129 4
129 640
129 327
129 152
129 313
129 89
129 140
129 75
129 686
129 29
129 74
129 62
129 72
129 464
129 200
129 103
129 617
129 193
129 167
129 115
129 687
129 3
129 101
129 46
129 77
129 165
129 159
129 148
129 56
338 688
338 36
350 10
829 50
523 317
183 140
183 148
183 99
183 178
183 469
85 21
85 6
85 689
85 157
85 91
85 357
85 233
505 29
631 319
631 114
638 135
830 690
397 574
313 263
313 215
313 274
313 3
313 175
313 129
313 152
313 608
313 6
313 4
313 36
313 37
313 225
313 133
313 27
578 99
318 691
318 478
318 159
318 84
318 91
318 561
318 343
229 3
229 148
229 55
229 113
445 374
673 414
380 692
380 60
380 79
380 129
380 590
380 693
400 33
441 26
230 166
230 176
230 108
230 3
230 504
230 94
230 583
230 218
230 421
619 65
619 497
831 182
115 8
115 129
115 116
115 64
115 447
115 113
832 90
123 222
123 316
123 613
123 149
123 10
123 27
232 3
232 190
167 8
167 342
167 22
167 33
167 129
167 694
167 414
167 663
167 304
167 100
167 118
167 157
167 314
167 139
167 71
167 143
167 151
103 695
103 12
103 18
103 129
103 152
103 696
103 91
103 319
678 37
586 263
342 697
342 385
342 698
342 167
342 195
342 48
342 10
342 148
342 699
274 182
274 700
274 75
274 3
274 5
274 313
274 15
274 195
274 88
274 473
274 343
274 507
274 105
274 4
635 3
635 635
635 21
635 101
177 470
607 6
522 43
608 36
608 102
608 6
179 217
179 45
492 48
406 101
406 181
406 678
409 250
409 5
409 62
409 113
409 676
632 101
632 609
50 619
50 89
50 701
50 91
50 136
50 392
643 10
630 113
630 114
78 62
78 21
78 31
78 220
78 161
78 221
78 230
78 702
78 34
78 26
78 205
78 233
78 665
78 252
160 61
160 45
833 148
834 3
834 703
834 102
399 217
150 663
150 188
150 411
150 56
150 503
70 235
83 21
83 509
83 672
835 90
672 235
672 142
672 83
265 102
265 270
265 27
273 316
273 353
273 217
273 255
273 135
580 5
580 202
580 84
243 3
314 316
314 250
314 426
314 499
314 704
314 140
314 167
314 88
314 33
314 31
314 25
314 298
314 6
314 412
314 199
314 133
314 43
314 274
314 323
314 138
314 190
314 117
5 31
5 3
5 504
5 178
5 409
5 37
5 705
5 144
344 89
836 148
91 21
91 62
91 706
91 3
91 101
91 173
91 317
91 213
91 318
91 398
91 85
91 103
837 178
271 431
271 178
271 707
271 6
271 52
271 53
271 36
271 421
697 342
838 104
298 708
298 102
839 6
127 62
259 416
259 147
259 56
259 111
259 4
259 216
259 217
259 355
259 336
259 101
259 233
259 154
52 648
52 7
52 218
52 3
52 69
52 89
52 453
52 26
52 88
52 320
52 113
52 148
52 306
840 135
609 409
609 6
519 62
519 147
429 709
390 92
352 648
352 352
352 636
352 556
352 224
352 260
352 575
352 618
352 233
352 152
565 710
186 319
186 99
51 62
51 711
51 101
51 422
51 178
51 94
51 156
51 30
51 365
51 136
138 320
138 27
138 152
138 245
138 289
138 45
713 712
712 3
712 31
712 713
