690 0
842 1
530 2
530 3
530 4
866 5
866 6
429 7
429 8
429 9
429 10
429 11
429 12
429 13
17 14
17 15
17 16
16 17
635 18
549 19
549 20
102 21
102 22
102 20
102 23
102 24
102 25
102 26
102 27
102 28
102 4
102 29
102 30
102 31
102 32
102 33
102 34
5 35
5 36
5 37
5 38
5 39
5 40
5 41
5 42
5 43
5 44
5 45
5 46
5 47
5 48
5 3
5 49
821 50
821 51
510 52
910 53
910 54
910 55
162 21
162 56
162 57
162 58
162 59
162 60
162 0
162 61
162 62
162 63
162 64
162 65
162 66
162 67
162 48
162 37
162 68
162 69
162 70
162 1
162 71
162 72
162 73
162 53
162 74
162 22
162 75
162 76
162 77
162 78
162 79
435 80
435 48
435 81
537 82
537 83
409 82
409 70
409 84
409 39
409 85
409 4
409 86
129 87
129 69
129 88
129 22
129 37
129 20
129 89
129 90
129 91
129 92
129 63
129 18
129 4
129 93
129 94
129 95
129 96
129 97
129 98
455 22
455 70
455 99
455 63
509 58
509 79
34 100
34 101
34 48
34 102
390 103
390 104
390 23
390 39
390 105
390 106
390 48
390 107
390 108
822 109
219 87
219 74
219 22
219 110
219 111
219 112
219 113
219 114
219 115
219 0
219 116
219 117
219 86
123 82
123 118
123 58
123 119
123 120
123 121
862 58
862 21
862 31
911 122
912 70
913 53
913 123
913 101
566 124
677 125
677 10
391 23
914 126
392 103
392 127
392 38
392 23
392 111
392 128
392 119
392 129
392 130
392 86
505 82
505 131
505 132
505 133
505 38
100 103
100 0
100 134
100 135
100 136
100 137
100 31
100 121
100 34
871 24
196 138
196 139
196 140
196 141
196 113
196 119
196 142
196 143
369 144
369 145
198 82
198 146
198 147
198 148
198 125
198 149
198 150
198 151
198 152
198 142
198 153
198 48
198 107
198 154
915 155
187 58
187 156
70 157
70 46
70 158
70 159
70 160
70 161
70 162
70 163
70 164
70 165
70 166
70 47
70 167
70 73
70 82
70 70
70 22
70 168
70 169
70 151
70 170
70 48
131 171
916 64
909 172
229 72
229 106
229 17
229 173
229 25
229 10
229 174
229 158
229 48
229 175
302 27
619 176
705 117
917 10
252 177
252 178
252 179
252 38
252 32
252 42
252 180
252 181
252 182
622 183
622 49
622 184
195 142
195 4
195 112
195 185
576 25
576 186
156 187
142 98
142 188
142 189
142 190
142 191
142 192
142 193
142 194
142 131
142 69
142 106
142 77
142 195
142 196
142 197
142 198
535 177
535 199
535 200
535 201
535 20
535 85
535 202
535 203
535 204
535 63
535 28
535 205
535 206
535 207
535 208
535 74
535 209
535 210
91 53
91 129
91 211
91 212
717 213
205 214
205 86
205 215
918 22
773 216
773 48
888 217
115 218
115 219
115 107
158 21
158 220
158 20
158 14
158 221
158 217
158 103
158 11
158 222
158 223
158 134
158 49
158 224
158 10
158 125
158 90
158 32
158 225
158 63
158 162
158 28
158 3
158 33
158 146
158 45
158 226
158 227
158 18
158 1
158 122
158 107
158 54
158 228
158 164
158 70
158 22
158 229
158 151
158 230
158 231
376 232
376 49
919 72
879 233
255 234
310 48
310 149
310 69
310 235
310 236
310 0
310 237
310 148
310 238
310 79
32 21
32 239
32 169
32 240
32 241
32 151
32 242
32 158
32 11
32 101
32 86
32 243
32 155
32 63
32 10
32 244
32 245
32 246
32 69
32 247
32 82
32 248
32 22
32 249
32 250
32 214
32 75
32 251
32 140
32 252
32 48
32 253
830 26
371 173
920 82
920 254
920 255
864 256
864 3
864 15
864 48
737 257
737 258
737 11
737 108
641 259
641 260
641 261
641 188
641 26
625 262
625 215
751 37
299 263
299 27
299 84
299 10
299 144
299 264
398 108
629 265
356 251
141 266
141 267
141 39
141 59
141 1
141 268
30 171
30 269
30 106
30 270
30 102
216 23
216 256
216 101
216 46
216 271
426 31
268 141
654 22
7 272
248 155
248 32
248 26
248 273
248 253
194 257
194 147
194 274
194 275
194 276
194 277
194 278
321 21
321 279
321 22
921 164
854 280
854 265
922 238
922 103
695 0
876 163
923 22
488 270
291 72
291 125
291 281
291 109
291 92
291 282
291 283
327 146
327 103
327 284
327 37
327 285
327 286
327 247
327 287
327 188
327 288
327 289
924 21
572 290
534 214
758 291
758 292
758 293
758 151
925 43
275 14
275 294
275 63
275 295
275 296
275 107
275 297
275 194
824 298
926 50
621 49
27 177
27 129
27 299
27 20
27 300
27 301
27 302
27 215
27 303
27 304
27 86
512 305
512 288
512 0
512 182
810 306
443 72
443 37
443 63
443 307
443 308
443 309
829 236
829 26
829 310
829 311
516 4
516 113
516 312
927 313
303 138
303 51
303 243
303 214
303 27
303 18
303 314
303 180
303 86
303 315
903 1
763 316
656 5
656 22
470 317
470 318
470 152
470 226
470 208
470 180
470 63
470 319
506 4
506 320
928 63
929 10
929 42
279 258
279 321
777 47
777 88
777 322
777 262
777 323
743 32
743 86
286 324
286 37
286 325
286 259
286 26
286 320
286 326
286 0
286 48
286 327
286 3
286 289
414 39
793 146
553 328
875 328
444 82
444 200
444 329
444 127
444 330
444 125
444 269
444 42
444 151
444 320
444 331
444 332
444 48
444 22
444 333
444 198
444 334
107 146
107 106
107 275
107 258
107 335
107 109
107 336
107 158
107 198
107 337
94 300
94 54
94 129
930 21
930 101
930 38
931 320
789 177
789 17
789 106
789 338
789 92
789 339
789 134
789 340
789 341
932 40
932 143
932 320
884 342
884 282
884 45
884 262
884 335
169 138
169 70
169 139
169 343
831 39
831 22
933 119
933 344
587 58
587 74
587 22
587 81
934 345
585 1
585 346
585 347
735 119
735 200
171 131
171 217
171 262
171 348
548 19
548 232
548 22
679 85
725 294
57 349
57 266
57 350
57 277
57 162
57 247
57 1
57 351
57 305
57 218
57 86
57 352
901 1
935 220
935 45
935 215
935 105
935 129
935 198
935 121
402 353
402 354
251 355
251 32
251 356
251 357
661 38
823 109
823 328
483 358
483 359
483 48
483 58
483 90
483 40
483 360
483 148
483 355
483 79
223 22
223 361
223 262
223 151
223 362
223 158
223 48
223 315
601 363
601 49
601 154
936 179
937 171
937 262
937 38
491 53
491 273
161 21
161 70
161 259
161 151
161 81
161 364
161 10
161 62
87 14
87 365
87 320
87 152
87 10
87 129
87 48
87 194
87 366
145 177
145 365
145 103
145 270
145 262
145 367
145 48
145 335
145 144
145 368
145 0
145 148
145 265
145 288
145 369
145 370
224 158
173 21
173 106
173 179
173 371
173 40
173 229
173 63
173 372
173 10
173 217
173 144
173 3
173 288
938 373
939 374
536 214
43 5
593 40
232 375
232 262
232 139
232 376
890 217
904 377
458 378
458 48
458 63
608 220
940 48
736 48
138 379
138 38
138 380
138 10
138 85
138 169
138 151
138 63
138 372
138 303
138 122
138 243
138 86
174 146
174 103
174 229
174 282
174 48
941 169
245 381
245 1
245 151
245 382
665 383
665 70
665 20
665 243
665 90
665 25
665 343
665 48
665 384
330 48
23 200
23 20
23 58
23 385
23 217
23 4
23 386
23 86
23 108
23 118
23 387
23 289
23 388
23 389
23 102
23 65
23 390
23 154
23 103
23 391
23 119
23 392
23 148
23 393
23 394
23 74
23 320
23 112
23 339
23 163
23 48
23 351
23 216
23 31
624 395
724 396
724 143
942 238
639 18
247 327
247 115
247 57
540 214
540 45
540 0
540 160
554 19
238 22
238 397
238 361
238 398
238 243
238 40
238 399
238 400
238 389
943 8
944 38
354 401
354 402
723 143
945 25
575 6
253 146
253 155
253 248
253 403
482 404
482 359
482 110
39 171
39 5
39 405
39 406
39 19
39 407
39 215
39 217
39 158
39 355
39 101
39 49
39 408
39 70
39 409
39 243
39 25
39 410
39 344
39 411
39 389
39 3
39 390
39 412
39 66
39 290
39 18
39 413
39 85
39 414
39 15
39 119
39 304
39 88
39 61
39 122
39 415
39 315
39 82
39 343
39 22
39 133
39 38
39 40
39 416
39 151
39 320
39 319
39 125
39 230
39 164
39 48
39 298
39 118
39 4
335 267
199 63
31 21
31 220
31 19
31 374
31 105
31 100
31 417
31 418
31 102
31 408
31 106
31 419
31 420
31 421
31 422
31 23
31 423
31 424
31 425
31 107
31 426
31 346
31 328
31 88
31 249
31 36
31 76
31 339
31 427
31 77
31 48
584 90
584 428
167 82
167 5
167 48
167 63
709 265
689 0
946 70
8 53
8 203
8 429
8 292
8 1
8 430
8 244
8 313
8 431
9 72
9 138
9 432
9 38
9 269
9 10
9 429
9 392
731 269
374 433
374 58
374 48
374 200
374 434
374 31
80 19
80 374
80 103
80 101
80 86
80 401
80 408
80 51
80 435
80 63
80 28
80 390
80 154
80 436
80 398
80 281
80 437
80 438
80 384
80 439
80 440
80 229
80 48
80 441
80 442
947 291
308 40
308 147
308 443
948 58
948 122
948 26
333 444
333 234
907 445
845 21
403 365
403 188
403 253
403 25
403 26
403 144
403 143
403 446
403 154
949 447
590 40
590 134
590 25
590 255
590 448
433 374
816 315
950 101
836 119
836 85
63 449
63 220
63 450
63 20
63 58
63 68
63 215
63 80
63 451
63 0
63 158
63 452
63 79
63 200
63 86
63 453
63 397
63 454
63 10
63 243
63 82
63 32
63 25
63 317
63 443
63 162
63 129
63 455
63 206
63 456
63 457
63 458
63 3
63 459
63 460
63 319
63 146
63 138
63 461
63 201
63 462
63 407
63 109
63 294
63 176
63 463
63 464
63 18
63 88
63 1
63 465
63 342
63 466
63 394
63 53
63 315
63 14
63 74
63 22
63 382
63 249
63 214
63 467
63 151
63 468
63 469
63 173
63 262
63 48
63 291
63 199
63 434
63 269
63 350
63 470
63 275
63 471
806 17
951 392
951 22
46 216
46 70
46 22
46 149
46 20
952 70
53 188
53 472
53 20
53 8
53 91
53 111
53 292
53 473
53 4
53 400
53 474
53 101
53 49
53 86
53 475
53 294
53 476
53 155
53 25
53 477
53 63
53 388
53 478
53 403
53 50
53 430
53 146
53 127
53 23
53 68
53 134
53 392
53 122
53 198
53 139
53 149
53 39
53 151
53 320
53 128
53 443
53 479
53 0
53 480
359 481
359 145
359 301
359 482
359 68
359 408
359 215
359 230
359 483
359 484
638 18
191 142
35 5
616 405
616 15
235 1
765 293
872 236
953 5
671 21
671 48
671 215
502 301
502 217
612 33
346 445
346 14
346 147
346 321
346 485
346 221
346 410
346 22
346 3
346 83
346 31
346 244
954 329
685 21
685 32
685 486
685 487
685 18
685 144
685 48
955 488
489 489
267 490
267 365
267 351
267 61
267 294
318 470
318 491
318 103
318 151
318 315
605 4
657 22
657 262
660 492
493 22
493 493
493 494
177 66
177 481
177 188
177 145
177 38
177 89
177 281
177 151
177 0
177 452
177 495
177 294
324 496
324 101
324 26
324 289
325 164
325 67
301 21
301 497
301 326
301 217
301 0
301 4
301 498
301 288
301 336
301 499
301 10
301 28
301 273
301 389
301 146
301 37
301 259
301 186
301 500
301 364
301 1
301 501
301 502
301 383
301 503
301 22
301 36
301 38
301 214
301 339
301 48
301 504
159 298
159 70
159 85
159 505
111 506
111 106
111 507
111 36
111 38
111 40
111 87
111 176
111 85
111 10
111 304
111 508
111 0
111 148
111 261
839 509
839 88
839 477
839 48
956 105
157 164
157 70
428 53
428 455
428 217
428 1
428 21
473 53
473 84
473 48
498 40
498 113
609 507
533 214
533 265
355 5
355 14
355 510
355 88
355 511
355 38
355 251
355 48
386 23
386 326
386 217
386 61
894 217
175 243
175 512
175 229
175 22
175 48
365 82
365 87
365 188
365 145
365 106
365 267
365 103
365 4
365 288
365 368
365 403
365 13
361 238
361 513
361 223
361 514
361 515
113 53
113 146
113 219
113 196
113 200
113 11
113 440
113 478
113 19
113 516
113 48
113 152
113 499
113 28
113 153
113 122
113 498
113 206
113 101
113 504
113 148
718 151
718 411
718 215
719 294
719 411
419 372
419 517
508 149
508 22
508 198
153 215
153 193
153 113
153 517
957 518
420 214
420 31
420 212
117 14
117 19
551 19
958 48
244 383
244 294
244 262
244 346
244 32
244 217
244 222
244 368
244 472
959 22
697 519
697 324
697 520
697 374
697 326
697 365
697 521
697 106
697 522
697 3
697 280
697 523
697 408
697 464
697 524
697 249
697 40
697 15
697 335
697 48
697 525
697 441
960 126
190 217
190 154
865 217
526 282
526 526
69 376
69 11
69 142
69 407
69 158
69 498
69 49
69 527
69 322
69 32
69 528
69 146
69 78
69 119
69 47
69 133
69 82
69 36
69 262
69 38
69 269
69 58
69 350
69 529
69 48
69 149
304 530
304 262
304 14
304 39
304 407
304 111
304 372
185 151
353 316
463 449
463 90
463 11
463 63
367 145
431 8
694 42
961 327
249 358
249 146
249 531
249 58
249 214
249 32
249 76
249 215
249 387
249 532
249 31
556 82
556 23
556 19
556 76
556 388
556 58
214 56
214 220
214 533
214 534
214 256
214 535
214 407
214 205
214 215
214 217
214 0
214 139
214 222
214 63
214 86
214 10
214 32
214 536
214 537
214 303
214 538
214 539
214 3
214 368
214 132
214 138
214 266
214 84
214 119
214 540
214 82
214 541
214 249
214 301
214 149
214 168
214 542
214 320
214 85
214 144
214 244
214 213
214 4
430 53
430 543
430 294
430 125
430 301
430 8
430 48
430 544
962 40
962 545
297 546
504 301
504 113
963 547
147 11
147 89
147 229
147 215
147 217
147 4
147 48
147 315
271 243
271 216
271 55
469 134
469 63
497 301
497 103
726 294
726 38
19 18
19 14
19 548
19 188
19 169
19 33
19 98
19 80
19 61
19 222
19 101
19 49
19 549
19 108
19 550
19 118
19 300
19 90
19 25
19 113
19 63
19 10
19 117
19 50
19 146
19 383
19 37
19 551
19 174
19 69
19 552
19 553
19 134
19 70
19 122
19 554
19 505
19 467
19 31
19 555
19 326
19 88
19 22
19 36
19 38
19 460
19 556
19 39
19 151
19 339
19 230
19 360
19 48
19 557
19 394
19 558
607 98
231 148
231 330
231 25
231 477
231 10
231 158
231 48
637 326
637 559
136 100
136 88
136 151
101 5
101 324
101 405
101 560
101 58
101 561
101 103
101 19
101 562
101 563
101 4
101 355
101 86
101 294
101 258
101 443
101 10
101 539
101 315
101 50
101 41
101 104
101 127
101 186
101 307
101 238
101 34
101 22
101 38
101 37
101 40
101 39
101 48
2 58
2 149
2 39
2 69
2 320
2 564
2 565
2 158
2 226
2 64
2 101
2 313
2 319
565 39
565 36
317 470
317 131
317 63
317 4
317 11
317 62
256 445
256 45
256 507
256 214
256 39
256 48
337 107
389 146
389 262
389 301
389 32
389 11
389 137
124 566
319 567
319 74
319 200
319 48
319 243
319 39
319 477
319 339
319 63
319 152
319 10
319 18
319 81
319 11
319 460
319 294
555 19
555 568
555 569
66 177
66 45
66 22
66 262
66 243
66 39
66 86
66 152
66 162
66 570
66 505
66 322
66 571
481 177
481 56
481 481
481 359
481 230
481 48
481 30
290 215
290 39
290 122
290 572
290 184
201 21
201 101
201 1
201 151
285 327
186 573
186 58
186 158
186 11
186 101
186 574
186 108
186 575
186 155
186 25
186 282
186 10
186 3
186 37
186 265
186 424
186 216
186 316
186 48
186 576
186 287
186 441
364 301
364 577
119 53
119 346
119 123
119 22
119 578
119 139
119 214
119 84
119 50
119 188
119 122
119 48
119 579
119 196
119 49
119 86
851 580
307 101
307 443
122 53
122 19
122 579
122 84
122 68
122 581
122 298
122 261
122 65
122 86
148 188
148 111
148 15
148 217
148 282
148 483
148 101
148 145
148 113
148 231
148 23
148 285
148 148
148 198
148 328
148 38
148 582
148 26
148 85
148 48
148 180
148 61
611 583
611 127
857 360
857 76
309 217
309 584
309 389
347 10
347 14
347 585
73 58
73 162
73 188
73 144
794 37
74 220
74 301
74 506
74 217
74 586
74 158
74 102
74 145
74 155
74 63
74 206
74 389
74 108
74 219
74 45
74 109
74 47
74 187
74 126
74 320
74 517
74 430
74 78
74 587
74 121
964 15
139 82
139 53
139 123
139 22
139 48
139 38
139 58
139 214
139 169
139 151
139 472
139 119
139 134
139 232
139 0
139 540
139 188
139 301
139 162
139 196
139 145
965 588
40 445
40 5
40 589
40 22
40 48
40 590
40 591
40 42
40 592
40 246
40 39
40 467
40 593
40 594
40 527
40 308
40 158
40 498
40 238
40 328
807 339
75 22
75 48
75 382
75 20
75 265
75 32
75 162
75 134
75 78
75 206
75 3
802 164
846 21
64 162
64 18
886 533
886 86
886 48
137 100
137 49
733 269
733 393
733 48
733 85
441 220
441 118
441 189
441 37
441 38
441 265
441 33
441 442
441 186
441 282
441 85
441 595
441 10
441 596
441 597
441 149
441 327
441 63
441 390
4 21
4 530
4 188
4 39
4 407
4 598
4 112
4 27
4 217
4 101
4 102
4 599
4 516
4 409
4 591
4 25
4 10
4 129
4 301
4 3
4 600
4 506
4 103
4 601
4 151
4 23
4 84
4 1
4 540
4 306
4 315
4 70
4 22
4 36
4 38
4 214
4 602
4 603
4 604
4 92
4 320
4 605
4 48
4 195
4 557
4 606
4 558
257 151
966 176
98 146
98 200
98 37
98 269
98 19
98 607
98 600
98 49
98 418
841 48
220 21
220 383
220 200
220 214
220 608
220 39
220 31
220 86
507 373
507 408
507 106
507 145
507 387
507 111
507 76
507 10
507 88
507 47
507 609
507 256
323 228
323 103
323 37
323 477
323 610
323 1
127 611
127 444
127 361
127 170
33 70
33 262
33 76
33 48
33 547
33 612
33 441
33 102
240 25
407 280
407 106
407 200
407 294
407 11
407 58
407 39
407 69
407 167
407 329
407 368
407 354
234 333
234 255
234 144
967 101
451 442
451 69
451 63
451 3
451 612
451 13
417 31
417 174
452 177
452 10
452 63
452 48
452 265
968 243
969 301
969 262
474 47
288 14
288 497
288 301
288 68
288 105
288 289
288 365
288 106
288 145
288 173
288 28
288 613
288 273
288 614
288 363
288 154
288 103
288 305
288 326
288 194
288 110
288 36
288 243
288 327
288 180
288 12
289 21
289 324
289 106
289 23
289 192
289 103
289 286
289 151
289 335
289 144
289 1
289 273
289 614
289 305
289 327
289 288
408 21
408 146
408 359
408 200
408 507
408 151
408 282
408 217
408 48
408 31
118 615
118 442
118 22
118 179
118 20
118 58
118 441
118 19
118 39
118 151
118 282
118 144
118 23
118 210
118 616
118 48
118 10
118 305
118 215
118 617
118 618
387 21
387 507
387 249
387 251
387 619
387 158
49 53
49 5
49 442
49 601
49 382
49 262
49 269
49 19
49 620
49 621
49 10
49 158
49 376
49 622
49 623
49 366
49 4
970 82
970 21
970 3
970 1
395 624
395 0
395 4
514 301
514 22
514 361
160 625
160 45
160 70
160 0
160 106
265 21
265 626
265 68
265 251
265 452
265 255
265 627
265 10
265 628
265 28
265 29
265 132
265 378
265 629
265 389
265 630
265 119
265 74
265 631
265 262
265 38
265 76
265 339
265 225
265 632
265 48
265 298
265 441
856 36
381 245
281 177
281 320
281 291
971 633
461 243
461 63
715 243
972 246
462 86
462 63
627 10
496 324
496 48
496 108
246 266
246 215
203 151
203 320
203 634
176 33
176 63
801 164
464 63
464 83
464 85
18 21
18 14
18 19
18 42
18 215
18 635
18 217
18 158
18 636
18 637
18 101
18 32
18 63
18 303
18 129
18 146
18 411
18 64
18 143
18 319
18 358
18 638
18 398
18 68
18 69
18 639
18 18
18 100
18 634
18 640
18 603
18 192
18 40
208 470
597 26
597 441
260 373
260 641
260 63
741 86
340 111
315 642
315 88
315 23
315 643
315 58
315 84
315 39
315 26
315 348
315 478
315 217
315 47
315 4
315 48
315 223
315 63
315 101
315 50
315 644
373 93
373 260
716 645
716 328
22 17
22 14
22 321
22 383
22 646
22 58
22 647
22 19
22 648
22 217
22 46
22 0
22 158
22 11
22 649
22 101
22 86
22 102
22 650
22 243
22 32
22 651
22 63
22 652
22 10
22 129
22 301
22 3
22 143
22 21
22 39
22 132
22 228
22 82
22 219
22 610
22 48
22 265
22 653
22 119
22 134
22 1
22 238
22 175
22 352
22 261
22 654
22 315
22 187
22 70
22 22
22 139
22 382
22 38
22 655
22 40
22 75
22 151
22 656
22 657
22 493
22 165
22 587
22 394
22 66
541 7
541 412
541 58
541 301
541 10
541 362
541 214
541 96
38 21
38 5
38 658
38 76
38 507
38 220
38 58
38 467
38 212
38 68
38 151
38 0
38 4
38 222
38 355
38 101
38 86
38 106
38 397
38 243
38 90
38 81
38 362
38 628
38 28
38 138
38 103
38 37
38 407
38 84
38 392
38 148
38 100
38 54
38 315
38 82
38 22
38 139
38 36
38 39
38 659
38 320
38 360
38 252
38 48
38 216
38 557
38 441
492 660
492 368
492 38
467 45
467 22
467 250
467 23
467 90
467 40
467 84
467 198
467 63
467 661
467 47
467 61
467 38
467 86
467 244
92 146
92 262
92 662
92 76
92 151
92 10
92 129
92 4
92 48
92 389
92 3
92 49
92 86
973 69
332 35
237 663
237 82
237 106
237 101
165 238
165 70
165 22
165 63
351 21
351 664
351 200
351 665
351 20
351 58
351 90
351 168
351 57
351 267
351 151
351 411
351 3
351 363
761 151
121 100
615 666
615 118
615 667
188 14
188 142
188 668
188 19
188 215
188 217
188 4
188 62
188 601
188 288
188 403
188 365
188 294
188 243
188 25
188 613
188 641
188 460
188 319
188 154
188 177
188 103
188 67
188 193
188 119
188 73
188 328
188 53
188 382
188 139
188 149
188 40
188 48
188 327
188 213
974 10
20 450
20 20
20 301
20 42
20 669
20 215
20 46
20 222
20 63
20 108
20 118
20 102
20 549
20 129
20 411
20 667
20 319
20 138
20 103
20 23
20 670
20 53
20 382
20 75
20 302
20 339
20 350
221 394
221 1
221 158
221 632
776 486
215 21
215 146
215 147
215 20
215 205
215 231
215 188
215 0
215 4
215 101
215 447
215 243
215 63
215 152
215 296
215 153
215 671
215 672
215 280
215 2
215 673
215 359
215 259
215 662
215 18
215 249
215 262
215 246
215 513
215 76
215 320
215 479
215 48
215 214
305 273
305 278
305 614
211 243
211 14
211 91
211 53
975 674
226 470
226 158
254 78
515 361
976 152
976 217
976 48
976 488
686 326
727 45
727 22
727 78
10 14
10 9
10 217
10 4
10 452
10 254
10 101
10 86
10 675
10 161
10 87
10 118
10 32
10 348
10 63
10 344
10 3
10 352
10 676
10 319
10 138
10 299
10 422
10 265
10 677
10 186
10 47
10 328
10 82
10 70
10 22
10 214
10 40
10 429
10 85
10 678
10 360
10 48
10 31
152 470
152 66
152 87
152 106
152 679
152 295
152 680
152 294
152 113
152 198
152 125
152 217
152 11
152 319
152 450
296 496
632 5
632 296
632 86
632 265
738 39
707 84
357 28
357 294
357 86
357 251
375 232
375 75
795 150
795 681
742 86
422 14
422 440
422 186
422 10
422 451
422 48
422 31
422 244
259 161
259 21
259 25
259 199
259 682
259 301
259 40
259 286
259 215
259 683
259 389
259 208
259 641
977 140
978 266
84 378
84 14
84 299
84 70
84 294
84 243
84 214
84 467
84 58
84 409
84 0
84 684
84 473
84 352
84 315
791 146
791 107
486 42
486 685
486 96
486 151
891 217
480 53
480 158
480 389
54 94
54 38
54 300
54 477
54 129
54 158
54 48
495 566
495 63
979 398
242 177
242 82
242 39
980 686
133 301
133 22
133 185
672 243
672 6
981 687
981 688
981 390
981 282
581 42
581 122
581 276
581 206
982 77
748 644
748 568
748 151
748 206
678 342
0 21
0 177
0 689
0 472
0 690
0 301
0 111
0 215
0 326
0 86
0 197
0 443
0 160
0 102
0 395
0 145
0 25
0 63
0 691
0 162
0 28
0 692
0 143
0 50
0 154
0 280
0 53
0 219
0 123
0 265
0 286
0 69
0 122
0 100
0 693
0 84
0 228
0 445
0 694
0 22
0 262
0 36
0 38
0 214
0 151
0 320
0 85
0 695
0 138
0 370
0 48
0 512
0 12
0 696
525 243
525 697
525 151
983 200
984 106
56 481
56 582
56 698
56 699
56 339
56 144
56 217
56 370
56 1
56 28
56 48
56 700
56 701
56 368
658 50
405 70
405 101
405 39
405 616
405 85
450 82
450 316
450 20
450 151
450 63
450 152
450 48
62 161
62 188
62 125
62 317
62 162
62 49
562 101
562 112
562 335
562 61
385 243
385 702
385 282
385 206
385 149
648 22
734 79
61 14
61 267
61 107
61 562
61 217
61 386
61 289
61 478
61 591
61 703
61 162
61 389
61 363
61 146
61 45
61 266
61 37
61 148
61 505
61 34
61 699
61 467
61 26
61 350
61 48
61 218
61 287
61 441
636 18
636 48
711 23
711 243
711 140
617 146
83 464
83 217
83 346
83 537
692 704
108 103
108 22
108 20
108 23
108 496
108 25
108 186
108 19
108 89
108 47
108 122
108 48
108 180
108 705
108 398
833 48
106 142
106 647
106 407
106 706
106 289
106 160
106 365
106 173
106 86
106 58
106 273
106 390
106 349
106 103
106 111
106 30
106 22
106 39
106 339
106 48
106 195
106 31
106 194
397 138
397 38
397 68
397 63
397 707
397 238
397 79
3 21
3 530
3 5
3 75
3 666
3 42
3 92
3 217
3 4
3 11
3 243
3 708
3 230
3 63
3 368
3 348
3 146
3 151
3 286
3 304
3 1
3 346
3 198
3 14
3 22
3 214
3 40
3 39
3 76
3 678
3 32
3 471
243 709
243 5
243 200
243 450
243 271
243 14
243 710
243 385
243 215
243 238
243 217
243 103
243 158
243 711
243 712
243 713
243 453
243 714
243 90
243 32
243 348
243 63
243 144
243 411
243 265
243 3
243 143
243 672
243 319
243 66
243 461
243 715
243 48
243 665
243 329
243 166
243 631
243 1
243 100
243 175
243 211
243 716
243 22
243 253
243 39
243 26
243 320
243 138
243 370
243 488
243 513
243 525
274 194
277 194
277 285
277 180
652 513
652 22
652 85
272 378
628 265
628 38
985 717
411 146
411 343
411 126
411 58
411 258
411 39
411 718
411 719
411 18
411 70
411 512
411 720
411 48
411 166
411 368
93 373
93 129
93 721
143 722
143 22
143 37
143 306
143 151
143 723
143 1
143 78
143 724
143 196
143 403
368 365
368 321
368 145
368 382
368 499
368 492
368 407
368 411
368 214
368 100
368 3
368 244
97 48
97 315
986 327
986 215
835 373
835 357
835 646
835 269
835 114
835 527
835 48
270 641
270 488
270 320
577 70
577 122
577 222
523 697
662 292
662 98
662 20
662 92
662 215
728 294
424 215
424 76
424 151
59 146
59 141
630 265
764 82
764 56
764 88
764 316
764 48
764 355
764 50
987 162
342 665
342 42
342 63
342 552
342 0
342 390
366 87
366 49
294 21
294 177
294 324
294 188
294 725
294 726
294 42
294 114
294 11
294 101
294 727
294 25
294 477
294 282
294 63
294 152
294 719
294 357
294 644
294 319
294 244
294 146
294 407
294 728
294 487
294 729
294 150
294 53
294 269
294 267
294 170
294 430
746 122
988 641
640 18
227 109
269 21
269 730
269 98
269 58
269 731
269 732
269 158
269 333
269 49
269 294
269 63
269 10
269 29
269 143
269 132
269 461
269 69
269 1
269 444
269 315
269 82
269 22
269 38
269 151
269 48
269 298
269 30
269 0
269 79
269 733
128 392
128 293
128 37
350 478
350 230
350 63
350 411
350 154
225 14
225 70
225 36
225 265
225 88
225 158
225 355
479 53
479 262
479 75
479 215
479 119
479 143
130 392
557 599
557 146
557 38
557 19
557 4
557 460
79 397
79 36
79 125
79 269
79 48
79 63
79 734
79 162
79 411
989 92
213 146
213 214
213 188
213 717
200 220
200 98
200 411
200 262
200 735
200 243
200 538
200 736
200 374
200 86
200 552
200 527
200 113
200 48
200 566
200 535
200 50
200 319
200 408
501 301
626 45
258 411
258 725
258 737
258 48
258 107
258 101
68 53
68 82
68 105
68 106
68 397
68 37
68 38
68 63
68 326
68 162
68 230
68 738
68 122
68 329
68 614
68 31
68 288
348 10
348 151
348 81
552 146
552 60
552 200
552 582
552 388
552 48
552 101
803 164
767 343
990 340
756 570
756 151
181 252
86 14
86 156
86 57
86 303
86 76
86 27
86 739
86 158
86 101
86 574
86 352
86 87
86 106
86 448
86 591
86 410
86 63
86 10
86 129
86 153
86 357
86 740
86 53
86 219
86 103
86 741
86 742
86 462
86 23
86 265
86 743
86 364
86 295
86 47
86 122
86 238
86 119
86 82
86 70
86 22
86 36
86 38
86 214
86 416
86 467
86 151
86 339
86 125
86 230
86 430
86 48
86 1
86 66
559 637
991 657
448 125
448 590
448 86
837 186
837 48
837 63
90 401
90 103
90 266
90 665
90 38
90 243
90 19
90 723
90 70
90 158
90 48
90 101
90 584
843 21
282 445
282 408
282 45
282 189
282 744
282 441
282 243
282 526
282 48
282 174
282 294
282 186
282 745
282 76
282 28
282 118
282 148
282 335
282 11
282 319
282 720
838 48
992 10
29 265
29 25
29 241
29 42
29 318
644 21
644 746
644 101
644 294
644 149
644 40
644 747
644 748
644 329
644 143
644 315
539 101
539 214
539 340
539 329
676 643
676 749
676 151
676 348
676 750
676 85
212 420
212 42
212 751
212 312
543 443
103 72
103 188
103 42
103 151
103 217
103 158
103 101
103 289
103 108
103 365
103 288
103 145
103 243
103 90
103 146
103 23
103 112
103 106
103 392
103 122
103 100
103 70
103 22
103 110
103 38
103 26
103 752
103 517
103 327
103 4
779 93
779 42
779 753
266 754
266 246
266 61
266 755
266 214
643 21
643 179
643 591
643 152
643 10
643 28
643 48
643 676
643 315
193 142
193 100
193 188
193 570
663 237
993 36
151 21
151 72
151 756
151 757
151 679
151 58
151 758
151 19
151 374
151 92
151 217
151 292
151 86
151 158
151 11
151 223
151 136
151 718
151 49
151 418
151 69
151 245
151 408
151 118
151 759
151 125
151 90
151 32
151 348
151 63
151 289
151 389
151 3
151 143
151 50
151 154
151 138
151 103
151 201
151 444
151 760
151 48
151 424
151 486
151 631
151 122
151 185
151 100
151 215
151 53
151 257
151 70
151 139
151 38
151 229
151 39
151 76
151 318
151 230
151 370
151 620
151 78
151 351
151 761
151 525
151 4
994 762
316 353
316 763
316 764
316 450
316 222
848 222
293 128
293 765
293 766
293 758
105 497
105 383
105 351
343 527
343 767
343 39
343 665
343 411
432 9
432 199
320 301
320 215
320 211
320 4
320 11
320 101
320 87
320 243
320 63
320 10
320 3
320 270
320 281
320 286
320 48
320 1
320 444
320 164
320 38
320 149
320 39
320 768
320 769
320 488
320 79
382 146
382 177
382 188
382 22
382 245
382 250
382 89
382 398
382 63
382 10
382 18
382 559
382 158
382 48
382 20
382 770
382 132
382 329
513 82
513 361
513 215
603 37
603 771
603 231
603 215
603 18
603 158
603 772
906 773
786 146
170 45
170 294
170 129
170 70
170 206
170 291
170 49
170 244
230 220
230 359
230 774
230 68
230 158
230 3
819 42
77 142
77 162
77 31
77 217
149 164
149 53
149 45
149 78
149 139
149 775
149 214
149 776
149 69
149 140
149 70
149 632
149 48
149 644
149 49
287 327
287 363
287 76
287 186
287 61
995 773
996 143
997 37
88 777
88 19
88 39
88 63
88 225
88 764
88 158
88 48
88 31
88 315
796 150
744 10
646 778
646 22
600 98
600 779
600 139
766 293
45 70
45 467
45 282
45 540
45 48
45 158
998 361
532 249
700 21
713 243
713 361
999 25
999 351
902 1
714 243
454 48
781 53
427 31
427 780
760 781
760 151
96 125
96 782
96 129
96 486
613 152
613 188
399 238
329 382
329 149
329 68
329 783
329 784
329 48
329 101
329 785
614 305
614 28
614 289
897 675
908 783
908 69
132 383
132 11
132 382
132 155
132 265
132 214
132 505
132 48
132 269
132 472
146 21
146 14
146 98
146 200
146 472
146 20
146 58
146 301
146 505
146 59
146 215
146 552
146 786
146 787
146 101
146 617
146 217
146 108
146 408
146 106
146 344
146 113
146 198
146 10
146 411
146 389
146 3
146 788
146 146
146 789
146 103
146 790
146 538
146 174
146 69
146 791
146 1
146 107
146 792
146 53
146 326
146 793
146 189
146 382
146 249
146 19
146 253
146 92
146 76
146 335
146 319
146 144
146 430
146 48
146 507
146 327
146 557
146 442
60 169
421 31
37 53
37 5
37 98
37 22
37 751
37 361
37 150
37 286
37 68
37 443
37 128
37 129
37 61
37 48
37 794
37 327
37 101
37 441
588 249
828 22
503 301
442 146
442 285
442 57
442 107
150 795
150 796
150 37
150 114
150 594
150 10
150 11
150 198
184 32
184 290
184 361
183 622
1000 291
1001 265
1002 497
826 797
815 798
582 56
582 552
582 217
582 148
484 14
484 799
484 359
164 599
164 70
164 800
164 262
164 214
164 39
164 801
164 320
164 802
164 803
642 315
250 30
250 804
250 467
250 48
250 382
771 746
771 805
771 603
1003 806
827 82
827 295
827 766
339 21
339 70
339 11
339 20
339 58
339 265
339 807
339 92
339 217
339 106
339 48
339 31
339 49
339 86
339 108
768 808
768 76
768 320
768 1
768 411
768 702
410 164
410 450
410 809
410 39
410 10
410 47
410 810
410 811
410 64
410 393
410 346
144 56
144 445
144 685
144 118
144 812
144 140
144 813
144 146
144 234
144 289
144 326
144 217
144 47
144 713
144 48
144 288
144 369
144 163
144 403
747 644
434 594
434 374
434 63
1004 814
798 815
798 816
798 85
606 4
25 82
25 817
25 591
25 40
25 69
25 50
25 217
25 0
25 321
25 818
25 403
668 336
668 188
668 26
41 5
42 383
42 5
42 70
42 48
42 262
42 217
42 63
42 18
42 819
42 1
42 237
42 342
42 3
42 294
278 305
278 295
720 282
720 411
400 238
400 53
702 445
1005 32
322 66
322 478
322 268
322 69
322 777
475 53
475 540
472 53
472 146
472 22
472 42
472 86
472 412
472 678
472 820
472 0
472 4
472 48
472 30
472 352
472 49
472 244
472 132
594 136
51 7
51 80
51 821
499 301
499 217
499 113
499 478
52 177
52 214
52 39
52 5
813 144
300 94
300 266
300 27
300 19
300 10
300 48
300 54
878 634
388 389
388 108
478 499
478 694
478 106
478 113
478 315
645 716
645 460
456 63
1006 220
691 0
363 351
460 220
460 188
460 72
460 19
460 42
460 76
460 339
460 63
460 217
460 645
460 557
460 319
1007 155
610 193
610 22
610 323
67 324
67 188
67 26
67 325
179 173
179 118
179 643
1008 87
592 40
109 822
109 280
109 74
109 78
109 665
109 227
109 84
109 51
109 85
109 272
109 370
109 823
109 48
109 107
109 63
109 291
832 48
750 749
1009 824
693 82
693 253
693 825
792 146
792 22
631 58
631 265
797 56
797 826
416 39
1010 45
1010 20
1011 827
1011 48
517 162
517 828
26 829
26 248
26 103
26 668
26 286
26 324
26 276
26 830
26 27
26 597
26 48
26 641
26 102
26 65
26 403
26 315
1012 552
1013 54
1014 655
48 188
48 20
48 374
48 215
48 80
48 0
48 102
48 5
48 162
48 300
48 258
48 435
48 198
48 152
48 390
48 45
48 329
48 174
48 685
48 88
48 54
48 831
48 832
48 70
48 262
48 229
48 267
48 26
48 85
48 48
48 269
48 56
48 146
48 450
48 301
48 736
48 473
48 158
48 636
48 355
48 418
48 352
48 833
48 106
48 243
48 155
48 32
48 113
48 277
48 10
48 834
48 28
48 411
48 3
48 368
48 97
48 835
48 78
48 69
48 47
48 445
48 36
48 149
48 15
48 430
48 298
48 21
48 147
48 200
48 472
48 72
48 58
48 836
48 19
48 25
48 114
48 552
48 314
48 101
48 86
48 787
48 401
48 837
48 90
48 838
48 389
48 50
48 643
48 265
48 286
48 186
48 839
48 119
48 148
48 63
48 840
48 34
48 343
48 382
48 40
48 250
48 75
48 319
48 412
48 214
48 30
48 61
48 14
48 98
48 841
48 452
48 57
48 217
48 359
48 139
48 11
48 408
48 118
48 145
48 454
48 696
48 362
48 613
48 206
48 458
48 108
48 132
48 280
48 37
48 330
48 23
48 496
48 246
48 87
48 184
48 134
48 1
48 315
48 22
48 38
48 775
48 39
48 339
48 591
48 410
48 370
48 351
48 31
48 798
48 584
633 633
586 53
586 74
586 188
586 63
701 56
701 134
571 53
571 66
1015 329
21 21
21 220
21 25
21 72
21 301
21 776
21 76
21 326
21 249
21 842
21 158
21 376
21 700
21 254
21 387
21 289
21 102
21 161
21 408
21 106
21 294
21 531
21 173
21 843
21 258
21 113
21 63
21 527
21 337
21 411
21 644
21 3
21 189
21 146
21 187
21 844
21 201
21 643
21 259
21 18
21 276
21 107
21 321
21 845
21 215
21 198
21 82
21 70
21 22
21 110
21 36
21 38
21 269
21 126
21 151
21 339
21 85
21 846
21 350
21 428
21 479
21 48
21 351
21 327
21 31
21 4
72 103
72 22
72 36
72 9
72 281
72 162
72 48
72 460
1016 106
1017 33
560 847
560 101
380 594
380 138
380 144
380 790
380 328
538 214
598 82
598 217
598 4
1018 20
471 63
222 365
222 87
222 316
222 145
222 262
222 38
222 214
222 19
222 477
222 410
222 47
222 158
222 611
222 848
222 244
418 98
418 31
352 22
352 472
352 57
352 58
352 84
352 48
352 86
599 217
599 814
1019 849
453 243
453 63
591 25
591 293
591 61
591 48
591 86
591 4
155 115
155 70
155 74
155 32
155 48
708 265
708 217
708 3
580 345
804 250
527 21
527 82
527 40
527 200
834 48
28 56
28 284
28 643
28 10
28 265
28 112
28 113
28 80
28 295
28 614
28 30
28 850
852 22
273 305
273 248
273 288
273 289
1020 252
1020 20
65 324
65 23
65 285
65 348
65 282
65 26
65 162
65 122
65 101
412 228
412 87
412 664
412 541
412 32
412 35
412 39
412 48
412 167
412 11
412 50
1021 620
753 540
78 82
78 48
78 69
78 518
78 162
78 144
78 488
78 143
659 38
1022 851
345 580
550 164
1023 738
295 28
295 1
295 278
295 493
1024 90
47 408
47 74
47 22
47 507
47 10
47 777
47 32
47 467
47 69
47 443
47 103
47 238
47 410
47 144
47 48
47 70
47 108
47 49
47 86
47 315
518 78
840 82
840 48
415 39
415 154
863 58
1025 101
687 390
1026 118
1026 852
1026 282
893 217
280 853
280 454
280 854
280 265
280 109
280 0
280 215
280 6
280 47
280 122
280 48
280 1
36 72
36 533
36 679
36 5
36 58
36 33
36 111
36 855
36 0
36 314
36 355
36 86
36 243
36 32
36 25
36 856
36 328
36 262
36 251
36 85
36 48
36 31
36 79
89 177
89 147
89 382
89 68
89 129
89 108
1027 0
76 146
76 21
76 507
76 249
76 38
76 92
76 151
76 282
76 215
76 162
76 424
76 0
76 48
76 857
76 3
76 287
76 460
76 31
76 154
178 122
459 472
459 63
360 98
360 19
360 858
360 38
360 301
360 483
360 75
360 339
360 10
360 217
360 28
360 1
360 113
360 48
360 857
360 859
1028 541
298 445
298 860
298 265
298 824
298 861
298 134
298 122
298 48
218 401
218 188
218 57
218 285
218 276
218 326
218 350
218 115
218 613
218 180
261 301
261 641
261 111
261 122
261 643
558 19
558 4
739 86
1029 230
11 147
11 301
11 42
11 374
11 217
11 282
11 113
11 86
11 294
11 32
11 317
11 276
11 3
11 50
11 132
11 177
11 737
11 150
11 69
11 463
11 392
11 315
11 7
11 22
11 320
11 38
11 151
11 339
11 85
11 412
11 48
11 394
11 121
11 158
449 63
58 271
58 58
58 407
58 374
58 498
58 483
58 101
58 86
58 352
58 118
58 173
58 63
58 162
58 315
58 319
58 123
58 862
58 23
58 84
58 186
58 863
58 73
58 328
58 789
58 22
58 36
58 38
58 556
58 151
58 339
58 85
58 237
58 48
58 587
15 727
15 48
15 39
15 616
15 10
15 217
15 864
15 148
15 101
800 164
114 262
114 217
114 219
114 294
114 48
326 146
326 21
326 111
326 188
326 865
326 19
326 301
326 103
326 286
326 68
326 144
326 0
326 772
326 637
326 386
326 363
326 686
1030 265
6 866
6 280
6 32
6 672
6 215
546 14
546 546
276 21
276 40
276 26
276 305
276 218
276 328
314 336
314 36
284 387
284 327
284 28
284 215
1031 867
1031 39
1031 868
312 212
401 82
401 72
401 90
401 869
401 218
401 180
401 354
1032 255
664 412
338 789
338 870
125 70
125 39
125 677
125 69
125 846
125 158
125 79
125 96
24 14
24 687
24 63
24 411
24 505
24 871
24 102
1033 473
477 294
477 323
477 231
477 222
477 54
477 319
236 829
236 872
236 873
236 32
236 874
236 536
881 301
881 262
328 188
328 380
328 217
328 823
328 131
328 276
328 277
328 10
328 411
328 553
328 875
328 148
328 268
328 445
328 832
328 716
328 36
328 40
328 58
328 427
328 48
328 31
328 12
163 243
163 876
163 30
784 230
784 329
228 14
228 22
228 245
228 323
228 412
228 0
228 158
1034 478
1034 247
1034 151
1034 102
1035 86
1036 170
1037 401
1037 408
1038 38
306 810
306 143
899 104
892 217
1039 877
634 14
634 112
634 427
634 203
634 18
634 878
233 879
372 746
372 70
372 419
372 69
372 304
372 49
544 880
544 38
262 5
262 44
262 200
262 20
262 301
262 33
262 42
262 114
262 657
262 222
262 101
262 49
262 777
262 2
262 727
262 118
262 145
262 63
262 10
262 232
262 881
262 389
262 882
262 479
262 625
262 23
262 265
262 69
262 119
262 883
262 82
262 22
262 382
262 36
262 884
262 239
262 151
262 335
262 632
262 48
262 885
262 169
262 244
126 146
126 74
126 79
1040 5
468 217
50 146
50 821
50 658
50 19
50 200
50 11
50 14
50 53
50 25
50 151
50 412
50 0
50 122
50 48
50 216
50 101
50 315
1041 729
1042 293
104 101
394 221
394 22
394 23
394 19
394 63
394 70
394 11
12 326
12 429
12 0
785 329
404 243
404 199
404 482
14 17
14 188
14 19
14 347
14 217
14 211
14 158
14 85
14 49
14 86
14 87
14 288
14 243
14 155
14 24
14 25
14 63
14 28
14 117
14 146
14 45
14 886
14 246
14 304
14 729
14 122
14 346
14 484
14 70
14 22
14 676
14 591
14 125
14 221
14 412
14 84
14 292
14 48
573 887
573 186
358 355
358 69
358 249
787 48
682 259
604 4
666 615
666 22
666 249
666 301
666 214
666 3
1043 265
217 56
217 14
217 147
217 472
217 468
217 256
217 301
217 15
217 42
217 598
217 114
217 326
217 171
217 188
217 61
217 11
217 888
217 386
217 288
217 83
217 599
217 833
217 118
217 190
217 478
217 243
217 889
217 32
217 25
217 499
217 151
217 152
217 10
217 144
217 890
217 389
217 363
217 328
217 97
217 244
217 146
217 103
217 488
217 643
217 865
217 23
217 112
217 255
217 70
217 18
217 74
217 891
217 148
217 502
217 309
217 892
217 3
217 315
217 893
217 411
217 343
217 22
217 582
217 214
217 168
217 39
217 76
217 339
217 894
217 140
217 428
217 77
217 48
217 412
217 173
217 4
436 151
579 122
313 2
313 138
313 8
313 69
313 895
313 217
313 896
675 897
447 265
650 22
140 149
140 32
140 196
82 21
82 41
82 68
82 598
82 49
82 86
82 401
82 106
82 409
82 840
82 527
82 362
82 869
82 123
82 69
82 444
82 505
82 198
82 315
82 53
82 139
82 262
82 513
82 827
82 237
82 78
82 214
85 21
85 14
85 98
85 679
85 898
85 535
85 111
85 0
85 11
85 10
85 652
85 58
85 676
85 798
85 154
85 138
85 109
85 464
85 304
85 148
85 899
85 393
85 36
85 214
85 48
85 733
85 121
1044 900
81 583
81 348
81 86
81 392
81 587
81 319
336 301
336 668
336 141
336 314
362 82
362 5
362 541
362 36
362 38
362 42
362 1
362 48
362 223
206 75
206 581
206 170
206 657
206 113
206 48
206 215
870 40
870 338
264 70
1045 194
154 188
154 190
154 350
154 151
154 85
154 80
154 478
154 415
154 288
154 198
154 403
154 154
740 86
1046 359
99 455
653 22
670 0
670 20
1047 539
1047 68
134 789
134 590
134 22
134 139
134 469
134 19
134 75
134 151
134 10
134 158
134 48
134 298
134 100
134 701
197 142
197 301
197 0
1 842
1 323
1 8
1 301
1 901
1 42
1 374
1 215
1 217
1 428
1 158
1 11
1 491
1 63
1 86
1 152
1 106
1 902
1 243
1 57
1 362
1 289
1 372
1 162
1 129
1 903
1 20
1 3
1 828
1 103
1 165
1 37
1 68
1 904
1 141
1 235
1 295
1 122
1 107
1 22
1 315
1 321
1 269
1 58
1 39
1 76
1 320
1 768
1 471
1 570
1 360
1 905
1 48
1 585
1 79
1 213
1 4
772 603
1048 69
1048 48
445 22
445 48
445 262
445 256
445 523
445 32
445 906
445 282
445 63
445 144
445 0
445 148
445 298
445 702
445 3
445 328
445 346
445 907
445 13
457 444
457 63
13 445
13 365
13 429
13 276
13 498
383 220
383 42
383 105
383 295
383 47
383 244
189 58
189 142
189 249
189 441
189 282
110 482
110 389
440 113
440 422
1049 262
775 149
775 48
192 142
192 18
192 289
192 112
168 214
168 217
168 70
168 351
1050 344
378 84
112 219
112 103
112 23
112 427
112 267
112 112
112 277
112 217
112 28
112 4
112 62
112 195
112 194
112 634
752 641
752 103
752 150
564 2
564 746
564 874
564 39
564 162
564 164
783 908
783 270
783 329
370 109
370 0
370 151
370 48
370 145
706 106
706 266
706 180
1051 106
292 8
292 53
292 69
292 151
172 909
180 470
180 37
180 63
180 706
180 218
180 288
180 86
180 108
