151 0
151 1
151 2
151 3
59 4
59 5
845 6
525 7
525 8
525 9
525 10
752 11
489 12
489 13
405 14
759 15
764 16
764 17
764 18
540 19
540 20
540 21
540 22
540 23
780 24
648 25
607 26
651 27
537 28
445 29
40 30
40 31
40 32
40 33
40 34
40 16
40 35
40 36
40 37
40 38
40 39
40 40
40 41
355 42
355 43
355 44
355 45
355 46
48 47
48 48
48 49
48 50
48 51
48 52
48 53
48 21
48 54
48 55
48 42
48 56
48 57
48 58
127 7
127 47
127 59
127 32
127 60
127 61
127 62
127 63
127 64
127 65
127 66
127 67
127 68
127 69
127 70
127 71
127 72
127 73
127 74
127 75
127 51
127 76
127 77
127 39
127 41
127 78
127 79
127 19
127 80
127 81
127 82
127 17
127 83
127 29
127 84
127 2
127 85
127 31
127 86
127 18
127 87
127 88
127 89
127 5
127 90
127 91
127 36
127 92
127 93
753 30
262 94
262 95
262 3
262 96
504 97
504 98
504 99
588 100
588 101
846 102
700 103
279 102
279 104
279 105
279 106
279 107
279 18
279 108
279 109
279 110
279 34
279 16
279 111
279 55
279 112
279 22
279 113
279 37
279 114
279 115
279 116
769 102
769 117
769 118
769 18
798 24
847 83
847 45
847 36
136 119
136 98
136 120
136 28
136 121
136 122
136 123
136 124
217 125
217 101
217 126
101 127
101 128
101 50
101 129
101 130
101 131
101 109
101 132
101 133
364 37
364 102
119 121
119 134
119 135
119 136
365 60
365 137
365 45
365 138
257 139
257 140
257 114
257 141
257 142
257 17
257 143
257 53
257 113
257 55
257 38
257 57
566 63
566 144
276 145
276 19
276 146
276 36
808 147
124 148
361 149
361 2
361 150
821 66
2 151
2 152
2 122
2 153
2 154
2 34
2 38
2 155
793 50
793 156
412 157
412 158
412 159
848 160
77 30
77 102
77 50
77 161
77 150
77 162
77 72
77 163
77 164
77 165
77 66
721 19
391 166
271 167
271 168
271 169
271 1
271 170
271 171
271 172
226 4
226 42
226 115
226 173
849 174
303 7
303 19
303 175
303 176
303 32
303 177
303 130
303 178
303 179
303 180
303 25
303 181
325 7
325 19
325 182
325 20
325 84
325 183
325 41
850 127
850 114
851 184
852 92
508 98
508 66
508 185
853 186
387 98
387 187
387 188
387 189
213 190
213 191
148 192
148 193
148 194
148 195
148 196
148 197
148 198
148 199
148 104
148 124
148 200
148 201
148 202
148 203
854 198
404 25
404 204
404 158
404 205
539 206
539 116
539 160
855 122
441 207
441 208
441 29
441 209
441 154
743 38
440 110
440 210
440 211
440 212
440 76
440 9
190 213
190 190
856 16
389 73
125 85
125 144
125 214
125 215
125 26
125 216
125 130
125 217
125 38
125 132
450 113
450 53
450 101
450 102
312 218
507 145
507 98
507 219
656 30
656 220
656 20
656 221
857 114
596 222
173 60
173 223
173 50
173 168
173 14
173 66
173 224
173 225
173 122
173 226
173 227
173 228
173 229
173 104
173 92
173 230
173 231
494 215
858 55
858 62
281 7
281 41
281 137
281 232
281 51
281 34
281 113
281 32
281 215
281 210
281 130
281 57
281 171
281 198
281 36
281 233
281 234
281 115
281 235
181 8
181 236
181 150
181 18
181 89
181 237
181 238
181 239
181 215
181 210
181 130
181 117
181 113
402 207
704 47
704 19
704 45
824 240
824 77
824 150
469 30
469 241
469 242
469 243
469 244
469 109
469 245
469 26
469 144
469 246
469 19
469 224
469 5
469 98
469 90
469 42
469 247
469 248
469 132
469 249
859 14
859 250
308 102
308 251
308 42
308 1
308 252
308 253
308 205
336 78
336 20
336 245
336 254
336 91
336 154
661 224
661 255
142 256
142 196
142 257
142 258
142 259
636 260
636 261
636 51
506 72
506 5
506 98
506 49
506 26
187 98
187 110
155 102
155 17
155 262
155 19
155 113
155 61
155 32
155 62
155 263
155 123
155 264
155 144
155 265
155 266
155 267
155 37
155 114
155 115
155 2
156 268
152 98
152 207
152 145
152 114
152 57
152 2
534 159
637 162
170 123
170 269
170 270
170 18
170 42
170 94
170 225
170 271
170 272
170 273
170 274
170 258
170 111
170 36
170 38
170 66
170 132
170 41
36 127
36 137
36 275
36 86
36 51
36 108
36 276
36 277
36 26
36 278
36 264
36 279
36 280
36 218
36 281
36 282
36 88
36 40
36 18
309 100
309 20
309 283
309 214
309 284
309 285
309 95
309 98
309 147
309 136
309 84
309 286
309 114
309 287
248 98
248 224
248 42
248 32
248 29
248 288
248 289
248 249
291 30
291 162
291 290
291 42
291 291
291 292
291 122
291 293
291 294
291 295
291 25
291 296
362 37
362 297
626 21
626 251
423 298
423 93
423 299
423 300
592 301
592 302
178 303
470 264
470 109
470 50
67 127
67 39
67 91
67 88
860 304
524 305
284 306
284 307
284 308
284 23
284 131
284 253
284 45
284 309
284 83
218 310
218 98
218 50
218 189
218 102
218 240
218 311
218 312
218 29
218 36
218 227
218 313
628 21
734 91
735 91
227 47
227 102
227 314
227 315
227 316
227 123
227 264
227 317
227 166
227 318
227 319
227 127
227 320
227 71
227 73
227 34
227 321
227 39
227 98
227 322
227 299
227 5
227 287
227 2
227 173
227 193
227 50
227 159
227 150
227 26
227 323
227 89
227 171
227 36
227 324
183 325
183 182
505 42
505 98
505 326
505 104
348 7
348 31
348 39
348 327
861 328
105 329
131 102
131 98
131 330
131 315
131 331
131 18
131 332
131 19
131 277
131 284
131 5
131 301
131 333
131 334
374 20
374 55
374 33
803 86
258 335
258 32
258 142
258 170
154 47
154 78
154 128
154 114
154 8
154 73
154 336
154 130
154 337
154 338
154 57
154 2
154 255
862 281
433 69
433 26
433 339
433 340
234 281
234 5
234 109
234 26
234 341
863 342
863 262
193 7
193 148
193 45
193 186
193 114
193 20
193 343
193 141
193 27
193 344
193 145
193 345
193 227
193 346
193 347
193 348
193 50
193 150
193 18
193 158
193 349
193 350
864 37
865 351
46 335
46 352
46 277
46 113
46 239
46 34
46 353
46 354
46 114
46 66
46 355
455 53
455 17
455 109
455 73
455 22
117 102
117 113
117 356
117 357
117 181
149 358
149 359
149 73
149 232
149 360
149 237
149 11
149 198
149 122
149 146
149 5
149 240
149 179
149 361
149 175
149 57
149 334
149 274
37 7
37 150
37 362
37 26
37 363
37 279
37 55
37 40
37 364
138 8
138 365
138 301
138 277
492 60
492 20
492 28
492 168
492 215
492 26
492 145
492 366
482 228
482 268
866 31
326 130
403 106
403 167
403 18
403 158
403 75
403 367
403 3
403 288
544 368
544 179
544 26
544 369
354 370
354 278
354 331
354 46
184 140
184 115
135 119
135 19
135 146
135 14
135 33
135 130
135 371
123 168
123 215
123 170
123 75
123 136
123 227
123 372
123 155
55 60
55 363
55 102
55 95
55 114
55 89
55 51
55 373
55 279
55 301
55 281
55 78
55 257
55 374
55 177
55 375
55 2
55 85
55 50
55 18
55 26
55 22
55 37
134 119
256 376
256 377
256 20
256 142
256 378
153 264
153 2
732 91
328 354
698 161
698 379
867 19
806 95
71 227
71 113
71 255
71 380
711 20
711 381
344 311
344 193
344 297
344 382
373 31
373 55
474 32
474 382
597 50
625 267
625 51
233 193
233 352
233 73
233 383
233 264
233 6
233 3
133 7
133 264
133 101
133 384
868 385
868 122
794 224
420 227
420 346
420 91
497 215
497 18
410 102
410 386
410 387
410 158
410 145
410 388
410 334
687 16
14 102
14 63
14 51
14 224
14 158
14 95
14 389
14 66
14 69
14 42
14 275
14 390
14 391
14 392
14 179
14 29
14 161
14 173
14 46
14 393
14 135
14 341
14 130
14 350
785 199
697 161
81 394
81 127
797 140
797 24
182 325
182 7
182 183
182 146
182 41
837 395
837 179
837 50
837 130
480 396
480 50
454 397
454 47
454 79
869 60
834 398
723 399
394 400
394 245
394 111
394 81
394 161
543 84
543 369
611 127
611 26
463 31
225 150
225 401
225 170
225 269
225 402
225 173
158 102
158 403
158 404
158 405
158 215
158 263
158 406
158 114
158 66
158 407
158 30
158 20
158 283
158 73
158 363
158 75
158 111
158 408
158 409
158 19
158 410
158 14
158 411
158 193
158 83
158 29
158 330
158 94
158 109
158 8
158 412
158 50
158 18
158 113
158 26
158 112
158 413
158 130
158 5
259 19
259 18
259 142
259 259
259 414
259 415
259 90
259 384
259 416
285 309
285 417
605 418
605 277
703 419
528 420
528 13
528 421
528 26
528 422
528 111
528 143
528 280
528 382
677 130
677 117
350 14
350 193
870 144
300 90
300 423
681 89
549 424
549 166
261 166
265 155
562 20
562 26
560 19
560 425
560 293
466 426
466 61
466 225
466 249
466 427
466 428
466 429
69 127
69 302
69 168
69 430
69 14
69 245
69 104
69 130
69 179
69 29
69 84
69 431
69 66
69 432
69 433
69 208
529 411
167 17
167 403
167 53
167 34
167 273
167 305
841 8
34 198
34 370
34 167
34 434
34 268
34 1
34 62
34 26
34 2
34 279
34 353
34 435
34 436
34 227
34 437
34 318
715 5
715 18
715 83
715 34
249 438
249 130
249 50
249 26
249 91
76 79
76 127
76 28
76 395
76 215
76 110
76 439
76 130
76 211
76 371
76 440
76 3
76 155
76 355
666 2
208 69
208 264
208 296
208 441
208 83
208 442
8 102
8 443
8 140
8 444
8 135
8 19
8 66
8 445
8 181
8 127
8 20
8 89
8 224
8 98
8 446
8 447
8 25
8 2
8 330
8 150
8 18
8 1
8 214
8 110
8 23
8 419
53 448
53 449
53 167
53 367
53 450
53 48
53 127
53 137
53 451
53 130
53 66
53 73
53 452
53 74
53 1
53 257
53 351
53 168
53 11
53 236
53 179
53 29
53 375
53 453
53 4
53 454
53 85
53 159
53 396
53 455
53 259
53 456
53 457
53 458
53 324
53 313
699 205
699 331
699 459
746 460
746 104
43 144
43 66
43 355
383 214
833 452
600 50
31 358
31 461
31 20
31 462
31 463
31 1
31 62
31 104
31 373
31 464
295 291
295 91
485 7
485 465
485 77
427 466
347 193
109 102
109 332
109 62
109 394
109 464
109 114
109 158
109 279
109 467
109 163
109 205
109 468
109 101
109 78
109 469
109 5
109 470
109 471
109 234
109 113
109 455
109 26
109 110
382 472
382 85
382 18
382 73
382 473
382 344
382 474
382 91
382 475
382 476
382 477
382 57
382 289
382 382
811 140
811 225
811 98
749 264
871 478
615 479
65 127
65 480
872 322
457 53
457 481
228 63
228 98
228 156
228 395
228 42
228 1
228 482
228 104
228 123
228 16
228 177
228 415
228 73
228 483
228 433
228 173
526 484
526 45
465 7
465 28
465 27
465 84
465 485
465 114
755 486
755 487
616 20
616 302
616 378
616 219
569 60
569 257
12 113
12 98
12 488
12 489
12 364
488 490
488 12
488 179
488 99
725 16
725 31
725 112
786 491
52 48
52 17
406 8
406 55
406 104
215 7
215 492
215 331
215 51
215 237
215 21
215 123
215 186
215 125
215 181
215 174
215 493
215 16
215 72
215 254
215 228
215 494
215 163
215 475
215 281
215 76
215 495
215 496
215 497
215 386
215 498
215 255
215 159
215 106
215 28
215 158
215 130
215 499
215 500
215 150
215 22
215 501
246 469
98 7
98 387
98 502
98 198
98 264
98 337
98 503
98 476
98 57
98 30
98 187
98 145
98 73
98 122
98 504
98 505
98 100
98 19
98 311
98 188
98 506
98 4
98 507
98 471
98 94
98 8
98 152
98 185
98 121
98 309
98 508
349 19
349 127
349 193
349 51
819 11
819 363
765 18
432 69
432 311
432 150
439 32
815 50
665 509
665 20
665 464
665 127
665 36
114 63
114 415
114 510
114 250
114 511
114 128
114 55
114 104
114 57
114 169
114 16
114 279
114 512
114 513
114 468
114 78
114 17
114 83
114 154
114 4
114 193
114 50
114 159
114 514
114 515
114 113
114 158
114 166
114 22
114 36
114 37
678 130
678 66
678 45
594 516
594 517
594 32
594 518
594 357
873 57
122 358
122 275
122 291
122 199
122 146
122 519
122 114
122 57
122 292
122 30
122 73
122 254
122 145
122 136
122 61
122 41
122 100
122 98
122 11
122 520
122 2
122 521
122 50
122 1
122 26
122 149
122 255
874 127
145 492
145 98
145 264
145 152
145 276
145 26
145 145
145 522
145 29
145 57
145 248
572 60
572 18
572 523
572 86
572 51
58 48
58 5
58 18
829 102
305 19
305 524
305 89
305 198
305 20
305 163
305 2
9 60
9 5
9 525
9 334
9 443
670 130
253 78
253 284
634 85
634 168
484 526
875 162
875 330
875 93
875 398
875 45
875 227
875 346
875 165
875 66
875 132
421 527
421 528
421 280
876 31
82 131
82 214
82 22
202 141
411 17
411 158
411 529
411 26
877 29
180 30
180 164
180 303
180 315
471 102
471 98
471 120
471 315
471 387
471 530
471 73
471 188
471 531
471 293
471 532
471 145
471 12
471 266
471 431
471 413
471 109
878 42
192 148
568 71
568 60
330 8
330 533
330 47
330 19
330 158
330 104
330 301
330 161
159 78
159 100
159 17
159 18
159 130
159 93
159 534
159 26
159 4
159 228
159 5
159 36
159 227
159 535
159 536
28 100
28 492
28 215
28 95
28 104
28 465
28 136
28 64
28 537
879 308
92 127
88 127
88 360
88 26
88 264
88 36
88 538
88 67
88 160
552 50
552 480
499 50
212 440
702 113
702 463
702 42
116 63
116 539
116 540
116 541
116 279
116 542
116 227
369 84
369 543
369 29
369 544
880 102
881 239
477 545
477 477
477 382
477 18
269 207
269 104
331 492
331 359
331 434
331 215
331 16
331 546
331 501
462 547
462 31
462 150
462 18
434 22
434 34
237 8
237 469
237 50
237 86
237 548
237 61
237 215
237 95
237 549
237 149
237 150
237 181
730 91
240 72
240 550
240 32
240 26
240 55
240 22
6 233
6 496
882 29
883 26
553 85
553 346
553 158
553 62
553 279
553 263
553 551
280 30
280 324
280 421
280 50
280 36
617 331
653 158
653 106
557 94
744 38
744 198
744 301
176 91
627 21
640 42
640 264
371 76
371 135
512 114
436 61
436 277
436 122
436 34
247 469
247 50
247 150
132 78
132 102
132 50
132 468
132 552
132 170
132 36
132 25
132 125
132 66
132 101
682 73
884 57
346 335
346 193
346 150
346 161
346 553
346 66
885 127
885 66
238 554
238 161
809 50
809 215
809 159
809 23
886 555
792 20
683 73
84 127
84 543
84 556
84 465
84 369
84 325
84 309
84 183
84 41
94 63
94 118
94 557
94 150
94 170
94 87
94 51
94 130
94 279
94 73
94 179
94 29
94 161
94 93
94 163
428 466
658 399
658 5
658 558
658 250
118 94
118 302
118 18
118 224
118 161
118 559
118 560
118 468
118 126
779 331
779 168
515 60
515 114
93 50
93 51
93 561
93 267
93 73
93 215
93 423
93 123
93 143
93 562
93 198
93 94
93 468
93 66
93 563
393 14
54 342
54 48
185 98
185 508
185 84
185 287
185 38
185 66
185 288
638 162
638 421
887 525
408 224
3 151
3 469
3 564
3 403
3 26
3 177
3 352
501 215
501 21
888 193
888 161
888 565
206 539
760 32
760 1
443 85
443 31
63 114
63 50
63 566
63 14
63 32
63 95
63 383
63 413
63 16
63 228
63 301
63 83
63 29
63 163
63 567
63 205
63 38
63 468
63 39
771 61
771 5
771 159
771 18
60 492
60 127
60 568
60 50
60 569
60 255
60 570
60 26
60 211
60 571
60 572
60 22
60 55
60 173
60 9
60 39
60 573
60 18
667 358
667 102
667 574
667 575
667 117
667 91
667 436
667 256
667 37
667 2
889 51
890 576
530 471
530 301
530 254
530 363
332 17
332 86
332 16
332 71
332 72
332 61
332 426
332 32
332 293
332 395
332 117
332 301
332 131
332 521
332 577
332 109
332 255
61 102
61 127
61 578
61 237
61 199
61 33
61 466
61 103
61 24
33 61
33 140
33 374
33 135
33 112
33 395
33 110
33 239
33 579
33 205
33 580
33 40
586 581
586 18
567 582
567 127
567 63
608 337
608 209
608 26
766 7
766 149
766 18
891 580
892 146
137 102
137 365
137 17
137 150
137 113
137 83
137 53
137 583
137 55
137 407
137 36
137 281
137 584
189 78
189 114
189 66
451 53
598 50
115 78
115 144
115 242
115 113
115 1
115 473
115 585
115 210
115 279
115 20
115 281
115 483
115 155
115 415
293 387
293 114
293 332
293 291
293 62
293 17
293 179
293 126
293 273
293 471
293 560
293 57
293 103
712 381
126 98
126 522
126 293
100 122
100 586
100 519
100 464
100 114
100 57
100 30
100 587
100 27
100 588
100 589
100 132
100 98
100 83
100 161
100 85
100 159
100 28
100 95
100 39
100 457
100 369
100 309
100 590
672 102
672 158
672 112
301 63
301 591
301 50
301 592
301 177
301 593
301 378
301 163
243 218
893 7
550 240
550 90
606 121
606 219
517 594
652 140
652 2
820 49
662 255
894 382
521 358
521 20
521 66
521 122
895 40
545 88
545 91
545 413
222 595
222 596
222 50
222 16
50 7
50 60
50 510
50 280
50 237
50 470
50 62
50 26
50 264
50 143
50 112
50 406
50 174
50 114
50 57
50 318
50 597
50 48
50 20
50 130
50 598
50 115
50 73
50 452
50 301
50 249
50 163
50 442
50 205
50 599
50 78
50 381
50 47
50 19
50 497
50 272
50 255
50 473
50 600
50 17
50 179
50 29
50 375
50 601
50 395
50 8
50 193
50 50
50 150
50 18
50 93
50 602
50 158
50 214
50 110
50 413
50 552
50 479
50 499
50 22
50 36
50 603
50 480
277 604
277 127
277 97
277 332
277 267
277 605
277 131
277 36
277 475
277 114
277 24
121 119
121 98
121 120
121 606
121 29
121 136
896 33
641 30
641 18
641 267
641 337
641 83
641 475
641 66
641 372
473 30
473 7
473 66
473 473
473 130
473 115
473 382
26 60
26 12
26 544
26 492
26 293
26 240
26 55
26 562
26 607
26 125
26 608
26 30
26 127
26 20
26 108
26 72
26 122
26 34
26 249
26 233
26 469
26 609
26 420
26 497
26 447
26 506
26 281
26 84
26 610
26 433
26 234
26 8
26 50
26 150
26 18
26 611
26 113
26 1
26 158
26 112
26 104
26 130
26 500
26 36
26 38
26 581
897 198
298 423
11 242
11 612
11 168
11 613
11 115
11 198
11 146
11 614
11 239
11 483
11 113
11 468
11 318
818 363
378 30
378 51
378 615
378 301
378 136
378 256
378 616
378 133
324 53
56 30
898 617
590 100
899 53
900 443
900 68
311 618
311 462
311 619
311 19
311 198
311 250
311 469
311 265
311 432
311 341
311 160
311 187
311 42
311 296
311 344
311 218
311 163
311 620
311 98
311 621
311 386
311 177
311 111
311 161
311 25
311 622
311 623
311 159
311 624
311 199
311 259
311 226
311 5
435 26
435 456
435 177
435 178
435 435
435 34
51 370
51 510
51 93
51 1
51 625
51 130
51 22
51 281
51 233
51 603
21 626
21 215
21 32
21 627
21 628
21 391
21 629
21 630
21 23
250 114
250 42
250 631
250 632
511 114
901 247
901 382
902 32
292 291
292 352
292 122
407 146
407 19
407 158
407 51
85 633
85 634
85 127
85 53
85 28
85 386
85 18
85 140
85 73
85 111
85 55
85 589
85 125
85 635
162 78
162 636
162 468
162 291
162 637
162 638
162 130
162 161
162 77
903 609
903 388
724 29
724 639
283 309
283 158
42 78
42 193
42 525
42 189
42 14
42 66
42 291
42 73
42 110
42 250
42 640
42 16
42 83
42 353
42 91
42 140
42 205
42 109
42 299
42 355
272 72
272 112
272 170
204 404
838 29
75 358
75 127
75 158
75 29
75 382
614 78
614 102
614 17
614 11
614 112
614 29
614 468
614 67
689 102
475 641
475 215
475 382
475 599
39 348
39 60
39 127
39 31
39 100
39 329
39 102
39 642
39 32
39 67
39 154
39 30
39 40
39 22
39 36
39 227
39 287
39 2
39 63
791 140
791 20
409 63
409 158
409 188
745 612
359 149
635 85
807 130
807 308
807 95
762 643
762 205
762 413
80 127
716 72
904 224
688 644
688 127
688 19
688 645
688 11
688 214
688 104
688 123
688 16
688 17
688 179
688 114
390 14
390 37
390 646
390 647
25 8
25 102
25 648
25 649
25 404
25 311
25 264
25 91
25 84
25 291
25 57
25 132
825 150
754 102
754 19
754 525
754 360
754 72
754 21
754 221
754 110
754 452
754 159
754 650
754 651
754 599
754 77
754 322
905 652
415 115
415 112
415 259
612 47
612 17
612 150
612 42
612 34
612 605
612 281
612 513
612 437
106 47
106 653
106 20
106 403
106 18
106 654
106 215
106 655
106 415
906 30
906 113
906 473
816 363
907 514
221 656
738 91
456 150
456 315
456 18
456 26
456 112
456 130
456 435
268 156
268 18
268 57
268 422
268 34
268 9
5 47
5 358
5 59
5 102
5 61
5 98
5 657
5 58
5 127
5 42
5 159
5 227
5 9
5 469
5 85
5 144
5 446
5 487
5 5
5 506
5 109
5 2
5 327
5 658
5 348
5 31
5 50
5 86
5 150
5 93
5 158
5 456
5 274
5 149
5 36
171 281
171 17
171 659
171 580
171 51
416 259
143 193
143 304
143 18
143 93
143 198
143 637
143 259
143 50
908 140
908 40
909 660
255 60
255 661
255 330
255 370
255 16
255 71
255 332
255 61
255 73
255 215
255 122
255 130
255 42
255 662
255 115
255 50
255 62
255 36
910 36
574 281
574 354
120 387
120 236
120 121
120 663
120 136
120 471
120 305
741 305
741 20
911 90
912 647
913 8
913 352
377 256
377 130
377 63
377 112
367 664
464 100
464 127
464 98
464 32
464 215
464 665
464 31
464 29
464 22
464 109
464 2
731 91
914 528
914 63
915 26
231 666
231 173
916 42
130 47
130 102
130 63
130 78
130 667
130 51
130 455
130 53
130 215
130 668
130 377
130 45
130 669
130 181
130 30
130 69
130 395
130 42
130 32
130 34
130 249
130 163
130 233
130 101
130 670
130 671
130 672
130 98
130 132
130 162
130 14
130 673
130 11
130 268
130 473
130 281
130 674
130 94
130 675
130 8
130 50
130 159
130 150
130 15
130 87
130 158
130 135
130 110
130 456
130 303
130 676
130 180
130 677
130 678
130 255
89 679
89 32
89 50
89 680
89 1
89 681
89 552
89 500
89 55
89 22
89 227
89 242
89 205
89 305
89 584
89 181
917 7
917 126
73 304
73 140
73 158
73 53
73 33
73 503
73 55
73 114
73 235
73 609
73 127
73 20
73 32
73 122
73 442
73 233
73 682
73 98
73 255
73 227
73 179
73 683
73 382
73 85
73 50
73 315
73 93
73 473
73 26
73 104
73 228
73 455
219 7
219 606
219 507
219 200
219 684
655 106
16 102
16 63
16 332
16 62
16 33
16 264
16 114
16 685
16 40
16 42
16 686
16 281
16 205
16 78
16 687
16 14
16 215
16 688
16 29
16 459
16 109
16 222
16 50
16 18
74 127
74 689
630 113
630 318
823 690
163 358
163 63
163 50
163 331
163 215
163 127
163 413
163 130
163 179
163 691
163 36
163 305
918 692
726 112
513 127
513 114
513 612
513 110
160 539
160 24
160 88
495 228
90 6
90 300
90 20
90 83
90 469
352 233
352 279
352 73
352 693
352 113
351 53
351 547
573 140
756 694
705 47
705 66
705 161
705 695
830 37
830 102
161 100
161 162
161 280
161 346
161 696
161 14
161 94
161 697
161 487
161 394
161 34
161 165
161 698
205 306
205 50
205 699
205 42
205 308
205 63
205 588
205 252
205 29
522 145
522 471
522 126
103 700
103 289
103 293
532 471
813 257
113 102
113 62
113 45
113 352
113 114
113 450
113 181
113 609
113 176
113 57
113 115
113 194
113 281
113 538
113 257
113 21
113 701
113 179
113 702
113 674
113 155
113 17
113 50
113 150
113 18
113 26
113 110
113 104
113 37
113 313
581 586
581 55
581 26
0 151
722 19
714 395
919 308
419 8
419 382
419 703
165 690
165 166
165 161
165 239
165 77
165 39
920 574
921 72
47 704
47 50
47 106
47 18
47 140
47 705
47 293
47 14
47 337
47 5
47 378
47 227
47 366
47 706
618 311
375 49
375 50
375 245
375 53
375 373
375 31
375 55
375 164
426 332
426 98
426 466
649 264
649 111
763 18
198 707
198 12
198 330
198 18
198 148
198 11
198 215
198 34
198 98
198 143
198 29
198 281
198 149
198 160
314 227
314 675
337 264
337 98
337 18
128 60
128 574
128 370
128 1
128 130
128 161
128 154
128 114
128 101
175 452
175 303
64 127
64 28
718 708
718 19
718 709
718 250
318 646
318 50
318 446
318 271
318 34
318 630
318 37
318 437
922 145
923 257
924 691
751 710
381 111
381 50
381 711
381 712
395 50
395 460
395 713
395 73
395 34
395 130
395 117
395 29
395 714
395 442
72 127
72 667
72 251
72 715
72 332
72 716
72 26
72 95
72 272
72 5
72 45
72 114
72 717
925 176
554 238
554 86
401 281
401 225
401 536
401 18
481 457
334 162
334 9
334 143
334 410
468 118
468 18
468 108
468 93
468 11
468 146
468 114
468 468
468 172
230 173
926 674
19 26
19 540
19 349
19 110
19 560
19 57
19 127
19 114
19 718
19 259
19 305
19 719
19 78
19 98
19 168
19 276
19 311
19 688
19 179
19 720
19 287
19 50
19 155
19 8
19 330
19 721
19 158
19 135
19 112
19 341
19 722
19 325
19 38
19 199
844 166
386 85
386 311
386 410
422 528
422 268
399 723
399 189
399 658
270 170
720 19
338 20
338 154
784 452
784 140
784 127
784 161
784 68
639 724
639 29
639 381
17 50
17 113
17 293
17 279
17 179
17 614
17 239
601 50
112 672
112 415
112 725
112 62
112 158
112 110
112 377
112 726
112 45
112 114
112 66
514 490
514 114
514 727
514 91
157 412
602 16
602 115
602 493
646 264
646 251
646 390
210 7
210 102
210 79
210 32
210 110
210 452
210 728
210 36
210 281
210 115
210 181
376 256
376 20
927 174
91 60
91 370
91 729
91 730
91 244
91 470
91 731
91 537
91 67
91 732
91 667
91 30
91 490
91 733
91 176
91 42
91 254
91 27
91 734
91 735
91 736
91 709
91 249
91 420
91 223
91 336
91 127
91 737
91 295
91 25
91 382
91 232
91 348
91 545
91 514
91 18
91 1
91 738
91 274
91 369
91 36
91 739
800 740
313 102
313 32
313 741
313 18
313 113
313 61
313 53
313 82
313 110
313 218
313 179
313 45
313 36
313 243
313 742
38 63
38 19
38 26
38 110
38 170
38 743
38 185
38 41
38 2
38 40
38 744
831 50
831 304
584 89
584 745
584 137
928 609
460 395
460 63
460 746
460 50
460 34
370 747
370 51
370 255
370 34
370 285
370 98
370 748
370 91
370 58
729 91
264 749
264 337
264 25
264 153
264 57
264 236
264 145
264 640
264 16
264 249
264 227
264 233
264 208
264 23
264 20
264 29
264 470
264 8
264 150
264 88
264 36
264 37
503 83
503 508
45 7
45 102
45 224
45 332
45 278
45 526
45 181
45 609
45 72
45 284
45 355
45 78
45 469
45 4
45 109
45 193
45 113
45 750
45 26
45 285
45 42
45 313
45 678
710 751
579 257
579 161
579 33
707 198
97 277
733 79
733 91
576 102
576 299
576 111
576 132
576 327
141 84
141 7
141 193
141 257
141 207
685 21
685 462
685 50
685 16
57 331
57 752
57 224
57 293
57 264
57 98
57 114
57 67
57 122
57 145
57 281
57 100
57 19
57 257
57 179
57 25
57 382
57 50
57 146
57 152
57 113
57 121
57 384
57 248
30 100
30 609
30 98
30 753
30 158
30 122
30 26
30 130
30 467
30 227
30 180
30 280
30 77
273 324
546 331
306 130
306 42
822 66
695 705
472 382
446 78
360 7
360 63
360 754
770 18
673 130
384 144
384 57
384 133
563 93
563 235
737 91
487 755
487 5
487 161
585 115
694 756
650 754
520 60
520 45
520 26
520 757
520 169
520 161
520 77
929 630
580 758
580 33
99 504
99 488
930 26
805 245
805 166
15 395
15 130
15 759
15 149
1 78
1 8
1 128
1 86
1 51
1 89
1 760
1 53
1 62
1 122
1 271
1 34
1 16
1 542
1 91
1 31
1 169
1 1
1 181
110 7
110 102
110 224
110 33
110 250
110 146
110 144
110 44
110 114
110 609
110 187
110 42
110 122
110 279
110 442
110 513
110 76
110 19
110 227
110 177
110 761
110 471
110 8
110 50
110 159
110 315
110 138
110 113
110 277
110 26
110 112
110 104
110 38
413 47
413 102
413 63
413 21
413 33
413 45
413 115
413 452
413 163
413 205
413 633
413 496
413 762
413 188
413 289
413 545
413 50
413 18
413 158
413 26
413 112
413 309
10 525
500 215
500 26
620 102
229 173
18 60
18 403
18 102
18 434
18 763
18 17
18 198
18 764
18 586
18 146
18 337
18 55
18 765
18 766
18 114
18 57
18 62
18 181
18 26
18 236
18 767
18 16
18 32
18 401
18 382
18 768
18 769
18 572
18 75
18 468
18 187
18 30
18 19
18 497
18 770
18 267
18 43
18 118
18 179
18 674
18 50
18 8
18 644
18 193
18 164
18 159
18 113
18 771
18 158
18 95
18 259
18 456
18 170
18 131
18 90
18 91
18 36
18 143
18 477
18 616
18 772
523 572
739 91
739 739
353 140
353 42
353 247
353 34
358 31
358 107
358 73
358 363
358 149
358 773
358 163
358 83
358 521
139 257
931 179
449 53
502 98
282 92
282 36
62 31
62 61
62 32
62 50
62 293
356 117
146 47
146 707
146 20
146 146
146 276
146 73
146 198
146 122
146 110
146 135
146 774
146 182
146 775
146 149
146 593
146 7
146 57
146 407
146 18
932 114
932 159
932 23
787 20
186 228
186 193
186 20
933 18
288 50
288 185
319 227
643 762
643 109
643 776
236 120
236 421
236 777
236 53
236 264
236 29
236 161
236 778
236 181
232 281
232 114
232 232
232 91
232 51
44 187
44 140
44 73
44 214
44 110
44 355
452 86
452 53
452 62
452 413
452 665
452 279
452 175
452 84
452 181
207 152
207 141
207 402
654 106
496 215
496 413
144 5
144 469
144 43
144 566
934 528
168 492
168 53
168 779
168 69
168 267
168 61
168 11
168 271
168 19
168 123
168 98
168 780
168 111
168 599
168 115
168 781
168 173
542 116
542 90
200 148
200 219
476 98
476 382
220 140
209 441
209 608
209 398
209 103
801 599
935 28
315 782
315 73
315 110
315 456
315 783
315 131
315 180
315 471
315 66
315 647
684 108
68 62
68 784
199 148
199 785
199 61
199 19
199 122
22 60
22 50
22 510
22 215
22 51
22 455
22 95
22 240
22 55
22 267
936 130
936 150
937 215
727 514
41 127
41 122
41 170
41 182
41 281
41 38
41 248
41 40
41 41
7 7
7 102
7 304
7 510
7 140
7 237
7 215
7 95
7 146
7 239
7 219
7 127
7 141
7 27
7 281
7 126
7 633
7 98
7 360
7 267
7 182
7 133
7 84
7 485
7 216
7 580
7 348
7 193
7 50
7 86
7 150
7 26
7 110
7 104
7 130
7 465
7 303
7 325
7 37
335 89
335 50
938 104
491 786
564 3
20 492
20 711
20 741
20 60
20 264
20 240
20 787
20 186
20 256
20 788
20 656
20 789
20 141
20 790
20 424
20 338
20 791
20 78
20 346
20 374
20 336
20 792
20 793
20 580
20 536
20 31
20 146
20 376
20 110
20 153
20 36
20 325
20 309
20 616
493 130
493 602
827 102
827 73
224 8
224 794
224 127
224 14
224 489
224 32
224 204
224 248
224 36
224 113
224 57
224 173
341 14
341 42
341 93
939 32
939 29
278 7
278 31
278 795
278 42
278 73
278 45
278 36
417 285
664 367
191 213
263 553
263 796
263 73
263 155
239 102
239 50
239 460
239 18
239 215
239 33
239 583
239 16
239 442
239 483
239 115
239 181
24 50
24 277
24 245
24 797
24 798
24 29
24 227
24 799
24 160
24 61
24 780
174 215
516 5
516 594
516 17
479 615
479 50
781 98
781 168
686 16
169 245
169 1
169 271
169 166
169 520
169 114
388 78
388 464
595 222
740 800
940 13
297 344
941 29
194 148
194 113
942 94
379 93
379 109
188 387
188 98
372 123
372 75
372 83
111 85
111 576
111 779
111 168
111 381
111 311
111 158
111 170
111 279
111 161
111 217
83 100
83 7
83 127
83 137
83 150
83 42
83 214
83 55
83 90
83 161
83 114
83 372
83 791
83 208
599 102
599 801
599 50
599 277
599 93
599 475
761 217
761 110
287 19
287 185
287 227
287 84
287 309
287 41
289 238
327 348
533 330
533 413
533 50
533 802
604 277
242 98
86 7
86 8
86 127
86 49
86 304
86 107
86 332
86 1
86 214
86 456
86 452
86 16
86 5
86 803
86 572
86 29
86 36
86 50
86 536
129 804
129 101
418 102
418 605
418 198
418 36
245 469
245 805
245 81
245 110
245 169
245 511
70 127
570 60
95 98
95 28
95 806
95 18
95 807
95 198
95 27
95 16
95 743
95 55
95 383
95 161
95 309
95 132
252 47
252 205
252 308
458 53
775 30
775 146
775 605
147 140
147 309
147 808
147 219
147 86
23 8
23 264
23 284
23 809
23 395
397 454
366 47
366 140
483 228
483 239
448 53
448 308
510 85
510 7
510 810
510 330
510 51
510 510
510 16
510 55
510 22
510 50
510 114
140 633
140 47
140 85
140 330
140 811
140 257
140 573
140 140
140 42
140 73
140 797
140 8
140 111
140 147
140 353
140 239
140 366
140 205
140 114
140 220
140 784
260 98
216 7
216 125
828 102
541 609
593 146
593 301
593 91
27 7
27 193
27 28
27 95
27 465
27 651
674 130
674 18
943 42
425 560
609 812
609 330
609 251
609 113
609 73
609 130
609 2
490 488
490 86
490 813
490 52
490 91
490 814
767 18
251 815
108 26
108 36
275 127
275 14
275 122
275 145
275 303
275 36
275 101
357 114
363 358
363 102
363 530
363 158
363 816
363 817
363 818
363 55
363 819
363 37
363 553
713 395
266 266
302 592
302 69
302 118
302 616
719 19
693 348
693 352
49 820
49 304
49 375
49 150
49 583
696 86
430 69
254 224
254 336
254 215
254 140
254 530
254 91
267 22
267 168
267 18
267 752
267 130
267 55
267 625
267 366
299 42
429 466
429 29
748 113
768 26
768 45
768 18
944 18
945 469
561 93
66 8
66 69
66 346
66 315
66 335
66 473
66 43
66 112
66 166
66 170
66 111
66 42
66 821
66 822
66 173
736 91
164 8
164 180
164 77
164 375
690 165
690 823
150 225
150 462
150 215
150 95
150 98
150 263
150 432
150 181
150 137
150 32
150 279
150 814
150 227
150 281
150 77
150 132
150 599
150 78
150 824
150 49
150 346
150 728
150 5
150 361
150 94
150 109
150 825
150 612
150 8
150 50
150 13
150 18
150 1
150 158
150 26
150 130
150 37
538 235
946 42
214 8
214 86
214 82
214 341
214 83
214 309
214 125
214 234
839 826
104 7
104 69
104 71
104 73
104 110
104 293
104 148
104 114
104 173
947 267
947 610
948 8
4 59
4 98
4 50
4 53
4 45
4 114
195 148
949 102
950 259
431 69
772 574
339 433
951 198
438 249
102 7
102 47
102 32
102 576
102 403
102 827
102 406
102 62
102 828
102 240
102 55
102 239
102 413
102 450
102 652
102 73
102 363
102 60
102 16
102 279
102 769
102 829
102 227
102 468
102 39
102 599
102 633
102 672
102 144
102 14
102 308
102 830
102 82
102 442
102 5
102 179
102 471
102 290
102 109
102 313
102 8
102 605
102 18
102 418
102 158
102 110
102 210
102 11
102 3
102 36
102 677
102 113
591 301
304 7
304 32
304 86
304 19
304 73
304 198
304 49
304 143
304 831
304 1
201 148
952 832
953 224
953 239
954 440
424 127
424 20
424 257
424 16
424 198
424 549
424 264
424 36
424 130
955 500
32 652
32 304
32 594
32 18
32 412
32 299
32 62
32 474
32 210
32 240
32 303
32 281
32 39
956 8
583 49
583 833
583 239
196 148
196 142
957 546
442 18
442 52
442 26
442 104
442 279
442 239
442 442
442 109
442 208
631 250
398 834
633 140
633 835
633 413
701 113
177 435
177 110
177 55
177 303
177 3
177 132
179 47
179 102
179 73
179 488
179 403
179 53
179 33
179 293
179 98
179 836
179 186
179 69
179 32
179 122
179 272
179 16
179 163
179 19
179 410
179 14
179 688
179 837
179 99
179 79
179 17
179 50
179 18
179 113
179 1
179 158
179 110
179 130
179 303
29 127
29 94
29 331
29 18
29 121
29 52
29 53
29 158
29 264
29 236
29 639
29 838
29 369
29 205
29 24
29 445
29 429
826 839
437 42
437 318
437 612
437 267
437 34
172 468
172 112
79 127
79 2
79 733
958 130
959 102
960 29
960 594
87 227
87 130
87 127
87 94
87 46
396 53
396 480
78 840
78 114
78 115
78 162
78 127
78 20
78 841
78 42
78 16
78 614
78 19
78 336
78 29
78 109
78 8
78 842
78 50
78 159
78 843
78 1
78 259
78 130
668 130
668 210
668 51
961 0
961 20
961 521
166 844
166 805
166 109
166 771
166 391
166 549
166 169
166 261
166 227
166 114
166 66
166 445
629 21
274 227
274 170
274 5
274 149
274 82
962 32
962 209
296 311
296 208
835 633
