533 0
337 1
337 2
337 3
337 4
413 5
413 6
413 7
413 8
413 9
90 10
90 11
363 12
363 13
276 14
276 15
276 16
276 17
339 1
271 18
271 19
271 20
271 21
271 22
271 23
271 24
271 17
271 25
271 26
271 27
271 28
271 29
271 30
423 23
423 31
859 0
599 32
197 33
197 34
197 35
197 36
197 3
197 9
197 37
197 38
860 39
860 40
861 41
241 42
241 43
241 21
241 44
241 45
241 14
241 26
241 46
47 47
47 31
47 48
47 49
47 50
47 51
167 52
167 53
167 54
167 8
167 55
746 33
746 46
862 56
863 56
95 57
95 58
95 59
95 33
95 50
95 60
95 61
95 12
95 44
95 62
95 63
95 64
95 10
95 65
95 66
95 17
95 67
95 68
95 69
230 70
230 71
230 72
230 73
230 74
230 75
230 76
230 62
230 0
230 77
230 78
230 79
230 14
230 15
230 8
446 80
446 81
446 82
10 4
10 83
10 84
10 85
10 86
10 87
10 88
10 17
10 89
10 90
10 91
10 92
10 0
10 12
10 93
10 94
10 95
10 72
10 10
10 96
10 97
10 98
10 33
10 99
10 100
10 101
10 3
10 42
10 102
10 20
10 103
10 104
10 105
10 106
10 107
10 108
10 66
10 14
10 109
646 56
646 66
646 110
600 111
600 112
600 113
600 114
864 0
840 0
840 115
147 116
147 117
147 43
147 118
147 119
147 120
147 121
147 122
865 26
117 24
117 123
117 124
117 125
117 52
117 126
117 127
117 128
117 129
786 130
843 131
843 132
449 27
449 20
449 133
449 134
449 67
445 0
866 135
511 136
511 137
511 105
511 31
511 138
511 139
511 122
511 133
511 140
705 14
705 141
679 42
270 57
270 18
270 32
270 71
270 58
270 142
270 143
270 121
270 14
270 2
270 8
270 133
270 40
573 0
573 144
157 18
157 145
157 32
157 146
157 21
157 23
157 31
157 66
157 46
157 55
867 147
360 148
360 82
360 149
360 71
360 61
360 21
360 150
360 151
360 107
360 152
360 3
360 153
360 67
360 154
360 98
360 41
360 155
360 156
31 157
31 47
31 158
31 159
31 160
31 161
31 162
31 122
31 163
31 164
31 143
31 19
31 96
31 8
31 133
31 165
31 166
204 42
204 167
204 102
204 71
204 104
204 168
204 62
204 17
204 73
204 169
204 82
204 22
204 170
204 171
204 172
350 1
350 2
764 57
749 173
108 86
108 10
108 174
108 175
108 17
761 176
761 177
761 178
149 18
149 71
868 31
456 18
456 116
456 179
456 71
456 180
456 181
456 48
456 23
456 120
456 17
456 182
456 55
456 20
597 3
597 71
869 183
458 26
283 184
288 185
288 134
288 83
288 12
288 186
288 187
288 188
288 87
288 189
288 24
288 190
288 191
288 192
288 193
288 14
288 89
288 194
288 26
288 46
288 195
810 196
266 197
266 198
365 122
365 199
365 200
365 102
365 201
833 148
833 202
870 0
279 203
467 18
467 44
467 3
467 9
467 67
170 186
170 204
170 83
261 5
261 205
261 193
261 206
261 207
261 198
871 0
871 144
666 72
305 208
305 113
93 209
93 10
93 121
93 210
653 20
806 211
474 9
872 212
394 106
817 17
829 213
680 214
873 215
689 169
689 75
657 68
874 216
488 26
488 217
488 218
427 152
427 219
427 121
427 4
265 220
265 18
265 33
265 221
265 222
265 72
265 73
265 223
265 224
265 225
265 203
265 121
265 67
265 226
265 109
265 227
265 138
265 166
765 136
765 82
765 225
328 228
328 229
317 230
451 102
451 231
451 107
451 230
451 131
451 232
451 2
451 138
306 228
306 41
306 233
616 34
616 146
616 234
616 235
616 236
616 206
616 237
616 97
478 152
478 20
256 238
256 239
256 24
382 240
382 19
382 66
382 120
382 71
56 241
56 242
56 71
56 151
56 178
56 17
56 37
56 55
56 243
56 244
56 245
56 119
56 163
56 246
56 3
56 247
56 248
56 138
56 249
56 102
56 218
56 250
56 66
56 14
324 42
324 226
324 20
324 251
324 252
324 176
324 229
324 17
324 122
324 26
324 133
324 253
875 17
876 204
620 254
338 1
877 255
238 256
878 10
879 0
602 112
602 185
512 116
512 257
512 112
512 143
512 258
512 259
807 211
770 260
770 127
198 261
198 262
198 71
198 7
198 198
198 263
198 173
198 264
198 265
198 266
362 267
362 222
362 143
362 268
362 269
362 251
58 53
58 270
58 95
58 120
58 121
466 52
466 271
466 77
466 121
466 108
880 31
142 270
723 20
390 106
390 130
390 17
767 272
767 260
767 178
767 180
509 21
509 67
509 191
509 228
509 14
509 273
509 274
280 275
825 15
308 276
308 46
308 126
308 41
507 143
881 219
882 144
307 41
307 98
435 172
883 277
883 278
884 75
203 265
203 73
203 55
203 279
246 280
246 56
246 19
246 281
733 282
733 219
733 267
733 283
733 284
733 285
733 14
733 286
733 287
194 288
194 289
501 290
885 130
316 291
886 292
180 249
180 136
180 214
180 114
180 81
180 293
180 294
180 26
180 171
372 122
494 67
105 19
105 105
168 204
473 295
473 3
485 175
485 296
351 42
351 18
351 24
351 297
351 139
351 83
351 298
351 61
351 299
351 72
351 300
351 1
351 255
351 121
351 87
404 301
404 151
404 3
404 302
404 303
404 26
694 260
694 304
210 305
785 136
484 130
844 59
41 57
41 111
41 102
41 9
41 222
41 71
41 281
41 306
41 14
41 88
41 3
41 127
41 122
41 307
41 308
41 309
41 87
41 310
41 311
839 0
839 12
839 312
839 3
839 17
242 42
242 220
242 313
242 102
242 20
242 314
242 23
242 33
242 78
242 14
242 315
242 56
242 133
388 68
388 2
388 44
388 106
612 209
612 59
887 3
414 5
414 260
329 68
618 250
291 316
291 317
218 26
334 318
334 152
334 112
334 7
650 215
650 319
650 185
650 87
650 235
335 318
335 320
335 57
335 260
335 321
335 50
335 322
226 18
226 222
226 83
226 323
226 152
226 12
226 106
226 281
226 0
226 66
226 127
226 104
226 128
226 324
226 217
226 325
16 276
793 15
793 326
55 157
55 167
55 28
55 327
55 20
55 328
55 329
55 330
55 163
55 7
55 331
55 332
55 203
55 333
55 121
55 122
55 15
55 239
55 56
55 55
318 334
318 136
318 335
318 336
888 212
1 18
1 337
1 338
1 33
1 177
1 339
1 340
1 341
1 133
1 182
1 342
1 146
1 21
1 330
1 343
1 64
1 260
1 205
1 321
1 128
1 2
1 344
1 345
1 145
1 346
1 347
1 101
1 348
1 349
1 111
1 102
1 73
1 350
1 87
1 351
1 352
1 14
434 86
434 353
434 222
389 14
330 33
330 117
330 1
330 354
330 73
330 355
330 163
330 356
330 84
330 3
330 67
330 21
330 56
330 75
330 87
330 55
330 357
889 334
631 239
499 281
499 358
499 75
354 316
354 47
354 26
354 84
354 73
354 330
354 31
354 17
354 284
354 359
593 285
593 121
681 15
672 4
145 157
145 240
145 360
145 1
145 225
145 17
588 361
615 228
615 97
268 362
13 363
13 221
13 364
13 191
13 225
13 14
13 68
122 18
122 219
122 163
122 365
122 366
122 17
122 226
122 68
122 274
122 55
122 367
122 260
122 368
122 205
122 369
122 370
122 81
122 24
122 371
122 372
122 41
122 373
122 231
122 374
122 239
122 273
356 375
356 357
356 330
356 46
504 0
464 42
464 86
240 157
240 31
240 376
240 377
240 26
240 44
240 378
240 145
240 379
240 380
240 65
240 381
240 340
240 382
240 2
240 383
213 337
213 354
213 41
213 89
213 229
213 384
213 385
890 0
284 354
421 386
421 20
421 5
421 72
421 22
421 23
421 271
421 229
421 121
421 387
421 374
106 18
106 388
106 148
106 163
106 381
106 226
106 133
106 243
106 389
106 390
106 236
106 23
106 10
106 205
106 391
106 50
106 392
106 128
106 175
106 393
106 97
106 220
106 394
106 123
106 395
106 396
106 397
106 2
106 42
106 102
106 287
106 235
106 398
106 250
106 66
106 399
106 400
106 171
562 0
422 23
422 231
730 239
78 401
78 402
78 117
78 20
78 12
78 150
78 357
78 319
78 236
78 66
78 121
78 361
78 130
78 87
303 222
303 71
303 403
303 362
303 404
303 405
303 121
303 247
303 68
303 251
891 406
891 62
891 171
891 50
891 407
891 252
891 274
505 102
505 408
505 21
505 7
505 285
505 112
505 121
505 14
505 289
278 409
278 15
278 26
278 198
54 167
54 255
54 20
787 111
787 20
787 120
787 122
787 128
787 130
892 31
403 303
411 410
411 345
411 4
411 174
411 107
411 411
411 66
411 27
115 0
115 115
457 316
751 24
893 303
850 285
850 412
850 78
5 185
5 413
5 71
5 414
5 151
5 26
5 274
5 261
5 415
5 416
5 152
5 417
5 40
5 141
5 97
5 220
5 418
5 121
5 281
5 189
5 419
5 39
5 420
5 42
5 421
5 107
5 87
5 207
415 65
717 422
717 104
717 15
717 423
62 136
62 81
62 424
62 219
62 20
62 35
62 95
62 425
62 230
62 426
62 17
62 427
62 204
62 428
62 385
62 97
62 138
62 259
894 429
61 24
61 408
61 95
61 430
61 348
61 81
895 95
387 83
387 197
387 421
387 431
387 3
387 432
172 18
172 82
172 433
172 434
172 435
172 225
172 436
172 45
172 437
172 304
172 102
172 427
321 1
321 335
321 438
687 18
687 439
345 440
896 120
897 18
897 406
897 44
897 230
897 112
897 441
897 172
897 442
898 40
565 0
695 285
695 226
695 244
76 230
899 17
116 57
116 171
116 219
116 83
116 283
116 443
116 444
116 71
116 398
116 397
116 121
116 14
116 15
116 97
184 110
184 20
184 72
184 283
184 191
184 89
184 312
184 109
900 18
900 228
900 3
900 138
900 209
302 241
302 404
302 26
348 61
348 182
28 20
200 0
200 73
200 445
200 65
200 365
349 1
349 446
577 0
159 146
159 31
159 447
159 448
901 0
27 57
27 116
27 20
27 449
27 71
27 271
27 191
27 411
27 347
27 145
27 17
778 0
231 450
231 281
231 451
231 452
231 453
231 422
231 454
231 455
231 437
231 37
231 456
231 457
425 458
425 376
425 71
425 85
425 459
425 339
425 460
425 461
425 226
425 68
425 75
425 99
425 26
425 462
425 21
425 62
425 67
425 2
425 57
425 117
425 463
425 281
425 17
425 464
425 111
425 24
425 107
425 465
425 65
425 14
187 11
187 355
902 272
643 296
77 400
77 466
77 467
77 222
77 230
327 327
327 468
327 231
327 469
327 55
407 136
407 470
589 471
742 274
779 3
295 24
295 82
295 228
295 472
295 473
295 89
295 68
295 8
163 42
163 219
163 330
163 106
163 122
163 120
163 474
163 56
163 26
163 133
163 55
163 166
366 152
366 205
366 9
691 359
88 285
88 10
88 211
88 459
903 475
903 71
645 122
645 66
645 222
208 305
669 120
669 50
477 476
476 15
476 477
476 235
298 351
550 0
343 1
601 5
601 470
601 478
205 220
205 42
205 1
205 155
205 366
205 300
205 479
205 260
205 3
205 122
904 122
437 158
437 111
437 480
437 481
437 482
437 483
437 71
437 231
437 178
437 107
437 281
437 3
437 120
437 484
437 66
437 464
905 228
175 485
175 106
161 31
161 10
161 486
217 33
217 487
217 166
217 222
217 7
217 17
217 488
217 68
217 50
353 24
353 434
353 73
353 17
353 489
353 490
659 68
659 189
659 26
838 72
838 226
125 136
125 117
125 491
125 122
125 246
125 211
125 193
125 169
125 239
125 170
125 140
346 492
346 493
346 9
346 1
346 494
346 495
346 75
346 260
346 121
346 21
346 474
346 68
346 496
346 133
346 188
595 121
281 148
281 87
281 5
281 497
281 231
281 260
281 498
281 52
281 14
281 246
281 397
281 3
281 437
281 182
281 89
281 226
281 109
281 499
281 41
281 97
281 500
626 148
626 45
626 295
626 83
290 0
290 501
906 267
647 66
907 502
438 503
462 14
462 56
462 425
462 75
39 82
39 71
39 43
39 365
39 5
39 102
39 26
719 15
908 144
371 122
371 255
711 87
909 504
406 0
406 241
406 505
629 102
629 85
629 276
629 89
629 100
629 171
910 0
65 240
65 252
65 24
65 461
65 152
65 95
65 355
65 177
65 347
65 230
65 506
65 146
65 45
65 65
65 121
65 21
65 14
65 68
65 15
65 200
65 251
143 507
143 31
143 82
143 287
143 508
143 95
143 509
143 151
143 235
143 459
143 362
143 33
143 120
143 270
143 133
821 17
911 510
140 278
140 86
140 81
140 140
140 511
259 31
259 346
259 62
259 512
259 133
259 198
400 122
400 77
400 106
400 513
400 71
697 12
697 24
697 166
84 33
84 32
84 514
84 330
84 357
84 62
84 10
84 185
84 85
84 14
84 21
84 26
84 170
84 97
84 409
824 116
824 197
824 165
44 18
44 515
44 388
44 241
44 467
44 274
44 166
44 516
44 174
44 95
44 517
44 23
44 121
44 518
44 519
44 228
44 45
44 122
44 520
44 240
44 75
44 521
44 522
912 241
428 62
312 285
312 184
312 523
312 524
80 446
80 73
913 0
18 185
18 71
18 235
18 265
18 26
18 274
18 525
18 1
18 245
18 67
18 172
18 57
18 42
18 228
18 526
18 527
18 120
18 488
18 122
18 138
18 220
18 102
18 20
18 104
18 218
18 149
18 489
18 14
18 427
409 278
409 470
409 71
409 84
409 120
409 17
26 278
26 18
26 458
26 4
26 83
26 241
26 299
26 163
26 271
26 192
26 188
26 262
26 5
26 94
26 416
26 260
26 2
26 217
26 33
26 323
26 31
26 3
26 39
26 24
26 102
26 104
26 528
26 404
26 529
837 1
837 15
0 144
0 530
0 531
0 532
0 533
0 534
0 535
0 536
0 537
0 538
0 539
0 540
0 541
0 17
0 542
0 543
0 544
0 545
0 546
0 547
0 548
0 549
0 550
0 551
0 230
0 552
0 553
0 554
0 555
0 556
0 557
0 67
0 558
0 559
0 87
0 560
0 561
0 562
0 563
0 564
0 565
0 151
0 566
0 567
0 568
0 569
0 570
0 571
0 572
0 200
0 504
0 573
0 574
0 575
0 290
0 576
0 577
0 578
0 579
0 115
0 580
0 581
0 486
0 582
0 583
0 584
0 585
0 130
0 586
914 106
831 587
915 588
471 373
471 589
606 120
688 75
708 87
190 288
658 189
121 148
121 185
121 17
121 152
121 177
121 334
121 9
121 590
121 55
121 591
121 466
121 133
121 592
121 64
121 593
121 67
121 594
121 27
121 97
121 147
121 116
121 346
121 595
121 3
121 427
121 270
121 111
121 24
121 20
121 421
121 351
121 314
121 596
121 65
121 78
121 21
121 303
121 15
121 505
503 67
503 211
503 438
726 597
916 26
917 357
135 598
135 71
918 9
99 328
99 81
99 599
99 425
743 4
111 19
111 222
111 1
111 66
111 75
111 203
111 211
111 600
111 121
111 252
111 274
111 202
111 437
553 0
396 65
470 601
470 136
470 409
470 587
470 407
181 456
63 95
112 220
112 401
112 24
112 512
112 12
112 191
112 602
112 334
112 3
112 66
112 79
112 68
112 505
112 600
120 18
120 219
120 71
120 85
120 163
120 147
120 603
120 17
120 258
120 409
120 151
120 34
120 604
120 605
120 93
120 606
120 87
120 607
120 177
120 59
120 45
120 120
120 53
120 143
120 21
139 351
139 511
139 608
81 24
81 117
81 20
81 61
81 62
81 446
81 17
81 122
523 31
523 487
523 463
523 609
523 104
523 235
523 610
523 312
523 120
523 611
179 456
179 4
179 143
255 54
255 371
255 351
255 255
608 139
209 93
209 612
7 42
7 4
7 385
7 505
7 50
7 79
7 217
7 198
7 55
644 50
97 185
97 219
97 613
97 84
97 177
97 428
97 116
97 9
97 79
97 26
97 10
97 62
97 509
97 121
97 172
97 450
97 33
97 614
97 281
97 615
97 120
97 106
97 616
97 250
250 617
250 79
250 618
250 166
250 416
113 305
113 67
441 19
441 78
441 619
35 197
35 62
800 299
374 287
374 152
374 421
374 183
374 122
374 133
254 336
254 620
254 2
254 621
254 622
207 5
207 8
207 261
678 42
919 17
373 122
373 46
373 471
373 623
376 158
376 240
376 102
376 127
376 624
376 106
376 152
376 10
376 40
376 14
376 2
83 625
83 116
83 17
83 71
83 288
83 12
83 357
83 235
83 365
83 626
83 10
83 66
83 302
83 226
83 351
83 26
83 170
83 260
834 152
834 42
86 627
86 434
86 21
86 527
86 511
86 22
86 64
86 10
86 285
86 2
86 26
86 140
86 464
436 172
436 18
436 295
436 293
436 9
920 303
921 0
89 282
89 184
89 213
89 235
89 288
89 85
89 295
89 607
89 191
89 281
89 131
89 10
89 628
89 629
89 9
89 67
89 630
89 225
858 517
182 59
182 31
182 166
182 348
182 1
182 7
182 281
182 229
182 455
182 438
182 456
182 68
182 27
736 120
922 381
46 157
46 241
46 59
46 308
46 148
46 288
46 373
46 231
46 631
46 356
46 632
46 260
46 225
46 67
46 68
46 2
46 26
923 84
11 26
11 90
11 262
11 187
11 67
237 136
417 5
417 14
440 136
440 33
440 323
440 605
440 260
440 391
440 506
440 8
429 0
429 559
429 564
827 245
674 41
674 202
924 285
924 50
925 0
713 52
713 118
713 40
625 83
201 152
201 71
201 385
201 365
201 20
760 19
760 9
610 148
610 523
610 124
610 21
610 412
610 120
610 50
610 68
610 87
763 67
100 138
100 40
100 629
189 42
189 633
189 634
189 287
189 288
189 635
189 5
189 164
189 124
313 42
313 362
630 514
630 89
252 42
252 111
252 636
252 32
252 104
252 637
252 228
252 10
252 638
252 40
252 65
252 14
252 324
206 261
206 166
206 151
206 616
206 325
206 50
138 220
138 18
138 102
138 376
138 42
138 511
138 143
138 492
138 56
138 32
926 122
926 65
8 220
8 148
8 167
8 31
8 413
8 166
8 114
8 71
8 152
8 107
8 185
8 67
8 14
8 374
8 26
8 207
8 440
102 242
102 71
102 635
102 459
102 164
102 17
102 317
102 274
102 1
102 133
102 639
102 191
102 23
102 10
102 640
102 172
102 15
102 49
102 122
102 102
102 39
102 138
102 24
102 204
102 106
102 629
102 143
102 3
102 56
102 41
124 641
124 642
124 610
296 485
296 23
296 643
819 17
750 642
452 231
333 73
333 26
66 17
66 83
66 151
66 644
66 334
66 645
66 304
66 226
66 274
66 47
66 525
66 166
66 330
66 95
66 10
66 646
66 112
66 527
66 246
66 647
66 122
66 194
66 464
66 111
66 282
66 31
66 106
66 648
66 66
66 78
66 3
842 82
927 0
185 649
185 650
185 185
185 5
185 84
185 195
185 651
185 602
185 225
185 412
185 288
185 121
185 14
185 15
185 8
185 97
185 98
294 71
71 18
71 302
71 83
71 503
71 257
71 151
71 459
71 325
71 17
71 198
71 513
71 652
71 5
71 10
71 653
71 50
71 67
71 27
71 654
71 220
71 70
71 224
71 655
71 45
71 120
71 294
71 597
71 102
71 39
71 656
71 360
71 24
71 204
71 41
71 235
71 314
71 149
71 127
71 14
71 427
71 15
71 130
85 31
85 71
85 84
85 425
85 89
85 10
85 120
85 68
85 621
635 85
635 81
448 159
928 0
263 198
381 220
381 240
381 122
381 106
381 134
68 148
68 388
68 613
68 72
68 85
68 329
68 224
68 235
68 211
68 17
68 226
68 230
68 46
68 182
68 513
68 289
68 657
68 0
68 186
68 519
68 95
68 237
68 64
68 593
68 658
68 285
68 2
68 217
68 29
68 98
68 659
68 59
68 33
68 117
68 346
68 660
68 225
68 112
68 3
68 122
68 661
68 18
68 24
68 296
68 150
68 295
68 425
68 89
68 146
68 351
68 654
68 376
68 303
68 41
832 148
836 662
836 663
729 239
737 42
737 506
737 130
737 274
737 9
668 106
841 82
841 235
814 17
191 282
191 124
191 288
191 12
191 107
191 225
191 112
191 13
191 89
191 27
191 187
236 664
236 296
236 106
236 616
236 78
236 665
236 666
236 198
236 138
649 185
649 9
745 21
791 667
816 17
50 124
50 668
50 71
50 95
50 7
50 106
50 235
50 107
50 3
50 610
50 50
50 669
50 670
50 2
50 671
361 588
361 78
369 122
369 672
369 673
162 31
929 104
202 111
202 674
123 117
482 66
443 136
443 116
443 104
443 224
443 417
443 229
526 18
527 514
527 675
527 411
527 66
527 628
527 274
686 14
686 258
818 282
818 186
126 676
126 308
126 117
126 114
930 82
794 151
794 677
703 56
221 265
42 678
42 18
42 242
42 287
42 144
42 5
42 106
42 7
42 163
42 241
42 107
42 10
42 205
42 143
42 17
42 679
42 517
42 251
42 274
42 464
412 260
412 185
412 211
214 680
214 2
214 180
214 397
214 322
287 42
287 116
287 12
287 151
287 274
287 681
287 104
287 374
287 251
287 106
931 682
931 683
932 250
234 616
234 385
14 18
14 185
14 376
14 241
14 288
14 276
14 224
14 84
14 122
14 312
14 684
14 211
14 9
14 685
14 75
14 133
14 34
14 1
14 686
14 10
14 499
14 414
14 417
14 225
14 640
14 670
14 116
14 281
14 252
14 13
14 265
14 602
14 24
14 222
14 180
14 73
14 89
14 0
14 687
14 65
14 455
14 127
14 14
14 56
14 8
14 41
14 505
75 111
75 116
75 462
75 178
75 688
75 43
75 73
75 72
75 346
75 689
75 425
75 499
75 146
75 34
75 127
75 14
75 303
75 690
75 71
75 330
75 253
624 211
933 0
934 19
359 59
359 71
359 299
359 691
359 509
359 692
935 172
110 285
721 3
721 20
534 0
535 0
637 252
936 610
459 162
459 335
459 102
459 71
459 53
459 12
459 276
459 693
459 336
459 72
459 24
459 143
498 281
540 0
325 222
325 20
325 608
325 226
325 206
325 71
304 433
304 694
304 120
304 40
304 68
304 56
304 172
133 148
133 251
133 163
133 86
133 385
133 1
133 12
133 362
133 121
133 27
133 116
133 346
133 695
133 511
133 24
133 331
133 220
133 31
133 20
133 104
133 106
133 696
133 143
133 14
133 374
852 3
937 136
938 241
545 0
166 136
166 31
166 424
166 697
166 698
166 44
166 163
166 250
166 66
166 17
166 265
166 699
166 206
166 8
166 217
166 182
244 695
244 700
2 617
2 240
2 82
2 219
2 220
2 1
2 701
2 350
2 591
2 107
2 230
2 86
2 3
2 127
2 26
2 702
2 376
385 7
385 133
385 66
385 67
639 102
762 40
23 157
23 242
23 703
23 4
23 296
23 104
23 44
23 106
23 189
23 422
23 362
23 251
23 71
23 26
23 133
431 387
391 106
391 3
391 704
391 228
96 122
96 31
315 506
19 111
19 12
19 106
19 235
19 118
19 65
19 441
19 122
19 141
19 55
19 673
141 5
141 19
141 705
141 222
87 706
87 288
87 85
87 276
87 177
87 381
87 650
87 289
87 707
87 1
87 21
87 330
87 649
87 10
87 708
87 709
87 437
87 40
87 67
87 2
87 607
87 281
87 610
87 120
87 30
87 282
87 710
87 711
87 5
87 351
87 78
87 456
87 506
87 41
683 273
487 73
487 493
487 222
487 712
6 169
6 413
939 0
52 249
52 713
52 466
52 185
52 117
52 222
52 6
52 104
52 281
52 107
52 714
52 632
52 23
52 66
52 17
52 85
52 370
52 8
52 97
940 122
648 188
648 66
648 30
199 715
199 199
199 274
490 714
941 211
15 278
15 185
15 71
15 276
15 118
15 208
15 716
15 476
15 717
15 718
15 172
15 681
15 116
15 117
15 281
15 122
15 719
15 235
15 107
15 314
15 65
15 66
15 506
249 42
249 110
249 116
249 219
249 180
249 260
249 3
249 9
249 720
249 484
249 56
249 26
942 144
319 650
319 78
269 171
20 18
20 54
20 421
20 721
20 72
20 151
20 169
20 271
20 325
20 177
20 133
20 722
20 4
20 723
20 724
20 64
20 10
20 121
20 701
20 201
20 27
20 449
20 122
20 249
20 105
20 53
20 35
20 725
20 314
20 478
20 456
20 56
20 130
273 707
273 509
273 683
273 587
273 122
273 274
598 135
598 726
598 120
598 727
943 73
944 0
49 728
945 65
239 729
239 73
239 396
239 631
239 281
239 203
239 10
239 730
239 169
239 55
777 260
171 731
171 116
171 204
171 193
171 106
171 462
171 732
171 227
158 31
158 55
219 249
219 310
219 116
219 287
219 19
219 385
219 163
219 357
219 334
219 285
219 260
219 634
219 733
219 79
219 122
219 427
219 2
219 26
219 734
219 120
519 68
519 45
519 165
519 138
519 498
177 87
177 607
177 65
177 120
177 97
164 31
164 189
164 145
820 17
274 18
274 735
274 4
274 44
274 736
274 737
274 5
274 94
274 509
274 19
274 738
274 33
274 117
274 32
274 346
274 228
274 739
274 313
274 122
274 42
274 111
274 492
274 180
274 273
274 740
274 65
274 66
274 741
274 742
274 505
4 220
4 672
4 313
4 179
4 743
4 744
4 299
4 20
4 75
4 411
4 285
4 522
4 143
4 13
4 597
4 122
4 427
4 26
4 289
632 52
632 46
632 346
525 66
267 285
267 362
267 733
267 121
267 219
21 241
21 82
21 9
21 83
21 84
21 86
21 271
21 17
21 26
21 614
21 330
21 745
21 121
21 87
21 57
21 40
21 114
21 346
21 610
21 120
21 157
21 360
21 7
21 425
21 506
21 491
21 505
516 44
515 44
515 151
741 274
355 65
355 330
355 187
129 117
25 45
386 421
450 122
450 231
33 148
33 242
33 707
33 746
33 84
33 197
33 330
33 95
33 0
33 1
33 10
33 121
33 747
33 17
33 605
33 265
33 68
33 26
33 217
33 97
33 143
32 599
32 482
32 84
32 93
32 252
32 138
622 254
622 95
301 241
946 295
946 3
568 0
119 136
119 52
119 56
119 748
173 198
173 749
173 512
173 285
173 15
173 109
718 15
642 314
642 750
633 189
24 136
24 61
24 751
24 353
24 260
24 3
24 121
24 14
24 68
24 206
24 26
24 41
24 2
424 166
424 62
53 148
53 167
53 20
53 58
53 120
53 121
73 752
73 753
73 669
73 26
73 274
73 434
73 330
73 230
73 336
73 10
73 708
73 437
73 2
73 754
73 354
73 203
73 3
73 755
73 204
73 75
73 314
73 756
73 333
73 14
73 506
73 239
73 41
155 205
155 82
508 27
508 17
508 237
947 379
797 376
676 126
676 384
104 220
104 18
104 159
104 287
104 133
104 717
104 228
104 62
104 52
104 757
104 104
104 226
104 758
720 186
720 274
432 133
264 198
948 20
262 11
262 26
262 198
262 373
949 152
950 0
118 713
118 147
118 34
118 9
118 226
118 15
118 19
951 134
951 62
952 228
9 413
9 519
9 224
9 118
9 366
9 436
9 211
9 759
9 467
9 197
9 34
9 21
9 649
9 67
9 474
9 97
9 346
9 760
9 45
9 737
9 249
9 107
9 89
9 14
9 41
9 253
37 231
37 56
37 197
176 152
176 57
176 761
176 324
849 64
289 4
289 752
289 216
289 225
289 336
289 654
289 68
289 194
289 87
289 505
782 136
782 62
845 133
114 21
114 126
114 66
114 449
114 15
114 8
114 600
146 159
146 219
146 1
146 75
146 616
146 65
146 285
621 85
621 254
156 360
40 376
40 180
40 5
40 21
40 762
40 12
40 26
67 72
67 148
67 24
67 18
67 0
67 449
67 231
67 408
67 95
67 43
67 89
67 146
67 46
67 113
67 9
67 14
67 2
67 763
67 385
67 87
67 330
559 0
57 18
57 116
57 764
57 95
57 260
57 176
57 41
57 98
953 102
953 121
225 220
225 148
225 24
225 289
225 13
225 257
225 191
225 89
225 185
225 3
225 138
225 14
225 68
225 98
225 765
225 172
225 143
715 157
715 252
954 0
260 766
260 219
260 83
260 414
260 635
260 151
260 767
260 22
260 412
260 768
260 72
260 17
260 26
260 46
260 440
260 376
260 769
260 6
260 770
260 267
260 771
260 1
260 12
260 186
260 772
260 230
260 64
260 773
260 205
260 285
260 128
260 73
260 57
260 335
260 774
260 346
260 775
260 281
260 116
260 52
260 112
260 3
260 120
260 427
260 122
260 315
260 776
260 249
260 24
260 180
260 777
260 150
260 778
260 189
260 43
260 694
260 66
260 21
260 4
260 506
260 130
260 7
529 26
529 779
169 204
169 179
169 20
169 152
169 689
169 150
169 71
169 357
169 756
169 391
169 211
169 239
109 184
109 173
109 281
109 10
109 139
109 265
109 109
30 271
30 188
30 78
30 87
136 18
136 780
136 152
136 781
136 17
136 409
136 782
136 440
136 237
136 205
136 119
136 783
136 125
136 443
136 511
136 765
136 24
136 180
136 195
136 106
136 784
136 407
136 785
569 0
130 180
130 786
130 71
130 0
130 21
130 787
130 260
130 116
130 78
130 376
130 484
130 20
398 106
398 469
521 388
788 788
696 133
670 14
670 272
670 50
127 789
127 117
127 376
127 71
127 186
127 790
127 75
127 14
127 226
127 2
127 770
127 41
813 3
667 791
69 151
69 397
69 95
619 250
144 0
174 246
174 110
500 122
500 281
955 71
151 162
151 241
151 360
151 20
151 0
151 71
151 66
151 128
151 69
151 171
151 120
370 122
848 64
801 299
956 61
956 69
258 354
258 485
258 512
258 120
258 686
311 41
623 373
623 235
497 3
497 281
690 75
367 122
957 24
43 18
43 147
43 166
43 241
43 5
43 106
43 75
43 23
43 260
43 169
43 39
605 33
605 792
605 440
605 120
326 19
326 793
357 219
357 83
357 84
357 330
357 356
357 169
677 794
416 5
416 250
336 318
336 111
336 487
336 71
336 527
336 351
336 66
336 506
336 289
322 335
98 57
98 185
98 117
98 727
98 357
98 225
98 10
98 68
98 66
98 67
98 307
98 359
805 211
70 71
463 523
828 795
564 0
609 523
609 71
958 119
655 71
48 456
48 47
48 587
640 21
640 102
347 24
347 1
347 73
347 89
347 10
347 65
347 22
347 27
846 122
846 148
846 20
959 3
959 171
656 71
960 0
282 97
282 20
282 87
282 191
282 66
747 221
433 172
433 304
961 3
578 0
150 169
150 46
150 360
150 3
150 78
375 688
375 89
375 356
472 295
314 102
314 71
314 41
314 20
314 796
314 120
314 73
314 427
314 15
314 26
314 642
314 2
654 289
754 71
754 23
754 73
754 250
754 193
803 31
803 67
803 138
803 180
530 0
560 0
72 111
72 24
72 743
72 408
72 152
72 449
72 180
72 351
72 459
72 75
72 797
72 260
72 31
72 107
72 17
72 67
72 285
72 133
72 513
72 20
299 798
299 799
299 26
299 4
299 281
299 351
299 800
299 801
299 802
299 359
702 2
591 121
591 17
792 605
962 0
131 451
131 510
131 89
638 199
211 803
211 111
211 241
211 34
211 9
211 804
211 624
211 104
211 805
211 503
211 412
211 88
211 3
211 191
211 806
211 807
211 14
211 68
211 206
211 8
211 808
447 42
447 159
447 151
17 809
17 83
17 810
17 33
17 276
17 811
17 677
17 271
17 812
17 68
17 409
17 274
17 401
17 813
17 146
17 814
17 390
17 95
17 260
17 62
17 815
17 10
17 816
17 67
17 217
17 353
17 66
17 136
17 145
17 817
17 125
17 52
17 14
17 818
17 120
17 122
17 204
17 42
17 31
17 102
17 222
17 20
17 819
17 187
17 0
17 694
17 820
17 21
17 821
17 3
17 56
17 130
17 324
79 617
79 230
79 73
79 7
79 677
79 792
79 456
79 45
79 250
79 328
79 285
79 628
79 97
758 31
758 104
758 65
758 228
188 288
188 26
188 30
188 722
188 346
617 250
707 33
707 273
707 87
707 121
707 66
34 31
34 118
34 616
34 120
34 9
34 14
546 0
963 485
12 282
12 697
12 112
12 260
12 67
12 19
186 4
186 288
186 228
186 717
186 260
186 818
186 127
186 720
186 68
186 274
835 22
704 391
771 260
771 777
771 56
368 122
229 18
229 443
229 151
229 411
229 3
229 14
229 822
229 182
229 603
594 121
128 747
128 117
128 221
128 787
128 1
128 151
128 106
964 39
251 42
251 255
251 222
251 71
251 823
251 362
251 365
251 23
251 517
251 66
251 9
251 303
251 164
251 506
251 45
251 133
251 2
251 268
251 324
165 824
165 31
165 519
607 177
607 87
607 120
607 89
410 411
410 59
410 174
410 34
701 56
701 24
701 20
395 106
395 825
481 10
481 31
481 437
965 121
331 133
331 55
397 214
397 83
397 106
397 281
397 398
397 116
397 69
134 449
134 381
134 428
628 826
628 102
628 527
628 106
628 89
628 271
628 79
245 151
245 56
245 3
245 827
245 18
220 220
220 111
220 8
220 4
220 5
220 752
220 328
220 151
220 225
220 61
220 112
220 381
220 103
220 104
220 265
220 26
220 133
220 138
492 102
492 274
492 346
966 228
967 240
74 615
74 325
968 250
968 828
969 829
969 830
300 376
235 18
235 82
235 83
235 62
235 46
235 182
235 476
235 623
235 632
235 223
235 19
235 228
235 527
235 45
235 24
235 120
235 247
235 42
235 111
235 523
235 180
235 106
235 89
235 616
235 14
235 15
970 831
970 250
970 281
455 14
455 231
455 182
193 288
193 125
193 754
971 82
227 683
227 328
227 106
227 107
227 509
227 265
227 427
227 171
587 20
587 7
587 89
587 62
972 354
735 274
148 242
148 33
148 222
148 152
148 133
148 635
148 281
148 610
148 225
148 0
148 46
148 10
148 121
148 456
148 68
148 8
148 832
148 833
152 136
152 226
152 360
152 24
152 17
152 148
152 0
152 176
152 834
152 366
152 334
152 72
152 65
152 121
152 122
152 56
152 376
224 14
224 619
224 66
224 71
22 31
22 371
22 421
22 271
22 835
22 86
22 347
22 734
528 26
137 511
584 0
192 288
192 26
759 9
286 314
513 72
513 71
401 112
401 78
243 836
243 56
243 106
243 41
243 763
408 61
408 648
408 723
408 588
408 67
604 120
613 68
613 3
613 97
94 26
94 274
724 20
752 220
752 102
752 71
752 73
752 224
752 285
752 133
752 289
496 346
783 136
783 122
783 3
783 626
812 17
160 31
614 738
614 21
614 97
323 819
323 790
323 205
323 226
323 26
323 837
323 440
228 838
228 235
228 328
228 295
228 615
228 107
228 306
228 101
228 391
228 397
228 122
228 56
293 436
384 213
384 3
384 384
973 300
974 106
823 251
222 476
222 111
222 31
222 487
222 376
222 220
222 71
222 434
222 494
222 24
222 22
222 52
222 226
222 362
222 141
222 265
222 303
222 251
222 198
222 245
975 62
976 122
195 136
195 288
195 185
195 17
636 0
636 252
856 3
178 761
178 241
178 437
178 75
107 42
107 411
107 337
107 228
107 425
107 22
107 62
107 52
107 10
107 3
107 66
107 17
107 227
107 26
107 41
107 2
107 839
489 3
489 353
232 451
196 274
38 82
977 513
491 285
491 21
491 3
253 276
253 75
253 351
253 9
253 122
253 324
809 17
978 19
978 222
979 840
82 360
82 102
82 841
82 284
82 155
82 295
82 446
82 23
82 38
82 143
82 17
82 14
82 842
82 2
82 8
82 765
82 172
461 0
461 754
980 682
981 0
132 111
132 71
132 843
132 151
132 62
132 26
257 3
257 841
257 71
59 612
59 71
59 93
59 95
59 616
59 120
59 68
59 844
59 359
59 46
59 182
342 1
342 174
982 19
983 456
716 15
716 71
634 845
634 219
634 267
634 191
634 75
634 134
634 23
634 189
634 9
634 122
634 846
634 56
634 29
984 847
854 3
216 289
857 3
985 132
64 86
64 1
64 95
64 848
64 52
64 849
64 121
986 247
383 240
285 136
285 17
285 850
285 408
285 260
285 86
285 312
285 733
285 173
285 79
285 28
734 120
734 22
671 3
671 50
671 172
671 75
808 211
808 440
808 851
748 119
738 614
738 50
775 260
987 0
380 240
45 42
45 241
45 17
45 71
45 44
45 106
45 235
45 626
45 519
45 517
45 65
45 120
45 9
45 79
45 25
45 172
101 1
101 228
101 31
3 148
3 337
3 721
3 613
3 72
3 257
3 211
3 120
3 26
3 497
3 852
3 853
3 64
3 5
3 854
3 71
3 517
3 152
3 10
3 486
3 391
3 121
3 2
3 201
3 29
3 32
3 609
3 301
3 660
3 281
3 112
3 855
3 384
3 204
3 245
3 249
3 360
3 24
3 102
3 287
3 296
3 73
3 491
3 856
3 107
3 473
3 857
3 404
3 779
3 489
3 813
3 597
3 56
3 41
3 505
3 839
506 737
506 752
506 21
506 336
506 65
506 17
506 315
506 15
506 251
506 87
506 440
51 47
988 427
233 306
989 0
990 31
990 250
699 166
991 250
103 220
103 10
103 416
992 52
790 152
790 127
790 121
790 323
714 24
714 71
714 43
714 20
714 52
714 490
517 212
517 44
517 511
517 108
517 3
517 858
784 136
514 630
514 334
514 527
514 12
993 274
993 71
