777 0
437 1
437 2
437 3
437 4
778 5
243 6
243 7
779 8
678 9
80 10
80 11
80 12
80 13
80 14
80 15
80 0
80 16
80 17
80 18
80 19
80 20
80 21
80 22
80 23
80 24
80 25
80 26
80 27
80 28
80 29
80 30
80 31
80 32
80 1
80 33
80 34
80 35
80 36
80 37
80 38
780 39
144 40
144 41
144 42
371 43
371 44
371 45
371 46
371 47
371 48
371 49
371 50
371 18
371 51
371 52
371 9
371 53
371 54
10 55
10 56
10 40
10 57
10 58
10 59
10 22
10 60
10 61
10 62
570 63
781 64
350 65
634 66
227 67
227 68
227 69
227 70
227 71
227 72
227 73
227 74
227 16
400 22
400 75
20 76
20 77
20 78
20 79
20 40
20 57
20 80
20 81
20 82
20 83
20 84
20 1
20 85
20 86
20 87
20 88
20 89
20 16
20 62
20 90
91 91
91 92
22 43
22 10
22 93
22 94
22 95
22 96
22 97
22 98
22 99
22 100
22 26
22 101
22 62
22 102
22 0
22 47
22 103
22 72
22 23
22 104
22 105
22 9
22 106
22 60
22 107
22 108
22 109
22 110
22 111
22 8
22 112
22 113
22 114
22 115
22 2
22 116
22 117
22 87
22 118
22 89
22 5
554 70
554 119
458 120
494 121
343 122
343 123
343 124
343 3
386 99
7 125
7 108
7 126
7 38
7 0
7 127
126 128
126 129
126 68
126 69
126 109
126 130
126 131
126 132
637 133
681 9
42 134
42 135
42 129
42 136
42 137
42 115
42 74
42 71
42 138
42 139
42 140
42 141
42 26
42 142
42 143
42 144
42 1
42 62
42 145
413 60
413 146
413 147
782 65
782 148
783 149
503 150
591 45
591 151
591 152
591 153
591 101
591 154
591 155
591 72
591 156
591 157
591 27
591 158
591 33
591 159
591 113
591 68
591 160
591 161
591 115
591 162
591 2
591 116
591 130
591 132
591 89
784 22
129 67
129 45
129 141
129 163
129 164
129 153
129 165
129 166
129 167
129 130
129 168
129 169
129 11
129 42
129 18
129 70
129 170
129 171
129 75
129 172
129 173
129 101
129 104
129 147
129 174
129 27
129 29
129 175
129 176
129 177
129 178
129 179
129 180
129 126
129 98
129 181
129 182
129 183
129 184
129 85
129 185
129 8
129 186
129 129
129 187
129 188
129 2
129 189
129 190
129 191
129 192
129 73
129 193
129 194
129 33
32 93
32 195
32 80
32 196
32 101
32 62
32 197
32 168
32 198
32 22
32 199
32 29
32 200
32 201
32 167
32 202
32 203
32 204
32 205
32 206
32 68
32 79
32 52
32 207
32 32
32 163
32 208
32 89
32 209
32 210
32 211
92 212
92 45
92 78
92 113
92 115
92 38
92 8
92 91
92 213
92 60
92 52
92 185
92 58
92 214
92 101
92 215
92 216
188 114
188 27
188 129
188 116
188 6
328 160
328 217
328 203
328 182
328 218
328 152
328 72
328 40
328 219
328 101
328 2
521 220
521 221
521 222
521 223
521 224
473 62
73 225
73 129
73 60
73 226
73 227
73 228
73 208
73 1
73 229
436 113
436 14
436 230
436 224
436 231
436 59
436 232
436 233
436 167
436 215
785 234
370 2
370 235
370 236
370 237
370 143
370 0
520 238
520 1
520 239
786 32
786 240
464 47
464 89
464 241
464 8
621 43
621 242
6 188
6 79
6 243
6 244
401 245
401 75
401 79
538 246
538 23
538 247
538 98
322 45
322 55
322 248
322 109
322 249
322 250
322 147
166 129
166 1
787 1
787 105
127 222
788 47
69 113
69 126
69 57
69 251
69 190
69 208
69 1
69 252
789 20
790 219
346 163
508 47
508 253
791 9
792 129
453 142
199 29
199 32
199 163
548 254
548 255
541 256
793 46
710 257
710 72
710 258
710 36
710 161
794 115
590 134
653 259
505 207
505 62
505 241
85 260
85 261
85 68
85 202
85 262
85 263
85 264
85 265
85 266
85 22
85 37
85 70
85 267
85 61
85 268
85 269
85 270
85 20
85 222
85 58
395 70
395 271
536 0
512 74
194 129
194 160
194 272
194 151
194 273
194 185
313 274
313 2
313 224
313 59
313 275
313 16
313 216
313 70
313 170
313 276
313 65
313 9
313 219
313 107
313 277
313 278
313 279
313 280
313 281
313 282
313 283
313 143
313 284
773 285
209 32
620 43
83 286
83 287
83 274
83 288
83 289
83 290
83 291
83 292
83 20
83 293
83 294
83 55
83 158
83 295
83 71
83 296
83 297
83 298
83 160
83 299
83 114
83 115
83 2
83 300
83 190
83 301
83 302
595 59
795 147
89 303
89 12
89 94
89 95
89 87
89 98
89 304
89 16
89 305
89 70
89 228
89 306
89 20
89 72
89 22
89 307
89 9
89 27
89 90
89 55
89 203
89 0
89 308
89 33
89 309
89 310
89 145
89 220
89 115
89 57
89 2
89 291
89 196
89 140
592 189
592 130
592 311
592 312
592 33
592 153
592 99
592 221
592 90
284 313
796 70
752 161
797 168
798 260
640 79
640 147
643 55
643 307
643 68
100 22
486 224
486 3
373 314
373 45
373 304
373 315
564 151
564 16
564 20
428 185
428 316
428 20
428 145
428 221
799 0
799 107
799 78
800 47
268 10
268 317
268 57
268 318
268 319
268 153
268 9
268 320
801 321
801 307
28 185
28 45
28 322
28 323
802 324
802 20
404 78
404 202
404 161
404 182
404 7
404 95
404 151
404 325
404 9
404 326
719 71
203 32
203 327
203 50
203 190
203 89
203 328
203 62
403 129
403 60
403 160
403 25
403 19
403 329
403 266
403 8
403 330
403 153
403 331
738 260
803 332
803 333
804 334
149 335
149 9
183 129
183 336
184 129
805 337
212 92
583 160
583 320
34 338
34 339
34 27
34 80
34 315
353 340
353 178
353 11
353 264
353 140
353 341
353 342
806 118
352 38
807 115
807 160
807 274
768 1
768 33
163 45
163 32
163 343
163 344
163 345
163 115
163 346
163 342
163 71
163 347
163 1
163 199
163 109
163 348
163 8
163 27
163 349
163 219
163 198
808 114
808 339
472 8
192 129
269 185
269 221
269 131
269 16
269 85
38 350
38 55
38 92
38 7
38 351
38 80
38 117
38 32
38 1
38 185
38 352
38 143
38 62
140 353
140 45
140 161
140 42
140 354
140 33
140 24
140 9
140 74
140 89
140 0
140 355
140 356
809 11
221 135
221 68
221 146
221 49
221 8
221 316
221 269
221 357
221 89
221 145
221 358
425 359
425 68
425 114
425 360
425 361
425 185
53 45
53 46
478 260
478 14
478 202
478 345
478 362
478 363
478 55
478 364
478 365
478 366
478 106
478 267
478 367
478 206
478 26
478 368
478 214
478 93
478 90
67 59
67 369
67 129
67 227
810 185
45 370
45 44
45 287
45 371
45 15
45 372
45 373
45 54
45 72
45 105
45 27
45 28
45 40
45 257
45 374
45 202
45 182
45 126
45 183
45 375
45 145
45 134
45 376
45 92
45 115
45 57
45 163
45 189
45 377
45 140
45 378
45 74
45 379
45 53
811 126
217 380
217 2
217 328
636 194
636 293
631 344
176 353
176 12
176 264
176 372
176 381
247 68
247 230
99 134
99 135
99 250
99 32
99 93
99 161
99 86
99 80
99 71
99 22
99 78
99 382
99 9
99 383
99 384
99 385
99 219
99 386
812 190
304 220
304 128
304 0
304 160
304 153
304 24
304 50
304 115
304 387
304 373
304 388
304 22
304 1
304 98
304 99
304 89
304 125
304 215
627 45
627 389
627 165
70 14
70 390
70 387
70 315
70 87
70 98
70 103
70 76
70 339
70 323
70 391
70 9
70 213
70 392
70 7
70 393
70 394
70 32
70 382
70 85
70 395
70 185
70 160
70 396
70 375
70 145
70 129
70 68
70 313
70 397
70 114
70 398
70 227
70 1
410 60
410 208
75 129
75 68
75 399
75 7
75 95
75 400
75 401
75 59
75 269
75 196
75 1
75 319
75 339
75 87
75 62
75 402
266 403
266 2
266 215
813 98
338 404
338 34
232 214
232 93
574 78
567 257
567 40
567 151
567 132
567 277
567 342
814 405
58 10
58 55
58 92
58 9
58 57
58 261
58 116
58 268
58 68
58 1
58 85
58 406
58 246
58 214
58 120
200 381
200 66
200 98
319 407
319 152
319 408
319 183
319 307
319 170
319 101
468 8
468 315
363 366
363 261
363 345
60 10
60 409
60 410
60 22
60 190
60 348
60 222
60 78
60 411
60 412
60 413
60 339
60 414
60 415
60 73
107 230
107 416
107 182
107 16
107 329
107 111
107 417
107 219
107 418
107 419
815 78
132 126
816 87
422 339
422 152
422 224
422 316
422 420
422 421
422 62
422 90
421 422
423 423
445 131
445 2
361 424
361 425
361 87
185 426
185 427
185 153
185 342
185 372
185 62
185 78
185 428
185 70
185 429
185 21
185 145
185 28
185 29
185 215
185 430
185 431
185 432
185 433
185 434
185 376
185 285
185 377
185 38
542 5
542 408
542 342
585 406
585 435
585 40
656 149
649 382
113 436
113 401
113 87
113 92
522 78
522 1
522 342
446 107
57 43
57 10
57 151
57 320
57 14
57 0
57 69
57 339
57 268
57 20
57 58
57 9
57 26
57 125
57 215
57 108
57 61
57 230
57 145
57 68
57 161
57 115
57 130
57 118
2 370
2 260
2 437
2 217
2 43
2 438
2 439
2 440
2 118
2 441
2 290
2 98
2 442
2 417
2 0
2 443
2 93
2 350
2 78
2 37
2 27
2 47
2 72
2 46
2 266
2 103
2 21
2 444
2 190
2 310
2 125
2 320
2 340
2 55
2 202
2 9
2 83
2 183
2 1
2 445
2 85
2 419
2 185
2 313
2 214
2 143
2 145
2 36
2 134
2 129
2 376
2 160
2 234
2 161
2 446
2 447
2 289
2 116
2 328
2 377
2 448
2 435
2 252
2 221
2 89
2 3
2 33
4 282
191 449
191 93
191 115
191 450
191 1
191 147
191 9
191 62
817 134
817 451
142 452
142 447
142 72
142 453
142 454
142 210
142 455
142 90
476 456
476 101
476 457
670 397
455 314
455 68
455 170
455 261
455 147
455 115
455 142
455 417
455 101
120 170
120 458
120 57
120 78
120 153
818 205
819 39
164 129
164 459
820 101
821 260
587 66
587 460
587 33
587 116
419 5
419 78
419 107
419 278
419 461
429 185
501 118
501 261
684 406
684 219
248 44
248 116
248 235
248 267
248 65
248 330
248 462
339 60
339 75
339 422
339 14
339 1
339 125
438 60
438 2
8 463
8 378
8 464
8 465
8 46
8 12
8 466
8 325
8 116
8 153
8 305
8 62
8 467
8 163
8 402
8 357
8 468
8 182
8 403
8 261
8 469
8 26
8 382
8 52
8 92
8 415
8 129
8 470
8 471
8 278
8 447
8 427
8 472
8 114
8 448
8 473
8 337
8 74
8 221
822 152
690 1
823 78
430 185
250 99
250 78
108 22
108 7
824 43
135 99
135 78
135 440
135 42
31 46
469 208
469 61
469 8
506 207
506 182
506 40
506 474
506 475
506 0
456 476
456 2
456 24
456 98
456 422
237 370
237 32
237 265
433 185
433 40
825 46
384 66
384 477
384 115
384 459
384 328
384 59
384 99
214 260
214 92
214 428
214 232
214 417
214 478
349 479
349 163
349 480
349 182
544 72
488 351
826 481
376 314
376 482
376 114
376 2
376 151
376 152
376 1
376 185
376 417
376 483
672 0
584 160
584 8
117 50
117 484
117 22
117 38
117 329
771 66
493 124
540 257
540 128
540 61
540 158
540 314
827 129
3 134
3 437
3 160
3 163
3 2
3 87
3 1
3 485
3 343
3 486
3 16
3 3
14 128
14 125
14 43
14 70
14 24
14 436
14 229
14 487
218 328
586 33
586 116
351 44
351 488
351 161
351 152
351 103
351 38
351 435
351 153
351 71
351 101
351 202
315 201
315 468
315 43
315 198
315 8
315 62
315 101
315 373
138 207
138 42
562 359
562 143
562 160
571 489
571 65
485 3
675 490
828 129
545 46
829 213
474 491
474 411
474 62
474 52
474 115
830 315
124 492
124 128
124 129
124 68
124 182
124 493
124 281
124 2
124 87
124 27
124 419
124 139
588 33
121 25
121 494
121 246
121 190
174 129
174 148
27 314
27 45
27 287
27 43
27 163
27 80
27 224
27 98
27 32
27 417
27 16
27 76
27 78
27 47
27 495
27 365
27 276
27 9
27 26
27 213
27 459
27 183
27 188
27 111
27 297
27 234
27 134
27 68
27 36
27 40
27 162
27 2
27 116
27 190
27 496
27 89
27 3
125 14
125 7
125 339
125 459
125 57
125 2
125 116
125 55
125 9
125 396
125 497
125 498
125 499
762 1
225 68
225 471
225 459
225 116
225 436
225 89
225 27
552 500
374 45
454 185
454 142
454 277
454 55
831 5
180 72
180 129
261 128
261 31
261 240
261 452
261 14
261 7
261 170
261 58
261 228
261 216
261 8
261 501
261 1
261 435
261 147
261 9
261 111
261 190
261 502
261 215
261 455
739 260
832 382
623 43
833 503
833 242
230 158
230 264
230 57
230 107
230 8
230 247
230 436
230 86
230 169
701 504
701 143
701 422
701 98
834 65
207 86
207 14
207 505
207 506
207 241
35 0
35 140
35 93
609 325
609 116
609 332
609 322
609 37
364 1
364 93
364 153
364 9
683 9
753 68
753 412
835 152
47 507
47 2
47 508
47 79
47 5
47 29
208 43
208 69
208 234
208 115
208 459
208 23
208 73
208 410
208 509
312 151
312 333
74 359
74 510
74 45
74 161
74 511
74 288
74 227
74 2
74 42
74 190
74 273
74 140
74 244
74 111
74 245
74 512
86 513
86 55
86 230
86 511
86 114
86 0
86 198
86 95
86 20
86 50
86 15
86 435
86 99
86 1
86 514
86 160
663 93
355 325
355 140
355 515
210 142
210 32
556 66
556 516
556 151
556 96
556 273
556 517
556 120
240 518
240 115
240 519
240 261
240 46
287 417
287 265
239 40
239 520
239 320
239 190
263 260
263 22
263 68
263 16
263 98
495 27
495 35
495 1
836 9
94 71
94 22
94 98
94 89
94 270
94 29
94 143
224 134
224 55
224 313
224 511
224 471
224 410
224 7
224 422
224 190
224 521
224 131
224 252
224 27
366 43
366 522
366 363
366 50
366 162
366 390
366 448
366 98
366 87
366 478
111 44
111 520
111 68
111 107
111 202
111 401
111 301
111 114
111 261
111 523
111 59
111 524
111 22
111 525
111 526
111 74
111 527
111 27
111 528
111 529
111 530
196 113
196 32
196 531
196 70
196 40
196 75
196 300
196 96
196 72
196 87
196 435
196 52
196 509
196 89
196 532
196 507
196 533
837 278
442 56
417 376
417 107
417 287
417 50
417 115
417 2
417 9
417 27
417 214
417 455
0 534
0 426
0 151
0 80
0 59
0 131
0 15
0 16
0 69
0 409
0 27
0 388
0 535
0 400
0 268
0 22
0 307
0 9
0 282
0 503
0 482
0 7
0 231
0 222
0 79
0 142
0 536
0 537
0 379
0 220
0 35
0 40
0 2
0 538
0 37
0 1
0 140
0 319
0 86
0 89
76 43
76 46
76 224
76 300
76 290
76 153
76 539
76 419
76 216
76 76
76 78
76 70
76 20
76 72
76 293
76 27
76 540
76 158
76 92
76 160
76 234
76 2
76 289
76 190
76 301
76 302
76 143
563 213
563 271
563 16
563 143
563 190
838 190
256 260
256 541
380 482
380 1
380 217
380 98
408 542
408 319
557 59
557 125
462 46
671 155
671 235
704 543
704 544
147 260
147 545
147 180
147 514
147 46
147 152
147 261
147 50
147 37
147 72
147 186
147 169
147 455
147 27
732 260
734 260
215 134
215 43
215 92
215 266
215 261
215 466
215 359
215 185
215 436
215 396
215 304
215 62
215 540
358 221
358 145
358 224
358 316
839 518
497 125
167 436
167 129
167 97
167 153
167 32
652 0
652 332
652 32
652 5
652 89
652 362
840 24
577 78
316 221
316 520
316 78
316 422
222 55
222 546
222 119
222 162
222 95
222 521
222 547
222 68
222 282
222 127
254 548
441 549
441 2
52 359
52 314
52 68
52 92
52 550
52 551
52 389
52 8
52 43
580 160
580 105
309 89
596 21
596 5
596 12
487 14
452 50
452 142
452 552
452 160
452 261
594 151
594 46
234 76
234 43
234 27
234 114
234 438
234 440
234 208
234 553
234 74
234 143
234 2
295 83
676 330
378 359
378 221
378 36
378 52
378 8
119 554
119 222
119 1
841 297
842 115
842 342
274 101
274 83
274 313
274 46
310 219
310 513
310 242
390 366
390 59
390 83
390 70
459 225
459 68
459 128
459 18
459 164
459 400
459 80
459 190
459 208
459 382
459 24
459 252
459 27
459 125
459 320
459 499
96 129
96 240
96 471
96 151
96 555
96 206
96 16
96 556
843 160
59 10
59 557
59 261
59 130
59 412
59 0
59 372
844 558
844 345
368 559
368 478
845 202
532 196
372 176
372 45
372 313
372 377
372 285
715 379
715 560
846 72
846 9
179 129
847 561
702 104
848 86
388 0
388 36
16 93
16 263
16 80
16 96
16 562
16 87
16 0
16 62
16 563
16 564
16 438
16 20
16 381
16 27
16 107
16 61
16 79
16 471
16 162
16 221
16 89
16 53
16 3
272 194
849 371
391 171
391 483
391 129
276 201
276 78
276 313
276 63
276 151
276 435
276 27
276 145
357 32
357 426
357 46
357 8
357 33
357 62
170 520
170 313
170 129
170 145
170 33
170 261
170 183
170 319
170 61
170 455
170 120
257 134
257 66
257 78
257 161
257 43
257 50
257 565
257 406
257 566
257 381
257 296
257 567
257 282
257 153
257 9
257 246
257 71
257 419
257 62
257 540
177 403
177 129
177 68
177 277
568 161
178 353
178 129
30 80
850 62
622 43
63 366
63 568
63 46
63 40
63 569
63 381
63 276
63 60
63 98
63 165
63 225
63 570
479 388
659 62
489 65
489 320
489 571
489 1
489 143
489 186
78 43
78 14
78 572
78 260
78 12
78 152
78 404
78 447
78 98
78 99
78 16
78 573
78 76
78 500
78 360
78 419
78 574
78 276
78 9
78 27
78 29
78 320
78 257
78 575
78 250
78 60
78 576
78 577
78 316
78 1
78 505
78 578
78 579
78 185
78 160
78 507
78 145
78 135
78 522
78 92
78 36
78 161
78 40
78 2
78 523
78 580
78 435
78 74
78 143
77 221
77 581
553 160
851 16
852 27
720 71
145 43
145 78
145 160
145 93
145 428
145 195
145 70
145 170
145 57
145 2
145 42
145 190
145 276
145 582
145 185
145 89
145 259
145 62
145 3
145 358
39 153
298 83
160 426
160 12
160 562
160 97
160 98
160 0
160 76
160 500
160 78
160 72
160 359
160 452
160 83
160 1
160 580
160 583
160 161
160 114
160 2
160 584
160 328
160 194
160 304
160 3
289 76
289 83
289 213
289 158
187 129
187 187
324 435
324 531
265 260
265 45
265 237
265 264
265 85
359 378
359 562
359 52
359 361
359 425
359 0
853 435
435 343
435 43
435 217
435 286
435 351
435 98
435 158
435 216
435 78
435 47
435 72
435 167
435 61
435 214
435 207
435 115
435 162
435 324
435 461
435 435
435 86
435 585
435 5
528 111
33 11
33 263
33 586
33 151
33 152
33 587
33 243
33 70
33 170
33 588
33 104
33 357
33 55
33 80
33 589
33 590
33 33
33 591
33 134
33 23
33 140
33 142
33 89
33 592
335 149
335 335
335 300
465 593
46 113
46 594
46 202
46 274
46 471
46 40
46 63
46 8
46 72
46 29
46 335
46 240
46 143
46 462
46 483
46 415
12 92
12 228
12 167
12 249
12 80
12 8
12 22
12 78
12 435
12 595
12 5
12 103
12 89
12 596
12 160
151 404
151 376
151 564
151 115
151 33
151 152
151 567
151 96
151 20
151 597
151 183
151 312
151 276
151 342
151 194
151 0
151 556
151 104
81 129
81 20
81 235
97 160
97 283
97 264
97 270
97 598
97 167
97 37
97 16
290 76
290 83
290 2
854 221
854 0
854 599
854 120
706 153
246 257
246 121
246 58
246 538
645 115
645 213
645 101
645 202
499 459
499 499
855 455
197 32
146 43
146 288
146 190
146 413
146 600
146 58
146 601
611 185
611 134
774 291
856 139
155 547
155 415
155 591
365 27
365 435
857 313
444 602
444 426
105 26
105 22
105 480
105 27
424 603
424 361
424 190
424 87
424 165
424 596
424 168
693 207
693 470
693 98
693 151
693 1
693 604
693 0
223 521
666 605
137 219
137 42
677 606
858 0
513 131
513 15
513 587
749 283
749 264
87 43
87 465
87 44
87 50
87 311
87 87
87 16
87 607
87 608
87 18
87 198
87 268
87 20
87 124
87 424
87 407
87 1
87 361
87 369
87 113
87 352
87 531
87 609
87 40
87 2
87 610
87 70
87 448
87 89
87 53
742 260
742 267
297 114
297 185
297 27
297 292
297 115
457 476
457 611
134 45
134 612
134 50
134 152
134 224
134 99
134 613
134 611
134 72
134 267
134 27
134 257
134 95
134 42
134 71
134 614
134 590
134 36
134 115
134 190
134 281
134 615
134 3
134 33
859 22
36 134
36 43
36 14
36 428
36 388
36 151
36 80
36 360
36 78
36 435
36 396
36 27
36 168
36 89
299 72
299 83
283 97
447 142
447 171
447 616
447 2
189 257
189 40
189 45
189 129
189 72
280 435
114 44
114 437
114 617
114 618
114 101
114 388
114 8
114 619
114 22
114 225
114 177
114 83
114 382
114 111
114 214
114 297
114 1
114 66
114 376
114 160
114 234
114 188
114 86
114 425
273 93
273 248
273 151
273 194
273 62
273 556
406 257
406 58
860 315
314 92
314 195
314 288
314 50
314 276
314 27
314 419
314 373
314 540
399 172
861 152
11 129
11 80
11 33
862 162
43 45
43 620
43 46
43 315
43 87
43 98
43 621
43 78
43 146
43 72
43 215
43 90
43 482
43 109
43 622
43 183
43 623
43 52
43 624
43 185
43 39
43 66
43 68
43 36
43 625
43 114
43 278
43 626
43 2
43 208
43 14
43 418
165 63
165 220
165 627
165 424
863 410
863 22
323 70
323 28
323 415
311 87
131 234
131 603
131 126
131 224
131 269
131 1
131 445
131 244
131 185
131 513
131 0
141 129
141 93
101 260
101 274
101 43
101 288
101 315
101 325
101 628
101 629
101 339
101 20
101 381
101 72
101 9
101 90
101 109
101 1
101 476
101 591
101 66
101 32
101 92
101 36
101 114
101 40
101 50
101 37
101 319
101 143
101 455
216 435
216 261
530 111
500 552
500 78
500 160
546 222
864 630
344 45
344 46
344 631
344 163
344 62
344 632
344 214
344 29
344 253
72 76
72 45
72 75
72 625
72 182
72 264
72 633
72 427
72 180
72 328
72 22
72 68
72 1
72 147
72 46
72 142
72 89
72 448
72 544
72 39
65 44
65 59
65 32
65 313
65 350
65 50
65 634
65 70
65 173
65 297
65 72
65 489
65 1
65 147
65 185
65 143
65 5
65 168
65 27
65 635
293 76
293 83
293 29
293 636
865 101
26 467
26 109
26 57
26 80
26 42
26 8
26 22
26 435
26 105
26 27
26 16
26 62
245 114
245 185
245 401
245 70
245 471
133 637
133 38
133 1
320 43
320 45
320 239
320 459
320 153
320 101
320 62
320 501
320 608
320 18
320 268
320 583
320 72
320 104
320 9
320 503
320 213
320 78
320 1
320 173
320 68
320 57
320 2
320 23
320 252
136 98
136 42
158 76
158 134
158 55
158 638
158 128
158 339
158 639
158 83
158 208
158 435
158 90
638 158
638 160
638 161
204 32
204 46
866 109
79 47
79 115
79 640
79 191
79 152
79 641
79 1
79 642
307 471
307 22
307 497
307 643
205 32
776 644
434 185
434 106
626 43
115 260
115 93
115 46
115 151
115 15
115 153
115 417
115 645
115 646
115 438
115 647
115 648
115 590
115 42
115 384
115 297
115 134
115 161
115 609
115 115
115 57
115 163
115 435
115 379
115 478
23 546
23 182
23 95
23 495
23 190
23 33
23 320
867 326
301 76
301 111
301 83
717 151
717 426
337 89
337 8
382 649
382 60
382 114
382 109
382 459
382 228
382 440
382 263
382 8
382 605
382 70
382 325
382 55
382 290
382 87
382 99
382 382
382 173
382 650
5 260
5 45
5 651
5 47
5 12
5 652
5 495
5 277
5 415
5 461
5 267
5 65
5 1
5 435
5 98
5 315
5 173
253 379
253 2
868 550
416 107
241 237
241 207
241 641
241 62
241 464
869 562
95 404
95 511
95 288
95 188
95 95
95 22
95 222
95 23
95 153
95 9
95 86
95 89
679 9
466 215
325 382
325 404
325 5
325 355
325 8
259 269
259 653
259 654
259 356
259 259
259 655
259 656
305 296
168 220
168 129
168 32
168 36
168 152
168 65
168 424
168 86
168 16
62 93
62 241
62 315
62 427
62 330
62 509
62 169
62 344
62 47
62 8
62 605
62 72
62 38
62 106
62 657
62 320
62 203
62 658
62 42
62 659
62 68
62 660
62 185
62 32
62 161
62 648
62 162
62 215
62 191
62 273
62 221
62 26
750 72
750 264
750 85
93 43
93 153
93 46
93 288
93 232
93 141
93 99
93 62
93 364
93 21
93 22
93 273
93 26
93 202
93 32
93 1
93 623
93 145
93 35
93 92
93 115
93 389
93 661
93 2
93 116
93 461
93 191
93 662
93 208
93 663
93 418
93 478
56 442
56 449
56 10
56 495
507 47
507 196
507 78
507 33
198 128
198 32
198 163
198 315
198 23
198 282
198 86
198 145
242 664
242 63
242 115
242 621
242 605
242 50
242 281
242 665
242 310
242 143
605 666
605 1
605 375
605 667
483 376
483 391
647 115
431 185
431 315
407 645
55 134
55 68
55 382
55 93
55 125
55 454
55 38
55 2
55 222
55 89
55 103
55 83
55 10
55 1
55 33
55 86
55 643
55 478
55 58
55 526
202 45
202 78
202 93
202 253
202 404
202 668
202 37
202 72
202 32
202 111
202 16
202 62
537 0
870 263
68 43
68 70
68 160
68 202
68 263
68 339
68 19
68 80
68 109
68 71
68 55
68 547
68 222
68 643
68 1
68 227
68 27
68 101
68 90
744 260
40 260
40 45
40 10
40 239
40 43
40 50
40 669
40 325
40 87
40 0
40 62
40 78
40 70
40 75
40 20
40 63
40 9
40 215
40 90
40 359
40 137
40 479
40 61
40 1
40 214
40 650
40 134
40 129
40 229
40 36
40 531
40 40
40 189
40 328
40 18
40 269
40 196
40 411
40 435
40 436
40 670
40 644
559 368
235 370
235 671
235 542
235 268
235 205
281 134
281 27
281 182
281 313
281 242
347 163
211 32
300 76
300 109
300 672
300 334
713 673
555 137
555 417
555 93
555 96
490 674
490 675
490 375
490 272
330 45
330 240
330 248
330 70
330 408
330 2
330 676
330 332
330 72
330 131
330 420
330 147
330 9
330 436
330 62
330 34
330 403
244 74
244 131
244 6
88 446
88 485
88 273
88 116
88 20
760 1
760 103
697 450
697 98
333 312
703 663
703 190
467 649
467 26
467 8
18 80
597 26
597 151
606 677
480 349
480 105
480 109
480 140
480 98
480 0
628 101
619 114
402 75
24 140
24 600
24 304
24 80
24 221
9 636
9 678
9 679
9 680
9 371
9 417
9 0
9 608
9 46
9 268
9 154
9 72
9 22
9 105
9 9
9 27
9 125
9 320
9 540
9 257
9 404
9 213
9 182
9 681
9 261
9 149
9 78
9 214
9 682
9 207
9 114
9 57
9 2
9 683
9 37
9 86
9 89
709 50
219 137
219 684
219 310
219 313
219 328
533 76
533 286
533 196
533 230
533 685
658 62
722 686
460 587
871 679
871 624
367 478
308 89
396 129
396 32
396 36
396 70
396 261
396 125
396 101
396 215
173 135
173 173
173 320
766 1
278 264
278 5
278 8
37 134
37 107
37 179
37 471
37 115
37 2
37 116
37 37
37 325
37 65
37 153
37 9
37 0
37 202
377 260
377 78
377 2
377 72
377 185
377 372
558 687
615 134
872 688
872 273
873 260
603 272
603 182
152 66
152 260
152 376
152 160
152 47
152 134
152 328
152 208
152 1
152 319
152 147
152 115
152 37
152 33
694 550
526 55
874 194
17 43
17 80
608 27
608 87
608 9
875 459
514 86
195 314
195 32
195 145
103 55
103 70
103 339
103 351
103 22
103 12
381 63
381 101
381 689
381 16
381 62
381 200
876 58
418 93
600 600
600 146
600 62
600 24
877 50
213 260
213 213
213 92
213 70
213 289
213 334
213 435
213 9
213 145
878 243
879 690
482 43
757 691
270 94
270 97
270 85
206 32
685 533
685 20
880 145
534 0
534 459
881 316
625 47
625 72
162 7
162 692
162 366
162 222
162 282
162 27
318 268
882 277
883 287
607 87
604 693
884 221
751 427
748 260
201 32
201 234
201 264
201 315
201 276
201 78
201 5
550 134
550 114
550 0
550 87
550 694
288 146
288 83
288 95
885 168
692 695
692 27
692 376
692 162
692 24
721 116
334 213
334 696
334 415
98 43
98 136
98 264
98 94
98 440
98 602
98 697
98 15
98 116
98 99
98 260
98 698
98 699
98 22
98 90
98 220
98 213
98 63
98 456
98 700
98 111
98 701
98 66
98 129
98 32
98 115
98 2
98 332
98 538
98 435
98 142
98 89
98 5
342 260
342 522
342 32
342 160
342 2
342 151
342 163
342 72
342 567
342 435
342 115
342 185
342 542
524 111
432 185
432 363
432 213
886 43
756 267
360 425
19 403
19 68
19 80
19 261
236 370
169 129
169 230
169 72
169 365
169 196
169 98
169 62
707 153
641 109
641 143
641 79
104 702
104 22
104 87
104 129
190 703
190 134
190 129
190 60
190 146
190 239
190 339
190 269
190 27
190 121
887 0
29 43
29 129
29 32
29 343
29 46
29 47
29 109
29 94
29 80
29 6
29 71
29 78
29 293
29 435
29 185
29 216
175 129
687 558
345 238
345 213
345 163
345 190
345 478
25 403
25 80
25 121
49 221
415 125
415 46
415 323
415 8
415 155
415 60
415 334
415 5
415 245
415 190
231 0
614 134
61 170
61 57
61 381
61 140
61 307
61 40
61 16
61 650
354 140
354 261
888 55
220 304
220 2
220 98
220 165
220 89
220 0
220 168
889 58
890 145
531 1
531 40
531 87
531 324
531 62
891 550
543 704
332 330
332 98
332 609
414 60
746 98
420 422
282 257
282 437
282 313
282 7
282 198
282 222
282 4
282 22
282 68
282 35
282 0
252 263
252 459
252 224
348 608
348 60
379 115
379 45
379 0
517 556
443 2
461 74
461 267
461 5
461 93
153 351
153 93
153 95
153 705
153 706
153 304
153 216
153 76
153 268
153 21
153 22
153 691
153 320
153 257
153 497
153 167
153 182
153 403
153 185
153 591
153 39
153 129
153 115
153 116
153 37
153 707
153 120
153 478
153 592
44 111
44 27
44 1
44 116
44 478
50 257
50 43
50 32
50 203
50 242
50 50
50 40
50 152
50 134
50 371
50 65
50 1
50 147
50 87
50 417
50 304
50 708
50 709
440 134
440 382
440 2
440 98
440 135
669 40
680 9
150 503
233 436
15 359
15 45
15 68
15 551
15 12
15 80
15 15
15 98
15 115
15 86
15 143
15 0
581 77
718 109
718 96
718 142
122 343
362 652
362 90
258 710
892 366
698 98
613 711
613 134
613 1
613 71
336 712
336 183
705 153
551 72
551 160
673 713
375 70
375 45
375 183
375 79
893 213
893 168
21 185
21 596
21 93
21 153
21 9
502 261
356 140
356 1
356 259
894 27
894 714
262 43
560 47
560 715
895 248
895 79
895 716
182 265
182 404
182 68
182 107
182 114
182 281
182 129
182 328
182 72
182 427
182 23
182 124
182 153
182 9
182 379
182 349
109 359
109 68
109 22
109 7
109 717
109 126
109 480
109 71
109 29
109 196
109 641
109 718
109 342
109 382
109 101
71 257
71 134
71 351
71 719
71 388
71 109
71 94
71 163
71 42
71 115
71 83
71 68
71 1
71 227
71 9
71 27
71 720
296 305
296 16
896 24
660 62
624 43
897 315
898 417
161 257
161 134
161 404
161 78
161 160
161 638
161 109
161 281
161 351
161 74
161 273
161 140
161 32
161 419
161 568
899 471
255 548
255 114
900 151
116 260
116 2
116 125
116 98
116 586
116 471
116 188
116 264
116 152
116 8
116 248
116 721
116 87
116 140
116 153
116 88
116 27
116 37
116 16
116 58
116 591
130 59
130 126
130 68
130 57
901 722
901 173
411 134
411 155
411 60
772 263
772 70
772 98
772 37
565 257
143 76
143 78
143 160
143 234
143 242
143 94
143 68
143 562
143 65
143 9
143 313
143 101
143 701
260 723
260 724
260 725
260 450
260 59
260 726
260 727
260 98
260 728
260 101
260 93
260 301
260 297
260 729
260 388
260 730
260 306
260 731
260 732
260 72
260 267
260 147
260 733
260 27
260 734
260 170
260 735
260 213
260 736
260 737
260 738
260 739
260 740
260 61
260 741
260 85
260 742
260 536
260 173
260 743
260 36
260 744
260 471
260 40
260 745
260 2
260 265
260 116
260 746
260 747
260 291
260 115
260 748
260 5
260 455
260 478
633 72
633 2
426 250
426 160
426 717
426 185
426 357
426 0
612 134
612 339
264 353
264 201
264 85
264 263
264 448
264 176
264 265
264 97
264 749
264 98
264 229
264 750
329 403
329 107
387 70
387 535
387 304
427 182
427 751
427 2
427 8
427 72
427 237
427 752
427 185
427 142
427 0
427 62
427 296
412 59
412 60
412 104
412 753
902 33
755 172
696 334
573 78
754 596
754 754
903 150
904 78
409 0
409 60
646 115
905 474
172 129
172 399
172 755
238 190
267 134
267 756
267 260
267 248
267 461
267 85
267 742
267 5
267 478
691 128
691 757
691 153
181 221
181 129
181 277
186 489
186 129
648 115
648 49
90 43
90 68
90 158
90 550
90 20
90 515
90 78
90 89
90 362
906 219
667 605
667 0
740 260
277 177
277 5
277 93
277 567
277 330
277 105
277 305
907 22
1 43
1 520
1 437
1 93
1 314
1 50
1 163
1 80
1 224
1 758
1 131
1 196
1 759
1 304
1 101
1 152
1 260
1 261
1 760
1 613
1 364
1 70
1 69
1 75
1 495
1 276
1 391
1 605
1 72
1 761
1 65
1 356
1 147
1 9
1 690
1 87
1 27
1 762
1 320
1 763
1 55
1 107
1 0
1 20
1 764
1 42
1 71
1 479
1 765
1 489
1 78
1 79
1 133
1 44
1 384
1 551
1 89
1 766
1 522
1 68
1 160
1 531
1 114
1 40
1 767
1 768
1 2
1 472
1 58
1 191
1 380
1 377
1 183
1 73
1 435
1 103
1 143
1 5
1 3
908 769
484 117
708 50
128 68
66 43
66 263
66 447
66 351
66 706
66 101
66 634
66 78
66 381
66 238
66 147
66 27
66 257
66 179
66 770
66 152
66 42
66 185
66 145
66 2
66 538
66 771
66 23
66 772
66 331
66 556
593 43
593 465
397 70
397 339
397 190
471 225
471 78
471 46
471 224
471 8
471 116
471 245
471 0
471 16
471 307
389 47
389 627
389 93
448 314
448 263
448 8
448 381
448 72
448 15
448 98
448 58
251 69
251 511
285 185
285 377
285 372
285 773
610 605
610 708
610 1
291 260
291 93
291 774
291 775
291 83
291 89
700 98
118 57
655 259
644 776
