943 0
308 1
308 2
308 3
308 4
308 5
308 6
308 7
308 8
137 9
137 10
137 11
367 12
367 13
640 14
640 15
640 3
640 16
640 17
446 18
446 19
446 20
446 4
452 21
452 22
452 23
452 24
452 25
452 26
396 19
396 27
396 28
396 29
396 30
396 2
396 31
396 32
396 33
396 34
396 35
396 12
396 36
396 37
396 38
396 39
396 40
396 3
396 16
396 41
396 42
396 43
396 44
396 45
396 46
396 47
396 48
647 49
647 50
207 51
207 52
287 53
287 54
287 55
287 56
287 31
287 57
287 44
287 58
287 8
287 59
287 60
287 61
287 35
384 8
384 62
384 63
384 64
384 12
30 65
30 66
30 67
30 56
30 68
30 69
30 70
30 71
30 72
30 73
30 74
30 75
30 76
30 77
30 78
30 35
30 79
30 80
30 81
30 82
84 83
84 30
84 84
84 45
84 85
84 86
84 78
84 87
84 88
621 31
621 89
621 90
621 91
621 92
893 93
893 94
893 95
116 96
116 97
116 98
116 99
116 10
116 100
116 101
116 102
116 103
116 31
116 47
116 104
116 77
116 105
116 8
116 106
116 36
116 90
116 107
116 16
852 108
852 82
114 109
114 19
114 62
114 110
114 111
114 108
114 112
114 113
114 2
114 31
114 114
114 115
114 116
114 117
114 118
114 66
114 92
114 119
114 120
114 121
114 122
114 53
114 90
114 88
114 123
114 124
114 125
114 126
114 57
114 127
114 73
114 128
114 8
114 129
548 130
548 131
896 113
164 132
164 133
164 73
164 34
164 134
164 135
845 81
767 87
767 8
767 35
767 95
11 65
11 83
11 136
11 137
11 138
11 27
11 139
11 94
11 140
11 76
11 112
11 2
11 101
11 33
11 11
11 64
11 141
11 9
11 142
11 143
11 105
11 144
11 88
11 92
11 145
11 126
11 50
11 45
11 146
11 47
11 103
11 8
11 147
11 148
460 44
408 96
408 2
408 37
408 149
408 150
408 151
408 152
408 133
408 8
408 90
408 153
252 126
252 154
252 37
252 155
252 47
252 156
252 157
252 58
252 12
279 80
279 62
279 56
859 8
71 96
71 158
71 73
71 159
71 160
71 88
756 161
400 12
400 95
710 162
135 132
135 163
135 164
944 165
88 66
88 83
88 9
88 109
88 99
88 14
88 18
88 101
88 44
88 166
88 92
88 10
88 167
88 168
88 87
88 169
88 76
88 170
88 34
558 83
595 171
268 126
268 172
268 173
268 174
268 175
268 40
268 176
268 177
911 178
518 179
518 126
518 43
518 99
518 180
518 181
518 103
518 182
237 44
237 181
237 47
237 183
237 8
237 177
330 184
945 180
184 185
360 37
360 186
360 187
360 146
360 188
360 80
360 148
645 65
645 83
645 189
645 190
645 191
645 163
645 45
645 32
645 192
645 55
645 14
645 36
645 11
335 40
335 193
335 32
214 194
214 52
661 14
661 101
661 82
661 96
390 99
390 112
390 195
390 12
794 19
276 80
276 196
812 197
551 108
551 43
946 198
618 90
256 65
256 9
256 199
256 200
256 149
256 201
256 162
256 202
256 203
256 204
927 83
927 205
927 96
927 56
927 206
52 54
52 163
52 110
52 95
52 207
52 2
52 208
52 51
52 209
52 35
52 11
52 210
52 198
52 211
52 212
52 50
52 213
52 25
52 44
52 47
52 8
52 214
52 215
52 176
52 148
52 216
218 217
218 9
218 37
218 218
218 219
218 220
218 2
588 138
588 108
588 98
342 62
342 221
342 82
110 83
110 2
110 50
110 31
110 163
110 52
110 44
110 47
110 222
110 8
110 197
110 185
110 223
358 224
225 47
225 225
225 4
947 226
376 12
376 27
948 178
270 198
270 227
270 101
270 40
270 32
949 220
683 126
185 65
185 47
185 108
185 110
185 185
509 92
509 228
509 76
326 229
326 108
326 177
326 8
881 230
881 231
881 94
950 138
950 220
950 35
653 96
653 146
10 65
10 137
10 101
10 232
10 2
10 233
10 32
10 116
10 234
10 235
10 36
10 9
10 35
10 99
10 120
10 40
10 88
10 125
10 236
10 237
10 102
10 220
10 147
169 238
169 239
169 240
169 241
169 44
169 242
169 139
169 99
169 7
169 243
169 8
169 244
169 245
169 108
169 88
169 178
925 125
925 54
925 84
925 206
925 243
925 246
283 247
283 126
283 248
283 44
283 249
283 177
754 250
844 251
844 58
844 81
840 30
840 204
951 108
952 252
467 162
467 253
467 44
680 254
680 84
201 255
201 256
201 19
201 188
201 129
201 111
201 108
201 88
403 257
403 258
403 186
403 151
403 101
403 40
403 8
403 108
332 54
332 259
332 19
346 44
346 2
346 129
346 16
346 42
198 83
198 126
198 260
198 138
198 52
198 44
198 45
198 220
198 147
198 261
764 2
784 262
784 105
872 65
608 263
608 264
608 35
608 197
307 265
307 72
953 266
539 267
539 195
470 87
470 162
470 72
470 44
174 268
147 65
147 179
147 54
147 258
147 19
147 129
147 108
147 269
147 270
147 271
147 40
147 262
147 272
147 273
147 92
147 126
147 274
147 44
147 45
147 73
147 59
147 275
80 65
80 276
80 42
80 126
80 277
80 51
80 14
80 71
80 28
80 278
80 74
80 34
80 2
80 78
80 279
80 280
80 54
80 171
80 82
80 281
249 282
249 283
249 101
249 45
249 284
832 191
545 57
545 285
545 8
402 58
402 108
402 286
744 2
744 287
954 288
762 202
762 2
692 148
692 50
625 145
788 19
955 289
955 126
306 290
306 26
306 155
306 28
306 243
306 40
306 8
306 291
306 90
306 292
942 293
956 126
516 181
816 294
816 47
816 15
957 108
209 155
209 52
209 173
209 51
209 114
209 202
209 295
209 92
209 222
209 296
209 120
209 297
209 298
209 299
209 126
209 154
209 4
209 72
209 300
209 44
209 104
209 8
209 148
958 301
958 302
600 173
292 19
292 303
292 304
292 305
292 294
292 306
720 194
634 92
634 236
634 262
634 11
265 92
265 307
959 299
359 186
359 108
629 92
904 178
436 308
436 126
436 309
436 56
436 188
436 122
436 129
436 168
142 259
142 56
271 73
271 147
809 83
809 103
288 220
288 310
288 105
960 311
340 47
340 173
340 312
535 126
535 304
535 8
535 135
535 313
535 148
391 314
391 12
391 44
391 178
799 14
648 216
212 14
212 52
212 315
212 102
212 316
212 317
75 0
75 194
75 76
75 31
75 133
75 166
75 45
75 74
75 317
75 318
75 108
18 66
18 269
18 200
18 27
18 162
18 319
18 13
69 30
69 9
69 5
69 243
69 76
69 320
805 66
805 321
805 11
805 322
805 178
183 237
183 36
717 65
717 323
717 19
229 92
229 324
229 325
229 326
229 19
229 191
229 127
229 35
229 147
229 327
229 12
229 176
229 44
961 46
820 15
820 328
136 220
136 329
136 72
136 12
136 33
54 65
54 330
54 87
54 138
54 52
54 173
54 19
54 162
54 9
54 62
54 13
54 287
54 270
54 2
54 150
54 188
54 36
54 4
54 331
54 322
54 38
54 59
54 332
54 105
54 333
54 334
54 16
54 126
54 50
54 57
54 302
54 45
54 219
54 103
54 74
54 206
54 47
54 335
54 8
54 147
54 80
54 259
54 336
54 148
569 36
569 40
172 268
172 19
172 105
442 337
442 338
442 90
442 28
311 126
311 173
311 44
311 339
311 40
311 108
312 340
349 198
349 129
349 341
187 342
187 38
187 343
646 19
646 55
962 344
488 345
488 108
488 98
488 27
129 83
129 346
129 162
129 232
129 224
129 219
129 182
129 2
129 347
129 181
129 114
129 35
129 348
129 12
129 36
129 123
129 349
129 350
129 201
129 351
129 352
129 353
129 82
129 16
129 354
129 92
129 126
129 154
129 355
129 302
129 44
129 73
129 220
129 8
129 147
129 58
129 356
129 357
963 155
637 33
637 8
637 35
280 99
280 14
280 82
280 16
280 80
662 127
662 264
421 66
223 110
192 9
192 99
192 19
192 358
192 12
192 215
791 19
477 299
477 9
477 44
477 220
477 2
477 341
186 255
186 2
186 126
186 359
186 206
186 240
186 19
186 44
186 360
186 33
186 58
186 357
186 8
186 361
186 185
186 362
964 66
350 363
350 129
63 165
615 47
615 364
965 365
478 147
12 65
12 96
12 186
12 366
12 367
12 368
12 369
12 370
12 371
12 163
12 372
12 184
12 373
12 374
12 232
12 375
12 129
12 115
12 19
12 177
12 376
12 13
12 192
12 269
12 2
12 377
12 14
12 101
12 32
12 181
12 378
12 379
12 12
12 380
12 381
12 382
12 66
12 383
12 252
12 37
12 384
12 99
12 285
12 38
12 385
12 386
12 387
12 388
12 40
12 105
12 389
12 390
12 126
12 182
12 31
12 391
12 392
12 16
12 393
12 394
12 199
12 50
12 190
12 72
12 395
12 44
12 396
12 73
12 397
12 398
12 206
12 47
12 399
12 8
12 400
12 259
12 401
12 110
966 402
627 403
627 302
627 16
627 8
627 404
793 19
487 313
487 11
487 405
151 194
151 406
151 19
151 224
151 76
151 74
151 2
151 31
151 407
151 408
151 403
151 221
151 53
151 409
151 56
151 410
151 166
151 103
151 411
151 412
151 59
151 413
151 57
967 56
520 181
521 378
521 189
521 8
521 4
521 412
521 173
521 181
521 3
521 414
521 155
521 415
521 126
521 416
521 82
99 96
99 417
99 83
99 418
99 47
99 167
99 5
99 419
99 9
99 129
99 81
99 420
99 421
99 182
99 30
99 158
99 206
99 422
99 241
99 101
99 423
99 32
99 424
99 114
99 116
99 12
99 169
99 425
99 426
99 427
99 92
99 331
99 8
99 99
99 168
99 428
99 429
99 430
99 2
99 431
99 10
99 199
99 90
99 88
99 432
99 299
99 126
99 325
99 433
99 434
99 57
99 72
99 302
99 44
99 45
99 146
99 435
99 293
99 436
99 55
99 437
99 14
99 226
99 438
556 108
453 439
453 37
453 8
968 116
479 323
479 2
479 253
705 440
338 65
338 441
338 9
338 126
338 442
338 13
338 100
338 19
338 73
338 443
338 444
338 202
338 87
338 445
20 446
20 447
20 8
20 448
20 323
20 364
20 177
735 449
735 352
273 65
273 206
273 69
273 105
273 147
393 51
393 182
393 8
393 147
866 450
866 235
866 8
503 291
673 78
23 451
23 452
23 102
240 186
240 453
240 199
833 454
438 99
438 83
300 96
44 455
44 444
44 155
44 310
44 163
44 162
44 396
44 456
44 457
44 458
44 287
44 181
44 459
44 460
44 461
44 222
44 462
44 378
44 298
44 125
44 144
44 36
44 16
44 463
44 243
44 43
44 237
44 8
44 65
44 428
44 132
44 52
44 110
44 464
44 112
44 465
44 220
44 31
44 466
44 33
44 169
44 467
44 403
44 468
44 77
44 346
44 198
44 469
44 4
44 57
44 62
44 470
44 471
44 147
44 249
44 185
44 329
44 108
44 46
44 209
44 472
44 131
44 322
44 120
44 473
44 474
44 475
44 391
44 476
44 42
44 73
44 56
44 88
44 103
44 206
44 47
44 229
44 357
44 83
44 311
44 27
44 323
44 232
44 129
44 94
44 477
44 478
44 235
44 12
44 66
44 297
44 99
44 479
44 2
44 58
44 480
44 178
44 216
44 126
44 50
44 45
44 219
44 481
44 59
224 8
224 151
224 482
224 216
224 358
224 182
969 438
74 269
74 30
74 54
74 406
74 151
74 45
74 27
74 483
74 188
74 62
74 361
74 80
74 13
610 141
610 320
610 8
259 96
259 26
259 54
259 484
259 485
259 486
259 62
259 7
259 12
259 36
259 487
259 142
259 332
259 143
259 40
259 105
259 420
259 334
259 82
259 123
259 133
259 219
259 401
970 488
970 236
970 489
970 325
970 427
226 158
226 490
226 8
226 491
226 99
226 378
226 146
226 323
226 188
226 232
226 2
226 35
226 492
356 129
48 19
444 493
444 338
444 278
368 494
368 31
368 224
368 495
368 8
368 12
368 108
368 131
869 65
682 86
682 8
448 66
448 96
448 496
448 497
448 101
448 498
448 82
448 232
448 198
448 499
448 177
769 317
769 500
769 131
769 182
769 501
739 108
420 269
420 243
420 313
420 99
420 502
420 5
291 503
291 504
291 132
291 505
291 8
291 306
76 506
76 507
76 508
76 68
76 509
76 14
76 302
76 69
76 30
76 88
76 82
76 75
76 220
76 510
76 77
76 27
76 511
76 11
818 134
818 114
818 47
668 90
668 42
668 181
255 186
255 100
255 201
255 27
255 162
255 34
255 3
255 362
642 65
642 220
642 512
642 513
543 374
543 258
543 13
700 138
700 31
700 396
700 50
365 33
181 83
181 514
181 155
181 129
181 515
181 182
181 516
181 517
181 209
181 12
181 36
181 518
181 177
181 66
181 519
181 189
181 520
181 521
181 451
181 522
181 143
181 169
181 492
181 61
181 321
181 92
181 254
181 126
181 56
181 4
181 237
181 44
181 523
181 219
181 47
181 437
181 148
838 524
694 50
795 5
622 90
622 246
383 12
383 429
222 269
222 525
222 219
222 209
222 377
222 110
222 148
222 287
297 14
297 44
894 202
125 126
125 309
125 526
125 45
125 527
125 114
125 10
125 346
125 528
125 262
125 108
562 192
562 299
562 57
562 5
562 466
562 182
303 292
303 305
971 116
972 484
417 99
417 120
417 72
417 180
417 122
417 529
417 376
417 148
354 33
354 530
354 129
354 16
354 83
973 108
974 47
885 358
274 285
274 8
274 147
975 428
100 26
100 19
100 338
100 166
100 116
100 119
100 305
25 25
25 325
25 8
976 224
977 531
614 532
316 212
316 96
316 533
316 236
316 220
316 132
316 4
316 167
316 188
316 534
316 535
150 92
150 536
150 408
150 9
150 8
150 521
150 57
150 302
150 114
150 537
978 62
319 538
319 262
319 18
195 539
979 62
590 96
590 513
590 469
590 420
590 36
590 320
707 162
751 31
751 540
514 19
514 181
68 83
68 290
68 541
68 30
68 542
68 75
68 114
68 3
68 76
68 82
132 372
132 13
132 191
132 44
132 148
132 316
132 164
132 291
132 130
258 543
258 99
258 538
258 403
258 103
258 147
258 72
285 138
285 418
285 232
285 95
285 53
285 14
285 274
285 33
285 378
285 386
285 87
285 126
285 92
285 544
285 199
285 50
285 57
285 302
285 219
285 220
285 8
285 545
527 125
527 546
527 90
527 443
890 92
890 96
890 243
890 378
890 40
890 8
935 232
980 72
620 90
620 40
814 47
814 151
814 16
107 420
107 116
107 62
693 4
130 349
130 126
130 132
130 547
130 548
130 341
130 134
605 549
981 550
982 437
108 65
108 402
108 96
108 551
108 83
108 311
108 173
108 523
108 323
108 552
108 129
108 2
108 185
108 186
108 81
108 553
108 33
108 554
108 235
108 169
108 320
108 555
108 9
108 556
108 403
108 298
108 364
108 547
108 428
108 313
108 557
108 126
108 558
108 178
108 92
108 199
108 44
108 264
108 73
108 435
108 8
108 62
108 133
900 178
643 40
643 236
643 559
643 167
596 560
466 561
466 44
466 19
466 47
466 562
466 78
466 364
466 563
466 253
466 82
631 92
631 31
631 313
188 564
188 0
188 565
188 54
188 448
188 523
188 360
188 425
188 162
188 232
188 78
188 8
188 147
188 126
188 272
188 226
188 177
745 566
745 567
286 402
876 66
876 83
876 568
583 31
583 199
36 65
36 83
36 26
36 569
36 138
36 497
36 173
36 19
36 396
36 111
36 102
36 76
36 570
36 344
36 101
36 32
36 181
36 116
36 377
36 9
36 403
36 3
36 571
36 90
36 299
36 125
36 72
36 44
36 73
36 206
36 293
36 183
36 572
36 129
36 259
36 148
589 469
555 428
555 42
555 96
555 45
555 188
555 573
555 316
555 318
555 108
67 30
67 43
67 45
67 40
67 3
67 320
490 182
607 66
607 1
607 574
607 8
607 50
607 240
607 73
607 575
607 58
607 94
607 229
607 530
607 131
983 178
345 488
221 141
221 151
221 199
221 56
221 138
221 101
221 19
221 576
221 342
597 220
597 415
597 149
468 126
670 533
800 66
800 32
800 94
800 91
984 577
746 146
985 2
986 578
124 30
124 126
124 27
124 114
124 35
124 579
124 580
124 76
906 178
565 87
565 188
565 200
565 581
199 397
199 94
199 256
199 418
199 582
199 285
199 27
199 62
199 534
199 531
199 108
199 2
199 493
199 101
199 33
199 11
199 64
199 8
199 99
199 583
199 584
199 40
199 126
199 585
199 586
199 574
199 4
199 240
199 146
199 220
199 47
199 587
199 147
199 530
98 92
98 141
98 126
98 8
98 4
98 412
98 14
98 50
98 588
98 138
98 202
98 58
98 3
98 33
98 275
98 228
469 66
469 589
469 590
469 442
987 198
658 96
658 498
591 83
591 177
591 94
591 591
414 446
414 432
414 4
414 173
414 47
414 8
414 12
414 592
414 593
581 565
581 126
581 84
581 50
581 58
581 235
712 177
171 83
171 45
171 103
171 33
171 594
171 528
171 80
171 16
171 595
988 52
989 323
989 118
989 325
560 162
560 232
560 596
560 203
149 597
149 256
149 408
149 598
418 99
418 199
418 285
418 147
650 120
650 45
173 83
173 186
173 54
173 277
173 311
173 19
173 45
173 329
173 62
173 95
173 103
173 108
173 51
173 14
173 599
173 424
173 209
173 600
173 246
173 36
173 119
173 37
173 521
173 163
173 143
173 2
173 340
173 82
173 268
173 126
173 98
173 302
173 523
173 601
173 220
173 602
173 8
173 414
990 603
801 497
380 188
380 12
723 155
863 8
836 604
836 219
991 108
991 50
790 561
790 19
592 414
6 387
6 165
344 36
344 28
344 147
33 96
33 295
33 296
33 269
33 285
33 72
33 38
33 44
33 45
33 242
33 199
33 94
33 126
33 46
33 171
33 16
992 302
992 101
992 35
992 287
549 605
939 122
79 30
993 93
472 47
472 126
472 154
727 66
727 606
727 182
727 235
348 42
348 126
348 309
348 429
348 129
348 8
348 348
131 0
131 92
131 262
131 607
131 368
131 32
131 548
131 105
776 304
776 58
141 83
141 264
141 232
141 357
141 420
141 108
141 424
141 379
141 34
141 11
141 564
141 221
141 608
141 609
141 492
141 88
141 92
141 243
141 126
141 98
141 190
141 5
141 219
141 610
141 170
506 564
506 83
506 45
506 27
506 105
506 8
506 76
506 283
247 283
507 220
507 76
507 50
718 611
718 178
473 92
473 329
473 101
473 220
473 528
473 140
473 177
473 206
544 285
544 73
994 126
321 96
321 612
321 224
321 181
321 220
321 182
495 368
364 243
364 364
364 469
364 50
364 99
364 221
364 133
364 323
364 220
364 232
364 613
364 614
364 8
364 229
364 465
364 361
364 108
364 615
364 16
364 47
571 96
571 36
677 2
337 616
337 442
90 96
90 26
90 617
90 618
90 497
90 527
90 619
90 204
90 620
90 306
90 621
90 377
90 14
90 442
90 33
90 114
90 234
90 36
90 295
90 322
90 38
90 122
90 105
90 374
90 622
90 623
90 45
90 220
90 436
90 8
90 572
90 624
843 473
145 92
145 194
145 126
145 101
145 163
145 46
145 625
145 40
145 8
145 626
463 432
463 44
463 627
463 535
995 126
92 65
92 83
92 101
92 54
92 88
92 96
92 138
92 547
92 163
92 27
92 5
92 232
92 62
92 199
92 19
92 628
92 347
92 108
92 182
92 270
92 2
92 37
92 220
92 31
92 150
92 129
92 629
92 630
92 631
92 114
92 348
92 632
92 123
92 181
92 11
92 633
92 634
92 322
92 119
92 432
92 521
92 285
92 473
92 38
92 635
92 346
92 390
92 313
92 272
92 274
92 480
92 178
92 299
92 126
92 98
92 50
92 57
92 51
92 12
92 45
92 73
92 103
92 398
92 206
92 47
92 8
92 147
92 229
92 14
92 141
92 105
72 65
72 194
72 138
72 258
72 636
72 62
72 637
72 464
72 30
72 33
72 209
72 93
72 234
72 12
72 433
72 295
72 321
72 389
72 126
72 44
72 470
72 220
72 8
72 147
72 176
768 65
768 30
768 126
768 101
768 105
768 35
996 99
166 2
166 108
166 19
166 100
166 151
166 163
166 407
166 88
166 523
166 75
166 412
166 638
166 13
166 82
482 639
482 105
482 155
220 65
220 179
220 54
220 2
220 309
220 640
220 497
220 218
220 285
220 5
220 162
220 129
220 103
220 182
220 242
220 641
220 270
220 108
220 642
220 377
220 513
220 643
220 424
220 33
220 36
220 66
220 295
220 564
220 507
220 120
220 473
220 321
220 243
220 364
220 414
220 199
220 90
220 618
220 178
220 125
220 126
220 56
220 50
220 72
220 4
220 44
220 484
220 397
220 644
220 8
220 147
220 198
220 392
220 530
220 62
578 178
55 645
55 646
55 460
55 647
294 292
663 523
868 197
603 126
603 163
603 8
603 32
785 9
785 3
216 50
216 52
216 44
216 363
216 361
216 648
216 432
324 229
324 175
302 582
302 173
302 285
302 27
302 639
302 19
302 76
302 150
302 101
302 649
302 202
302 459
302 11
302 627
302 66
302 99
302 120
302 105
302 3
302 542
302 56
302 72
302 8
302 365
302 530
96 3
96 497
96 650
96 285
96 448
96 316
96 62
96 224
96 94
96 95
96 280
96 108
96 508
96 269
96 2
96 513
96 651
96 206
96 412
96 188
96 114
96 202
96 652
96 653
96 12
96 177
96 654
96 461
96 378
96 8
96 196
96 99
96 655
96 151
96 71
96 321
96 58
96 27
96 656
96 126
96 657
96 90
96 299
96 236
96 658
96 438
96 659
96 44
96 28
96 73
96 660
96 31
96 47
96 168
96 147
96 661
96 259
534 8
534 155
534 101
534 612
534 316
534 58
534 534
309 348
309 262
309 45
309 309
127 662
127 53
127 178
697 497
697 143
697 617
697 483
687 206
687 169
687 126
687 663
687 493
743 43
27 96
27 302
27 138
27 19
27 506
27 664
27 162
27 396
27 102
27 534
27 76
27 376
27 45
27 255
27 2
27 14
27 33
27 114
27 36
27 11
27 124
27 349
27 8
27 523
27 99
27 40
27 272
27 82
27 92
27 243
27 200
27 4
27 50
27 44
27 5
27 665
27 74
27 341
27 168
27 666
27 545
419 191
887 667
563 466
997 14
997 297
997 88
997 45
741 243
998 668
13 65
13 2
13 54
13 543
13 521
13 132
13 18
13 302
13 122
13 74
13 188
13 338
13 12
13 669
533 282
533 1
533 31
533 19
533 523
533 440
533 138
533 316
533 670
533 65
533 148
158 71
158 163
158 226
196 65
196 276
196 671
196 78
196 61
721 365
112 56
112 4
112 57
112 44
112 47
112 8
112 147
112 11
112 178
443 338
443 527
78 428
78 26
78 62
78 108
78 269
78 30
78 84
78 31
78 466
78 188
78 672
78 9
78 196
78 512
78 3
78 199
78 542
78 254
78 673
78 200
78 623
78 45
78 180
78 8
78 80
999 162
999 35
696 192
696 385
7 66
7 169
120 66
120 194
120 136
120 417
120 526
120 302
120 674
120 386
120 86
120 209
120 2
120 234
120 219
120 59
120 465
120 142
120 123
120 675
381 12
1000 676
372 31
372 135
372 49
372 132
778 66
802 9
802 129
802 37
874 66
512 642
512 78
1001 43
755 282
755 65
755 372
755 9
755 2
755 8
755 677
755 12
755 275
522 114
522 678
522 181
774 57
774 101
774 163
733 65
733 126
871 65
305 65
305 199
305 469
305 138
305 100
305 292
317 212
317 35
317 56
317 285
317 33
317 8
317 542
272 92
272 83
272 126
272 8
272 45
272 27
272 188
272 47
272 488
272 62
272 35
272 147
272 390
272 362
492 226
492 399
492 318
909 178
228 98
880 40
880 95
432 113
432 194
432 3
432 679
432 146
432 8
432 414
432 381
432 250
1002 424
1002 372
254 45
254 173
254 126
254 84
254 680
254 19
254 674
254 181
254 78
254 414
126 65
126 83
126 285
126 54
126 681
126 283
126 155
126 138
126 385
126 535
126 19
126 209
126 636
126 682
126 42
126 232
126 252
126 129
126 357
126 108
126 416
126 2
126 37
126 683
126 684
126 377
126 101
126 289
126 47
126 181
126 96
126 33
126 114
126 472
126 459
126 35
126 36
126 685
126 11
126 64
126 206
126 66
126 519
126 686
126 502
126 657
126 196
126 521
126 687
126 688
126 221
126 124
126 321
126 468
126 243
126 58
126 105
126 80
126 198
126 689
126 690
126 82
126 299
126 254
126 180
126 125
126 199
126 526
126 213
126 72
126 88
126 44
126 264
126 219
126 146
126 220
126 293
126 691
126 147
126 62
126 170
126 530
126 148
126 268
50 402
50 290
50 54
50 52
50 285
50 27
50 692
50 323
50 62
50 216
50 693
50 182
50 30
50 2
50 31
50 694
50 12
50 11
50 66
50 299
50 9
50 507
50 37
50 695
50 364
50 90
50 412
50 92
50 243
50 98
50 347
50 44
50 5
50 320
50 220
50 47
50 8
50 110
1003 50
410 73
410 115
410 59
385 12
385 296
385 126
385 696
143 65
143 66
143 697
143 173
143 19
143 45
143 181
143 16
143 259
143 401
404 57
404 94
404 627
31 698
31 83
31 96
31 155
31 75
31 62
31 110
31 108
31 631
31 287
31 533
31 114
31 699
31 700
31 368
31 701
31 702
31 116
31 12
31 320
31 66
31 703
31 372
31 657
31 583
31 38
31 704
31 705
31 135
31 123
31 92
31 126
31 50
31 72
31 44
31 523
31 219
31 47
31 8
31 706
31 15
162 428
162 26
162 54
162 83
162 439
162 264
162 285
162 27
162 470
162 62
162 219
162 112
162 182
162 45
162 255
162 188
162 138
162 707
162 245
162 256
162 708
162 627
162 66
162 559
162 467
162 387
162 58
162 709
162 710
162 711
162 636
162 712
162 703
162 57
162 100
162 623
162 44
162 523
162 73
162 220
162 47
162 8
162 147
162 663
162 18
162 713
59 65
59 54
59 50
59 51
59 120
59 151
59 44
59 410
59 147
59 414
59 401
59 287
580 124
148 65
148 54
148 714
148 155
148 132
148 52
148 19
148 27
148 692
148 139
148 252
148 219
148 715
148 192
148 533
148 33
148 412
148 101
148 181
148 209
148 36
148 11
148 222
148 629
148 716
148 304
148 42
148 535
148 417
148 299
148 125
148 126
148 57
148 360
148 177
148 47
148 147
148 717
148 215
148 603
1004 12
475 634
475 290
475 243
475 98
475 260
475 718
475 104
475 44
475 47
475 42
475 8
475 11
1005 19
194 1
194 145
194 296
194 56
194 51
194 72
194 151
194 19
194 219
194 75
194 327
194 719
194 8
194 87
194 432
194 720
26 259
26 2
26 126
26 200
26 37
26 36
26 62
26 598
26 219
26 493
26 40
26 78
26 313
26 306
26 90
26 82
26 34
1006 45
1007 526
155 65
155 96
155 252
155 126
155 521
155 721
155 19
155 439
155 44
155 429
155 73
155 181
155 722
155 47
155 723
155 62
155 102
155 219
155 103
155 473
310 51
310 288
598 26
455 724
455 8
405 177
405 487
405 484
405 8
405 287
813 47
456 44
456 45
86 120
86 682
86 725
86 122
86 182
86 675
1008 101
458 44
458 126
458 534
941 125
1 194
1 308
1 2
1 533
1 726
796 120
796 101
796 219
796 33
796 8
796 182
796 16
1009 185
679 219
679 432
649 497
649 302
649 699
606 727
459 302
459 44
831 728
831 191
160 729
160 454
234 120
234 72
234 378
234 513
60 287
118 65
118 114
118 56
320 65
320 730
320 50
320 31
320 69
320 219
320 8
320 610
320 108
213 47
213 52
213 126
213 61
213 675
461 50
724 455
837 731
462 19
49 65
49 732
49 14
49 25
49 58
49 8
49 733
49 36
49 540
70 30
378 299
378 243
378 126
378 8
378 734
378 285
378 72
378 95
378 44
378 219
378 47
378 120
378 35
378 229
378 12
576 206
576 221
576 2
576 133
576 34
352 735
352 129
736 736
736 737
839 738
839 126
839 447
839 367
211 52
211 739
16 83
16 19
16 636
16 396
16 62
16 269
16 2
16 33
16 116
16 12
16 627
16 657
16 191
16 143
16 346
16 364
16 740
16 354
16 248
16 43
16 47
16 8
16 463
16 129
16 171
299 96
299 686
299 126
299 155
299 32
299 148
299 36
299 177
373 12
243 564
243 141
243 686
243 364
243 37
243 206
243 412
243 19
243 69
243 570
243 741
243 323
243 220
243 742
243 475
243 8
243 306
243 44
243 178
154 30
154 2
154 743
154 209
154 169
154 82
154 178
43 428
43 53
43 35
43 744
43 151
43 44
43 28
43 167
43 581
43 8
43 147
43 16
43 551
567 745
567 108
567 178
1010 220
665 27
146 269
146 199
146 277
146 96
146 99
146 57
146 32
146 177
146 47
146 360
146 8
146 746
146 14
146 275
146 432
146 182
146 287
529 194
529 604
529 155
529 231
529 675
529 113
529 101
529 32
529 181
529 747
529 12
529 11
529 192
529 222
529 403
529 748
529 535
529 417
529 211
529 16
529 126
529 56
529 325
529 749
529 44
529 750
529 293
529 275
587 113
587 304
572 36
572 90
639 113
639 482
639 73
639 105
639 81
706 31
540 66
540 65
540 751
540 31
540 101
540 206
540 62
540 409
540 49
540 80
540 752
540 108
250 753
250 754
250 432
282 66
282 728
282 533
282 101
282 38
282 264
282 219
282 755
282 8
282 535
282 249
290 306
290 68
604 215
604 69
161 756
161 3
370 12
165 138
165 323
165 757
165 53
165 6
674 65
674 254
674 8
156 65
156 252
156 190
156 643
156 758
156 292
156 12
156 36
156 759
156 226
786 113
786 366
742 243
357 141
357 126
357 403
357 232
357 202
357 129
806 96
296 113
296 126
296 209
296 385
296 33
296 232
296 760
296 229
296 736
296 675
296 182
296 761
397 12
397 125
397 220
416 108
416 2
416 126
91 621
675 325
675 213
675 86
675 188
675 235
675 120
675 15
675 123
2 0
2 308
2 27
2 324
2 762
2 133
2 725
2 396
2 62
2 224
2 269
2 108
2 376
2 231
2 82
2 1
2 570
2 755
2 186
2 129
2 13
2 114
2 12
2 169
2 432
2 177
2 362
2 124
2 408
2 9
2 37
2 384
2 120
2 151
2 763
2 39
2 576
2 58
2 346
2 80
2 677
2 764
2 16
2 178
2 92
2 329
2 134
2 45
2 166
2 8
2 57
2 198
2 110
263 608
449 735
449 531
821 15
24 452
553 108
532 614
722 35
363 622
363 350
363 69
363 47
363 104
363 3
363 12
652 96
35 54
35 138
35 497
35 52
35 19
35 129
35 765
35 29
35 30
35 81
35 722
35 34
35 766
35 119
35 58
35 767
35 272
35 299
35 608
35 126
35 43
35 749
35 439
35 768
35 133
35 10
35 8
35 229
1011 57
766 35
341 349
341 477
341 344
341 27
341 130
341 232
341 632
341 180
341 177
341 287
441 313
441 8
1012 594
828 120
501 769
511 4
511 56
511 770
695 50
77 299
77 771
77 116
77 76
656 668
656 36
656 202
656 182
656 560
779 62
740 16
1013 90
772 523
772 772
586 2
1014 8
4 83
4 446
4 19
4 27
4 323
4 232
4 316
4 112
4 2
4 31
4 181
4 348
4 11
4 225
4 773
4 144
4 592
4 299
4 199
4 56
4 57
4 44
4 484
4 693
4 293
4 8
4 294
57 92
57 83
57 686
57 2
57 66
57 4
57 99
57 44
57 146
57 774
57 562
57 110
57 628
57 464
57 112
57 113
62 83
62 26
62 96
62 155
62 138
62 19
62 775
62 523
62 342
62 62
62 78
62 107
62 108
62 384
62 2
62 31
62 33
62 114
62 776
62 35
62 708
62 777
62 461
62 778
62 508
62 279
62 58
62 779
62 272
62 90
62 82
62 16
62 92
62 126
62 50
62 57
62 72
62 44
62 133
62 74
62 220
62 8
62 106
62 259
854 82
128 114
684 126
684 95
157 65
157 780
157 252
157 23
157 12
157 177
153 408
153 182
215 604
215 725
215 52
215 33
215 47
215 8
215 148
666 27
530 781
530 2
530 126
530 302
530 220
530 47
530 782
873 65
3 92
3 96
3 9
3 161
3 127
3 438
3 521
3 71
3 783
3 784
3 40
3 105
3 255
3 640
3 12
3 36
3 131
3 785
3 78
366 163
366 786
366 230
366 12
389 12
389 72
389 263
827 564
827 103
19 65
19 194
19 54
19 514
19 155
19 406
19 787
19 173
19 775
19 27
19 788
19 62
19 789
19 83
19 782
19 108
19 790
19 270
19 2
19 791
19 570
19 24
19 96
19 466
19 424
19 114
19 235
19 12
19 672
19 792
19 292
19 628
19 793
19 9
19 35
19 794
19 151
19 201
19 533
19 332
19 338
19 42
19 40
19 313
19 143
19 36
19 16
19 92
19 192
19 254
19 243
19 126
19 469
19 4
19 100
19 302
19 646
19 166
19 435
19 8
19 198
19 148
19 48
115 410
115 619
115 423
115 114
115 104
115 12
115 90
139 169
139 112
139 11
139 219
139 178
5 92
5 141
5 50
5 264
5 27
5 795
5 420
619 90
619 617
619 115
409 206
409 151
409 126
409 105
409 45
140 473
765 8
465 120
465 44
465 364
1015 776
182 769
182 162
182 723
182 129
182 146
182 182
182 796
182 51
182 181
182 86
182 12
182 66
182 99
182 321
182 797
182 656
182 393
182 243
182 50
182 45
182 73
182 397
182 8
566 178
714 90
714 798
714 177
412 42
412 98
412 50
412 51
412 151
412 27
412 146
412 47
412 243
412 129
412 166
14 624
14 98
14 196
14 99
14 134
14 173
14 163
14 27
14 146
14 138
14 105
14 497
14 280
14 12
14 799
14 88
14 393
737 736
233 35
32 66
32 299
32 270
32 603
32 99
32 645
32 47
32 800
32 335
32 177
32 36
32 131
497 96
497 95
497 19
497 448
497 801
497 111
497 531
497 2
497 377
497 14
497 649
497 6
497 36
497 285
497 58
497 90
497 412
497 92
497 57
497 51
497 46
497 220
497 104
497 8
497 572
327 229
327 194
752 752
708 162
708 8
708 96
777 96
777 533
777 313
777 188
777 47
777 62
777 8
777 10
777 391
903 535
374 543
374 50
374 101
374 114
374 129
374 12
374 90
9 0
9 137
9 256
9 218
9 19
9 78
9 108
9 192
9 2
9 36
9 11
9 372
9 802
9 99
9 755
9 338
9 3
9 803
9 88
9 313
9 56
9 469
9 133
9 10
9 8
9 147
9 804
9 785
508 365
322 92
322 83
322 54
322 101
322 44
322 755
322 805
322 58
322 90
387 66
387 6
387 163
387 386
387 162
387 602
387 12
387 555
1016 806
541 68
808 323
803 9
803 8
585 199
323 531
323 227
323 165
323 108
323 51
323 235
323 66
323 462
323 479
323 807
323 20
323 364
323 808
323 283
323 243
323 248
323 4
323 523
323 73
323 206
323 8
323 717
323 226
42 668
42 80
42 95
42 412
248 323
248 229
248 108
248 163
248 283
734 299
734 378
734 789
734 8
734 59
734 108
190 436
190 570
190 156
190 645
749 35
103 92
103 269
103 258
103 126
103 138
103 151
103 102
103 809
103 534
103 171
103 810
47 83
47 811
47 812
47 155
47 138
47 52
47 645
47 163
47 162
47 396
47 813
47 110
47 94
47 12
47 814
47 464
47 815
47 615
47 31
47 53
47 435
47 412
47 112
47 816
47 114
47 466
47 612
47 116
47 548
47 817
47 472
47 160
47 10
47 185
47 11
47 177
47 252
47 296
47 99
47 378
47 340
47 364
47 414
47 818
47 417
47 16
47 92
47 268
47 199
47 50
47 213
47 237
47 274
47 44
47 28
47 73
47 146
47 206
47 729
47 8
47 215
47 530
47 148
104 497
104 116
104 437
104 115
594 171
594 313
594 819
134 2
134 154
134 14
134 81
134 164
134 818
1017 155
1018 103
15 820
15 278
15 640
15 821
15 816
15 44
15 8
15 675
732 65
401 822
401 12
401 259
401 143
401 59
713 162
1019 69
277 384
277 126
277 98
277 51
277 365
277 173
277 44
277 146
277 181
277 74
277 823
277 55
277 80
277 118
277 11
277 91
144 243
144 44
144 11
611 718
611 178
484 220
484 259
484 126
484 105
484 4
476 94
715 36
1020 54
1020 155
1021 325
865 8
641 220
513 96
513 513
513 498
513 642
513 220
513 234
513 8
513 782
494 368
1022 105
406 406
406 74
406 151
406 19
423 99
423 115
235 108
235 150
235 243
235 112
244 169
685 35
177 65
177 96
177 26
177 714
177 47
177 448
177 405
177 824
177 94
177 825
177 826
177 2
177 220
177 157
177 32
177 181
177 188
177 114
177 12
177 564
177 299
177 473
177 20
177 492
177 16
177 283
177 268
177 199
177 56
177 50
177 237
177 44
177 146
177 591
177 805
177 341
177 361
177 626
177 148
427 99
564 827
564 762
564 323
564 232
564 95
564 31
564 466
564 188
564 141
564 506
564 828
564 717
564 480
564 16
564 432
564 243
564 126
564 302
564 227
564 220
564 805
564 55
564 147
564 829
564 198
519 182
519 219
519 181
37 92
37 270
37 2
37 802
37 50
37 240
37 429
37 623
37 830
37 360
37 102
37 45
37 243
37 173
37 3
37 147
37 12
37 408
37 362
1023 469
928 206
688 126
191 113
191 8
191 260
191 190
191 385
191 645
191 419
191 33
191 104
191 34
191 831
191 132
191 832
191 11
191 16
191 123
413 83
413 96
413 650
413 151
413 105
413 8
386 635
386 120
386 285
386 40
386 712
386 675
1024 53
1025 33
613 677
613 361
613 364
853 82
454 833
454 56
1026 92
87 565
87 84
87 623
87 285
87 114
87 470
87 338
87 604
87 12
87 88
573 176
1027 408
480 564
480 42
834 105
262 634
262 125
262 309
262 147
123 92
123 83
123 834
123 31
123 120
123 34
123 420
123 259
123 675
355 835
355 202
355 129
355 83
888 14
888 429
336 54
395 12
219 194
219 26
219 155
219 285
219 162
219 94
219 836
219 31
219 299
219 181
219 320
219 519
219 415
219 196
219 835
219 378
219 679
219 58
219 92
219 126
219 330
219 44
219 8
219 141
731 837
168 126
168 27
168 436
168 8
168 12
168 88
170 126
170 88
867 8
524 838
882 810
1028 321
1028 72
447 839
1029 108
698 33
163 66
163 366
163 50
163 14
163 52
163 44
163 166
163 110
163 135
163 12
163 177
167 99
167 316
167 643
167 88
1030 99
1030 8
227 564
227 227
227 604
227 270
227 8
1031 493
204 256
204 40
204 840
204 126
204 82
318 75
318 162
318 232
318 492
318 555
1032 186
1033 179
825 177
825 94
858 133
858 177
858 28
53 127
53 285
53 114
53 165
53 259
53 295
53 287
570 190
570 2
570 19
570 243
1034 841
1034 26
1034 199
728 282
728 44
728 236
728 831
73 428
73 27
73 162
73 129
73 110
73 94
73 182
73 2
73 13
73 424
73 114
73 164
73 246
73 12
73 36
73 842
73 272
73 843
73 92
73 544
73 410
73 44
73 103
73 47
73 8
73 147
73 229
81 844
81 30
81 54
81 203
81 99
81 134
81 304
81 58
81 35
81 845
81 259
81 108
424 141
424 502
424 19
424 696
424 8
424 846
849 82
849 772
870 65
1035 268
1035 181
672 19
686 299
686 243
686 57
686 847
686 19
686 163
119 92
119 100
119 173
119 45
119 114
119 8
278 15
278 80
278 108
278 444
655 424
655 96
655 188
1036 530
298 44
1037 126
574 0
574 199
557 108
557 848
1038 92
82 65
82 83
82 849
82 26
82 68
82 173
82 19
82 27
82 636
82 725
82 342
82 62
82 73
82 280
82 108
82 30
82 2
82 31
82 850
82 851
82 643
82 466
82 852
82 234
82 34
82 245
82 672
82 76
82 166
82 512
82 338
82 853
82 105
82 80
82 243
82 129
82 18
82 302
82 45
82 102
82 206
82 661
82 294
82 259
82 854
82 855
83 101
83 68
83 138
83 173
83 19
83 9
83 129
83 110
83 814
83 108
83 856
83 287
83 84
83 31
83 14
83 155
83 181
83 493
83 114
83 12
83 36
83 432
83 11
83 141
83 506
83 252
83 322
83 378
83 413
83 809
83 58
83 105
83 229
83 272
83 82
83 16
83 354
83 243
83 126
83 123
83 4
83 17
83 57
83 18
83 355
83 44
83 45
83 88
83 46
83 591
83 47
83 8
83 147
83 198
83 249
83 171
83 857
547 92
547 47
547 108
547 130
547 603
434 99
623 269
623 37
623 96
623 523
623 162
623 78
623 87
623 188
133 0
133 75
133 2
133 858
133 253
133 576
133 304
133 62
133 34
133 677
133 259
133 108
133 84
133 164
1039 804
1040 73
575 321
824 177
8 455
8 368
8 682
8 405
8 287
8 188
8 150
8 424
8 767
8 320
8 408
8 178
8 49
8 859
8 562
8 82
8 16
8 92
8 243
8 237
8 25
8 146
8 282
8 66
8 604
8 860
8 52
8 285
8 674
8 110
8 515
8 269
8 2
8 220
8 31
8 643
8 33
8 116
8 193
8 35
8 169
8 441
8 403
8 40
8 229
8 861
8 199
8 98
8 469
8 4
8 264
8 435
8 215
8 545
8 65
8 173
8 19
8 862
8 863
8 765
8 306
8 108
8 182
8 113
8 864
8 817
8 348
8 432
8 506
8 9
8 755
8 809
8 535
8 803
8 90
8 56
8 72
8 523
8 11
8 206
8 47
8 236
8 129
8 15
8 216
8 83
8 136
8 561
8 534
8 27
8 232
8 62
8 224
8 94
8 637
8 865
8 533
8 513
8 377
8 101
8 12
8 627
8 453
8 521
8 99
8 54
8 58
8 105
8 393
8 866
8 126
8 123
8 50
8 226
8 302
8 44
8 28
8 219
8 51
8 168
8 610
8 867
8 261
197 241
197 176
197 608
197 812
197 868
392 12
392 385
392 734
392 220
353 129
65 54
65 155
65 138
65 869
65 305
65 19
65 674
65 156
65 405
65 135
65 94
65 620
65 108
65 13
65 533
65 2
65 196
65 185
65 101
65 88
65 114
65 317
65 34
65 870
65 767
65 36
65 118
65 320
65 817
65 577
65 559
65 151
65 755
65 338
65 40
65 12
65 677
65 126
65 871
65 59
65 82
65 273
65 872
65 92
65 243
65 313
65 469
65 50
65 732
65 72
65 44
65 45
65 177
65 220
65 293
65 10
65 341
65 8
65 147
65 733
65 80
65 148
65 873
628 92
628 57
628 2
628 19
628 690
757 165
66 65
66 282
66 54
66 138
66 163
66 448
66 484
66 323
66 162
66 129
66 94
66 181
66 182
66 874
66 1
66 30
66 108
66 206
66 32
66 875
66 7
66 876
66 727
66 877
66 878
66 778
66 35
66 120
66 174
66 387
66 143
66 800
66 88
66 126
66 469
66 50
66 18
66 302
66 44
66 45
66 46
66 220
66 805
66 8
66 147
66 40
66 540
66 538
1041 209
517 181
860 361
860 8
783 92
783 3
725 2
725 220
725 45
725 86
725 725
725 215
725 82
1042 178
1043 879
95 564
95 321
95 138
95 497
95 100
95 173
95 44
95 46
95 398
95 684
95 114
95 400
95 110
95 129
95 531
95 62
95 52
95 880
95 220
231 12
231 881
231 2
231 45
231 178
29 35
810 289
810 882
314 391
269 222
269 623
269 5
269 146
269 33
269 105
269 8
269 147
269 883
269 884
51 92
51 194
51 101
51 54
51 56
51 412
51 52
51 310
51 209
51 293
51 173
51 207
51 182
51 393
241 268
241 197
851 253
851 58
851 82
851 46
1044 885
1045 700
901 550
901 178
612 534
93 72
193 8
34 255
34 26
34 133
34 576
34 396
34 164
34 35
34 80
34 108
34 88
34 123
499 448
499 3
1046 791
295 33
295 72
295 886
295 220
295 91
295 90
295 16
382 12
382 35
667 887
1047 480
415 597
415 219
415 521
635 86
635 386
429 383
429 37
429 155
429 99
429 888
429 348
835 219
835 355
763 373
763 2
39 396
39 2
39 8
304 292
304 181
304 830
304 133
304 535
889 889
40 65
40 26
40 569
40 155
40 19
40 27
40 890
40 620
40 306
40 182
40 91
40 270
40 101
40 440
40 12
40 66
40 67
40 403
40 705
40 145
40 126
40 880
40 92
40 268
40 199
40 56
40 127
40 10
40 335
40 8
40 147
40 198
40 259
916 502
908 178
1048 491
17 805
542 317
542 78
761 296
703 31
1049 243
626 177
236 96
236 634
236 643
236 523
236 10
236 8
200 83
200 26
200 256
200 18
200 19
200 27
200 188
200 565
200 58
200 78
200 88
325 25
325 178
325 675
433 72
433 523
538 66
538 50
538 403
538 831
538 103
264 141
264 243
264 126
264 657
264 5
264 323
264 8
242 220
242 169
435 99
435 47
435 108
435 19
435 8
159 71
729 160
729 47
1050 59
616 337
528 125
528 50
528 473
528 606
528 594
528 891
829 564
361 262
361 559
361 493
361 186
361 138
361 613
361 364
361 188
361 177
275 358
275 147
1051 814
624 188
624 90
239 169
94 65
94 428
94 879
94 476
94 219
94 892
94 825
94 893
94 881
94 33
94 638
94 66
94 120
94 800
94 535
94 126
94 199
94 44
94 73
94 103
94 591
94 47
94 10
94 8
94 58
428 43
428 44
428 162
428 78
428 36
428 108
428 178
138 65
138 54
138 155
138 138
138 285
138 162
138 62
138 165
138 376
138 533
138 14
138 35
138 66
138 487
138 30
138 221
138 92
138 126
138 72
138 102
138 103
138 47
138 361
582 179
582 9
940 58
940 129
940 4
1052 837
202 96
202 209
202 256
202 302
202 894
202 208
202 895
202 220
202 338
202 357
202 36
636 126
636 155
636 72
636 162
636 82
636 16
1053 113
1053 12
1053 19
1053 96
329 58
329 12
329 2
329 44
329 95
862 8
111 497
111 36
440 533
440 40
537 150
531 497
531 96
531 449
617 619
617 90
1054 108
856 99
826 18
826 403
113 66
113 192
113 296
113 200
113 310
113 19
113 114
113 420
113 639
113 8
113 571
113 689
113 896
113 587
253 453
253 467
253 851
253 133
253 466
253 203
1055 8
924 10
924 523
864 232
864 8
422 99
109 88
407 151
407 166
439 453
439 162
439 101
439 45
439 35
379 240
379 141
379 493
379 12
203 253
817 65
817 299
817 47
817 253
917 451
178 179
178 550
178 428
178 44
178 450
178 45
178 139
178 897
178 108
178 112
178 898
178 566
178 714
178 899
178 2
178 846
178 900
178 759
178 901
178 33
178 745
178 567
178 472
178 902
178 245
178 169
178 578
178 903
178 904
178 718
178 905
178 906
178 907
178 908
178 909
178 88
178 243
178 98
178 325
178 910
178 57
178 911
178 127
178 630
178 360
178 912
178 8
178 913
178 914
178 915
425 99
633 99
502 420
502 9
502 129
502 916
657 31
657 56
559 162
559 643
559 45
559 722
559 361
559 884
1056 2
451 917
498 658
498 513
289 918
289 810
289 919
289 920
246 622
246 173
246 341
246 73
1057 146
1058 900
807 323
807 126
807 432
819 564
819 96
819 721
819 101
819 181
819 594
819 921
819 13
689 113
689 126
313 92
313 487
313 108
313 734
313 9
313 101
313 847
313 631
313 26
313 594
313 587
313 420
313 681
313 777
711 92
711 162
711 26
711 922
56 194
56 155
56 218
56 95
56 287
56 30
56 51
56 101
56 32
56 181
56 93
56 454
56 177
56 37
56 473
56 151
56 403
56 511
56 221
56 40
56 317
56 126
56 4
56 302
56 44
56 45
56 693
56 482
56 220
56 8
56 229
1059 923
847 686
523 640
523 173
523 27
523 323
523 162
523 232
523 129
523 166
523 108
523 533
523 924
523 772
523 31
523 181
523 188
523 433
523 925
523 279
523 201
523 656
523 236
523 88
523 884
523 126
523 56
523 623
523 102
523 8
523 62
523 663
523 110
102 703
102 23
102 37
102 138
102 523
102 102
102 103
102 293
102 104
102 10
102 27
102 35
102 116
102 36
102 82
601 173
206 96
206 926
206 927
206 687
206 323
206 725
206 380
206 531
206 108
206 30
206 220
206 186
206 209
206 12
206 36
206 99
206 928
206 473
206 403
206 576
206 82
206 92
206 243
206 126
206 44
206 45
206 929
206 31
206 47
206 8
206 706
206 226
486 12
486 259
486 523
399 12
510 76
510 19
1060 8
1060 35
1060 181
176 439
176 52
176 72
1061 146
0 9
0 792
0 98
0 155
0 133
0 180
0 74
0 188
0 2
0 930
0 77
0 103
0 931
0 261
179 83
179 175
179 518
179 8
179 146
561 932
561 8
561 535
1062 428
331 99
331 54
1063 933
1063 934
1063 11
1063 8
45 65
45 173
45 27
45 636
45 75
45 396
45 78
45 287
45 668
45 2
45 559
45 33
45 114
45 348
45 555
45 519
45 506
45 222
45 37
45 99
45 289
45 105
45 409
45 82
45 178
45 254
45 56
45 171
45 18
45 44
45 645
45 339
45 414
45 195
232 560
232 448
232 636
232 323
232 935
232 129
232 357
232 318
232 2
232 33
232 14
232 101
232 424
232 864
232 936
232 12
232 177
232 341
232 141
232 587
232 71
232 364
232 87
232 188
232 82
232 92
232 199
232 4
232 57
232 44
232 523
232 55
232 8
232 639
232 226
232 459
936 232
936 558
552 108
797 99
797 182
797 8
464 44
1064 177
377 497
377 90
377 126
377 8
377 220
632 92
632 72
632 341
632 261
101 92
101 282
101 145
101 155
101 439
101 302
101 403
101 224
101 103
101 116
101 40
101 448
101 8
101 528
101 108
101 182
681 57
681 313
493 26
493 444
493 199
493 687
493 379
493 108
175 42
638 937
638 166
638 419
638 94
638 938
638 11
877 66
362 255
362 2
362 37
362 149
362 186
362 272
362 108
1065 163
46 83
46 408
46 325
46 384
46 523
46 33
46 62
46 58
46 880
437 99
437 72
504 291
496 80
496 30
496 448
496 180
782 530
1066 377
430 99
430 44
122 90
122 114
122 86
122 939
122 417
122 13
58 282
58 83
58 534
58 402
58 418
58 310
58 940
58 27
58 484
58 162
58 32
58 129
58 216
58 94
58 46
58 941
58 287
58 2
58 14
58 851
58 81
58 776
58 35
58 497
58 12
58 119
58 189
58 285
58 403
58 429
58 354
58 92
58 126
58 44
58 664
58 242
58 581
58 8
58 62
58 540
105 92
105 83
105 372
105 119
105 54
105 37
105 172
105 269
105 753
105 45
105 33
105 116
105 379
105 58
105 8
105 381
804 9
804 102
690 126
861 8
61 38
61 196
61 181
884 269
884 663
884 523
884 559
230 881
260 251
842 73
526 125
699 649
28 96
28 858
28 50
28 344
28 442
28 523
28 47
28 554
28 8
28 80
28 306
106 83
106 2
106 220
106 116
106 3
106 767
180 65
180 0
180 126
180 279
180 101
180 419
180 33
180 129
180 78
180 35
180 58
180 518
180 341
1067 99
1067 102
293 65
293 126
293 4
293 99
293 942
293 51
1068 40
1068 187
789 19
789 734
1069 236
38 282
38 92
38 396
38 90
38 187
1070 65
1070 14
918 918
261 0
261 632
261 198
261 8
261 155
726 1
