250 0
799 1
731 2
345 3
345 4
345 5
345 6
345 7
345 8
345 9
608 10
608 11
522 12
547 13
205 14
205 15
205 16
205 17
205 18
146 19
146 20
146 21
146 22
146 23
146 24
146 4
146 25
146 26
146 27
146 28
146 17
146 29
146 30
146 31
146 32
146 33
146 34
146 35
146 36
800 37
383 38
383 26
383 39
766 17
544 40
544 41
544 42
544 25
544 43
544 44
544 28
544 45
544 46
544 47
544 48
544 49
99 14
99 50
99 51
99 32
99 52
99 53
99 54
99 55
99 56
99 57
99 6
99 58
99 19
99 59
99 60
99 61
99 62
801 63
802 64
802 36
802 65
453 66
453 67
453 68
318 69
318 32
318 70
318 71
318 72
318 73
318 61
318 74
318 75
803 76
473 77
473 60
473 78
572 38
572 79
572 80
572 81
711 82
393 36
393 83
393 84
804 85
428 86
428 68
428 87
708 88
637 70
637 52
805 26
805 68
805 89
640 90
92 61
92 91
92 92
92 93
118 94
118 95
118 96
118 42
118 37
118 55
118 97
118 6
118 98
118 99
118 51
118 93
118 100
118 101
710 102
20 52
20 103
20 22
20 41
20 104
20 105
20 106
20 17
20 107
20 108
20 109
20 110
220 61
220 50
389 111
389 112
389 16
389 113
389 10
389 114
389 115
389 37
389 55
389 6
389 27
389 26
389 116
389 117
389 93
389 118
389 119
389 120
389 121
389 122
177 4
177 99
177 123
197 95
197 124
197 115
197 125
197 126
197 127
197 128
439 129
439 128
535 12
806 96
599 130
599 131
599 132
283 54
283 97
283 133
283 134
283 93
283 135
379 18
616 136
807 62
353 137
353 138
353 97
808 139
606 10
232 26
232 140
232 141
232 142
232 119
232 143
232 144
232 145
422 12
23 146
23 69
23 138
23 147
23 14
23 148
23 116
23 117
188 149
188 11
286 100
286 48
563 122
391 150
13 32
460 151
460 152
460 153
460 142
460 3
549 55
123 3
123 154
123 52
123 155
123 156
123 93
123 157
123 158
123 159
123 160
123 4
123 161
123 162
123 19
123 163
123 33
123 164
123 67
123 165
123 166
123 167
123 168
123 83
123 169
123 50
123 170
123 171
123 17
123 172
123 38
123 118
123 131
123 173
123 174
123 32
123 175
123 176
123 147
123 177
123 178
123 179
123 180
123 103
123 111
809 181
265 71
265 182
278 26
278 32
278 96
278 183
278 184
278 6
278 58
278 4
278 185
278 128
278 186
278 113
278 187
229 188
229 138
229 21
516 12
516 68
516 189
516 73
593 32
593 190
593 97
593 191
593 172
593 192
593 193
810 32
696 194
362 138
427 68
1 195
1 196
811 197
760 198
675 19
675 49
570 7
570 199
570 200
36 52
36 201
36 202
36 203
36 182
36 204
36 100
36 205
36 146
36 206
36 42
36 4
36 162
36 207
36 208
36 50
36 209
36 210
36 32
36 115
36 211
36 212
36 213
36 214
36 215
36 79
36 54
446 216
446 217
582 218
582 219
582 220
657 221
657 201
657 222
657 87
496 8
496 223
496 6
277 224
277 152
277 6
277 225
277 226
546 227
255 20
255 169
255 4
255 228
255 61
255 229
255 230
331 100
331 231
143 41
143 232
143 233
143 6
143 182
143 234
143 158
143 235
143 198
143 98
143 236
143 67
143 237
143 138
143 238
143 132
143 239
143 116
143 240
143 241
143 91
143 219
143 173
143 20
143 32
143 115
143 34
143 242
143 243
143 88
143 61
143 244
143 245
0 246
0 247
0 248
0 249
0 250
0 4
0 251
0 178
0 252
0 33
796 116
743 29
631 97
245 96
245 253
245 243
245 143
245 68
245 254
230 255
328 256
328 81
328 26
249 16
249 0
81 257
81 10
81 258
81 4
81 16
81 259
81 260
81 261
81 62
81 254
182 52
182 55
182 93
182 68
182 192
182 158
182 235
182 262
182 37
182 263
182 122
182 264
182 265
182 96
182 24
182 266
182 222
182 14
182 267
182 268
182 49
182 152
182 115
182 54
182 142
182 48
182 61
340 3
340 225
340 125
340 156
340 6
340 23
340 269
340 216
340 270
340 4
340 27
340 185
340 271
340 113
340 75
340 137
340 51
340 83
340 24
340 50
340 272
340 14
340 116
340 273
340 20
340 115
340 274
340 37
340 275
235 276
235 165
235 277
235 6
235 88
235 278
235 68
129 79
129 279
262 61
262 182
262 32
262 68
568 212
568 100
568 113
568 280
487 6
133 281
133 248
133 4
133 282
133 283
133 284
133 169
133 61
133 67
133 113
812 61
813 165
134 285
134 283
134 286
814 91
814 287
501 27
223 205
223 153
223 288
223 54
223 289
223 97
223 280
223 61
223 158
33 152
33 146
33 123
33 19
33 0
33 290
33 291
33 218
173 81
173 221
173 40
173 292
173 293
173 24
173 79
173 294
173 195
173 295
173 11
173 143
173 17
173 296
173 115
173 61
173 297
173 219
344 24
344 116
344 93
344 165
815 68
816 138
619 62
619 32
463 175
368 115
368 112
368 219
368 93
368 272
674 115
674 19
674 37
207 27
207 212
207 298
9 14
9 299
9 103
9 128
681 100
681 33
681 300
681 301
771 153
771 272
64 93
64 87
64 302
64 48
64 61
64 303
64 68
64 219
397 100
397 304
397 284
397 305
397 306
248 52
248 307
248 308
248 309
248 192
248 285
248 133
248 4
248 81
248 19
248 191
248 185
248 26
248 159
248 169
248 310
248 117
248 311
248 91
248 120
248 79
248 0
248 103
371 138
242 152
242 143
242 312
242 313
181 52
181 314
181 25
181 294
181 272
181 17
72 315
72 316
72 300
72 259
72 123
72 317
72 226
72 318
72 113
661 319
333 3
333 320
333 321
61 41
61 322
61 6
61 182
61 29
61 323
61 192
61 235
61 324
61 262
61 40
61 39
61 133
61 223
61 325
61 318
61 34
61 326
61 138
61 284
61 21
61 92
61 173
61 64
61 153
61 220
61 115
61 79
61 255
61 280
61 143
61 54
61 187
584 327
308 4
308 147
308 153
308 203
193 328
193 193
450 67
276 80
442 4
442 329
442 11
442 330
442 165
505 12
231 331
105 20
105 81
701 317
478 103
320 332
320 205
320 216
320 32
320 333
320 93
320 178
320 4
320 334
320 19
320 320
320 209
320 335
320 336
320 68
320 113
320 337
112 285
112 252
112 55
112 89
112 338
112 24
112 281
112 81
112 238
112 6
112 58
112 63
112 126
112 339
112 93
112 169
112 8
112 318
112 266
112 127
112 237
408 147
296 173
817 116
269 224
269 155
269 6
269 71
269 340
269 4
269 341
818 85
605 219
84 166
84 216
84 342
84 115
84 169
84 117
84 185
84 100
84 301
777 343
777 125
819 344
693 96
361 345
361 147
361 346
361 347
361 99
361 26
361 17
361 117
361 93
361 192
361 348
820 349
821 146
357 12
357 153
357 138
357 350
357 351
357 352
822 54
138 353
138 81
138 354
138 16
138 125
138 355
138 274
138 23
138 94
138 356
138 357
138 351
138 226
138 234
138 11
138 309
138 358
138 159
138 359
138 360
138 149
138 361
138 37
138 40
138 59
138 192
138 362
138 99
138 349
138 30
138 363
138 271
138 364
138 113
138 26
138 24
138 365
138 146
138 366
138 367
138 368
138 61
138 311
138 32
138 369
138 111
138 370
138 140
138 87
138 371
138 372
138 54
138 294
138 147
138 373
138 374
138 143
138 71
138 375
138 62
138 103
138 216
138 187
335 376
18 258
18 377
18 60
18 378
18 379
823 36
699 34
699 87
824 182
687 165
825 48
26 328
26 380
26 232
26 25
26 125
26 355
26 350
26 71
26 381
26 382
26 29
26 323
26 304
26 146
26 281
26 270
26 383
26 198
26 37
26 384
26 19
26 385
26 278
26 364
26 386
26 51
26 159
26 387
26 117
26 388
26 6
26 248
26 389
26 242
26 97
26 390
26 62
83 52
83 391
83 115
83 251
83 63
83 392
83 393
83 394
83 241
83 118
83 395
83 396
304 159
304 26
304 249
304 96
304 397
304 108
258 246
258 322
258 115
258 37
258 81
258 147
258 56
258 192
258 4
258 226
258 254
258 47
707 33
707 398
756 399
826 197
613 10
120 389
120 121
120 301
690 400
246 401
246 337
246 258
246 48
246 0
246 172
246 33
246 103
246 113
246 402
95 224
95 3
95 403
95 113
95 87
95 178
95 169
95 97
95 355
95 272
95 71
95 392
95 4
95 197
95 351
95 265
95 241
95 118
95 6
95 192
95 404
827 138
211 36
434 12
313 4
313 405
313 242
147 406
147 3
147 257
147 165
147 283
147 138
147 195
147 407
147 23
147 99
147 408
147 101
147 409
147 54
147 100
147 68
147 49
374 410
374 182
374 411
828 166
828 292
828 96
443 19
443 81
443 32
443 412
443 11
403 32
403 37
403 212
403 95
403 6
403 182
403 93
403 207
403 61
62 52
62 28
62 413
62 332
62 81
62 142
62 99
62 26
62 414
62 61
62 68
441 272
441 11
432 159
292 173
292 315
292 415
292 416
292 24
292 417
292 115
292 418
292 192
292 149
292 226
292 6
292 419
292 113
292 336
678 115
678 33
678 117
678 301
829 389
688 54
830 100
351 420
351 421
351 357
351 209
351 88
351 323
831 422
68 52
68 3
68 423
68 320
68 424
68 200
68 29
68 100
68 323
68 158
68 235
68 159
68 425
68 4
68 426
68 113
68 169
68 427
68 428
68 17
68 117
68 262
68 116
68 394
68 152
68 64
68 413
68 115
68 54
68 147
68 182
68 62
68 245
726 87
726 372
532 12
406 3
406 60
406 79
406 147
406 429
406 323
159 3
159 322
159 125
159 6
159 71
159 430
159 93
159 226
159 100
159 68
159 304
159 431
159 432
159 11
159 19
159 123
159 131
159 26
159 138
159 126
159 273
159 38
159 351
159 251
159 219
159 312
159 32
159 89
159 248
159 433
159 434
159 103
128 3
128 373
128 435
128 6
128 91
128 436
128 122
128 278
128 186
128 113
128 237
128 112
128 437
128 96
128 50
128 272
128 334
128 438
128 116
128 61
128 9
128 332
128 60
128 32
128 274
128 72
128 197
128 439
128 17
128 187
160 154
350 52
350 26
350 440
350 138
350 357
350 363
350 67
350 219
350 301
555 100
832 100
833 152
11 441
11 442
11 418
11 188
11 29
11 159
11 11
11 19
11 99
11 443
11 444
11 125
11 238
11 117
11 172
11 254
11 173
11 445
11 54
11 43
11 115
11 390
604 38
217 446
217 447
834 152
49 315
49 89
49 115
49 43
49 222
49 372
49 14
49 24
49 448
49 48
49 449
49 254
67 52
67 450
67 451
67 41
67 322
67 350
67 100
67 452
67 146
67 104
67 11
67 133
67 123
67 453
67 122
67 26
67 222
67 6
67 454
67 143
67 61
67 187
148 23
148 455
152 52
152 456
152 457
152 125
152 458
152 182
152 100
152 68
152 301
152 459
152 4
152 460
152 461
152 33
152 462
152 51
152 463
152 464
152 465
152 117
152 11
152 106
152 32
152 270
152 54
152 294
152 306
152 466
589 142
589 48
437 467
437 468
437 128
50 282
50 115
50 36
50 325
50 29
50 469
50 67
50 158
577 470
577 341
643 471
438 112
438 4
438 322
438 142
438 251
438 126
438 209
438 48
438 472
438 219
438 128
77 473
303 16
767 17
767 118
767 32
767 19
332 12
332 81
332 273
332 128
332 323
332 301
74 318
411 374
835 68
679 152
679 301
836 120
306 152
306 312
306 397
306 89
306 115
306 242
306 418
306 113
306 474
306 424
306 475
306 82
306 283
306 127
65 81
65 6
178 260
178 200
178 0
178 16
178 96
424 146
424 16
424 222
424 306
424 91
424 68
571 7
376 221
376 56
376 335
376 41
376 115
376 184
376 142
376 376
376 317
376 476
376 207
376 477
103 16
103 6
103 478
103 200
103 479
103 29
103 68
103 9
103 159
103 480
103 4
103 19
103 123
103 113
103 21
103 138
103 312
103 481
103 369
103 131
103 246
103 20
103 32
103 248
103 115
103 482
103 319
103 483
103 48
103 103
103 484
109 20
109 51
109 41
247 103
247 195
780 61
837 197
195 224
195 173
195 247
195 22
195 1
195 274
195 485
195 409
195 486
195 142
195 172
195 461
195 291
195 68
195 264
6 150
6 3
6 138
6 345
6 314
6 240
6 93
6 277
6 487
6 322
6 125
6 485
6 251
6 71
6 51
6 193
6 340
6 269
6 292
6 235
6 159
6 343
6 27
6 488
6 347
6 489
6 58
6 490
6 99
6 349
6 491
6 278
6 60
6 67
6 237
6 112
6 26
6 96
6 492
6 143
6 403
6 103
6 493
6 126
6 209
6 116
6 117
6 317
6 61
6 95
6 494
6 118
6 128
6 224
6 115
6 305
6 495
6 153
6 175
6 496
6 389
6 274
6 190
6 280
6 90
6 149
6 214
6 339
6 89
6 497
6 244
6 296
144 27
737 71
838 138
838 131
770 61
770 498
770 347
770 153
770 499
285 112
285 32
285 4
285 268
285 17
285 134
285 33
839 48
279 129
440 62
282 115
282 50
282 32
282 372
39 345
39 500
39 68
39 193
27 115
27 146
27 32
27 153
27 10
27 42
27 7
27 409
27 251
27 14
27 71
27 126
27 144
27 93
27 501
27 207
27 243
27 35
27 209
840 81
595 68
595 19
595 17
595 48
595 288
761 502
761 301
363 138
363 350
291 3
291 33
291 448
291 503
291 87
12 504
12 505
12 10
12 506
12 322
12 422
12 507
12 306
12 100
12 508
12 509
12 510
12 206
12 361
12 113
12 511
12 357
12 349
12 512
12 513
12 67
12 514
12 515
12 516
12 517
12 518
12 519
12 520
12 521
12 522
12 523
12 524
12 366
12 272
12 525
12 526
12 355
12 332
12 527
12 111
12 337
12 528
12 368
12 115
12 529
12 530
12 242
12 97
12 254
12 42
12 531
12 532
12 533
12 534
12 48
12 535
12 241
12 536
12 434
12 117
241 12
241 537
241 112
241 95
241 538
241 87
241 115
241 37
241 322
241 485
241 116
241 93
241 79
241 55
653 4
585 50
585 292
585 79
585 81
585 61
585 278
585 101
585 68
585 49
558 539
558 100
521 12
464 152
366 19
366 32
841 50
560 540
842 192
346 361
317 63
317 533
317 50
317 6
762 100
762 21
762 538
91 221
91 100
91 155
91 16
91 143
91 91
91 92
91 128
378 14
378 18
224 277
224 195
224 225
224 6
370 138
257 137
257 147
257 3
551 4
551 541
705 115
705 81
196 249
196 54
196 1
196 433
196 409
196 29
196 68
196 113
621 152
621 542
621 32
621 96
843 543
843 96
482 151
482 103
482 142
243 245
243 93
42 12
42 27
42 294
42 48
42 544
720 278
720 93
680 113
680 301
179 294
574 116
692 26
749 545
749 138
227 546
155 152
155 168
155 32
155 413
155 115
155 547
155 43
155 192
155 17
155 122
155 269
155 157
155 91
155 272
155 68
155 113
155 314
55 112
55 548
55 41
55 212
55 418
55 99
55 549
55 208
55 339
55 172
55 550
753 322
157 115
157 155
157 321
157 551
400 116
400 3
400 226
400 289
400 132
100 552
100 3
100 394
100 314
100 52
100 355
100 251
100 553
100 331
100 101
100 358
100 301
100 554
100 555
100 556
100 11
100 317
100 19
100 191
100 131
100 118
100 547
100 67
100 412
100 112
100 286
100 557
100 558
100 169
100 36
100 7
100 20
100 116
100 117
100 538
100 62
100 38
100 458
100 254
100 68
100 128
100 397
100 32
100 115
100 34
100 147
100 373
100 142
100 280
100 143
100 179
100 310
100 559
100 219
744 540
744 560
415 322
415 292
459 152
844 561
289 400
289 223
750 431
750 322
750 26
750 562
423 67
423 113
423 142
46 46
122 563
122 389
122 182
122 67
541 564
541 551
290 115
290 33
290 32
290 175
113 565
113 566
113 423
113 322
113 182
113 93
113 68
113 158
113 218
113 81
113 254
113 223
113 278
113 389
113 567
113 138
113 272
113 209
113 117
113 568
113 118
113 396
113 196
113 54
845 182
845 284
567 113
846 569
329 32
329 349
783 169
783 16
783 34
783 241
665 37
665 209
665 101
665 272
665 382
334 318
334 320
334 128
7 8
7 100
7 570
7 345
7 571
694 96
847 486
8 572
8 573
8 496
8 7
8 122
8 61
8 574
8 575
722 576
396 83
341 577
341 269
106 152
106 578
106 20
106 96
106 4
106 209
106 117
89 159
89 112
89 551
89 96
89 52
89 115
89 142
89 6
89 236
89 486
89 306
89 93
89 103
89 251
89 49
212 55
212 93
212 579
212 165
212 90
212 403
212 500
212 340
212 18
212 580
212 207
212 91
212 369
212 568
212 449
848 37
254 12
254 52
254 130
254 40
254 96
254 288
254 54
254 581
254 81
254 582
254 409
254 188
254 100
254 245
254 113
480 182
480 369
480 500
480 103
480 319
742 424
706 115
706 48
583 484
484 583
484 52
484 146
484 103
484 409
849 584
166 3
166 585
166 586
166 84
166 19
166 123
166 226
504 12
850 111
124 60
124 197
124 158
451 26
202 587
202 392
202 588
202 75
184 96
184 242
184 367
184 486
184 278
184 34
184 376
25 146
25 26
25 190
25 16
25 203
25 181
25 412
359 199
355 12
355 26
355 95
355 153
355 322
355 116
355 100
355 67
764 17
238 345
238 143
238 112
238 11
479 4
479 103
213 52
213 589
213 79
213 16
213 209
213 223
213 93
213 100
213 68
213 358
472 125
798 590
548 216
548 55
704 14
704 115
704 591
323 552
323 52
323 332
323 26
323 79
323 115
323 4
323 300
323 592
323 409
323 351
323 61
323 68
191 146
191 593
191 190
191 162
191 117
191 100
191 594
627 97
402 246
402 369
667 229
137 274
137 349
500 212
500 39
288 115
288 223
288 595
288 131
288 61
369 113
369 21
369 22
369 596
369 19
369 115
369 212
369 458
369 480
369 597
369 78
369 192
369 402
387 315
387 52
387 26
387 153
387 42
387 79
387 97
387 71
387 17
387 117
387 598
132 51
132 545
132 381
132 143
132 392
132 185
132 599
14 205
14 340
14 200
14 19
14 23
14 54
14 322
14 409
14 27
14 99
14 600
14 601
14 48
14 66
14 265
14 9
14 49
14 378
14 131
14 602
206 12
206 19
206 21
206 36
206 71
310 52
310 553
310 32
310 590
310 17
310 117
310 116
310 100
310 6
240 143
240 497
240 6
702 3
38 603
38 52
38 159
38 190
38 4
38 125
38 97
38 142
38 383
38 604
38 169
38 61
38 572
38 100
38 68
638 52
638 218
210 36
219 152
219 159
219 64
219 582
219 153
219 248
219 3
219 115
219 375
219 143
219 458
219 368
219 438
219 172
219 605
219 100
219 173
10 150
10 606
10 607
10 226
10 29
10 608
10 159
10 609
10 610
10 81
10 357
10 27
10 59
10 229
10 389
10 362
10 112
10 221
10 24
10 611
10 612
10 14
10 613
10 570
10 614
10 246
10 615
10 67
10 434
10 306
136 616
136 294
136 409
136 175
32 3
32 56
32 94
32 154
32 41
32 105
32 322
32 617
32 382
32 23
32 26
32 226
32 100
32 101
32 578
32 159
32 262
32 27
32 555
32 13
32 618
32 19
32 16
32 290
32 118
32 443
32 34
32 113
32 344
32 51
32 619
32 169
32 334
32 7
32 620
32 317
32 318
32 375
32 332
32 278
32 131
32 152
32 312
32 60
32 32
32 413
32 579
32 165
32 115
32 621
32 294
32 147
32 373
32 142
32 280
32 622
32 54
32 623
175 87
175 463
175 624
175 625
175 99
175 491
175 290
175 271
175 68
175 127
79 409
79 322
79 125
79 356
79 93
79 323
79 406
79 293
79 129
79 361
79 555
79 81
79 122
79 626
79 26
79 572
79 138
79 387
79 61
79 36
79 173
79 248
79 211
79 213
79 48
79 37
79 241
79 244
79 187
259 81
97 12
97 80
97 26
97 153
97 115
97 108
97 627
97 628
97 387
97 357
97 19
97 629
97 571
97 142
97 630
97 116
97 11
97 131
97 631
727 632
260 27
260 178
650 360
533 633
651 634
651 192
851 60
312 152
312 159
312 32
312 635
312 115
312 242
312 306
312 280
312 633
312 103
312 192
852 79
852 292
52 225
52 190
52 251
52 182
52 51
52 100
52 323
52 270
52 68
52 19
52 99
52 123
52 636
52 26
52 169
52 387
52 637
52 310
52 38
52 638
52 350
52 152
52 20
52 32
52 248
52 294
52 4
52 484
52 297
853 590
854 148
183 407
540 152
540 615
540 1
540 392
540 560
540 639
784 16
90 111
90 212
90 6
90 640
90 641
90 119
418 344
418 115
418 4
418 55
418 306
418 11
418 390
418 272
233 143
652 4
652 642
652 96
457 152
471 643
785 16
200 52
200 322
200 156
200 71
200 93
200 68
200 192
200 40
200 63
200 59
200 644
200 645
200 67
200 646
200 112
200 14
200 117
200 570
200 49
200 337
200 280
200 178
200 48
200 647
200 103
855 175
158 552
158 566
158 360
158 190
158 50
158 143
158 123
158 409
158 185
158 244
158 68
158 113
221 32
221 648
221 10
221 81
221 340
221 301
360 52
360 32
360 138
360 649
360 458
360 650
360 158
360 187
425 392
425 68
425 651
425 426
4 416
4 94
4 249
4 190
4 652
4 320
4 345
4 93
4 68
4 301
4 285
4 146
4 248
4 133
4 323
4 81
4 19
4 123
4 278
4 412
4 237
4 653
4 221
4 654
4 138
4 655
4 625
4 252
4 17
4 36
4 152
4 367
4 656
4 551
4 579
4 115
4 294
4 438
4 149
4 0
4 48
4 103
4 127
222 3
222 657
222 63
222 182
222 424
222 626
222 131
222 49
63 111
63 150
63 112
63 93
63 83
63 115
63 419
63 322
63 81
63 480
63 317
63 120
856 138
299 9
461 627
394 149
394 100
394 68
476 182
476 597
395 59
395 51
395 192
462 301
401 246
401 112
401 93
401 49
326 212
326 658
645 328
645 67
645 48
645 11
857 328
421 116
125 152
125 159
125 26
125 87
125 190
125 79
125 6
125 115
125 116
125 11
125 472
470 577
689 71
689 100
689 382
126 115
126 159
126 438
126 112
126 6
709 413
709 88
273 332
273 35
273 340
858 49
859 301
860 208
315 146
315 292
315 143
315 649
315 659
315 49
413 32
413 87
413 155
413 300
413 17
413 382
413 443
413 68
797 660
698 111
861 152
319 480
319 103
319 661
319 662
319 158
407 147
407 183
107 20
339 55
339 112
339 308
339 663
339 6
356 138
862 116
119 90
119 389
187 360
187 96
187 627
187 185
187 197
187 8
187 61
187 278
187 128
130 71
130 580
671 218
114 389
863 54
458 152
458 100
458 270
458 664
458 115
458 434
458 40
458 102
458 185
458 61
458 369
458 34
458 219
343 6
494 6
256 328
101 32
101 375
101 665
101 147
101 142
101 666
101 99
101 37
101 118
101 100
765 17
218 414
218 667
218 26
218 32
218 551
218 668
218 40
218 113
218 582
218 669
218 670
218 638
218 100
218 33
218 671
864 152
865 68
483 103
300 32
300 117
300 672
295 173
19 552
19 166
19 673
19 3
19 372
19 100
19 146
19 206
19 585
19 4
19 500
19 461
19 595
19 33
19 113
19 26
19 96
19 14
19 674
19 675
19 173
19 32
19 248
19 87
19 165
19 115
19 175
19 48
19 676
866 117
700 3
700 112
700 21
700 165
700 24
700 117
700 48
700 207
475 306
264 533
325 61
794 100
794 358
794 677
449 212
449 49
301 152
301 578
301 456
301 678
301 4
301 679
301 84
301 680
301 332
301 681
364 682
364 26
364 32
364 153
364 683
364 258
364 138
364 209
364 93
364 108
364 113
364 602
725 281
725 649
725 366
867 284
867 326
867 203
867 684
518 12
868 323
70 318
70 17
349 12
349 137
349 553
349 6
349 149
349 329
349 685
349 67
349 192
349 128
272 441
272 155
272 71
272 112
272 340
272 226
272 358
272 281
272 300
272 19
272 185
272 113
272 12
272 665
272 50
272 367
272 368
272 317
272 128
272 111
272 95
272 165
272 115
272 54
272 142
272 103
775 416
793 169
684 4
527 532
763 209
69 71
69 569
69 169
69 23
69 686
69 318
165 3
165 32
165 153
165 190
165 19
165 172
165 226
165 192
165 687
54 3
54 322
54 688
54 409
54 68
54 192
54 578
54 689
54 37
54 11
54 690
54 99
54 219
54 131
54 113
54 21
54 125
54 138
54 272
54 14
54 368
54 254
54 36
54 152
54 64
54 20
54 32
54 153
54 87
54 196
54 115
54 54
54 147
54 97
54 374
54 622
54 61
54 15
54 283
54 691
43 173
43 561
43 80
43 553
43 258
43 169
43 50
43 147
43 392
43 306
43 11
43 284
43 26
43 155
43 9
43 100
43 303
43 49
96 692
96 150
96 314
96 41
96 184
96 90
96 652
96 93
96 304
96 693
96 178
96 19
96 118
96 108
96 389
96 96
96 392
96 620
96 694
96 278
96 481
96 6
96 254
96 3
96 106
96 32
96 153
96 496
96 621
96 143
96 486
96 54
96 469
96 187
723 281
503 355
869 103
869 282
275 81
275 340
244 143
244 385
244 158
244 6
639 540
732 48
414 62
201 294
201 657
172 285
172 246
172 593
172 165
172 198
172 55
172 11
172 597
172 695
172 93
172 382
172 219
870 361
682 364
871 400
492 305
56 234
56 353
56 258
56 32
654 4
685 349
730 284
194 31
194 696
192 416
192 93
192 155
192 200
192 226
192 361
192 500
192 318
192 34
192 395
192 651
192 24
192 138
192 697
192 392
192 116
192 32
192 369
192 477
192 95
192 87
192 248
192 54
192 294
192 113
192 215
192 17
338 112
664 277
664 42
664 458
569 695
37 26
37 153
37 96
37 41
37 258
37 79
37 138
37 195
37 355
37 666
37 461
37 62
381 576
381 26
381 132
872 14
663 21
663 698
663 339
663 272
228 322
228 255
748 528
513 12
513 115
513 158
34 315
34 146
34 345
34 32
34 115
34 184
34 16
34 100
34 458
34 72
34 192
34 61
34 590
34 699
34 36
51 152
51 456
51 566
51 26
51 32
51 409
51 52
51 192
51 71
51 99
51 209
51 340
51 6
51 395
51 109
781 125
24 173
24 146
24 112
24 292
24 10
24 138
24 700
24 17
24 117
24 340
24 49
612 10
170 123
367 184
367 17
367 272
873 80
3 345
3 154
3 340
3 100
3 68
3 159
3 323
3 300
3 19
3 123
3 34
3 701
3 96
3 50
3 222
3 284
3 117
3 702
3 32
3 219
3 128
3 152
3 257
3 333
3 165
3 115
3 175
3 147
3 7
3 142
3 48
3 61
3 321
874 159
336 314
174 123
60 322
60 48
60 18
115 692
115 703
115 292
115 416
115 155
115 16
115 125
115 6
115 323
115 157
115 29
115 100
115 68
115 369
115 385
115 63
115 361
115 4
115 182
115 347
115 11
115 27
115 59
115 458
115 219
115 264
115 34
115 271
115 389
115 237
115 12
115 112
115 322
115 83
115 288
115 258
115 169
115 143
115 366
115 36
115 368
115 126
115 704
115 17
115 481
115 251
115 321
115 396
115 49
115 173
115 312
115 513
115 32
115 89
115 705
115 67
115 97
115 306
115 149
115 197
115 706
115 54
115 61
115 15
115 103
776 190
420 351
466 152
398 707
398 322
622 54
622 88
622 3
88 235
88 708
88 143
88 709
88 351
88 254
875 169
102 710
102 40
102 458
82 112
82 10
82 711
82 349
82 395
82 117
538 241
538 100
538 97
876 138
729 712
41 87
41 20
41 140
41 270
41 96
41 679
41 190
41 37
41 713
41 81
41 610
41 143
41 182
41 553
41 376
41 61
41 32
41 109
41 153
877 714
877 51
877 249
542 152
542 621
542 19
553 199
553 262
553 297
553 349
782 4
782 715
782 99
782 178
93 340
93 55
93 6
93 182
93 401
93 716
93 409
93 213
93 192
93 27
93 361
93 4
93 63
93 134
93 717
93 364
93 113
93 718
93 112
93 96
93 719
93 266
93 368
93 637
93 209
93 117
93 172
93 92
93 49
93 173
93 64
93 89
93 389
93 212
93 294
93 243
93 720
93 241
93 283
93 620
234 143
234 56
234 322
234 138
878 721
576 722
576 381
31 146
537 241
281 112
281 26
281 21
281 366
281 723
281 272
281 133
281 424
281 724
281 725
372 190
372 661
372 125
372 726
372 19
630 294
35 27
35 146
35 273
263 182
59 138
59 100
59 262
59 270
59 10
59 54
59 322
59 617
59 142
59 27
59 99
59 200
59 103
59 389
59 395
632 48
632 727
879 3
751 322
636 52
718 169
718 68
718 93
880 159
880 103
455 148
719 93
266 182
266 112
266 93
649 616
649 360
649 725
655 4
655 48
641 37
641 90
641 195
641 113
641 226
131 14
131 112
131 103
131 572
131 288
131 115
131 54
131 60
131 222
131 26
131 319
131 58
131 71
131 123
131 595
131 409
131 61
131 100
131 728
881 49
337 320
337 597
337 192
337 200
712 389
712 729
581 81
581 254
5 16
5 72
5 656
284 43
284 374
284 133
284 29
284 730
284 61
284 68
284 192
121 389
127 19
127 112
127 300
127 68
127 197
882 138
2 731
2 36
2 340
48 322
48 158
48 4
48 19
48 700
48 595
48 113
48 12
48 286
48 655
48 14
48 438
48 116
48 117
48 49
48 246
48 115
48 79
48 252
48 706
48 103
48 732
539 558
15 112
15 733
15 143
15 115
15 54
15 368
15 17
15 734
150 63
150 391
150 6
80 43
883 4
883 292
883 48
884 225
683 364
642 652
71 735
71 159
71 26
71 206
71 736
71 138
71 162
71 387
71 6
71 27
71 51
71 737
71 318
71 269
71 185
71 265
71 444
71 69
71 738
601 14
601 48
885 456
382 344
382 26
382 445
382 198
382 739
382 740
382 689
382 741
382 172
29 146
29 26
29 361
29 50
29 280
29 115
29 742
29 103
29 743
29 61
29 11
29 68
309 248
314 744
314 60
314 96
314 42
314 155
314 392
314 6
314 181
314 72
314 349
314 48
314 100
314 745
314 336
293 173
293 79
293 284
293 226
28 62
28 312
28 146
189 516
189 545
511 12
550 55
58 552
58 278
58 112
58 131
58 6
236 143
236 153
886 746
271 115
271 441
271 340
271 175
386 26
386 116
887 4
887 37
208 275
208 286
208 36
557 100
624 152
624 322
888 315
666 37
252 4
252 0
252 48
268 285
268 747
268 190
268 222
268 182
268 197
620 60
620 32
620 115
620 322
620 26
620 93
620 8
620 21
889 19
311 138
311 248
890 390
22 146
22 195
528 12
528 748
891 52
274 137
274 48
274 138
274 195
274 6
274 17
274 340
274 128
892 32
892 215
412 71
412 443
412 461
412 4
469 50
469 96
545 189
545 749
893 19
754 409
566 314
566 113
894 100
894 123
587 202
895 392
895 461
713 41
322 150
322 6
322 144
322 200
322 234
322 159
322 4
322 40
322 458
322 750
322 63
322 59
322 349
322 228
322 118
322 67
322 113
322 237
322 12
322 112
322 258
322 751
322 14
322 438
322 116
322 620
322 61
322 9
322 251
322 167
322 60
322 32
322 54
322 126
322 143
322 752
322 398
322 753
322 48
322 79
322 241
322 103
354 143
354 138
409 56
409 16
409 195
409 93
409 323
409 158
409 253
409 19
409 487
409 27
409 754
409 51
409 14
409 126
409 209
409 273
409 254
409 131
409 136
409 32
409 196
409 79
409 147
409 54
409 275
409 484
226 166
226 693
226 292
226 87
226 159
226 277
226 4
226 138
226 258
226 72
226 17
226 318
226 400
226 29
226 332
226 192
226 165
896 58
358 100
358 19
358 138
358 755
399 756
897 757
610 562
610 758
610 87
610 41
198 26
198 172
198 104
198 138
198 143
198 759
198 760
198 382
436 128
426 425
426 68
426 4
98 216
98 100
98 118
787 662
644 115
644 48
898 687
502 301
502 761
565 26
565 113
186 597
186 128
452 4
452 146
452 67
21 205
21 146
21 206
21 704
21 7
21 116
21 117
21 762
21 61
21 229
596 361
596 26
596 538
596 6
899 100
625 4
625 146
625 175
209 587
209 51
209 409
209 665
209 6
209 27
209 93
209 62
209 36
209 763
17 155
17 6
17 764
17 192
17 765
17 285
17 146
17 4
17 595
17 24
17 169
17 387
17 367
17 116
17 317
17 128
17 173
17 20
17 153
17 115
17 766
17 274
17 181
17 767
17 310
17 103
481 103
481 662
477 115
477 376
111 12
111 768
111 165
111 90
111 272
111 493
111 63
111 392
111 123
111 117
111 389
111 191
900 3
900 300
900 128
900 390
901 254
615 10
153 3
153 355
153 6
153 769
153 308
153 770
153 146
153 236
153 704
153 162
153 460
153 135
153 27
153 33
153 364
153 96
153 421
153 267
153 17
153 254
153 219
153 771
153 153
153 165
153 54
153 280
153 143
153 61
579 4
579 108
579 32
294 52
294 201
294 772
294 773
294 251
294 93
294 42
294 4
294 347
294 630
294 27
294 152
294 589
294 447
294 138
294 272
294 538
294 173
294 136
294 32
294 115
294 181
294 774
294 179
373 344
373 32
373 138
373 125
373 142
373 100
373 128
352 357
104 20
491 103
491 254
491 317
390 221
390 26
390 190
390 54
390 277
390 11
390 19
151 482
151 460
497 240
497 96
497 6
602 111
416 115
416 4
416 775
416 192
416 292
456 16
190 52
190 425
190 165
190 190
190 776
190 125
190 366
190 372
190 392
190 268
190 38
902 159
298 8
302 125
607 10
769 323
774 294
392 52
392 425
392 314
392 96
392 540
392 773
392 78
392 190
392 95
392 225
392 68
392 254
392 83
658 149
658 61
903 115
903 27
578 54
578 106
578 301
216 98
216 84
216 181
216 595
216 777
216 778
904 190
904 4
904 568
270 152
270 52
270 779
270 26
270 140
270 575
270 780
270 190
270 41
270 458
270 63
270 59
270 340
270 27
270 6
270 364
270 301
253 245
253 409
905 90
40 173
40 206
40 32
40 781
40 40
40 147
40 143
40 782
40 102
40 225
40 254
347 6
162 71
162 123
162 153
162 36
162 191
203 308
592 323
724 281
30 146
30 138
30 660
108 20
108 96
108 37
108 212
108 99
108 117
108 323
444 71
444 11
385 115
385 26
385 244
385 305
906 776
405 313
73 111
73 318
519 12
169 52
169 112
169 95
169 248
169 285
169 783
169 43
169 255
169 84
169 69
169 17
169 686
169 32
169 599
169 68
169 36
365 138
16 456
16 292
16 249
16 190
16 784
16 424
16 785
16 409
16 91
16 205
16 146
16 27
16 81
16 307
16 34
16 25
16 553
16 96
16 783
16 138
16 116
16 786
16 303
16 49
16 32
16 176
16 115
16 389
16 213
16 178
16 103
261 81
140 232
140 116
140 270
140 41
251 52
251 89
251 83
251 328
251 115
251 294
251 6
251 438
251 0
251 159
251 100
778 216
778 778
907 68
907 67
662 787
662 481
662 319
87 150
87 95
87 125
87 138
87 195
87 374
87 590
87 19
87 284
87 192
87 62
87 241
87 283
87 726
87 131
445 4
445 11
556 100
215 192
215 36
908 97
142 225
142 788
142 232
142 195
142 373
142 182
142 100
142 101
142 436
142 460
142 99
142 207
142 138
142 438
142 38
142 32
142 196
142 97
142 482
142 213
142 62
142 103
280 19
280 153
280 6
531 530
149 97
149 3
149 138
149 551
149 4
149 50
149 366
149 11
149 98
149 72
149 349
149 318
149 658
486 561
486 89
486 96
486 184
486 350
486 99
486 15
297 24
297 52
297 553
297 173
552 52
552 60
552 789
552 196
552 58
552 19
552 116
552 100
552 323
909 196
410 100
417 790
417 68
417 292
417 96
53 99
485 195
485 485
485 6
485 791
485 117
485 226
485 241
485 283
485 746
910 169
910 792
910 461
686 793
911 42
912 221
912 93
324 61
324 165
375 26
375 32
375 54
375 138
375 373
375 219
488 6
44 544
490 112
490 237
490 6
629 500
185 115
185 71
185 187
185 272
594 191
237 4
237 574
237 490
237 128
237 251
515 12
913 51
57 112
57 81
57 99
57 340
677 794
779 15
779 500
779 349
779 270
526 514
526 158
597 362
597 29
597 369
597 32
597 476
116 307
116 16
116 485
116 6
116 23
116 21
116 100
116 68
116 192
116 96
116 39
116 199
116 386
116 118
116 67
116 237
116 344
116 112
116 322
116 619
116 35
116 334
116 17
116 224
116 32
116 153
116 389
116 97
116 143
116 795
116 48
116 796
116 241
116 54
117 12
117 152
117 26
117 21
117 48
117 248
117 261
117 361
117 300
117 6
117 23
117 99
117 106
117 191
117 93
117 27
117 100
117 68
117 113
914 138
915 589
915 147
915 142
660 797
660 30
493 6
454 67
141 232
141 68
530 12
590 798
590 310
590 87
214 91
214 617
214 36
305 8
305 572
305 385
647 200
431 750
431 159
