0 0
761 1
37 2
37 3
37 1
37 4
37 5
37 6
37 7
37 8
37 9
37 10
37 11
37 12
477 13
477 14
477 15
375 16
375 17
375 18
375 19
375 20
375 21
704 22
551 23
285 24
285 25
31 26
31 27
31 28
31 29
31 30
31 31
31 32
31 33
31 34
31 35
31 36
4 37
159 38
159 39
159 40
159 41
159 42
159 43
159 44
159 45
159 46
159 47
304 48
304 8
304 6
304 36
781 49
396 50
60 13
60 2
60 22
60 51
60 52
60 53
60 54
60 55
60 56
249 54
249 57
249 49
249 58
832 59
185 60
185 61
185 62
456 59
100 63
100 64
100 65
100 66
100 67
100 68
100 69
100 70
100 71
100 72
100 73
100 31
100 59
100 74
100 75
100 76
100 77
100 78
100 79
100 80
100 81
100 82
100 83
100 84
100 85
100 86
100 87
100 88
100 89
100 29
100 90
100 91
100 92
100 56
220 93
75 94
75 64
75 28
75 95
75 31
75 96
75 97
75 33
75 35
75 98
75 99
75 100
75 101
75 8
75 59
75 102
75 103
75 104
75 13
75 88
75 105
75 20
75 106
575 35
663 107
273 108
391 109
391 54
391 110
189 111
833 112
782 113
782 114
547 115
547 112
212 116
212 29
212 75
212 117
212 118
834 83
834 119
668 95
668 120
555 23
439 83
439 121
439 122
104 64
104 123
104 124
104 125
104 19
104 95
104 126
104 32
104 127
104 10
104 128
104 75
104 129
104 130
104 101
104 8
104 131
104 69
104 132
104 83
104 54
104 133
104 13
104 26
104 134
104 135
104 50
785 136
785 114
331 137
331 138
423 139
423 92
423 140
135 141
135 104
135 142
135 143
135 117
135 144
135 145
135 54
135 146
135 147
292 148
548 115
548 149
514 150
514 151
835 152
156 153
156 88
156 24
156 154
156 79
156 155
156 119
156 146
156 32
156 156
156 157
836 104
806 133
436 114
436 45
579 35
38 158
38 159
38 160
38 161
182 72
182 162
182 114
182 163
182 164
182 165
182 166
182 167
182 64
182 146
182 32
182 168
182 68
182 169
182 170
182 171
182 172
182 8
182 173
182 11
261 13
261 174
261 88
261 60
261 175
261 163
261 176
39 95
39 177
393 178
393 179
683 129
683 180
68 26
68 36
68 181
68 182
68 183
68 89
772 184
61 185
837 150
755 186
755 187
755 6
755 120
755 188
111 189
111 26
111 190
794 97
838 54
766 87
766 191
766 24
766 192
766 134
766 193
766 194
766 8
766 195
766 196
401 83
128 54
128 57
128 35
128 104
128 187
741 197
549 115
549 54
90 100
180 198
506 199
689 13
689 200
689 201
446 59
446 202
446 22
446 146
839 96
840 203
321 204
321 59
722 205
588 95
588 150
293 206
293 29
118 207
118 208
118 49
118 209
118 95
118 126
118 59
118 210
118 211
118 54
118 172
118 92
118 212
118 24
301 213
233 214
233 24
233 215
233 154
233 95
233 20
233 216
233 217
233 170
233 36
841 218
798 219
791 6
93 220
93 69
93 65
93 203
93 125
93 221
93 222
93 32
93 223
93 224
93 160
93 123
334 225
334 138
334 78
276 26
276 24
276 108
276 226
276 227
276 133
745 224
369 69
369 228
369 134
369 123
369 140
369 32
369 229
369 26
190 230
190 111
190 231
190 129
190 6
190 56
190 232
215 233
171 182
581 27
581 234
113 235
113 78
113 108
113 28
113 113
113 236
113 237
113 238
113 162
113 82
113 239
113 224
113 240
113 9
623 146
842 75
842 241
715 70
106 119
158 242
158 38
158 150
158 108
158 79
158 146
158 32
158 68
158 243
158 50
158 6
158 35
158 147
158 244
158 21
265 24
265 130
644 182
644 114
644 245
644 97
644 41
644 246
644 247
57 248
57 249
57 64
57 162
57 49
57 125
57 250
57 95
57 251
57 252
57 253
57 163
57 254
57 255
57 17
57 54
57 256
57 257
57 258
57 259
843 76
844 260
845 261
108 17
108 64
108 262
108 125
108 113
108 263
108 264
108 148
108 162
108 265
108 71
108 258
108 266
108 267
108 268
108 269
108 74
108 28
108 270
108 271
108 8
108 131
108 272
108 69
108 273
108 80
108 274
108 275
108 83
108 54
108 276
108 277
108 26
108 278
108 134
108 29
108 123
108 20
108 158
108 121
108 279
108 115
108 280
108 281
108 282
108 283
360 22
360 26
846 108
847 284
257 57
257 69
257 102
323 204
382 69
382 123
25 285
700 286
540 287
540 288
455 289
455 290
455 29
455 291
455 292
455 293
455 59
455 294
455 168
455 295
455 296
455 297
455 298
455 299
848 300
775 184
213 141
213 13
213 32
213 99
213 245
213 1
213 95
213 146
213 301
213 182
213 107
213 97
213 54
213 92
213 202
348 64
348 302
348 238
348 303
348 83
348 8
348 45
661 300
716 70
48 304
635 207
440 87
440 36
440 125
440 243
440 45
440 305
272 306
272 26
272 88
272 307
272 108
272 308
272 156
431 309
431 310
76 100
76 300
76 177
76 18
76 311
40 88
40 24
40 1
40 105
40 59
40 159
40 23
849 13
792 1
792 87
822 203
822 290
132 312
132 104
132 39
132 302
132 79
132 59
340 313
693 13
502 99
502 126
252 2
252 314
252 24
252 17
252 1
252 126
252 224
252 315
252 72
252 316
252 110
252 118
252 202
252 317
252 318
252 319
252 26
252 228
252 36
252 106
252 145
252 57
252 320
252 282
259 57
259 199
259 59
646 195
96 75
96 121
96 295
96 258
181 68
181 163
204 87
204 321
204 64
204 88
204 60
204 45
204 51
204 322
204 59
204 323
204 324
204 233
204 57
204 22
204 325
204 56
387 137
194 326
194 35
194 18
513 13
513 299
513 151
513 29
513 327
513 328
513 297
513 30
850 76
145 207
145 1
145 22
145 329
145 163
145 238
145 252
138 330
138 331
138 95
138 332
138 199
138 238
138 243
138 288
138 333
138 138
138 334
138 6
138 131
147 191
147 114
147 229
147 316
147 335
147 336
147 158
147 337
147 91
147 71
657 338
657 310
313 1
313 144
313 339
313 340
64 309
64 341
64 107
64 24
64 108
64 1
64 204
64 95
64 79
64 199
64 163
64 182
64 342
64 54
64 35
64 258
64 27
64 343
64 344
64 114
64 151
64 345
64 346
64 347
64 59
64 348
64 75
64 129
64 349
64 53
64 350
64 8
64 87
64 69
64 92
64 351
64 352
64 216
64 353
64 354
64 57
64 13
64 318
64 26
64 104
64 22
64 355
64 123
64 105
64 356
64 357
64 20
64 152
64 121
64 358
64 359
851 133
26 309
26 64
26 24
26 360
26 31
26 361
26 362
26 32
26 69
26 210
26 363
26 35
26 10
26 364
26 70
26 365
26 366
26 146
26 97
26 78
26 102
26 184
26 367
26 93
26 54
26 133
26 276
26 368
26 13
26 369
26 104
26 134
26 22
26 123
26 357
26 20
26 169
26 370
26 115
361 13
361 26
361 112
361 71
361 125
361 59
361 32
361 6
361 371
852 2
648 197
648 31
648 75
648 54
648 372
648 373
729 64
41 17
41 95
41 374
41 375
41 165
41 1
41 187
41 79
41 163
41 184
41 158
41 159
41 121
41 82
41 91
41 23
41 202
41 195
420 35
420 123
420 32
420 6
420 363
420 202
853 376
853 361
611 24
854 377
855 378
760 379
760 262
302 87
302 60
302 99
302 380
302 125
302 1
302 22
302 188
302 311
302 381
302 68
302 382
302 83
302 383
302 35
279 17
279 114
279 124
279 108
279 28
279 167
279 107
73 36
73 263
73 100
73 384
73 199
73 385
365 181
365 386
137 248
137 114
137 36
137 316
137 134
137 80
137 300
137 331
137 387
137 81
137 68
137 388
137 172
137 8
137 244
137 389
795 6
461 59
496 221
496 20
110 13
110 22
110 390
110 391
110 69
110 167
110 169
110 50
110 54
110 202
110 252
179 392
179 393
179 363
179 91
179 57
179 8
179 179
417 26
417 123
326 32
326 83
326 194
378 13
378 394
378 195
378 59
567 67
507 13
507 199
507 88
507 395
507 148
444 384
209 300
209 118
50 36
50 146
50 158
50 223
50 169
50 54
50 110
50 396
442 397
856 35
83 398
83 17
83 399
83 400
83 88
83 401
83 139
83 100
83 104
83 312
83 148
83 163
83 270
83 326
83 402
83 115
83 35
83 70
83 372
810 316
84 100
443 403
443 404
247 103
566 67
566 35
566 405
566 114
566 406
235 113
235 71
235 290
235 407
399 83
399 408
399 409
399 410
399 74
165 174
165 182
165 411
165 140
165 99
165 412
165 41
123 64
123 162
123 24
123 108
123 95
123 148
123 78
123 413
123 337
123 414
123 133
123 114
123 150
123 151
123 139
123 300
123 415
123 59
123 416
123 55
123 131
123 417
123 312
123 69
123 286
123 154
123 137
123 80
123 239
123 418
123 275
123 145
123 54
123 93
123 88
123 248
123 318
123 369
123 26
123 104
123 49
123 29
123 204
123 146
123 419
123 223
123 382
123 35
123 420
105 421
105 64
105 69
105 374
105 163
105 40
105 361
105 357
105 75
105 288
105 422
356 150
356 59
281 162
281 108
139 423
139 123
139 424
139 67
139 52
139 83
139 160
223 17
223 425
223 107
223 232
223 300
223 426
223 223
223 146
223 32
223 332
223 69
223 50
223 7
223 54
223 93
223 427
223 98
282 252
282 108
91 17
91 200
91 64
91 428
91 109
91 429
91 163
91 145
671 1
671 22
671 226
671 184
671 152
671 6
671 56
671 430
778 184
359 2
359 431
359 231
359 126
359 432
359 433
359 85
758 13
857 54
857 57
857 36
857 59
570 434
858 35
724 69
724 216
724 435
724 121
229 369
229 162
229 160
229 408
229 335
229 146
229 167
229 26
229 54
229 147
229 320
771 34
569 83
569 35
433 54
433 8
433 359
433 148
450 46
450 59
859 188
45 436
45 437
45 102
45 278
45 29
45 438
45 439
45 146
45 67
45 348
45 211
45 22
45 54
45 35
45 440
860 71
774 162
774 26
774 336
774 114
774 6
774 92
589 441
397 442
269 297
269 35
269 108
269 130
269 148
346 78
403 78
403 102
403 22
403 123
403 114
403 24
403 443
403 231
861 444
59 0
59 17
59 64
59 123
59 24
59 445
59 446
59 28
59 447
59 448
59 95
59 361
59 193
59 32
59 449
59 450
59 451
59 34
59 136
59 71
59 452
59 453
59 236
59 267
59 75
59 150
59 454
59 455
59 345
59 45
59 300
59 426
59 456
59 100
59 74
59 144
59 457
59 458
59 8
59 131
59 459
59 460
59 378
59 69
59 461
59 38
59 462
59 40
59 463
59 118
59 464
59 81
59 238
59 465
59 466
59 132
59 410
59 23
59 2
59 59
59 394
59 6
59 467
59 259
59 468
59 13
59 469
59 120
59 470
59 471
59 204
59 356
59 140
59 472
59 216
59 473
59 474
59 115
59 402
59 138
59 122
59 56
59 11
59 475
787 476
862 263
862 477
520 57
520 437
520 438
520 478
520 8
686 80
686 373
225 334
491 431
491 290
491 1
491 22
491 479
491 146
491 480
491 275
491 481
491 482
491 54
491 483
670 80
670 484
670 59
287 29
15 74
469 59
227 205
227 8
227 276
82 107
82 113
82 140
82 222
82 485
82 162
82 486
82 41
82 383
82 136
82 34
82 487
82 426
82 100
82 74
82 208
82 54
82 488
82 489
82 278
82 146
82 490
82 97
82 92
82 147
275 491
275 108
448 59
353 74
353 54
353 64
353 80
353 146
394 378
394 59
863 492
85 493
85 100
120 205
120 2
120 114
120 102
120 494
120 22
120 95
120 126
120 59
120 200
120 91
120 54
120 57
120 56
120 195
120 24
864 411
254 380
254 57
632 71
597 202
597 495
221 318
221 93
221 415
221 496
221 497
522 8
522 167
489 1
489 82
489 151
653 88
483 491
483 211
483 125
11 115
11 54
11 182
11 37
11 59
231 190
231 78
231 403
231 359
162 498
162 182
162 108
162 109
162 69
162 123
162 133
162 146
162 114
162 82
162 54
162 57
162 202
162 499
162 281
295 114
295 455
865 80
865 148
109 233
109 391
109 162
690 13
690 35
690 121
788 489
126 248
126 60
126 500
126 120
126 161
126 94
126 1
126 300
126 95
126 185
126 501
126 502
126 498
126 503
126 409
126 210
126 54
126 118
126 252
126 504
126 176
199 17
199 64
199 262
199 124
199 125
199 28
199 505
199 32
199 163
199 35
199 71
199 73
199 59
199 8
199 506
199 207
199 507
199 238
199 82
199 83
199 353
199 133
199 508
199 405
199 145
609 509
609 57
609 117
328 510
328 236
328 511
542 288
660 422
866 511
867 80
867 37
867 465
151 317
151 64
151 99
151 88
151 125
151 512
151 123
151 489
151 513
151 514
151 483
626 69
626 185
626 291
626 100
626 32
626 350
626 162
626 233
626 258
665 125
803 133
868 71
868 36
504 1
869 515
709 516
709 172
709 300
709 290
604 517
604 36
604 197
604 95
604 518
604 519
604 389
647 195
647 184
8 309
8 17
8 64
8 37
8 108
8 2
8 1
8 520
8 521
8 140
8 148
8 97
8 433
8 224
8 35
8 98
8 99
8 182
8 59
8 498
8 348
8 179
8 191
8 69
8 154
8 308
8 23
8 133
8 13
8 104
8 86
8 226
8 123
8 522
8 357
8 146
8 523
8 178
8 211
8 524
8 233
8 525
8 355
557 17
557 445
557 95
557 167
557 526
557 54
557 35
244 137
244 158
244 202
244 243
244 101
681 143
191 207
191 13
191 114
191 120
191 527
191 497
191 155
191 129
191 54
191 147
705 22
870 528
710 32
710 56
558 28
532 350
532 146
678 92
678 114
678 187
821 290
367 345
367 17
367 26
367 478
796 13
796 35
299 405
299 35
299 513
488 82
871 243
318 221
318 104
318 316
318 28
318 497
318 529
318 479
318 414
318 530
318 531
318 115
318 202
318 71
318 252
350 13
350 532
350 125
377 210
278 2
278 64
278 108
278 28
278 95
278 521
278 32
278 70
278 45
278 35
278 533
278 336
278 1
278 131
278 534
278 535
278 81
278 337
278 93
278 36
278 211
278 57
274 2
274 108
274 536
274 114
274 537
274 125
274 28
274 69
274 71
274 130
274 538
872 72
872 361
872 118
203 75
216 17
216 64
216 26
216 232
216 134
216 539
216 439
216 140
216 146
216 74
216 83
216 465
216 32
216 233
216 57
216 27
288 540
288 541
288 350
288 542
288 113
288 80
288 543
288 105
288 32
288 168
288 224
288 156
288 54
288 57
288 138
873 544
797 545
115 242
115 546
115 26
115 375
115 108
115 547
115 213
115 184
115 548
115 549
115 332
115 382
115 524
115 83
115 59
23 550
23 262
23 24
23 551
23 140
23 148
23 163
23 78
23 384
23 552
23 41
23 383
23 553
23 114
23 533
23 554
23 403
23 59
23 144
23 297
23 8
23 427
23 378
23 69
23 286
23 434
23 40
23 6
23 160
23 555
23 88
23 36
23 30
23 511
23 145
280 398
280 238
320 32
320 114
320 252
874 148
823 290
875 56
208 556
208 357
208 118
445 95
445 557
445 59
28 69
28 24
28 134
28 29
28 558
28 31
28 146
28 559
28 97
28 54
28 129
28 560
28 10
458 59
702 176
140 561
140 18
140 423
140 562
140 521
140 563
140 82
140 8
140 136
140 71
140 406
148 134
148 269
148 123
148 292
148 362
148 564
148 565
148 54
148 8
148 70
148 133
67 398
67 566
67 567
67 521
67 142
67 45
376 13
376 114
376 568
503 126
503 325
503 76
769 8
769 78
769 148
413 123
629 64
383 26
383 375
383 465
383 82
383 23
383 389
383 9
383 86
35 60
35 569
35 24
35 570
35 2
35 520
35 79
35 32
35 163
35 33
35 45
35 128
35 74
35 114
35 571
35 572
35 573
35 299
35 574
35 75
35 243
35 575
35 101
35 8
35 576
35 248
35 130
35 69
35 102
35 31
35 167
35 577
35 337
35 133
35 84
35 47
35 13
35 26
35 36
35 278
35 134
35 242
35 238
35 357
35 158
35 211
35 29
35 578
35 56
35 579
452 59
364 69
364 26
364 192
634 71
634 231
634 88
634 347
634 401
687 373
168 182
168 455
168 112
168 580
168 146
168 288
234 581
65 582
65 100
65 336
65 583
65 93
65 489
65 427
119 106
119 156
119 169
119 79
173 167
173 584
173 182
173 6
173 300
327 585
876 69
876 125
877 586
404 587
404 83
404 107
131 87
131 346
131 69
131 263
131 573
131 59
131 145
131 138
131 406
131 123
141 32
141 26
141 24
141 125
141 135
141 588
141 213
141 10
141 74
141 6
141 582
748 59
560 28
560 69
560 6
560 146
500 126
441 589
441 45
441 362
437 520
437 8
437 45
437 102
437 192
541 1
541 13
541 95
541 288
541 479
167 590
167 591
167 69
167 374
167 112
167 165
167 279
167 497
167 300
167 522
167 264
167 173
167 88
167 229
167 592
167 54
167 593
167 92
167 35
167 71
167 110
303 337
303 50
303 27
303 348
618 24
202 64
202 162
202 24
202 316
202 28
202 497
202 95
202 32
202 594
202 224
202 595
202 41
202 420
202 267
202 114
202 415
202 213
202 336
202 596
202 297
202 244
202 495
202 99
202 6
202 91
202 133
202 252
202 318
202 597
202 110
202 288
202 82
202 92
160 425
160 598
160 161
160 139
160 599
160 38
160 600
160 601
160 229
160 583
160 240
160 93
160 222
160 602
407 235
47 498
47 159
47 35
697 38
697 372
697 603
36 125
36 1
36 31
36 148
36 163
36 97
36 35
36 372
36 114
36 573
36 414
36 80
36 69
36 245
36 154
36 137
36 604
36 6
36 59
36 605
36 252
36 430
36 13
36 68
36 211
36 50
36 233
36 23
36 57
679 114
679 56
163 182
163 261
163 606
163 32
163 162
163 224
163 41
163 383
163 70
163 35
163 411
163 404
163 78
163 80
163 176
163 91
163 83
163 29
163 13
163 36
163 22
163 30
163 156
163 23
177 243
177 521
739 161
807 607
94 75
94 126
731 535
24 0
24 17
24 64
24 123
24 108
24 125
24 28
24 263
24 285
24 608
24 424
24 199
24 32
24 609
24 210
24 54
24 20
24 71
24 133
24 610
24 611
24 267
24 35
24 203
24 612
24 403
24 59
24 74
24 1
24 129
24 8
24 613
24 614
24 40
24 483
24 615
24 207
24 248
24 78
24 102
24 616
24 154
24 202
24 118
24 617
24 257
24 156
24 350
24 265
24 618
24 362
24 39
24 467
24 141
24 26
24 104
24 49
24 169
24 22
24 619
24 146
24 95
24 121
24 513
24 211
24 233
24 92
24 56
24 359
421 105
438 520
438 114
438 45
521 177
521 270
521 278
521 584
521 140
521 67
521 97
521 6
521 433
521 8
521 136
193 486
193 59
362 620
362 148
362 101
362 308
362 83
362 240
362 59
32 182
32 124
32 24
32 125
32 95
32 163
32 97
32 35
32 406
32 420
32 397
32 300
32 621
32 622
32 59
32 131
32 137
32 114
32 6
32 198
32 93
32 202
32 369
32 26
32 374
32 134
32 427
32 158
32 91
485 82
206 29
146 182
146 24
146 28
146 69
146 213
146 229
146 560
146 353
146 70
146 3
146 584
146 479
146 168
146 491
146 495
146 35
146 6
146 176
146 623
146 83
146 54
146 133
146 202
146 86
146 26
146 36
146 157
146 123
146 216
146 162
146 211
146 50
146 156
146 82
146 147
779 279
779 9
258 87
258 13
258 624
258 108
258 1
258 263
258 521
258 96
258 74
258 144
258 133
258 625
258 626
258 57
453 59
267 202
267 24
267 59
344 64
99 70
99 161
99 302
99 213
99 502
99 129
99 6
99 363
99 54
99 8
99 625
99 582
150 316
150 123
150 588
150 356
150 100
150 336
150 158
150 514
150 146
150 101
150 92
150 59
150 71
150 198
150 211
878 593
878 627
345 309
345 437
345 78
345 300
345 64
345 180
345 367
345 35
71 27
71 108
71 125
71 95
71 79
71 361
71 199
71 163
71 628
71 486
71 224
71 100
71 24
71 150
71 59
71 336
71 629
71 312
71 630
71 102
71 187
71 118
71 81
71 6
71 54
71 9
71 631
71 235
71 86
71 632
71 226
71 274
71 121
71 571
71 147
71 633
166 182
347 634
347 36
347 161
347 164
347 411
347 74
347 169
144 190
144 108
144 135
144 532
144 59
144 88
144 258
207 207
207 191
207 24
207 125
207 22
207 184
207 617
207 118
207 80
207 635
207 636
207 199
207 467
312 1
312 97
312 132
312 184
312 123
633 71
633 59
154 17
154 637
154 14
154 2
154 197
154 30
154 233
154 162
154 629
154 156
154 145
879 97
879 69
880 345
464 83
464 582
81 102
81 278
81 137
81 20
81 59
81 100
81 71
881 13
390 54
390 479
52 60
793 638
793 6
793 409
793 639
449 540
449 312
449 59
54 60
54 135
54 640
54 24
54 108
54 380
54 28
54 95
54 79
54 148
54 97
54 210
54 54
54 70
54 372
54 10
54 249
54 99
54 533
54 300
54 411
54 213
54 13
54 491
54 641
54 549
54 8
54 110
54 191
54 69
54 35
54 167
54 390
54 162
54 353
54 133
54 92
54 45
54 120
54 141
54 26
54 104
54 89
54 642
54 363
54 29
54 355
54 123
54 643
54 146
54 223
54 169
54 178
54 422
54 50
54 172
54 57
54 56
54 11
246 644
246 645
195 646
195 378
195 120
195 41
195 270
195 178
195 647
195 145
88 64
88 162
88 290
88 95
88 7
88 328
88 648
88 34
88 35
88 649
88 192
88 166
88 75
88 59
88 144
88 8
88 613
88 272
88 69
88 507
88 102
88 650
88 98
88 156
88 251
88 6
88 83
88 54
88 467
88 651
88 351
88 13
88 161
88 112
88 408
88 123
88 204
88 652
88 330
88 653
88 178
88 115
88 23
88 654
86 248
86 2
86 64
86 162
86 655
86 232
86 125
86 100
86 32
86 26
86 50
86 41
86 656
86 383
86 146
86 71
86 8
310 431
310 465
310 211
310 303
310 202
310 657
799 13
799 80
799 71
882 563
211 535
211 24
211 215
211 278
211 134
211 310
211 8
211 658
211 465
211 211
211 659
211 92
211 35
211 45
211 358
211 483
211 36
422 233
422 660
422 163
422 35
422 105
577 35
654 17
654 69
300 661
300 625
300 290
300 209
300 345
300 562
300 126
300 59
300 32
300 137
300 167
300 54
300 613
300 389
743 121
743 24
688 13
63 45
311 302
311 76
311 35
107 662
107 64
107 663
107 279
107 213
107 223
107 68
107 625
107 82
107 404
107 136
124 104
124 279
124 584
124 20
124 32
124 433
883 163
884 146
125 64
125 31
125 32
125 97
125 54
125 572
125 35
125 664
125 665
125 243
125 483
125 207
125 118
125 337
125 36
125 666
125 350
125 104
125 120
125 667
125 29
125 274
125 57
515 64
497 205
497 318
497 114
497 191
497 221
497 279
497 95
497 651
497 658
497 167
497 202
95 123
95 445
95 39
95 28
95 497
95 126
95 32
95 41
95 79
95 75
95 80
95 557
95 191
95 102
95 604
95 588
95 200
95 6
95 202
95 57
95 668
95 13
95 541
95 254
95 374
95 164
95 226
95 278
95 357
95 121
95 233
95 138
95 56
250 56
711 669
480 495
480 513
412 165
451 59
484 69
484 670
484 278
266 108
695 97
553 561
553 465
553 548
762 79
746 224
291 101
291 226
291 622
669 262
669 217
349 161
516 184
243 248
243 17
243 18
243 125
243 244
243 88
243 671
243 138
813 83
813 672
813 178
582 141
582 69
582 177
582 65
582 464
582 99
582 6
582 101
380 54
380 57
380 114
620 345
620 114
620 362
114 436
114 309
114 64
114 182
114 200
114 497
114 438
114 79
114 32
114 673
114 78
114 674
114 35
114 45
114 60
114 675
114 613
114 403
114 518
114 270
114 596
114 676
114 568
114 13
114 69
114 137
114 677
114 678
114 172
114 54
114 202
114 219
114 120
114 566
114 26
114 36
114 537
114 679
114 123
114 292
114 330
114 162
114 644
114 23
114 92
815 148
562 69
562 19
562 22
562 300
562 407
562 140
562 83
562 172
562 389
543 233
543 288
543 125
767 78
767 537
885 35
338 657
652 318
652 680
652 88
652 483
652 681
593 134
593 167
593 79
801 80
129 69
129 190
129 24
129 682
129 28
129 123
129 79
129 683
129 560
129 99
129 101
129 104
129 684
129 35
129 602
651 497
651 685
651 88
373 686
373 687
373 648
468 59
13 688
13 60
13 477
13 689
13 19
13 690
13 95
13 361
13 163
13 54
13 261
13 70
13 409
13 35
13 125
13 213
13 59
13 691
13 75
13 692
13 8
13 110
13 378
13 184
13 376
13 693
13 88
13 541
13 104
13 2
13 355
13 357
13 121
13 513
13 694
13 122
352 57
228 309
228 134
228 369
228 72
89 54
89 68
89 37
89 100
530 35
494 120
886 341
20 398
20 695
20 64
20 26
20 124
20 375
20 108
20 100
20 81
20 75
20 243
20 644
20 496
20 24
152 671
241 69
405 1
333 138
333 465
333 484
333 361
333 59
625 107
625 17
625 560
625 104
625 300
625 31
625 258
625 32
625 10
625 99
625 6
625 571
625 133
625 40
625 92
498 162
498 22
498 126
498 8
498 409
498 47
339 176
27 581
27 31
27 406
819 120
719 586
424 139
424 24
236 59
236 148
236 164
887 114
712 56
718 70
624 696
372 697
372 36
372 125
372 648
372 83
372 54
170 30
170 182
170 535
98 223
98 8
98 75
98 102
3 37
3 641
3 146
664 312
664 45
664 131
664 125
888 278
622 32
622 104
622 291
889 78
270 114
270 137
270 80
270 521
270 83
270 195
42 159
53 60
53 64
53 410
101 129
101 244
101 582
101 35
101 104
101 698
101 316
101 533
101 415
101 335
101 291
101 362
101 336
101 69
101 224
101 699
101 150
101 92
101 202
101 105
717 70
568 376
568 114
568 120
55 205
55 2
55 1
55 60
759 29
759 133
495 597
495 202
495 146
495 480
495 164
286 88
286 123
286 465
286 386
286 325
286 700
176 13
176 339
176 701
176 1
176 22
176 702
176 126
176 146
176 162
677 114
677 56
890 360
790 1
790 64
790 502
7 245
7 703
7 355
7 165
7 56
7 11
891 383
891 37
892 211
667 359
667 125
22 704
22 705
22 491
22 24
22 360
22 1
22 562
22 26
22 403
22 64
22 199
22 498
22 302
22 163
22 121
22 176
22 224
22 122
22 345
22 110
22 36
330 138
330 114
330 261
720 706
720 74
720 431
523 376
893 114
169 182
169 588
169 24
894 707
533 32
533 23
533 64
533 708
533 54
172 17
172 69
172 182
172 24
172 137
172 562
172 118
172 114
172 709
172 195
122 13
122 402
122 163
122 439
122 59
56 59
56 60
56 613
56 267
56 710
56 250
56 95
56 677
56 431
56 711
56 200
56 712
56 204
56 713
56 54
56 671
56 35
56 679
56 133
309 77
309 26
573 35
573 36
573 363
550 23
550 93
550 35
550 30
51 714
51 29
895 562
673 114
696 300
696 624
696 15
674 114
896 622
70 13
70 26
70 108
70 278
70 28
70 715
70 74
70 163
70 716
70 717
70 718
70 33
70 83
70 54
70 676
70 100
70 99
70 146
70 148
897 83
409 13
409 399
409 69
409 126
409 339
409 121
409 115
409 8
454 59
698 101
675 78
675 114
675 537
898 35
586 719
414 318
414 36
74 64
74 24
74 125
74 479
74 67
74 163
74 656
74 35
74 258
74 102
74 148
74 70
74 411
74 347
74 59
74 53
74 297
74 80
74 15
74 82
74 133
74 202
74 13
74 26
74 120
74 112
74 226
74 181
74 720
74 216
74 288
499 81
499 162
499 33
899 13
205 191
205 120
205 537
205 721
205 497
205 722
205 55
205 723
214 233
214 24
69 17
69 64
69 162
69 124
69 108
69 724
69 257
69 163
69 97
69 238
69 35
69 626
69 409
69 102
69 364
69 114
69 59
69 725
69 28
69 75
69 129
69 110
69 101
69 8
69 382
69 427
69 69
69 131
69 562
69 582
69 121
69 167
69 176
69 54
69 93
69 88
69 49
69 13
69 369
69 26
69 104
69 120
69 274
69 134
69 123
69 726
69 727
69 146
69 223
69 241
69 728
69 172
69 560
69 654
102 60
102 95
102 729
102 35
102 45
102 98
102 345
102 166
102 403
102 75
102 180
102 200
102 69
102 80
102 184
102 238
102 730
102 93
102 437
102 26
102 88
102 120
102 164
102 197
102 255
102 172
535 2
535 731
535 26
535 376
535 278
535 269
535 355
535 154
535 732
535 532
535 31
535 347
535 168
535 733
535 211
535 734
535 41
535 735
535 736
535 170
535 98
343 64
900 57
429 91
429 55
563 737
563 140
901 566
901 224
902 45
800 80
800 8
800 26
800 6
800 661
374 661
374 167
374 95
903 125
370 26
370 465
904 29
905 22
161 738
161 0
161 99
161 1
161 29
161 126
161 347
161 739
161 740
642 115
642 54
197 102
197 154
197 604
197 648
197 741
197 92
30 99
30 154
30 31
30 432
30 513
30 176
30 422
30 101
30 23
30 742
30 170
175 29
175 465
157 35
121 13
121 439
121 24
121 108
121 724
121 690
121 95
121 64
121 36
121 91
121 743
121 71
121 409
121 196
728 69
384 73
384 384
906 35
12 37
12 213
12 187
263 73
263 744
263 108
263 24
222 93
222 82
222 160
907 29
907 54
224 745
224 746
224 8
224 28
224 22
224 239
224 511
224 113
224 184
224 288
224 101
224 93
224 202
224 71
224 252
33 35
33 75
33 747
33 33
33 70
33 499
406 566
406 27
406 140
406 32
406 163
406 131
908 748
908 749
908 750
908 61
908 57
908 751
908 752
398 67
398 83
398 280
398 753
909 405
371 361
576 35
490 82
910 571
297 318
297 455
297 29
297 754
297 386
297 409
251 1
251 57
251 88
103 397
103 690
103 356
103 628
103 525
103 22
103 115
103 247
200 200
200 91
200 689
200 120
200 56
536 274
818 17
527 191
462 59
187 312
187 69
187 495
187 80
187 26
187 621
187 755
187 71
187 128
187 12
757 756
335 101
701 176
531 318
531 62
756 757
430 671
666 614
911 13
319 32
319 336
319 87
183 162
112 88
112 1
112 361
112 357
112 74
112 168
112 6
112 275
112 56
29 758
29 125
29 1
29 79
29 64
29 67
29 163
29 210
29 206
29 35
29 128
29 455
29 203
29 28
29 297
29 759
29 293
29 54
29 133
29 13
29 287
29 642
29 175
29 123
29 188
29 513
29 92
29 736
511 23
511 224
511 357
379 760
580 168
580 433
912 391
426 223
913 79
606 163
606 146
79 761
79 114
79 762
79 1
79 613
79 119
79 727
79 100
79 156
79 99
79 54
79 41
79 129
79 35
79 71
828 763
601 160
153 156
342 64
486 82
363 248
363 573
363 26
363 614
363 239
363 32
363 179
363 54
363 8
363 359
914 26
610 24
306 662
306 272
306 80
915 178
232 32
232 223
232 216
916 297
614 764
614 24
614 363
479 318
479 541
479 390
479 22
479 146
479 336
479 552
479 694
479 337
479 133
479 765
479 67
479 751
479 74
336 572
336 278
336 147
336 479
336 658
336 35
336 71
336 10
641 54
641 3
77 309
77 100
196 766
917 64
917 26
78 675
78 288
78 26
78 376
78 231
78 2
78 192
78 345
78 113
78 346
78 767
78 100
78 768
78 114
78 769
78 211
78 115
78 23
78 334
78 219
78 596
18 312
18 375
18 76
18 140
18 194
18 243
245 79
245 45
245 36
245 213
824 366
770 770
770 411
184 162
184 645
184 771
184 772
184 773
184 224
184 595
184 146
184 774
184 72
184 775
184 549
184 516
184 207
184 312
184 102
184 678
184 647
184 776
184 13
184 26
184 164
184 197
184 22
184 123
184 777
184 29
184 115
184 671
184 778
332 223
332 138
9 37
9 113
9 779
9 584
9 158
9 383
9 71
565 308
337 125
337 123
337 479
337 303
337 35
337 147
742 30
742 97
742 780
389 17
389 383
389 300
317 151
780 108
49 249
49 69
49 24
49 125
49 123
49 118
49 74
49 781
49 782
49 133
49 57
435 724
529 318
355 13
355 64
355 26
355 535
355 355
355 573
355 6
355 297
355 7
355 54
355 8
355 359
142 67
142 625
142 142
789 188
592 167
534 278
16 375
16 316
517 604
10 376
10 54
10 26
10 28
918 359
552 96
552 479
155 191
155 37
155 497
155 522
155 244
155 32
155 560
155 243
155 279
155 156
155 129
155 147
155 10
66 100
425 223
425 160
658 336
658 497
658 211
658 1
919 22
210 54
210 26
210 24
210 29
809 316
386 17
386 286
386 1
386 79
386 188
386 727
386 97
386 783
386 365
386 297
587 404
217 233
476 13
136 107
136 102
136 784
136 134
136 521
136 140
136 32
136 82
136 785
584 6
584 521
584 9
584 124
584 173
58 185
920 786
253 787
816 92
596 202
596 114
596 596
596 78
277 54
277 6
277 108
277 195
921 64
921 26
921 525
921 108
826 229
826 177
752 178
539 216
538 80
538 274
415 101
415 82
143 135
143 681
351 64
351 290
465 286
465 80
465 175
465 79
465 148
465 513
465 290
465 359
466 36
493 85
605 37
605 36
630 6
630 71
248 248
248 2
248 319
248 114
248 88
248 24
248 8
248 137
248 788
248 123
248 126
248 92
248 243
248 358
248 35
248 57
922 123
923 69
188 302
188 755
188 789
188 386
636 207
381 302
472 59
924 653
481 364
481 57
481 88
925 202
925 118
358 738
358 248
358 64
358 24
358 51
358 211
765 479
736 29
525 1
525 8
117 609
117 80
117 145
2 248
2 13
2 437
2 37
2 80
2 103
2 114
2 178
2 243
2 57
2 35
2 8
2 359
1 498
1 64
1 24
1 126
1 32
1 386
1 409
1 79
1 479
1 8
1 55
1 312
1 491
1 80
1 40
1 437
1 790
1 251
1 176
1 791
1 541
1 161
1 112
1 22
1 792
1 405
1 145
1 671
1 313
505 199
556 208
264 167
264 68
639 793
21 375
97 498
97 38
97 125
97 113
97 31
97 32
97 386
97 742
97 695
97 794
97 13
97 213
97 74
97 28
97 75
97 8
97 661
97 312
97 69
97 521
97 238
97 82
97 54
97 133
97 467
97 17
97 67
97 26
97 36
97 134
97 355
97 644
97 6
564 2
564 29
564 148
564 795
564 308
564 409
545 796
545 797
656 248
926 356
602 129
602 160
130 104
130 269
130 274
130 265
130 35
130 88
574 133
574 35
72 182
72 281
72 100
487 82
571 35
571 625
192 137
192 145
192 437
192 78
192 88
703 7
703 29
219 87
219 69
219 78
219 114
219 798
621 32
621 187
621 530
691 13
927 80
928 54
583 160
583 65
676 70
676 114
613 34
613 300
613 24
427 32
427 223
427 69
427 65
827 118
242 79
434 570
80 13
80 309
80 14
80 102
80 353
80 100
80 250
80 123
80 670
80 799
80 118
80 74
80 163
80 270
80 288
80 800
80 801
80 91
80 117
804 133
804 802
198 32
198 559
198 150
198 213
198 59
329 80
418 123
410 2
410 53
410 59
133 24
133 32
133 97
133 35
133 10
133 74
133 173
133 114
133 803
133 479
133 258
133 574
133 8
133 374
133 804
133 465
133 805
133 172
133 54
133 93
133 202
133 13
133 26
133 104
133 49
133 806
133 123
133 146
133 240
133 807
133 56
316 16
316 318
316 150
316 137
316 426
316 32
316 158
316 808
316 809
316 101
316 810
316 202
316 147
316 252
682 35
537 114
537 675
537 103
537 274
537 767
537 184
537 163
537 262
537 357
684 129
408 229
408 399
408 162
408 88
408 357
226 95
226 291
226 811
226 6
226 54
226 671
226 71
164 550
164 495
164 286
164 102
164 95
164 347
164 236
164 182
164 35
357 17
357 95
357 26
357 812
357 112
357 408
357 521
357 241
357 126
357 64
357 511
357 464
357 208
357 35
929 497
178 17
178 162
178 88
178 2
178 164
178 813
178 54
178 8
178 45
178 814
659 815
659 211
240 113
240 162
92 17
92 118
92 202
92 150
92 24
92 197
92 20
92 678
92 100
92 816
92 247
92 54
92 101
92 299
92 676
92 35
92 817
92 625
92 467
930 274
738 358
738 161
17 375
17 108
17 148
17 818
17 97
17 24
17 279
17 59
17 402
17 101
17 819
17 154
17 91
17 83
17 57
17 727
17 223
17 216
17 178
17 367
17 145
17 92
17 625
17 654
17 389
931 820
262 479
262 108
290 491
290 88
290 455
290 300
290 59
290 821
290 822
290 6
290 709
290 101
290 351
290 823
19 104
19 375
932 197
645 184
510 328
526 557
526 195
773 184
478 367
478 29
395 78
395 507
395 193
572 336
572 35
572 125
784 32
784 136
411 165
411 163
201 513
201 689
366 824
366 26
825 617
174 629
470 59
699 101
650 88
239 318
239 34
239 123
239 224
428 91
768 78
238 17
238 69
238 124
238 102
238 204
238 59
238 348
238 404
238 303
238 825
238 145
238 138
238 199
238 280
14 57
14 162
6 17
6 37
6 290
6 108
6 1
6 521
6 79
6 361
6 32
6 163
6 97
6 420
6 71
6 774
6 173
6 99
6 182
6 45
6 584
6 59
6 168
6 144
6 8
6 826
6 827
6 378
6 560
6 102
6 80
6 582
6 793
6 791
6 202
6 276
6 277
6 120
6 141
6 190
6 36
6 112
6 134
6 226
6 181
6 146
6 158
6 178
6 533
6 138
6 625
6 157
475 59
402 83
402 79
763 828
933 67
764 614
817 13
817 92
817 617
87 64
87 59
87 204
87 319
87 258
546 115
400 83
400 26
812 357
934 627
934 359
134 369
134 26
134 104
134 102
134 108
134 137
134 391
134 32
134 69
134 35
512 465
643 54
643 829
643 347
643 830
727 17
727 69
727 24
727 79
727 169
727 386
727 54
831 831
935 137
935 658
298 455
694 13
694 479
694 752
637 56
