560 0
438 1
438 2
800 3
34 4
34 5
591 6
620 7
620 8
620 9
620 10
801 11
13 12
13 13
13 14
13 15
13 16
149 17
149 18
149 19
149 20
149 21
149 22
149 23
149 24
149 25
149 26
283 27
735 28
735 29
681 30
802 31
314 32
733 33
733 29
75 34
75 18
75 35
75 4
75 36
75 37
75 38
75 39
75 40
75 5
75 41
75 42
75 43
75 44
75 45
75 46
75 47
75 48
75 49
75 50
75 51
75 22
75 52
75 25
75 53
75 54
75 55
75 56
75 57
75 58
75 59
75 30
75 60
75 61
75 62
75 63
75 64
75 65
75 66
75 67
658 68
78 69
78 1
78 70
78 71
78 72
78 73
78 35
78 74
78 75
78 76
78 77
78 78
78 79
78 80
78 81
78 82
78 10
78 47
78 83
414 84
377 85
377 86
377 87
377 88
157 89
157 90
157 91
157 53
157 92
44 56
44 93
44 94
44 95
44 96
44 62
44 97
44 98
44 90
44 75
44 99
44 100
44 101
44 47
44 102
44 16
457 103
457 72
457 104
457 105
457 106
650 107
650 108
155 72
155 109
321 110
321 30
321 63
321 111
321 50
321 112
321 113
505 25
121 114
121 7
121 115
121 81
121 116
121 10
121 117
121 118
121 119
121 120
803 84
51 56
51 75
51 121
51 72
51 98
51 122
51 123
51 124
51 125
51 126
51 127
51 128
51 129
543 50
543 130
543 131
690 132
136 133
804 134
133 135
133 96
133 136
133 137
310 10
310 61
310 138
326 139
522 140
225 141
225 57
225 142
225 143
225 139
225 144
225 145
225 68
250 93
250 75
250 146
250 88
250 147
250 10
250 22
23 148
23 4
23 149
598 150
549 151
109 152
109 153
109 95
109 72
109 98
109 90
109 154
109 155
109 156
422 12
422 84
89 61
89 91
89 157
89 113
89 88
89 158
89 156
703 159
238 4
238 160
238 67
238 42
238 161
238 150
238 148
238 162
238 5
573 163
208 164
208 96
208 112
208 165
208 139
18 163
18 102
18 54
18 166
18 167
18 5
18 168
18 169
18 170
18 149
18 171
18 172
18 173
18 174
18 175
18 176
18 67
18 19
18 75
161 177
161 178
161 179
161 180
334 72
334 128
334 133
334 22
748 181
589 119
692 61
692 14
774 182
660 68
367 1
367 95
367 183
367 184
336 128
336 185
336 96
336 106
805 186
288 187
590 170
590 188
590 189
590 190
590 191
590 192
590 119
590 193
352 194
431 174
431 195
431 21
431 163
431 116
806 196
609 96
403 197
807 30
659 198
659 68
808 118
49 199
49 61
49 75
49 200
749 80
514 201
576 202
562 20
530 203
530 204
308 10
308 205
512 201
186 186
15 13
15 206
327 207
809 44
99 44
99 26
470 118
442 72
442 180
164 208
362 209
810 210
342 128
342 211
508 25
312 10
312 212
312 185
345 59
345 213
237 214
237 215
237 216
237 217
237 218
237 128
237 39
237 219
237 165
237 220
237 21
237 125
237 221
237 222
237 102
237 172
237 148
237 53
237 223
237 195
237 224
237 225
237 112
237 64
237 67
237 19
364 226
364 227
364 95
364 5
364 228
541 72
541 41
541 229
541 104
614 60
614 159
474 230
811 231
316 232
316 233
316 234
67 72
67 110
67 235
67 18
67 127
67 236
67 124
67 237
67 4
67 234
67 219
67 238
358 58
358 239
240 240
240 7
240 122
240 241
240 177
240 81
240 201
240 242
240 86
240 137
240 52
240 172
240 243
240 88
240 118
240 244
240 245
240 30
812 246
696 210
696 64
734 80
734 247
734 248
813 66
491 125
86 240
86 75
86 224
86 220
86 72
86 249
86 170
86 76
86 250
86 106
86 251
86 252
86 147
86 96
86 223
86 219
86 148
86 253
207 56
207 75
207 95
207 163
207 29
207 148
207 254
207 39
207 255
745 256
814 86
815 26
815 257
450 26
450 30
757 20
42 141
42 143
42 258
42 30
42 72
42 41
42 61
42 249
42 22
42 77
42 259
42 162
42 128
42 260
42 25
42 238
682 30
645 261
645 4
220 234
220 20
220 64
220 237
220 86
220 262
220 263
220 264
816 39
816 138
494 265
494 266
394 41
394 22
162 7
162 267
162 180
162 72
162 268
162 42
162 11
162 125
162 269
162 162
162 233
162 45
523 72
523 270
523 22
416 271
416 84
416 272
416 22
817 273
817 110
423 124
818 252
115 95
115 196
39 230
39 7
39 93
39 140
39 207
39 128
39 219
39 75
39 122
39 269
39 3
39 274
39 156
39 275
39 187
39 150
39 271
39 276
39 233
39 175
39 16
39 77
39 277
39 58
39 278
39 237
39 279
39 280
39 138
496 208
496 281
27 84
27 4
27 282
27 113
27 283
27 191
27 47
27 11
819 41
347 187
53 284
53 75
53 224
53 30
53 285
53 286
53 287
53 237
53 276
53 288
53 289
53 157
53 87
53 191
53 128
53 290
53 124
53 148
53 10
820 40
371 163
371 291
371 30
371 292
371 22
371 106
371 124
479 4
277 150
277 291
277 39
277 58
277 22
62 293
62 294
62 295
62 296
62 297
62 44
62 298
62 10
62 262
62 219
62 299
62 300
527 79
527 40
527 301
278 24
278 302
278 143
278 303
821 282
298 202
298 73
298 42
298 304
298 305
298 10
10 7
10 1
10 295
10 135
10 236
10 170
10 113
10 38
10 219
10 17
10 306
10 307
10 121
10 308
10 150
10 309
10 96
10 310
10 62
10 72
10 311
10 30
10 312
10 313
10 298
32 179
32 314
232 315
232 224
232 316
232 317
511 27
511 201
511 22
160 238
715 250
822 10
822 95
574 72
574 318
574 163
574 319
113 75
113 4
113 14
113 210
113 320
113 321
113 22
113 322
113 323
113 88
113 324
113 271
113 10
113 89
113 118
113 40
113 55
113 325
101 44
139 93
139 75
139 208
139 257
139 326
139 225
139 64
139 22
139 229
139 327
139 118
243 270
243 240
243 328
243 329
579 295
579 35
579 22
579 72
579 330
579 210
579 87
579 48
424 41
424 20
424 124
424 88
424 331
424 40
823 72
128 295
128 332
128 201
128 91
128 76
128 333
128 334
128 87
128 39
128 335
128 152
128 185
128 237
128 282
128 41
128 42
128 336
128 106
128 221
128 337
128 81
128 158
128 47
128 338
128 339
128 143
128 340
128 236
128 51
128 22
128 150
128 74
128 53
128 96
128 72
128 60
128 341
128 170
128 182
128 342
128 343
128 279
128 311
128 344
128 118
128 67
213 221
213 211
213 233
213 345
795 158
329 243
329 346
329 42
329 95
329 200
824 10
824 219
282 95
282 61
282 272
282 27
282 347
282 128
282 10
628 212
216 237
216 105
390 191
390 172
390 276
290 348
290 139
290 349
290 350
290 40
290 152
290 351
290 352
290 102
290 353
290 354
290 61
290 22
290 80
290 53
290 54
290 108
290 320
290 72
290 355
290 356
290 357
290 358
290 359
290 118
290 360
290 194
631 97
631 8
825 219
740 102
740 54
826 127
353 361
209 232
209 362
95 363
95 96
95 59
95 211
95 364
95 201
95 365
95 125
95 44
95 148
95 229
95 207
95 366
95 175
95 367
95 368
95 10
529 70
529 125
529 111
529 157
529 270
529 369
601 370
292 174
415 84
415 41
415 371
539 88
827 4
585 368
585 97
585 372
585 269
585 259
585 169
738 373
83 72
83 108
83 374
83 375
83 106
83 376
83 169
83 39
611 72
611 71
611 377
611 158
828 72
828 378
739 177
57 241
57 75
57 4
57 225
57 201
57 42
57 231
57 379
57 380
57 45
57 381
829 26
19 18
19 237
19 149
112 93
112 163
112 208
112 201
112 76
112 382
112 40
112 84
112 383
112 359
112 384
112 106
112 44
112 46
112 47
112 321
112 48
112 50
112 11
112 385
112 386
112 291
112 96
112 58
112 320
112 72
112 30
112 170
112 182
112 387
112 237
276 354
276 388
276 311
276 389
276 390
276 77
276 125
276 39
252 114
252 12
252 391
252 141
252 240
252 22
252 125
252 252
252 159
830 245
798 392
41 393
41 7
41 75
41 143
41 96
41 211
41 394
41 268
41 38
41 125
41 395
41 128
41 191
41 39
41 219
24 278
24 396
24 21
24 275
24 180
260 7
260 373
260 205
260 86
260 397
260 398
260 399
260 5
114 400
114 4
114 121
114 320
114 72
114 35
114 252
114 89
114 102
114 40
257 295
257 401
257 139
257 119
197 402
197 403
626 354
578 250
435 295
435 255
435 121
435 22
831 258
304 96
304 72
304 64
304 22
304 106
304 298
304 169
304 119
412 84
391 252
651 404
325 113
325 405
325 406
832 407
832 219
832 88
630 97
753 313
219 408
219 146
219 86
219 66
219 87
219 39
219 219
219 41
219 44
219 3
219 409
219 4
219 79
219 150
219 88
219 14
219 410
219 411
219 30
219 67
219 29
219 127
219 10
219 247
534 229
84 7
84 211
84 140
84 236
84 412
84 169
84 413
84 414
84 125
84 256
84 415
84 416
84 143
84 417
84 418
84 22
84 27
84 276
84 148
84 410
84 205
84 112
84 419
84 420
84 421
84 422
84 344
84 228
215 237
215 380
215 102
215 378
215 363
124 134
124 163
124 423
124 98
124 140
124 86
124 424
124 219
124 40
124 185
124 425
124 426
124 427
124 4
124 279
124 428
124 308
124 172
124 148
124 80
124 229
124 53
124 371
124 96
124 320
124 429
124 64
124 275
124 85
124 67
833 4
467 150
467 118
708 93
708 8
174 430
174 18
174 140
174 292
174 275
174 431
174 53
174 194
174 16
594 4
594 159
594 432
255 201
255 433
255 30
255 72
255 98
255 249
255 254
255 434
255 435
255 375
255 436
255 221
255 4
255 437
255 207
255 10
255 46
255 244
135 10
135 133
135 245
135 22
156 89
156 39
156 96
156 109
156 40
563 438
563 257
563 41
563 249
563 439
563 440
563 441
563 87
563 82
563 442
563 194
402 331
402 443
402 143
402 88
402 170
834 196
444 444
444 185
444 68
50 72
50 445
50 75
540 229
443 102
443 446
443 298
835 40
597 48
410 10
410 319
836 25
836 447
26 448
26 93
26 122
26 159
26 20
26 282
26 449
26 201
26 123
26 22
26 450
26 451
26 303
26 72
26 452
26 39
26 274
26 99
26 108
605 117
797 10
797 425
675 42
477 163
477 317
477 453
477 170
341 270
341 128
341 454
509 455
509 456
509 257
105 26
105 93
105 121
105 354
105 196
105 295
105 127
105 216
105 123
105 457
105 11
105 322
105 88
105 191
105 458
105 118
105 459
105 263
64 408
64 460
64 75
64 153
64 96
64 233
64 70
64 62
64 72
64 61
64 170
64 252
64 124
64 304
64 220
64 461
64 210
64 158
64 348
64 40
456 54
711 72
711 445
118 240
118 93
118 462
118 132
118 257
118 201
118 113
118 139
118 128
118 121
118 463
118 464
118 178
118 465
118 44
118 43
118 466
118 467
118 397
118 45
118 274
118 48
118 468
118 73
118 150
118 80
118 229
118 179
118 117
118 223
118 469
118 470
118 58
118 180
118 205
118 72
118 182
118 233
118 194
118 471
360 290
360 163
230 7
230 472
230 473
230 474
230 39
230 54
130 475
130 476
130 122
130 138
130 404
689 132
453 234
453 477
453 22
582 12
582 77
582 75
582 122
582 394
582 311
582 478
582 165
582 479
582 274
582 245
91 363
91 143
91 177
91 295
91 61
91 480
91 172
91 210
91 147
91 128
91 40
171 197
171 18
171 439
171 122
171 229
289 53
672 22
254 309
254 207
254 255
254 28
254 157
37 451
37 102
37 180
37 22
837 186
483 93
483 143
483 319
483 233
483 481
483 41
483 20
483 22
483 196
483 465
483 482
483 87
483 483
483 484
152 235
152 72
152 485
152 170
152 40
152 290
152 109
152 165
383 112
317 232
317 195
317 211
317 486
317 150
317 38
317 223
317 477
430 174
297 62
21 195
21 224
21 149
21 237
21 24
21 431
21 228
765 487
43 75
43 205
43 261
43 488
43 191
43 118
125 84
125 489
125 490
125 491
125 295
125 252
125 72
125 276
125 29
125 279
125 25
632 95
47 195
47 96
47 97
47 75
47 22
47 44
47 147
47 45
47 319
265 354
265 492
265 493
265 42
265 494
265 495
339 128
339 316
339 102
838 482
724 241
724 496
724 121
724 395
724 179
724 61
724 122
724 286
724 345
724 497
724 243
724 87
724 498
839 482
176 18
687 499
206 177
206 210
206 15
781 500
385 26
385 44
385 112
305 501
305 298
233 118
233 213
233 270
233 109
233 159
233 316
233 39
840 26
840 502
25 258
25 295
25 35
25 236
25 503
25 75
25 127
25 42
25 149
25 125
25 504
25 227
25 505
25 79
25 506
25 22
25 303
25 235
25 507
25 70
25 508
25 170
25 376
25 154
841 36
668 22
195 317
195 58
195 125
195 21
195 237
195 431
195 47
195 118
195 5
842 328
843 61
235 152
235 67
235 81
235 76
59 72
59 95
59 298
844 315
732 12
845 202
654 106
670 22
571 247
194 110
194 340
194 30
194 174
194 352
194 118
194 307
258 509
258 25
258 42
460 97
306 295
306 28
627 72
627 212
361 97
201 510
201 7
201 511
201 462
201 14
201 196
201 295
201 63
201 240
201 304
201 95
201 87
201 128
201 40
201 255
201 512
201 97
201 34
201 270
201 439
201 162
201 320
201 513
201 307
201 30
201 400
201 4
201 121
201 514
201 115
201 73
201 51
201 445
201 22
201 77
201 322
201 179
201 515
201 26
201 58
201 57
201 20
201 96
201 492
201 180
201 62
201 72
201 67
201 478
201 112
201 516
201 182
201 517
201 328
201 518
201 118
201 247
846 39
566 421
382 72
616 170
616 126
575 163
575 58
575 486
448 519
448 26
448 22
448 143
448 231
847 164
847 520
200 379
200 49
200 29
397 118
612 97
612 521
612 522
782 234
751 80
307 523
307 1
307 480
307 180
307 62
307 201
307 524
307 451
307 128
307 10
307 525
307 219
81 462
81 121
81 180
81 320
81 72
81 526
81 527
81 342
81 528
81 229
81 147
81 128
81 399
638 221
638 5
141 56
141 249
141 42
141 252
111 56
111 529
111 79
111 20
111 54
111 229
111 147
111 38
111 321
848 205
849 73
436 255
436 462
436 96
436 359
624 12
624 236
172 240
172 185
172 413
172 166
172 18
172 237
172 29
172 124
172 306
172 224
172 390
172 28
204 530
204 30
229 531
229 93
229 208
229 532
229 234
229 140
229 171
229 139
229 182
229 533
229 245
229 534
229 75
229 535
229 536
229 41
229 185
229 425
229 124
229 220
229 162
229 81
229 323
229 102
229 111
229 95
229 537
229 538
229 539
229 375
229 475
229 540
229 541
229 542
229 96
229 543
229 224
229 72
229 544
229 137
229 405
229 148
229 275
229 545
229 546
229 118
229 194
229 547
229 548
151 72
151 549
74 128
74 121
74 550
175 18
175 94
175 95
223 462
223 281
223 108
223 180
223 30
223 72
223 61
223 86
223 137
223 221
223 244
223 317
223 224
223 118
223 274
223 551
167 18
54 230
54 75
54 359
54 18
54 111
54 302
54 170
54 552
54 290
54 269
54 456
54 72
54 553
850 510
564 320
564 455
564 497
564 421
564 219
564 165
386 112
656 93
656 58
656 158
656 22
851 98
205 554
205 555
205 87
205 215
637 97
637 556
61 557
61 558
61 196
61 310
61 559
61 72
61 205
61 42
61 27
61 150
61 11
61 285
61 210
61 88
61 165
852 560
123 26
123 170
29 59
29 187
29 102
29 561
29 509
29 200
29 52
29 172
29 207
29 74
29 39
29 219
426 562
426 45
426 281
426 64
426 124
663 219
199 309
199 4
199 49
441 563
421 93
421 564
421 30
421 388
421 50
421 565
421 566
421 567
421 191
421 392
46 75
46 112
46 568
46 569
46 337
46 255
717 72
717 147
458 191
458 105
247 361
247 570
247 188
247 466
247 158
247 571
635 97
134 127
134 124
163 360
163 572
163 573
163 295
163 234
163 173
163 122
163 574
163 365
163 106
163 88
163 207
163 60
163 191
163 575
163 477
163 431
478 201
478 212
202 354
202 88
202 70
202 576
853 295
98 196
98 35
98 577
98 4
98 147
98 43
98 122
98 124
98 270
98 125
98 44
98 269
98 45
98 525
98 528
98 51
98 186
98 233
98 578
98 16
98 96
98 30
98 72
98 421
98 109
35 114
35 7
35 75
35 180
35 98
35 170
35 579
35 25
854 282
854 272
502 394
640 580
640 30
793 88
737 203
737 581
165 152
165 208
165 58
165 70
165 582
165 11
165 237
165 221
165 564
165 25
855 233
439 1
439 295
439 201
439 171
439 583
439 86
439 40
439 380
439 122
439 390
439 102
439 563
439 4
439 79
439 584
439 585
439 330
439 15
439 28
439 16
439 103
439 72
439 586
439 364
439 587
439 10
719 126
776 182
750 80
536 150
536 8
536 4
536 22
119 103
119 7
119 75
119 121
119 115
119 205
119 72
119 267
119 76
119 304
119 588
119 589
119 10
119 40
119 590
6 591
384 592
384 20
384 22
856 593
432 594
652 10
652 421
652 595
652 71
633 97
633 168
48 596
48 584
48 392
48 579
48 597
48 191
400 114
400 201
400 559
857 596
318 259
318 494
318 574
279 39
279 125
279 322
279 143
279 503
684 191
684 252
684 30
537 229
301 527
150 61
150 598
150 317
150 4
150 185
150 47
150 536
150 238
150 143
150 122
150 124
150 599
150 467
150 277
150 147
150 128
150 600
150 39
150 219
150 245
150 10
271 416
271 22
271 113
271 88
271 39
271 40
461 64
461 601
380 93
380 602
380 215
380 72
380 22
380 10
380 39
380 274
380 40
380 129
858 170
858 196
725 147
379 230
379 57
379 319
379 170
379 486
379 419
379 13
379 10
117 121
117 603
117 102
117 266
117 106
117 451
117 210
117 158
117 41
117 604
117 96
117 118
117 26
117 605
859 154
16 58
16 340
16 596
16 61
16 606
16 39
309 4
309 160
309 509
309 269
309 3
309 10
309 226
52 240
52 75
52 295
52 29
52 172
52 28
860 171
96 93
96 208
96 196
96 295
96 112
96 201
96 304
96 86
96 87
96 169
96 336
96 40
96 404
96 603
96 211
96 124
96 270
96 125
96 607
96 46
96 47
96 608
96 609
96 95
96 50
96 22
96 610
96 303
96 97
96 117
96 26
96 611
96 133
96 224
96 58
96 205
96 596
96 586
96 20
96 509
96 72
96 191
96 10
521 40
521 612
861 258
320 177
320 4
320 291
320 72
320 21
320 112
320 124
320 106
320 564
320 80
320 81
320 88
60 393
60 75
60 96
60 30
60 20
60 163
60 613
60 614
60 344
63 47
63 201
63 138
63 321
63 615
170 18
170 447
170 333
170 86
170 210
170 159
170 128
170 616
170 152
170 261
170 221
170 617
170 477
170 50
170 375
170 379
170 618
170 54
170 402
170 70
170 123
170 64
170 100
480 7
480 91
480 257
480 307
480 22
328 72
328 201
328 243
340 73
340 455
340 619
340 159
340 100
340 128
340 525
340 194
340 16
587 311
587 439
545 229
752 80
7 230
7 7
7 257
7 211
7 35
7 620
7 171
7 621
7 39
7 245
7 84
7 622
7 413
7 41
7 373
7 221
7 623
7 121
7 480
7 172
7 148
7 266
7 10
7 185
7 16
7 93
7 586
7 356
7 231
7 196
7 260
462 201
462 81
462 14
462 118
462 245
462 48
241 57
241 92
862 609
236 84
236 30
236 22
236 624
236 266
236 10
236 128
236 25
146 5
66 281
66 72
66 625
66 22
66 106
66 10
66 137
66 274
66 219
863 257
550 451
550 336
550 86
550 180
550 74
354 359
354 276
354 20
354 626
354 290
212 627
212 20
212 628
212 252
212 478
864 96
166 18
166 172
166 226
97 460
97 202
97 306
97 627
97 361
97 201
97 629
97 630
97 631
97 612
97 632
97 274
97 633
97 556
97 4
97 11
97 585
97 80
97 366
97 386
97 634
97 608
97 150
97 96
97 30
97 72
97 586
97 635
97 636
97 637
5 75
5 638
5 34
5 18
5 219
5 20
5 195
5 146
5 52
5 237
5 364
5 88
5 138
5 238
865 639
580 640
466 641
466 642
466 4
466 30
700 643
700 525
323 113
323 39
323 622
323 58
613 191
613 47
653 644
263 220
263 105
4 114
4 34
4 306
4 98
4 201
4 113
4 622
4 261
4 168
4 124
4 3
4 49
4 319
4 150
4 27
4 223
4 594
4 309
4 57
4 72
4 61
4 238
4 199
4 501
4 67
4 645
866 258
741 102
698 72
698 646
698 75
698 148
698 102
867 237
455 10
455 258
455 340
418 610
418 221
868 210
669 22
548 72
869 41
870 249
337 128
572 163
103 647
103 30
103 42
103 648
103 457
103 466
103 439
103 649
103 22
103 119
284 53
110 67
110 194
108 118
108 72
108 73
108 170
108 22
108 290
108 119
108 41
108 650
108 147
108 37
108 223
108 26
173 163
173 20
173 319
173 18
173 122
173 274
405 148
405 325
871 121
713 333
713 72
286 286
286 179
872 75
755 229
755 222
755 308
447 132
447 40
447 170
503 25
503 39
503 279
404 651
404 130
404 96
404 250
705 11
705 465
705 575
705 260
873 64
71 132
71 40
71 78
71 652
71 378
71 611
106 445
106 115
106 320
106 295
106 41
106 30
106 112
106 653
106 22
106 336
106 86
106 654
106 87
106 366
106 128
106 118
607 415
607 253
264 282
264 61
158 4
158 655
158 656
158 657
504 25
720 270
68 444
68 208
68 658
68 30
68 72
68 659
68 22
68 289
68 621
68 88
68 660
68 40
274 26
274 93
274 118
274 233
274 180
274 106
274 661
274 662
274 173
274 20
274 663
274 178
274 380
274 210
274 81
274 207
274 97
274 3
274 223
274 219
274 39
495 265
874 4
874 664
281 247
281 50
281 665
281 147
281 223
281 26
281 608
363 500
363 95
363 215
363 234
363 91
363 303
363 102
363 666
331 295
331 667
22 93
22 511
22 462
22 295
22 234
22 135
22 201
22 236
22 76
22 304
22 86
22 210
22 579
22 159
22 37
22 128
22 661
22 245
22 68
22 448
22 363
22 380
22 41
22 242
22 147
22 40
22 288
22 482
22 45
22 47
22 102
22 64
22 393
22 416
22 424
22 502
22 22
22 668
22 27
22 669
22 259
22 266
22 88
22 179
22 191
22 250
22 26
22 666
22 656
22 523
22 113
22 445
22 277
22 96
22 108
22 70
22 72
22 170
22 252
22 517
22 670
22 671
22 672
22 66
673 475
673 673
673 269
330 261
330 259
395 41
395 10
395 4
395 96
395 674
272 282
272 157
272 272
154 438
154 417
154 675
154 109
154 119
154 676
875 375
876 77
30 240
30 93
30 203
30 677
30 678
30 201
30 236
30 679
30 210
30 454
30 640
30 219
30 40
30 68
30 84
30 75
30 680
30 106
30 97
30 681
30 42
30 682
30 580
30 450
30 221
30 269
30 466
30 594
30 255
30 321
30 156
30 409
30 415
30 683
30 468
30 684
30 428
30 11
30 27
30 179
30 191
30 685
30 83
30 371
30 141
30 58
30 70
30 205
30 72
30 60
30 112
30 182
30 517
30 421
30 10
30 194
877 147
355 290
355 20
355 70
355 196
249 354
249 686
249 255
249 42
249 86
249 118
249 102
406 39
406 325
387 112
85 377
85 124
228 84
228 364
228 366
138 72
138 130
138 87
138 310
138 196
138 295
138 102
138 365
138 22
138 475
138 499
138 4
138 138
138 303
138 398
138 39
138 5
138 259
3 179
3 158
303 687
303 69
303 138
303 75
303 278
303 688
303 26
303 238
303 48
242 89
132 689
132 21
132 71
132 210
132 447
132 118
132 690
14 113
14 291
14 596
14 691
14 206
14 663
14 688
14 587
14 692
14 219
14 40
14 693
772 182
743 125
743 221
743 319
743 694
1 438
1 1
1 695
1 439
1 10
1 138
878 568
879 95
568 445
210 177
210 206
210 83
210 30
210 72
210 696
210 122
210 170
210 137
210 113
210 106
210 266
210 14
210 175
210 22
210 582
210 666
210 388
606 16
880 480
40 114
40 602
40 91
40 377
40 113
40 424
40 119
40 68
40 152
40 75
40 380
40 282
40 219
40 187
40 44
40 290
40 439
40 513
40 121
40 521
40 22
40 273
40 14
40 366
40 697
40 291
40 180
40 70
40 72
40 255
40 20
40 112
40 698
40 71
40 271
40 399
94 44
94 22
686 249
881 95
881 162
881 28
881 124
882 118
374 83
374 699
655 655
655 158
222 218
222 38
519 448
519 234
519 11
519 102
600 150
525 98
525 700
525 307
256 393
256 84
256 701
256 30
256 596
256 26
256 11
256 536
256 702
256 275
256 452
256 703
294 38
294 62
468 118
468 30
142 270
142 225
69 282
69 388
69 704
69 72
538 229
486 379
486 575
486 317
11 128
11 705
11 30
11 596
11 255
11 61
11 123
11 231
11 27
11 221
11 165
11 66
11 97
11 45
11 162
11 706
11 256
11 307
11 371
107 93
76 4
76 235
76 72
76 112
76 22
76 78
76 259
76 87
76 128
76 191
76 119
76 342
469 282
469 95
469 20
469 118
469 469
445 201
445 707
445 30
445 35
445 50
445 22
445 77
445 106
445 568
445 10
291 277
291 112
267 408
267 44
267 205
267 162
267 30
72 114
72 531
72 151
72 34
72 570
72 304
72 66
72 169
72 38
72 264
72 68
72 75
72 97
72 41
72 269
72 708
72 155
72 255
72 48
72 4
72 709
72 236
72 51
72 710
72 322
72 548
72 28
72 108
72 64
72 250
72 109
72 711
72 118
72 214
72 532
72 698
72 147
72 119
72 245
72 152
72 359
72 168
72 712
72 158
72 47
72 102
72 713
72 22
72 541
72 80
72 303
72 523
72 58
72 59
72 30
72 262
72 92
72 408
72 714
72 233
72 295
72 627
72 201
72 1
72 86
72 210
72 382
72 39
72 40
72 42
72 81
72 715
72 69
72 716
72 111
72 229
72 179
72 54
72 445
72 224
72 61
72 552
72 517
72 199
72 717
72 10
72 93
72 163
72 196
72 234
72 574
72 76
72 688
72 579
72 87
72 128
72 122
72 221
72 73
72 353
72 95
72 451
72 148
72 88
72 83
72 611
72 96
72 507
72 320
72 311
72 112
72 170
72 718
883 187
559 400
559 95
559 61
559 182
559 124
559 330
559 47
559 356
420 84
517 77
517 30
517 147
302 172
302 54
302 278
302 365
731 239
126 373
126 719
126 74
191 163
191 295
191 76
191 251
191 124
191 43
191 185
191 41
191 390
191 270
191 106
191 720
191 255
191 48
191 684
191 50
191 22
191 27
191 53
191 324
191 30
191 20
191 252
191 191
191 458
884 260
796 554
244 240
244 223
244 255
293 62
153 153
153 95
153 596
153 64
153 22
153 610
153 109
153 721
153 118
196 240
196 7
196 115
196 86
196 269
196 10
196 138
196 48
885 722
577 98
296 38
296 399
296 62
683 723
683 30
87 163
87 98
87 579
87 219
87 185
87 377
87 149
87 269
87 47
87 4
87 724
87 150
87 229
87 379
87 205
87 402
87 58
87 30
87 20
87 182
87 231
87 275
87 725
87 138
886 158
365 317
365 163
365 302
365 138
365 95
185 556
185 295
185 336
185 150
185 191
185 128
887 196
285 114
285 96
285 61
285 143
285 8
285 53
221 7
221 196
221 128
221 39
221 165
221 413
221 592
221 211
221 726
221 158
221 255
221 4
221 187
221 418
221 223
221 224
221 30
221 72
221 170
221 213
221 237
221 421
888 39
889 466
226 364
693 727
409 140
409 219
409 30
890 268
433 255
227 364
227 25
227 54
104 270
104 72
104 219
104 356
104 341
104 457
104 52
104 541
104 104
104 256
273 72
273 40
657 158
92 72
92 241
92 157
649 103
649 676
17 133
17 10
17 4
17 690
17 149
378 554
666 45
666 363
666 210
666 157
666 483
553 54
891 320
674 445
674 395
551 137
892 75
783 234
783 451
311 291
311 72
311 77
311 587
311 128
311 10
893 236
894 45
8 7
8 96
8 728
8 536
8 42
8 620
8 22
8 72
8 451
8 631
8 262
8 708
895 157
231 57
231 143
231 87
896 632
897 191
897 22
261 4
261 592
261 170
261 43
261 330
261 256
261 645
898 20
399 260
399 296
399 40
399 81
120 121
899 7
531 373
408 219
408 266
408 64
489 125
761 246
570 72
679 30
169 93
169 84
169 96
169 205
169 72
169 729
169 42
169 304
169 610
169 288
169 730
169 18
169 83
169 47
38 294
38 317
38 359
38 72
38 73
38 211
38 220
38 296
38 80
38 222
38 41
38 10
38 127
198 75
198 182
239 45
239 494
239 731
239 170
239 358
12 582
12 252
12 624
12 732
12 422
12 39
401 257
178 141
178 320
178 161
178 86
178 646
178 179
178 118
178 274
697 40
211 444
211 95
211 317
211 59
211 224
211 234
211 213
211 7
211 217
211 221
211 148
211 84
211 233
211 38
211 96
211 39
736 28
270 523
270 462
270 677
270 98
270 201
270 22
270 243
270 529
270 720
372 4
33 733
33 182
269 309
269 224
269 196
269 72
269 73
269 34
269 673
269 585
269 162
269 87
269 98
269 10
269 39
269 54
269 30
900 438
900 26
617 170
699 374
699 501
901 675
187 75
187 29
187 494
187 80
187 39
187 513
187 40
248 734
248 245
322 113
322 279
322 201
322 58
322 158
704 69
704 114
702 256
902 202
93 139
93 169
93 39
93 463
93 269
93 256
93 4
93 121
93 22
93 80
93 229
93 179
93 26
93 16
93 656
93 110
93 96
93 58
93 30
93 72
93 112
93 105
93 64
93 483
93 421
93 275
93 118
903 121
429 10
429 61
28 254
28 439
28 735
28 736
488 43
488 421
389 276
904 270
275 95
275 96
275 235
275 174
275 229
275 24
275 89
275 39
275 256
747 77
280 39
280 298
501 163
501 305
501 4
501 699
129 51
473 230
203 291
203 30
203 530
203 581
203 737
203 246
373 531
373 77
373 421
373 738
373 126
373 260
268 41
268 485
268 7
268 191
599 150
905 282
906 259
159 26
159 58
159 340
159 196
159 536
159 234
159 122
159 722
159 170
159 252
159 22
159 125
159 41
159 233
159 614
159 703
159 102
159 307
159 594
147 281
147 320
147 72
147 111
147 250
147 86
147 81
147 717
147 47
147 40
762 295
762 73
245 7
245 135
245 210
245 248
245 22
454 341
454 124
454 717
454 30
907 442
622 7
622 4
622 323
592 398
592 221
592 140
592 384
592 261
625 66
168 72
168 234
168 18
168 4
168 633
465 118
908 125
909 298
910 73
910 14
452 26
452 354
452 122
452 256
177 739
177 320
177 91
177 206
177 161
177 210
177 260
177 39
102 114
102 163
102 122
102 34
102 306
102 268
102 698
102 4
102 159
102 550
102 363
102 168
102 215
102 439
102 290
102 44
102 740
102 18
102 90
102 741
102 148
102 229
102 249
102 552
102 29
102 237
102 100
102 138
102 742
676 649
518 270
518 201
319 4
319 224
319 196
319 295
319 173
319 143
319 743
319 574
319 182
319 483
319 744
319 694
319 222
319 45
319 122
319 47
319 410
319 88
911 579
596 462
596 96
596 340
596 295
596 11
596 451
596 259
596 14
596 745
596 260
596 40
596 48
596 328
476 30
912 10
77 240
77 295
77 170
77 217
77 66
77 38
77 517
77 39
77 536
77 122
77 42
77 582
77 746
77 52
77 276
77 148
77 88
77 26
77 608
77 133
77 96
77 320
77 72
77 311
77 30
77 451
77 252
77 137
77 394
77 516
77 747
77 10
181 748
259 106
259 585
80 93
80 72
80 118
80 749
80 180
80 624
80 197
80 61
80 734
80 187
80 124
80 78
80 259
80 750
80 320
80 38
80 751
80 752
131 543
515 469
515 201
515 291
584 439
584 48
913 250
393 41
393 291
393 96
393 22
914 233
58 93
58 196
58 201
58 159
58 575
58 165
58 75
58 753
58 336
58 323
58 255
58 4
58 322
58 233
58 16
58 411
58 195
58 277
58 656
58 30
58 72
58 205
58 64
58 118
58 358
70 240
70 140
70 235
70 30
70 165
70 366
70 170
70 22
70 106
70 233
70 447
70 40
140 754
140 39
140 84
140 592
140 522
140 124
140 436
140 113
140 73
140 45
140 525
140 287
140 409
695 398
356 52
356 104
356 559
20 114
20 510
20 35
20 201
20 86
20 755
20 87
20 424
20 38
20 219
20 354
20 407
20 212
20 756
20 757
20 149
20 124
20 220
20 758
20 45
20 46
20 255
20 676
20 187
20 562
20 111
20 22
20 266
20 395
20 224
20 5
20 469
20 639
20 96
20 62
20 596
20 355
20 173
20 188
20 483
20 759
20 328
20 60
20 191
20 471
665 39
665 281
388 69
388 27
388 276
388 118
388 210
262 62
262 72
262 196
262 220
262 8
262 760
915 22
671 106
671 22
370 75
370 601
701 256
246 203
246 761
246 22
602 4
602 380
602 494
602 40
346 61
295 106
295 96
295 257
295 62
295 295
295 331
295 201
295 105
295 22
295 77
295 72
295 10
295 762
295 138
730 169
583 439
916 763
581 737
581 30
214 72
214 96
214 315
214 754
214 237
214 224
487 764
487 256
487 765
487 150
487 221
487 79
487 26
779 253
463 100
335 128
917 53
917 210
407 20
619 88
413 234
413 221
413 172
413 84
413 7
768 766
768 767
714 394
714 73
714 26
714 72
493 265
767 768
767 769
767 99
770 73
770 41
192 295
789 79
789 256
777 182
56 141
56 75
56 207
56 111
56 22
56 44
56 233
143 448
143 84
143 319
143 536
143 41
143 61
143 42
143 278
143 483
143 150
143 451
143 266
143 88
143 279
143 231
143 256
143 225
647 103
716 72
73 162
73 507
73 72
73 201
73 269
73 80
73 770
73 714
73 38
73 264
73 3
475 673
475 224
475 130
475 138
475 129
144 225
144 39
179 93
179 214
179 201
179 771
179 161
179 296
179 178
179 122
179 47
179 255
179 48
179 50
179 22
179 451
179 80
179 286
179 30
179 72
179 256
179 10
179 118
179 32
366 97
366 228
366 509
366 40
366 95
744 319
643 700
918 86
55 75
55 148
55 640
55 180
55 228
919 95
919 235
224 444
224 96
224 232
224 72
224 20
224 21
224 172
224 221
224 475
224 237
224 86
224 269
224 229
224 319
224 53
224 223
224 214
180 727
180 55
180 22
180 624
180 30
180 174
180 201
180 63
180 161
180 272
180 71
180 162
180 81
180 275
180 100
180 80
180 118
180 40
180 550
180 244
381 57
381 158
513 40
552 72
552 22
552 270
552 359
552 83
552 102
552 54
182 772
182 306
182 561
182 773
182 774
182 128
182 39
182 503
182 775
182 198
182 776
182 34
182 33
182 777
182 184
182 201
182 319
182 79
182 778
182 88
182 235
182 30
137 140
137 240
137 223
137 210
137 133
920 122
359 72
359 255
359 112
359 38
251 86
344 234
344 84
921 119
922 30
253 779
253 607
253 780
253 86
253 196
500 26
500 781
923 26
677 270
677 727
677 30
234 163
234 453
234 211
234 782
234 210
234 159
234 245
234 363
234 783
234 413
234 168
234 784
234 519
234 102
234 22
234 229
234 316
234 72
234 237
234 313
234 344
234 118
234 67
771 257
688 500
688 96
688 133
688 785
688 14
924 72
924 237
723 683
723 581
787 122
787 121
490 125
661 234
661 245
449 41
449 122
449 336
449 786
449 288
449 22
691 14
122 240
122 130
122 787
122 26
122 140
122 150
122 298
122 179
122 247
499 687
499 377
726 29
646 178
646 42
646 698
398 788
398 4
398 180
45 57
45 140
45 319
45 426
45 98
45 20
45 75
45 22
45 754
45 162
45 118
45 40
45 48
45 239
778 182
925 275
727 677
727 165
727 180
79 111
79 527
79 182
79 25
79 219
79 789
451 102
451 783
451 72
451 98
451 143
451 77
451 596
451 8
451 179
451 37
451 26
451 307
451 219
148 240
148 7
148 95
148 55
148 211
148 237
148 72
148 790
148 238
148 23
148 217
148 84
148 81
148 207
148 38
148 53
148 77
148 245
148 368
148 229
266 408
266 7
266 791
266 30
266 72
266 20
266 552
266 22
266 106
266 517
266 494
266 792
266 210
266 117
266 39
266 266
88 354
88 75
88 118
88 96
88 58
88 320
88 219
88 143
88 105
88 22
88 793
88 619
88 794
88 266
88 88
88 271
88 89
88 250
88 795
88 68
554 796
608 97
608 281
608 96
608 10
641 466
567 42
507 72
507 73
507 25
369 529
419 379
419 13
188 797
188 247
754 45
754 140
754 214
588 119
313 93
313 234
313 753
313 444
392 798
392 421
392 115
100 118
100 180
368 585
926 121
926 799
