217 0
217 1
217 2
512 3
512 4
123 5
123 6
123 7
123 8
123 9
123 10
123 11
123 12
123 13
123 14
123 15
123 16
157 17
157 18
157 19
157 20
157 21
157 22
157 23
773 24
755 25
805 26
528 27
528 28
528 29
528 30
796 31
796 32
796 33
640 34
640 35
18 36
18 37
18 38
18 8
18 39
18 40
18 41
18 42
18 43
18 44
18 45
18 46
18 47
18 48
18 49
18 26
18 50
18 51
37 47
37 18
37 38
37 52
37 53
37 40
37 54
37 55
37 56
37 57
37 58
37 16
37 59
37 60
37 32
37 25
37 61
806 62
806 63
806 64
806 65
806 26
806 66
807 67
801 68
801 53
757 69
757 70
361 71
370 18
370 7
370 66
370 70
370 72
370 73
370 74
370 65
370 75
370 76
370 29
370 77
370 56
370 20
334 78
334 79
334 80
334 81
334 82
334 25
97 83
97 59
97 21
97 84
97 85
97 78
97 86
97 87
97 88
97 89
97 90
97 68
97 91
97 92
97 25
97 8
97 93
97 94
97 53
97 95
97 96
97 97
97 98
97 99
97 100
97 101
97 65
97 102
97 103
97 47
97 104
97 38
97 105
97 106
97 32
97 107
97 108
97 109
97 110
97 82
97 111
97 112
97 52
97 36
97 113
97 1
97 114
97 115
97 70
97 40
97 116
97 64
97 117
97 118
97 51
97 119
97 120
97 121
13 122
13 123
13 124
13 125
13 126
13 127
13 128
13 129
13 130
13 131
13 13
13 29
13 132
13 133
13 14
13 134
13 135
13 136
794 137
794 138
794 31
794 70
164 139
176 140
176 141
176 59
176 68
176 142
176 134
176 143
176 144
176 145
176 146
176 147
176 67
176 49
176 148
176 149
176 107
176 150
176 151
176 82
176 152
176 153
176 154
176 114
176 155
176 31
176 156
17 157
17 158
271 159
271 160
271 125
271 161
271 162
271 64
271 163
271 164
271 100
271 71
271 165
438 47
438 40
255 166
255 167
255 26
255 100
255 168
660 169
107 1
107 170
107 62
107 171
107 15
107 172
107 64
107 173
107 97
107 174
107 82
107 175
808 176
717 177
717 178
273 154
273 104
273 179
273 41
273 64
273 16
273 180
809 181
809 179
810 182
810 183
207 79
207 7
303 184
303 185
303 186
303 187
303 134
303 143
241 188
241 189
67 190
67 90
67 21
67 191
67 192
67 28
67 170
67 59
67 32
67 25
67 35
67 47
67 124
67 193
67 100
67 78
67 176
67 4
67 194
67 195
67 196
67 197
67 198
67 199
67 200
67 201
67 202
67 29
67 114
67 36
67 203
67 46
67 52
67 101
67 40
67 204
67 205
67 31
67 165
0 0
0 206
0 7
0 207
0 208
0 161
0 209
0 210
0 211
0 212
0 213
0 132
0 25
615 63
1 52
1 40
1 107
1 24
1 63
1 80
1 214
1 211
1 97
1 215
1 216
1 217
1 147
635 122
635 218
635 4
635 219
635 124
635 220
635 221
635 144
635 222
635 223
635 7
635 217
635 41
635 224
635 225
114 113
114 46
114 226
114 40
114 227
114 24
114 228
114 118
114 74
114 25
114 211
114 97
114 212
114 216
114 101
114 176
114 4
114 192
114 229
357 67
357 13
357 230
357 124
42 47
42 18
42 34
42 231
42 223
42 101
42 120
42 232
126 113
126 170
126 9
126 233
126 234
126 13
126 150
126 25
304 214
304 235
304 49
304 40
552 52
552 236
736 201
736 237
736 209
307 170
307 131
307 238
307 239
307 8
647 149
338 240
189 241
156 130
156 176
404 76
811 41
311 242
311 243
812 244
812 245
812 246
160 76
160 247
130 5
130 248
130 21
130 129
130 59
130 249
130 250
130 25
130 93
130 251
130 62
130 252
130 253
130 254
130 242
130 101
130 49
130 170
130 255
130 256
130 203
130 156
130 257
130 258
130 259
130 260
130 230
141 68
141 31
330 70
330 261
330 90
298 262
437 47
437 7
437 40
437 150
437 263
437 65
437 264
437 3
437 265
437 49
437 14
437 192
813 266
638 3
638 68
638 63
638 64
638 254
791 140
791 267
703 268
703 122
703 20
93 130
93 269
93 53
94 134
772 270
602 129
602 82
602 192
602 242
602 165
162 271
162 62
162 254
814 122
733 209
733 238
180 272
180 209
180 273
180 274
154 47
154 52
154 49
154 275
154 276
154 277
154 190
154 278
154 30
154 279
154 280
154 182
154 176
154 273
154 33
154 101
154 281
154 31
154 32
154 25
154 239
788 85
231 42
770 282
770 283
293 143
293 203
293 46
293 191
293 116
293 2
293 234
293 44
293 200
293 284
293 81
293 49
293 285
293 286
293 213
707 20
815 287
190 154
190 47
190 288
190 289
190 290
190 213
190 31
190 14
190 67
816 291
294 203
294 25
652 150
203 292
203 130
203 14
203 293
203 254
203 258
203 216
203 59
203 67
203 294
203 128
203 136
285 293
285 128
559 218
559 52
559 295
621 22
715 37
262 296
262 92
262 297
262 298
371 299
371 134
371 70
371 266
265 85
265 131
265 246
265 101
265 215
265 265
275 154
275 120
275 7
275 300
730 301
730 8
817 302
398 76
186 85
186 303
186 302
186 246
636 218
95 40
95 140
95 209
95 304
95 305
95 97
95 16
95 100
95 147
95 26
131 52
131 306
131 9
131 266
131 223
131 307
131 265
131 57
354 5
354 308
354 20
354 70
354 150
354 64
354 29
354 216
354 101
354 120
354 67
700 177
700 309
243 310
243 311
243 312
243 78
243 313
243 44
243 266
243 314
243 315
243 187
243 143
316 47
316 316
316 52
316 146
316 150
316 170
316 29
316 32
316 136
352 317
312 71
312 318
312 83
312 52
312 319
312 320
312 44
312 65
312 13
312 321
312 59
312 240
312 49
312 14
818 182
819 322
671 53
372 249
382 323
105 47
105 324
105 325
105 97
105 326
105 327
105 59
105 328
105 3
105 329
261 330
761 331
590 113
590 31
278 5
278 154
278 155
278 276
278 70
466 36
332 332
683 113
504 48
504 35
504 333
81 47
81 223
81 276
81 191
81 43
81 293
81 334
81 134
81 216
81 101
81 335
81 176
81 336
81 266
81 25
81 35
81 75
315 52
315 243
315 254
315 312
315 68
315 337
724 7
724 277
724 100
724 51
240 338
256 130
256 5
256 25
256 293
310 243
820 255
269 93
269 209
269 339
540 340
540 341
540 134
540 16
540 20
324 342
324 2
324 63
324 343
324 29
324 26
324 25
525 344
525 283
525 345
495 122
495 346
495 347
495 41
495 254
495 65
495 282
495 34
495 101
495 249
495 67
495 32
379 348
578 349
578 350
578 351
578 337
317 97
317 228
317 352
821 353
821 9
821 254
821 97
821 13
821 35
120 47
120 41
120 170
120 275
120 8
120 178
120 354
120 355
120 356
120 62
120 300
120 145
120 97
120 212
120 242
120 48
120 3
120 65
120 26
120 276
230 47
230 203
230 5
230 357
230 100
230 82
230 26
230 95
230 8
54 37
54 358
54 52
54 266
822 65
669 2
669 63
71 359
71 52
71 312
71 300
71 196
71 204
71 293
71 360
71 290
71 182
71 98
71 239
71 65
71 361
83 36
83 362
83 5
83 41
83 228
83 64
83 129
83 312
83 97
83 7
83 246
83 146
83 363
549 364
617 176
741 154
741 176
741 67
741 62
628 365
823 63
233 126
233 267
395 20
395 40
395 63
395 65
395 76
395 366
395 367
395 368
56 18
56 369
56 124
56 41
56 63
56 370
56 68
56 26
77 64
77 121
77 13
77 134
299 371
388 270
388 34
249 372
249 373
249 40
249 362
249 374
249 63
249 65
249 41
249 327
249 7
249 375
249 238
824 63
610 67
610 52
610 71
229 31
229 114
793 300
411 376
411 98
411 52
411 51
411 377
362 132
362 95
362 148
301 8
301 208
301 116
301 80
301 29
301 3
301 152
301 31
825 212
826 185
348 64
348 378
348 379
348 242
348 176
348 192
320 282
320 312
320 26
320 380
827 27
323 7
323 381
323 382
323 289
323 218
158 155
158 4
158 157
148 40
148 85
148 362
148 209
148 383
148 26
148 384
148 74
148 176
148 4
148 385
148 386
828 118
497 299
270 387
270 193
270 211
270 388
270 143
270 389
179 218
179 49
179 52
179 179
179 84
179 149
179 37
179 182
179 390
179 273
179 391
179 392
179 249
179 82
179 238
196 37
196 71
196 334
196 393
196 29
196 205
196 67
613 7
613 52
76 394
76 160
76 140
76 395
76 396
76 397
76 268
76 398
76 90
76 145
76 399
76 35
76 25
76 400
76 370
76 215
76 234
76 401
76 185
76 402
76 403
76 404
76 386
216 405
216 1
216 251
216 354
216 406
216 284
216 407
695 179
695 408
695 247
657 409
657 20
657 351
657 134
244 410
244 16
829 411
830 7
620 11
620 51
620 70
204 47
204 18
204 412
204 4
204 74
204 71
204 290
204 413
204 414
204 98
204 29
204 41
204 176
204 415
204 134
175 107
487 416
487 40
487 149
487 107
487 319
487 417
487 43
487 418
487 419
487 300
487 132
487 26
487 57
487 50
487 420
205 36
205 67
205 196
205 29
205 7
556 421
556 90
556 209
556 74
556 100
556 138
508 218
508 7
508 275
508 422
508 124
508 40
508 220
508 302
508 63
508 44
508 57
508 147
508 414
508 29
508 300
508 423
508 424
508 31
508 26
508 134
508 8
430 245
430 40
467 425
467 257
467 64
467 426
467 31
467 128
451 127
534 161
534 26
534 14
534 427
534 182
624 201
624 428
624 429
831 335
831 255
831 242
245 430
87 97
87 163
87 87
87 431
253 308
253 40
253 130
253 373
253 193
253 101
253 266
210 52
210 24
210 432
210 28
210 433
434 434
392 185
392 179
92 49
92 26
92 97
92 98
92 61
92 91
92 4
47 435
47 18
47 8
47 122
47 85
47 436
47 60
47 63
47 437
47 71
47 438
47 90
47 439
47 249
47 26
47 95
47 37
47 440
47 441
47 442
47 316
47 289
47 443
47 65
47 334
47 182
47 97
47 444
47 105
47 176
47 67
47 49
47 232
47 295
47 165
47 154
47 2
47 124
47 445
47 302
47 150
47 223
47 211
47 446
47 7
47 239
47 3
47 82
47 368
47 340
47 447
47 46
47 52
47 190
47 40
47 448
47 222
47 319
47 80
47 449
47 395
47 450
47 51
47 41
47 120
47 31
47 230
47 57
47 451
47 81
125 271
125 40
125 209
125 452
125 453
125 13
125 239
125 454
252 455
832 49
172 418
172 41
172 86
172 107
172 142
65 395
65 437
65 71
65 74
65 90
65 249
65 26
65 456
65 361
65 457
65 254
65 370
65 214
65 312
65 97
65 295
65 340
65 458
65 44
65 459
65 3
65 114
65 47
65 113
65 410
65 40
65 460
65 24
65 461
65 266
65 118
65 120
65 462
833 463
834 17
536 132
147 31
147 1
147 80
147 265
147 464
709 465
36 18
36 83
36 20
36 466
36 377
36 205
36 105
36 67
36 26
36 31
835 300
425 201
425 209
425 452
425 101
425 467
39 59
752 271
752 468
752 469
752 470
752 150
752 453
752 29
752 90
752 188
752 471
752 135
752 136
482 41
482 472
482 7
482 134
482 473
666 209
666 474
568 252
568 4
264 4
264 187
264 475
264 51
264 132
264 14
264 25
7 122
7 442
7 476
7 437
7 64
7 268
7 477
7 48
7 249
7 142
7 187
7 192
7 25
7 478
7 254
7 370
7 182
7 98
7 375
7 479
7 323
7 49
7 205
7 480
7 2
7 481
7 482
7 29
7 82
7 0
7 275
7 483
7 70
7 40
7 207
7 43
7 409
7 327
7 47
7 309
7 132
7 31
7 484
7 380
836 327
836 295
115 97
115 63
153 20
153 252
153 74
153 266
153 418
153 485
153 176
153 486
420 487
387 40
688 488
688 489
688 266
688 40
319 47
319 41
319 28
319 53
257 130
257 209
750 20
799 43
799 490
837 82
12 123
12 337
426 365
426 170
426 24
426 64
426 491
426 467
60 47
60 37
60 40
60 107
60 223
60 31
60 492
554 62
554 373
554 222
554 16
554 67
554 493
629 26
492 32
492 494
492 60
155 113
155 40
155 278
155 254
155 495
155 496
155 176
155 49
155 158
155 143
400 76
454 497
454 498
228 52
228 85
228 41
228 317
228 134
228 14
228 98
228 499
228 90
228 436
228 500
228 192
565 501
565 239
565 43
88 97
88 8
88 74
609 63
609 14
609 502
609 266
583 503
267 225
267 356
329 46
329 41
329 33
329 105
329 107
329 239
782 29
838 7
839 379
839 504
606 211
606 380
643 40
562 80
145 120
145 76
145 31
145 176
214 1
214 34
214 473
214 242
214 304
214 41
214 24
214 505
214 28
214 78
214 51
214 90
214 306
214 506
475 34
475 85
475 150
475 264
475 31
475 4
475 25
98 78
98 228
98 71
98 507
98 28
98 16
98 59
98 92
98 427
98 411
98 14
98 97
98 67
98 4
98 38
98 234
98 110
98 7
98 468
98 66
98 70
98 40
98 33
98 508
542 509
542 40
542 439
542 191
542 510
542 27
542 211
542 511
676 49
4 512
4 122
4 83
4 5
4 20
4 21
4 513
4 63
4 59
4 82
4 249
4 92
4 455
4 514
4 515
4 218
4 516
4 79
4 472
4 517
4 475
4 98
4 100
4 176
4 67
4 49
4 295
4 158
4 148
4 480
4 170
4 255
4 198
4 264
4 518
4 239
4 114
4 115
4 52
4 519
4 520
4 521
4 70
4 24
4 74
4 403
4 57
4 522
4 523
840 154
498 454
277 154
277 150
277 179
277 392
356 524
356 267
356 373
356 65
356 110
356 90
69 135
344 525
543 85
543 436
543 526
543 272
505 214
505 527
345 480
345 525
654 30
654 53
841 41
842 84
152 528
152 84
152 302
152 64
152 97
152 473
152 176
152 529
152 26
45 18
45 530
45 34
45 52
45 41
843 43
410 244
410 237
410 122
410 41
410 65
410 531
410 388
779 258
844 182
342 532
342 324
342 85
342 373
342 287
342 208
342 533
342 82
516 202
516 52
516 21
516 74
516 65
516 290
516 29
516 77
288 190
665 135
665 74
33 394
33 534
33 123
33 85
33 63
33 14
33 279
33 135
33 418
33 282
33 182
33 98
33 479
33 49
33 104
33 150
33 293
33 44
33 535
33 246
33 82
33 154
33 7
33 40
33 266
132 84
132 536
132 209
132 170
132 192
132 218
132 252
132 254
132 13
132 176
132 537
132 49
132 232
132 133
132 538
132 38
132 539
132 264
132 216
132 82
132 46
132 540
132 116
132 40
132 64
132 487
132 51
132 506
845 34
795 24
795 541
795 70
795 100
380 7
380 52
380 116
380 266
380 28
380 238
380 9
846 4
439 85
439 47
439 542
439 246
436 171
436 228
436 543
436 544
436 50
436 165
397 76
397 71
3 47
3 37
3 52
3 545
3 40
3 355
3 84
3 65
3 349
3 546
3 105
3 120
3 547
3 26
402 76
847 362
847 97
847 548
274 501
274 180
274 304
364 150
364 549
364 238
550 550
550 25
550 473
550 40
527 41
527 505
527 52
527 31
527 84
336 81
32 122
32 170
32 52
32 59
32 37
32 551
32 41
32 316
32 63
32 43
32 552
32 553
32 339
32 242
32 101
32 249
32 74
32 554
220 215
220 18
220 84
220 192
220 508
405 284
405 216
758 25
758 225
96 134
721 300
721 555
848 85
848 76
848 556
760 25
99 190
99 97
100 113
100 557
100 38
100 255
100 34
100 21
100 41
100 347
100 418
100 46
100 556
100 67
100 558
100 26
100 50
686 40
295 47
295 559
295 21
295 40
295 560
295 84
295 204
295 127
295 65
295 4
295 66
195 152
195 67
281 289
281 561
106 97
106 562
106 563
747 368
15 107
15 540
15 40
682 113
108 97
343 324
284 405
284 438
284 400
284 216
284 147
284 32
284 22
239 557
239 481
239 125
239 564
239 63
239 565
239 307
239 329
239 71
239 566
391 46
391 179
501 250
501 274
501 200
296 31
296 40
128 203
128 28
128 543
128 284
128 13
128 59
128 285
128 467
544 436
544 116
849 567
185 122
185 149
185 63
185 279
185 85
185 568
185 182
185 234
185 569
185 391
185 392
185 570
185 459
185 571
185 26
185 134
185 27
66 6
66 346
66 161
66 245
66 370
66 98
66 572
66 573
66 574
159 208
159 271
159 202
159 16
138 556
138 138
138 90
138 268
138 246
138 120
138 575
138 563
706 20
263 16
605 34
605 161
605 2
605 576
605 577
605 102
349 3
349 527
349 578
349 70
349 84
616 52
645 412
471 579
471 212
471 473
16 123
16 59
16 580
16 272
16 263
16 581
16 90
16 329
16 95
16 218
16 208
16 101
16 176
16 49
16 295
16 554
16 37
16 82
16 50
16 244
16 52
16 159
16 540
16 40
16 64
137 582
137 82
137 283
137 98
137 40
687 282
687 40
503 583
8 18
8 84
8 85
8 584
8 585
8 88
8 586
8 14
8 25
8 587
8 301
8 134
8 282
8 588
8 97
8 351
8 589
8 590
8 508
8 591
8 47
8 7
8 42
8 41
8 127
8 327
8 592
8 120
21 122
21 593
21 14
21 130
21 22
21 293
21 594
21 473
21 97
21 100
21 381
21 459
21 67
21 41
21 4
21 295
21 506
21 143
850 26
268 76
268 138
268 65
423 67
423 2
423 592
571 541
571 100
247 255
247 595
455 25
455 66
455 596
455 200
455 473
455 4
455 57
237 410
631 161
631 597
631 25
631 21
631 516
144 176
144 135
144 90
26 394
26 84
26 85
26 122
26 228
26 68
26 92
26 95
26 35
26 362
26 97
26 320
26 101
26 148
26 36
26 255
26 63
26 300
26 590
26 508
26 152
26 47
26 1
26 46
26 70
26 40
26 41
26 324
26 64
26 132
26 459
26 31
26 121
26 120
591 49
851 3
851 83
852 32
852 521
797 122
139 76
139 25
139 90
139 164
337 3
337 143
250 130
250 501
250 110
276 278
276 154
276 5
769 43
198 62
198 373
198 209
198 67
198 577
198 4
198 25
456 122
456 38
456 41
456 65
456 67
456 135
44 468
44 53
44 243
44 300
44 266
44 312
44 33
44 59
44 508
44 92
44 133
200 293
200 11
200 339
200 501
200 67
200 32
200 598
280 154
280 190
532 82
532 342
234 20
234 77
234 90
234 14
234 35
234 143
234 599
234 316
234 600
234 67
234 23
234 69
234 293
234 223
234 76
234 601
234 181
234 185
234 221
234 448
234 126
234 118
722 46
789 143
82 137
82 4
82 182
82 85
82 41
82 602
82 40
82 28
82 266
82 603
82 532
82 97
82 16
82 107
82 132
82 27
82 31
82 173
82 355
82 25
82 386
472 604
472 4
577 132
577 198
577 63
577 605
50 122
50 606
50 487
50 34
50 16
50 4
52 321
52 5
52 607
52 78
52 2
52 585
52 71
52 608
52 609
52 38
52 16
52 298
52 423
52 32
52 610
52 135
52 37
52 34
52 559
52 516
52 171
52 316
52 254
52 193
52 312
52 131
52 98
52 100
52 191
52 67
52 49
52 4
52 64
52 165
52 36
52 270
52 611
52 179
52 242
52 300
52 612
52 613
52 3
52 445
52 614
52 47
52 615
52 7
52 40
52 551
52 54
52 88
52 43
52 552
52 448
52 118
52 502
52 616
52 499
52 380
483 7
483 316
483 617
483 618
739 142
221 619
221 596
596 215
596 221
596 63
596 136
73 40
73 20
73 370
720 555
51 47
51 18
51 46
51 20
51 140
51 36
51 620
51 264
51 132
51 82
51 230
51 25
51 363
853 21
619 41
619 63
619 74
619 491
619 132
619 61
619 215
22 157
22 21
22 621
22 284
22 622
22 92
121 623
121 8
121 64
121 77
121 603
121 3
121 97
121 90
121 48
121 570
121 152
121 187
121 57
428 624
435 47
435 306
394 97
394 74
394 76
394 33
394 82
394 26
394 225
394 35
321 312
321 67
321 20
5 83
5 123
5 20
5 130
5 339
5 473
5 32
5 220
5 192
5 595
5 354
5 251
5 62
5 134
5 278
5 100
5 4
5 170
5 276
5 625
5 82
5 256
5 52
5 70
5 40
5 9
5 230
84 37
84 38
84 53
84 59
84 40
84 626
84 14
84 302
84 627
84 86
84 9
84 349
84 29
84 246
84 3
84 220
84 295
854 8
78 628
78 63
78 28
78 37
78 243
78 334
78 208
78 214
78 98
78 67
78 170
78 595
78 468
78 115
78 113
78 52
78 40
78 41
78 64
78 266
78 238
78 629
78 57
313 243
2 47
2 0
2 605
2 7
2 52
2 20
2 40
2 306
2 150
2 293
2 300
2 65
2 3
2 118
2 217
2 423
2 630
2 631
2 192
458 65
786 85
569 185
89 120
89 97
325 105
855 632
855 84
856 491
290 190
290 516
290 64
290 71
290 82
290 568
290 101
290 176
290 506
290 266
290 633
187 25
187 7
187 243
187 121
187 264
187 28
187 90
187 388
187 266
187 225
187 35
279 154
279 7
279 634
279 211
279 38
279 473
857 74
389 26
389 61
218 47
218 633
218 635
218 636
218 53
218 243
218 92
218 182
218 16
218 300
218 132
218 508
218 152
218 559
218 4
218 25
218 323
858 20
858 45
859 84
499 46
499 460
499 228
499 637
499 74
499 97
637 85
637 46
254 203
254 292
254 52
254 473
254 516
254 130
254 9
254 155
254 581
254 495
254 34
254 258
254 90
254 638
254 639
254 49
254 24
286 293
531 300
531 41
531 410
531 225
531 101
860 4
776 24
681 223
681 41
479 7
861 373
862 9
778 64
104 582
104 33
104 324
34 412
34 640
34 32
34 641
34 25
34 53
34 642
34 643
34 225
34 312
34 475
34 100
34 215
34 232
34 45
34 605
34 7
34 75
34 222
34 644
34 495
34 61
34 645
34 31
149 646
149 179
149 90
149 487
149 647
149 648
149 176
149 506
149 633
149 407
149 165
863 649
302 47
302 84
302 650
302 302
302 65
302 132
302 508
302 152
302 563
150 474
150 21
150 2
150 437
150 193
150 25
150 354
150 316
150 192
150 334
150 176
150 4
150 255
150 595
150 197
150 80
150 198
150 200
150 201
150 651
150 47
150 652
150 355
150 126
150 43
150 464
150 327
150 33
150 238
150 230
150 57
723 499
723 46
201 425
201 40
201 208
201 171
201 209
201 452
201 110
201 67
401 653
864 631
864 578
864 516
328 105
30 27
30 154
30 654
30 266
519 4
519 25
581 16
581 254
75 34
75 8
75 85
75 370
75 581
75 147
75 655
75 81
75 656
75 176
75 25
75 110
116 293
116 380
644 34
865 346
409 7
409 657
266 658
266 140
266 78
266 117
266 609
266 59
266 586
266 193
266 92
266 659
266 53
266 252
266 253
266 187
266 65
266 290
266 100
266 619
266 660
266 661
266 351
266 81
266 82
266 153
266 30
266 54
266 43
266 33
266 371
266 380
381 176
381 594
381 21
381 555
866 9
866 26
866 254
9 131
9 5
9 225
9 50
9 84
658 11
658 63
658 266
867 32
792 407
593 21
868 590
869 516
306 435
306 7
306 53
306 263
306 131
306 134
870 92
871 7
446 149
446 47
305 181
305 438
305 84
305 254
305 662
305 100
305 95
10 7
10 122
10 123
10 40
127 218
127 120
127 468
127 8
127 40
127 663
127 2
127 664
127 57
127 212
127 13
127 665
127 82
127 295
127 451
127 386
872 38
339 269
339 32
339 87
339 666
339 193
308 354
308 284
502 667
502 609
502 607
14 122
14 21
14 190
14 146
14 609
14 192
14 362
14 84
14 312
14 101
14 170
14 124
14 264
14 246
14 82
14 203
14 46
14 66
14 70
14 43
14 33
14 120
192 5
192 228
192 56
192 437
192 98
192 220
192 14
192 602
192 348
192 13
192 537
192 49
192 133
192 668
192 179
192 150
192 7
192 246
192 558
192 46
192 114
192 70
192 41
192 132
192 31
192 230
35 394
35 76
35 74
35 64
35 234
35 504
35 81
35 67
35 65
35 26
35 57
35 213
514 43
514 4
514 25
514 133
251 130
251 216
251 5
251 95
251 669
53 534
53 473
53 84
53 306
53 59
53 255
53 92
53 35
53 37
53 93
53 34
53 670
53 97
53 98
53 355
53 671
53 611
53 218
53 44
53 654
53 154
53 30
53 40
53 460
53 319
53 525
53 266
53 61
53 120
259 130
539 132
664 127
457 85
457 65
193 304
193 64
193 52
193 672
193 32
193 209
193 150
193 63
193 673
193 266
193 496
193 270
193 556
193 49
193 198
193 135
182 154
182 185
182 179
182 516
182 150
182 43
182 71
182 674
182 33
182 675
873 182
873 644
874 212
326 150
875 516
49 412
49 582
49 157
49 130
49 437
49 28
49 74
49 516
49 79
49 214
49 140
49 98
49 100
49 176
49 676
49 47
49 179
49 293
49 211
49 677
49 239
49 154
49 678
49 304
49 7
49 52
49 159
49 40
49 155
49 43
49 461
49 496
49 597
49 185
49 132
49 508
102 97
102 537
102 605
102 101
738 49
611 7
611 196
611 52
592 423
592 31
592 29
592 118
592 44
481 36
481 7
481 70
876 90
151 176
223 47
223 635
223 42
223 679
223 293
223 680
223 681
223 131
223 81
223 100
223 60
223 147
223 51
223 555
393 196
366 40
625 5
751 90
173 418
173 82
173 107
113 126
113 140
113 78
113 63
113 464
113 236
113 62
113 125
113 162
113 65
113 97
113 100
113 101
113 102
113 337
113 40
113 255
113 682
113 683
113 590
113 246
113 7
113 114
113 373
113 41
113 155
113 266
113 31
113 238
447 47
40 137
40 122
40 684
40 549
40 63
40 18
40 46
40 78
40 2
40 395
40 437
40 64
40 53
40 685
40 304
40 155
40 16
40 82
40 249
40 65
40 26
40 25
40 236
40 37
40 62
40 263
40 125
40 171
40 79
40 61
40 253
40 142
40 97
40 98
40 582
40 686
40 176
40 67
40 49
40 4
40 33
40 489
40 114
40 199
40 687
40 113
40 238
40 15
40 150
40 491
40 201
40 11
40 202
40 29
40 10
40 688
40 296
40 84
40 52
40 563
40 215
40 47
40 689
40 1
40 7
40 468
40 127
40 70
40 40
40 690
40 41
40 73
40 43
40 550
40 448
40 487
40 95
40 691
40 60
40 508
40 430
40 148
40 692
40 239
41 190
41 83
41 319
41 20
41 8
41 18
41 78
41 228
41 88
41 38
41 59
41 527
41 693
41 26
41 25
41 35
41 389
41 265
41 197
41 172
41 214
41 531
41 375
41 619
41 176
41 67
41 694
41 232
41 270
41 255
41 124
41 63
41 150
41 300
41 45
41 314
41 120
41 695
41 82
41 696
41 697
41 47
41 113
41 7
41 211
41 41
41 40
41 43
41 698
41 699
41 31
41 386
496 85
496 110
384 384
877 23
877 225
309 154
309 67
309 7
309 30
309 700
506 214
506 21
506 149
506 79
506 290
506 208
506 132
238 97
238 179
238 40
238 26
238 513
238 43
238 74
238 64
238 603
238 683
238 13
238 307
238 424
238 249
238 701
238 14
238 25
57 47
57 150
57 43
57 127
57 487
57 67
57 4
57 121
57 465
57 523
523 4
523 57
412 645
412 49
878 52
20 122
20 321
20 5
20 20
20 21
20 341
20 2
20 272
20 73
20 581
20 702
20 304
20 270
20 335
20 25
20 703
20 157
20 263
20 161
20 324
20 13
20 242
20 374
20 215
20 4
20 38
20 704
20 395
20 234
20 202
20 705
20 153
20 36
20 7
20 540
20 706
20 64
20 74
20 118
20 707
20 51
20 31
489 38
489 57
489 40
584 8
272 230
879 708
289 709
289 327
289 710
289 255
289 190
576 576
576 370
777 64
748 711
608 52
622 22
622 101
168 255
880 132
134 8
134 84
134 306
134 63
134 135
134 34
134 182
134 193
134 312
134 300
134 176
134 67
134 322
134 712
134 198
134 94
134 371
134 563
134 657
134 46
134 52
134 41
134 204
134 263
134 508
363 83
363 51
369 56
347 495
347 337
347 120
452 125
452 201
452 425
112 97
375 249
375 713
375 24
375 7
355 137
355 582
355 270
355 611
355 122
355 714
355 150
355 293
355 38
355 163
355 82
355 7
355 715
355 59
355 176
355 3
355 120
355 31
355 4
355 67
103 97
480 4
480 7
480 716
170 5
170 130
170 4
170 316
170 134
170 129
170 426
170 126
170 29
170 258
170 107
170 101
170 132
170 120
170 67
170 32
170 14
170 25
170 307
178 41
178 717
351 582
351 46
351 8
351 40
351 92
351 64
351 358
351 578
351 16
351 657
351 142
351 176
351 266
351 26
351 718
351 357
735 209
603 82
603 238
535 33
530 32
530 45
731 43
731 100
731 719
555 720
555 65
555 721
555 481
129 83
129 130
129 602
129 418
129 216
129 537
421 556
46 114
46 85
46 499
46 722
46 74
46 192
46 723
46 414
46 51
46 14
46 132
46 67
46 26
46 95
881 71
222 47
222 635
222 282
222 34
222 215
222 25
222 724
163 271
163 46
163 87
163 337
212 0
212 114
212 85
212 9
212 127
212 10
212 725
212 147
212 120
212 471
882 67
882 49
883 726
884 97
386 140
386 41
386 127
386 76
386 82
386 26
386 148
442 7
117 100
117 266
146 47
146 316
146 43
146 239
146 100
146 727
146 669
580 154
580 13
580 708
580 43
885 176
885 9
885 92
885 302
885 555
453 125
546 3
546 52
546 101
350 578
350 110
59 21
59 84
59 130
59 63
59 585
59 16
59 90
59 464
59 25
59 389
59 37
59 32
59 53
59 161
59 95
59 312
59 97
59 105
59 176
59 67
59 4
59 44
59 29
59 128
59 203
59 41
59 266
59 604
679 223
679 61
685 40
693 41
693 52
91 97
91 728
91 370
886 729
135 456
135 52
135 155
135 193
135 28
135 33
135 25
135 657
136 203
136 316
887 268
650 135
618 483
618 307
888 24
888 389
889 44
890 40
242 311
242 20
242 85
242 161
242 602
242 407
101 122
101 85
101 209
101 249
101 622
101 14
101 134
101 354
101 606
101 253
101 290
101 130
101 531
101 67
101 102
101 170
101 97
101 81
101 563
101 154
101 114
101 495
101 265
557 258
557 239
557 100
557 62
23 234
23 683
133 13
133 715
133 132
133 514
133 192
133 165
891 730
197 40
197 150
197 214
197 29
197 242
197 67
197 165
780 161
564 239
427 534
431 24
431 87
109 97
800 718
800 101
58 32
58 62
572 66
705 215
705 7
705 20
705 10
892 380
719 731
225 394
225 267
601 234
181 49
181 92
181 305
181 473
206 0
373 362
373 253
373 263
373 129
373 13
373 16
373 23
690 40
460 53
460 84
460 499
460 65
460 578
460 239
674 182
674 25
464 113
464 150
464 204
464 74
464 59
464 424
327 7
327 8
327 150
327 289
327 64
327 592
327 105
893 132
893 418
893 401
61 37
61 53
61 40
61 163
61 619
61 143
61 92
61 389
188 241
188 246
459 26
746 215
894 32
582 122
582 113
582 104
582 70
582 351
582 40
582 137
582 418
582 683
582 33
582 249
582 732
582 49
582 355
582 95
582 143
895 590
209 64
209 2
209 43
209 339
209 95
209 125
209 171
209 193
209 677
209 101
209 733
209 180
209 148
209 734
209 425
209 198
209 666
209 735
209 211
209 294
209 0
209 269
209 201
209 257
209 673
209 736
209 556
209 132
63 137
63 18
63 8
63 21
63 85
63 56
63 609
63 59
63 68
63 32
63 26
63 389
63 516
63 97
63 239
63 737
63 46
63 468
63 40
63 324
63 80
63 258
63 33
63 669
174 107
477 171
477 7
377 27
377 36
896 561
142 738
142 7
142 739
142 351
142 40
142 176
142 225
696 41
696 170
897 398
897 740
62 113
62 538
62 5
62 741
62 197
62 40
62 130
62 107
62 198
62 162
62 557
62 58
62 120
62 554
208 7
208 159
208 201
208 342
208 79
208 301
208 64
208 192
208 182
208 742
208 432
208 78
208 501
208 82
208 506
208 134
208 202
513 238
513 4
513 605
513 743
600 368
898 528
634 439
634 279
282 8
282 40
282 252
282 320
282 574
282 95
899 63
537 537
537 255
537 102
689 40
165 47
165 271
165 52
165 197
165 149
165 436
165 116
165 150
165 263
165 370
165 82
165 67
165 602
165 133
318 312
38 18
38 37
38 456
38 52
38 40
38 41
38 198
38 84
38 3
38 97
38 147
38 29
38 98
38 132
38 31
38 95
493 68
493 211
124 114
124 744
124 41
124 56
124 546
124 97
124 508
124 67
124 32
124 14
478 7
478 239
72 41
72 370
900 745
358 351
215 1
215 34
215 20
215 222
215 212
215 705
215 76
215 742
215 619
215 473
215 101
215 215
215 746
215 220
414 46
716 480
716 143
651 115
651 150
651 631
368 6
368 747
368 600
368 64
368 29
368 215
368 395
547 3
547 230
711 24
711 748
711 33
711 165
55 37
55 97
55 100
673 209
673 304
673 193
901 528
538 132
538 62
538 429
177 178
177 717
19 18
19 114
19 157
474 666
678 31
678 49
626 48
191 52
191 542
191 293
191 81
191 67
191 749
627 85
627 84
396 76
520 4
520 25
902 32
902 49
902 750
90 582
90 330
90 228
90 64
90 59
90 370
90 92
90 26
90 316
90 187
90 65
90 214
90 242
90 215
90 67
90 356
90 76
90 751
90 139
90 47
90 752
90 7
90 70
90 138
90 319
90 43
90 80
90 118
90 556
90 121
48 122
48 7
48 40
48 753
48 63
48 546
48 754
48 176
48 423
48 508
48 23
48 368
48 50
48 120
25 5
25 157
25 2
25 755
25 304
25 68
25 187
25 37
25 334
25 97
25 176
25 519
25 255
25 150
25 264
25 674
25 0
25 7
25 114
25 75
25 155
25 190
25 126
25 130
25 514
25 515
25 34
25 79
25 756
25 757
25 475
25 98
25 67
25 520
25 4
25 218
25 69
25 294
25 154
25 324
25 41
25 24
25 511
25 238
25 522
25 20
25 278
25 550
25 95
25 758
25 21
25 517
25 759
25 312
25 760
25 100
25 295
25 170
25 106
25 761
25 284
25 81
25 52
25 256
25 40
25 592
25 31
25 122
25 762
25 741
25 59
25 249
25 763
25 455
25 135
25 144
25 139
25 148
25 365
25 198
25 45
25 76
25 29
25 82
25 729
25 50
25 47
25 631
25 51
595 5
903 33
783 29
171 36
171 52
171 677
171 107
171 193
171 201
171 477
171 436
171 764
79 334
79 40
79 359
79 473
79 506
79 4
79 25
756 25
904 765
905 418
905 766
418 582
418 738
418 70
418 85
418 15
418 63
418 173
418 129
418 764
418 100
418 571
418 153
597 631
597 762
444 47
579 471
701 238
526 41
526 631
526 71
906 222
232 41
232 34
232 42
907 455
661 266
43 18
43 306
43 209
43 565
43 49
43 90
43 32
43 514
43 767
43 182
43 146
43 676
43 580
43 768
43 769
43 150
43 239
43 485
43 555
43 7
43 52
43 40
43 41
43 64
43 74
43 266
43 487
43 578
43 238
43 57
43 81
908 635
283 525
283 4
283 770
909 229
910 113
910 7
910 34
910 41
910 65
764 31
764 187
194 31
194 67
246 84
246 439
246 300
246 324
246 64
246 149
246 186
246 33
246 188
246 265
227 67
227 114
798 771
465 709
465 57
465 51
911 501
488 3
912 82
422 508
744 27
744 122
744 67
211 0
211 1
211 46
211 493
211 197
211 40
211 209
211 387
211 772
211 270
211 110
211 542
211 49
211 279
211 380
24 5
24 341
24 63
24 773
24 774
24 775
24 95
24 26
24 254
24 25
24 214
24 776
24 375
24 147
24 4
24 365
24 0
24 255
24 3
24 631
24 154
24 1
24 46
24 114
24 204
24 426
24 119
24 362
64 473
64 209
64 77
64 43
64 777
64 16
64 90
64 424
64 638
64 193
64 26
64 35
64 20
64 290
64 208
64 65
64 348
64 97
64 778
64 351
64 107
64 273
64 52
64 152
64 114
64 40
64 41
64 64
64 485
64 426
64 718
64 132
258 557
258 170
258 779
258 278
258 63
258 203
258 254
258 193
258 130
258 424
161 365
161 271
161 59
161 780
161 78
161 282
161 90
161 32
161 66
29 18
29 528
29 157
29 84
29 781
29 2
29 38
29 59
29 782
29 32
29 220
29 354
29 316
29 783
29 516
29 730
29 193
29 418
29 13
29 101
29 67
29 49
29 4
29 47
29 170
29 370
29 198
29 196
29 58
29 29
29 81
29 625
29 82
29 368
29 340
29 752
29 7
29 324
29 40
29 204
29 118
29 508
511 542
511 327
913 101
166 42
914 340
914 176
914 273
914 784
915 95
567 52
85 228
85 785
85 786
85 186
85 80
85 26
85 95
85 787
85 499
85 172
85 457
85 97
85 242
85 101
85 67
85 788
85 148
85 322
85 199
85 63
85 150
85 543
85 637
85 764
85 31
85 47
85 113
85 75
85 74
85 266
85 33
85 120
85 265
85 451
86 84
585 46
585 704
585 59
360 71
742 208
742 215
742 7
742 254
742 41
432 90
432 70
432 208
432 210
432 246
432 176
588 8
424 508
424 49
424 300
335 473
529 152
219 373
236 582
236 340
236 300
236 552
236 40
143 582
143 118
143 46
143 243
143 21
143 480
143 85
143 24
143 155
143 293
143 234
143 270
143 578
143 100
143 789
143 176
143 31
143 49
143 303
143 337
440 47
659 340
659 495
659 74
642 31
642 34
27 30
27 744
710 289
916 239
759 182
759 25
140 790
140 37
140 40
140 2
140 266
140 774
140 246
140 176
140 791
140 113
140 386
213 0
213 190
213 35
694 362
694 40
694 114
694 41
407 792
407 216
407 242
646 149
734 293
917 182
917 203
300 218
300 7
300 275
300 171
300 446
300 44
300 71
300 212
300 246
300 793
300 423
300 52
300 14
727 146
727 424
727 64
727 65
918 30
919 143
468 98
468 44
468 40
920 695
70 412
70 166
70 620
70 641
70 84
70 330
70 129
70 5
70 432
70 90
70 14
70 354
70 34
70 26
70 721
70 370
70 97
70 98
70 794
70 582
70 147
70 49
70 4
70 295
70 38
70 255
70 150
70 44
70 264
70 111
70 697
70 555
70 340
70 7
70 52
70 540
70 319
70 349
70 61
70 371
70 31
70 795
378 348
378 427
448 52
448 40
680 223
74 190
74 153
74 46
74 114
74 20
74 324
74 32
74 499
74 516
74 63
74 464
74 85
74 97
74 556
74 88
74 659
74 31
74 49
74 225
74 337
74 148
551 52
662 208
662 27
662 554
662 51
662 464
604 7
604 472
604 49
604 59
604 373
31 190
31 232
31 122
31 63
31 90
31 796
31 527
31 336
31 14
31 25
31 18
31 34
31 642
31 253
31 97
31 444
31 100
31 176
31 67
31 49
31 355
31 47
31 199
31 44
31 491
31 764
31 590
31 459
31 82
31 508
31 490
31 154
31 7
31 41
31 74
31 33
31 60
31 120
31 467
921 41
122 18
122 20
122 21
122 10
122 48
122 32
122 26
122 25
122 703
122 456
122 14
122 50
122 4
122 594
122 797
122 264
122 46
122 52
122 368
122 563
122 47
122 185
122 410
122 744
122 40
122 355
122 80
122 495
509 542
762 340
762 176
762 9
672 193
287 342
476 7
774 140
28 210
28 528
28 67
28 78
28 198
28 319
28 247
28 214
28 98
28 338
28 7
28 82
28 240
28 49
28 187
28 128
28 135
28 380
461 65
461 49
461 84
473 5
473 21
473 550
473 90
473 335
473 279
473 53
473 650
473 161
473 79
473 254
473 95
473 214
473 215
473 455
473 482
473 424
473 152
473 181
473 7
473 64
473 471
922 666
923 695
923 282
923 369
923 90
641 34
924 798
925 32
767 43
926 4
927 799
677 32
677 171
677 209
677 49
677 87
359 79
359 71
399 76
374 41
928 41
928 26
928 317
524 270
524 356
718 800
718 135
365 628
365 161
365 426
365 25
445 52
235 284
235 304
235 101
199 695
199 67
199 199
199 40
929 788
607 52
314 41
314 61
11 40
11 658
11 620
11 200
518 249
518 4
68 7
68 801
68 40
68 141
68 63
68 56
68 176
68 315
68 26
68 493
802 802
485 667
485 153
485 43
558 14
558 100
558 148
490 31
490 799
340 47
340 659
340 762
340 540
340 85
340 29
340 236
491 7
491 40
491 65
491 426
491 619
491 31
930 67
202 122
202 20
202 159
202 516
202 208
202 306
202 40
202 176
202 82
202 67
931 124
932 203
667 502
563 122
563 46
563 106
563 40
563 138
563 64
563 214
563 101
563 68
560 295
933 52
80 47
80 122
80 1
80 301
80 63
80 334
80 147
80 803
80 249
80 575
934 7
118 321
118 46
118 20
118 90
118 324
118 499
118 228
118 65
118 234
118 185
118 29
118 592
118 114
118 31
118 389
118 225
118 143
119 537
119 97
119 24
119 116
260 130
403 76
403 4
935 804
110 211
110 496
110 250
