631 0
597 1
632 2
625 3
8 4
8 5
8 6
8 7
8 8
8 9
8 10
8 11
8 12
8 13
8 14
8 15
8 16
8 17
8 18
8 19
8 20
8 21
8 22
8 23
8 24
8 25
8 26
8 27
8 28
8 29
8 30
8 31
8 32
8 33
8 34
8 35
633 36
633 37
494 38
494 39
298 40
298 8
298 39
45 41
45 42
427 43
427 44
41 45
634 46
635 25
635 47
280 48
280 49
636 50
185 51
185 52
185 8
185 53
185 54
185 55
185 56
58 57
58 58
58 59
58 60
58 61
548 62
548 63
121 8
132 64
132 65
219 37
219 66
219 67
637 68
638 69
504 70
561 71
104 72
104 73
104 74
104 75
111 76
111 77
639 78
640 79
640 80
410 81
378 25
378 8
378 82
378 83
378 84
591 85
591 26
591 86
591 41
591 33
46 87
46 88
46 89
46 90
46 12
46 83
641 91
642 92
643 93
644 94
83 95
83 46
114 96
114 28
645 97
646 98
647 99
458 100
320 101
227 102
557 103
648 93
649 101
140 104
140 105
140 106
140 102
140 46
140 107
140 86
140 108
140 109
140 110
614 111
614 112
583 113
96 114
96 4
96 115
96 116
96 117
96 118
96 119
96 120
96 121
96 122
96 123
650 93
651 124
179 125
179 126
179 127
179 128
179 129
179 130
179 131
179 132
179 133
179 134
179 135
179 136
360 137
360 77
360 4
360 35
360 30
603 138
251 139
251 8
251 140
112 141
652 142
652 143
653 144
654 145
417 120
417 146
382 147
68 148
655 149
18 8
18 150
372 4
372 151
372 152
375 153
584 154
148 155
148 68
221 156
221 157
221 75
221 158
221 3
221 26
221 16
221 159
221 160
221 0
221 120
221 161
221 162
221 163
413 164
413 165
413 37
226 102
168 166
168 156
168 167
168 59
168 160
656 147
150 96
150 13
150 18
370 168
370 169
370 170
370 98
370 46
370 171
370 92
317 165
308 11
308 172
657 173
658 174
659 175
57 8
57 74
57 176
57 177
57 178
128 179
428 180
660 181
515 182
661 99
662 77
662 183
491 93
53 184
53 185
663 186
534 129
534 187
664 188
215 140
215 20
215 189
7 190
7 8
7 191
665 192
666 193
109 194
109 195
343 196
667 8
470 197
470 198
668 199
145 8
596 200
612 38
294 195
348 184
133 23
133 179
133 201
133 202
133 203
133 204
205 205
205 206
327 207
327 8
669 90
670 178
211 208
211 209
245 210
671 8
209 211
209 212
271 4
271 210
271 213
271 214
271 86
271 215
271 216
271 161
399 217
399 3
672 218
673 77
674 219
674 220
675 221
95 222
601 223
279 224
236 225
236 78
102 226
102 227
102 140
102 228
540 229
540 230
540 231
540 232
540 233
540 234
676 36
281 235
281 8
281 200
281 49
78 236
677 151
34 4
34 92
678 237
505 238
505 239
106 140
679 240
461 241
313 242
599 243
680 244
210 245
210 188
414 246
247 247
175 248
175 249
175 250
62 79
62 63
257 99
681 31
682 251
683 12
204 202
204 133
204 201
684 150
120 252
120 96
120 253
120 254
120 152
120 221
314 223
314 60
314 117
685 255
397 256
99 8
99 257
99 168
115 96
295 96
295 258
295 259
295 260
295 261
48 218
48 262
48 111
48 144
48 263
276 264
686 265
371 31
481 266
194 267
194 109
108 11
108 268
108 140
108 222
108 39
492 269
492 270
74 271
74 153
74 247
687 272
418 25
418 273
688 274
689 155
511 275
264 64
264 276
264 277
118 96
224 278
224 279
49 149
49 168
49 3
49 280
49 281
49 8
49 282
49 283
49 196
49 284
49 182
49 285
49 265
690 278
691 286
289 287
289 288
289 289
423 290
195 291
195 196
195 292
195 33
195 25
195 293
195 294
195 16
195 238
368 8
258 295
258 296
258 297
692 298
485 299
693 300
11 301
11 302
11 252
11 303
11 304
11 255
11 72
11 305
11 8
11 306
11 307
11 308
11 108
11 31
11 3
11 309
11 310
11 180
11 311
322 47
694 25
695 312
606 229
306 11
242 313
117 69
117 314
117 315
117 316
117 59
88 151
696 57
696 58
697 65
698 138
699 317
518 318
575 64
575 300
575 159
206 49
206 205
206 165
101 319
101 320
700 103
495 321
47 322
460 89
578 323
304 11
579 324
579 48
579 325
365 326
365 246
365 66
207 327
207 246
701 62
274 274
274 75
702 23
344 25
344 17
703 187
94 22
94 286
94 300
94 37
94 328
94 55
94 59
704 46
403 197
403 10
463 122
131 179
705 158
705 190
705 108
705 329
706 330
707 331
708 332
709 87
91 333
91 108
436 249
710 87
710 334
93 335
93 195
93 8
93 37
93 98
93 336
93 316
93 71
93 337
711 338
379 161
420 339
420 340
284 93
196 341
196 342
196 343
196 60
196 183
17 8
17 344
17 26
17 345
17 56
598 90
328 346
328 94
328 299
712 347
184 348
184 349
184 53
184 350
184 351
252 352
252 353
713 3
30 321
30 354
30 355
30 356
30 96
30 357
30 299
30 358
30 319
30 296
30 359
30 165
30 119
30 360
30 361
30 362
73 23
29 8
29 363
27 8
66 219
66 364
66 365
447 366
447 23
32 367
32 255
32 8
714 368
714 140
714 168
92 8
92 34
92 369
92 370
92 371
715 87
716 96
716 93
717 31
520 372
520 373
283 144
283 49
153 321
153 374
153 74
153 375
153 183
319 104
319 34
319 292
319 37
319 376
319 132
319 250
319 101
319 77
347 377
347 8
347 176
347 378
161 228
161 379
161 162
161 380
161 55
161 185
718 317
345 381
345 246
147 382
147 383
220 384
144 385
144 386
144 387
144 48
144 57
144 178
719 33
98 388
98 389
98 6
98 390
98 370
98 93
514 327
720 391
721 178
722 206
301 377
723 392
723 287
552 8
552 296
552 316
398 393
218 255
218 48
20 218
20 363
20 8
20 215
20 394
20 395
20 221
325 396
169 370
169 299
223 314
256 397
611 85
487 299
724 284
393 398
393 250
123 316
509 275
574 64
574 285
574 55
574 225
574 159
725 200
529 155
529 98
217 74
217 399
217 44
726 39
42 400
42 159
42 401
532 402
10 8
10 403
10 404
10 405
10 406
16 407
16 173
16 38
16 23
16 57
16 323
16 55
154 300
277 0
277 264
727 408
728 409
729 181
464 237
464 181
464 191
464 93
464 44
430 307
430 159
355 30
730 238
81 203
81 410
81 411
12 321
12 46
212 209
594 412
165 413
165 341
165 30
165 317
731 414
731 382
732 90
542 415
385 144
422 416
422 174
25 229
25 417
25 195
25 418
25 324
25 8
25 376
25 44
25 317
25 298
25 296
25 102
25 77
25 419
25 401
25 161
25 363
25 344
339 339
339 340
339 420
107 421
107 110
135 179
310 104
310 11
310 225
416 422
290 423
733 50
522 424
286 286
443 425
443 426
443 427
235 281
180 11
180 428
734 25
735 144
367 429
367 361
367 32
367 389
367 31
307 426
307 430
307 75
736 431
736 145
736 432
736 294
736 382
736 433
737 434
166 168
4 34
4 8
4 435
4 263
4 372
4 345
4 18
4 271
4 360
163 221
364 66
620 30
738 12
519 20
519 106
519 373
249 436
249 437
249 438
249 173
249 182
38 16
38 439
38 440
38 441
213 271
213 215
425 442
425 44
425 443
739 444
164 413
164 388
628 445
554 316
740 446
22 8
741 259
366 321
366 447
297 258
448 374
374 448
28 23
28 378
471 449
627 151
183 196
183 450
183 451
183 86
183 353
451 183
742 452
411 81
411 453
189 215
90 454
37 328
37 319
37 455
37 36
352 252
309 11
474 155
555 316
555 31
36 456
36 457
36 37
560 20
100 458
100 459
100 353
465 460
231 295
231 461
361 462
743 149
122 397
122 96
122 463
122 294
122 275
122 41
744 8
44 464
44 465
44 25
44 466
44 317
44 426
44 425
44 265
259 467
259 468
292 319
292 463
292 469
292 195
72 104
72 11
198 470
551 67
745 471
745 472
745 8
409 84
746 62
747 196
155 473
155 47
155 100
155 474
748 475
748 183
523 225
162 397
162 476
162 8
480 477
472 478
472 251
23 73
23 479
23 281
23 133
23 28
477 480
477 481
477 482
749 271
749 182
299 23
299 81
299 346
299 169
299 483
299 410
299 37
299 484
299 254
299 485
299 319
299 486
299 487
299 328
299 453
299 488
553 489
553 316
455 37
613 490
613 203
750 491
751 323
404 10
270 492
565 225
752 8
502 181
139 251
440 8
39 493
39 494
39 108
39 495
110 254
110 140
110 107
110 108
110 496
753 346
246 18
754 96
426 75
426 44
426 443
755 497
756 498
757 499
396 500
402 82
758 201
759 486
759 31
389 421
389 98
760 369
181 501
181 86
181 54
181 502
282 25
282 49
70 77
70 503
70 504
239 505
405 48
405 10
576 506
576 149
576 507
576 508
275 509
275 382
275 510
275 456
275 511
275 512
275 86
275 109
275 77
275 122
761 338
266 481
762 367
763 96
763 513
763 514
182 515
182 516
182 517
182 475
288 289
318 518
79 62
419 25
373 519
373 520
56 17
424 521
424 522
157 523
549 524
764 258
435 440
435 263
197 525
197 470
167 168
536 12
138 158
138 161
138 34
84 526
84 8
84 378
84 28
84 225
84 83
469 292
87 46
87 151
87 527
87 528
87 109
765 224
766 102
449 471
449 529
449 66
15 8
15 31
453 416
453 203
453 411
453 299
767 530
605 229
573 159
268 108
216 271
65 531
82 8
82 402
82 532
82 28
600 75
768 533
769 8
769 452
129 534
577 356
539 60
340 535
340 339
340 536
340 313
340 344
171 370
533 533
202 204
586 119
388 413
466 443
770 537
517 182
60 58
60 538
60 196
60 539
60 540
60 274
60 314
486 541
486 93
486 299
771 2
415 542
337 543
337 225
503 70
545 201
772 366
40 96
356 544
356 8
356 12
356 30
201 203
201 545
201 204
358 546
773 547
63 548
528 87
524 549
524 46
524 87
6 8
6 98
6 362
6 221
67 219
67 550
67 551
454 241
454 30
316 310
316 552
316 553
316 316
316 172
316 554
316 555
316 123
476 162
774 556
774 282
103 557
5 104
5 8
5 558
775 30
776 559
777 560
778 87
296 561
296 215
779 99
341 196
780 562
585 563
585 360
585 564
585 317
156 397
156 565
156 221
781 566
105 140
782 271
782 567
782 284
783 568
621 569
784 93
362 508
499 570
383 500
383 147
383 192
785 504
69 571
69 117
512 8
512 275
512 236
203 174
203 81
203 572
203 224
203 201
159 462
159 573
159 574
159 575
159 383
172 271
172 316
351 184
786 433
787 482
787 188
269 492
80 62
64 500
64 264
178 561
178 386
178 319
178 225
178 450
149 39
149 576
589 500
589 152
788 577
323 578
450 11
450 579
789 151
225 406
225 178
225 84
225 396
225 580
225 310
525 197
790 581
791 145
346 299
792 501
793 582
794 63
113 583
795 307
795 238
795 584
795 585
119 20
119 161
119 586
124 104
796 161
265 587
265 588
265 427
265 559
354 30
500 64
500 238
500 589
386 178
386 144
797 487
798 590
799 275
26 2
26 591
26 8
26 17
26 221
254 46
254 86
43 427
31 592
31 96
31 8
31 110
31 11
31 360
152 294
152 120
452 527
800 593
610 255
390 98
412 214
412 263
412 31
412 594
617 595
200 300
200 596
200 281
546 358
176 57
801 597
802 145
803 598
803 292
243 185
243 599
75 600
75 601
75 426
75 602
75 274
75 221
116 28
262 37
262 183
86 140
86 456
86 16
86 271
86 275
86 603
86 183
804 604
229 430
229 25
229 158
229 144
229 540
229 605
229 606
51 185
501 607
14 8
805 62
544 356
293 195
806 319
353 8
353 252
353 608
353 100
353 183
244 151
462 25
462 382
462 360
462 159
2 77
77 561
77 231
77 2
77 9
77 217
77 319
77 110
807 258
807 310
222 108
332 333
332 181
350 184
350 609
401 42
255 11
255 610
85 611
85 591
85 612
85 139
188 210
808 64
809 319
507 576
810 281
490 613
459 100
391 520
811 245
141 614
812 423
482 477
626 8
483 299
456 615
456 36
437 249
437 8
813 363
543 337
384 70
384 220
814 39
815 147
816 569
9 8
9 77
570 499
817 616
595 617
55 574
55 185
55 161
55 94
818 148
819 283
820 618
820 406
820 619
228 620
228 102
228 161
228 30
342 196
550 514
550 67
821 99
439 38
569 621
160 584
160 622
160 221
160 168
160 264
822 579
608 353
61 58
324 11
324 25
324 184
324 579
823 591
315 13
315 117
563 317
376 25
824 430
825 154
59 8
59 623
321 366
321 12
321 30
321 153
321 35
321 495
321 122
421 107
421 141
421 389
826 624
3 380
3 625
3 98
3 626
3 172
3 11
3 399
3 221
510 275
510 15
827 627
828 564
829 325
445 185
445 628
830 87
831 629
489 8
489 553
192 630
192 363
