714 0
714 1
591 2
740 3
741 4
742 5
84 6
84 7
84 1
84 8
84 9
84 10
9 11
9 12
9 13
400 14
224 15
224 16
224 17
97 18
97 19
97 20
97 21
97 22
57 23
140 24
140 25
140 26
743 27
743 28
50 29
556 30
146 31
146 32
146 33
146 34
146 24
146 5
146 35
146 36
146 37
146 38
146 39
744 40
42 41
42 42
42 43
42 44
294 45
294 46
294 47
425 48
425 49
425 50
425 51
425 52
425 53
425 54
425 55
23 56
23 54
23 57
23 58
745 59
745 60
745 61
463 62
463 63
3 38
3 64
3 65
3 66
3 35
3 67
3 63
553 68
553 69
624 70
624 71
746 72
746 73
575 74
747 75
94 76
94 77
211 78
211 79
211 80
211 25
211 81
432 54
748 82
748 83
749 84
750 85
751 86
159 87
159 21
159 88
159 89
159 90
159 24
752 91
753 92
754 93
754 94
755 95
396 96
163 97
163 24
163 98
241 99
756 100
629 11
757 101
208 102
208 103
758 104
758 105
40 4
40 106
232 107
232 108
8 84
8 5
577 109
347 110
347 58
347 12
347 111
347 81
347 112
759 113
125 14
125 114
125 115
125 116
125 117
125 60
125 47
125 118
125 119
125 120
125 121
125 122
125 123
125 124
125 12
118 125
118 103
118 5
760 24
122 125
584 126
584 127
24 128
24 129
24 130
24 131
24 132
24 133
24 134
24 135
24 136
24 137
24 138
24 139
24 140
24 141
24 142
24 143
24 144
24 145
24 146
24 147
24 148
24 25
24 149
24 150
24 18
24 151
24 12
24 152
24 2
24 153
24 154
24 155
24 156
24 56
24 80
24 157
24 158
24 75
24 159
24 160
24 161
24 162
24 114
24 163
24 164
24 165
24 166
24 167
24 168
24 169
24 170
24 171
24 172
24 173
24 95
761 174
327 80
327 175
327 176
139 24
645 16
402 177
402 80
402 24
402 178
762 179
763 180
484 130
484 181
484 182
484 183
484 184
484 185
484 186
484 187
489 188
489 80
489 189
489 190
489 191
489 143
474 16
474 192
764 64
334 193
334 194
223 151
223 195
223 196
223 197
223 198
223 95
223 146
223 80
223 199
223 76
223 200
223 88
223 201
223 1
223 125
223 124
223 202
223 203
223 204
223 205
223 10
476 51
102 206
102 207
102 208
102 209
102 210
611 211
58 151
58 212
58 16
58 80
58 213
58 4
21 214
21 97
21 172
21 215
578 124
578 216
77 217
77 218
77 87
77 219
77 165
77 91
77 40
77 220
77 221
77 222
65 223
262 151
262 224
262 225
397 226
688 227
457 136
477 228
477 229
765 77
765 230
300 7
300 92
719 202
454 231
108 232
108 132
766 233
767 234
699 235
667 236
131 24
131 166
100 237
100 238
100 142
100 239
100 240
99 241
768 242
129 24
29 105
769 243
769 244
770 63
212 136
212 185
212 245
212 246
212 58
510 247
621 248
132 108
491 101
417 249
417 84
417 250
417 236
655 4
655 86
655 201
500 251
500 252
500 253
374 26
771 254
539 255
539 24
539 138
151 256
151 257
151 258
151 216
151 259
151 1
151 260
151 261
151 137
151 262
151 158
151 86
151 24
772 263
366 264
366 103
366 221
366 24
366 159
366 258
366 200
366 223
366 153
366 1
366 265
366 80
366 266
366 186
366 107
366 267
366 16
366 268
366 269
366 169
366 270
366 271
366 272
380 205
380 273
549 80
581 80
525 56
525 80
661 38
661 10
773 68
724 86
75 263
75 274
75 275
640 276
282 277
282 110
282 64
282 143
282 278
774 211
292 279
292 280
775 269
776 281
777 282
198 223
198 283
296 284
296 285
286 286
286 174
124 287
124 288
124 269
124 80
124 275
124 223
778 221
779 289
729 272
675 290
780 291
279 292
173 24
117 125
117 293
117 254
47 294
113 295
113 296
134 297
134 46
319 298
319 299
92 255
92 300
92 16
92 301
92 12
92 132
92 134
92 231
92 80
92 302
92 303
92 304
92 206
92 305
92 166
92 18
92 306
251 254
63 307
63 308
63 80
781 161
781 291
597 256
141 309
141 310
141 10
141 311
141 7
141 312
141 313
141 314
141 315
141 203
141 24
141 316
141 272
725 317
725 24
725 167
782 318
298 319
298 1
408 320
408 2
260 151
438 321
610 6
610 80
610 322
783 100
783 231
726 87
176 309
176 48
176 323
176 134
176 324
176 325
176 326
176 327
550 109
207 102
784 224
784 262
785 328
785 236
513 329
513 38
266 125
266 134
266 80
266 223
266 221
266 126
786 330
183 331
183 332
43 42
43 333
43 138
194 334
787 211
195 223
195 335
195 1
195 283
460 71
460 291
486 294
268 80
268 275
268 205
456 250
788 35
789 38
790 291
533 80
533 95
313 107
313 127
313 336
313 80
313 98
35 332
35 33
35 146
35 3
561 337
362 101
791 338
791 339
791 103
791 78
372 200
464 141
464 340
464 314
712 314
323 327
569 246
569 25
792 341
497 342
392 343
793 344
68 345
68 221
68 346
794 36
111 347
111 16
111 348
111 101
111 243
111 349
111 272
448 6
713 314
310 350
310 351
310 352
310 353
310 354
197 263
795 291
263 100
263 355
289 70
289 146
289 189
289 25
289 125
46 97
46 333
46 167
576 216
691 7
631 356
308 63
101 274
101 357
101 358
101 254
101 359
101 360
101 111
101 361
101 362
101 124
796 235
797 331
798 363
335 195
335 364
335 13
799 149
517 64
393 80
269 365
269 366
269 124
269 69
269 221
269 175
244 367
244 368
244 369
244 370
200 107
200 371
200 372
200 366
200 327
800 344
801 373
304 206
304 374
304 26
592 375
802 376
450 377
450 80
450 243
450 378
450 379
205 380
205 381
205 382
205 258
205 383
205 297
205 384
205 385
205 1
205 80
205 386
205 223
205 221
205 85
179 387
179 329
389 32
501 388
381 205
352 270
803 107
605 80
343 214
343 389
343 329
343 31
343 56
343 266
343 390
343 391
343 223
343 392
804 379
416 48
416 1
104 393
104 394
805 155
91 395
22 97
45 294
45 88
671 396
226 397
419 100
419 105
419 398
568 399
568 400
636 401
636 402
636 403
636 368
806 223
348 404
348 112
348 111
565 77
565 405
807 317
593 406
544 80
275 407
275 124
275 268
150 24
467 2
467 332
467 125
467 42
467 408
467 409
808 410
809 62
809 411
809 231
809 134
809 109
810 181
810 412
810 391
810 413
1 151
1 414
1 356
1 366
1 184
1 84
1 415
1 416
1 80
1 417
1 197
1 223
1 38
1 205
686 418
391 56
394 165
394 419
403 420
421 421
222 77
222 370
222 15
401 63
37 146
811 156
706 103
295 113
295 12
295 422
270 282
270 423
270 118
185 11
185 48
185 363
185 424
185 103
185 425
185 80
185 426
171 24
812 427
813 428
54 6
54 429
54 430
54 431
54 88
54 432
54 236
54 420
54 433
459 434
523 435
237 100
237 436
814 337
494 136
44 41
44 42
44 437
815 80
321 438
321 439
317 56
693 440
693 441
387 317
387 351
387 369
387 387
387 442
387 179
816 92
817 443
107 444
107 445
107 169
107 366
107 200
107 371
107 446
107 447
107 385
107 302
107 448
107 313
107 316
107 449
107 232
107 126
107 3
107 160
107 10
367 11
367 331
367 244
367 149
818 356
654 103
601 196
379 373
379 128
379 347
379 2
379 168
379 450
379 39
288 124
819 102
147 451
147 32
147 452
147 453
231 297
231 454
231 107
231 92
231 80
351 103
115 125
820 455
250 456
250 417
156 457
156 18
177 402
821 132
439 321
158 24
158 458
822 38
823 459
823 460
824 461
342 80
342 462
825 237
320 132
320 463
320 3
320 114
826 10
340 464
340 272
114 48
70 289
70 465
70 130
311 141
169 125
409 466
409 467
409 442
827 329
48 141
48 468
48 332
48 101
48 469
48 470
48 176
722 255
33 320
33 35
590 471
414 1
414 472
828 408
570 473
829 113
830 58
830 16
830 80
831 474
53 220
595 14
595 108
595 204
595 475
832 476
229 477
833 80
833 478
833 182
834 80
331 367
331 396
331 479
331 480
331 481
331 294
331 332
331 482
835 80
96 396
437 386
437 155
437 483
437 371
437 44
470 48
470 80
836 484
90 159
90 485
90 486
689 487
689 103
190 410
190 42
190 488
190 489
190 169
837 92
277 282
277 22
838 24
28 131
28 201
635 368
635 2
635 490
839 84
839 153
358 37
358 491
358 107
358 492
358 439
840 201
332 493
332 470
332 467
332 291
332 183
332 270
332 56
332 80
841 165
472 263
472 494
472 414
472 103
472 80
717 202
717 495
717 408
228 477
842 271
165 80
165 485
303 496
303 80
303 497
433 186
433 54
433 16
204 223
204 402
204 350
204 272
267 498
843 439
274 75
274 499
274 188
252 500
26 140
26 374
26 199
26 304
388 40
388 417
388 501
844 484
844 183
710 7
89 502
426 185
708 343
708 322
305 410
305 143
305 503
305 12
305 189
203 223
633 504
452 12
264 505
555 506
424 185
424 457
424 291
845 413
582 507
582 80
582 118
234 508
234 509
234 92
846 88
847 510
653 351
687 33
687 320
687 511
687 0
687 40
329 512
329 16
329 192
329 343
329 513
329 514
329 200
329 515
329 54
329 18
329 15
258 151
258 205
193 516
738 80
627 4
64 282
64 143
64 3
64 517
684 3
677 4
299 131
299 319
680 58
180 161
180 155
848 48
848 447
849 505
850 484
850 518
622 175
622 16
622 269
199 223
39 80
39 4
39 205
39 379
217 442
851 519
307 249
307 63
852 520
853 248
854 521
469 2
157 24
435 522
435 523
855 147
856 88
857 524
858 152
10 401
10 14
10 141
10 493
10 525
10 188
10 526
552 3
664 236
618 527
618 167
618 528
618 216
618 278
618 529
618 80
618 30
859 64
123 125
123 87
860 48
861 272
187 530
95 531
95 532
95 369
95 80
95 533
95 108
95 534
95 535
862 536
652 537
138 255
138 498
138 43
138 1
138 80
138 538
138 24
138 539
863 540
384 136
384 205
663 417
67 541
67 370
67 542
864 12
420 543
17 224
865 58
865 323
866 138
698 235
698 291
867 291
868 544
479 331
116 125
116 169
869 80
870 545
871 387
872 100
149 24
149 283
191 103
191 258
873 144
874 546
874 547
875 548
875 3
875 549
875 291
385 261
385 25
385 107
651 550
651 537
651 291
651 515
651 551
651 55
651 272
594 272
291 466
291 113
291 552
291 80
291 174
291 109
371 107
378 455
184 484
69 553
69 554
69 98
506 555
30 556
85 205
876 159
164 80
119 125
119 557
877 558
554 512
554 6
554 536
554 69
554 559
878 136
879 560
567 145
632 88
512 6
512 329
512 561
14 562
14 400
542 67
522 131
522 435
522 442
880 235
587 563
587 80
587 130
587 564
551 80
405 565
112 558
112 566
19 97
881 166
882 24
697 110
105 419
105 197
588 211
588 56
588 80
588 567
883 45
884 370
884 363
885 113
886 10
887 510
399 568
888 272
25 77
25 289
25 569
25 80
377 2
473 55
473 570
889 1
890 12
287 80
265 366
891 323
642 571
892 363
442 387
135 356
135 468
135 369
135 186
135 221
135 24
135 572
566 573
455 378
214 531
214 86
893 574
894 329
74 575
895 498
895 463
216 151
216 231
216 576
216 351
216 577
216 578
216 579
216 80
216 125
216 278
896 580
897 581
507 125
507 582
507 583
127 584
127 235
127 313
127 387
127 201
127 485
898 566
898 87
109 98
899 544
900 475
126 585
126 584
126 2
126 307
126 146
126 256
126 107
126 18
428 581
78 586
78 291
130 70
130 577
130 587
130 509
130 272
239 588
239 137
604 80
471 589
471 590
2 377
2 126
2 591
2 379
2 467
2 408
2 370
2 24
174 170
901 298
902 125
649 87
238 100
493 35
375 592
375 244
715 0
406 593
485 127
485 165
485 235
485 594
247 54
475 95
475 595
475 386
903 419
904 248
256 151
256 596
256 16
256 597
31 489
538 138
81 307
81 10
81 273
81 598
905 229
563 587
657 599
196 600
196 6
196 601
446 107
446 80
906 602
12 212
12 295
12 579
12 310
12 9
12 452
436 237
80 603
80 237
80 498
80 6
80 604
80 216
80 605
80 351
80 606
80 369
80 113
80 136
80 4
80 92
80 468
80 328
80 533
80 24
80 607
80 608
80 329
80 551
80 379
80 588
80 609
80 60
80 164
80 525
80 610
80 25
80 81
80 125
80 211
80 223
80 78
80 611
80 12
80 196
80 366
80 291
80 612
80 58
80 613
80 1
80 278
80 558
80 515
80 165
80 64
80 303
80 614
80 30
80 63
80 38
80 615
80 255
80 401
80 287
80 16
80 616
80 15
80 393
80 548
80 617
80 618
80 56
80 544
80 619
80 185
80 243
80 549
80 205
80 11
80 109
80 266
80 620
80 249
80 54
80 124
80 297
80 350
80 272
248 621
143 64
175 622
175 327
907 80
520 291
338 146
338 623
709 7
71 624
71 460
908 625
695 626
253 80
909 627
909 111
666 214
666 628
172 24
589 471
535 151
609 475
11 367
11 48
11 43
11 155
11 629
11 231
11 185
11 9
11 222
128 529
128 257
128 24
531 214
531 56
531 95
531 630
531 272
6 512
6 610
6 196
6 614
6 80
910 581
356 631
356 382
369 75
369 80
911 48
911 142
911 239
911 216
911 272
911 73
911 15
88 151
88 632
88 633
88 80
88 159
318 195
364 335
364 278
912 196
218 77
218 329
368 634
368 635
368 100
368 244
368 636
368 286
368 178
659 530
240 100
398 525
301 637
913 370
339 638
339 639
339 7
73 369
73 9
73 80
73 170
562 14
276 640
62 125
62 463
914 77
914 235
153 24
483 437
155 641
155 24
155 437
915 435
571 642
571 643
571 460
571 133
571 291
573 566
573 360
916 10
346 68
346 345
917 1
516 80
160 95
160 343
160 84
160 80
160 310
160 45
160 107
160 24
160 179
586 333
692 210
692 644
16 645
16 329
16 175
16 125
16 58
16 80
16 111
16 474
16 92
16 433
16 38
16 15
283 223
283 195
283 422
283 39
918 646
918 54
919 363
920 103
548 91
921 101
921 189
922 647
490 635
137 239
923 648
923 80
924 649
498 162
498 306
498 552
498 91
498 80
498 236
498 352
925 443
707 650
537 651
537 351
537 103
537 80
537 652
537 653
148 86
404 348
103 487
103 161
103 654
103 14
103 537
103 291
103 577
103 58
103 270
103 185
103 80
103 236
103 135
103 272
926 652
133 368
133 423
133 42
133 655
133 220
133 24
133 656
579 12
213 58
927 63
928 332
221 77
221 205
599 657
350 581
350 204
350 310
683 658
434 370
929 136
34 146
930 659
931 135
648 68
648 272
411 660
932 88
557 337
574 420
574 661
574 644
685 466
534 95
370 434
370 2
370 356
370 244
370 662
370 663
370 664
665 665
18 317
18 297
18 329
18 136
18 92
18 189
18 135
18 126
18 24
18 23
407 54
607 182
933 202
934 104
41 42
154 24
478 527
278 282
278 108
278 80
278 88
278 276
278 364
278 10
529 618
529 278
935 666
936 310
236 373
236 667
236 591
236 664
236 668
236 669
600 196
670 665
670 670
620 80
188 274
188 489
188 671
188 10
937 672
492 358
727 125
727 223
727 673
727 15
938 674
939 24
617 80
617 379
56 317
56 257
56 218
56 51
56 12
56 156
56 544
56 206
56 391
56 80
56 23
56 36
56 95
608 80
271 469
243 203
488 190
316 2
940 675
941 204
941 676
941 156
178 368
178 402
178 677
942 678
585 147
943 530
306 7
333 43
333 266
944 412
422 498
945 531
136 48
136 540
136 679
136 197
136 212
136 384
136 421
136 278
136 80
136 457
136 24
4 627
4 680
946 87
76 94
947 77
145 95
38 212
38 434
38 3
38 146
38 1
38 278
38 80
38 137
38 243
38 681
38 682
948 162
60 125
60 80
711 1
949 291
658 683
950 684
951 518
952 203
466 685
418 498
418 686
511 687
953 688
954 685
487 103
487 689
955 690
395 91
261 385
349 361
349 111
189 68
189 289
189 618
189 101
189 489
189 80
36 12
315 691
315 111
644 692
956 386
957 38
958 409
440 693
361 349
468 48
468 80
468 125
168 38
168 24
168 379
120 2
120 125
120 618
120 269
120 243
120 223
120 45
120 160
959 694
344 331
5 8
5 244
626 695
626 111
696 696
273 56
273 380
273 525
273 363
273 278
960 509
572 383
643 410
643 571
603 80
496 303
110 282
110 697
961 109
730 272
345 68
345 80
737 272
962 13
963 429
235 698
235 257
235 127
235 699
235 700
13 185
13 54
13 701
964 387
728 702
728 15
170 174
612 80
309 141
354 703
142 24
965 64
192 329
423 270
423 704
423 705
503 305
966 112
246 48
246 80
246 244
453 103
967 706
650 707
55 651
55 473
106 40
322 708
225 94
225 76
225 262
225 685
225 223
225 638
7 339
7 709
7 710
7 711
7 691
514 329
314 712
314 464
314 713
721 255
721 581
968 136
0 714
0 715
969 716
202 717
202 718
202 719
202 720
257 128
257 515
255 721
255 722
255 723
255 80
255 92
255 539
255 138
970 531
971 39
86 724
86 151
86 627
86 12
86 80
86 655
209 102
167 725
429 184
972 477
87 159
87 58
87 726
87 123
515 257
515 651
98 217
98 313
98 336
98 141
973 3
201 28
974 494
15 16
15 727
15 125
15 609
15 673
15 137
15 728
720 202
272 729
272 130
272 464
272 730
272 712
272 351
272 376
272 731
272 141
272 732
272 733
272 111
272 648
272 734
272 651
272 594
272 322
272 80
272 735
272 736
272 340
272 198
272 737
272 412
272 738
272 126
272 739
