152 0
635 1
240 2
240 3
240 4
240 5
240 6
270 7
14 8
14 2
14 9
14 10
14 11
14 12
14 13
14 14
14 15
14 16
14 17
14 18
14 19
14 20
14 21
14 22
14 23
14 24
14 25
14 26
14 27
1 28
319 29
319 30
319 31
319 21
319 32
319 33
319 34
283 35
283 36
283 37
505 38
279 39
549 40
636 41
637 42
534 43
534 44
534 45
534 46
360 47
360 48
118 49
118 50
118 51
118 11
118 52
118 53
118 54
118 55
118 56
118 57
118 34
118 58
638 1
573 59
248 60
248 61
327 62
66 63
66 64
587 65
639 66
252 67
136 68
136 69
136 70
136 71
136 2
136 72
136 73
136 74
136 75
136 76
640 77
641 78
538 72
538 79
501 32
199 35
199 80
199 81
199 82
624 83
543 84
543 5
426 85
426 86
440 87
642 88
304 89
304 90
304 91
304 92
304 93
304 94
304 95
304 96
304 97
503 98
448 99
643 100
583 101
172 102
234 103
234 19
104 34
104 104
73 105
73 73
205 106
144 34
144 107
644 108
644 109
644 110
644 111
439 112
439 113
52 114
52 115
52 67
52 116
52 10
52 34
52 117
52 2
52 118
52 119
52 106
52 120
52 121
52 57
52 69
52 122
52 16
52 123
52 124
52 5
52 125
52 98
52 126
645 127
402 128
63 129
63 66
63 130
69 131
69 41
69 132
69 11
69 133
69 25
69 14
69 134
69 135
69 136
69 137
69 138
69 123
69 52
69 139
69 23
69 140
69 90
69 141
646 21
623 11
34 49
34 142
34 57
34 143
34 52
34 118
34 45
34 82
34 101
34 137
34 144
34 145
34 146
34 147
625 32
164 2
647 53
648 148
648 75
209 149
209 150
209 151
209 105
209 16
649 55
0 152
0 153
6 154
55 118
481 155
481 156
481 157
535 158
535 46
148 159
2 160
2 161
2 52
2 14
2 162
2 117
2 163
2 164
2 138
2 165
2 166
2 167
2 168
2 136
2 3
2 169
2 170
2 171
2 99
2 172
2 173
2 174
650 175
651 176
145 177
145 178
145 52
145 70
145 168
145 106
145 34
145 179
108 180
108 181
108 182
108 110
335 183
192 184
308 185
652 136
71 186
71 110
71 136
94 124
462 187
382 188
436 124
424 189
424 190
424 191
239 42
239 5
184 192
116 193
116 194
116 195
116 52
653 196
654 197
655 198
80 199
80 73
75 200
75 201
75 20
75 147
458 61
310 117
310 52
310 14
310 202
310 72
310 46
365 56
365 39
415 203
212 204
212 158
212 70
212 105
212 18
212 154
433 63
106 205
106 52
106 14
106 25
106 206
105 207
105 208
105 209
105 16
105 210
105 211
105 73
105 212
105 213
656 214
169 215
169 2
169 216
236 160
236 217
236 19
236 72
236 218
657 219
657 78
657 220
658 83
401 221
626 222
619 223
659 136
224 224
224 225
224 19
224 226
224 176
334 16
334 211
347 227
521 228
521 18
521 229
521 230
521 231
23 133
23 14
23 69
23 202
19 232
19 11
19 14
19 103
19 233
19 224
19 234
19 235
218 236
218 217
491 237
491 44
491 238
660 188
5 239
5 240
5 133
5 190
5 50
5 241
441 116
441 242
441 147
289 60
289 243
289 244
536 245
42 246
42 72
322 247
322 14
322 244
322 248
322 46
453 249
661 250
193 251
662 252
662 253
305 254
663 255
664 78
665 256
665 257
233 258
233 19
412 196
666 10
667 259
358 171
358 117
358 260
358 261
358 262
358 16
358 263
358 264
358 265
358 102
110 108
110 266
110 267
110 268
476 269
7 270
7 271
7 16
7 18
7 7
7 272
307 9
307 16
257 52
257 221
257 273
257 238
668 19
669 274
557 275
149 209
670 276
670 277
168 278
168 117
168 2
168 115
168 195
168 204
168 25
168 106
168 190
168 35
168 145
597 279
597 115
591 221
22 14
309 88
601 280
177 258
177 32
177 281
177 223
177 282
339 16
671 147
37 283
37 284
37 285
37 286
672 287
672 288
243 92
243 289
211 158
211 290
211 105
211 138
211 291
211 292
211 72
211 21
211 293
673 271
673 39
76 35
76 138
674 294
675 55
133 295
133 69
133 14
133 296
133 45
133 297
133 209
133 298
133 299
142 63
142 254
142 238
567 16
676 282
235 300
235 120
493 221
316 49
316 301
316 302
316 303
316 105
316 145
488 287
93 304
496 305
496 196
496 306
497 52
677 117
9 14
9 307
185 14
185 308
120 309
120 310
120 311
120 21
120 264
120 312
678 82
679 14
680 313
680 314
680 315
49 316
49 118
49 34
681 57
253 215
253 317
253 16
682 318
682 271
523 10
683 319
683 16
684 320
306 138
306 321
332 290
332 276
296 311
247 322
266 122
266 323
266 110
266 181
266 324
266 111
266 75
486 113
685 325
173 0
102 168
413 35
413 67
686 5
687 47
688 96
689 326
690 198
62 327
691 328
92 329
92 330
92 163
92 25
92 243
692 331
230 40
276 332
276 333
276 315
395 123
693 334
183 335
183 142
30 117
694 115
121 52
695 41
376 97
552 64
552 156
696 115
510 89
510 122
11 14
11 19
11 118
697 180
697 2
16 217
16 52
16 336
16 72
16 63
16 50
16 34
16 158
16 337
16 105
16 209
16 74
16 96
16 69
16 338
16 31
16 145
16 25
16 339
16 14
16 307
16 340
16 174
3 2
3 240
354 199
698 38
699 341
699 63
700 52
701 200
278 168
204 101
702 205
702 70
702 342
702 227
590 21
519 68
519 52
519 323
519 122
519 109
703 128
301 316
161 343
161 2
704 106
352 344
352 52
352 345
352 1
352 167
352 322
350 173
391 346
391 83
24 14
705 17
705 103
369 246
369 191
375 347
375 348
375 46
706 349
707 350
561 25
561 118
561 34
546 286
119 52
119 119
708 199
604 336
338 20
560 25
560 351
560 261
560 52
166 2
166 3
167 2
167 352
709 353
409 35
409 354
710 325
472 355
386 356
321 101
68 175
68 357
68 136
260 358
47 359
47 360
47 361
47 71
47 20
47 362
91 363
711 147
370 292
712 200
713 35
594 344
594 154
594 298
594 88
217 236
217 218
714 105
714 364
435 124
435 168
613 14
613 117
56 118
56 365
513 18
513 366
393 367
715 192
471 325
471 32
471 368
471 136
569 358
569 246
569 67
569 369
716 117
41 105
41 370
41 14
41 371
717 224
717 372
717 373
718 107
373 374
373 191
97 375
97 99
97 376
97 188
97 46
97 377
74 378
74 47
719 379
188 380
188 196
188 381
188 382
188 97
188 147
438 368
258 383
520 384
720 385
356 386
548 387
548 25
548 14
548 388
548 389
548 82
548 57
548 322
390 390
346 391
367 392
367 129
367 393
367 46
721 70
722 394
123 395
123 52
123 14
123 79
123 41
123 162
123 34
60 89
60 14
60 248
60 289
723 1
467 396
724 188
725 35
170 139
170 2
323 397
232 323
512 398
48 360
48 110
48 75
48 181
595 399
529 400
529 119
202 21
36 401
36 283
36 5
36 40
127 72
128 402
726 403
174 51
174 16
174 18
174 5
174 404
174 238
35 94
35 69
35 19
35 405
35 32
35 406
35 407
35 345
35 408
35 292
35 409
35 410
35 226
35 411
35 412
35 35
35 413
35 414
293 415
293 416
293 417
330 92
727 52
343 418
288 419
418 343
10 326
10 405
10 420
10 14
10 98
10 69
10 421
468 396
728 394
474 422
522 423
522 388
191 373
191 424
191 369
545 425
545 426
729 49
729 302
729 297
729 136
475 269
730 427
731 162
731 428
267 110
558 275
464 429
464 380
464 430
464 354
629 431
44 432
44 8
44 50
44 433
254 142
254 305
254 154
124 26
124 434
124 52
124 435
124 266
124 94
124 21
124 162
124 436
112 437
112 438
112 439
95 93
564 25
147 440
147 118
147 188
147 441
732 442
447 99
733 83
577 380
577 13
577 443
577 5
577 72
577 444
577 215
617 445
99 446
99 447
99 25
99 448
99 2
99 449
130 63
130 230
130 209
135 69
135 16
238 18
238 257
238 146
238 450
238 451
600 452
285 207
285 453
285 79
285 246
285 37
146 454
146 379
146 98
146 34
146 238
281 177
160 236
160 455
160 456
297 133
297 39
527 20
159 305
734 379
61 415
61 457
61 60
61 458
416 459
735 460
58 118
58 10
736 197
737 362
141 69
738 400
739 461
187 462
414 282
576 72
494 246
494 463
494 158
494 247
494 57
494 464
740 293
449 117
449 465
449 466
175 68
175 84
210 105
396 467
396 468
741 469
515 470
631 200
407 471
407 35
742 41
743 472
618 473
618 445
744 63
745 247
422 122
422 474
422 271
269 475
269 476
746 35
455 477
455 91
747 387
747 145
747 478
747 479
20 52
20 14
20 338
20 75
20 32
748 145
539 480
156 481
749 482
582 317
221 401
221 110
221 122
221 483
311 484
311 296
4 162
4 240
750 104
113 485
113 14
113 486
113 439
554 35
554 487
362 47
268 401
268 324
268 110
268 296
287 14
287 488
151 209
531 489
751 289
237 490
237 491
320 355
408 35
408 282
17 492
428 35
752 5
189 424
483 493
57 494
57 117
57 495
57 496
57 497
57 52
57 32
57 498
57 499
57 158
57 500
57 501
57 502
57 328
38 496
38 503
38 504
38 14
38 505
38 162
38 96
241 506
228 507
228 96
143 34
556 275
103 234
103 19
103 479
753 508
753 366
754 430
754 509
272 297
216 411
89 84
89 60
89 510
89 25
89 304
379 200
379 399
379 302
379 16
379 7
379 511
379 70
398 512
755 49
756 145
126 52
126 14
366 508
366 513
86 426
251 35
757 256
757 406
758 221
758 514
758 51
470 515
470 516
295 45
485 113
759 517
466 449
155 72
155 466
122 221
122 510
122 52
122 422
122 518
122 519
122 63
420 520
420 10
528 455
760 358
229 521
229 522
761 212
589 21
134 172
134 69
541 84
606 523
98 503
98 52
98 10
762 387
540 84
132 69
602 524
196 525
196 526
196 527
196 158
196 35
196 528
196 147
140 69
465 57
400 529
763 162
195 158
195 35
764 401
764 530
764 72
489 531
125 52
125 9
125 469
419 274
419 288
765 14
368 471
368 532
368 2
368 438
766 73
138 2
138 76
138 533
138 306
138 211
245 317
46 534
46 70
46 535
46 367
46 533
46 35
312 79
767 536
380 188
380 537
516 18
516 470
570 16
768 14
182 108
182 73
182 538
182 32
480 539
39 83
769 35
84 89
84 540
84 175
84 405
84 541
84 462
84 542
84 543
84 544
84 545
286 546
770 326
771 547
81 199
81 21
498 57
294 240
622 32
54 52
54 70
43 496
82 548
82 511
82 341
82 199
82 73
40 549
40 230
772 35
8 63
8 14
8 145
8 46
154 158
154 212
154 72
154 6
773 174
773 550
774 158
774 16
508 241
207 285
207 117
207 457
51 25
775 14
775 310
775 551
12 14
12 35
12 76
12 301
242 441
64 552
388 548
388 8
388 522
388 16
388 25
776 553
487 554
264 120
581 72
265 555
265 358
265 35
469 130
469 125
507 174
507 14
507 57
437 112
437 69
777 223
778 1
342 67
381 188
275 556
275 557
275 558
275 371
275 559
25 117
25 287
25 115
25 560
25 548
25 561
25 16
25 388
25 106
25 562
25 92
25 99
25 272
25 50
25 563
25 18
25 564
430 72
627 565
627 446
627 2
627 167
578 221
578 455
578 52
578 69
578 72
578 321
779 397
575 83
575 5
780 129
781 35
782 69
526 292
526 196
353 4
353 566
353 115
329 311
329 70
329 118
329 330
70 69
70 329
70 73
70 136
70 567
70 354
70 568
70 35
70 38
67 52
67 569
67 342
67 16
67 570
783 215
598 571
456 221
190 560
190 572
190 118
190 546
190 35
190 285
190 424
162 162
162 482
784 302
59 573
562 118
341 82
158 195
158 196
158 574
158 16
158 575
158 57
158 212
72 42
72 430
72 233
72 207
72 507
72 576
72 242
72 577
72 16
72 136
72 236
72 578
72 538
72 155
72 579
72 35
72 580
72 581
72 154
72 67
785 10
317 155
317 245
317 253
317 582
28 1
406 548
406 35
101 115
101 204
101 52
101 16
101 578
101 20
101 32
101 583
101 321
246 42
246 285
246 246
246 369
26 14
26 124
26 99
96 50
96 16
786 584
787 477
314 585
788 5
632 586
632 351
632 42
157 481
157 431
65 587
21 588
21 569
21 14
21 134
21 319
21 16
21 589
21 135
21 55
21 590
21 212
21 213
490 237
490 223
789 46
789 591
790 511
607 592
791 384
302 316
302 379
150 209
292 35
292 526
292 218
792 126
609 392
793 514
225 593
298 594
794 595
794 211
115 596
115 52
115 237
115 168
115 597
115 431
226 224
571 598
374 599
15 14
442 51
452 600
280 601
280 280
482 292
482 136
482 162
482 5
482 319
29 8
377 69
377 97
795 107
326 548
244 34
244 18
244 322
129 63
628 274
524 602
524 289
45 295
45 133
45 603
796 247
165 96
797 177
798 32
328 57
336 604
336 340
479 103
799 575
273 25
273 363
273 257
273 420
79 605
79 14
79 18
79 285
79 6
800 444
801 68
801 110
801 359
802 382
378 74
803 606
592 607
608 608
206 106
114 52
114 47
804 63
805 322
806 106
806 310
806 522
806 530
806 18
194 116
392 609
495 465
495 32
555 265
50 44
50 25
50 118
50 16
50 5
50 73
50 96
580 14
807 207
397 87
397 360
397 361
397 610
397 323
397 71
397 110
397 55
397 347
397 75
397 611
117 2
117 116
117 14
117 612
117 207
117 30
117 25
117 63
117 613
117 614
117 449
808 47
809 533
810 615
810 69
810 616
445 617
445 618
445 118
223 490
223 619
223 32
18 310
18 122
18 244
18 516
18 374
18 191
18 620
18 7
18 513
18 212
18 118
18 44
213 21
811 148
811 621
32 490
32 492
32 471
32 177
32 116
32 620
32 414
32 223
32 319
32 622
32 182
32 20
32 101
32 501
32 623
32 35
32 57
32 34
32 624
32 625
222 626
222 82
222 209
446 627
812 619
813 78
274 628
274 35
620 511
620 52
620 196
620 548
620 32
814 91
271 168
271 7
31 319
815 14
215 548
215 629
215 35
215 82
816 451
364 630
315 35
171 358
171 2
171 631
351 632
351 560
530 633
817 40
537 380
219 384
219 299
219 304
572 297
818 52
818 69
819 634
27 14
