386 0
386 1
2 2
2 3
527 4
51 5
51 6
51 7
51 8
51 9
682 10
401 11
401 12
401 1
401 13
401 14
18 15
18 16
18 17
18 18
18 19
18 20
18 21
18 22
18 23
18 24
18 25
18 26
18 27
18 1
18 28
18 29
18 30
18 31
18 32
18 10
18 33
18 34
18 35
18 36
18 37
18 38
177 39
177 40
419 41
683 42
165 43
165 44
165 45
475 46
54 47
54 48
34 18
5 49
5 50
5 51
684 52
582 53
48 54
48 55
48 56
529 57
529 15
529 58
529 59
625 60
84 61
84 62
84 63
84 64
84 65
84 66
84 67
84 68
84 37
84 69
84 70
388 71
388 1
646 72
646 73
646 74
646 75
646 76
685 77
686 65
687 78
662 79
208 80
25 18
25 10
319 81
319 82
26 18
26 68
26 83
63 84
63 85
120 86
253 57
253 87
253 88
235 81
235 89
688 90
52 91
52 33
52 27
52 11
52 92
52 52
52 93
52 94
52 95
52 96
52 97
52 98
52 99
190 100
190 10
190 69
508 101
508 102
192 103
622 18
154 104
164 105
164 106
164 107
164 102
164 85
164 108
164 45
565 109
565 65
689 110
689 111
90 18
315 77
315 112
432 113
432 114
432 47
432 115
432 62
432 58
690 116
500 117
691 118
692 119
324 120
693 121
694 65
335 122
335 123
552 124
11 125
11 126
11 88
11 27
11 58
11 84
11 127
11 1
11 128
11 59
11 129
11 130
11 52
11 131
11 112
11 132
11 133
11 134
11 135
11 136
11 82
294 121
537 137
695 138
695 10
203 85
203 9
220 139
220 27
220 42
220 140
220 141
348 142
348 143
285 144
534 145
304 146
304 62
465 27
696 54
104 147
104 148
104 149
104 150
104 151
104 152
104 153
104 154
104 155
104 74
67 84
67 75
67 156
498 157
498 158
504 159
504 70
366 160
366 161
366 162
366 1
697 163
44 164
44 165
82 166
82 61
82 167
82 168
82 169
82 27
82 11
82 18
82 92
82 170
82 9
82 171
82 172
82 173
82 174
82 175
82 176
61 177
61 178
214 92
214 175
698 179
421 180
421 181
421 182
699 81
382 183
382 184
700 178
671 185
671 186
15 25
15 187
15 188
15 18
15 189
15 1
15 190
15 112
15 153
15 191
15 192
310 193
30 18
701 194
361 18
361 195
361 196
361 197
702 11
85 198
85 199
85 200
85 201
85 202
85 203
85 204
85 205
85 163
85 206
85 27
85 171
85 207
85 208
85 209
85 9
85 210
85 164
85 45
85 211
85 106
85 212
85 213
85 107
85 53
85 214
180 215
703 216
376 191
391 217
391 218
66 84
66 114
66 219
476 201
476 102
476 45
176 74
141 139
141 220
141 221
704 50
705 222
76 223
76 224
76 225
76 226
320 227
320 10
320 9
706 228
341 229
341 159
341 182
93 52
93 184
266 230
554 231
707 84
708 232
204 164
204 85
69 122
69 84
69 233
69 234
69 18
709 18
89 235
147 236
147 104
147 237
544 238
544 49
206 49
206 85
342 239
251 240
251 241
251 242
251 243
251 244
523 245
546 246
677 243
677 40
710 11
125 11
125 247
642 248
711 249
711 250
712 251
666 252
87 253
713 110
576 126
576 254
576 255
576 256
714 257
715 258
72 259
72 260
72 202
72 261
72 262
716 263
717 175
371 264
371 265
230 266
230 18
541 62
541 169
541 179
541 267
541 268
148 269
460 226
512 45
362 270
362 271
362 174
362 64
718 272
150 273
719 274
213 85
213 275
131 122
131 276
131 277
131 11
131 78
131 70
720 278
721 104
140 220
37 6
37 262
507 279
507 280
722 21
276 281
276 131
276 282
723 283
398 284
398 110
626 97
626 74
724 68
144 135
144 74
144 112
144 285
597 286
597 135
725 7
726 112
727 271
727 243
728 186
728 13
729 287
94 122
94 288
94 289
730 290
485 260
485 131
485 291
731 292
288 293
288 94
491 18
491 21
491 254
491 294
490 295
732 296
167 82
733 163
453 154
127 11
127 297
127 1
734 79
734 298
330 299
29 300
29 23
29 136
635 301
735 18
736 302
737 290
62 303
62 89
62 304
62 84
62 177
62 115
62 6
62 305
62 306
668 307
75 281
75 67
75 308
75 8
193 309
193 310
458 311
327 18
327 312
567 313
567 314
112 49
112 315
112 11
112 316
112 317
112 204
112 85
9 32
9 318
9 319
9 51
9 320
9 261
9 321
9 232
9 322
9 203
9 85
9 264
9 323
9 82
449 166
86 324
86 120
86 318
108 164
105 85
105 325
312 320
312 326
312 327
312 248
277 78
277 328
277 131
277 329
464 5
520 330
520 331
60 262
42 220
448 226
448 332
414 333
430 334
430 335
738 82
323 336
323 155
323 337
323 23
323 56
513 338
513 45
494 297
494 264
22 271
22 18
739 339
569 227
740 340
159 341
159 182
47 54
47 32
239 342
741 92
423 343
423 10
423 65
423 344
423 345
423 346
742 12
743 347
143 348
744 349
745 122
445 350
445 351
445 352
445 353
445 354
746 117
746 355
643 356
222 357
474 358
474 359
474 79
474 45
747 360
422 313
196 361
196 153
196 53
196 151
133 27
133 362
492 363
395 364
395 365
748 12
162 366
749 177
749 6
749 367
178 125
178 368
487 201
417 369
528 356
101 206
370 370
750 371
750 372
657 49
657 337
657 344
751 11
191 373
191 374
191 15
191 375
191 376
191 377
752 378
753 214
114 66
754 330
755 273
7 51
260 379
260 72
260 380
260 381
260 1
183 382
183 270
183 260
36 18
633 81
633 383
633 384
188 15
756 184
757 11
757 177
379 260
758 77
408 385
408 18
408 97
408 88
759 333
760 31
1 386
1 64
1 11
1 18
1 329
1 323
1 122
1 387
1 15
1 270
1 388
1 260
1 171
1 320
1 366
1 232
1 128
1 217
1 389
1 210
1 89
1 50
1 31
1 284
1 390
1 10
1 391
1 392
1 393
1 394
1 395
1 318
640 396
455 397
455 126
455 40
110 49
110 398
110 62
110 399
110 1
761 23
762 400
592 68
14 401
14 269
14 23
14 402
14 85
14 403
174 362
174 169
174 176
174 214
174 82
174 404
763 405
764 260
765 123
168 406
766 256
652 407
88 11
88 408
88 74
767 31
536 84
536 252
489 226
381 409
381 270
381 160
381 1
381 410
768 147
521 57
521 411
521 331
333 113
333 412
333 413
333 84
333 414
333 415
333 12
333 416
333 353
680 417
680 418
769 85
318 27
318 419
318 20
318 420
50 27
50 5
50 421
618 49
618 242
618 244
463 422
770 127
771 65
344 423
344 179
344 424
344 425
344 23
344 53
129 426
561 106
340 196
340 427
299 330
510 45
481 6
570 6
772 420
524 281
524 423
524 352
524 256
302 57
302 15
439 428
439 267
439 429
413 430
413 431
113 432
113 330
113 424
113 254
113 333
578 433
578 126
773 122
608 33
608 65
774 166
775 18
551 434
655 92
655 6
562 121
776 329
604 16
777 186
293 148
298 435
298 436
472 437
609 33
609 121
778 269
123 243
429 281
429 438
429 439
429 94
337 421
257 440
257 441
457 262
779 64
779 442
779 443
780 444
526 356
526 366
526 281
526 445
781 260
782 446
782 447
237 147
637 85
637 448
637 323
38 18
783 396
166 449
166 65
166 116
198 450
198 85
199 85
784 451
784 270
784 68
77 298
77 315
184 452
184 382
184 176
184 115
202 81
202 453
202 85
518 20
518 31
456 18
456 131
785 454
786 331
787 18
40 455
40 441
40 456
187 15
187 243
262 60
262 457
262 458
262 459
262 413
74 232
74 460
74 214
74 338
74 317
74 207
74 144
461 461
788 11
139 446
139 229
139 220
139 141
789 462
790 423
790 463
403 201
522 320
232 9
3 2
3 65
27 281
27 50
27 52
27 464
27 11
27 465
27 82
27 466
27 467
27 468
27 210
27 23
27 469
27 133
27 385
27 470
27 220
27 18
27 227
791 104
599 332
437 471
437 472
437 473
437 156
437 82
792 91
792 253
175 344
175 474
46 475
102 164
102 476
793 168
793 68
353 477
353 478
353 333
353 414
353 84
353 65
590 68
270 122
270 347
270 88
270 1
270 183
270 160
377 191
515 290
515 410
794 37
795 479
796 480
797 481
81 482
81 483
81 484
81 59
81 235
81 485
103 192
352 486
798 18
467 1
799 65
201 201
201 403
201 487
226 76
226 488
226 489
226 11
226 28
226 31
226 490
226 460
800 65
641 23
21 122
21 121
21 18
21 118
21 491
801 341
801 169
363 492
530 97
530 319
802 493
297 494
297 495
297 496
297 27
297 17
297 127
297 497
297 498
297 227
297 264
297 72
297 85
297 275
803 447
572 12
385 468
385 408
385 433
207 164
207 85
207 499
804 244
804 48
501 320
501 500
501 501
543 169
24 67
246 122
246 296
39 502
70 122
70 401
70 11
70 18
70 151
70 503
70 94
70 504
70 505
70 506
805 410
806 400
56 323
56 48
321 9
280 507
581 18
593 164
593 508
593 68
415 333
807 11
45 417
45 106
45 476
45 509
45 510
45 511
45 512
45 18
45 513
32 514
32 102
10 122
10 320
10 18
10 177
10 515
10 190
10 112
10 31
10 424
808 11
538 15
336 323
325 105
325 186
392 502
392 180
392 516
392 392
392 243
35 130
35 18
128 1
19 18
107 164
107 85
267 62
267 9
563 121
563 22
809 500
12 517
12 257
12 401
12 320
12 333
12 518
12 68
12 519
12 135
331 486
331 22
331 124
331 520
331 521
331 522
810 523
810 43
281 27
281 524
281 525
281 526
281 429
811 15
812 246
813 1
539 135
100 190
814 453
4 527
328 277
328 1
815 528
182 341
182 421
58 25
58 134
58 529
816 382
496 530
496 531
286 16
286 18
314 72
314 1
149 452
817 18
818 349
819 6
589 532
617 533
617 320
820 65
821 534
426 345
426 264
678 15
678 436
271 64
822 529
822 123
823 65
284 303
284 398
284 80
284 1
329 98
329 535
329 74
824 72
130 33
130 84
130 35
825 392
667 536
667 399
137 537
135 11
135 538
135 383
135 12
135 539
826 57
346 423
827 62
828 68
829 540
95 52
169 541
169 91
169 18
169 126
169 542
169 174
169 543
169 82
830 65
831 252
831 45
49 544
49 311
274 371
274 72
573 545
200 164
200 85
832 546
649 302
649 547
649 155
833 260
365 548
236 333
236 92
236 424
236 147
834 11
186 54
186 549
835 550
836 515
836 369
434 339
434 551
674 242
441 33
441 257
441 40
367 23
837 342
838 173
124 331
124 552
839 553
840 159
841 82
231 394
231 554
602 555
602 369
132 11
842 556
645 316
843 557
843 466
844 558
845 559
846 264
846 560
847 552
605 398
605 218
106 561
106 45
503 104
394 231
160 366
160 270
848 375
629 245
121 15
121 562
121 21
121 563
121 98
121 307
849 18
65 564
65 565
850 12
850 227
359 474
359 566
851 65
852 85
313 567
313 463
853 18
854 568
227 320
227 297
227 569
6 555
6 64
6 446
6 570
6 571
6 130
6 527
6 504
6 481
6 37
6 572
6 51
855 239
545 573
614 574
126 575
126 169
126 424
126 576
126 577
126 578
126 196
126 579
564 65
564 580
583 252
583 581
583 277
591 191
591 582
856 320
269 17
269 148
387 583
857 217
858 266
306 581
306 147
249 584
181 585
181 421
78 131
78 586
142 348
859 587
219 66
860 62
53 122
53 328
53 85
53 196
283 72
402 14
532 536
532 588
532 186
532 589
659 151
861 65
679 559
397 344
68 236
68 302
68 89
68 590
68 591
68 232
68 129
68 536
68 26
68 592
68 511
68 72
68 593
68 369
317 11
317 74
317 594
279 507
495 10
616 595
616 62
616 243
616 408
189 188
862 192
863 65
863 56
115 432
115 184
115 64
115 596
171 121
171 514
171 85
864 298
247 125
247 597
865 23
865 94
98 598
98 121
98 11
866 65
535 329
332 161
332 448
332 599
373 290
373 600
373 601
867 260
555 80
555 602
555 417
555 603
555 243
555 425
218 604
218 159
218 605
868 606
869 127
869 332
511 68
511 45
870 474
871 1
211 85
303 284
303 62
308 75
648 18
648 607
33 608
33 18
33 52
33 1
33 95
33 31
33 81
33 609
33 610
33 441
872 611
872 612
380 260
873 6
675 242
874 613
875 54
574 614
80 284
80 615
80 555
80 208
80 163
179 476
876 169
877 173
533 616
533 617
261 606
261 6
261 77
261 143
244 383
244 618
244 619
244 620
244 621
442 520
442 404
409 381
615 13
577 622
577 282
603 155
273 150
584 67
584 623
57 243
264 371
264 426
264 297
264 624
264 9
878 625
878 87
205 85
205 206
446 444
446 261
446 6
446 1
446 242
97 214
97 626
97 94
628 627
628 628
879 446
440 257
454 629
383 630
383 62
383 631
383 165
383 632
383 633
383 1
383 135
161 366
161 634
43 320
43 12
43 165
470 27
345 423
345 426
301 635
566 164
880 636
881 65
882 317
883 30
884 57
884 92
885 330
885 425
225 10
886 428
886 268
31 122
31 15
31 541
31 226
31 97
31 421
31 23
31 518
31 85
31 76
31 33
31 637
627 628
887 638
673 639
888 48
396 640
396 641
889 459
248 312
248 326
248 642
356 113
356 643
356 516
356 528
356 397
356 169
356 644
632 383
316 645
316 392
316 112
594 317
368 85
890 297
282 276
891 65
486 290
486 147
486 646
486 647
486 6
486 43
486 352
486 74
892 277
91 648
91 495
893 11
893 140
894 18
547 649
547 532
547 256
895 650
896 217
896 651
896 65
896 45
897 65
20 334
20 240
20 18
20 333
20 518
20 318
64 271
64 21
64 84
64 115
64 6
64 18
122 122
122 21
122 352
122 652
122 10
122 626
122 94
122 23
122 131
122 85
122 53
122 653
898 603
606 229
606 184
484 631
484 654
163 164
163 85
407 273
407 652
92 655
92 319
92 242
92 65
899 656
59 657
59 18
221 141
221 263
309 426
900 52
901 252
902 262
404 282
404 174
404 442
404 658
357 222
16 350
16 286
16 84
16 606
16 502
601 373
903 490
903 168
151 104
151 659
151 70
151 196
904 368
435 298
600 373
311 72
311 458
311 262
621 45
681 660
71 661
71 388
557 385
542 169
542 228
905 30
906 45
598 98
598 18
907 72
79 662
79 184
79 474
259 72
908 502
909 84
195 361
195 376
549 186
405 92
910 663
910 92
910 6
910 664
911 252
912 573
913 399
670 92
670 23
914 131
915 665
596 115
596 305
916 180
916 564
153 15
153 196
153 178
254 113
254 271
254 21
254 11
254 635
254 576
254 523
254 17
254 491
234 519
917 548
358 474
588 531
252 666
228 542
399 667
399 453
399 185
399 668
399 110
610 33
610 52
918 352
919 306
920 527
921 232
922 669
23 122
23 637
23 27
23 453
23 18
23 670
23 300
23 67
23 31
23 118
23 367
23 136
23 82
263 67
263 150
263 221
923 177
326 248
924 671
924 131
924 672
639 673
639 18
209 85
925 85
242 618
242 49
242 18
242 159
242 674
242 621
242 675
242 208
926 676
243 677
243 251
243 555
243 18
436 330
436 678
436 298
436 305
210 25
210 85
210 355
210 281
559 679
927 532
928 27
928 333
369 330
369 290
369 410
369 602
369 417
575 89
575 49
575 176
240 251
634 24
634 214
233 69
390 113
418 338
418 680
660 681
929 631
156 437
134 11
307 668
499 45
