461 0
200 1
200 2
677 3
678 4
678 5
450 6
679 7
679 8
679 9
116 10
116 11
116 12
680 13
681 14
177 15
177 16
177 17
177 18
177 19
177 20
177 21
177 22
177 23
177 24
177 25
177 26
177 27
667 28
682 29
398 30
590 31
683 18
441 32
441 33
441 34
530 35
530 36
684 29
75 37
75 38
75 39
75 40
75 41
685 42
674 43
85 44
85 45
85 46
85 47
85 48
85 49
85 50
347 51
347 9
347 52
347 53
347 30
347 54
180 55
180 56
180 57
180 58
180 59
180 4
180 60
598 18
686 61
71 1
71 7
71 35
687 62
7 63
7 64
7 65
7 66
7 67
7 68
7 69
7 70
7 71
7 14
688 72
689 73
89 74
89 35
39 75
39 76
163 77
690 78
352 79
352 80
653 81
691 82
692 83
693 84
694 85
695 86
562 32
696 87
696 88
696 89
696 90
484 91
484 92
589 93
589 94
132 95
153 6
153 96
615 97
697 98
698 99
320 100
320 101
320 53
320 102
320 103
320 69
320 104
320 105
320 106
320 107
290 108
290 109
699 110
700 111
45 112
45 113
45 114
45 115
45 116
45 18
45 117
45 118
45 119
45 120
45 121
45 122
45 20
45 69
45 123
45 124
45 125
45 126
45 91
45 127
45 128
45 129
45 130
45 131
45 132
45 40
45 92
179 133
179 20
179 74
179 32
701 78
701 6
12 134
12 135
12 136
12 137
12 138
12 139
12 116
12 69
12 140
12 141
12 142
12 143
12 144
12 145
12 146
12 147
12 148
12 149
12 150
273 151
63 7
297 152
9 153
9 154
9 155
9 156
9 157
702 4
702 158
312 159
312 30
548 69
452 6
299 160
224 116
224 161
585 3
77 162
77 163
77 164
77 165
512 70
5 166
230 11
230 128
230 167
285 168
285 169
703 170
703 171
703 18
703 172
703 173
704 34
359 130
359 174
20 175
20 176
20 177
20 91
20 45
20 178
20 30
20 179
20 180
20 69
20 181
20 173
20 182
20 183
20 40
20 184
20 92
20 185
295 152
192 186
192 187
192 188
192 189
192 190
192 191
192 192
192 174
255 193
255 194
255 195
705 7
64 1
706 196
539 197
539 147
82 29
82 72
82 198
82 114
82 199
526 200
707 201
648 202
595 203
595 14
708 14
60 180
709 204
709 205
709 206
709 207
709 208
709 183
56 209
56 4
56 210
158 147
158 211
710 212
332 213
332 214
332 215
332 58
332 216
332 180
332 62
332 110
114 45
572 44
711 217
711 218
711 219
136 12
136 181
16 220
437 12
437 221
437 222
670 207
712 223
272 224
272 225
168 226
168 35
713 154
560 227
560 147
560 228
167 229
167 230
714 204
388 186
386 231
715 201
715 232
252 233
252 7
252 195
575 53
575 206
501 234
501 235
328 236
328 237
362 130
716 139
717 238
346 239
346 240
346 53
718 44
719 241
91 20
91 242
91 243
91 244
521 18
419 86
216 119
216 245
216 173
216 47
433 246
642 247
409 248
336 249
720 250
489 186
489 251
195 149
195 252
660 11
660 101
660 32
232 253
544 69
380 53
380 65
380 147
380 254
380 30
194 255
18 256
18 95
18 45
18 257
18 140
18 177
18 11
18 258
18 25
18 235
638 259
721 260
573 44
573 261
186 190
186 262
186 188
186 48
186 263
334 264
334 265
334 266
555 141
555 69
555 150
634 180
120 45
121 47
121 45
307 267
293 2
536 268
536 269
722 209
722 270
722 199
225 237
225 271
225 272
225 273
723 274
665 11
399 275
623 215
623 276
566 277
566 203
566 278
724 20
438 40
725 196
579 235
532 197
726 147
145 12
727 279
728 147
729 280
730 281
604 209
500 282
500 272
500 222
390 125
88 283
731 20
731 284
169 285
169 203
169 286
169 287
288 288
274 289
108 290
439 4
439 40
439 291
2 292
2 68
2 200
2 70
2 293
152 294
152 295
152 296
152 297
160 298
160 299
732 11
134 197
134 300
134 12
733 301
356 302
540 303
734 304
171 305
171 229
242 91
242 76
358 306
358 307
358 3
74 179
74 308
74 89
74 35
159 309
159 310
159 212
159 311
159 312
584 3
735 313
552 314
736 196
628 315
641 316
1 63
1 68
1 200
1 317
103 245
103 318
103 281
103 220
533 319
106 320
378 69
378 24
480 233
480 321
480 30
406 322
406 323
140 289
140 12
140 324
140 317
140 48
518 325
127 53
149 203
149 326
149 327
149 328
149 77
149 329
199 55
199 6
113 330
113 81
215 331
215 332
215 41
737 333
190 154
190 190
738 156
738 317
266 334
739 335
740 41
256 336
423 139
571 44
486 153
486 337
741 79
617 245
617 338
617 103
302 47
99 135
99 7
99 24
99 339
99 340
742 341
743 116
188 263
463 342
219 69
219 343
219 344
744 3
15 177
30 345
30 346
30 176
30 312
30 347
30 238
30 20
30 69
30 173
30 191
30 348
621 84
621 349
305 171
482 350
523 49
523 351
523 203
523 32
523 45
79 352
79 11
79 181
745 3
746 336
428 353
485 166
485 232
101 19
101 320
101 354
101 84
747 355
47 45
47 85
47 236
47 216
47 322
47 121
47 152
47 77
47 356
130 357
130 91
130 319
130 358
130 359
130 360
130 110
130 304
130 8
130 361
130 362
130 355
130 24
748 106
652 363
652 364
749 365
354 366
354 367
354 368
354 215
354 369
354 370
354 371
354 372
354 373
354 374
354 101
750 261
751 69
223 41
483 350
340 375
752 41
210 56
210 376
599 257
563 377
237 151
55 196
753 378
754 131
754 379
65 380
65 381
19 177
19 101
19 269
326 382
326 203
326 141
326 176
326 383
326 30
326 20
326 384
326 236
326 117
326 77
326 277
326 184
326 40
326 149
630 72
597 311
577 312
577 149
577 41
567 385
481 214
607 365
755 335
137 12
664 11
231 386
231 9
231 116
231 223
231 387
231 11
231 235
34 175
125 388
125 239
125 20
125 389
125 390
125 391
454 6
756 392
415 393
229 171
229 167
59 180
54 394
54 395
54 396
757 201
425 346
425 119
425 239
425 397
425 325
425 214
425 221
275 398
275 399
614 100
614 159
128 400
128 401
128 96
758 80
151 97
151 402
151 237
593 403
593 394
759 404
197 40
197 80
366 405
366 354
323 406
323 407
248 408
248 409
760 236
760 96
582 410
52 347
673 175
445 411
445 412
761 413
761 414
762 131
24 177
24 130
24 69
29 4
29 415
763 79
763 416
763 417
193 418
193 255
608 407
86 166
86 417
86 419
46 194
226 41
226 420
226 168
226 215
226 11
226 235
226 421
361 361
361 130
361 320
650 197
418 69
418 422
418 143
139 423
139 12
139 69
139 341
139 1
764 424
10 116
142 68
142 425
142 426
142 9
765 427
766 149
767 52
767 123
353 428
668 277
768 173
23 177
144 12
643 429
25 245
25 430
25 122
769 431
534 319
448 6
770 74
344 432
246 433
453 6
453 434
212 159
49 133
49 356
49 335
49 435
49 238
221 425
221 352
221 436
221 437
40 249
40 438
40 353
40 439
40 40
40 440
40 441
40 141
771 442
490 443
606 444
411 445
457 446
201 180
271 47
772 80
458 69
458 446
458 72
773 447
543 69
6 448
6 449
6 450
6 451
6 452
6 238
6 453
6 454
6 69
6 70
6 455
6 153
6 456
6 385
6 199
17 177
446 457
446 458
446 459
774 460
0 461
775 68
776 272
776 462
776 463
262 186
262 262
262 464
262 70
22 69
22 465
22 466
655 467
777 269
778 12
26 177
26 24
472 468
472 41
472 469
472 470
472 471
472 429
472 472
442 473
779 70
509 420
780 166
507 474
781 164
781 161
161 475
161 40
161 476
161 477
408 248
782 478
41 479
41 223
449 6
321 480
551 86
214 481
350 482
350 483
783 69
431 69
784 3
785 265
666 11
654 343
611 269
611 13
786 68
592 85
787 484
166 269
166 86
166 485
166 84
245 363
245 133
245 220
245 284
245 342
245 303
245 25
245 385
245 261
640 403
337 486
337 69
337 337
337 150
468 487
788 32
119 45
119 425
119 488
119 216
789 392
790 224
258 489
443 490
443 491
443 492
183 20
791 493
792 308
529 301
174 66
174 85
174 359
174 68
174 142
174 70
174 192
174 254
793 448
427 494
427 425
427 495
427 496
364 497
510 498
510 499
322 406
322 489
558 231
558 141
580 235
222 320
222 437
222 326
222 500
222 501
222 502
222 503
222 489
222 124
496 427
123 504
794 505
795 21
625 341
651 19
651 150
647 96
238 49
238 453
238 6
238 140
238 381
129 45
291 69
291 439
109 290
796 506
503 222
797 199
797 45
797 507
797 9
112 508
155 269
155 182
417 197
417 86
417 69
417 319
417 399
420 509
420 226
798 79
313 401
498 510
799 511
70 154
70 68
70 262
70 143
70 192
70 512
800 380
464 262
263 513
261 514
261 506
569 44
240 141
801 515
802 398
803 299
76 242
76 69
76 313
249 40
249 336
198 82
198 516
476 161
669 119
669 153
669 157
804 340
122 45
122 235
310 159
296 294
296 69
805 245
281 103
325 425
325 517
325 518
325 506
806 154
806 262
253 519
253 232
520 520
520 78
520 435
379 131
434 453
208 420
807 6
204 74
808 21
809 91
809 521
809 522
810 357
811 523
812 524
561 233
561 110
561 30
401 406
401 525
401 526
813 157
814 128
391 527
309 159
519 253
519 528
519 511
117 45
815 39
301 69
301 529
816 28
35 168
35 11
35 74
35 530
35 531
360 334
360 130
817 532
319 417
319 92
319 130
319 533
319 362
319 50
319 534
818 535
513 186
525 406
525 401
211 511
819 536
308 74
424 305
372 370
250 537
384 277
303 245
303 538
303 539
303 540
303 197
820 88
581 235
176 20
821 541
822 294
178 110
239 346
68 154
68 1
68 190
68 262
68 192
68 263
342 245
342 463
69 197
69 320
69 542
69 417
69 543
69 437
69 544
69 45
69 301
69 545
69 173
69 546
69 93
69 12
69 235
69 447
69 6
69 547
69 548
69 549
69 550
69 430
69 418
69 551
69 552
69 7
69 553
69 296
69 451
69 20
69 39
69 222
69 147
69 161
69 204
69 252
69 206
69 539
69 554
69 387
69 291
69 392
69 414
69 494
69 199
282 278
141 555
141 13
141 96
141 9
141 12
141 556
141 557
141 128
141 173
141 222
141 191
141 40
141 558
141 559
147 377
147 69
147 92
147 560
823 561
824 31
825 548
826 562
377 563
377 70
459 564
459 446
284 63
371 45
371 327
387 231
387 69
387 565
278 282
278 195
278 53
278 566
827 40
385 283
385 6
385 467
385 567
385 245
385 161
44 568
44 569
44 570
44 571
44 572
44 4
44 573
164 77
828 574
619 124
53 346
53 575
53 380
829 133
110 215
110 417
235 576
235 577
235 578
235 521
235 579
235 35
235 390
235 69
235 580
235 191
235 581
235 494
235 146
235 502
48 140
48 272
184 20
410 582
576 235
675 583
830 384
3 584
3 585
220 245
220 414
220 16
831 347
672 586
331 587
329 149
568 44
568 16
832 99
553 69
833 348
594 394
594 395
834 588
835 158
94 589
31 590
355 77
355 591
355 519
355 592
836 76
318 103
394 593
394 397
394 594
394 41
95 211
95 523
95 489
95 132
51 89
243 91
111 407
837 161
838 429
414 69
414 11
414 220
414 141
414 36
494 427
494 235
203 595
203 592
203 523
203 596
311 159
311 597
311 150
839 45
635 417
257 598
257 599
173 133
173 69
173 600
173 30
173 9
93 589
840 341
841 322
841 41
841 9
73 11
73 159
162 601
162 602
209 603
209 519
209 56
209 604
209 605
209 606
842 78
365 607
407 608
407 609
407 418
407 323
474 507
133 179
133 610
133 173
58 258
843 267
843 307
844 579
13 611
13 570
13 126
13 158
13 257
13 612
13 174
13 238
13 455
13 77
13 141
13 25
13 442
182 173
845 245
502 235
626 613
535 614
61 615
61 616
61 30
846 36
847 40
338 617
338 85
511 193
511 615
511 280
511 618
36 126
148 12
124 45
124 619
124 500
124 222
848 609
244 91
244 147
244 223
206 69
556 141
556 570
397 130
397 425
397 335
397 567
397 620
605 209
80 352
80 221
849 397
850 40
850 173
349 621
349 80
146 622
146 12
146 235
345 272
345 502
631 269
542 69
341 623
341 624
341 625
610 133
851 21
613 626
557 141
852 627
315 628
315 347
269 629
269 19
269 630
269 536
269 631
269 632
304 130
304 633
853 634
118 45
854 635
98 636
98 69
466 572
466 82
466 637
466 22
479 41
547 467
547 69
547 558
547 6
259 638
855 209
855 358
495 427
661 32
856 397
218 639
403 239
403 76
403 47
403 224
403 69
403 40
403 640
857 432
316 641
858 186
645 435
859 157
189 192
298 3
247 642
396 54
429 643
435 520
435 644
435 645
435 143
860 646
603 414
96 647
96 30
96 398
96 128
96 414
96 153
96 40
96 141
96 92
96 551
96 165
317 1
317 99
327 371
327 375
327 149
202 648
861 649
150 311
150 650
150 651
150 484
150 33
150 152
150 337
72 82
72 458
72 165
363 245
363 397
363 652
363 653
363 35
570 44
570 13
862 484
343 654
863 201
467 655
864 418
138 133
138 180
865 335
866 656
867 201
868 347
600 173
105 320
50 130
50 319
50 85
869 419
32 73
32 657
32 658
32 659
32 562
32 179
32 193
32 523
32 660
32 661
66 536
66 662
612 663
181 20
181 173
11 73
11 664
11 231
11 45
11 116
11 35
11 537
11 414
11 665
11 79
11 666
11 441
436 436
455 6
233 30
870 150
57 180
871 41
578 235
676 122
676 506
872 199
499 510
236 47
873 80
28 667
28 261
4 29
4 56
4 439
4 385
4 150
277 668
277 384
277 566
277 326
185 175
874 519
135 7
135 12
135 99
135 207
491 197
491 342
491 80
491 226
491 669
395 54
395 397
395 594
395 41
207 135
207 670
104 320
875 671
37 75
586 672
175 607
175 173
175 339
175 673
43 674
506 675
506 676
506 52
506 325
506 208
506 245
506 261
