556 0
556 1
556 2
249 3
249 4
249 5
8 6
8 7
8 8
8 9
8 10
8 11
8 12
8 13
8 14
8 15
8 16
8 17
8 18
8 19
8 20
8 21
8 22
8 23
8 24
8 25
8 26
8 27
8 28
8 29
8 30
276 31
276 32
276 33
276 34
276 35
276 36
276 37
276 38
276 39
276 40
276 41
383 42
383 43
383 44
22 45
22 46
22 47
22 48
22 8
22 49
22 50
22 51
22 52
22 53
22 30
9 22
9 8
9 54
418 55
418 56
418 57
418 25
418 58
614 6
614 59
615 2
320 60
616 25
617 61
95 62
111 63
111 18
111 64
111 38
111 65
111 66
197 67
197 68
197 69
277 70
277 31
277 24
277 71
618 72
619 67
340 19
340 73
257 74
67 75
67 19
67 76
67 50
67 77
67 78
67 79
483 80
620 11
423 81
423 82
423 83
87 84
477 85
621 86
120 87
199 23
622 88
226 89
422 85
623 90
460 91
460 92
460 93
460 94
62 95
624 47
624 74
499 96
499 97
219 98
219 99
625 100
625 101
27 102
27 103
27 104
27 8
27 105
27 106
27 44
408 107
408 108
626 109
63 110
63 111
627 112
48 47
48 113
48 35
48 114
48 115
48 25
48 116
48 105
48 117
48 118
48 119
48 120
48 121
48 122
48 123
48 22
48 124
48 125
48 16
628 85
540 126
243 127
629 128
125 6
125 129
125 130
125 19
125 48
125 131
125 23
125 116
630 48
630 4
606 132
133 7
133 133
133 101
631 134
632 135
633 136
14 137
77 67
77 77
366 138
15 139
15 140
15 141
15 142
15 118
15 143
16 6
16 8
16 144
16 145
16 146
16 147
16 148
16 149
16 150
16 111
16 151
16 152
16 153
16 154
16 155
16 129
16 156
16 18
16 157
16 158
16 159
16 160
16 116
16 161
16 39
16 162
16 163
16 92
16 164
634 165
572 48
572 166
635 167
163 168
163 169
388 45
388 151
388 19
388 170
388 101
388 171
392 142
392 150
636 172
637 173
638 174
507 175
507 176
482 1
639 141
139 1
139 142
139 19
139 85
237 12
237 177
237 178
237 53
375 179
640 29
118 180
118 141
118 181
118 48
118 182
118 15
118 183
118 12
118 184
118 59
641 185
642 186
642 138
642 187
278 31
28 188
28 8
435 1
426 189
426 190
313 191
7 6
382 192
459 193
643 117
263 119
263 117
263 194
644 195
645 25
646 196
69 197
23 198
23 199
23 8
23 200
647 18
648 201
649 112
649 202
543 111
59 203
59 204
59 85
59 123
59 16
59 205
327 114
327 86
442 206
47 207
47 48
47 8
47 208
47 209
47 210
47 85
47 189
47 22
47 211
47 13
47 83
650 212
496 117
496 213
562 68
136 214
136 215
575 216
508 217
508 218
596 219
513 93
651 141
652 151
583 78
312 126
312 25
312 220
312 221
312 196
312 85
312 222
312 223
141 224
141 225
141 226
141 118
141 227
141 228
141 24
141 29
141 149
181 229
181 118
370 30
528 57
448 38
448 143
448 116
653 230
654 117
297 119
297 231
297 196
381 232
381 233
655 234
445 235
224 236
224 237
224 39
224 238
241 239
595 98
479 143
656 240
656 241
657 242
658 16
127 243
127 244
209 209
209 47
209 151
209 245
298 176
298 246
298 247
298 92
298 248
3 249
74 250
74 251
74 252
74 141
74 26
74 98
74 19
74 165
74 253
74 254
74 255
74 256
74 257
74 258
74 259
74 260
74 172
74 261
659 262
457 263
457 264
457 194
457 265
457 195
457 266
457 169
457 267
457 204
457 154
457 268
457 269
457 160
558 270
589 171
294 239
294 271
294 256
294 272
2 81
2 273
660 274
318 275
31 182
31 276
31 277
31 278
31 159
31 279
58 280
387 281
387 151
387 173
18 25
18 16
661 48
661 282
93 138
93 182
93 116
21 8
317 113
662 283
377 284
377 285
377 286
663 67
555 159
117 167
117 287
117 213
117 263
395 165
39 1
39 8
39 268
39 19
39 276
39 288
39 158
39 16
664 46
665 289
665 41
665 16
561 290
309 8
88 291
88 18
88 134
88 292
88 293
88 294
88 272
196 289
196 295
196 296
196 297
666 81
137 138
137 298
137 14
137 299
137 300
137 301
137 302
137 303
314 98
314 119
314 79
452 304
452 287
452 305
10 8
10 12
10 306
10 93
10 307
667 222
65 111
65 308
187 309
187 310
187 311
187 268
668 2
587 37
258 251
258 205
669 129
399 105
399 92
239 312
239 241
53 237
670 160
319 14
191 313
36 31
36 314
36 276
36 151
36 225
503 315
123 48
123 275
123 85
123 27
123 316
123 317
123 59
123 318
70 319
70 277
70 141
60 320
68 197
68 19
68 97
49 22
49 25
49 321
360 322
360 323
360 324
671 106
76 325
76 67
76 78
76 197
76 326
114 48
114 327
114 311
114 328
394 329
394 330
672 172
673 181
674 24
124 48
574 331
675 288
216 103
676 332
677 138
678 333
149 141
303 137
679 48
536 280
535 280
343 19
680 176
681 22
682 125
431 334
683 52
683 335
683 69
683 336
474 337
474 303
71 277
684 338
167 74
282 339
593 176
593 25
557 270
19 1
19 138
19 340
19 38
19 341
19 147
19 125
19 74
19 180
19 342
19 111
19 343
19 64
19 119
19 344
19 8
19 345
19 102
19 252
19 338
19 235
19 264
19 346
19 116
19 26
19 347
19 310
19 68
19 178
19 322
19 200
19 217
19 39
19 85
19 348
19 92
390 349
350 350
348 16
122 48
122 0
122 351
51 22
437 352
437 85
90 68
301 137
301 210
551 353
311 354
311 101
311 114
685 355
686 356
687 357
688 48
591 314
591 358
322 6
322 359
322 226
322 34
322 351
322 341
322 73
322 360
322 19
322 361
465 362
465 363
252 129
252 364
252 19
138 241
138 365
138 106
138 276
138 18
138 19
138 269
138 178
138 93
138 163
138 366
138 226
480 1
480 177
480 367
689 368
689 369
91 370
91 371
159 31
159 277
159 20
368 338
368 372
368 373
368 374
179 375
330 329
690 376
691 377
130 26
130 125
130 378
692 8
693 88
42 379
42 380
232 207
232 381
456 178
192 382
221 291
221 85
221 30
694 150
695 101
582 383
582 384
582 143
582 385
466 376
466 169
466 386
466 33
696 311
44 27
44 383
273 2
697 16
698 143
110 85
103 387
103 141
341 388
341 8
341 92
341 389
341 116
361 6
361 322
361 390
236 391
236 224
699 301
142 15
142 392
112 393
372 102
372 177
329 394
700 143
165 395
165 396
165 295
165 255
165 268
701 141
106 138
106 397
106 398
106 101
106 193
106 27
106 399
106 13
106 400
94 40
531 101
702 401
703 377
45 388
45 402
150 55
150 392
547 31
547 403
704 155
108 404
108 405
108 406
108 407
108 85
108 298
108 408
705 125
502 397
50 22
706 54
707 198
708 15
709 12
102 89
102 372
285 377
37 6
37 185
37 204
156 280
156 207
156 409
156 16
338 410
338 411
338 93
338 368
450 412
450 413
450 414
450 415
450 98
450 388
450 152
450 416
450 417
57 119
57 418
57 85
79 67
79 314
79 419
79 420
79 233
79 421
710 422
81 112
81 423
81 146
81 424
81 425
81 96
81 189
81 399
81 2
711 69
190 426
712 322
602 370
602 124
602 155
602 427
430 428
430 322
430 429
355 116
355 201
217 387
713 314
429 430
429 85
429 114
510 176
334 431
714 143
292 88
146 432
146 4
146 295
146 433
715 6
715 85
246 219
439 104
439 434
439 435
189 426
189 423
189 81
189 227
189 288
182 31
182 180
182 104
182 118
182 93
182 12
716 48
538 436
344 118
344 19
344 116
326 48
326 103
352 437
352 438
352 85
352 146
104 439
104 182
104 440
104 155
104 27
104 210
717 441
206 442
206 289
206 443
396 295
396 165
402 45
235 444
235 445
718 446
185 150
719 447
719 16
116 19
116 312
116 8
116 93
116 73
116 355
116 448
116 344
116 13
116 449
116 272
116 125
413 450
46 451
46 22
46 449
46 40
305 452
213 117
310 187
720 453
721 454
548 400
178 455
178 180
178 138
178 96
178 456
178 237
269 138
269 457
424 424
424 25
722 458
722 80
162 85
193 106
193 459
328 114
723 74
92 345
92 460
92 151
92 461
92 19
92 40
92 399
92 298
92 16
610 462
389 177
161 1
161 463
373 368
286 464
286 270
286 377
724 47
478 98
478 143
478 145
52 268
272 119
272 294
272 88
272 116
215 48
215 341
363 465
514 380
514 287
514 53
514 463
514 466
600 155
267 467
153 355
153 16
725 362
725 468
119 291
119 469
119 48
119 255
119 297
119 263
119 470
119 272
410 471
554 2
726 249
545 469
727 398
727 93
727 215
609 16
393 112
393 134
469 119
728 472
73 42
73 180
73 473
73 340
73 331
73 55
73 322
73 323
73 40
73 137
73 116
73 237
73 474
73 475
169 98
169 169
13 47
13 476
13 141
13 30
434 439
729 25
131 125
222 48
367 1
367 377
730 81
346 177
488 72
592 25
532 55
532 13
532 477
731 322
604 177
732 355
143 139
143 176
143 441
143 151
143 478
143 19
143 120
733 297
1 479
1 161
1 480
1 81
1 481
1 39
1 482
1 128
734 415
735 167
736 160
80 232
80 483
80 391
80 93
419 316
419 270
419 484
737 135
738 485
739 44
358 486
412 450
72 487
72 210
72 30
72 488
4 146
4 489
740 490
180 31
180 310
180 8
180 151
180 178
180 73
180 55
75 427
515 491
515 492
151 180
151 387
151 48
151 143
151 209
151 92
741 93
498 96
154 457
154 118
154 101
154 15
154 16
742 345
202 42
202 493
220 41
220 312
220 478
268 494
268 111
268 39
268 165
268 101
268 268
268 52
268 495
268 187
268 16
743 67
744 199
84 496
84 39
533 172
533 288
489 4
489 213
517 497
347 19
96 498
96 12
96 97
96 178
96 499
512 500
512 54
512 501
512 328
397 106
397 502
315 348
315 503
315 187
315 109
176 192
176 504
176 505
176 141
176 95
176 387
176 506
176 372
176 68
176 335
176 507
176 508
176 509
176 298
176 510
745 143
54 511
54 225
54 9
54 335
54 101
54 70
54 24
501 512
195 457
296 196
231 56
231 297
231 68
746 93
747 294
748 6
748 276
371 19
749 513
440 85
440 63
440 400
440 134
152 455
152 102
152 249
152 141
152 514
152 310
152 16
152 437
152 344
152 226
152 116
527 238
750 6
751 112
336 67
752 41
492 515
492 516
753 229
754 141
264 185
264 499
264 19
497 517
160 232
160 518
160 194
755 519
427 75
494 155
494 520
494 268
524 93
109 22
109 315
109 187
530 106
530 29
530 101
433 521
756 471
471 522
471 523
471 524
471 93
471 525
471 526
757 70
238 527
758 59
759 409
386 335
101 467
101 406
101 133
101 154
101 528
101 224
101 112
101 85
101 388
101 529
101 275
101 101
101 530
101 268
101 531
101 176
101 54
101 59
760 2
55 532
55 418
55 533
55 180
55 534
280 535
280 536
761 23
158 514
158 181
158 174
158 537
158 39
158 268
158 538
158 16
552 423
552 82
762 539
449 451
449 83
432 146
763 398
764 4
128 177
128 19
481 1
443 105
443 540
443 541
183 542
470 119
765 81
765 543
293 363
293 544
293 88
293 545
293 324
113 48
113 317
113 85
129 98
129 81
129 16
441 546
441 143
403 547
461 92
20 102
20 548
20 195
584 12
316 419
316 123
400 106
400 440
400 548
400 110
83 449
83 82
126 312
126 540
207 111
207 177
766 549
766 550
464 286
200 23
173 19
173 16
420 111
607 96
607 97
353 138
353 54
353 551
455 277
455 152
455 237
455 118
455 178
82 423
82 83
82 552
203 553
203 59
405 108
0 554
0 555
0 556
0 83
270 468
270 557
270 484
270 419
270 558
270 559
767 103
768 448
11 560
11 447
11 561
553 546
553 14
553 240
553 562
553 141
227 423
227 432
227 446
227 358
227 141
115 563
491 564
491 116
769 137
769 322
287 4
287 514
287 117
287 452
287 85
287 565
484 270
578 566
770 322
770 111
204 567
204 37
204 457
204 59
275 318
275 123
97 67
97 78
97 120
97 96
771 568
771 223
345 92
772 569
85 263
85 422
85 85
85 221
85 570
85 19
85 571
85 113
85 162
85 123
85 41
85 429
85 108
85 59
85 352
365 138
166 572
166 573
417 166
398 106
398 402
356 325
356 67
356 24
331 574
331 73
773 315
416 102
416 450
416 114
774 575
775 567
776 576
325 76
325 356
364 252
364 577
566 578
35 48
35 12
164 16
777 368
86 474
260 74
451 98
451 46
778 579
778 476
778 158
468 270
468 312
194 160
194 178
380 42
380 176
380 88
380 514
380 580
380 341
779 79
351 360
351 322
351 143
351 115
780 101
780 581
41 276
41 220
41 71
41 318
78 67
78 582
78 583
78 76
78 584
78 97
290 68
781 280
781 171
781 328
140 585
140 277
525 471
782 586
783 377
784 67
784 19
785 559
210 567
210 72
786 104
6 139
6 364
6 587
6 37
6 7
6 8
6 478
6 322
6 122
6 40
6 588
6 361
6 164
6 125
526 342
526 471
526 571
526 205
526 381
17 8
288 189
288 533
288 447
505 37
255 119
255 165
787 312
788 146
789 12
171 388
171 589
436 590
790 185
791 173
486 591
25 592
25 312
25 593
25 48
25 18
25 424
25 155
25 275
25 423
25 222
792 116
105 182
105 68
105 195
105 22
105 27
105 565
793 240
487 72
794 427
795 289
795 424
428 430
796 16
570 15
570 85
797 594
230 73
603 155
98 451
98 129
98 74
98 595
98 169
98 22
98 478
98 93
98 480
98 27
98 596
98 450
98 65
98 30
12 281
12 54
12 114
798 155
798 597
799 173
283 30
359 78
359 322
559 270
155 6
155 598
155 176
155 599
155 494
155 600
155 523
155 601
155 602
155 603
155 25
155 104
447 11
99 219
40 345
40 6
40 523
40 276
40 604
40 94
40 605
40 12
40 92
800 243
300 137
801 312
205 258
205 85
205 205
406 108
132 291
132 606
132 607
132 152
132 501
472 222
266 457
89 8
89 226
335 54
335 14
802 120
605 40
284 377
212 102
803 93
279 31
291 119
291 410
291 80
291 221
26 6
26 19
281 387
281 120
281 68
281 608
495 609
495 268
462 610
804 258
563 115
43 383
43 611
24 54
24 276
24 277
805 612
805 102
30 467
30 72
30 613
30 106
30 48
