97 0
2 1
2 2
592 3
93 4
93 5
93 6
93 7
93 8
93 9
93 10
274 11
274 12
274 13
274 14
274 15
274 16
274 17
274 18
274 19
452 20
593 21
594 22
558 23
595 24
23 25
23 26
95 27
95 28
95 9
12 29
12 30
291 31
226 0
226 32
226 33
226 34
226 26
596 35
358 36
358 37
597 38
21 27
21 39
21 40
245 41
598 42
66 43
66 44
66 45
66 46
19 47
19 48
19 49
19 50
80 51
80 52
599 53
599 54
599 19
599 55
434 56
434 57
275 58
275 59
600 60
284 61
284 43
111 62
111 0
111 59
111 40
111 63
111 64
111 65
111 66
227 67
227 8
227 20
227 68
227 69
227 70
601 71
84 72
84 73
406 40
406 74
22 75
373 76
373 77
294 78
294 79
294 55
52 80
52 81
52 82
52 83
72 17
72 84
72 85
72 86
602 87
167 68
167 88
167 89
167 43
309 17
309 90
309 91
603 92
4 93
4 94
604 95
235 96
605 90
0 97
0 98
0 99
0 100
0 101
0 102
0 103
0 104
0 105
0 106
0 107
0 108
0 109
0 60
0 110
0 40
0 111
0 112
0 113
0 114
0 115
0 80
0 116
0 117
0 118
0 119
0 9
0 120
0 30
606 0
308 106
490 121
607 122
165 29
160 123
160 124
160 115
586 125
86 34
86 29
86 126
608 127
223 63
477 128
477 129
163 130
163 105
232 63
232 131
232 132
372 133
372 134
372 135
126 136
126 86
126 92
126 93
126 137
126 138
126 139
126 140
126 9
126 58
126 141
126 142
126 17
126 66
126 143
609 144
512 145
512 146
512 147
356 148
175 149
175 34
175 150
175 151
175 152
175 17
175 153
186 8
186 154
186 155
610 156
611 29
112 157
112 29
392 158
81 159
81 160
81 161
390 162
390 163
390 164
390 165
388 166
388 167
388 68
236 96
128 76
128 168
128 96
128 169
128 63
354 170
612 59
3 171
359 159
359 59
359 172
544 68
534 40
534 10
150 108
150 0
150 173
150 174
150 175
314 176
314 177
375 8
569 178
397 68
397 17
397 179
155 180
155 181
155 182
155 183
155 184
155 185
155 186
155 63
155 96
155 9
155 187
280 188
345 155
345 42
140 126
613 59
189 189
189 190
189 191
210 163
210 27
228 192
509 193
509 194
614 195
615 81
615 194
422 196
417 43
224 197
224 40
224 198
329 0
506 199
439 30
551 200
551 68
5 201
5 202
5 203
5 194
5 204
616 134
617 205
618 92
27 95
27 206
27 207
27 208
27 197
27 9
27 209
27 25
27 210
27 157
53 211
53 40
53 212
100 213
100 214
532 215
532 216
570 157
619 214
620 26
16 67
16 217
16 5
16 218
16 68
16 219
16 140
16 106
621 220
622 221
123 160
123 210
240 96
240 222
230 63
230 101
230 40
230 223
197 224
197 27
623 225
32 226
624 198
70 227
625 228
63 229
63 230
63 231
63 159
63 223
63 13
63 128
63 232
63 233
96 234
96 235
96 206
96 92
96 203
96 236
96 237
96 128
96 9
96 238
96 155
96 239
96 240
41 48
41 241
41 44
41 242
41 243
41 244
41 245
134 149
134 246
134 127
134 247
134 248
369 249
387 250
626 0
190 189
190 33
190 99
190 251
374 252
374 253
398 68
398 254
398 255
350 256
350 257
350 258
350 25
139 259
139 27
139 260
139 36
438 30
457 261
8 227
211 262
211 263
211 264
116 0
553 68
627 44
251 265
331 266
243 41
243 254
243 267
109 0
628 268
409 137
629 59
630 60
631 127
45 269
45 66
446 90
510 270
231 63
231 9
231 271
632 90
381 13
381 68
381 158
381 272
381 273
381 76
99 0
58 274
58 275
58 126
431 276
431 277
7 34
7 93
7 9
7 278
7 141
278 162
278 7
278 279
278 227
74 134
74 160
74 74
74 280
463 90
51 80
51 281
432 282
432 283
633 136
557 59
61 284
61 43
634 9
428 126
317 113
317 285
317 286
635 287
113 0
246 9
246 134
85 65
85 72
85 288
85 40
636 289
636 290
31 291
203 5
203 96
637 292
55 293
55 294
55 170
55 295
55 265
55 55
55 212
55 273
55 296
55 297
191 198
554 68
18 276
18 298
18 147
18 93
18 274
18 299
18 224
18 13
18 9
18 26
18 15
18 300
18 301
638 111
67 302
67 227
67 303
383 304
639 305
468 306
640 307
640 101
320 82
106 0
106 84
106 16
106 308
106 309
641 310
299 119
299 18
642 311
529 312
529 313
529 53
177 314
643 273
519 315
470 212
242 41
500 316
368 317
368 209
377 318
644 319
645 289
646 68
646 320
646 321
646 322
646 323
530 324
40 0
40 91
40 325
40 172
40 326
40 327
40 43
40 213
40 233
40 166
40 328
40 40
40 329
40 111
40 84
40 65
40 217
40 330
40 159
40 331
40 332
40 333
40 128
40 9
40 30
40 334
527 228
332 40
338 76
338 0
338 60
349 335
349 336
349 127
647 15
46 162
46 12
46 247
46 337
46 338
648 218
420 94
426 339
516 225
69 227
585 340
585 28
585 170
222 240
208 27
208 206
208 327
649 19
649 135
124 254
244 265
517 180
104 0
104 341
104 29
184 155
288 342
288 85
288 68
288 58
288 0
288 246
650 343
480 68
480 344
508 345
508 346
508 347
651 348
336 349
357 4
357 105
357 159
357 79
357 50
319 257
319 350
394 134
394 351
652 274
185 155
130 43
130 12
130 164
130 105
130 165
122 310
305 159
305 352
170 9
170 65
170 221
170 353
170 354
498 198
393 216
653 355
653 172
148 356
159 357
159 268
159 224
159 358
159 305
159 359
159 360
159 157
159 16
159 30
138 361
365 362
365 363
365 115
33 292
39 167
39 315
39 51
39 59
412 364
573 27
362 365
362 363
92 366
654 367
88 167
88 59
655 344
656 330
249 2
249 41
249 220
249 368
249 17
249 369
249 10
249 370
564 371
564 316
133 372
133 127
385 338
77 343
77 40
77 373
136 224
136 92
559 147
559 169
253 374
326 40
76 375
76 338
76 68
76 245
76 376
76 377
76 124
76 145
76 128
76 265
76 378
76 379
76 380
76 381
76 162
76 204
76 22
76 373
657 174
164 382
164 81
164 383
502 360
502 383
502 99
502 254
658 384
658 385
659 386
660 387
166 94
166 388
166 0
166 93
166 274
166 40
166 79
166 65
250 387
250 389
661 390
206 391
206 96
206 208
118 0
118 289
118 9
348 9
49 73
158 76
158 381
158 392
216 393
351 394
273 104
273 180
273 25
273 385
273 30
273 115
17 94
17 45
17 382
17 395
17 175
17 303
17 338
17 68
17 396
17 397
662 398
411 399
411 400
300 18
89 167
89 200
89 401
663 40
34 105
34 7
34 402
34 226
34 175
34 153
268 9
268 29
664 403
665 227
666 404
137 405
137 136
137 45
137 86
137 68
137 194
137 44
137 406
137 407
137 3
137 92
137 408
137 409
137 233
289 94
343 77
343 410
399 411
296 55
364 63
364 412
108 413
108 0
108 150
108 9
108 414
108 246
281 415
281 305
281 400
298 18
667 134
217 40
121 0
668 16
43 416
43 188
43 417
43 418
43 419
43 12
43 40
43 66
43 420
43 9
43 421
43 30
142 66
115 422
115 0
115 423
115 424
115 28
115 178
115 425
146 145
146 59
539 234
669 426
669 427
670 370
671 149
671 428
671 5
462 429
462 90
672 134
276 430
276 431
276 18
555 432
555 68
555 433
57 434
57 435
57 436
57 6
444 303
444 40
673 245
30 367
30 12
30 437
30 40
30 438
30 379
30 91
30 43
30 439
30 282
256 350
234 213
234 25
674 121
192 440
675 8
571 17
50 357
50 19
545 68
545 400
676 48
378 76
378 441
378 442
677 158
678 443
679 134
303 309
303 17
303 126
303 105
303 444
272 0
127 445
127 446
127 366
127 135
127 59
127 447
127 335
127 134
127 29
127 448
127 212
127 349
680 0
260 92
260 449
260 18
260 172
260 160
260 139
260 410
260 115
681 450
521 73
521 49
682 451
20 452
20 227
78 78
78 294
683 48
503 453
503 454
503 262
403 90
114 0
416 455
473 456
475 457
684 40
685 458
686 404
29 104
29 459
29 268
29 86
29 273
29 371
29 421
528 15
90 95
90 460
90 40
90 461
90 462
90 463
90 464
90 456
90 403
90 465
266 377
266 407
266 174
489 279
489 9
687 29
688 134
366 127
689 466
209 317
209 368
295 55
285 317
285 328
285 368
690 234
691 141
546 68
692 207
421 29
693 410
694 467
695 28
588 391
484 468
484 322
44 469
44 66
44 363
696 470
696 471
447 127
265 244
697 186
485 472
183 473
183 39
60 446
60 0
60 376
60 223
60 474
60 338
60 162
698 475
476 469
328 342
328 285
449 260
449 221
469 476
423 115
699 90
700 155
207 424
207 101
207 27
701 477
702 17
703 101
538 211
162 180
162 390
162 278
162 12
162 193
162 40
162 76
162 310
248 390
248 478
248 134
248 479
567 37
342 76
342 236
342 137
342 480
704 392
704 226
705 155
311 176
311 92
311 27
590 243
252 481
252 482
252 9
455 68
13 274
13 429
13 483
13 145
13 414
13 18
13 1
481 252
481 9
322 484
322 485
91 30
91 40
706 124
400 486
400 411
400 487
400 86
707 148
11 166
333 99
708 17
709 123
464 462
710 488
710 211
711 17
450 41
712 471
9 231
9 489
9 268
9 0
9 93
9 252
9 118
9 490
9 195
9 481
9 491
9 160
9 95
9 258
9 492
9 288
9 493
9 25
9 327
9 246
9 7
9 108
9 188
9 196
9 494
9 59
9 40
9 495
9 142
9 496
9 497
9 8
9 498
9 27
9 499
9 365
9 96
9 500
9 134
9 167
9 501
9 18
254 394
254 398
254 502
254 446
254 124
454 503
454 504
65 111
65 59
65 40
65 170
318 380
337 57
518 505
199 506
199 0
199 507
347 508
713 467
714 170
715 509
448 127
154 270
154 510
154 93
154 186
154 238
154 360
154 82
334 40
716 9
323 149
579 511
145 13
145 68
145 76
145 512
145 307
119 0
119 299
26 513
26 6
26 514
26 328
26 226
26 515
26 76
26 418
26 516
26 87
26 517
26 18
26 23
717 450
718 390
505 518
719 96
315 289
315 82
315 519
315 520
720 128
153 175
73 126
73 49
73 521
429 25
429 440
171 3
401 34
401 89
304 0
304 16
196 422
196 9
721 522
419 43
419 367
419 37
565 17
565 523
565 524
565 525
722 381
239 95
239 96
239 526
424 115
302 67
302 154
723 154
15 527
15 528
15 41
15 18
724 424
725 529
259 139
324 0
324 159
324 530
200 531
200 185
200 89
726 268
727 532
583 28
728 533
219 25
219 16
279 278
279 361
279 489
729 419
282 428
282 31
282 191
282 134
282 534
730 76
316 500
195 63
731 535
102 0
732 9
733 536
733 22
48 41
48 19
205 63
536 458
734 92
734 497
493 13
493 260
494 9
494 26
360 60
360 200
360 380
360 159
360 153
360 537
360 444
360 10
335 127
335 372
414 0
327 508
327 208
327 135
327 538
327 90
327 21
735 95
735 539
736 66
736 40
221 540
737 45
547 68
270 541
270 154
738 542
68 543
68 544
68 455
68 145
68 545
68 546
68 517
68 397
68 137
68 344
68 480
68 76
68 179
68 66
68 547
68 398
68 548
68 549
68 550
68 56
68 381
68 551
68 227
68 552
68 553
68 388
68 554
68 221
68 555
68 556
68 167
68 309
68 17
68 16
739 407
214 100
59 557
59 88
59 335
59 254
59 65
59 221
161 130
161 558
161 40
212 98
212 268
212 147
212 127
212 559
64 111
562 560
497 9
497 561
560 562
740 563
341 104
117 0
556 68
283 149
440 183
440 74
440 192
741 425
742 406
743 63
744 17
522 425
522 17
745 34
746 564
524 565
524 444
747 245
180 162
180 517
180 105
513 26
258 9
258 350
748 76
147 140
147 212
147 566
147 512
35 241
35 137
35 220
35 408
35 509
35 10
491 9
531 115
37 567
37 358
37 568
79 294
79 357
453 503
749 9
749 379
382 382
382 17
382 164
382 148
307 145
750 245
408 137
178 569
178 105
178 115
87 26
157 27
157 570
751 273
752 172
752 115
257 319
753 63
135 59
135 90
135 127
135 372
754 354
25 27
25 571
25 9
25 572
25 40
25 273
25 309
292 573
755 315
756 139
94 81
94 166
94 93
94 4
94 172
757 574
82 216
82 315
82 320
82 52
82 154
386 420
758 404
176 314
176 575
759 352
105 188
105 34
105 518
105 0
105 12
105 576
105 303
105 420
105 577
105 578
760 67
472 579
472 511
344 68
193 162
193 509
193 246
193 580
456 473
28 95
28 581
28 582
28 145
28 154
28 583
36 83
141 58
168 128
761 35
179 68
762 584
75 22
763 534
764 261
340 585
504 454
523 0
125 586
125 587
575 176
575 418
765 100
391 588
391 589
391 206
766 535
330 413
330 214
767 538
413 108
413 241
563 105
267 590
172 420
172 105
262 211
380 266
380 324
380 92
380 254
380 0
380 76
380 16
241 41
1 2
10 249
10 591
10 93
10 35
584 183
