0 0
0 1
299 2
684 3
685 4
685 5
498 6
686 7
42 8
172 9
172 10
172 11
172 12
345 13
345 14
345 15
345 16
345 17
345 18
91 19
687 20
132 21
132 9
132 22
132 23
579 24
41 25
41 20
41 26
41 27
41 28
41 29
688 30
58 31
58 32
58 33
58 34
46 35
46 36
46 37
46 38
46 39
46 40
46 41
46 42
46 43
689 40
689 44
690 45
354 12
32 46
32 47
32 48
32 49
32 50
32 51
32 52
32 53
32 54
32 55
32 56
32 57
32 58
82 59
82 60
82 33
604 61
511 62
511 63
84 64
84 24
308 65
308 66
691 37
69 67
69 68
69 69
692 70
692 71
692 72
142 73
327 74
327 75
615 76
693 77
586 78
586 79
33 80
33 71
33 81
33 82
64 83
64 84
359 85
138 86
412 87
19 88
19 89
19 90
19 91
19 92
402 51
101 93
101 94
101 95
225 96
140 97
642 98
396 99
396 100
396 101
694 102
695 103
571 104
571 105
571 55
571 106
571 107
530 108
181 109
423 110
423 111
423 77
423 112
423 66
278 113
278 114
278 47
278 115
278 81
278 116
278 117
278 118
278 119
558 52
558 120
414 104
414 121
414 122
414 123
414 124
191 125
191 126
191 127
191 112
191 128
191 129
696 130
437 131
21 132
697 133
514 134
698 52
256 135
376 136
86 137
86 138
86 62
699 51
251 14
141 20
141 139
141 140
141 141
74 142
74 143
74 57
74 144
74 145
74 146
74 147
74 148
74 43
252 149
252 20
252 150
252 151
252 152
252 153
252 154
252 62
252 104
252 155
18 156
89 110
89 157
89 111
89 51
89 77
89 158
89 66
89 112
89 159
89 62
89 160
89 161
89 89
157 162
157 51
157 163
157 164
157 165
157 166
157 167
700 168
700 169
326 170
326 171
128 83
128 172
385 173
385 174
385 175
385 176
385 55
385 139
385 177
385 178
385 58
540 179
540 28
39 46
39 43
40 180
701 155
12 181
331 182
149 108
149 1
639 183
639 43
335 184
335 43
335 185
335 171
335 89
460 50
460 186
460 187
460 43
65 188
65 189
65 190
65 28
65 191
65 185
65 192
702 193
702 194
703 195
589 196
589 187
444 197
444 198
444 199
444 200
444 201
591 71
704 202
367 203
367 204
367 195
367 205
367 206
367 71
367 207
367 208
367 183
705 33
590 209
290 210
290 211
296 212
296 61
296 213
296 214
296 215
296 216
296 217
581 2
706 218
706 13
706 219
445 104
445 220
189 221
189 61
189 222
189 223
189 224
260 117
260 225
260 33
232 226
162 157
707 227
288 228
667 229
667 230
395 231
708 191
709 130
226 232
226 233
710 234
710 235
147 74
383 236
636 237
113 199
113 19
711 238
712 47
713 239
713 103
714 230
565 240
565 17
452 216
109 181
109 8
715 31
319 24
319 241
442 104
442 107
300 104
300 242
243 243
422 73
562 55
716 220
717 107
167 51
167 244
167 245
343 31
343 246
343 58
448 247
718 214
392 175
483 24
483 248
483 43
413 249
413 250
14 251
377 59
150 252
150 107
150 43
219 110
719 42
720 216
721 113
721 155
722 253
475 254
723 216
724 255
117 47
117 137
117 256
117 257
117 43
117 258
117 259
117 260
117 261
117 262
117 263
117 71
117 264
117 265
117 266
117 267
117 268
117 107
253 269
505 77
505 270
521 271
725 248
47 229
47 272
36 46
36 74
36 214
726 142
407 25
407 20
407 13
407 273
407 174
407 274
407 176
407 218
407 275
407 276
727 277
81 278
81 279
81 71
81 66
81 280
728 281
26 43
26 124
305 282
729 283
618 66
730 174
484 244
731 284
53 285
53 17
458 227
732 286
194 265
228 287
228 228
228 288
733 156
533 289
644 290
644 216
644 291
644 214
217 292
217 293
217 175
217 294
217 295
217 296
217 297
734 77
118 278
176 36
674 298
544 107
544 33
2 299
2 20
2 300
735 301
3 174
351 302
351 72
736 277
188 65
737 303
738 304
668 15
739 266
282 305
282 306
282 307
318 20
318 308
318 248
318 309
409 310
409 214
409 311
522 312
522 107
522 313
110 149
110 219
110 314
110 163
110 62
25 315
25 29
25 107
25 316
25 317
323 277
433 224
309 318
306 187
306 282
306 319
306 320
306 321
306 28
306 297
211 290
560 55
428 322
428 132
428 23
277 323
277 201
740 214
171 324
171 184
171 52
171 325
171 326
741 12
75 327
635 328
258 117
435 184
435 329
435 330
662 2
662 242
182 331
182 28
683 332
588 187
742 61
742 333
430 46
430 14
430 66
430 334
430 68
430 335
430 336
135 256
743 69
406 337
105 229
105 55
491 220
491 172
491 155
491 43
549 338
549 214
168 339
168 340
523 341
523 104
440 104
440 342
54 31
54 32
54 52
54 343
16 51
16 344
16 345
155 346
155 28
344 347
344 16
344 348
669 349
72 350
72 351
744 352
745 51
449 291
449 353
449 181
449 354
449 355
449 77
449 12
449 290
449 230
449 356
449 69
746 357
746 358
85 359
85 360
524 361
517 362
517 20
95 14
747 363
148 74
148 364
748 20
749 103
152 365
459 50
459 366
205 367
205 193
750 368
750 369
750 370
750 269
750 17
750 371
751 372
66 111
66 124
66 139
66 216
66 373
66 336
752 374
753 136
119 278
119 375
119 376
119 377
119 165
119 316
119 104
119 160
119 332
754 216
169 378
212 296
755 50
659 162
659 352
96 379
96 380
519 381
519 352
519 382
756 219
236 383
236 384
236 214
570 235
178 385
178 386
67 69
340 387
340 388
340 168
577 389
577 24
577 390
577 19
577 61
124 26
757 391
757 272
757 8
175 392
175 393
175 217
175 131
175 394
504 34
582 395
582 231
429 93
429 396
429 182
429 397
429 398
339 168
57 74
57 399
57 43
543 400
543 62
758 62
51 157
51 266
51 401
51 402
51 403
51 248
51 33
51 404
51 286
51 405
51 61
51 43
51 32
51 89
337 406
556 115
273 407
675 205
310 13
310 408
310 409
310 107
310 194
310 90
310 410
415 411
415 20
415 412
249 413
424 92
424 414
424 349
424 119
424 191
424 17
759 74
759 107
20 415
20 83
20 32
20 416
20 237
20 318
20 2
20 417
478 103
760 418
760 182
77 162
77 419
77 420
77 421
77 174
77 66
77 422
77 71
77 423
77 89
761 424
585 425
585 426
585 381
279 259
279 71
631 427
631 378
631 388
631 20
322 428
93 429
93 377
93 43
762 160
38 430
255 194
255 431
255 432
255 376
503 98
512 291
763 389
203 137
203 393
632 13
632 433
632 66
632 62
632 434
632 266
632 276
632 43
764 424
764 43
60 52
60 435
60 59
60 436
60 437
368 279
368 106
368 438
263 117
104 439
104 440
104 390
104 441
104 442
104 20
104 163
104 103
104 443
104 107
104 119
104 444
104 445
104 446
104 246
104 61
104 447
765 448
765 14
210 290
90 13
766 449
766 291
431 194
767 77
767 450
768 451
768 452
768 453
768 454
768 455
227 456
227 457
227 458
50 459
50 32
50 214
50 460
50 461
50 431
769 338
769 214
578 24
122 462
401 463
446 104
446 286
302 43
151 149
151 464
151 252
151 120
151 465
466 466
610 61
145 156
145 467
166 157
265 468
265 310
265 117
265 469
265 194
432 255
297 109
297 306
297 75
527 89
266 470
266 303
266 51
266 471
266 117
266 230
266 334
266 23
336 103
336 66
336 430
223 409
223 387
250 413
770 84
170 472
170 326
170 473
170 380
170 62
170 252
597 55
771 474
772 412
73 422
403 51
403 194
773 171
774 43
254 475
218 2
218 339
218 128
775 476
103 477
103 478
103 479
103 191
103 154
103 480
776 255
776 59
777 425
487 43
487 481
526 35
411 411
411 415
411 482
480 103
43 46
43 150
43 111
43 483
43 92
43 93
43 484
43 117
43 55
43 39
43 485
43 13
43 486
43 107
43 487
43 51
612 116
778 205
779 435
468 78
468 488
468 489
468 490
468 83
468 491
468 64
468 265
468 492
468 247
468 304
400 493
780 105
220 479
781 120
461 50
365 152
365 182
782 29
287 494
287 228
783 168
784 495
785 496
97 140
786 137
6 497
6 498
787 174
37 46
788 17
112 191
398 131
398 499
398 500
398 427
398 501
398 116
398 469
627 502
48 32
789 431
790 503
791 121
34 504
34 58
257 117
257 33
792 487
270 505
390 104
630 144
626 506
177 507
177 489
177 385
793 224
584 463
794 508
600 509
439 510
439 511
795 225
360 157
360 314
360 85
291 15
291 187
291 512
291 304
291 284
796 513
797 471
241 319
241 320
557 52
134 514
134 107
134 18
129 191
798 515
798 489
798 516
799 120
800 517
801 410
70 392
802 241
471 149
471 266
471 220
28 41
28 65
28 306
28 86
111 104
111 518
111 112
111 89
303 414
803 327
803 519
804 520
805 168
806 177
807 413
808 88
808 467
269 152
269 126
269 174
269 341
269 253
269 17
269 404
316 414
316 119
316 25
271 521
246 104
246 343
246 29
809 104
312 522
292 217
22 132
810 487
27 41
341 211
341 523
477 103
811 83
486 467
812 23
812 301
275 407
275 224
275 216
813 104
813 126
813 471
813 524
605 73
605 62
605 182
814 142
814 525
35 46
35 526
35 32
35 87
35 527
35 183
676 528
472 170
539 418
100 396
7 55
7 244
551 215
551 187
551 525
551 529
587 187
248 483
248 61
248 53
248 55
248 463
248 89
186 427
186 460
186 530
186 531
815 317
534 532
534 127
816 20
816 141
499 398
499 501
499 13
289 533
817 534
606 61
818 225
418 535
418 20
418 536
418 214
819 537
819 538
819 107
820 539
63 511
821 392
821 537
821 119
822 540
670 541
670 59
62 401
62 542
62 153
62 543
823 71
824 131
501 13
501 499
657 216
825 544
566 545
489 224
489 177
314 110
314 360
314 49
204 367
204 546
204 259
204 547
222 548
222 189
826 105
826 226
826 231
106 107
214 418
214 224
214 409
214 549
214 550
214 296
214 156
214 43
215 551
165 552
165 119
827 84
358 272
358 553
358 40
828 554
828 174
828 555
115 556
599 59
184 409
184 181
184 124
184 443
184 335
184 171
829 29
139 187
139 174
139 66
139 526
830 378
831 486
180 40
231 108
231 388
52 47
52 557
52 558
52 171
52 58
488 468
488 55
55 488
55 530
55 449
55 49
55 7
55 551
55 559
55 117
55 560
55 561
55 68
55 562
55 563
55 304
55 564
338 549
832 174
94 137
240 565
490 468
613 225
613 116
342 440
672 17
363 269
198 444
545 566
629 58
143 74
143 146
833 33
532 216
153 252
834 567
107 134
107 39
107 150
107 111
107 568
107 442
107 569
107 106
107 310
107 191
107 570
107 59
107 544
107 71
107 264
107 104
107 571
107 123
107 43
419 172
419 55
835 572
835 573
835 350
835 574
371 575
268 117
836 59
531 455
384 236
384 66
346 485
127 191
127 576
421 77
393 104
450 102
450 3
24 187
24 483
24 577
24 578
24 84
24 579
24 580
24 581
837 582
838 583
463 51
463 584
427 196
427 398
426 585
616 216
187 291
187 586
187 587
187 460
187 24
187 139
187 588
187 589
209 590
353 289
353 214
839 434
839 407
633 591
840 592
840 174
841 49
321 306
259 279
259 593
842 214
224 331
224 594
224 489
224 595
224 284
224 189
224 433
224 214
224 338
224 596
224 275
224 597
224 598
656 216
509 599
509 600
98 225
98 282
98 503
595 224
595 601
61 51
61 214
61 602
61 296
61 580
61 189
61 603
61 604
61 254
61 104
61 605
61 187
61 50
61 248
61 81
61 333
61 606
61 607
61 246
61 608
61 525
61 609
61 454
61 297
61 571
61 610
843 611
116 612
116 278
116 389
116 613
116 614
116 398
116 427
844 46
99 396
361 524
361 227
76 615
76 43
76 616
76 216
845 617
161 618
114 409
846 467
846 390
8 13
8 42
8 466
8 619
8 614
8 620
8 455
8 621
8 356
8 69
847 214
196 427
196 589
467 435
467 194
195 367
195 126
580 24
580 568
848 622
45 623
849 517
850 624
559 55
559 519
851 625
126 195
126 269
506 237
506 506
506 626
274 407
274 247
158 341
31 52
31 343
31 390
502 2
502 627
280 628
280 629
280 81
280 380
280 343
280 304
852 467
388 2
388 630
388 631
388 216
267 117
853 280
276 632
71 77
71 633
71 268
71 279
546 204
574 517
574 632
159 191
159 63
159 89
364 111
235 551
235 634
373 66
854 214
328 635
462 519
855 397
443 104
237 636
237 20
237 637
237 638
237 506
237 639
237 107
237 640
237 183
237 641
603 61
525 61
525 174
146 143
596 400
596 224
510 439
436 111
856 619
465 642
465 25
465 52
465 643
465 335
216 644
216 645
216 646
216 296
216 647
216 648
216 649
216 137
216 650
216 275
216 651
216 113
216 360
216 652
216 331
216 653
216 654
216 216
216 655
216 452
216 656
216 610
216 99
216 657
216 658
857 57
857 116
352 659
858 660
381 585
381 230
381 519
304 55
859 101
200 279
200 400
200 180
860 61
272 471
272 13
272 358
416 20
325 171
861 174
405 51
382 519
678 261
242 661
242 300
242 662
447 104
447 60
80 33
862 248
88 163
88 19
13 632
13 63
13 499
13 238
13 663
13 501
13 233
13 43
537 664
29 25
29 111
29 526
29 665
29 41
29 246
863 305
864 274
311 409
245 666
245 167
387 340
229 667
865 169
348 344
230 667
230 259
230 77
230 225
230 180
15 668
15 52
15 248
15 66
56 77
244 143
244 174
244 177
244 169
244 484
202 669
541 670
434 115
434 625
17 424
17 638
17 53
17 345
17 565
17 269
17 517
17 671
17 672
649 216
137 216
137 537
137 86
247 78
247 468
247 530
866 195
394 304
92 469
92 424
92 43
867 447
868 89
59 558
59 673
59 42
59 599
59 82
59 298
59 674
482 411
482 675
528 676
201 444
324 171
869 59
174 143
174 269
174 139
174 244
174 385
870 51
871 218
871 677
87 367
872 104
261 414
261 117
261 678
873 679
160 26
874 592
497 6
671 17
284 224
875 680
131 108
131 276
625 434
625 681
68 530
68 69
68 430
441 104
876 682
332 683
332 51
332 406
332 337
332 119
332 61
332 383
