547 0
548 1
438 2
345 3
398 4
549 5
356 6
13 7
13 8
13 9
13 10
13 11
13 12
13 13
13 14
13 15
13 16
13 17
13 18
13 19
13 20
13 21
195 22
195 23
195 24
195 25
195 26
195 27
195 28
195 29
550 30
172 31
172 32
172 33
172 13
172 34
172 35
172 36
172 37
172 38
551 39
552 40
324 41
324 42
212 43
212 44
171 45
101 46
101 11
101 47
101 48
101 5
101 13
101 49
101 50
101 51
101 52
444 53
444 54
66 0
492 55
553 56
121 57
452 58
554 59
555 60
555 61
297 8
297 62
297 63
297 64
297 65
297 5
297 66
412 67
412 27
237 68
69 69
69 68
69 65
125 70
125 71
125 36
125 72
556 73
557 24
430 50
430 74
430 69
526 75
526 76
526 77
558 19
558 78
558 79
559 80
560 81
314 82
314 83
314 84
561 85
562 33
357 86
485 24
300 87
563 88
564 89
331 90
565 33
447 91
447 92
447 93
566 94
486 95
486 96
486 97
310 24
310 34
310 36
24 98
24 8
24 99
24 10
24 100
24 101
24 49
24 102
24 103
24 104
24 105
24 43
24 106
24 107
24 30
24 108
24 109
24 110
24 38
62 5
567 111
271 109
271 112
271 113
271 114
37 53
37 33
7 115
7 47
7 13
7 12
7 116
7 117
7 18
7 38
354 36
315 118
568 119
188 120
106 24
57 121
57 9
57 122
569 123
316 12
468 124
511 92
72 125
570 126
571 63
353 127
353 128
353 129
542 64
323 67
107 8
107 130
107 131
107 132
107 133
107 35
107 134
107 135
107 125
107 136
107 38
151 13
417 137
17 138
17 13
17 21
303 139
303 140
303 141
303 142
303 143
303 144
303 145
303 146
303 147
426 148
46 63
46 101
46 149
46 150
572 24
573 75
240 151
240 38
206 152
206 10
574 153
575 154
508 155
317 24
317 156
490 157
490 158
490 159
490 160
235 161
235 144
235 162
235 163
98 109
98 24
98 164
98 165
149 46
209 118
576 166
377 167
446 93
577 21
578 12
464 168
579 169
579 170
579 36
45 171
258 172
258 173
258 109
580 86
581 174
582 175
42 176
42 21
42 64
178 57
178 177
178 178
178 179
178 180
178 181
178 182
178 155
178 183
178 5
525 76
525 93
311 184
311 185
311 186
583 126
584 187
585 188
253 189
251 190
586 191
71 125
71 13
71 192
11 33
11 193
11 194
11 195
11 196
11 107
11 150
11 187
11 197
11 13
213 43
213 198
222 199
222 200
222 112
26 92
26 195
26 36
312 63
387 154
387 201
387 150
350 202
350 203
231 18
231 187
587 204
75 205
470 172
470 127
110 206
533 207
337 208
337 209
43 210
43 211
43 12
43 212
43 24
43 213
43 207
43 214
43 49
43 77
43 215
43 216
43 217
43 218
43 101
43 38
588 14
493 219
493 220
199 221
199 181
199 222
295 223
295 13
51 224
51 190
51 225
51 101
51 226
51 4
51 227
230 228
589 229
228 230
228 136
225 231
225 17
225 232
225 233
225 234
225 51
144 235
144 47
450 80
450 22
450 236
68 237
590 10
451 238
9 239
9 154
9 240
9 13
9 133
9 157
275 241
275 128
392 86
392 10
54 242
54 243
54 154
54 6
54 244
285 245
591 246
70 247
592 248
593 94
435 249
190 13
190 51
190 250
190 251
190 252
194 100
594 253
103 24
103 254
595 255
18 256
18 257
18 258
18 259
18 260
18 124
18 261
18 262
18 263
18 208
18 264
18 109
18 265
18 225
18 233
18 133
18 178
18 266
18 267
18 97
18 268
18 231
280 100
217 43
122 92
122 57
274 269
182 200
336 5
459 270
459 153
459 53
596 154
16 13
597 3
597 153
112 107
112 271
460 272
460 273
598 274
536 275
233 276
233 162
599 168
600 277
601 278
602 215
407 279
239 92
305 191
305 280
305 13
411 262
189 176
189 253
126 281
126 5
61 13
1 191
1 282
129 283
129 170
129 284
130 107
130 133
115 205
603 222
494 285
506 105
540 63
540 29
540 27
273 47
604 180
605 286
606 17
607 29
293 287
608 288
420 289
609 290
609 291
609 33
610 63
299 13
388 10
611 292
287 293
287 134
612 154
288 113
613 33
64 245
64 13
64 132
64 19
64 294
64 262
64 274
64 226
64 108
64 295
64 296
64 214
64 297
64 29
64 155
64 183
64 171
64 289
64 10
64 298
64 92
64 254
64 299
64 26
64 134
87 300
614 64
432 301
432 302
615 134
143 303
616 27
128 53
128 304
128 305
128 306
186 28
477 307
104 308
104 24
179 178
200 23
200 92
200 187
200 26
200 222
530 134
63 309
63 33
63 310
63 55
63 297
63 311
63 312
352 313
84 314
455 288
19 298
617 315
216 43
216 64
543 263
391 31
391 10
618 282
192 72
192 33
619 316
156 317
620 116
380 75
380 318
380 319
621 320
621 128
621 321
147 303
622 64
255 5
623 322
41 5
41 323
41 313
41 324
41 83
35 176
35 325
35 82
29 193
624 303
624 326
220 327
220 181
220 162
220 73
541 328
625 13
625 135
162 2
162 220
343 6
284 53
284 311
173 258
626 328
627 127
627 7
628 26
629 329
132 298
132 330
132 107
132 64
132 108
90 24
90 331
90 10
90 36
90 155
544 332
544 38
261 96
177 178
5 333
5 334
5 6
5 101
5 41
5 191
5 297
5 335
5 126
5 336
5 52
208 18
208 337
539 169
524 338
524 339
524 128
630 318
109 48
109 24
109 13
109 258
109 340
109 341
109 241
109 36
109 18
109 21
109 145
109 342
631 218
632 343
633 344
191 345
191 307
634 53
634 346
635 51
161 347
636 188
636 348
637 348
341 109
203 349
203 304
203 350
203 351
484 344
174 313
638 352
639 64
139 303
6 353
6 354
6 355
6 356
6 214
6 357
6 54
6 242
6 358
6 359
6 360
361 253
361 361
361 362
164 21
164 33
270 363
458 364
505 365
248 366
248 181
248 367
640 368
641 349
369 369
642 64
643 109
302 355
302 13
441 152
291 33
644 59
263 255
263 307
645 370
205 191
475 154
389 371
389 372
389 3
389 373
646 374
347 161
218 43
218 202
218 262
376 93
509 375
77 376
77 11
77 17
537 377
281 378
372 371
423 250
423 241
38 43
38 107
38 128
38 331
40 379
100 24
102 380
647 381
648 172
242 145
649 162
462 382
528 383
650 33
185 384
185 311
651 385
346 386
201 387
166 388
166 57
371 372
371 389
399 390
652 281
31 391
31 38
653 152
654 178
655 43
655 194
507 108
656 53
657 392
658 303
659 313
660 171
453 58
531 134
224 393
224 394
224 395
224 140
224 133
224 109
224 236
224 396
224 372
224 51
224 38
403 397
193 262
193 11
661 135
402 204
390 398
390 399
662 178
424 400
424 11
663 355
664 401
467 124
30 402
30 129
30 58
30 403
665 36
397 404
397 403
277 405
247 70
456 359
269 274
269 406
666 77
666 346
666 126
667 43
279 407
668 154
669 408
176 38
176 189
176 42
158 298
158 204
334 5
334 52
83 409
262 410
262 257
262 55
262 64
262 270
262 411
262 396
262 218
512 9
304 200
304 203
304 350
304 128
67 412
501 95
437 2
244 11
244 54
264 18
264 413
264 414
264 415
413 264
137 416
137 417
670 390
8 24
8 297
8 100
214 6
214 64
214 335
214 418
214 21
214 38
373 419
373 389
165 98
289 103
289 420
289 64
12 43
429 335
546 421
546 422
250 13
250 423
671 54
167 241
400 424
672 53
672 294
672 155
4 398
4 75
4 51
145 303
349 136
349 203
349 425
349 64
349 426
309 63
463 427
272 200
520 428
520 258
21 50
21 214
21 33
21 17
184 195
184 26
673 55
674 26
675 66
335 429
335 274
335 214
332 430
332 52
332 69
25 47
676 94
301 431
301 432
301 422
433 280
677 433
80 434
320 104
678 154
679 63
680 88
680 435
15 43
15 13
136 286
136 10
136 228
136 436
136 107
150 46
249 435
259 18
259 111
681 222
681 126
682 191
2 138
2 437
2 438
483 344
152 439
152 440
152 206
152 441
152 442
152 443
152 64
152 444
152 108
93 12
93 371
93 445
93 446
93 52
93 447
683 448
519 449
22 450
211 43
416 137
131 107
292 363
292 263
292 307
118 178
118 315
118 209
118 64
482 6
238 451
238 40
238 365
238 100
379 36
379 40
28 186
135 107
135 252
3 389
58 452
58 394
58 30
58 453
58 403
684 454
684 30
113 455
523 82
523 418
85 345
396 51
396 224
396 262
359 380
359 343
359 456
685 33
686 100
687 375
99 24
210 43
210 457
210 76
688 335
434 80
689 59
689 36
364 458
351 12
53 38
53 459
53 311
53 284
53 460
360 6
286 50
286 13
286 136
286 124
384 384
690 461
690 244
382 37
382 462
427 463
168 464
513 178
513 465
513 466
513 190
513 278
124 398
124 467
124 468
691 469
127 470
48 109
48 215
82 471
82 332
82 64
140 303
154 472
154 473
154 83
154 166
154 64
154 54
154 474
154 215
154 409
154 475
154 387
154 66
154 38
108 382
108 164
108 132
108 152
108 65
108 109
108 118
692 305
348 13
333 5
393 224
307 191
307 476
307 477
307 263
307 478
307 386
307 479
307 109
307 480
307 124
307 481
693 482
159 133
344 22
344 483
344 484
344 485
96 261
96 486
96 487
278 488
278 489
157 18
157 9
157 490
133 18
133 224
133 159
133 9
133 107
694 195
88 491
10 448
10 391
10 392
10 166
10 90
10 388
10 136
116 7
55 50
55 63
55 339
55 492
695 13
695 162
497 36
696 172
696 24
697 230
306 461
306 493
306 128
534 52
245 494
245 285
698 228
698 495
256 18
394 14
394 43
394 96
394 58
489 278
699 316
257 18
700 496
36 0
36 310
36 13
36 354
36 90
36 497
36 26
36 125
36 498
95 92
95 499
95 33
95 500
95 64
95 501
95 502
95 503
535 368
241 325
241 51
701 172
701 17
529 24
529 215
529 0
404 380
404 397
365 13
365 504
365 505
516 410
419 373
198 282
198 168
702 506
703 6
226 51
226 64
117 7
65 191
65 39
65 507
65 108
65 69
155 50
155 13
155 409
155 64
155 508
704 391
704 267
705 153
375 509
33 11
33 102
33 164
33 192
33 510
33 172
33 21
243 54
298 316
92 511
92 239
92 512
92 122
92 200
92 26
92 513
92 447
23 200
23 195
527 514
385 24
706 230
706 515
410 193
410 516
410 262
409 154
409 155
415 517
415 518
449 519
707 520
532 86
708 521
708 522
418 523
418 214
709 144
338 524
76 424
76 210
76 213
76 525
76 134
76 466
76 526
76 350
74 430
74 52
710 11
711 349
514 527
712 355
712 349
252 135
713 223
713 359
383 109
383 528
366 248
215 529
215 314
215 48
215 43
215 181
215 154
215 528
215 241
714 344
466 530
466 513
466 13
466 76
466 134
134 531
134 530
134 107
134 532
134 64
134 76
358 6
207 340
207 533
34 172
105 24
14 13
14 394
14 101
234 225
234 222
234 38
715 22
267 18
267 181
267 313
50 200
50 9
50 332
50 24
50 101
50 55
50 339
50 252
50 155
50 63
50 53
50 430
50 171
50 38
52 334
52 332
52 5
52 93
52 74
52 534
368 535
368 21
368 536
496 537
472 154
716 5
716 538
716 214
716 6
716 397
282 128
282 539
282 1
282 198
282 17
47 191
47 101
120 191
120 64
120 126
717 392
254 205
27 540
27 29
328 541
718 542
479 543
479 307
111 544
111 259
111 26
111 134
111 545
719 55
422 301
422 546
