659 0
435 1
597 2
69 3
660 4
170 5
170 6
170 7
354 8
625 9
418 10
514 11
514 12
461 13
214 14
214 15
214 16
168 16
142 17
142 18
142 19
142 20
142 21
142 22
142 23
142 24
142 25
661 26
662 27
662 28
663 29
247 30
247 31
247 32
247 33
247 34
303 35
298 36
260 37
115 11
115 38
115 35
652 39
550 40
664 41
664 42
286 43
495 44
473 45
226 46
233 26
233 47
233 48
162 49
665 45
665 15
665 50
665 51
19 52
666 53
667 54
121 55
121 20
668 56
180 57
180 58
180 59
509 28
669 60
670 61
444 62
671 63
4 64
310 28
310 65
131 66
131 67
131 68
131 69
131 7
131 70
672 24
450 71
450 72
95 5
95 73
95 33
95 74
95 75
95 76
95 77
95 78
95 79
95 80
95 81
95 82
95 28
95 83
95 84
95 25
95 85
95 86
95 87
95 18
95 88
95 89
95 90
95 91
95 92
95 93
95 6
248 58
673 94
88 95
88 96
88 97
88 98
88 73
580 46
486 74
486 99
358 7
674 100
109 35
109 101
479 102
35 103
35 104
35 95
35 105
35 106
35 107
35 108
35 109
35 110
35 111
35 112
35 113
35 114
35 115
35 116
35 18
35 21
35 82
35 28
35 117
35 118
35 119
35 120
35 121
35 45
35 122
355 7
675 123
561 28
561 124
561 125
499 61
499 33
213 126
213 127
324 128
391 129
391 7
391 130
676 131
677 132
259 82
259 133
259 24
259 134
319 28
678 32
678 88
100 21
100 112
100 135
100 34
100 136
100 137
100 138
100 28
100 76
100 139
100 25
100 140
100 141
100 142
679 143
107 35
680 144
681 145
682 146
17 147
17 142
17 112
17 148
90 149
90 150
340 151
340 80
138 152
138 153
138 154
138 155
138 112
138 46
138 100
138 156
683 0
684 157
684 124
322 158
322 159
245 160
685 45
686 161
563 28
657 28
49 162
602 145
602 105
602 163
574 28
574 164
3 165
408 117
687 28
688 166
689 115
690 167
690 168
690 86
690 169
690 28
5 170
73 88
73 128
73 171
73 172
73 40
106 173
106 35
106 174
106 175
223 176
110 35
57 177
57 178
57 179
57 180
57 181
57 59
57 182
57 183
691 184
691 185
692 186
415 187
510 188
510 189
510 190
693 32
694 28
335 21
440 112
257 191
695 192
417 116
417 193
417 28
399 66
696 194
696 195
696 173
304 28
304 196
50 197
50 198
697 182
697 199
56 200
698 192
699 201
11 202
11 203
11 204
11 205
11 206
11 11
11 115
387 59
140 207
140 113
140 208
140 209
700 210
614 211
614 190
543 68
22 142
148 17
148 5
148 188
148 172
701 212
701 34
126 213
15 214
15 112
15 113
15 0
15 46
15 215
15 45
261 216
702 217
430 218
413 28
177 219
323 64
474 147
482 220
482 221
46 112
46 50
46 73
46 222
46 223
46 28
46 224
46 225
46 15
46 226
46 227
46 87
46 142
46 228
46 229
703 230
704 231
182 36
48 232
48 233
315 66
315 234
315 188
315 132
315 235
315 236
315 237
315 95
315 109
315 238
315 35
315 221
289 40
705 239
274 12
77 240
77 95
77 241
77 242
77 28
77 243
77 176
32 93
603 105
603 244
603 161
149 90
160 245
160 36
507 212
507 246
706 247
484 248
484 249
484 89
143 250
143 28
143 156
143 251
480 252
480 76
480 146
480 253
194 14
194 254
194 255
237 256
707 46
191 257
191 205
163 133
163 258
134 259
37 260
216 261
172 73
172 148
172 33
172 21
708 262
709 263
710 264
443 265
443 45
648 266
552 165
711 267
321 268
103 35
455 28
455 269
455 270
475 271
475 175
520 272
34 23
34 273
712 35
712 183
713 274
714 246
714 275
715 146
427 276
427 277
352 278
352 28
352 279
308 198
155 280
155 28
645 281
645 282
645 283
645 80
645 284
43 285
43 286
43 287
43 72
716 288
716 289
548 290
426 142
426 291
426 277
176 292
176 223
371 28
644 293
498 28
498 294
717 182
718 5
360 295
360 296
719 297
719 298
719 299
457 144
457 45
457 300
422 28
422 76
422 215
422 301
346 185
720 21
476 302
721 303
196 304
554 116
554 305
554 275
554 28
554 306
722 294
504 307
198 308
557 309
392 66
392 28
392 182
65 310
65 311
65 112
65 28
65 89
530 68
161 312
161 45
161 313
195 314
235 315
235 246
235 21
631 316
643 317
284 318
344 319
344 320
344 0
268 321
723 322
724 32
64 323
64 324
64 325
64 4
318 326
318 284
328 327
369 328
369 329
725 127
726 100
727 330
727 331
727 28
202 28
529 332
406 333
622 24
622 334
21 335
21 74
21 336
21 337
21 338
21 91
21 339
21 20
21 53
21 235
21 28
21 36
21 83
21 340
21 341
21 228
21 238
258 342
258 68
258 255
258 343
258 163
258 125
0 211
0 344
0 127
0 15
0 91
0 35
0 345
23 17
23 14
23 323
23 113
23 346
23 28
23 347
23 115
428 255
592 348
592 35
592 135
31 60
31 349
31 350
93 95
728 351
728 352
8 250
8 353
8 354
8 68
8 81
7 57
7 18
7 355
7 192
7 5
7 356
7 91
7 171
7 357
7 28
7 358
7 359
296 360
299 361
299 114
299 362
299 139
588 363
388 66
388 364
388 365
388 366
388 367
470 368
470 45
329 173
329 369
729 95
730 370
357 371
357 372
357 373
451 71
731 374
650 375
30 247
30 18
30 28
30 112
30 297
732 376
733 343
378 299
63 377
342 343
342 258
58 248
58 59
568 378
568 45
568 28
568 294
568 379
20 380
20 112
20 183
207 140
207 86
173 106
173 127
173 381
173 92
173 329
734 142
385 382
581 128
251 112
251 28
251 143
735 45
375 383
53 75
53 384
736 95
736 385
736 247
737 66
737 386
738 155
295 360
654 387
654 59
181 57
739 182
366 380
366 388
18 112
18 199
18 142
18 7
18 128
18 86
18 123
740 334
120 28
741 253
742 380
439 389
583 28
432 390
432 18
633 131
130 391
130 173
66 392
66 393
66 24
66 115
66 394
743 395
651 80
396 396
132 211
132 315
132 116
132 161
132 269
132 0
132 114
744 84
341 28
341 21
745 190
29 397
29 38
29 115
29 398
29 193
336 399
336 400
336 379
336 401
412 402
412 403
646 234
746 8
575 404
615 350
333 405
333 406
40 289
117 201
117 238
117 407
117 408
747 409
642 70
416 410
416 411
402 412
116 66
116 223
116 94
116 45
116 10
116 127
116 35
116 413
116 414
116 182
116 132
116 28
116 76
116 415
116 188
116 416
116 417
10 418
10 116
10 419
10 420
81 95
81 8
291 195
291 125
291 421
748 28
414 116
414 345
374 422
374 423
118 424
118 35
118 299
292 176
292 123
442 95
442 425
442 112
442 89
277 34
277 426
277 427
463 269
255 258
255 68
255 428
218 429
218 430
218 431
390 432
619 433
619 26
649 177
434 28
749 8
749 434
749 280
285 287
1 435
1 436
240 77
750 77
368 437
410 438
410 416
389 95
389 439
751 329
112 197
112 17
112 18
112 89
112 440
112 138
112 82
112 28
112 83
112 100
112 441
112 442
112 65
752 309
753 28
517 92
265 443
265 394
62 444
582 28
582 445
305 424
305 23
490 314
459 300
72 233
101 28
101 396
754 446
224 113
224 447
224 448
224 449
224 46
571 28
571 394
71 450
71 451
345 419
345 70
345 126
279 28
279 352
343 258
755 452
630 28
192 7
192 33
192 453
192 454
756 28
420 112
420 455
420 433
420 210
420 126
420 456
420 457
420 458
420 459
420 460
420 270
420 424
420 362
420 275
420 35
420 416
420 461
91 95
91 462
91 21
91 7
91 0
91 87
269 463
269 0
269 464
757 153
758 465
349 31
349 14
349 466
759 182
45 66
45 294
45 106
45 354
45 443
45 394
45 302
45 35
45 467
45 336
45 265
45 415
45 437
45 253
45 468
45 144
45 457
45 269
45 28
45 362
45 92
45 469
45 470
760 471
761 119
762 472
137 473
97 88
147 100
147 474
302 475
302 476
302 28
302 45
302 335
302 477
560 28
208 207
494 44
763 80
515 446
75 53
75 73
75 40
75 33
75 95
367 388
764 183
764 478
765 479
766 322
767 235
301 422
253 28
253 269
253 480
311 28
239 27
477 302
477 363
477 481
273 7
273 28
273 416
273 34
768 482
768 483
617 15
769 417
770 100
249 484
249 70
249 485
249 165
771 58
188 486
188 315
188 128
188 148
188 487
82 250
82 488
82 112
82 88
82 192
82 259
82 489
82 490
82 491
82 35
772 339
150 28
221 315
221 492
221 482
546 493
44 494
44 495
773 496
472 399
127 433
127 116
127 497
127 80
127 269
127 28
127 340
294 498
294 28
294 45
531 28
639 182
639 164
604 105
264 443
61 16
61 260
61 379
61 499
774 116
774 500
774 501
186 502
567 105
567 28
438 225
775 503
229 46
616 436
307 504
776 330
545 505
545 77
545 506
246 212
246 239
246 507
246 27
246 235
246 508
777 509
395 28
189 510
500 247
141 100
141 194
129 424
129 391
151 340
778 92
632 511
175 512
175 450
175 475
175 183
175 106
175 28
175 72
175 513
175 442
175 9
175 253
570 28
779 514
608 445
201 117
201 21
780 28
372 142
491 28
423 374
464 269
446 515
446 485
781 253
398 516
398 28
92 88
92 173
92 517
92 161
92 45
92 518
782 519
272 520
270 455
270 28
270 388
256 86
783 521
784 21
785 522
334 166
312 230
786 523
787 362
209 140
788 28
789 524
789 525
467 526
790 248
527 28
791 514
339 113
339 15
339 21
792 417
610 28
610 182
793 527
793 176
327 328
327 528
332 529
212 246
212 507
383 375
68 530
68 131
68 531
68 532
68 533
68 534
68 313
68 535
68 67
68 536
68 537
68 538
68 383
68 539
68 353
68 540
68 541
68 542
68 91
68 543
68 8
68 544
68 255
506 545
431 175
493 546
794 28
421 486
795 547
795 86
796 247
28 250
28 455
28 170
28 352
28 26
28 112
28 155
28 114
28 76
28 548
28 101
28 549
28 71
28 550
28 498
28 551
28 552
28 553
28 196
28 554
28 555
28 556
28 544
28 557
28 45
28 65
28 558
28 95
28 137
28 559
28 108
28 302
28 35
28 560
28 561
28 515
28 562
28 100
28 361
28 468
28 273
28 82
28 23
28 129
28 392
28 563
28 39
28 564
28 7
28 143
28 294
28 531
28 131
28 565
28 30
28 566
28 567
28 502
28 568
28 52
28 307
28 569
28 246
28 417
28 511
28 304
28 570
28 571
28 372
28 18
28 439
28 572
28 270
28 251
28 66
28 497
28 177
28 46
28 315
28 573
28 527
28 574
28 575
28 576
28 416
28 116
28 577
28 480
28 219
28 128
28 380
28 578
99 363
13 579
441 112
128 348
128 18
128 580
128 247
128 434
128 581
128 123
124 582
238 315
797 114
595 19
595 99
798 31
60 367
84 95
84 583
586 179
320 344
799 584
800 568
458 0
407 117
199 501
364 388
532 585
532 68
179 57
179 21
179 586
534 68
363 587
363 588
33 172
33 337
33 95
33 75
33 192
33 247
33 363
33 589
33 6
33 590
801 147
802 142
803 112
803 591
135 100
135 592
27 363
27 239
338 28
411 410
411 114
76 116
76 95
76 243
593 448
804 28
804 569
551 28
551 114
551 560
805 5
516 398
585 532
448 593
462 91
806 76
807 339
808 142
252 326
252 68
87 594
87 18
87 95
87 595
87 91
87 28
87 183
87 461
518 45
197 112
197 468
809 596
2 597
2 384
810 338
653 598
811 352
79 95
812 599
813 112
814 90
814 86
601 337
601 600
815 489
6 95
6 170
6 73
243 24
243 76
243 28
243 77
153 138
337 80
337 21
337 46
337 601
337 11
337 33
105 177
105 116
105 86
105 602
105 471
105 603
105 35
105 604
105 345
326 380
326 252
326 480
326 605
816 45
313 508
817 350
647 345
647 444
818 7
818 35
111 35
819 188
536 68
820 594
820 131
820 606
821 444
297 30
171 309
171 21
171 607
466 436
466 267
78 21
78 89
822 63
562 183
823 28
823 470
824 255
825 7
825 89
445 582
445 608
379 609
379 610
379 183
379 568
468 45
433 336
640 255
826 82
827 611
206 30
12 18
12 514
146 28
609 126
609 14
609 379
609 612
828 613
829 434
211 614
211 359
211 132
211 0
830 577
350 31
350 615
831 71
497 127
497 25
497 114
497 273
436 1
436 173
436 616
424 129
424 456
832 617
190 510
401 618
401 336
241 77
26 69
26 619
26 171
833 94
834 33
287 285
287 66
287 182
24 66
24 243
24 620
24 621
24 195
24 622
24 326
24 259
24 28
24 77
24 623
24 624
24 142
24 334
565 28
215 119
215 15
96 88
9 625
9 626
9 175
835 112
836 74
502 66
502 361
502 28
502 627
502 186
409 628
409 381
837 185
52 19
86 18
86 28
86 445
86 629
86 316
113 63
113 223
113 568
113 21
113 224
113 339
113 140
113 35
139 100
139 28
139 299
566 630
397 29
437 470
157 73
838 631
839 475
511 28
511 632
276 66
276 182
276 519
38 115
38 29
840 309
841 503
841 77
637 131
842 633
843 446
843 634
25 95
25 419
25 497
25 18
25 46
205 11
205 191
306 28
844 635
844 69
844 636
845 495
846 637
89 112
89 95
89 21
89 193
89 442
89 65
359 28
359 33
579 13
579 638
164 639
164 522
164 308
847 68
108 28
108 35
485 249
485 228
14 214
14 8
14 157
14 146
14 640
370 641
370 511
370 142
348 23
348 592
848 364
533 68
70 642
70 249
70 345
236 315
317 643
849 28
849 162
850 644
74 645
74 234
851 105
852 418
573 28
853 128
187 554
522 141
114 646
114 497
114 132
114 28
114 647
114 361
114 253
854 182
854 162
854 433
855 32
555 28
228 485
220 178
220 482
266 648
856 613
577 7
577 28
577 312
577 649
577 650
577 183
178 57
178 95
178 28
80 651
539 215
539 68
39 652
39 28
39 309
83 95
83 112
83 442
857 138
193 67
193 417
193 208
193 89
598 653
456 424
59 57
59 180
59 58
59 387
59 654
541 68
380 20
380 655
119 637
119 63
119 147
119 35
454 76
454 192
858 127
859 656
244 603
860 56
123 95
123 657
861 382
183 57
183 131
183 477
183 172
183 476
183 577
183 175
183 0
183 658
183 571
183 183
