631 0
167 1
167 2
123 3
588 4
588 5
632 6
23 7
23 8
23 9
595 10
369 11
369 4
633 12
372 13
28 14
28 15
28 16
28 17
28 18
208 19
7 7
7 20
7 21
7 22
7 23
7 24
7 25
634 26
38 27
330 28
330 29
330 30
60 31
60 32
60 33
60 34
60 35
60 36
477 37
27 38
27 39
200 40
200 41
200 42
200 43
200 44
110 45
635 46
137 47
137 48
137 30
137 49
137 50
166 51
222 52
222 53
222 54
222 55
222 56
222 48
636 57
540 58
183 59
637 60
361 61
638 39
247 48
247 62
349 48
499 63
499 64
499 65
336 66
336 67
639 68
314 69
94 64
640 70
568 71
641 72
88 14
88 73
88 69
88 74
429 75
429 76
429 77
642 78
489 79
489 24
489 80
489 81
215 82
215 83
140 40
140 52
140 84
140 71
140 85
140 47
140 86
140 87
140 48
140 88
140 89
140 90
140 46
140 91
64 92
64 93
64 94
64 95
64 96
64 97
64 98
64 99
64 100
64 101
64 29
64 102
64 103
64 17
64 104
64 105
64 77
643 77
644 24
396 106
233 107
323 108
323 90
323 109
45 110
45 111
45 112
45 11
45 113
45 114
45 115
45 87
45 116
45 117
45 118
45 119
45 120
45 121
45 122
66 91
645 107
21 11
21 123
21 124
646 125
647 126
648 127
560 64
498 56
498 128
121 129
121 130
121 45
649 131
18 28
650 132
292 9
221 133
141 134
141 2
141 135
141 47
141 24
141 136
47 137
47 138
47 139
47 140
47 141
47 142
47 143
47 144
47 109
47 145
244 146
440 147
157 1
157 86
157 23
157 148
157 149
32 150
32 151
32 152
32 153
32 154
32 63
32 155
32 49
651 156
86 157
86 158
86 159
86 160
86 69
86 24
86 161
86 143
86 162
421 163
421 131
652 141
322 46
404 164
404 165
1 157
1 166
1 167
1 168
1 169
1 77
277 170
447 171
653 122
616 172
219 138
219 173
219 167
219 174
219 14
219 175
561 50
168 176
654 126
654 177
563 178
563 179
563 180
211 181
211 182
211 64
211 183
211 90
211 184
201 185
655 186
656 1
657 187
228 188
228 189
93 64
246 75
192 190
375 191
375 36
190 192
190 193
190 194
395 106
658 195
357 196
357 136
357 33
659 13
512 197
112 45
423 198
423 135
326 199
326 200
660 121
661 201
661 202
457 203
662 204
663 205
664 206
54 207
54 208
54 48
54 183
665 209
666 210
666 211
666 35
435 212
82 213
82 214
82 215
343 132
159 86
96 64
427 216
406 164
406 217
667 140
668 218
669 219
143 220
143 221
143 222
143 153
143 223
143 224
143 47
143 225
143 226
143 227
237 228
237 229
262 100
290 39
290 48
290 230
670 231
113 45
113 232
107 233
107 208
107 234
107 235
229 236
229 237
229 77
120 45
594 238
590 239
324 240
559 221
100 241
549 242
549 214
598 243
430 244
671 245
75 246
62 247
51 166
269 40
269 71
269 248
269 249
269 250
269 251
269 109
269 200
269 91
672 111
20 7
673 109
673 252
674 109
508 253
103 64
103 254
103 255
521 256
521 139
521 257
675 258
676 259
299 226
189 228
189 97
189 216
189 260
570 71
677 49
8 261
678 262
678 205
678 263
155 52
155 32
155 264
77 265
77 266
77 1
77 267
77 60
77 64
77 164
77 42
553 48
195 124
252 268
252 269
252 221
252 270
92 64
92 229
92 271
92 95
92 272
276 174
276 273
173 274
173 219
170 275
170 276
170 277
170 128
170 149
170 278
373 279
373 280
373 3
379 281
585 282
528 283
679 284
231 254
680 285
681 70
437 146
114 286
114 287
114 45
114 288
114 172
502 289
471 290
471 291
471 292
471 293
471 86
471 294
471 155
471 295
471 296
312 297
312 298
226 197
226 299
682 300
682 301
682 302
278 147
618 303
122 304
122 45
122 305
122 103
683 40
261 102
261 8
684 306
685 252
492 307
492 268
454 203
454 118
686 308
145 47
145 309
303 310
303 311
303 312
303 124
181 211
687 313
111 111
688 14
688 300
316 69
69 314
69 315
69 316
69 317
69 318
69 116
69 86
69 319
69 320
69 88
69 321
69 145
69 105
46 322
46 140
46 14
46 315
46 69
46 149
689 230
248 323
555 324
555 311
690 140
690 182
690 325
690 326
690 327
690 203
439 170
439 147
691 328
691 22
691 100
691 9
600 329
607 330
607 41
607 241
607 331
355 153
692 332
692 143
692 333
350 48
264 155
516 40
516 240
516 128
516 334
516 335
516 90
516 336
266 77
693 337
693 338
694 88
547 339
562 340
562 204
562 77
48 52
48 140
48 54
48 341
48 342
48 136
48 334
48 343
48 344
48 160
48 345
48 346
48 347
48 164
48 290
48 137
48 14
48 348
48 349
48 350
48 351
48 247
48 3
48 9
582 352
695 353
696 0
697 102
697 147
698 354
538 126
153 355
153 284
153 143
153 32
33 60
33 356
33 357
33 358
699 343
474 52
334 48
256 313
700 60
701 6
701 51
701 36
490 359
490 49
490 221
70 81
702 114
108 188
41 300
41 200
61 360
61 149
61 361
16 28
16 91
376 351
443 362
443 363
613 102
613 287
209 364
209 365
209 366
209 149
703 3
367 367
11 17
11 368
11 369
704 370
328 7
328 371
328 42
328 77
13 372
279 373
279 57
279 280
267 105
267 374
267 77
705 375
706 265
707 330
15 28
15 254
526 24
351 307
351 210
351 105
351 376
708 377
709 63
202 259
202 378
202 379
602 49
602 229
602 380
710 381
711 382
175 219
433 212
296 164
625 157
625 271
625 52
712 152
52 339
52 255
523 24
333 140
333 217
333 222
249 52
249 48
249 383
249 230
249 269
713 152
714 24
715 90
715 384
715 88
715 300
715 385
716 386
716 377
317 71
317 387
26 14
583 388
583 389
717 390
344 48
216 391
216 189
216 392
216 14
216 393
216 394
106 395
106 39
106 396
718 7
719 260
720 210
496 397
496 268
496 398
496 399
496 400
164 261
164 401
164 402
164 44
164 403
164 404
164 113
164 405
164 406
164 24
164 407
164 48
164 136
164 217
164 363
164 408
164 109
164 409
164 296
164 410
164 77
411 411
721 412
368 204
446 86
446 334
14 73
14 247
14 211
14 413
14 414
14 377
14 135
14 60
14 161
14 372
14 415
14 28
14 48
14 26
14 24
14 416
14 49
14 91
413 14
519 255
722 30
722 417
81 418
81 70
539 169
723 419
90 323
90 217
617 102
724 420
163 421
599 136
599 243
599 300
591 283
571 11
318 397
186 198
186 422
186 219
593 238
109 423
109 424
109 269
109 118
575 321
536 425
536 426
487 135
294 9
725 427
586 426
308 323
726 428
76 429
358 358
727 430
115 193
115 45
472 330
472 431
212 432
212 126
212 17
212 433
212 434
212 435
212 9
628 436
728 377
146 244
146 437
356 167
356 438
356 331
185 201
147 439
147 440
147 441
147 283
501 442
501 443
436 444
436 40
436 136
729 128
462 445
730 446
731 447
732 448
733 77
733 449
126 450
126 131
101 64
734 105
735 451
504 452
280 423
280 373
280 279
203 7
203 218
203 188
203 453
203 454
203 455
203 161
203 81
203 456
203 457
203 458
203 252
445 459
445 460
445 1
445 461
445 462
445 42
488 436
488 463
149 283
149 52
149 464
149 170
149 209
149 148
149 157
149 465
149 174
149 61
149 253
149 251
149 466
149 205
149 467
149 77
149 46
149 468
391 80
391 36
543 412
609 469
736 373
394 216
73 14
73 88
295 470
295 9
295 208
295 471
737 60
738 349
579 172
91 40
91 66
91 140
91 247
91 269
91 14
91 360
91 69
91 102
91 88
91 16
431 378
431 472
739 328
160 30
160 425
160 91
160 473
740 5
741 44
742 474
17 28
17 64
743 14
743 414
434 212
545 475
485 59
485 165
19 284
19 208
19 476
37 477
544 478
544 208
544 479
544 140
744 65
235 441
235 107
235 421
235 480
235 295
235 481
235 482
116 110
116 45
412 292
412 124
745 483
527 24
746 484
165 485
98 64
620 486
573 321
230 128
747 487
747 311
747 176
463 488
748 167
749 340
79 489
79 108
182 211
750 289
614 102
359 490
751 491
428 65
752 18
307 7
307 56
307 492
307 351
307 35
291 276
291 471
402 493
402 343
753 77
265 77
393 494
418 495
268 343
268 53
268 423
268 471
268 492
268 496
268 478
150 214
198 423
198 199
198 186
254 15
254 103
254 5
254 35
105 497
105 351
105 64
105 48
105 498
105 499
105 9
459 351
459 500
459 445
362 442
362 501
754 246
22 7
22 268
22 102
22 502
22 64
234 107
452 503
452 504
87 140
87 24
541 109
119 40
119 45
119 230
119 308
755 505
755 45
40 506
40 158
40 436
40 326
40 507
40 323
405 164
756 105
757 22
465 149
758 1
759 1
759 70
604 111
760 320
35 307
35 24
35 82
587 5
253 508
253 509
253 149
603 510
464 149
174 149
174 511
174 219
197 512
197 321
197 513
156 118
59 485
470 295
30 11
30 205
30 42
761 91
762 514
417 126
763 515
432 212
345 160
2 2
764 48
240 516
765 517
537 425
766 518
766 174
766 191
255 52
255 360
255 519
255 251
255 103
255 520
139 47
139 521
284 153
24 522
24 391
24 523
24 524
24 211
24 152
24 353
24 479
24 7
24 525
24 84
24 160
24 330
24 287
24 2
24 171
24 526
24 527
24 11
24 511
24 164
24 528
24 14
24 529
24 49
24 530
24 410
24 77
24 40
24 237
24 531
24 86
24 532
24 48
24 533
24 35
24 203
24 489
767 7
767 9
416 14
44 182
44 200
44 534
44 535
768 136
768 222
220 143
425 160
425 536
425 537
769 146
542 320
629 3
83 191
422 214
42 538
42 30
42 539
42 328
42 445
42 77
500 540
500 127
53 35
135 14
56 498
56 77
136 48
136 357
136 541
136 404
320 75
320 259
320 69
320 461
320 542
271 92
271 543
346 48
770 40
479 24
479 544
771 212
475 545
772 546
339 52
339 547
251 269
251 423
251 124
251 149
251 239
251 255
773 3
74 88
74 548
74 69
577 549
623 284
774 8
158 40
158 86
158 550
775 551
128 552
128 170
128 471
128 230
128 312
128 336
776 553
777 9
214 497
214 50
214 150
214 64
214 554
214 180
214 82
214 549
778 471
95 92
95 64
95 77
779 555
779 556
779 557
414 14
414 558
780 271
781 357
118 109
118 454
205 35
782 507
783 347
50 11
50 137
50 559
50 560
50 561
138 219
306 562
784 203
178 563
223 52
223 391
152 109
152 24
152 564
152 565
152 77
785 359
124 21
786 566
342 48
787 241
507 40
297 321
297 312
71 140
71 212
71 567
71 135
71 317
71 568
71 102
71 569
71 570
327 351
788 347
397 161
397 34
206 143
206 571
287 114
789 124
790 572
117 45
612 201
791 254
791 77
288 114
321 548
321 197
321 573
321 69
321 574
321 507
321 297
321 575
321 36
241 100
241 8
792 576
793 260
794 105
795 577
796 200
89 140
89 321
25 7
25 204
25 578
172 579
154 167
154 580
410 24
169 539
169 1
169 114
797 581
55 222
99 64
259 102
259 320
161 86
161 73
161 413
352 582
550 253
550 158
550 124
473 160
270 252
388 583
171 24
171 447
626 584
282 247
282 585
315 46
426 536
426 586
426 300
217 90
217 308
5 587
5 588
5 589
5 5
239 251
239 24
239 590
476 19
283 591
283 147
283 528
364 209
798 124
799 362
238 592
238 183
238 24
238 593
238 594
238 472
800 595
4 588
4 596
4 524
4 369
273 276
515 325
515 597
243 598
243 599
243 466
801 533
802 514
329 600
329 77
329 601
597 515
803 48
804 354
554 214
615 550
805 29
63 580
49 14
49 490
49 24
49 602
510 603
806 487
184 211
97 64
552 128
509 253
509 604
300 605
300 606
300 586
300 426
300 607
300 608
300 416
495 247
495 418
0 412
807 330
807 24
9 48
9 212
9 57
9 471
589 188
589 5
392 216
415 14
808 39
469 330
469 609
809 63
809 610
809 178
809 575
809 360
810 347
497 214
497 611
811 612
102 613
102 52
102 614
102 64
102 22
102 259
102 615
102 616
102 617
812 618
813 619
813 620
188 228
188 589
188 621
188 300
188 203
188 622
188 323
814 572
360 623
360 284
360 61
815 624
493 625
493 90
608 300
133 221
584 626
816 211
506 40
242 549
532 627
817 64
444 436
444 628
34 397
34 60
260 189
3 340
3 123
3 373
3 629
3 48
3 630
3 77
