75 0
64 1
64 2
16 3
16 4
16 5
16 6
16 7
16 1
16 8
16 9
16 10
16 11
16 12
16 13
16 14
8 15
8 16
8 17
8 18
8 19
8 20
8 21
18 22
18 3
18 10
18 8
18 23
18 24
18 25
18 26
18 27
18 28
18 29
24 19
24 30
24 13
24 18
24 10
48 31
48 32
48 33
48 20
63 30
63 34
63 35
96 36
96 10
96 26
68 37
68 24
97 10
69 25
69 38
98 16
36 8
60 31
60 39
60 40
99 25
51 19
82 4
41 10
41 3
41 5
41 18
100 13
94 25
101 41
55 42
26 43
26 44
26 10
102 20
103 45
33 41
33 46
33 3
33 47
33 48
33 25
33 8
33 32
33 19
33 49
73 12
2 50
2 20
2 31
2 51
2 19
2 1
2 17
2 35
2 52
2 28
2 16
104 44
104 40
78 53
78 1
78 54
46 33
6 16
6 19
6 14
6 20
105 40
42 55
70 10
70 56
23 18
106 2
17 8
25 41
25 1
25 57
25 58
25 15
52 53
87 59
39 16
39 60
91 16
91 10
91 13
91 61
35 41
35 62
35 14
35 63
35 2
67 19
95 52
95 40
0 40
59 3
59 13
59 40
59 28
59 29
50 20
50 16
50 24
50 2
50 31
50 34
50 14
50 28
19 22
19 64
19 65
19 33
19 10
19 8
19 20
19 24
19 66
19 21
19 13
19 2
19 67
83 31
83 1
83 13
37 38
37 28
37 68
38 43
38 3
38 53
38 20
38 44
38 18
38 69
38 37
92 20
92 37
45 13
10 41
10 70
10 3
10 13
10 64
10 16
10 71
10 72
10 24
10 19
10 31
10 37
44 31
44 29
44 1
44 28
44 20
81 4
81 72
107 25
66 30
12 4
12 73
28 16
28 74
28 44
28 51
28 33
40 0
40 8
40 29
30 75
30 76
30 3
30 48
30 66
30 57
30 77
1 78
1 10
1 64
1 2
1 25
21 19
21 4
14 70
14 59
14 50
14 60
14 20
14 16
14 79
14 40
14 24
14 6
14 35
14 57
77 3
77 13
77 60
77 31
77 30
77 80
77 57
85 3
56 10
56 70
43 3
43 37
43 68
4 16
4 81
4 12
4 82
31 3
31 48
31 20
31 32
31 71
31 72
31 10
31 30
31 83
31 17
31 13
31 52
31 57
31 77
108 13
5 41
5 16
58 25
58 57
15 52
15 8
15 71
15 3
15 20
62 29
9 33
9 28
9 24
71 10
71 4
71 15
90 54
109 76
109 48
110 46
22 18
3 41
3 43
3 84
3 59
3 33
3 16
3 15
3 31
3 32
3 18
3 85
3 53
3 10
3 86
3 30
3 87
3 69
3 38
3 52
3 57
3 77
13 45
13 13
13 71
13 88
13 19
13 29
13 77
111 31
72 81
88 13
11 16
11 59
29 53
29 9
29 13
76 89
76 19
76 33
76 42
84 3
54 90
54 78
20 76
20 19
20 16
20 8
20 91
20 2
20 48
20 31
20 92
20 14
20 25
53 93
53 38
53 3
53 52
53 78
112 94
113 19
57 3
57 77
57 4
57 25
57 31
57 72
57 19
57 30
57 14
57 28
57 95
