103 0
33 1
33 2
33 3
29 4
29 5
29 6
29 7
29 8
29 9
29 10
29 0
29 11
29 12
29 13
29 14
29 15
47 16
47 17
47 18
47 19
47 20
47 21
47 22
47 23
47 1
47 24
47 0
47 14
47 13
47 25
2 26
2 9
2 27
2 28
2 7
2 29
2 30
2 31
2 32
2 1
2 0
2 33
2 34
84 35
84 36
84 37
78 38
78 39
104 24
71 10
71 40
71 41
71 42
72 41
99 43
99 4
60 44
105 8
106 45
17 24
17 46
17 47
17 48
31 3
31 49
31 23
31 9
31 2
31 36
31 1
31 46
31 50
31 51
31 52
31 53
88 18
92 54
15 5
107 19
107 7
80 55
7 29
7 2
40 19
40 36
108 46
108 45
108 39
4 9
4 56
4 23
4 31
4 52
4 53
13 29
13 19
13 46
87 39
109 44
56 9
56 57
56 23
56 8
56 58
56 42
56 43
56 4
56 0
56 14
56 12
56 52
56 50
56 59
56 48
20 53
64 19
64 3
32 43
32 4
52 16
52 9
52 41
52 44
52 1
52 31
52 60
52 36
52 19
52 4
52 54
52 61
52 62
52 53
52 48
97 0
8 9
8 56
8 53
8 32
73 41
73 23
50 0
50 27
50 56
50 63
65 43
65 9
26 2
110 64
111 62
79 1
43 65
43 16
43 66
43 56
43 23
43 67
43 42
43 1
43 12
43 54
43 59
43 68
43 53
43 48
112 29
68 16
68 54
113 3
98 10
98 69
98 70
114 0
114 44
114 7
30 57
30 2
96 9
41 71
41 9
41 72
41 24
41 44
41 73
41 74
41 75
41 76
41 77
34 2
86 39
6 25
21 66
42 29
42 43
42 53
1 33
1 24
1 47
1 2
1 32
1 78
1 46
1 57
1 66
1 44
1 35
1 19
1 10
1 16
1 9
1 18
1 31
1 43
1 0
1 14
1 68
1 79
1 53
102 41
102 2
102 53
76 80
76 10
76 39
115 19
116 81
44 3
44 9
44 33
44 66
44 4
44 43
44 46
44 50
58 24
58 64
35 9
35 68
35 36
19 57
19 7
19 18
19 29
19 64
19 1
19 40
19 14
19 13
19 28
117 32
16 52
16 75
16 1
16 53
16 3
118 2
36 82
36 83
36 23
36 47
36 31
36 84
36 40
36 52
36 68
36 48
75 85
75 9
75 41
75 53
14 29
14 1
14 31
14 39
14 43
59 0
48 16
48 9
48 56
48 17
48 23
48 43
48 0
48 12
48 52
48 37
49 31
100 9
119 0
119 54
39 86
39 9
39 2
39 78
39 14
39 87
39 76
39 41
101 0
62 1
62 9
62 47
62 52
120 36
5 29
5 24
94 12
24 3
24 5
24 59
24 17
24 47
24 1
24 41
46 1
46 31
46 44
61 52
61 14
27 50
57 3
57 1
57 19
57 63
18 1
18 29
18 47
18 88
18 19
18 53
81 69
81 68
63 3
63 9
63 39
63 81
63 50
85 16
85 75
85 89
66 90
66 21
38 9
38 56
38 24
38 21
38 44
38 40
38 65
38 45
95 9
10 29
10 0
121 52
54 16
54 28
54 29
54 91
54 92
54 43
54 93
54 53
122 44
9 82
9 94
9 56
9 29
9 47
9 2
9 1
9 55
9 52
9 35
9 63
9 8
9 38
9 44
9 95
9 50
9 39
9 7
9 28
9 31
9 43
9 0
9 14
9 48
9 75
9 45
9 23
9 96
9 4
9 41
28 16
28 9
28 28
28 18
28 2
28 19
28 50
67 56
91 29
91 54
91 53
74 24
74 47
74 0
74 41
74 97
74 53
74 37
123 16
83 40
83 36
69 98
69 94
69 56
69 81
69 24
69 99
69 5
69 44
69 43
69 13
69 62
12 56
12 23
12 29
12 47
12 67
12 43
12 7
37 74
37 50
37 0
37 28
37 52
3 16
3 75
3 33
3 31
3 63
45 29
45 9
23 56
23 43
23 42
23 1
23 4
23 12
124 39
125 63
0 3
0 9
0 59
0 56
0 63
0 100
0 47
0 30
0 2
0 74
0 1
0 101
0 50
0 48
0 19
0 39
0 37
90 35
53 75
53 19
53 8
53 91
53 102
53 44
53 74
53 43
53 46
53 50
53 42
53 68
