44 0
44 1
4 2
4 3
4 4
4 5
4 6
55 7
55 6
55 3
55 8
55 9
55 10
55 11
55 12
45 0
45 13
45 14
45 3
45 15
45 16
45 17
45 18
45 19
45 20
8 21
8 0
8 22
8 13
8 23
8 24
8 25
8 12
8 26
8 27
8 28
8 29
159 30
9 31
9 11
160 12
161 32
102 33
162 34
46 3
163 35
163 36
128 37
37 38
37 39
41 40
164 41
17 34
17 42
17 13
17 14
165 43
165 5
3 44
3 4
3 5
3 10
3 45
3 30
3 8
3 23
3 11
3 19
3 40
3 46
3 21
3 47
3 12
3 48
3 49
3 50
3 51
3 25
3 52
3 53
3 54
3 55
166 56
2 57
2 58
117 12
144 10
144 59
144 60
144 61
144 62
167 58
83 10
83 23
83 28
83 63
83 64
0 65
0 13
0 66
0 67
0 26
0 3
0 6
0 17
0 8
0 12
0 32
0 68
0 69
0 59
0 70
0 71
0 72
0 73
0 74
0 5
108 75
108 13
108 6
60 6
60 10
60 76
60 77
60 61
60 78
58 79
58 25
58 80
58 81
58 23
58 27
58 28
58 82
58 1
23 10
23 83
146 84
146 72
146 85
80 12
80 86
80 87
80 25
168 49
86 10
86 23
86 28
169 30
169 41
34 33
34 45
34 17
34 77
34 88
34 89
125 27
170 61
5 13
5 67
5 90
5 3
5 4
5 70
5 52
5 31
5 19
5 87
5 73
171 45
39 3
39 11
39 89
39 91
16 45
16 63
16 92
16 6
18 45
18 93
18 51
59 94
59 95
59 96
59 10
59 97
59 27
59 17
59 38
59 15
59 0
59 50
59 89
101 98
172 91
172 99
19 94
19 100
19 87
19 10
19 45
19 16
19 3
19 101
19 20
19 28
19 89
19 36
20 19
20 28
20 45
20 6
40 62
40 3
40 41
21 3
21 60
21 8
120 67
173 28
155 12
14 98
14 92
14 6
14 84
14 45
14 17
14 102
14 89
14 103
174 3
99 91
99 28
138 36
138 104
175 12
148 10
148 26
148 96
176 105
177 26
177 106
177 49
7 107
72 10
72 108
72 6
72 3
72 15
24 8
145 10
26 0
26 11
26 109
139 110
75 108
123 0
123 96
123 98
123 111
123 12
123 71
123 63
178 11
68 11
33 89
179 10
179 112
121 111
121 113
121 92
119 43
119 19
119 114
115 12
115 87
63 102
63 13
63 15
63 16
63 83
77 10
77 115
77 34
77 65
77 116
30 91
30 64
30 3
30 117
30 12
30 10
43 92
43 3
43 12
43 118
43 119
43 36
126 10
126 28
126 69
67 0
67 120
67 71
67 6
67 42
67 50
111 112
111 12
111 121
111 122
111 15
111 31
111 123
111 36
143 10
143 6
109 26
38 59
180 8
27 91
27 12
27 8
27 59
27 124
27 28
27 125
28 114
28 87
28 58
28 126
28 6
28 10
28 99
28 27
28 8
28 83
28 12
28 77
28 15
28 11
28 19
28 28
28 127
28 13
28 1
28 78
28 103
140 10
32 0
32 89
32 6
66 0
66 12
66 10
66 128
181 112
12 129
12 43
12 66
12 111
12 130
12 27
12 28
12 87
12 92
12 131
12 10
12 49
12 50
12 80
12 132
12 7
12 51
12 25
12 52
12 0
12 91
12 6
12 133
12 62
12 115
12 89
98 123
98 14
98 104
149 96
135 131
135 11
156 73
182 134
137 33
137 6
137 79
137 12
137 49
137 62
137 34
112 111
112 31
124 27
124 51
124 6
124 25
124 103
11 70
11 131
11 129
11 13
11 3
11 9
11 55
11 39
11 6
11 135
11 81
11 84
11 10
11 118
11 26
11 103
11 61
11 77
11 36
50 59
50 96
50 70
1 28
1 44
1 89
183 20
103 10
103 28
103 6
134 6
88 34
25 30
25 58
25 3
25 92
25 10
25 55
25 12
76 60
76 51
70 0
70 65
70 98
70 58
70 92
70 10
70 19
70 11
70 50
70 5
15 96
15 13
15 72
15 92
15 12
15 10
15 136
15 45
15 137
15 59
15 69
15 49
15 28
15 63
15 111
114 12
114 28
114 138
114 89
114 119
184 10
185 89
110 60
110 114
110 139
79 3
79 44
22 8
22 37
51 51
51 8
51 18
51 12
51 86
51 124
51 27
51 89
186 10
186 54
186 33
187 131
187 86
94 19
94 14
129 11
129 16
129 49
147 10
107 107
10 30
10 23
10 66
10 3
10 45
10 16
10 129
10 83
10 9
10 11
10 19
10 28
10 140
10 78
10 5
10 14
10 12
10 141
10 137
10 131
10 142
10 100
10 143
10 51
10 112
10 26
10 52
10 15
10 85
10 144
10 59
10 86
10 77
10 61
10 145
10 89
85 33
85 146
57 2
69 122
69 15
31 111
31 129
31 25
31 12
31 55
31 136
31 17
31 83
31 9
31 52
31 19
31 71
31 89
71 0
71 65
71 67
74 37
127 12
81 12
87 136
87 45
87 103
87 25
87 6
92 43
92 92
92 3
92 25
92 111
92 70
92 15
188 89
84 100
84 13
84 14
84 10
84 146
84 115
136 87
136 17
136 12
136 121
136 69
136 122
136 31
42 0
42 67
47 3
189 28
131 10
131 131
131 30
131 135
142 10
142 147
48 3
49 3
49 12
49 129
49 89
49 15
190 148
73 87
73 6
116 106
116 89
116 77
95 59
95 71
96 59
96 149
96 148
96 150
96 116
100 19
100 144
100 13
100 89
13 0
13 108
13 60
13 100
13 126
13 92
13 67
13 84
13 17
13 109
13 137
13 12
13 15
13 11
13 50
13 63
13 123
13 36
64 10
64 83
191 12
191 89
192 28
152 151
52 3
52 27
52 45
52 12
52 31
122 36
151 152
151 6
53 3
193 21
193 25
193 18
36 111
36 11
36 13
36 104
91 94
91 30
91 39
91 144
91 27
91 89
91 103
82 58
6 30
6 4
6 67
6 153
6 154
6 143
6 11
6 20
6 151
6 155
6 99
6 156
6 137
6 12
6 49
6 73
6 103
6 134
6 13
6 87
6 114
6 108
6 55
6 152
194 10
195 3
113 157
196 13
141 156
62 12
62 60
62 40
62 114
62 89
197 12
61 11
61 144
61 33
89 91
89 60
89 33
89 131
89 10
89 59
89 62
89 19
89 12
89 158
