86 0
86 1
156 2
156 3
156 4
156 5
156 6
156 7
156 8
45 9
45 10
45 11
263 12
264 13
244 14
136 15
136 16
136 17
136 18
136 19
54 20
54 21
122 22
122 23
122 24
122 25
191 19
191 3
191 26
191 4
191 22
191 27
191 28
191 29
191 8
191 30
265 31
145 3
145 28
145 32
145 33
102 26
102 4
102 34
102 35
102 19
209 36
209 37
209 4
209 38
209 19
249 39
106 40
106 29
106 41
106 33
266 42
254 19
267 43
267 44
9 45
9 46
9 26
9 4
9 47
9 48
9 49
9 50
9 51
9 52
9 53
112 9
112 54
112 46
112 19
112 32
112 4
112 55
112 56
112 57
112 58
112 59
112 60
112 61
112 62
112 34
112 63
112 53
143 64
143 65
72 66
72 67
104 68
104 69
104 70
104 71
268 52
268 72
268 25
169 3
223 73
223 74
269 12
47 20
47 75
47 76
47 77
47 9
47 78
47 19
47 26
47 51
47 79
47 21
47 80
47 81
47 41
47 49
47 28
47 82
47 83
94 84
270 85
271 52
201 41
0 86
213 3
213 87
213 88
213 89
213 11
204 90
84 91
84 92
84 46
84 9
84 3
84 93
84 4
84 94
84 49
84 82
84 95
84 96
177 37
177 19
272 97
273 25
242 98
242 15
242 30
262 30
154 28
221 99
221 25
221 19
67 100
67 101
67 52
67 102
67 72
52 85
52 67
52 51
52 4
52 21
203 99
203 55
203 74
17 22
17 35
174 32
174 103
174 4
174 55
174 25
174 14
174 63
274 29
217 22
217 70
217 34
220 81
68 28
68 104
68 26
68 74
68 105
18 33
197 106
197 107
197 62
188 22
188 46
275 108
55 4
55 14
55 46
55 109
55 19
55 3
55 103
55 93
55 49
55 32
55 80
55 25
55 22
55 110
55 53
55 111
55 112
55 34
55 113
57 114
57 112
57 62
57 60
133 115
133 19
133 3
133 37
133 25
133 22
133 116
133 34
276 59
184 66
184 111
184 117
184 41
277 65
23 19
39 118
39 32
247 75
278 16
253 119
163 120
163 121
113 122
113 123
113 124
113 55
113 125
113 32
113 126
113 25
113 22
113 27
113 127
113 50
113 111
113 128
113 52
113 34
113 63
20 66
20 70
20 49
20 22
20 47
20 111
20 34
99 75
99 129
99 119
99 77
99 130
99 109
99 19
99 103
99 131
99 60
99 132
99 133
99 47
99 43
99 28
99 134
99 72
99 62
99 83
99 46
73 135
16 118
16 99
16 123
16 33
16 3
16 136
16 68
16 116
16 137
16 90
109 138
109 99
109 123
109 33
109 32
109 22
279 115
231 139
231 50
231 123
231 25
190 22
190 115
190 4
190 97
190 25
280 140
108 141
108 93
108 22
281 97
56 129
56 112
56 74
56 19
56 3
56 25
56 50
56 82
56 142
248 75
248 34
248 30
40 37
40 143
40 33
40 32
40 144
40 28
40 29
168 3
168 69
168 46
168 74
168 34
214 22
282 4
282 123
28 118
28 99
28 145
28 3
28 116
28 40
28 146
28 61
28 142
28 147
28 148
28 149
28 150
28 33
28 22
28 29
28 151
28 37
28 152
28 32
28 70
28 41
28 153
28 97
28 25
28 154
28 46
28 19
28 103
28 4
28 155
28 34
7 156
101 67
101 157
101 116
199 158
199 34
199 159
148 28
148 25
148 82
228 3
33 75
33 152
33 65
33 145
33 3
33 19
33 32
33 18
33 25
33 160
33 40
33 22
33 36
33 28
33 34
33 16
240 123
80 161
80 55
13 118
13 162
13 37
13 49
96 163
96 75
96 34
96 84
71 28
71 46
93 151
93 75
93 43
93 31
93 164
82 138
82 115
82 3
82 4
82 56
82 47
82 41
82 165
82 111
82 142
82 34
82 30
283 22
284 30
138 6
138 103
138 82
87 33
87 19
87 166
87 147
87 31
87 131
87 30
285 167
195 62
195 168
195 55
195 46
195 70
187 46
187 109
187 169
187 170
187 22
187 34
61 142
61 167
61 171
61 51
61 24
61 22
61 82
61 28
61 112
61 30
132 99
241 123
241 49
32 3
32 25
32 145
32 158
32 28
32 172
32 107
32 33
32 29
32 39
32 50
32 173
32 112
32 174
32 119
32 175
32 46
32 40
32 55
32 176
32 34
32 113
286 95
286 46
287 123
288 67
289 123
27 113
290 177
111 78
111 178
111 25
111 43
111 179
111 142
111 95
111 63
111 70
111 180
111 72
111 160
111 77
111 60
111 174
111 13
111 47
111 165
111 82
111 151
111 14
111 181
111 182
111 67
111 183
111 46
111 62
111 4
111 55
111 184
111 121
202 164
237 70
237 130
65 3
65 185
65 33
245 14
245 19
81 22
81 69
81 4
46 99
46 51
46 3
46 25
46 40
46 158
46 168
46 28
46 43
46 186
46 71
46 9
46 123
46 31
46 59
46 14
46 187
46 167
46 32
46 182
46 50
46 48
46 111
46 128
46 112
46 159
46 33
46 19
46 188
46 125
46 4
46 84
63 26
63 111
63 189
63 112
63 174
63 84
63 113
161 80
4 73
4 74
4 3
4 190
4 111
4 191
4 25
4 53
4 149
4 186
4 9
4 70
4 130
4 33
4 22
4 131
4 82
4 41
4 11
4 84
4 37
4 171
4 26
4 192
4 21
4 173
4 49
4 128
4 112
4 193
4 194
4 76
4 46
4 19
4 103
4 55
4 133
4 155
4 34
4 30
4 48
79 47
85 2
291 145
59 49
189 16
189 33
246 25
62 195
62 196
62 197
62 133
62 43
62 95
62 186
62 11
292 19
211 3
41 122
41 107
41 147
41 3
41 171
41 51
41 198
41 21
41 199
41 22
41 200
41 47
41 201
41 111
41 28
41 25
41 34
41 30
41 128
118 39
118 28
118 16
66 72
66 47
66 79
66 137
66 41
74 68
74 4
74 16
74 160
74 202
74 203
74 24
74 168
74 111
74 204
74 205
238 107
238 41
238 72
150 28
150 206
150 11
196 3
196 4
196 62
78 111
21 54
21 47
178 111
293 95
147 151
147 28
147 136
147 207
147 41
158 32
158 46
158 123
158 38
146 151
146 123
210 36
36 115
36 33
36 208
36 26
36 23
36 191
36 25
36 36
36 50
36 22
36 209
36 34
36 30
36 210
144 40
144 211
43 162
43 70
43 46
43 19
43 3
43 93
43 4
43 111
43 212
43 62
43 30
172 87
225 34
225 1
162 43
162 11
162 84
88 213
180 103
180 111
180 18
180 131
130 4
22 86
22 122
22 109
22 3
22 115
22 25
22 214
22 215
22 28
22 33
22 123
22 80
22 165
22 131
22 193
22 14
22 208
22 167
22 50
22 41
22 202
22 216
22 217
22 185
22 218
22 46
22 103
22 55
22 39
22 34
22 113
6 138
6 4
294 67
294 119
294 19
77 125
77 46
77 99
77 15
126 113
226 25
194 4
194 25
257 77
165 60
165 111
29 37
29 191
29 41
29 33
11 75
11 14
11 19
11 4
11 195
11 62
31 95
31 87
31 102
295 219
252 119
296 123
152 28
152 145
297 123
26 46
26 67
26 190
26 4
26 191
26 36
26 47
26 21
26 50
26 34
24 119
24 24
24 74
24 25
298 220
164 75
164 99
164 35
164 19
164 221
164 25
164 149
164 186
164 46
206 25
128 75
128 46
128 33
128 19
128 3
128 4
128 47
128 49
128 50
128 95
128 222
128 174
128 113
116 37
116 16
116 193
116 19
116 223
116 133
116 224
116 102
116 28
116 212
116 101
116 186
116 30
116 225
183 111
159 46
159 199
222 3
222 136
129 32
129 111
299 226
103 138
103 99
103 123
103 147
103 167
103 93
103 4
103 22
103 3
103 28
103 34
125 77
125 124
51 9
51 47
51 109
51 61
5 156
300 28
301 30
121 227
121 184
121 111
205 74
64 143
302 191
115 123
115 3
115 25
115 22
115 95
115 30
92 133
303 137
38 46
38 49
38 21
38 25
38 158
38 209
38 95
230 37
230 25
3 136
3 69
3 56
3 25
3 168
3 28
3 71
3 70
3 107
3 65
3 33
3 124
3 169
3 22
3 82
3 37
3 32
3 89
3 228
3 46
3 19
3 4
3 55
3 1
3 133
3 34
3 211
3 113
304 77
105 68
69 3
69 104
69 168
12 229
25 20
25 122
25 164
25 218
25 230
25 231
25 196
25 232
25 25
25 145
25 210
25 212
25 148
25 107
25 123
25 160
25 135
25 169
25 233
25 124
25 36
25 3
25 33
25 22
25 226
25 208
25 194
25 32
25 24
25 234
25 206
25 235
25 41
25 153
25 111
25 116
25 174
25 217
25 46
25 19
25 4
25 55
25 133
25 23
25 50
25 34
25 30
25 236
200 41
53 79
139 231
139 107
95 138
95 66
95 31
95 194
95 21
95 25
95 59
95 49
95 84
95 53
142 82
142 142
142 107
142 153
142 207
186 186
186 19
186 62
186 116
212 43
90 105
90 68
90 74
305 32
70 60
70 182
70 25
70 67
70 47
70 111
70 28
70 43
70 237
44 129
44 4
44 123
44 49
44 111
107 238
107 142
107 3
107 32
107 239
107 36
107 41
107 139
107 29
107 25
306 43
123 75
123 9
123 115
123 34
123 151
123 46
123 22
123 227
123 240
123 105
123 4
123 24
123 19
123 25
123 67
123 241
123 231
123 103
123 187
160 74
160 33
160 25
307 142
307 48
308 41
60 70
60 111
60 60
60 57
60 41
60 165
60 49
309 25
15 242
310 25
124 133
124 113
311 127
312 228
171 66
313 19
131 66
131 180
131 123
131 194
131 103
131 4
131 22
131 49
131 43
151 28
151 93
151 111
151 33
151 19
37 9
37 107
37 40
37 3
37 4
37 243
37 116
37 13
37 133
37 230
37 177
37 28
37 29
37 239
37 34
314 165
14 23
14 225
14 123
14 244
14 4
14 245
14 22
14 224
14 111
14 246
14 174
208 36
208 34
208 123
208 25
167 22
167 103
167 233
167 46
167 49
155 156
155 4
155 55
155 25
155 49
155 28
155 82
315 72
166 87
182 3
182 151
182 182
182 46
75 247
75 96
75 99
75 30
75 248
114 57
198 168
198 50
50 137
50 36
50 231
50 25
50 22
50 173
50 34
48 9
48 26
48 4
48 121
153 28
153 142
153 81
153 25
49 51
49 38
49 95
49 9
49 70
49 44
49 2
49 77
49 60
49 22
49 131
49 84
49 111
49 128
49 112
49 46
49 4
49 55
49 79
49 59
49 241
49 13
97 22
97 70
97 190
97 28
229 249
207 25
316 250
316 50
193 32
193 251
58 112
58 172
76 171
218 135
218 25
119 99
119 46
119 160
119 32
119 252
119 111
119 61
119 134
119 253
19 99
19 16
19 3
19 136
19 49
19 56
19 123
19 102
19 209
19 28
19 95
19 142
19 43
19 254
19 9
19 149
19 33
19 164
19 47
19 177
19 255
19 151
19 87
19 93
19 26
19 111
19 213
19 101
19 46
19 4
19 55
19 133
19 23
19 247
19 34
19 30
2 192
2 26
2 55
2 85
2 22
2 49
2 112
2 121
34 122
34 74
34 3
34 191
34 25
34 147
34 102
34 33
34 22
34 256
34 82
34 227
34 208
34 32
34 245
34 50
34 41
34 248
34 52
34 257
34 217
34 123
34 19
34 4
34 55
34 133
34 23
34 189
120 163
120 68
120 206
42 40
42 30
127 258
135 115
135 73
135 218
135 259
135 122
135 25
135 99
135 142
134 119
1 225
1 185
1 111
1 46
1 260
30 75
30 9
30 119
30 261
30 242
30 19
30 3
30 87
30 262
30 24
30 25
30 99
30 42
30 41
30 137
30 43
30 189
30 82
30 29
30 248
30 22
