266 0
266 1
229 2
314 3
314 4
314 5
80 6
80 7
80 8
80 9
80 10
80 11
80 12
80 13
80 14
80 15
173 16
173 17
173 18
173 19
173 20
173 21
144 22
144 23
144 24
144 2
144 25
144 26
144 27
144 28
144 29
144 30
144 31
144 32
144 33
124 34
124 35
124 5
124 36
124 37
124 38
124 0
124 17
124 10
124 39
124 40
124 41
124 42
124 14
124 43
124 44
124 45
124 1
124 46
124 47
315 48
315 49
83 50
83 23
83 51
83 9
83 2
83 52
83 39
83 53
83 12
83 54
83 55
83 1
83 14
83 20
83 56
132 57
132 58
132 23
132 8
132 59
132 2
132 16
132 17
132 41
132 60
132 61
132 12
132 54
132 62
132 14
132 63
132 35
132 20
132 64
13 65
13 66
13 67
13 10
13 68
13 69
13 70
13 71
13 20
155 1
155 72
155 10
155 73
116 12
116 10
116 74
116 75
85 76
263 77
263 61
263 78
147 23
147 79
147 61
303 19
23 60
23 80
23 8
23 81
23 82
23 83
23 84
23 85
23 86
23 3
23 45
23 87
23 88
23 89
23 90
23 9
23 65
23 23
23 91
23 1
23 92
23 64
23 93
23 94
23 95
23 96
23 97
23 10
23 41
23 98
23 72
23 19
23 14
23 35
23 69
23 99
23 100
23 73
23 57
23 101
23 2
23 17
23 102
23 103
23 63
23 20
23 46
142 104
142 65
142 76
142 98
142 105
142 72
142 75
142 86
134 37
134 65
134 81
134 91
134 106
134 0
134 44
134 35
134 20
134 107
113 108
113 5
113 109
169 101
169 88
243 3
243 36
243 110
108 7
108 101
108 9
108 2
108 111
108 39
108 61
108 12
108 1
108 55
108 19
108 112
108 70
108 113
108 99
108 114
108 42
108 78
137 35
137 57
137 61
316 35
316 55
316 20
317 44
74 115
74 61
74 12
74 116
74 43
74 117
74 118
74 9
74 119
74 41
74 1
74 76
74 10
74 120
74 39
74 72
74 55
74 84
74 73
74 101
74 20
74 46
74 121
35 122
35 123
35 81
35 0
35 124
35 12
35 13
35 125
35 126
35 43
35 86
35 3
35 31
35 70
35 78
35 127
35 23
35 37
35 65
35 91
35 11
35 128
35 129
35 1
35 130
35 106
35 131
35 109
35 6
35 15
35 132
35 133
35 10
35 120
35 53
35 44
35 19
35 14
35 134
35 135
35 136
35 107
35 57
35 137
35 2
35 16
35 17
35 138
35 21
35 139
35 56
35 140
35 20
35 46
35 75
253 61
318 1
319 141
254 1
254 20
254 87
92 142
92 23
92 2
92 55
92 44
92 143
92 20
141 0
141 144
141 17
141 145
141 37
94 0
94 23
94 39
94 46
94 146
218 41
218 16
218 44
218 87
176 17
176 37
176 14
320 44
79 147
79 37
79 107
79 46
79 84
187 8
187 61
7 58
7 148
7 65
7 0
7 41
7 149
7 55
7 3
7 20
154 5
154 39
154 44
154 150
154 35
154 151
154 56
217 73
59 101
59 115
59 11
59 61
59 92
59 42
59 86
59 132
59 88
139 35
139 31
139 2
219 44
321 118
66 13
98 48
98 142
98 120
194 152
209 73
209 153
209 5
209 9
209 154
209 31
41 37
41 115
41 0
41 124
41 61
41 12
41 155
41 43
41 86
41 156
41 23
41 65
41 1
41 157
41 74
41 11
41 68
41 158
41 41
41 159
41 7
41 160
41 39
41 54
41 72
41 55
41 44
41 87
41 161
41 18
41 103
41 20
41 46
288 61
322 162
112 108
112 61
323 7
323 8
135 163
135 164
135 23
135 165
135 48
135 72
135 14
180 17
180 99
180 120
247 73
247 56
324 86
324 128
256 166
57 23
57 90
57 1
57 44
57 132
57 35
57 21
325 164
215 58
215 167
215 93
215 168
101 169
101 1
101 74
101 170
101 20
101 41
101 55
101 102
101 171
101 103
101 172
101 61
101 108
101 42
125 1
125 23
125 39
125 42
125 35
251 74
255 2
255 0
255 61
255 72
255 87
255 86
255 20
67 13
67 114
17 173
17 174
17 61
17 43
17 78
17 175
17 1
17 176
17 177
17 6
17 178
17 10
17 39
17 179
17 55
17 44
17 35
17 180
17 16
17 140
17 20
17 56
222 35
326 32
223 140
223 181
327 101
103 6
103 23
103 182
103 101
103 1
63 82
63 5
63 16
63 35
63 132
63 183
96 163
96 48
96 10
96 61
47 91
47 72
47 124
47 2
47 38
300 183
300 184
312 20
6 48
6 15
6 80
6 145
6 57
6 115
6 14
6 11
6 65
6 44
6 103
6 35
6 31
6 143
6 20
6 78
153 185
153 73
153 15
153 51
153 16
153 87
153 186
8 89
8 187
8 23
8 0
8 16
8 161
8 98
8 132
8 151
37 6
37 58
37 23
37 145
37 9
37 176
37 79
37 124
37 174
37 41
37 141
37 19
37 35
37 134
37 188
37 189
37 190
37 20
37 46
37 78
328 162
301 191
329 0
329 155
329 72
330 192
27 23
27 123
27 193
27 0
27 144
27 27
27 72
27 182
27 44
27 31
27 20
48 46
48 1
48 98
48 194
48 35
84 195
84 196
84 57
84 5
84 32
84 107
84 2
84 74
84 197
84 198
84 92
84 199
84 183
84 46
84 101
296 1
296 31
71 13
71 200
71 201
75 35
75 5
75 116
75 142
331 154
186 140
43 80
43 8
43 0
43 124
43 61
43 9
43 41
43 74
43 1
43 202
43 203
43 7
43 51
43 191
43 54
43 55
43 44
43 14
43 35
43 113
43 99
43 204
43 5
43 18
43 103
43 56
25 205
25 1
25 148
25 5
25 197
271 175
271 138
271 19
308 21
117 55
117 74
117 206
118 207
118 74
118 208
118 61
118 1
118 72
118 55
118 209
118 14
118 20
29 210
9 34
9 211
9 23
9 2
9 212
9 213
9 214
9 10
9 11
9 215
9 43
9 70
9 20
119 74
165 135
165 20
11 6
11 80
11 101
11 81
11 10
11 120
11 41
11 0
11 21
128 149
128 216
128 210
227 31
227 0
227 76
227 161
227 170
227 14
227 113
227 167
44 163
44 16
44 115
44 0
44 84
44 12
44 211
44 43
44 3
44 31
44 156
44 142
44 9
44 41
44 52
44 135
44 1
44 92
44 217
44 181
44 200
44 218
44 6
44 15
44 219
44 76
44 39
44 55
44 87
44 14
44 35
44 61
44 220
44 73
44 2
44 38
44 17
44 140
44 20
44 21
286 61
93 3
93 221
93 23
93 222
181 10
181 140
181 223
181 44
181 92
332 128
200 85
200 14
333 224
167 89
167 225
167 148
167 65
167 226
167 212
167 10
167 227
167 228
167 87
167 154
167 171
167 88
201 91
201 77
334 1
163 72
163 215
163 135
97 23
148 25
148 110
148 167
148 174
51 73
51 229
51 81
51 230
51 0
51 157
51 231
51 17
51 153
51 128
51 1
51 150
51 88
106 35
106 140
106 222
133 34
133 73
133 5
133 65
133 0
133 25
133 232
133 72
133 92
133 35
133 20
133 56
335 10
10 163
10 19
10 174
10 61
10 12
10 13
10 116
10 3
10 88
10 78
10 23
10 9
10 74
10 11
10 4
10 167
10 96
10 233
10 54
10 72
10 55
10 87
10 234
10 136
10 73
10 65
10 235
10 16
10 161
10 20
336 35
337 73
337 232
54 2
54 74
54 16
54 10
54 83
54 236
54 13
54 237
54 43
54 132
54 72
54 189
54 70
54 156
338 238
19 163
19 73
19 15
19 65
19 37
19 1
19 39
19 83
19 209
19 14
19 134
19 31
19 108
19 21
14 48
14 80
14 115
14 203
14 124
14 7
14 61
14 12
14 43
14 239
14 147
14 78
14 192
14 23
14 9
14 38
14 175
14 240
14 1
14 217
14 176
14 171
14 163
14 15
14 32
14 76
14 55
14 44
14 19
14 14
14 135
14 73
14 5
14 2
14 16
14 17
14 18
14 230
339 14
340 4
340 241
99 23
99 101
99 16
99 18
99 44
99 103
99 242
99 82
99 135
99 180
136 7
136 2
136 0
136 10
136 55
136 87
136 20
36 7
36 5
36 243
36 178
36 76
36 16
36 110
36 244
36 44
36 93
36 3
262 89
246 20
341 83
341 14
342 23
5 104
5 81
5 0
5 74
5 15
5 174
5 61
5 205
5 105
5 75
5 154
5 43
5 70
5 36
5 65
5 137
5 25
5 245
5 232
5 227
5 92
5 4
5 100
5 167
5 163
5 7
5 246
5 133
5 76
5 10
5 120
5 209
5 72
5 14
5 35
5 84
5 33
5 73
5 215
5 247
5 2
5 16
5 63
5 140
5 20
212 7
212 61
212 1
212 186
212 167
212 88
294 114
16 104
16 37
16 173
16 85
16 61
16 12
16 35
16 132
16 3
16 31
16 78
16 29
16 36
16 65
16 245
16 240
16 128
16 1
16 0
16 64
16 43
16 4
16 218
16 205
16 15
16 233
16 248
16 249
16 250
16 14
16 23
16 84
16 99
16 73
16 5
16 2
16 251
16 17
16 252
16 18
16 224
16 20
16 46
16 44
87 123
87 115
87 81
87 61
87 86
87 43
87 65
87 1
87 253
87 41
87 254
87 218
87 7
87 120
87 0
87 44
87 19
87 184
87 2
87 255
87 168
87 20
40 15
40 124
343 55
156 41
156 157
156 61
156 54
156 44
156 78
344 48
344 61
149 7
149 2
149 61
149 41
149 44
149 108
345 61
166 239
166 256
166 23
166 59
183 23
183 2
183 133
183 61
183 1
183 257
183 63
183 183
346 65
157 51
157 156
157 2
42 73
42 101
42 233
42 20
42 12
42 44
42 108
250 212
250 16
250 20
34 23
34 9
34 1
34 128
34 54
34 63
21 15
21 23
21 173
21 192
21 11
21 72
21 44
21 19
21 35
21 239
21 43
21 20
21 46
52 258
52 23
52 44
238 156
123 115
81 23
81 10
81 53
81 61
81 259
81 72
81 87
81 35
81 31
81 260
81 20
81 78
164 238
164 41
164 20
304 2
160 41
160 87
160 2
236 54
236 221
236 148
205 25
205 31
205 221
105 86
105 5
100 261
100 23
100 5
100 2
100 17
100 57
100 72
100 14
347 0
150 235
150 84
150 51
150 61
146 72
242 7
242 72
70 73
70 13
70 9
70 2
70 173
70 255
70 4
70 120
70 39
70 108
70 1
70 85
70 35
70 54
70 61
70 20
31 227
31 81
31 16
31 17
31 259
31 72
56 32
56 36
56 37
56 65
56 0
56 133
56 17
56 74
56 39
56 83
56 1
56 249
56 43
56 134
56 140
56 46
152 194
152 107
152 21
89 262
89 118
89 227
89 0
89 170
89 1
89 167
90 57
90 23
90 2
90 98
90 179
90 153
107 73
107 65
107 46
107 20
77 263
77 0
77 264
77 201
77 61
175 193
175 76
175 265
175 228
175 87
175 14
175 221
175 20
175 180
260 81
348 14
231 152
170 227
110 3
158 74
349 73
349 128
1 48
1 266
1 19
1 203
1 161
1 7
1 61
1 12
1 146
1 86
1 70
1 18
1 88
1 45
1 23
1 65
1 108
1 25
1 74
1 77
1 41
1 0
1 267
1 64
1 114
1 6
1 15
1 193
1 233
1 44
1 87
1 268
1 73
1 2
1 16
1 17
1 222
1 156
1 103
1 269
1 91
1 20
1 56
82 63
350 11
274 73
240 16
202 43
202 86
202 61
151 23
151 8
151 5
4 5
4 9
4 0
4 10
4 128
4 44
305 2
177 133
177 17
351 1
279 8
279 104
279 120
279 61
279 35
279 47
352 0
268 0
268 1
306 237
138 35
138 76
138 270
138 20
138 271
248 1
76 73
76 7
76 36
76 142
76 212
76 16
76 83
76 175
76 44
76 75
76 4
76 31
76 5
353 87
353 136
46 48
46 153
46 107
46 74
46 124
46 83
46 84
46 41
46 55
46 21
46 43
46 94
46 272
46 79
249 6
249 16
249 56
249 20
249 107
72 153
72 37
72 0
72 27
72 174
72 155
72 146
72 242
72 70
72 31
72 142
72 118
72 23
72 65
72 1
72 91
72 41
72 257
72 4
72 81
72 163
72 32
72 178
72 10
72 120
72 191
72 55
72 44
72 87
72 135
72 33
72 189
72 5
72 2
72 255
72 273
72 38
72 17
72 47
72 20
72 21
174 73
174 153
174 148
174 5
174 37
174 133
174 274
174 10
174 120
174 275
174 14
174 171
174 88
307 2
131 276
131 115
354 277
354 91
354 61
355 101
355 21
188 81
188 188
188 37
188 46
188 20
264 77
73 153
73 0
73 174
73 3
73 58
73 23
73 36
73 65
73 38
73 245
73 11
73 200
73 51
73 233
73 133
73 76
73 10
73 209
73 44
73 14
73 35
73 135
73 107
73 5
73 54
73 235
73 16
73 17
73 274
73 20
73 42
356 177
235 73
235 10
122 35
122 39
122 9
161 8
161 1
161 0
161 115
161 10
161 13
161 278
295 15
272 87
272 20
272 46
171 279
171 43
171 167
171 174
171 35
230 35
261 192
284 0
357 280
358 132
140 153
140 5
140 2
140 212
140 17
140 92
140 44
140 181
140 3
140 20
140 56
275 281
275 174
39 20
39 125
39 17
39 122
39 74
39 120
39 84
39 12
39 41
39 72
39 136
39 154
39 282
39 108
39 42
311 20
126 20
196 283
60 266
60 23
60 61
60 1
60 19
60 183
60 20
211 172
211 20
211 60
211 115
159 41
104 279
104 73
104 51
104 142
104 0
104 16
104 163
104 11
104 98
115 211
115 0
115 255
115 157
115 161
115 128
115 61
115 41
115 55
115 44
115 20
0 6
0 8
0 91
0 27
0 61
0 155
0 86
0 70
0 118
0 9
0 1
0 25
0 265
0 41
0 141
0 4
0 109
0 279
0 7
0 20
0 209
0 72
0 55
0 87
0 35
0 283
0 73
0 101
0 16
0 171
0 46
0 284
0 108
0 42
208 60
208 118
280 1
280 285
280 161
280 64
270 72
359 241
297 15
297 44
61 266
61 60
61 19
61 115
61 0
61 12
61 132
61 147
61 70
61 286
61 58
61 108
61 287
61 86
61 7
61 59
61 233
61 66
61 288
61 44
61 87
61 14
61 112
61 101
61 164
61 5
61 255
61 137
61 18
61 149
61 55
61 183
61 20
61 121
239 166
239 120
239 21
290 92
290 120
290 180
111 200
111 114
252 16
86 73
86 106
86 255
86 1
86 72
86 55
86 289
86 87
86 70
86 136
206 290
3 15
3 7
3 148
3 5
3 65
3 140
3 16
3 10
3 118
3 110
3 108
3 55
3 154
3 92
3 221
3 291
3 167
18 65
18 0
18 61
18 173
18 19
18 14
18 20
18 228
143 92
143 140
360 142
88 192
88 23
88 169
88 59
88 212
88 17
88 43
88 29
78 58
78 65
78 10
78 16
78 17
78 83
78 61
78 14
78 263
78 35
78 108
78 156
361 140
53 0
53 1
53 35
192 184
192 21
221 3
221 55
362 87
120 11
120 20
120 2
120 0
120 270
120 74
120 98
120 108
120 72
120 92
120 88
120 87
120 224
120 239
120 70
120 218
120 143
120 109
120 180
363 14
213 35
237 0
237 54
237 292
237 39
237 61
292 237
292 156
245 73
245 23
245 90
245 20
245 5
68 13
232 12
232 55
129 35
69 86
69 115
257 293
257 241
257 257
267 55
64 132
64 23
364 57
364 124
364 289
178 72
190 19
190 37
114 23
114 41
114 67
114 13
114 1
114 294
114 108
102 12
102 23
102 65
185 153
15 6
15 153
15 80
15 295
15 2
15 173
15 16
15 87
15 1
15 44
15 19
15 14
15 296
15 35
15 297
15 140
15 168
15 21
15 5
26 47
32 185
32 169
32 81
32 144
32 103
32 91
32 84
32 72
32 14
32 242
32 56
32 46
32 8
193 148
193 1
193 23
193 101
193 2
233 73
233 23
233 16
233 61
233 12
233 1
233 55
233 19
233 3
233 42
285 61
365 163
365 35
365 298
365 299
365 279
199 39
199 2
366 156
366 146
179 90
179 171
310 2
58 7
58 37
58 245
58 39
58 61
58 55
58 44
58 153
58 132
58 140
58 168
58 78
55 115
55 0
55 83
55 61
55 12
55 155
55 43
55 86
55 117
55 118
55 74
55 232
55 41
55 267
55 92
55 7
55 193
55 233
55 258
55 10
55 39
55 209
55 72
55 44
55 35
55 136
55 101
55 17
55 18
55 46
55 20
55 42
203 179
203 133
203 176
203 14
214 133
214 9
214 87
224 0
224 270
224 71
309 2
184 300
91 133
91 72
91 87
91 241
204 43
281 174
33 144
33 72
33 61
367 46
368 163
189 5
189 37
189 2
189 255
189 26
189 11
189 54
189 260
191 5
191 301
191 144
191 72
191 43
191 221
65 87
65 115
65 302
65 13
65 35
65 303
65 78
65 118
65 1
65 222
65 7
65 258
65 10
65 54
65 72
65 19
65 134
65 73
65 5
65 16
65 17
65 18
65 102
65 20
2 153
2 304
2 305
2 306
2 307
2 229
2 84
2 35
2 132
2 70
2 308
2 309
2 9
2 166
2 157
2 193
2 1
2 4
2 15
2 90
2 199
2 310
2 72
2 44
2 14
2 23
2 136
2 100
2 5
2 54
2 291
2 108
2 149
2 189
2 140
2 20
2 21
38 96
38 73
38 23
38 248
38 41
38 72
38 44
38 14
38 35
38 152
38 47
234 10
197 25
197 300
20 60
20 81
20 115
20 0
20 74
20 124
20 83
20 61
20 12
20 13
20 311
20 82
20 70
20 23
20 107
20 65
20 41
20 175
20 46
20 245
20 11
20 135
20 1
20 9
20 133
20 114
20 210
20 6
20 7
20 38
20 246
20 160
20 10
20 237
20 55
20 44
20 87
20 35
20 173
20 119
20 101
20 73
20 5
20 149
20 2
20 255
20 16
20 27
20 138
20 21
20 72
20 312
20 294
20 42
20 250
369 12
370 73
370 128
121 12
121 1
121 74
121 78
109 0
109 35
109 120
371 178
269 288
269 44
30 144
372 70
372 164
372 290
372 155
372 84
258 72
168 15
168 37
168 83
168 87
168 313
168 171
12 101
12 1
12 233
12 46
12 41
12 17
12 39
12 83
12 61
12 12
12 209
12 55
12 44
12 116
12 235
12 35
12 20
12 42
12 121
