15 0
15 1
0 2
0 3
0 4
0 5
156 3
79 6
79 7
79 5
79 8
79 9
79 10
68 11
68 3
68 12
68 13
68 14
151 1
51 15
51 16
51 17
51 18
51 7
51 3
51 19
51 20
51 21
51 22
51 23
51 24
51 25
51 26
51 27
51 28
51 10
51 29
51 30
51 31
51 1
51 32
51 33
51 12
57 34
57 35
57 18
57 1
57 36
57 37
57 38
57 39
57 40
57 41
57 27
57 28
57 13
57 42
57 43
57 44
118 1
35 11
72 3
72 45
60 46
60 13
60 1
88 36
88 47
88 48
88 1
22 49
22 50
22 1
22 36
22 51
22 52
22 42
22 53
84 54
84 55
23 25
23 3
23 18
23 56
23 57
23 20
23 58
23 28
23 59
23 12
23 26
157 3
157 60
130 61
130 62
130 16
130 63
90 1
110 64
110 40
147 44
13 49
13 65
13 66
13 67
13 3
13 18
13 68
13 69
13 7
13 1
13 28
13 70
13 8
13 25
13 71
13 48
13 72
13 2
13 73
13 20
13 60
158 34
50 74
50 3
50 22
50 48
159 46
87 75
87 42
87 47
87 48
87 27
6 37
6 25
102 76
89 51
160 57
30 51
34 1
34 36
34 77
34 47
34 9
34 12
81 20
81 18
81 78
153 27
153 51
153 1
142 16
65 13
161 79
33 23
33 51
33 80
113 12
113 81
61 7
61 78
4 8
4 3
4 20
4 50
9 59
9 34
9 48
9 60
9 22
131 8
53 20
53 76
53 55
53 22
162 3
78 7
78 61
78 73
78 81
85 64
85 56
39 57
82 36
5 62
5 3
5 31
5 1
5 36
5 82
5 69
5 20
5 7
5 64
5 68
5 48
56 83
56 36
56 3
56 23
56 1
56 7
56 84
56 41
56 20
56 48
56 85
56 44
92 7
92 40
42 54
42 1
42 36
42 86
42 87
42 57
42 22
42 12
42 48
59 58
59 3
59 88
59 19
59 20
59 23
59 89
59 51
59 90
59 27
59 91
59 92
59 93
59 94
59 73
59 8
45 59
45 29
132 7
132 51
132 95
132 96
132 87
66 68
66 28
66 57
19 36
19 97
19 48
19 1
141 51
141 73
38 97
38 57
40 55
40 57
40 12
40 98
40 99
40 100
40 10
40 29
140 73
140 101
140 1
140 58
122 36
106 26
163 8
76 102
76 3
76 53
24 18
24 46
24 51
24 103
24 20
24 27
24 26
164 22
165 76
26 0
26 36
26 23
26 1
26 7
26 51
26 12
26 90
26 57
26 104
26 105
26 27
26 28
26 106
26 107
26 99
26 108
26 37
26 48
107 3
107 18
107 23
107 109
107 110
107 29
135 7
166 51
138 46
138 111
138 1
27 24
27 1
27 7
27 86
27 51
27 112
27 87
27 5
27 8
27 57
27 113
27 114
27 12
114 27
114 87
10 79
10 51
10 40
10 20
10 74
10 12
120 3
136 7
58 59
167 76
121 18
91 59
99 27
99 26
99 57
99 40
12 49
12 34
12 26
12 46
12 68
12 45
12 40
12 22
12 103
12 7
12 115
12 28
12 10
12 13
12 42
12 2
12 27
12 48
12 18
150 74
150 62
150 81
150 116
14 16
168 34
54 16
54 55
54 20
54 117
54 42
54 73
55 55
55 11
55 68
55 1
55 20
55 95
154 1
109 36
109 107
109 3
104 37
104 26
104 31
8 25
8 79
8 88
8 27
8 13
8 4
11 55
11 1
11 36
11 40
11 70
11 35
11 45
11 29
64 85
64 11
64 12
43 7
43 81
108 25
108 26
144 36
144 82
18 23
18 51
18 118
18 107
18 73
18 3
18 20
18 36
18 7
18 13
18 119
18 49
18 26
18 27
18 28
18 120
18 81
18 1
18 121
18 74
18 12
18 48
18 122
70 20
70 123
70 48
70 1
20 49
20 16
20 55
20 18
20 23
20 51
20 57
20 56
20 3
20 88
20 11
20 70
20 7
20 24
20 25
20 27
20 10
20 29
20 50
20 34
20 1
20 103
20 53
20 124
20 48
37 6
37 25
37 94
37 18
37 125
37 104
37 7
37 126
37 87
37 5
37 127
37 35
37 26
37 73
37 88
139 31
169 58
169 57
46 128
46 31
46 1
46 7
46 57
46 70
46 12
46 48
71 7
71 67
71 48
119 18
49 67
49 50
49 18
49 22
49 20
170 3
123 29
112 27
112 55
112 1
95 7
95 129
95 47
93 59
93 22
80 81
100 130
100 40
143 51
171 1
148 129
111 36
111 1
172 0
115 21
173 20
173 51
173 131
124 20
124 55
16 54
16 94
16 27
16 7
16 110
16 68
97 110
97 38
97 26
97 19
17 129
17 7
17 41
17 44
17 69
7 16
7 79
7 78
7 23
7 51
7 57
7 56
7 47
7 92
7 59
7 17
7 43
7 44
7 18
7 132
7 3
7 133
7 36
7 22
7 20
7 77
7 71
7 13
7 134
7 25
7 69
7 135
7 27
7 28
7 89
7 10
7 136
7 1
7 103
7 61
7 12
7 48
117 78
174 137
174 138
175 128
2 20
2 0
2 139
2 108
2 1
73 0
73 54
73 3
73 78
73 1
73 51
73 140
73 71
73 59
73 95
73 141
73 18
52 142
52 22
32 36
32 51
3 120
3 16
3 36
3 18
3 1
3 68
3 109
3 51
3 73
3 0
3 5
3 23
3 7
3 130
3 20
3 13
3 76
3 12
3 82
3 4
31 46
31 143
31 8
31 29
31 1
176 117
36 62
36 66
36 94
36 18
36 1
36 7
36 111
36 3
36 22
36 57
36 87
36 32
36 11
36 34
36 122
36 61
36 42
36 5
36 8
36 144
36 48
126 78
126 0
126 37
126 26
126 1
177 145
21 70
21 146
178 12
67 49
77 34
77 47
96 132
96 25
44 147
44 3
44 57
44 32
44 17
44 44
98 40
63 130
129 25
129 17
129 148
129 51
129 44
129 60
129 29
25 6
25 58
25 1
25 23
25 110
25 51
25 149
25 8
25 7
25 96
25 13
25 42
25 108
94 37
94 73
94 40
94 22
179 29
116 10
116 150
116 119
69 17
69 13
69 5
180 37
41 34
41 1
41 57
41 56
41 45
41 59
41 48
41 29
28 66
28 58
28 94
28 26
28 7
28 123
28 23
28 13
28 51
28 18
152 49
29 41
29 20
29 0
29 22
29 40
155 103
62 34
62 36
62 5
62 8
62 150
62 48
181 41
182 73
1 15
1 55
1 78
1 23
1 151
1 51
1 57
1 118
1 8
1 42
1 73
1 45
1 3
1 31
1 36
1 22
1 70
1 46
1 7
1 90
1 13
1 25
1 94
1 26
1 112
1 41
1 152
1 29
1 138
1 19
1 153
1 111
1 154
1 48
75 14
75 40
183 66
103 155
103 20
103 12
146 21
74 23
74 81
74 113
184 24
48 18
48 70
48 50
48 26
48 56
48 36
48 1
48 12
48 41
48 7
48 115
48 77
48 28
48 74
48 42
48 46
48 150
48 29
