2 0
2 1
2 2
2 3
2 4
51 5
51 6
51 7
51 1
51 8
51 9
0 5
0 10
0 11
0 12
0 13
0 14
0 15
0 7
0 16
0 17
0 18
0 19
0 4
0 20
0 21
0 22
16 5
16 12
16 6
16 0
16 17
16 23
36 2
36 6
36 24
36 25
36 26
36 1
36 27
36 9
44 2
44 15
41 6
78 1
78 28
78 15
112 0
13 0
3 23
3 2
3 17
106 29
26 1
26 30
113 8
114 1
73 31
37 32
37 1
37 3
115 33
116 5
1 34
1 35
1 7
1 36
1 1
1 37
1 38
1 21
1 39
1 8
117 40
109 8
25 17
25 36
25 8
25 15
20 0
20 7
20 41
118 42
5 43
5 6
5 0
5 44
5 7
5 45
5 46
5 47
101 48
101 17
101 15
42 5
42 1
42 49
42 43
119 12
119 6
92 25
120 50
9 51
9 15
9 7
9 17
9 36
9 19
9 52
9 53
27 54
27 12
27 55
27 56
27 57
27 41
27 58
102 59
6 5
6 11
6 54
6 24
6 0
6 15
6 7
6 60
6 16
6 18
6 36
6 19
6 4
6 61
6 8
6 62
94 63
94 15
56 50
56 18
56 12
56 42
56 7
56 64
56 31
56 65
56 8
56 66
56 27
82 18
21 0
21 47
21 1
21 67
10 43
10 15
10 0
10 68
10 7
10 69
10 70
88 0
88 17
88 12
100 18
39 0
39 21
30 47
30 71
30 72
31 73
11 15
11 53
11 24
11 74
105 75
105 2
105 15
105 1
105 4
32 37
121 3
4 10
4 76
4 6
4 15
4 7
4 77
4 18
4 0
4 2
4 48
4 78
4 47
4 71
4 23
4 79
29 80
53 11
99 0
99 1
99 26
99 46
60 2
122 17
67 81
123 5
124 5
57 82
57 36
57 27
62 46
62 45
62 30
65 0
65 45
65 17
65 79
125 8
43 83
43 5
43 6
43 42
43 15
43 7
43 84
43 85
43 86
43 46
43 12
43 8
43 87
24 7
24 8
103 18
17 83
17 33
17 61
17 3
17 88
17 0
17 25
17 65
17 54
17 89
17 8
17 9
85 1
85 71
23 4
23 16
23 3
23 56
126 0
76 4
76 6
127 72
47 21
47 59
47 90
47 30
71 0
71 4
71 71
71 30
71 85
35 15
35 91
35 7
35 20
35 87
35 9
75 65
64 56
128 7
129 7
129 33
129 92
52 8
52 93
52 19
108 68
83 17
83 6
130 20
104 15
63 7
63 18
63 17
63 94
131 0
131 2
132 62
19 2
19 9
19 52
19 6
79 50
79 8
79 15
38 1
50 62
50 79
54 17
81 33
81 67
7 10
7 18
7 61
7 51
7 6
7 24
7 1
7 0
7 15
7 17
7 65
7 95
7 4
7 45
7 62
7 48
7 36
7 96
7 12
7 8
45 5
45 65
45 62
69 10
69 12
69 8
70 4
70 16
70 10
46 5
46 97
46 7
46 8
46 85
46 4
46 62
46 52
46 93
46 98
46 99
61 7
61 100
61 8
61 6
14 0
14 10
55 101
55 92
55 18
55 15
91 35
133 10
77 4
59 102
134 57
134 36
93 46
93 61
93 17
93 52
93 1
135 2
135 15
136 8
18 5
18 103
18 6
18 104
18 55
18 0
18 15
18 100
18 56
18 7
18 63
18 82
18 99
18 23
18 8
18 102
12 18
12 12
12 105
12 88
12 0
12 27
137 8
48 7
48 98
48 8
22 0
98 46
80 106
80 30
87 23
87 43
33 8
15 2
15 43
15 0
15 16
15 17
15 11
15 44
15 45
15 78
15 10
15 3
15 7
15 30
15 18
15 105
15 25
15 4
15 107
15 15
15 92
15 79
15 27
28 78
49 42
49 108
8 83
8 33
8 18
8 12
8 6
8 24
8 4
8 91
8 109
8 17
8 25
8 56
8 1
8 7
8 9
8 110
8 74
8 111
74 11
