342 0
31 1
31 2
220 3
220 4
220 5
73 6
73 7
73 8
73 9
73 10
229 6
229 11
229 12
116 13
116 14
116 5
116 15
116 16
116 17
116 4
116 18
116 19
116 20
116 21
116 22
116 23
116 24
116 25
116 7
116 26
116 2
187 27
187 28
187 29
187 30
187 17
187 31
187 32
187 12
187 33
187 34
187 35
187 4
187 36
187 37
187 38
187 23
187 39
187 40
187 41
151 42
151 32
151 43
251 44
251 45
251 46
251 20
251 47
311 44
311 17
93 44
93 40
93 23
122 48
122 45
122 18
88 49
88 50
88 17
88 51
88 32
88 52
88 53
88 54
88 22
88 55
88 56
214 57
214 58
265 59
158 30
343 60
0 61
344 62
345 63
346 64
346 65
347 66
348 67
183 68
183 69
234 58
234 70
50 71
50 72
50 73
50 4
50 74
50 32
50 75
50 76
50 29
50 77
50 25
50 11
50 55
50 44
50 5
50 78
50 79
50 80
50 81
50 82
50 83
50 84
50 85
50 86
50 87
50 57
50 88
50 89
50 41
50 63
50 90
50 17
50 16
50 91
50 92
50 23
50 93
50 94
50 45
50 95
50 40
50 96
99 97
99 98
99 2
99 99
99 16
99 32
99 18
99 4
99 57
99 38
99 100
99 101
3 25
3 96
315 78
29 97
29 102
29 50
29 103
29 55
29 95
349 9
238 104
238 44
238 6
238 73
238 105
238 106
238 40
189 84
189 50
189 17
189 32
189 107
189 105
189 57
189 23
189 11
115 5
115 108
9 7
9 58
9 26
97 48
97 45
97 50
97 12
97 34
97 67
97 109
97 29
97 110
97 40
194 7
56 2
123 32
123 5
123 111
184 2
15 50
15 112
15 32
15 20
15 76
15 113
15 114
15 115
15 116
15 18
15 117
15 67
15 118
15 8
15 119
15 120
15 7
15 43
15 121
15 122
15 41
15 26
141 123
141 5
141 124
141 33
141 17
141 125
141 126
141 10
141 44
141 109
141 127
141 128
141 129
141 47
182 130
182 63
182 5
182 30
182 131
182 12
182 6
182 20
182 132
182 4
182 133
182 134
182 135
182 89
182 115
102 29
102 34
237 136
237 137
237 133
237 78
237 33
237 138
237 44
237 47
322 139
322 107
322 67
10 25
10 2
10 140
10 67
10 141
143 142
143 48
143 143
210 6
210 141
210 44
210 144
210 24
210 145
210 146
109 4
109 47
109 147
109 148
109 33
211 37
211 41
204 64
204 5
204 149
204 58
204 65
204 33
204 66
204 67
204 133
204 135
165 79
350 129
324 107
103 4
103 11
103 150
259 37
201 151
201 33
252 4
252 18
236 50
236 152
236 148
236 153
236 67
236 45
236 26
253 136
253 19
253 154
253 82
253 127
253 155
253 26
156 156
268 17
207 149
58 67
58 79
58 17
58 44
58 76
58 4
58 23
58 157
257 44
257 158
257 121
257 159
257 160
79 27
79 161
79 40
79 7
79 30
79 58
79 17
79 6
79 32
79 18
79 50
79 162
79 44
79 77
79 163
79 57
79 4
79 5
79 164
79 67
79 165
278 4
278 8
46 4
46 57
46 47
351 4
84 5
84 50
84 67
84 4
84 32
84 16
84 118
84 166
84 167
86 50
86 4
86 32
86 168
86 75
86 76
86 77
86 135
86 2
86 79
86 80
86 81
86 169
86 170
86 171
86 57
86 88
86 63
86 44
86 172
86 94
86 95
352 10
154 14
154 65
154 33
154 20
154 84
154 57
154 134
154 173
13 6
13 116
13 32
13 142
164 14
164 5
164 16
164 174
164 79
164 19
164 33
164 107
164 57
164 11
16 35
16 71
16 64
16 133
16 50
16 99
16 32
16 162
16 66
16 94
16 175
16 176
16 7
16 59
16 143
16 40
162 27
162 116
162 50
162 16
162 79
162 2
215 177
215 45
215 96
215 17
215 162
353 178
6 48
6 50
6 4
6 20
6 73
6 179
6 77
6 11
6 161
6 2
6 18
6 79
6 12
6 67
6 7
6 43
6 107
6 57
6 180
6 63
6 45
6 105
6 23
6 94
6 181
6 182
254 11
254 18
354 183
321 87
2 184
2 50
2 17
2 4
2 32
2 99
2 185
2 162
2 186
2 94
2 40
264 43
264 47
233 52
233 51
332 6
332 4
332 58
355 9
356 32
218 17
218 4
218 160
218 132
218 187
218 40
63 104
63 5
63 50
63 162
63 173
63 132
63 44
63 163
63 96
63 188
63 45
63 172
63 8
91 32
91 50
105 4
105 107
246 32
246 99
23 189
23 58
23 4
23 6
23 93
23 23
23 40
23 47
357 50
128 190
128 141
128 160
128 44
128 191
128 45
124 149
124 16
124 79
124 9
124 146
124 40
124 26
338 35
338 116
338 50
338 17
338 8
338 96
75 192
75 5
75 50
75 18
75 17
75 52
75 193
75 194
77 48
77 78
77 17
77 79
77 32
77 86
77 195
77 6
77 25
77 40
25 97
25 50
25 87
25 4
25 32
25 160
25 10
25 44
25 77
25 134
25 55
25 8
25 116
25 152
25 196
25 197
25 157
25 35
25 43
25 65
25 33
25 86
25 107
25 191
25 198
25 56
25 199
25 200
25 13
25 30
25 17
25 201
25 132
25 202
25 176
25 110
25 203
25 129
217 6
217 107
217 7
217 40
161 62
161 4
161 32
161 37
161 11
161 2
161 58
161 162
161 79
161 187
161 204
161 31
161 185
161 35
161 7
161 65
161 205
161 57
161 63
161 23
161 40
161 129
149 30
149 17
149 32
149 26
149 33
149 67
149 76
149 206
149 207
149 96
149 124
333 188
188 208
273 47
212 55
297 209
260 18
171 112
171 195
171 57
171 86
298 32
277 195
144 210
144 211
45 212
45 6
45 44
45 77
45 193
45 134
45 67
45 46
45 142
45 12
45 4
45 11
45 213
45 165
45 97
45 43
45 131
45 34
45 87
45 107
45 57
45 122
45 214
45 41
45 47
45 13
45 63
45 105
45 215
45 216
45 110
45 40
40 133
40 50
40 4
40 103
40 44
40 55
40 217
40 124
40 2
40 58
40 79
40 187
40 67
40 65
40 34
40 107
40 57
40 41
40 218
40 30
40 17
40 16
40 23
40 45
40 182
61 134
61 32
61 43
61 219
44 50
44 112
44 220
44 32
44 221
44 193
44 11
44 135
44 5
44 210
44 58
44 79
44 148
44 6
44 86
44 7
44 43
44 25
44 51
44 100
44 34
44 33
44 107
44 57
44 222
44 223
44 47
44 63
44 141
44 45
261 224
261 37
261 210
261 18
193 225
193 43
193 67
193 4
193 32
193 226
193 34
193 44
193 57
193 8
193 23
193 11
193 135
193 40
193 41
136 67
136 227
136 124
142 143
142 176
142 58
304 17
12 161
12 45
12 5
12 30
12 58
12 6
12 129
12 32
12 34
12 160
12 9
12 153
12 67
12 228
12 176
12 11
12 229
12 55
12 182
12 8
12 43
21 230
21 17
21 4
21 171
21 231
21 70
21 232
21 129
358 12
358 88
203 55
117 114
117 18
359 77
39 233
39 234
39 108
119 7
119 20
308 30
131 71
51 235
51 67
51 44
51 82
51 233
51 88
33 236
33 141
33 237
33 6
33 32
33 160
33 44
33 29
33 166
33 238
33 135
33 115
33 5
33 149
33 226
33 204
33 239
33 26
33 35
33 20
33 7
33 51
33 34
33 240
33 87
33 241
33 154
33 54
33 118
33 17
33 201
33 133
33 202
33 129
33 110
33 96
267 7
267 242
267 243
267 17
267 129
267 80
267 233
267 96
267 47
157 35
157 96
157 161
157 58
157 17
157 4
157 87
157 20
157 44
157 93
157 26
157 25
157 129
200 46
24 116
24 76
24 191
360 4
170 121
221 44
221 33
11 71
11 50
11 6
11 99
11 4
11 244
11 103
11 44
11 193
11 113
11 229
11 189
11 161
11 2
11 18
11 79
11 80
11 195
11 204
11 7
11 32
11 245
11 246
11 223
11 107
11 191
11 57
11 67
11 47
11 247
11 17
11 176
11 159
11 94
11 45
11 12
11 96
59 32
59 159
330 4
5 248
5 50
5 99
5 32
5 168
5 138
5 193
5 133
5 59
5 8
5 116
5 5
5 204
5 67
5 53
5 229
5 249
5 250
5 84
5 7
5 251
5 12
5 121
5 33
5 34
5 107
5 57
5 63
5 30
5 141
5 176
5 93
5 40
18 252
18 133
18 253
18 62
18 99
18 4
18 32
18 254
18 255
18 160
18 75
18 37
18 11
18 116
18 161
18 5
18 256
18 257
18 79
18 258
18 1
18 117
18 46
18 195
18 67
18 38
18 212
18 245
18 259
18 260
18 54
18 261
18 262
18 30
18 123
18 64
18 15
18 187
18 16
18 162
18 24
231 21
361 229
82 84
82 30
82 18
82 263
82 68
82 163
82 24
83 187
83 4
83 32
83 50
250 4
250 32
362 77
192 80
192 75
192 76
192 55
192 17
363 232
269 190
364 177
47 35
47 50
47 152
47 4
47 160
47 44
47 109
47 264
47 11
47 232
47 238
47 94
47 96
60 112
60 50
199 265
199 64
199 5
199 65
199 4
199 32
199 266
199 82
199 133
199 47
178 55
94 50
94 40
94 47
95 195
95 29
95 50
95 86
129 63
129 7
129 226
129 58
129 67
129 4
129 172
129 21
129 204
129 20
129 267
129 12
129 57
129 96
129 87
129 238
129 268
129 173
129 185
129 8
129 43
365 6
190 190
190 191
190 26
190 269
255 108
255 18
255 153
255 159
255 180
255 59
153 79
153 12
153 236
153 4
366 12
270 203
367 67
118 117
118 133
118 15
287 17
316 129
316 270
316 214
316 159
316 23
213 45
26 236
26 79
26 5
26 253
26 208
26 17
26 4
26 244
26 19
26 124
26 205
26 222
26 24
26 113
26 151
26 155
26 41
26 43
27 20
27 96
27 162
127 271
127 77
127 20
127 26
34 102
34 28
34 272
34 30
34 174
34 4
34 44
34 40
368 273
30 13
30 236
30 5
30 67
30 4
30 48
30 103
30 187
30 6
30 37
30 82
30 274
30 173
19 116
19 78
19 18
19 1
19 257
19 44
19 164
19 129
206 149
279 55
279 127
172 63
172 129
172 162
139 180
62 161
62 5
62 18
62 6
62 1
62 274
244 86
244 229
132 6
132 218
369 62
370 5
371 237
258 55
258 151
258 18
126 141
195 71
195 28
195 5
195 275
195 17
195 95
195 18
195 86
195 66
195 226
195 276
195 73
195 57
195 171
195 11
195 94
195 242
195 277
239 17
245 18
317 4
240 86
240 33
240 40
372 35
372 51
373 67
202 28
202 276
202 5
202 112
202 33
202 6
202 222
202 25
36 71
36 219
216 13
216 45
374 64
375 274
168 134
168 32
168 5
168 149
168 268
160 96
160 5
160 242
160 271
160 33
160 240
160 12
160 54
160 59
160 26
160 47
197 25
197 80
197 33
197 50
134 55
134 65
134 263
134 154
134 222
134 25
134 39
134 45
134 96
113 259
8 71
8 5
8 149
8 4
8 278
8 57
8 226
8 87
8 12
8 76
8 163
8 144
8 129
8 193
8 96
256 199
173 35
173 63
173 43
173 4
173 32
173 129
173 30
305 17
49 90
376 7
186 95
186 2
186 149
53 51
53 5
53 279
53 82
120 4
323 4
323 107
323 280
262 79
262 17
89 32
89 194
89 50
377 2
378 188
159 32
159 255
159 54
159 180
159 11
159 59
159 26
276 48
14 71
14 116
14 164
14 154
248 209
248 5
248 50
248 149
248 65
248 107
248 281
248 143
198 16
198 110
198 181
198 5
76 35
76 149
76 17
76 90
76 244
76 57
76 8
335 55
227 24
227 263
146 210
275 195
78 138
78 282
242 5
242 32
242 226
242 267
242 195
242 283
242 77
242 176
177 54
177 50
177 47
228 79
228 12
228 45
185 35
185 79
185 5
185 57
185 129
28 187
28 17
28 34
28 22
28 284
140 57
263 7
263 34
263 82
57 236
57 50
57 99
57 4
57 32
57 48
57 44
57 193
57 135
57 8
57 161
57 5
57 58
57 185
57 43
57 140
57 34
57 154
57 63
57 30
57 17
57 285
57 23
57 45
57 40
57 129
379 77
379 33
180 138
180 32
180 5
380 71
380 275
380 86
17 286
17 32
17 255
17 20
17 70
17 116
17 2
17 187
17 118
17 287
17 53
17 288
17 289
17 86
17 290
17 122
17 88
17 218
17 291
17 292
17 279
17 23
17 172
17 293
17 234
17 50
17 3
17 75
17 25
17 294
17 280
17 189
17 149
17 258
17 295
17 195
17 296
17 297
17 245
17 107
17 298
17 299
17 64
17 300
17 141
17 144
17 176
17 45
17 40
17 96
17 71
17 301
17 168
17 226
17 44
17 302
17 63
17 193
17 303
17 136
17 304
17 210
17 12
17 21
17 1
17 305
17 52
17 67
17 306
17 307
17 308
17 309
17 33
17 262
17 157
17 201
17 26
17 236
17 4
17 76
17 11
17 146
17 18
17 79
17 80
17 231
17 28
17 310
17 311
17 7
17 312
17 313
17 54
17 222
17 261
17 314
17 129
283 188
283 35
283 242
283 17
145 210
155 235
155 237
155 253
104 17
48 5
48 58
48 78
48 67
48 4
48 32
48 33
48 103
48 12
48 191
48 57
48 176
48 47
48 143
48 182
48 6
133 102
133 5
133 199
133 18
133 32
133 33
133 138
133 315
133 118
133 38
133 11
112 71
112 7
112 171
112 32
112 202
112 44
112 77
112 220
112 233
112 238
112 316
112 40
112 229
32 97
32 236
32 133
32 50
32 6
32 99
32 4
32 168
32 48
32 160
32 132
32 61
32 44
32 77
32 11
32 193
32 135
32 55
32 217
32 229
32 101
32 189
32 5
32 2
32 149
32 242
32 79
32 173
32 34
32 187
32 12
32 83
32 250
32 35
32 84
32 7
32 246
32 205
32 317
32 33
32 86
32 107
32 191
32 57
32 20
32 318
32 266
32 75
32 180
32 88
32 89
32 138
32 63
32 58
32 17
32 16
32 91
32 18
32 159
32 93
32 110
32 96
20 139
20 116
20 14
20 7
20 149
20 17
20 6
20 32
20 33
20 71
20 182
20 76
20 5
20 10
20 213
20 119
69 4
166 67
166 84
166 257
70 48
70 7
70 210
70 17
70 4
70 46
70 319
70 21
70 241
70 53
70 70
70 5
70 55
70 96
70 2
381 154
101 4
196 25
319 70
382 6
281 4
383 274
108 71
108 4
108 255
108 103
108 120
108 47
243 116
241 241
327 35
327 11
327 67
384 5
384 65
285 220
285 320
285 7
285 50
92 50
337 55
111 27
111 123
111 67
72 235
72 222
74 57
74 50
66 16
66 204
66 321
66 25
66 67
138 44
138 5
138 210
37 322
37 161
37 7
37 30
37 18
37 4
37 211
37 187
280 63
280 96
295 281
385 4
98 99
43 4
43 32
43 160
43 61
43 25
43 193
43 135
43 55
43 58
43 12
43 278
43 67
43 151
43 140
43 107
43 57
43 173
43 41
43 30
43 15
43 17
43 45
43 129
121 5
121 15
121 150
121 103
107 48
107 164
107 5
107 323
107 17
107 4
107 32
107 99
107 240
107 40
107 44
107 105
107 267
107 324
107 129
107 6
299 259
299 17
299 51
299 20
299 73
299 176
299 299
41 35
41 48
41 43
41 18
41 4
41 140
41 57
41 33
41 66
41 211
41 204
41 154
41 193
41 55
41 40
41 26
64 71
64 321
64 17
64 18
64 86
64 20
64 33
64 176
271 235
271 33
176 5
176 2
176 58
176 17
176 16
176 33
176 12
176 76
176 7
176 157
181 6
181 79
181 32
125 141
96 35
96 17
96 32
96 267
96 33
96 160
96 132
96 195
96 129
96 45
96 8
96 157
54 7
54 78
54 4
54 33
54 160
54 82
54 5
54 55
54 26
71 64
71 5
71 275
71 251
71 17
71 112
71 258
71 86
71 20
71 10
71 195
71 16
71 131
71 160
71 70
71 90
71 172
386 163
208 4
208 5
329 4
329 32
329 96
329 22
329 50
135 236
135 149
135 32
135 86
135 142
135 57
135 194
135 193
135 135
135 81
387 195
388 23
1 247
1 7
1 62
226 325
226 326
226 17
226 242
226 33
226 87
226 195
226 193
226 40
389 161
52 12
52 110
52 17
67 48
67 133
67 124
67 31
67 32
67 61
67 11
67 8
67 116
67 5
67 149
67 18
67 79
67 52
67 35
67 84
67 7
67 43
67 65
67 33
67 327
67 17
67 141
67 283
67 57
67 45
67 111
85 50
87 27
87 35
87 321
87 50
87 4
87 226
87 67
87 8
87 57
87 96
87 22
87 5
87 9
68 7
191 236
191 328
191 50
191 67
191 24
191 11
191 45
191 128
191 47
390 44
391 222
42 193
392 70
110 97
110 4
110 32
110 267
110 12
110 109
110 198
110 25
110 135
110 45
110 47
393 198
35 234
35 247
35 149
35 67
35 16
35 202
35 283
35 76
35 29
35 327
35 96
35 166
35 209
35 173
35 41
147 109
4 97
4 236
4 133
4 50
4 164
4 6
4 329
4 32
4 266
4 108
4 132
4 44
4 84
4 70
4 25
4 55
4 8
4 101
4 52
4 330
4 58
4 67
4 21
4 80
4 278
4 46
4 187
4 12
4 281
4 220
4 11
4 26
4 250
4 331
4 30
4 7
4 43
4 323
4 123
4 233
4 317
4 332
4 193
4 33
4 107
4 57
4 161
4 333
4 103
4 94
4 41
4 47
4 200
4 218
4 110
4 199
4 17
4 153
4 18
4 79
4 206
4 23
4 334
4 45
4 95
4 96
55 41
55 5
55 124
55 6
55 204
55 335
55 178
55 67
55 12
55 336
55 279
55 70
55 337
55 25
55 338
55 134
55 40
55 129
55 54
150 103
235 72
235 271
235 51
235 290
235 45
235 155
80 5
80 6
80 197
80 4
80 76
80 11
80 39
81 86
81 2
148 4
148 44
148 73
148 30
148 153
394 102
394 7
394 20
22 67
22 77
22 50
22 279
395 259
100 44
7 50
7 6
7 4
7 32
7 168
7 20
7 267
7 73
7 37
7 77
7 11
7 135
7 44
7 161
7 149
7 295
7 67
7 82
7 9
7 84
7 339
7 47
7 247
7 340
7 17
7 341
7 23
7 40
396 5
65 204
65 67
223 11
397 19
222 44
222 72
222 127
398 116
398 32
398 5
247 4
247 11
247 35
247 7
336 271
219 44
219 36
