208 0
208 1
208 2
208 3
208 4
208 5
208 6
208 7
193 8
236 9
236 10
339 11
49 12
49 1
49 13
49 14
49 15
49 16
49 17
49 5
49 18
49 19
49 20
49 21
49 22
49 23
49 24
49 25
49 26
49 27
49 28
114 29
63 30
63 31
63 18
63 32
63 33
63 34
63 35
63 36
63 37
63 38
63 39
63 40
63 4
63 41
63 10
63 42
63 43
63 44
63 20
63 45
63 46
63 47
16 48
16 49
16 50
16 22
60 51
60 15
60 52
215 53
39 21
39 18
40 54
40 55
40 56
40 50
40 57
40 58
40 59
40 60
40 33
40 4
40 61
40 24
40 21
40 62
40 63
40 64
40 47
40 65
325 66
235 30
133 33
133 67
133 68
209 69
209 70
209 47
180 71
180 72
153 73
153 74
153 38
153 10
153 75
153 76
153 77
153 78
153 79
153 26
153 80
153 81
326 82
198 83
198 39
198 21
198 84
198 52
183 85
183 58
183 86
342 87
342 88
338 11
302 89
302 90
302 61
275 91
275 33
275 92
275 93
275 2
254 94
343 90
15 54
15 95
15 71
15 50
15 10
15 33
15 24
15 96
15 26
15 97
15 98
15 49
15 13
15 90
15 99
15 60
15 100
15 30
15 5
15 101
15 102
15 103
15 72
15 104
15 89
15 105
15 106
15 25
15 107
15 108
15 109
15 110
15 111
225 4
225 112
225 113
29 95
29 53
29 114
279 54
279 1
344 45
35 54
35 115
35 116
35 30
35 50
35 18
35 59
35 33
35 117
35 118
35 97
35 20
35 119
35 120
35 121
35 21
35 92
35 122
35 5
35 123
35 124
35 1
35 105
35 32
35 125
35 126
35 45
35 67
35 88
35 127
35 47
35 128
148 127
148 60
148 67
148 129
329 130
36 131
36 63
103 15
73 109
73 52
73 16
73 51
73 113
73 89
73 33
73 132
73 133
73 104
73 134
273 70
273 36
345 61
81 135
346 3
20 54
20 136
20 71
20 17
20 137
20 18
20 3
20 33
20 138
20 139
20 9
20 140
20 141
20 49
20 142
20 143
20 90
20 99
20 144
20 145
20 5
20 35
20 146
20 73
20 1
20 147
20 148
20 66
20 149
20 105
20 150
20 151
20 10
20 152
20 153
20 42
20 45
20 67
20 154
20 77
20 155
20 46
20 47
20 61
20 156
67 157
67 115
67 86
67 30
67 158
67 33
67 78
67 35
67 91
67 159
67 160
67 94
67 161
67 162
67 163
67 164
67 57
67 165
67 1
67 166
67 31
67 167
67 64
67 20
67 43
67 168
67 45
347 61
222 169
222 170
263 171
3 172
3 136
3 173
3 20
3 86
3 113
3 144
3 10
3 97
3 174
161 98
161 53
161 175
161 10
53 176
53 24
53 49
53 10
53 33
310 119
51 73
51 12
51 39
51 67
51 70
51 42
51 45
51 38
51 10
51 171
51 113
51 33
51 177
51 5
51 24
51 178
51 179
51 97
51 84
51 145
72 180
72 43
72 55
72 64
72 22
240 47
240 151
240 24
301 89
216 48
216 13
216 86
216 181
216 182
216 163
216 50
216 183
8 39
8 184
348 20
348 53
349 185
46 186
46 159
46 20
46 162
46 187
46 2
46 31
46 188
46 99
46 127
46 21
46 5
46 189
46 63
46 184
46 27
313 52
115 43
115 104
115 190
115 33
115 191
115 167
115 146
116 15
116 86
116 45
116 30
116 190
116 38
116 192
116 33
116 133
116 24
116 35
116 47
116 20
350 193
350 49
158 43
158 67
158 61
158 145
258 194
258 144
52 12
52 137
52 30
52 170
52 33
52 24
52 35
52 80
52 98
52 195
52 49
52 53
52 51
52 21
52 196
52 186
52 83
52 4
52 18
52 41
52 31
52 153
52 197
52 198
52 42
52 45
52 199
52 178
52 130
52 184
52 47
52 61
131 86
131 200
131 18
131 59
131 33
131 169
131 91
131 134
131 201
131 36
131 119
131 202
131 203
131 204
131 205
131 22
131 70
131 81
131 28
131 45
131 135
131 88
351 53
239 54
239 47
55 33
55 206
55 45
182 161
182 90
182 162
182 131
182 207
182 33
182 35
246 26
246 22
4 48
4 186
4 175
4 44
4 40
4 99
4 52
4 189
4 38
4 92
4 33
4 176
4 13
4 208
4 31
4 209
4 26
4 63
4 210
4 57
4 141
185 136
185 29
185 211
296 21
219 43
219 113
251 94
251 86
251 38
251 113
251 33
251 96
251 212
251 213
352 197
126 33
126 214
65 15
37 47
37 215
323 216
323 217
323 33
71 144
71 170
71 218
71 175
71 99
331 219
331 107
331 45
226 131
226 168
226 99
226 178
134 91
134 220
134 88
134 33
143 20
197 152
197 211
286 221
286 110
286 113
164 67
164 178
287 90
321 222
321 9
321 24
270 122
176 98
176 13
176 4
176 53
176 5
237 35
172 33
172 45
172 3
172 51
172 223
172 146
220 204
220 33
220 81
220 88
220 45
43 72
43 198
43 70
43 189
43 200
43 158
43 205
43 170
43 59
43 77
43 11
43 219
43 195
290 90
283 49
283 8
283 21
283 28
252 33
252 45
88 220
88 99
88 131
88 171
88 202
88 224
88 152
88 225
88 10
88 96
88 134
88 64
88 47
88 28
178 95
178 104
178 90
178 178
178 226
178 81
298 227
298 142
298 228
298 66
56 229
56 1
56 230
56 40
56 59
56 10
56 160
56 57
353 4
152 20
152 33
152 150
152 139
152 96
152 169
152 65
152 197
354 231
6 208
7 208
7 50
7 130
7 8
7 178
242 33
242 1
242 52
242 10
242 113
355 51
355 39
142 115
142 20
142 190
142 24
142 232
142 233
142 151
142 22
142 10
142 46
142 192
99 15
99 59
99 33
99 78
99 169
99 226
99 131
99 144
99 186
99 234
99 205
99 41
99 10
99 153
99 27
99 82
99 20
99 45
99 67
99 188
99 88
99 46
99 47
101 54
101 15
68 54
68 133
83 198
83 171
83 11
83 168
83 45
83 30
83 66
83 16
83 235
83 205
83 47
83 236
83 233
83 24
83 35
83 84
83 61
336 39
266 9
266 108
130 54
130 25
130 52
130 59
130 33
130 223
130 178
130 237
130 7
130 238
47 54
47 87
47 116
47 50
47 170
47 113
47 33
47 91
47 35
47 229
47 168
47 37
47 239
47 144
47 99
47 11
47 200
47 174
47 48
47 240
47 42
47 20
47 45
47 65
157 116
157 45
157 50
157 241
157 59
157 21
157 57
157 210
157 26
87 5
356 78
33 54
33 37
33 115
33 217
33 116
33 86
33 30
33 50
33 24
33 52
33 136
33 18
33 75
33 175
33 138
33 35
33 91
33 242
33 97
33 243
33 134
33 15
33 244
33 245
33 20
33 94
33 211
33 99
33 119
33 131
33 64
33 239
33 236
33 26
33 153
33 60
33 144
33 21
33 5
33 101
33 57
33 192
33 146
33 48
33 55
33 104
33 147
33 0
33 182
33 66
33 51
33 246
33 247
33 248
33 133
33 22
33 10
33 167
33 63
33 81
33 249
33 107
33 53
33 220
33 250
33 251
33 45
33 140
33 67
33 188
33 33
33 47
33 252
33 253
33 61
33 137
33 178
33 130
33 254
33 71
33 62
33 113
307 149
25 157
25 136
25 90
25 175
25 144
25 45
25 255
25 256
25 21
25 206
25 10
25 91
25 153
25 165
9 144
9 136
9 29
9 24
229 204
229 42
229 131
229 257
229 105
229 56
173 30
173 3
357 33
144 54
144 3
144 33
144 9
144 26
144 70
144 53
144 258
144 126
144 259
144 164
144 260
144 84
144 182
144 66
144 105
144 41
144 113
144 42
144 0
144 99
144 16
144 261
144 47
144 46
144 262
120 35
120 12
120 116
120 189
278 51
278 167
100 15
100 197
57 95
57 223
57 28
57 55
57 45
84 204
84 83
84 99
84 30
84 50
84 198
84 51
84 10
84 63
174 3
234 159
234 99
282 96
282 160
282 168
282 24
69 209
358 81
171 83
171 263
171 90
171 167
171 2
171 50
171 88
171 51
171 11
171 178
171 25
171 26
171 219
171 64
171 47
171 86
166 97
59 157
59 56
59 30
59 3
59 156
59 169
59 35
59 243
59 99
59 119
59 131
59 264
59 144
59 265
59 203
59 40
59 41
59 128
59 178
59 130
59 184
59 47
59 61
27 49
27 46
27 41
27 99
27 86
108 266
108 48
108 201
108 15
108 168
108 144
108 178
108 33
108 267
108 206
108 24
108 169
108 81
58 48
58 268
58 13
58 53
58 40
58 120
58 30
58 21
192 269
192 13
192 116
192 99
192 30
192 66
192 205
192 110
192 270
192 78
192 261
192 271
192 206
192 63
192 113
192 153
192 141
359 33
359 13
360 131
360 272
360 136
253 33
253 116
91 33
91 131
91 5
91 66
91 113
91 144
91 10
91 47
34 63
26 49
26 137
26 13
26 20
26 40
26 92
26 30
26 45
26 171
26 10
26 53
26 218
26 265
26 31
26 6
26 63
26 210
26 153
26 15
94 73
94 211
94 99
94 119
94 30
94 67
94 33
70 44
70 217
70 90
70 273
70 33
70 131
70 239
70 89
70 51
70 274
70 209
70 262
70 61
92 30
92 2
92 144
92 4
92 275
92 35
92 26
241 54
241 157
241 136
241 53
241 189
241 31
241 184
5 73
5 87
5 15
5 276
5 208
5 18
5 33
5 277
5 91
5 35
5 162
5 119
5 51
5 186
5 182
5 205
5 72
5 176
5 4
5 25
5 63
5 20
5 42
5 45
5 67
5 188
5 46
5 61
102 70
102 15
102 168
102 205
102 267
102 104
124 7
186 105
186 4
186 22
186 18
1 49
1 278
1 217
1 119
1 168
1 45
1 279
1 2
1 50
1 67
1 280
1 33
1 248
1 21
1 22
1 41
1 10
1 169
1 242
1 38
308 138
308 45
361 33
361 175
28 42
28 45
28 131
28 205
28 144
28 96
255 116
362 106
363 49
210 82
210 90
210 86
210 151
210 21
210 4
61 72
61 95
61 39
61 40
61 45
61 30
61 246
61 58
61 33
61 5
61 96
61 28
61 214
61 195
61 146
12 1
12 217
12 30
12 29
12 188
12 205
281 188
281 32
32 35
32 281
32 63
32 65
96 204
96 282
96 15
96 86
96 205
96 283
96 149
96 259
96 113
96 144
96 88
96 169
96 91
96 192
96 61
96 28
269 96
244 33
168 1
168 230
168 284
168 67
168 282
168 196
168 226
168 62
168 47
168 61
364 79
274 285
274 113
132 20
132 116
50 1
50 44
50 45
50 71
50 286
50 84
50 33
50 151
50 206
50 35
50 47
50 28
165 67
165 116
165 175
165 45
165 30
165 189
165 24
165 33
165 133
165 206
165 25
165 140
165 275
365 9
365 79
205 49
205 83
205 86
205 45
205 131
205 2
205 38
205 144
205 21
205 5
205 96
205 140
205 127
205 184
205 192
366 184
250 33
250 250
250 57
250 86
250 126
311 204
42 39
42 104
42 20
42 52
42 287
42 288
42 33
42 289
42 51
42 290
42 47
188 12
188 44
188 99
188 45
188 31
188 110
188 105
188 33
188 10
188 63
188 46
188 47
367 189
367 170
223 172
223 189
223 81
223 42
223 291
77 43
77 153
77 20
79 153
79 192
214 33
214 200
214 11
214 126
48 30
48 38
48 108
48 167
48 52
86 136
86 116
86 175
86 30
86 113
86 33
86 138
86 24
86 35
86 292
86 49
86 142
86 293
86 131
86 91
86 66
86 171
86 53
86 250
86 251
86 188
86 130
86 210
276 108
276 188
276 5
261 63
261 228
261 22
261 113
139 20
139 71
139 151
139 89
139 152
139 277
139 294
140 131
140 205
140 33
140 138
140 57
140 165
169 172
169 83
169 295
169 15
169 152
169 131
169 52
169 296
169 205
169 113
169 89
169 33
169 267
169 96
169 91
169 59
169 297
227 162
227 298
315 110
89 54
89 299
89 70
89 45
89 300
89 205
89 110
89 89
89 301
89 302
89 21
89 139
89 206
89 169
89 35
89 303
89 249
271 1
191 115
23 21
291 223
257 198
150 152
247 33
41 54
41 95
41 1
41 63
41 217
41 53
41 168
41 99
41 144
41 21
41 10
41 59
41 184
41 27
41 90
249 33
2 1
2 171
2 86
2 45
2 30
2 75
2 205
2 33
2 13
2 304
2 44
2 27
2 22
309 98
309 145
309 59
175 136
175 109
175 86
175 45
175 30
175 305
175 33
175 4
175 24
175 21
175 80
335 188
332 30
18 49
18 39
18 86
18 293
18 157
18 131
18 135
18 51
18 35
18 33
18 153
18 20
154 20
154 175
259 91
160 54
160 136
160 104
160 56
160 52
160 67
160 282
160 151
160 33
160 90
160 57
160 125
212 294
195 131
195 54
195 136
245 197
90 73
90 175
90 44
90 70
90 15
90 162
90 183
90 287
90 188
90 110
90 99
90 24
90 178
90 25
90 90
64 67
64 40
64 71
64 10
64 171
64 31
64 306
64 134
64 57
38 48
38 43
38 251
38 293
38 30
38 67
38 202
38 22
38 10
38 63
38 153
38 116
75 2
75 21
75 205
75 33
75 22
264 169
264 41
264 162
206 0
206 99
206 113
146 33
146 217
146 251
146 160
231 217
295 169
368 144
368 296
368 56
368 42
95 22
95 162
369 4
370 205
370 125
149 96
149 307
149 45
113 54
113 48
113 175
113 33
113 274
113 187
113 151
113 3
113 144
113 30
113 225
113 96
113 35
113 242
113 47
138 43
138 99
138 45
138 308
138 122
138 140
62 105
62 157
62 40
62 168
98 230
98 116
98 50
98 25
98 309
98 153
98 56
292 4
162 71
162 182
162 227
162 18
162 213
162 264
162 256
162 31
119 1
119 43
119 116
119 45
119 30
119 190
119 200
119 280
119 18
119 310
119 5
119 26
119 59
119 64
119 107
163 216
163 116
203 83
203 42
203 147
203 131
203 8
203 59
203 10
203 292
204 220
204 311
204 52
204 131
204 45
204 202
204 95
204 30
204 88
204 178
204 96
204 312
204 84
204 107
204 313
14 41
316 157
316 219
316 151
316 45
248 42
318 110
125 35
125 160
371 113
45 157
45 136
45 50
45 314
45 33
45 138
45 24
45 35
45 62
45 118
45 145
45 142
45 211
45 99
45 119
45 131
45 315
45 26
45 89
45 51
45 21
45 5
45 57
45 65
45 1
45 52
45 216
45 272
45 178
45 308
45 316
45 133
45 10
45 63
45 28
45 172
45 220
45 20
45 183
45 67
45 317
45 252
45 177
45 218
45 135
45 47
45 61
110 89
110 318
110 192
372 33
317 45
177 230
373 53
319 54
319 12
319 136
319 217
319 10
136 54
136 73
136 67
136 30
136 287
136 241
136 205
136 33
136 9
136 319
136 61
181 2
17 49
17 20
170 222
170 43
170 99
170 136
170 102
170 47
277 5
277 139
277 18
277 270
24 137
24 15
24 86
24 30
24 320
24 33
24 9
24 116
24 49
24 142
24 53
24 99
24 52
24 51
24 21
24 5
24 83
24 104
24 2
24 321
24 205
24 322
24 107
24 108
24 45
221 54
221 188
202 131
202 136
202 241
202 22
202 292
21 85
21 1
21 49
21 175
21 52
21 2
21 38
21 45
21 75
21 280
21 218
21 24
21 35
21 64
21 192
21 22
196 168
123 35
374 60
374 61
284 22
284 168
375 100
167 48
167 115
167 104
167 15
167 86
167 144
167 278
167 66
167 33
167 10
85 183
376 30
109 73
109 26
109 38
109 92
93 275
137 182
137 187
137 1
137 53
217 54
217 12
217 1
217 55
217 70
217 323
217 30
217 241
217 321
217 18
217 33
217 147
217 41
217 324
217 83
217 104
217 63
217 146
377 284
151 54
151 142
151 44
151 20
151 225
151 50
151 113
151 71
151 316
151 139
151 226
151 63
151 210
151 240
378 151
159 30
159 67
159 46
159 11
159 31
379 86
380 113
381 24
265 1
268 58
147 217
147 20
147 99
147 45
147 3
147 33
147 178
147 59
272 182
272 296
272 21
66 83
66 325
66 86
66 74
66 33
66 199
66 2
66 10
66 166
66 144
66 30
66 168
66 5
66 167
66 119
66 298
66 192
66 107
66 20
256 96
256 202
256 162
10 54
10 95
10 15
10 175
10 30
10 18
10 99
10 33
10 43
10 24
10 26
10 242
10 148
10 94
10 86
10 168
10 38
10 51
10 21
10 192
10 204
10 2
10 66
10 142
10 304
10 41
10 31
10 25
10 167
10 64
10 153
10 53
10 296
10 44
10 20
10 236
10 67
10 288
10 84
10 88
10 130
10 319
129 194
129 97
129 20
107 30
107 33
107 15
82 99
44 326
44 90
44 52
44 131
44 2
44 47
44 184
44 319
187 219
187 92
187 117
187 13
187 113
288 118
288 13
288 42
288 84
288 10
207 15
111 24
218 157
218 90
218 151
382 327
184 83
184 52
184 2
184 8
184 246
184 33
184 206
128 35
128 59
304 2
304 138
304 188
304 22
54 54
54 222
54 15
54 157
54 30
54 151
54 33
54 160
54 26
54 142
54 241
54 144
54 68
54 192
54 41
54 10
54 108
54 20
54 45
54 110
54 130
54 47
383 169
190 43
190 116
190 119
190 11
190 167
190 212
384 218
78 67
78 99
78 270
118 35
118 107
80 30
80 188
80 206
243 33
243 195
243 59
141 33
141 83
141 4
385 99
280 21
280 1
280 328
280 329
280 10
194 258
200 83
200 119
200 131
200 330
200 256
200 43
200 47
386 159
233 33
233 119
233 205
233 144
387 33
387 138
267 128
135 48
135 236
135 184
135 45
388 54
232 30
232 59
389 278
390 44
127 148
127 42
127 135
127 331
127 205
127 33
391 113
155 20
293 30
293 38
293 18
293 292
30 54
30 12
30 15
30 175
30 188
30 113
30 33
30 24
30 96
30 9
30 63
30 159
30 49
30 94
30 228
30 70
30 52
30 80
30 144
30 332
30 84
30 146
30 83
30 333
30 235
30 176
30 173
30 22
30 10
30 25
30 59
30 28
30 232
30 110
30 207
30 334
30 65
97 35
97 66
97 33
97 51
97 3
145 51
145 158
145 45
145 335
13 137
13 2
13 112
13 151
13 144
13 4
13 31
13 25
13 46
13 192
13 336
189 1
189 45
189 241
189 205
189 4
189 41
189 46
392 30
11 337
11 43
11 15
11 190
11 200
11 171
11 47
11 338
11 132
11 227
11 214
11 50
11 339
11 125
104 73
104 142
104 217
104 33
104 133
104 178
105 340
105 224
105 45
105 205
105 153
105 144
105 47
22 72
22 137
22 15
22 86
22 16
22 284
22 52
22 188
22 33
22 21
22 135
22 26
31 157
31 341
31 35
31 26
31 97
31 98
31 94
31 13
31 161
31 211
31 80
31 227
31 241
31 21
31 142
31 4
31 41
31 10
31 159
31 45
31 188
31 218
31 46
31 47
0 71
0 208
0 70
0 53
230 56
393 134
294 48
294 185
294 90
294 175
294 30
294 212
328 30
