359 0
359 1
359 2
348 3
348 4
286 5
134 6
31 7
31 8
31 6
31 9
31 10
31 11
31 12
31 13
31 14
31 15
31 16
31 17
31 18
31 19
31 20
31 21
31 22
31 23
31 24
31 25
31 1
31 26
31 27
31 28
31 29
15 30
15 31
15 32
15 33
15 34
15 7
15 35
15 36
15 37
15 0
15 38
15 39
15 40
15 29
15 41
15 42
156 43
156 6
360 44
138 45
356 7
291 46
291 47
361 48
88 30
88 26
88 49
88 50
88 28
88 51
88 45
88 36
88 52
88 48
88 53
362 54
362 23
251 7
251 0
251 55
251 56
1 45
1 26
1 50
1 57
1 7
1 58
1 22
1 59
1 48
1 60
1 61
1 62
1 53
1 55
168 59
93 63
93 64
93 11
93 65
93 66
93 7
93 0
93 67
93 46
93 26
93 13
93 23
93 68
93 69
93 70
93 71
252 7
252 72
252 73
363 74
243 53
336 75
244 53
346 23
300 76
300 55
103 30
103 77
103 54
103 78
103 79
103 28
103 7
103 80
103 81
103 13
103 82
103 83
103 40
103 20
103 84
103 11
103 85
103 50
56 45
56 19
56 86
56 11
56 27
56 87
56 61
56 59
56 0
56 88
56 70
56 23
56 89
56 26
56 47
56 44
56 90
56 6
56 53
56 71
115 7
115 91
105 45
105 26
105 36
105 11
105 55
105 92
105 7
105 93
105 94
105 6
105 13
105 8
105 60
105 95
105 61
105 81
105 53
105 96
364 97
292 98
321 99
296 100
296 101
61 30
61 102
61 103
61 104
61 56
61 7
61 74
61 105
61 88
61 37
61 6
61 106
61 44
61 107
61 108
61 109
61 11
61 55
61 27
61 18
61 14
61 110
61 111
61 112
61 113
61 114
61 40
61 115
61 116
61 117
61 42
61 118
61 119
61 46
61 20
61 120
61 121
61 23
61 48
61 60
61 122
61 1
61 26
61 54
61 123
61 50
61 28
61 93
61 124
61 125
61 126
61 71
61 13
61 97
61 127
61 53
61 89
277 46
353 7
365 119
45 64
45 128
45 129
45 7
45 105
45 130
45 131
45 132
45 133
45 134
45 10
45 11
45 55
45 135
45 13
45 56
45 90
45 112
45 18
45 136
45 114
45 137
45 138
45 5
45 139
45 119
45 88
45 140
45 36
45 23
45 141
45 48
45 122
45 142
45 1
45 38
45 143
45 26
45 101
45 59
45 144
45 123
45 53
366 55
142 145
35 46
35 59
35 12
35 27
35 2
35 47
35 15
35 28
35 6
35 146
35 24
35 147
35 132
35 71
63 26
63 11
63 50
63 65
63 93
63 148
63 149
63 24
63 116
63 150
50 49
50 151
50 108
50 115
50 8
50 46
50 37
50 6
50 152
50 122
50 153
50 154
50 62
50 32
50 55
50 66
50 155
50 15
50 156
50 13
50 114
50 61
50 157
50 88
50 20
50 43
50 26
50 58
50 22
50 36
50 23
50 48
50 60
50 69
50 1
50 158
50 63
50 75
50 28
50 159
50 59
50 2
50 71
50 96
59 49
59 59
59 33
59 56
59 7
59 160
59 37
59 6
59 161
59 132
59 154
59 162
59 163
59 31
59 109
59 32
59 11
59 65
59 13
59 164
59 18
59 165
59 166
59 167
59 45
59 46
59 20
59 26
59 22
59 36
59 121
59 24
59 60
59 3
59 35
59 1
59 168
59 78
59 50
59 63
59 0
59 81
59 2
59 129
59 83
127 30
127 48
127 40
127 124
52 122
52 88
52 31
52 52
52 53
30 30
30 34
30 103
30 7
30 0
30 88
30 37
30 106
30 95
30 132
30 154
30 62
30 169
30 11
30 27
30 94
30 90
30 13
30 61
30 170
30 171
30 19
30 46
30 172
30 122
30 17
30 26
30 54
30 4
30 173
30 71
30 174
30 29
30 53
30 89
284 34
240 53
240 60
102 61
102 27
248 122
169 30
169 175
169 65
177 176
176 177
176 131
176 178
176 23
278 179
278 46
278 101
278 48
278 53
136 104
136 45
136 180
18 181
18 182
18 129
18 7
18 105
18 6
18 152
18 95
18 31
18 183
18 184
18 66
18 185
18 186
18 13
18 150
18 139
18 45
18 58
18 36
18 23
18 48
18 172
18 1
18 158
18 101
18 28
18 59
18 148
18 174
18 53
18 96
139 45
139 18
139 48
139 187
139 145
119 45
119 26
119 49
119 135
119 87
119 188
119 189
119 23
119 61
119 89
119 118
22 26
22 49
22 36
22 104
22 31
22 190
22 43
22 191
22 46
22 1
22 6
22 0
22 192
22 193
22 17
22 194
22 48
200 26
200 113
200 1
200 66
26 30
26 34
26 64
26 151
26 195
26 196
26 56
26 7
26 67
26 194
26 6
26 152
26 106
26 197
26 69
26 61
26 154
26 198
26 33
26 31
26 32
26 27
26 66
26 40
26 124
26 199
26 116
26 200
26 46
26 201
26 58
26 22
26 36
26 121
26 202
26 23
26 48
26 172
26 60
26 122
26 25
26 1
26 63
26 78
26 50
26 28
26 93
26 59
26 0
26 203
26 145
26 97
26 174
26 29
26 53
26 89
26 96
367 104
29 30
29 26
29 49
29 32
29 55
29 31
29 204
29 15
29 70
29 13
29 47
29 122
29 205
29 96
181 122
181 24
181 18
33 26
33 65
33 22
33 59
33 0
33 194
33 206
33 42
187 139
161 194
249 155
12 31
12 207
12 6
12 35
12 56
66 49
66 115
66 4
66 6
66 69
66 61
66 154
66 11
66 158
66 116
66 117
66 88
66 208
66 48
66 60
66 209
66 25
66 1
66 210
66 50
66 26
66 101
66 0
66 127
212 7
212 3
212 211
111 152
111 7
111 49
111 158
290 1
223 45
211 49
211 32
211 212
211 36
211 18
211 89
206 60
10 152
10 122
10 6
228 213
228 122
228 78
228 192
228 53
332 30
332 154
332 36
332 103
332 6
141 36
141 20
141 57
141 212
141 15
141 0
141 13
141 23
141 25
337 53
293 50
315 17
315 163
75 11
75 0
75 50
75 101
2 107
2 32
2 50
2 24
2 59
368 14
89 30
89 214
89 56
89 7
89 215
89 67
89 37
89 216
89 61
89 178
89 11
89 217
89 112
89 211
89 119
89 218
89 219
89 48
89 60
89 54
89 28
89 220
97 7
97 61
97 26
97 56
104 63
104 181
104 136
104 101
104 46
104 221
104 64
104 23
104 60
67 30
67 26
67 181
67 172
67 108
67 57
67 7
67 22
67 63
67 0
67 46
67 6
67 18
67 64
67 23
67 197
67 60
67 61
67 25
67 50
237 222
237 87
237 27
237 6
184 64
184 194
350 104
350 7
350 223
335 59
335 60
269 11
199 224
208 160
208 36
329 26
329 15
329 0
329 225
329 48
329 24
158 18
158 22
158 59
158 226
158 111
369 48
270 11
54 30
54 77
54 49
54 7
54 121
54 23
54 114
54 24
54 44
54 89
54 205
246 218
148 11
148 7
148 36
148 227
148 61
148 53
145 26
145 53
145 13
96 228
96 26
96 49
96 11
96 50
96 28
96 94
96 60
96 67
96 18
96 194
96 13
96 105
96 24
96 229
96 93
96 230
96 106
96 122
96 53
96 89
214 7
214 49
370 214
371 0
312 26
106 30
106 231
106 46
106 127
106 65
106 26
106 36
106 232
106 233
106 234
106 235
106 74
106 3
106 83
9 31
9 23
9 143
264 30
264 103
264 13
264 7
264 131
264 53
264 91
109 49
109 32
109 12
109 101
109 27
109 66
109 7
109 14
109 59
109 193
109 111
109 186
109 236
109 40
109 60
109 122
109 154
109 6
109 89
27 45
27 26
27 25
27 11
27 31
27 135
27 56
27 7
27 201
27 194
27 6
27 23
27 37
27 145
27 237
27 142
27 85
343 23
250 122
281 46
204 236
69 31
69 32
69 50
69 26
69 93
69 238
69 171
338 106
338 4
311 19
311 36
285 20
285 239
189 119
189 226
126 95
126 11
126 71
126 61
174 168
174 11
174 50
174 65
174 7
174 0
174 240
174 13
174 23
174 61
174 53
53 30
53 19
53 64
53 129
53 7
53 215
53 105
53 6
53 240
53 61
53 11
53 241
53 27
53 13
53 56
53 18
53 171
53 119
53 88
53 63
53 208
53 23
53 60
53 122
53 242
53 1
53 26
53 159
53 148
53 243
53 145
53 174
53 244
53 52
53 71
297 231
43 22
152 26
152 50
152 7
152 93
152 111
152 18
152 24
152 122
152 6
131 45
131 26
131 207
131 11
131 108
131 245
131 7
131 217
131 90
131 104
131 23
131 83
131 143
216 80
216 46
216 40
122 228
122 49
122 59
122 246
122 56
122 7
122 60
122 37
122 6
122 197
122 237
122 247
122 154
122 248
122 10
122 11
122 249
122 135
122 27
122 218
122 61
122 250
122 45
122 20
122 120
122 251
122 58
122 226
122 23
122 172
122 47
122 1
122 38
122 26
122 78
122 50
122 28
122 180
122 252
122 253
122 0
122 81
122 254
122 174
122 29
122 53
122 96
341 23
357 26
357 49
357 255
357 256
357 211
330 90
57 13
57 67
57 48
57 1
372 13
372 0
372 169
94 179
94 257
94 36
186 30
347 23
167 49
170 120
170 28
170 7
170 258
170 37
170 259
170 132
170 260
170 83
171 30
171 46
171 55
171 213
171 13
171 23
171 24
171 53
171 261
236 49
236 11
236 109
236 20
236 262
236 198
80 45
80 26
80 46
80 263
80 103
80 197
80 40
279 5
279 0
219 89
306 11
210 28
345 119
345 64
345 78
345 7
345 54
345 13
345 23
345 71
345 172
345 264
345 61
345 89
265 102
265 258
308 28
224 96
224 48
224 47
182 45
182 20
182 18
182 115
182 13
182 53
373 5
107 163
107 2
84 7
84 13
84 23
84 36
68 45
95 30
95 19
95 11
95 101
95 7
95 6
95 121
95 23
95 180
95 53
154 30
154 33
154 128
154 47
154 6
154 95
154 61
154 62
154 31
154 66
154 212
154 256
154 265
154 46
154 247
154 48
154 24
154 60
154 122
154 26
154 50
154 59
154 0
154 53
314 172
178 30
178 104
178 7
178 89
178 70
11 30
11 181
11 103
11 56
11 7
11 266
11 105
11 80
11 37
11 131
11 95
11 61
11 154
11 267
11 31
11 32
11 76
11 27
11 268
11 129
11 257
11 90
11 13
11 114
11 269
11 166
11 270
11 170
11 41
11 236
11 45
11 83
11 46
11 20
11 120
11 87
11 36
11 221
11 226
11 141
11 48
11 24
11 60
11 209
11 35
11 50
11 26
11 174
11 78
11 75
11 28
11 159
11 93
11 59
11 0
11 148
11 126
11 192
11 271
11 123
11 180
11 53
11 71
11 96
191 22
191 272
191 49
191 273
218 62
41 274
41 11
41 103
41 66
41 36
41 212
41 236
41 76
41 89
118 119
118 61
118 46
118 50
118 56
374 0
46 30
46 89
46 104
46 275
46 67
46 88
46 37
46 6
46 106
46 276
46 216
46 237
46 61
46 131
46 11
46 55
46 277
46 185
46 217
46 146
46 13
46 278
46 58
46 170
46 80
46 279
46 22
46 258
46 144
46 48
46 172
46 60
46 122
46 101
46 54
46 50
46 28
46 93
46 59
46 0
46 280
46 281
46 282
46 83
232 7
232 122
232 106
3 47
3 75
3 87
375 7
254 122
254 0
254 65
254 26
175 169
175 108
71 30
71 11
71 28
71 7
71 93
71 56
71 36
71 225
71 194
71 126
71 48
71 40
71 145
71 61
71 283
34 26
34 64
34 7
34 59
34 284
34 123
239 285
349 7
323 205
316 131
163 30
163 107
163 59
163 56
299 30
299 88
299 55
299 1
287 255
135 119
135 31
135 49
135 0
135 48
327 49
327 154
295 149
5 286
5 144
5 272
5 172
143 97
143 131
143 13
42 32
42 11
42 55
42 128
42 36
42 15
42 0
42 280
42 192
42 60
42 61
42 262
42 108
42 33
255 7
255 200
255 287
255 32
255 249
87 119
87 31
87 54
87 288
87 56
87 7
258 46
258 28
258 7
258 252
258 23
258 170
258 265
258 83
193 61
193 20
376 30
376 144
72 7
72 252
101 7
101 18
101 148
101 45
101 81
0 30
0 108
0 56
0 7
0 289
0 154
0 32
0 11
0 55
0 135
0 129
0 290
0 291
0 42
0 20
0 251
0 279
0 36
0 141
0 48
0 26
0 54
0 75
377 46
328 49
303 144
305 125
108 30
108 45
108 46
108 128
108 109
108 266
108 15
108 67
108 88
108 292
108 162
108 10
108 48
108 60
108 61
108 175
108 25
108 1
108 42
108 96
378 7
8 45
8 293
8 46
8 31
8 7
8 105
8 294
8 36
8 60
8 53
70 54
70 56
70 93
70 59
70 295
70 71
259 170
44 30
44 83
44 46
44 27
44 56
44 6
44 48
44 197
44 60
44 61
44 62
44 236
100 296
179 93
179 24
16 31
98 292
150 104
150 18
150 26
247 7
247 122
379 297
202 26
24 31
24 49
24 11
24 298
24 135
24 164
24 7
24 94
24 59
24 67
24 194
24 152
24 23
24 48
24 154
24 1
81 32
81 103
81 28
81 159
81 18
81 7
81 226
81 23
81 122
81 61
271 116
271 141
271 31
151 26
151 93
128 30
128 108
128 22
128 60
128 154
128 198
331 50
110 7
110 61
132 45
132 30
132 129
132 244
132 59
132 194
132 23
132 60
132 25
132 35
261 23
261 83
55 299
55 300
55 46
55 50
55 87
55 171
55 42
55 24
55 61
55 154
55 29
55 1
55 301
55 26
14 31
14 6
14 61
129 19
129 63
129 181
129 11
129 12
129 28
129 7
129 6
129 13
129 48
129 166
129 53
380 32
381 302
114 45
114 11
114 50
114 23
114 60
114 61
137 216
137 47
157 7
157 131
231 101
231 292
231 6
231 106
231 235
231 83
280 95
280 46
280 42
280 135
280 33
144 45
144 303
144 46
144 76
144 304
144 24
144 5
144 96
25 45
25 26
25 76
25 101
25 27
25 66
25 93
25 67
25 78
25 149
25 141
25 132
25 116
25 20
340 171
382 278
125 305
125 61
125 6
125 201
309 13
309 36
309 65
309 135
383 95
384 297
324 288
6 181
6 129
6 7
6 105
6 306
6 152
6 61
6 154
6 134
6 10
6 109
6 76
6 27
6 14
6 156
6 90
6 284
6 307
6 45
6 46
6 22
6 172
6 35
6 1
6 59
6 53
6 125
6 52
276 46
276 27
276 28
276 36
276 213
276 308
276 60
317 28
233 31
233 106
283 71
65 26
65 46
65 32
65 129
65 7
65 93
65 90
65 13
65 48
65 309
65 180
319 28
334 22
116 26
116 310
116 272
116 122
116 61
116 271
116 38
117 61
117 122
117 48
117 60
19 311
19 30
19 109
19 31
19 129
19 7
19 56
19 297
19 95
86 23
86 89
226 312
226 313
226 206
226 28
172 30
172 119
172 46
172 103
172 28
172 7
172 67
172 212
172 18
172 13
172 61
172 44
172 95
172 314
209 32
17 30
17 31
17 22
17 315
17 45
28 30
28 89
28 49
28 129
28 7
28 316
28 131
28 276
28 216
28 317
28 318
28 31
28 11
28 249
28 319
28 18
28 74
28 13
28 83
28 26
28 36
28 221
28 226
28 172
28 122
28 35
28 170
28 55
28 77
28 50
28 93
28 171
28 308
28 71
28 96
82 122
82 320
322 26
322 34
322 131
322 23
322 95
322 307
322 13
64 7
64 26
64 185
99 30
99 321
99 312
99 322
99 171
333 60
164 59
164 27
164 24
190 37
215 11
215 258
215 83
215 47
215 53
215 89
37 30
37 31
37 64
37 7
37 59
37 36
37 194
37 18
37 216
37 61
37 170
37 62
37 154
37 83
37 96
197 30
197 181
197 59
197 67
197 70
197 44
385 144
320 236
205 323
205 20
205 54
205 48
205 47
205 29
124 76
124 184
124 36
124 13
124 61
124 127
386 7
387 171
388 279
388 49
165 31
165 272
230 96
140 45
288 93
288 87
288 324
288 103
288 129
352 7
352 40
78 325
78 103
78 26
78 159
78 59
78 326
78 122
78 237
78 271
78 173
389 251
49 30
49 119
49 7
49 65
49 61
49 154
49 301
49 32
49 135
49 66
49 191
49 327
49 236
49 214
49 88
49 22
49 23
49 272
49 122
49 26
49 54
49 50
49 28
49 59
49 326
49 328
49 29
263 46
266 11
266 108
194 26
194 294
194 33
194 27
194 7
194 93
194 22
194 60
194 212
194 37
194 6
194 13
194 296
194 24
194 132
194 122
194 71
194 314
222 7
222 237
222 23
149 0
342 23
262 299
262 50
262 71
262 0
262 329
262 48
262 47
262 236
262 289
198 26
198 236
198 322
198 128
198 6
39 30
90 330
90 30
90 11
90 65
85 71
85 65
85 272
166 331
166 59
166 129
207 131
207 12
207 56
120 64
120 59
120 50
120 7
120 185
120 47
120 0
120 194
120 13
120 60
120 61
120 170
58 228
58 26
58 49
58 32
58 88
58 50
58 66
58 7
58 93
58 59
58 46
58 48
58 122
58 1
58 42
36 108
36 129
36 7
36 160
36 37
36 6
36 106
36 276
36 84
36 289
36 153
36 95
36 133
36 301
36 109
36 11
36 66
36 15
36 94
36 18
36 41
36 42
36 45
36 88
36 124
36 208
36 332
36 141
36 56
36 38
36 26
36 159
36 59
36 0
36 148
36 309
36 322
36 71
221 104
221 4
221 28
60 181
60 333
60 108
60 7
60 43
60 46
60 194
60 6
60 209
60 61
60 301
60 163
60 31
60 109
60 11
60 128
60 135
60 13
60 334
60 94
60 112
60 18
60 335
60 27
60 206
60 42
60 45
60 88
60 20
60 204
60 67
60 22
60 23
60 48
60 60
60 122
60 26
60 50
60 33
60 159
60 59
60 0
60 162
60 105
60 336
60 271
60 180
60 53
60 96
38 45
38 7
38 132
38 36
38 60
38 122
38 116
38 53
38 337
355 13
159 13
159 81
159 20
159 192
159 60
162 108
162 60
390 122
390 178
390 189
390 60
192 11
192 7
192 22
192 121
192 244
192 53
268 11
180 95
180 101
180 65
83 228
83 46
83 11
83 103
83 106
83 7
83 215
83 59
83 4
83 258
83 131
83 23
83 145
83 259
83 170
83 338
83 261
48 228
48 108
48 129
48 7
48 46
48 276
48 197
48 44
48 61
48 154
48 62
48 318
48 10
48 31
48 11
48 278
48 135
48 66
48 18
48 165
48 139
48 45
48 88
48 20
48 58
48 22
48 208
48 329
48 23
48 122
48 1
48 26
48 28
48 59
48 0
48 71
48 309
48 127
48 53
48 83
196 26
196 105
76 300
76 127
76 28
76 144
76 105
76 23
76 339
76 25
51 88
160 84
160 23
160 94
339 127
339 76
133 44
133 26
133 36
62 30
62 7
62 291
62 50
62 37
267 11
391 169
185 46
185 184
185 13
185 148
185 122
185 174
392 122
392 165
112 11
112 128
112 28
112 7
112 47
112 112
112 193
112 61
112 89
13 30
13 182
13 128
13 129
13 105
13 80
13 6
13 264
13 61
13 103
13 31
13 11
13 27
13 124
13 57
13 18
13 136
13 236
13 45
13 46
13 20
13 58
13 336
13 23
13 141
13 60
13 122
13 340
13 143
13 50
13 28
13 59
13 192
13 145
13 180
13 53
13 89
393 115
74 152
74 106
74 61
74 20
74 28
225 131
225 225
225 329
227 76
227 12
227 7
227 59
227 212
227 70
227 18
227 148
23 45
23 55
23 104
23 129
23 7
23 160
23 194
23 240
23 131
23 276
23 84
23 95
23 9
23 341
23 342
23 132
23 198
23 261
23 163
23 31
23 287
23 50
23 11
23 278
23 65
23 13
23 14
23 56
23 18
23 114
23 61
23 343
23 157
23 119
23 20
23 26
23 344
23 145
23 228
23 258
23 121
23 24
23 60
23 122
23 6
23 345
23 103
23 270
23 54
23 101
23 28
23 220
23 0
23 81
23 93
23 97
23 44
23 174
23 53
23 83
23 346
242 30
242 64
394 55
220 7
220 23
220 89
188 347
4 338
4 258
4 221
4 348
4 180
4 83
395 101
123 45
123 276
123 46
123 54
229 46
229 0
229 101
229 96
7 34
7 64
7 349
7 67
7 37
7 31
7 350
7 15
7 110
7 113
7 136
7 42
7 88
7 251
7 87
7 351
7 1
7 54
7 352
7 78
7 101
7 93
7 252
7 0
7 148
7 145
7 246
7 96
7 103
7 108
7 56
7 347
7 312
7 8
7 222
7 296
7 153
7 198
7 109
7 27
7 179
7 98
7 353
7 45
7 247
7 36
7 24
7 60
7 38
7 354
7 355
7 79
7 81
7 174
7 180
7 52
7 83
7 356
7 30
7 196
7 160
7 43
7 152
7 131
7 341
7 357
7 55
7 13
7 94
7 112
7 18
7 95
7 307
7 157
7 231
7 105
7 22
7 225
7 227
7 23
7 25
7 345
7 26
7 220
7 129
7 255
7 6
7 276
7 61
7 178
7 11
7 12
7 66
7 212
7 40
7 173
7 19
7 20
7 232
7 121
7 226
7 48
7 172
7 122
7 358
7 75
7 28
7 2
7 53
7 89
7 97
7 71
289 36
289 0
289 42
301 49
301 11
301 55
301 7
301 60
301 52
32 45
32 31
32 49
32 11
32 50
32 65
32 26
32 7
32 58
32 59
32 0
32 218
32 48
32 47
32 122
32 133
32 29
32 154
32 163
155 218
155 87
155 50
155 55
396 45
257 172
146 90
40 30
40 26
40 109
40 103
40 7
40 188
40 80
40 216
40 48
40 61
40 71
173 78
20 30
20 31
20 11
20 101
20 12
20 7
20 59
20 0
20 159
20 227
20 347
20 141
20 48
20 61
20 122
20 154
20 285
20 1
20 236
20 205
298 103
298 24
201 26
294 8
294 103
294 194
294 184
121 26
121 54
121 7
121 59
121 121
121 23
121 61
272 116
272 49
272 191
47 35
47 31
47 32
47 120
47 0
47 215
47 4
47 194
47 291
47 23
47 224
47 3
47 122
47 154
47 262
47 29
47 271
47 83
47 205
77 103
77 54
77 53
77 28
203 7
203 26
397 61
