10 0
10 1
10 2
10 3
10 4
10 5
10 6
10 7
10 8
10 9
10 10
10 11
10 12
10 13
10 14
10 15
10 16
10 17
160 18
160 10
160 19
160 20
160 13
160 21
160 22
7 10
7 23
7 4
7 24
7 8
7 25
7 26
7 27
7 28
7 29
7 30
7 1
7 31
7 32
7 33
7 9
7 34
7 13
7 35
7 21
7 36
7 37
7 12
7 38
7 16
7 6
7 39
7 40
7 41
7 42
7 17
8 16
8 43
8 4
8 6
8 7
8 44
8 14
8 45
8 12
8 29
8 46
157 47
11 37
11 25
11 48
11 49
11 50
11 29
11 6
11 51
11 52
11 10
11 12
11 13
11 53
11 54
11 55
11 56
11 57
11 58
11 21
11 4
97 59
64 29
64 60
64 61
56 62
56 60
56 21
56 7
56 6
56 63
56 11
56 64
56 41
56 65
56 66
56 67
56 45
56 68
56 69
56 58
56 40
170 45
170 70
170 71
15 29
15 43
15 60
15 6
27 7
120 24
120 72
120 3
120 73
101 53
77 14
37 0
37 11
37 46
37 74
43 15
43 26
43 8
43 61
159 75
159 7
159 76
33 7
23 7
23 5
63 77
63 56
63 45
186 78
96 16
96 38
96 79
96 80
24 81
24 27
24 4
24 29
24 82
24 83
24 11
24 84
24 21
24 70
24 85
24 86
24 45
24 57
24 40
24 50
158 7
36 7
36 1
36 14
187 87
106 60
106 50
106 6
106 7
106 88
106 13
106 89
106 45
106 46
21 10
21 56
21 60
21 90
21 13
21 80
21 20
21 41
21 62
21 14
21 91
21 24
21 92
21 93
130 94
130 26
130 86
130 7
130 29
188 16
188 95
59 96
59 43
59 4
59 47
59 97
122 10
122 4
107 0
107 60
107 4
107 70
107 14
107 46
148 29
148 64
128 98
16 10
16 4
16 7
16 8
16 25
16 99
16 26
16 100
16 80
16 67
16 28
16 29
16 101
16 37
16 96
16 21
16 13
16 102
16 38
16 35
16 103
16 81
16 60
16 104
16 105
16 20
16 65
16 106
16 107
16 61
16 24
16 6
16 51
16 72
16 108
16 109
16 110
16 46
16 111
16 12
16 112
16 113
138 12
138 6
153 114
153 9
61 16
61 115
61 43
61 8
61 99
61 64
61 116
145 29
109 117
137 115
137 105
189 7
175 60
175 118
175 50
149 119
149 120
70 0
70 29
70 24
70 6
70 13
70 121
110 16
110 3
110 60
110 6
110 13
110 122
110 123
110 29
110 100
110 26
110 38
111 13
111 16
111 81
111 86
172 45
172 6
162 11
115 0
115 67
115 9
115 61
115 6
4 10
4 124
4 24
4 8
4 11
4 84
4 26
4 45
4 125
4 126
4 22
4 101
4 91
4 83
4 63
4 13
4 35
4 121
4 93
4 0
4 60
4 59
4 122
4 12
4 85
4 127
4 16
4 62
4 29
4 51
4 14
4 7
4 46
102 50
98 128
190 13
99 16
99 10
99 60
99 13
99 74
99 129
99 57
26 16
26 130
26 117
26 43
26 131
26 4
26 6
26 7
26 115
26 10
26 110
26 86
26 132
26 113
66 133
66 13
66 81
66 134
66 56
126 21
126 46
191 135
87 68
87 54
116 1
192 135
1 36
1 10
1 3
1 60
1 7
1 13
1 8
1 21
1 114
19 61
131 94
131 26
131 61
131 46
131 80
136 16
136 50
44 8
44 35
193 107
41 96
41 21
41 56
194 34
194 15
194 5
194 80
142 73
142 60
142 89
142 21
171 45
35 16
35 57
35 4
35 7
35 74
35 13
35 85
35 104
35 44
195 51
50 136
50 21
50 24
50 12
50 100
50 106
196 103
197 9
5 10
5 137
5 61
12 0
12 16
12 10
12 4
12 7
12 6
12 13
12 138
12 8
12 122
12 11
12 29
12 110
12 85
12 14
12 67
12 45
12 24
12 57
12 46
12 50
198 7
199 4
164 121
164 139
200 15
173 104
173 140
168 13
2 10
2 46
151 86
151 4
17 7
17 51
17 47
17 6
112 16
112 113
184 51
89 141
89 100
89 142
57 24
57 11
57 99
57 12
57 45
57 58
57 121
40 24
40 21
40 60
40 7
113 15
113 112
156 117
133 8
201 16
201 60
201 61
201 26
201 143
201 144
124 126
124 4
124 6
134 66
103 16
165 13
165 6
74 13
74 37
74 52
74 85
74 35
29 0
29 4
29 124
29 7
29 103
29 64
29 145
29 15
29 86
29 146
29 147
29 76
29 13
29 114
29 8
29 130
29 81
29 73
29 20
29 148
29 78
29 16
29 6
29 149
29 70
29 111
29 12
29 46
53 24
53 90
76 13
76 1
76 150
76 29
80 24
80 96
86 151
86 6
86 24
86 26
86 13
86 113
86 111
86 46
28 16
28 7
28 12
28 108
28 45
202 127
108 13
108 16
108 60
108 143
108 152
34 7
34 8
34 6
203 10
204 14
147 29
32 7
92 13
9 10
9 153
9 6
9 7
9 154
9 121
9 46
9 30
79 96
123 110
123 14
141 92
167 13
167 3
167 60
183 51
114 29
114 153
155 155
205 31
93 21
0 115
0 13
0 105
0 29
0 70
0 46
0 156
117 13
117 26
47 59
47 157
47 29
47 158
47 67
47 46
206 159
206 14
105 7
105 16
105 137
20 16
20 3
20 160
20 29
20 12
20 65
20 143
20 67
20 92
65 16
65 56
65 118
65 13
65 161
65 29
65 57
207 47
78 0
78 29
127 125
127 29
127 22
127 4
178 16
178 9
178 140
178 6
67 16
67 115
67 47
67 7
67 34
67 20
39 7
72 120
161 56
161 67
161 65
161 162
84 16
84 81
84 4
100 13
100 115
100 107
100 60
100 89
208 163
69 10
139 8
139 164
139 10
25 16
25 29
25 60
25 7
48 11
118 60
118 13
118 98
118 65
118 128
118 118
13 10
13 118
13 108
13 7
13 8
13 165
13 74
13 29
13 71
13 160
13 166
13 4
13 21
13 63
13 167
13 13
13 106
13 35
13 81
13 3
13 60
13 47
13 18
13 12
13 65
13 85
13 92
13 38
13 16
13 168
13 117
13 24
13 6
13 113
13 69
13 162
13 46
13 156
209 169
14 77
14 46
129 99
210 13
211 10
169 60
45 94
45 56
45 91
45 4
45 7
45 6
45 13
45 8
45 11
45 12
45 70
45 66
45 170
45 67
45 104
45 171
45 172
45 57
125 94
125 127
22 109
22 152
22 119
22 6
104 16
104 159
104 52
104 110
104 67
104 45
104 35
104 121
104 173
30 9
146 16
146 29
91 60
91 4
91 7
91 21
91 13
91 152
91 122
91 12
91 45
91 121
90 53
90 13
90 147
90 89
90 6
31 7
31 13
31 70
31 8
31 6
75 60
152 91
152 108
152 6
152 8
152 53
152 143
83 4
212 62
212 142
176 21
176 70
54 94
54 12
54 87
54 11
54 86
73 94
73 29
73 120
73 7
121 94
121 60
121 4
121 12
121 70
121 57
121 38
213 8
94 130
94 21
94 1
81 16
81 6
81 13
81 165
81 84
81 29
81 174
81 66
81 111
81 46
3 1
3 7
3 120
3 20
3 110
3 85
3 87
60 110
60 60
60 108
60 29
60 13
60 100
60 8
60 6
60 41
60 175
60 97
60 167
60 176
60 65
60 11
60 142
60 111
60 121
60 46
60 4
214 93
185 46
119 51
119 29
119 70
119 6
85 13
85 74
85 12
85 14
85 57
85 35
85 46
150 135
150 6
143 167
143 152
215 7
180 6
38 16
38 1
38 4
38 124
38 13
38 96
38 12
38 14
38 7
18 160
18 51
18 9
18 13
18 118
18 172
62 41
62 56
216 92
6 36
6 10
6 4
6 7
6 13
6 8
6 165
6 11
6 29
6 15
6 45
6 177
6 22
6 90
6 17
6 9
6 34
6 24
6 178
6 93
6 94
6 81
6 60
6 59
6 179
6 180
6 181
6 106
6 16
6 138
6 12
6 182
6 70
6 110
6 14
6 46
51 119
51 16
51 4
51 183
51 184
58 56
58 21
58 57
58 50
58 11
52 11
71 46
217 165
42 7
42 4
68 21
68 87
68 66
88 60
46 37
46 81
46 10
46 47
46 29
46 13
46 185
46 12
46 100
46 14
