320 0
320 1
369 2
312 3
312 1
312 4
57 5
57 6
57 7
344 8
59 9
234 10
26 11
26 12
26 13
26 14
26 15
370 16
370 17
276 18
361 19
86 20
86 5
16 21
371 22
372 23
77 24
366 25
14 26
83 27
169 28
169 29
169 30
55 31
373 11
73 32
73 33
73 19
73 34
181 35
181 36
181 17
374 37
375 23
1 38
1 39
1 40
1 5
1 31
1 41
1 42
1 43
1 44
1 45
1 46
1 47
1 48
1 49
1 50
1 51
1 52
376 53
377 42
339 54
339 55
339 56
339 57
339 58
339 59
339 60
301 61
125 62
125 63
319 64
203 15
291 11
291 59
24 31
24 19
210 65
99 66
378 67
379 68
142 69
142 49
142 70
380 71
330 72
330 71
345 2
34 73
381 74
381 61
270 75
270 76
270 77
270 78
270 79
270 80
382 81
354 82
5 43
5 83
5 84
5 85
5 86
5 57
5 87
5 88
5 1
5 89
5 90
5 45
5 91
5 92
5 19
5 93
5 94
5 95
383 66
383 96
383 97
383 98
179 99
179 85
179 49
179 5
226 100
384 101
288 17
212 6
212 102
385 103
168 104
176 105
386 106
387 66
387 1
286 69
388 107
108 108
32 73
264 109
45 39
45 11
45 110
45 111
45 112
45 113
45 5
45 62
45 114
45 1
45 115
45 19
45 116
74 31
389 117
390 118
390 119
117 65
391 120
222 121
392 122
298 50
299 50
393 123
341 124
44 1
394 125
394 126
230 117
230 60
174 127
129 128
129 129
315 67
395 68
91 5
396 0
396 19
188 130
240 131
20 132
20 43
103 133
103 50
103 1
103 46
134 134
134 60
134 135
134 136
134 137
397 86
398 62
398 138
229 139
229 140
229 105
399 141
250 142
250 143
106 144
106 145
106 146
106 1
106 147
231 148
187 149
167 150
167 60
167 151
167 19
400 152
259 153
259 154
72 155
43 156
43 157
43 1
43 7
43 60
43 158
76 68
401 159
401 160
401 104
95 161
95 16
95 162
255 101
402 163
403 151
404 164
405 65
406 122
336 165
329 66
407 60
138 27
208 166
208 167
104 168
362 19
28 169
268 101
196 60
196 18
196 170
408 126
78 171
78 23
78 1
78 172
191 62
127 173
127 174
127 175
127 176
127 177
409 178
409 179
410 180
17 48
17 181
17 182
17 1
411 136
258 183
200 126
200 184
200 75
412 185
241 186
241 114
241 1
241 177
149 187
149 6
149 65
130 188
133 189
133 190
62 11
62 191
62 192
62 154
62 107
62 45
62 125
300 193
300 50
310 1
413 113
353 194
353 136
414 36
414 1
84 1
84 5
415 113
349 195
98 6
51 196
51 136
275 52
351 197
351 198
416 8
75 157
75 1
75 58
75 199
75 19
75 200
75 201
75 202
135 134
7 203
7 57
342 204
342 205
284 171
284 11
271 133
189 189
417 131
418 206
116 45
116 66
252 136
166 207
166 199
166 208
278 209
278 50
183 155
183 83
199 60
199 1
199 19
419 210
343 211
102 212
420 122
421 114
216 177
68 2
68 76
68 213
68 182
68 214
68 215
68 60
68 216
68 217
68 87
68 218
68 177
308 29
350 177
27 83
27 138
27 219
27 220
121 203
121 221
121 222
121 223
121 224
121 30
100 225
100 226
100 227
11 23
11 62
11 26
422 228
423 229
215 68
148 230
148 231
148 151
148 6
333 43
333 232
333 1
333 82
333 104
333 233
333 200
333 234
424 235
164 236
283 157
425 178
426 43
287 237
287 19
427 238
428 218
429 239
150 134
150 31
150 167
186 207
186 240
186 126
186 241
186 242
85 243
430 244
48 43
48 36
48 62
48 245
48 246
48 114
48 1
48 181
48 247
48 17
48 169
48 248
70 142
262 249
6 117
6 149
6 231
6 128
6 148
6 98
6 57
431 250
318 212
128 6
128 251
281 250
136 252
136 134
136 148
136 19
197 253
432 66
302 50
280 151
132 20
433 62
434 254
15 165
37 61
435 255
435 256
435 257
316 10
436 258
305 126
305 29
154 259
154 62
154 260
154 1
437 261
153 259
153 122
438 262
109 263
109 264
109 244
109 122
213 45
439 265
294 227
156 198
156 5
249 154
324 266
324 241
65 148
440 267
88 92
88 26
88 5
441 268
442 101
224 121
267 118
267 269
80 270
443 36
122 244
122 218
444 271
309 272
309 273
445 274
52 275
52 276
52 277
52 278
52 151
52 279
52 126
52 148
52 233
151 280
151 281
151 148
151 172
151 10
151 282
46 283
46 126
46 16
46 26
446 284
447 285
69 58
69 286
69 142
237 287
211 288
211 66
211 289
448 155
293 232
192 43
246 48
246 290
93 291
218 66
218 199
218 292
449 260
450 136
232 293
227 294
290 246
61 1
451 295
90 189
90 5
90 15
452 296
50 297
50 1
50 198
50 298
50 103
50 299
50 95
50 300
50 301
50 302
50 303
220 27
220 60
220 304
220 19
126 305
126 127
126 19
41 1
25 306
214 68
49 142
49 5
29 307
29 308
228 309
228 173
228 310
228 68
251 148
155 20
453 311
454 133
3 312
367 313
111 26
277 39
161 36
161 5
114 101
114 314
114 241
455 1
10 36
10 315
10 316
10 151
10 317
10 318
10 126
10 67
10 319
10 66
10 234
36 48
36 161
36 10
36 19
36 5
64 319
332 39
456 165
457 98
458 114
0 320
0 321
0 52
459 5
460 322
245 248
328 19
18 276
18 196
18 323
223 101
461 182
461 29
462 324
346 207
346 232
346 325
346 243
463 113
253 68
253 31
66 2
66 326
66 133
66 327
66 171
66 152
66 233
66 328
66 329
66 330
66 116
39 331
39 277
39 332
39 1
39 45
39 202
39 304
63 125
464 296
82 333
82 84
207 334
207 335
207 166
207 60
207 336
207 186
233 284
233 5
233 192
233 337
233 333
233 23
201 338
201 75
326 5
465 126
466 126
58 339
58 69
87 19
467 340
468 11
468 5
124 341
469 149
205 342
97 343
97 1
38 68
38 1
470 36
273 344
171 133
171 199
260 154
363 294
365 19
2 19
2 1
2 196
2 345
2 68
323 18
243 346
243 85
471 347
472 309
473 5
474 78
475 348
195 349
54 9
47 1
476 158
31 150
31 148
31 167
177 336
177 68
177 350
477 43
198 351
198 156
198 322
198 142
198 133
198 218
263 109
158 43
60 134
60 19
60 43
60 208
60 138
60 207
60 352
60 199
60 167
60 220
60 292
184 101
247 17
194 353
225 100
225 354
225 355
478 34
107 199
19 297
19 356
19 5
19 46
19 357
19 358
19 87
19 328
19 359
19 360
19 75
19 361
19 318
19 167
19 136
19 362
19 24
19 19
19 363
19 364
19 365
19 2
19 36
19 243
19 45
19 60
19 73
19 199
321 275
321 267
479 11
306 366
306 25
313 367
190 368
480 5
481 192
482 326
