392 0
79 1
79 2
349 3
300 4
393 5
98 6
85 7
85 8
245 9
245 10
245 11
394 12
363 13
363 14
270 15
270 16
23 17
23 18
23 19
395 20
395 18
17 21
17 22
17 7
17 18
17 23
17 24
212 25
212 26
212 27
26 16
78 28
78 1
78 29
190 30
396 31
127 32
127 33
127 34
127 35
397 0
398 36
177 37
399 38
400 39
401 40
401 41
196 19
135 42
381 43
381 44
182 45
182 46
182 47
182 48
182 49
182 50
182 51
402 52
321 53
176 54
176 24
344 55
351 56
94 6
167 57
167 58
167 59
403 60
278 61
404 62
108 45
108 63
108 64
108 65
119 35
87 66
340 63
340 67
405 68
406 38
407 69
107 70
107 3
107 19
107 71
107 72
107 73
107 63
366 60
1 74
1 75
1 76
1 0
1 77
1 36
1 18
1 78
1 79
1 80
1 81
1 82
1 83
1 84
1 85
1 86
1 63
1 59
6 87
6 88
6 89
6 90
6 91
6 79
6 92
6 93
6 94
6 95
6 18
6 96
6 97
6 82
6 59
6 98
6 99
6 100
6 101
6 55
6 102
103 103
234 104
234 105
234 56
263 106
383 56
408 59
70 107
373 108
89 39
89 10
89 109
89 52
89 110
89 12
89 6
89 111
89 112
89 24
409 55
76 1
76 113
76 114
76 115
76 116
76 63
76 0
76 117
390 12
410 118
35 18
35 119
320 120
239 121
239 73
239 122
411 123
412 124
206 125
206 122
156 88
244 126
413 127
414 128
414 12
345 129
32 130
415 131
250 132
18 13
18 133
18 134
18 76
18 135
18 93
18 136
18 137
18 138
18 89
18 139
18 140
18 141
18 142
18 35
18 143
18 144
18 17
18 145
18 114
18 118
18 57
18 23
18 28
18 38
18 146
18 147
18 148
18 1
18 149
18 12
18 150
18 122
199 151
269 152
416 153
417 154
417 155
417 59
88 156
88 157
88 122
246 157
41 92
418 76
276 158
419 22
419 159
419 65
315 160
100 90
100 77
100 161
100 6
100 162
226 163
226 164
420 50
420 165
420 55
90 161
90 166
289 167
289 82
289 168
169 169
169 170
169 171
131 75
131 172
131 173
421 49
422 174
144 150
144 18
144 143
144 175
144 83
232 6
114 18
114 76
54 90
54 176
423 177
84 7
84 1
160 178
220 179
424 75
333 180
284 181
284 182
284 183
362 180
425 22
71 45
71 182
71 12
71 184
71 107
71 185
294 186
307 187
426 188
426 56
426 189
377 122
224 190
427 39
428 120
16 191
16 192
16 193
40 194
429 18
83 144
83 86
203 50
19 195
19 196
19 197
19 44
19 12
19 198
19 23
19 107
19 38
170 182
170 169
170 199
170 200
170 119
170 201
170 202
50 182
50 203
251 132
430 204
125 205
125 206
125 207
431 40
210 208
210 209
210 210
210 63
210 211
210 86
432 112
433 143
434 212
279 178
279 213
347 65
435 214
225 215
225 173
225 177
225 204
225 216
225 217
225 122
436 218
436 50
437 170
438 12
439 219
439 220
439 97
439 221
440 222
441 144
442 223
30 63
30 190
30 224
318 225
318 162
149 226
149 227
149 61
149 228
342 167
342 63
342 229
342 230
342 122
99 231
99 232
295 190
295 12
295 93
104 75
104 233
104 234
104 93
102 235
52 236
52 89
443 237
443 238
443 239
444 192
227 240
227 149
211 241
211 60
211 210
361 72
361 242
140 18
140 243
301 112
357 198
243 58
243 140
243 82
445 244
68 12
15 245
44 19
64 136
64 56
64 105
157 246
214 1
214 247
446 70
446 248
8 249
8 133
172 131
132 250
132 251
230 178
230 122
447 252
7 17
7 253
448 254
448 255
448 1
449 176
450 256
450 143
450 257
450 258
450 259
451 118
304 260
452 261
336 176
336 97
336 82
336 162
106 262
106 263
46 182
242 132
242 264
242 265
173 2
350 266
365 267
365 219
152 56
152 91
152 152
152 268
152 269
152 270
152 82
453 12
454 18
455 271
455 272
74 143
312 28
312 77
312 273
312 274
339 12
456 73
335 97
457 160
382 4
22 116
22 11
458 230
328 70
328 275
158 276
158 210
61 277
61 249
61 278
33 127
459 279
264 189
460 61
460 280
275 230
21 17
461 281
194 40
348 282
348 283
183 284
141 234
141 76
141 209
141 285
141 18
141 59
141 286
462 287
271 1
463 288
82 22
82 116
82 6
82 289
82 290
28 291
28 290
326 118
201 80
201 28
464 47
387 116
14 63
14 55
151 199
151 53
151 76
133 8
133 33
133 127
133 35
133 119
465 32
466 0
186 292
186 293
186 294
186 68
123 74
123 176
123 17
123 254
123 295
123 68
467 90
467 296
24 176
24 89
24 17
24 90
24 192
24 183
309 71
309 118
468 182
384 61
469 297
469 298
469 137
470 74
471 270
205 125
205 4
472 299
92 41
92 193
92 59
92 6
9 12
4 205
4 300
4 223
58 10
58 243
58 11
58 167
473 228
474 301
474 295
166 90
166 63
166 26
11 22
11 245
11 93
475 241
324 143
188 97
476 302
65 8
65 303
65 189
148 18
148 304
477 305
187 91
187 306
187 307
478 12
316 308
311 309
311 310
36 311
36 1
274 312
274 109
274 59
479 313
480 15
481 16
481 314
482 315
483 89
308 316
358 317
484 75
121 318
121 239
323 319
323 132
323 320
485 321
485 49
486 38
39 322
39 63
39 89
143 88
143 44
143 323
143 145
143 18
143 324
143 97
143 105
143 295
143 63
143 308
314 16
118 325
118 18
118 326
118 12
118 327
389 12
389 295
487 38
488 238
489 328
490 329
218 330
126 11
150 18
150 144
93 331
93 18
93 12
93 97
93 6
93 332
93 11
254 123
97 143
97 47
97 273
97 145
97 186
97 333
97 6
97 295
97 334
97 335
97 188
97 336
97 337
97 168
63 39
63 143
63 242
63 338
63 339
63 340
63 210
63 152
63 218
63 12
63 182
63 341
63 30
63 107
63 342
63 166
63 178
491 17
228 54
228 116
228 149
492 121
493 272
171 169
192 311
192 191
192 24
55 343
55 344
55 223
55 6
45 97
45 182
241 345
241 346
241 117
241 232
494 285
494 290
25 160
25 212
168 289
495 347
282 348
153 219
193 92
3 107
3 349
496 63
189 273
189 350
189 351
189 65
189 352
189 12
189 28
189 264
249 8
249 24
235 102
497 118
498 124
322 39
322 353
179 346
499 105
229 342
379 77
346 354
346 241
346 179
346 355
500 252
376 122
501 15
96 6
502 28
502 356
503 196
330 65
10 63
504 357
317 358
505 194
506 12
197 19
507 359
508 59
334 97
509 125
510 182
231 99
42 135
145 249
145 143
145 97
145 196
161 90
161 122
38 19
38 12
38 270
38 210
112 351
511 360
72 107
72 361
180 362
191 130
191 0
191 192
512 329
367 96
105 64
105 234
105 76
13 28
13 18
13 363
75 214
75 1
75 234
75 364
513 365
513 122
378 291
285 141
514 160
60 50
60 366
60 129
60 211
159 367
252 54
252 223
252 44
2 368
2 173
2 79
2 25
2 369
2 370
120 371
515 330
273 97
386 372
59 1
59 274
59 6
59 373
59 363
391 12
258 43
258 342
516 11
388 12
388 374
517 1
147 375
147 243
110 89
518 131
122 178
122 376
122 161
122 105
122 377
122 86
291 28
291 378
519 19
520 65
77 379
77 100
77 122
130 191
521 380
43 381
522 7
86 210
523 382
109 274
56 351
56 383
524 24
341 63
341 56
341 384
111 89
142 97
277 385
277 278
113 76
525 139
526 15
372 12
372 386
27 212
343 55
209 210
116 22
116 387
116 56
116 174
116 228
116 17
116 182
116 97
116 82
116 126
116 38
12 45
12 388
12 178
12 76
12 339
12 204
12 118
12 389
12 390
12 372
12 270
12 295
12 391
12 63
12 211
12 77
34 127
57 22
