396 0
396 1
396 2
381 3
17 4
17 5
17 6
0 7
0 8
0 9
0 10
0 11
0 12
0 13
397 14
398 15
172 16
172 17
172 18
172 19
26 20
26 21
26 22
26 23
26 24
399 25
202 26
400 27
277 28
115 10
238 29
238 30
401 31
402 32
271 33
271 8
271 34
296 35
36 36
36 37
36 38
36 39
72 40
72 25
72 41
140 42
44 43
44 25
306 44
31 45
31 46
31 20
403 47
43 48
43 24
151 49
151 50
105 51
105 39
105 34
170 52
170 53
170 54
404 55
106 56
106 57
106 58
106 59
106 60
106 61
106 39
106 62
106 2
405 63
354 64
354 6
318 65
25 66
25 67
25 22
25 68
25 69
25 70
25 33
25 25
25 71
25 72
25 73
25 74
25 75
25 76
25 77
25 78
25 79
363 80
406 81
407 82
212 83
122 84
408 85
276 33
327 30
327 56
62 39
52 18
320 86
320 87
409 88
410 89
214 21
214 64
214 48
411 90
411 6
411 39
39 91
39 30
39 92
39 93
39 94
39 62
39 38
39 95
39 36
39 96
39 72
39 97
39 98
39 99
39 100
39 101
39 102
39 87
39 103
39 104
39 105
39 106
385 33
385 50
412 19
107 107
107 108
107 109
413 33
239 110
233 111
414 96
68 25
323 112
323 113
103 114
103 39
103 115
415 42
393 49
393 33
416 116
127 117
127 118
184 119
417 120
95 121
95 122
175 123
175 124
293 30
293 125
307 125
97 39
418 126
418 118
101 39
419 11
117 127
117 123
65 128
65 129
65 130
420 131
73 25
48 132
48 56
48 133
48 31
48 124
338 134
176 135
176 136
358 24
333 137
56 124
56 138
56 139
56 140
56 48
56 141
56 125
56 41
57 106
186 142
59 126
59 56
220 125
187 143
187 21
187 35
187 144
421 82
301 50
301 145
247 146
247 147
422 29
5 148
5 68
5 149
5 17
5 16
5 33
5 150
252 11
423 108
49 151
49 42
49 152
424 153
20 16
20 26
82 154
164 155
164 59
314 156
314 157
314 158
314 159
425 160
183 161
426 33
347 162
155 161
155 163
155 164
155 124
427 96
60 76
60 56
321 33
321 39
321 165
321 144
392 166
392 33
328 167
287 61
53 168
53 169
53 170
428 11
428 171
428 172
197 94
197 173
197 20
313 174
429 33
161 90
161 175
193 176
193 177
193 178
108 107
108 125
108 179
346 4
10 180
10 0
10 16
10 48
10 126
10 181
10 182
119 49
119 183
119 184
119 6
119 33
63 121
430 130
431 33
432 46
433 185
434 131
230 1
435 186
436 187
437 188
179 108
438 5
365 189
188 72
188 33
188 190
297 191
297 192
297 22
388 37
225 124
439 110
178 193
178 194
367 195
440 196
205 197
205 198
113 199
356 200
144 201
144 187
144 50
144 125
441 43
441 126
442 202
442 126
194 176
294 203
204 204
219 124
198 205
198 206
198 207
168 53
366 189
341 208
41 209
41 48
85 145
332 75
443 210
444 69
444 211
444 212
445 186
100 39
362 33
362 213
21 30
21 11
21 214
21 187
21 215
78 216
446 217
447 218
124 219
124 56
124 220
124 155
124 221
124 222
124 48
124 223
124 224
124 64
124 125
124 225
268 226
134 227
329 228
329 33
353 50
353 229
1 230
1 1
448 50
449 103
221 64
308 231
308 232
308 126
111 233
450 234
451 235
361 236
361 106
274 202
274 237
150 50
150 130
452 48
29 238
453 239
130 65
130 5
130 42
130 187
305 149
305 240
305 241
216 78
369 242
454 243
455 241
349 6
456 39
457 117
249 182
211 244
211 48
340 38
340 147
281 245
243 21
243 246
458 39
253 11
253 50
147 208
147 247
147 248
312 249
312 32
312 126
312 118
459 11
460 49
182 249
461 250
462 251
11 252
11 103
11 253
11 254
11 21
11 255
12 0
463 160
464 256
286 85
286 257
286 202
465 258
112 85
112 90
16 108
16 20
16 199
16 126
16 259
16 42
16 172
16 144
254 11
74 25
466 168
131 260
131 261
131 240
131 1
131 153
131 262
131 33
131 48
131 263
131 14
131 264
131 19
467 265
309 266
309 33
226 267
226 268
226 269
152 49
345 39
145 85
145 19
145 270
468 60
468 158
34 271
34 33
373 272
355 273
289 161
237 145
237 274
237 10
237 275
237 118
237 126
237 26
390 33
390 125
28 276
28 277
28 278
469 279
32 50
32 280
32 125
32 281
32 112
185 48
351 282
96 39
96 32
114 103
114 41
372 201
470 11
471 53
472 283
213 99
213 6
473 145
209 41
474 284
474 285
474 0
475 286
128 125
61 287
61 39
302 33
27 288
129 125
476 183
476 50
2 106
477 289
317 290
317 291
13 292
13 33
13 0
13 293
135 176
135 180
90 161
90 294
90 295
148 149
148 5
148 125
148 270
126 16
126 10
126 249
23 55
118 62
118 121
118 9
192 296
192 297
42 50
251 298
478 121
479 299
173 197
173 300
278 28
480 301
375 30
375 108
375 302
375 48
375 103
322 250
163 155
481 285
481 77
482 303
325 30
54 229
54 304
483 30
71 109
339 48
484 120
77 30
77 22
77 305
125 306
125 108
125 307
125 220
125 143
125 56
125 308
125 309
125 293
125 128
125 96
125 148
125 3
125 310
125 133
125 32
125 311
125 312
125 144
174 313
174 235
174 74
156 314
342 208
342 315
342 153
485 11
485 39
485 316
290 231
290 317
290 308
290 23
350 25
167 11
46 318
46 272
46 50
232 33
232 308
40 319
132 48
132 42
132 239
87 320
165 321
270 149
270 148
270 145
250 17
250 322
250 323
486 194
378 272
487 131
55 23
215 21
488 135
489 126
319 324
319 320
30 325
30 326
30 25
30 327
30 293
30 21
30 32
490 328
491 329
492 218
94 39
292 330
370 331
75 332
493 333
121 63
121 199
121 118
121 334
121 39
121 19
121 335
109 201
109 108
109 71
109 107
9 6
9 336
9 118
9 48
9 248
9 337
160 338
494 339
359 67
208 340
208 4
208 341
208 342
380 138
380 343
223 248
223 217
223 124
495 344
395 50
496 345
86 292
86 320
295 90
149 346
149 5
149 347
149 270
497 211
102 39
267 10
498 14
6 161
6 328
6 213
6 48
6 128
6 319
6 348
6 349
6 167
499 338
500 67
93 39
501 350
282 148
282 351
38 37
181 10
374 272
502 352
37 318
37 38
229 353
229 229
64 36
64 354
273 355
200 356
222 357
222 33
222 3
503 33
231 290
504 48
76 185
311 125
505 30
506 184
507 30
258 7
258 358
258 148
258 222
67 359
67 25
236 360
236 361
236 250
508 362
508 258
509 162
261 264
35 267
35 187
275 237
510 120
511 25
384 97
512 153
513 33
514 302
24 50
24 26
80 363
515 16
203 121
516 364
517 48
518 322
190 234
190 25
104 39
335 33
519 126
189 365
189 366
4 208
4 77
195 367
195 281
207 198
207 368
19 50
19 26
520 19
22 33
22 298
22 48
242 369
242 321
521 370
15 53
522 371
248 90
201 372
201 186
18 243
18 172
18 52
18 153
18 361
272 373
272 374
272 375
272 376
272 377
272 46
272 378
523 379
138 380
138 4
138 301
138 311
3 222
3 22
3 381
14 382
14 383
524 329
525 41
265 384
265 6
7 10
7 0
7 258
7 350
33 243
33 385
33 386
33 361
33 318
33 149
33 148
33 25
33 387
33 321
33 319
33 34
33 388
33 19
33 389
33 82
33 33
33 26
33 276
33 390
33 362
33 317
33 391
33 32
33 5
33 271
33 119
33 392
33 393
33 232
33 329
33 343
33 188
33 222
33 166
33 211
33 394
33 131
33 309
33 335
50 284
50 385
50 395
50 143
50 253
50 19
50 91
50 151
50 301
50 302
50 196
50 46
50 42
50 125
50 144
526 72
141 56
