151 0
151 1
151 2
151 3
157 4
293 5
293 6
293 7
271 8
271 9
271 10
271 11
143 12
143 13
143 14
143 15
143 16
143 17
143 18
143 19
143 20
417 15
184 21
311 22
311 23
311 24
311 25
311 26
311 27
418 28
419 29
147 30
147 18
147 31
175 32
175 33
399 34
152 35
152 36
349 37
112 38
112 39
112 40
275 41
420 42
420 43
190 44
280 45
280 46
421 28
422 47
423 48
86 49
86 50
424 28
168 51
168 52
156 53
425 54
426 55
59 56
59 57
59 58
59 14
59 16
59 59
59 60
59 61
59 62
59 63
59 64
59 65
110 66
110 67
237 68
93 69
93 36
93 70
93 71
93 72
93 73
93 74
93 75
93 76
93 77
93 78
93 79
93 4
93 80
93 81
93 82
93 83
93 84
93 85
93 86
93 87
93 88
93 89
427 90
427 91
427 92
428 93
428 94
429 95
398 96
373 97
351 98
351 99
351 100
351 101
404 44
43 102
43 103
43 104
43 105
430 79
170 106
170 107
431 52
319 47
319 108
319 109
319 110
133 111
432 91
39 112
39 113
39 114
433 115
434 116
240 117
179 118
179 119
294 120
294 121
294 122
294 123
294 6
294 124
294 18
196 125
196 126
196 102
196 49
196 127
196 16
196 128
196 129
196 87
196 130
196 131
196 132
196 66
320 133
320 108
320 134
320 135
136 136
136 137
435 138
235 6
436 14
70 93
70 100
70 115
363 55
363 12
363 139
362 140
73 141
437 91
303 142
303 143
241 18
30 144
30 16
30 145
30 146
30 147
36 148
36 149
36 150
36 151
36 152
36 18
36 80
36 153
36 154
234 155
234 103
266 156
266 157
266 53
266 158
438 159
438 93
197 88
242 160
439 102
327 161
327 162
440 163
440 164
441 5
441 142
178 165
178 166
178 167
332 168
332 169
106 170
106 2
317 84
442 93
443 87
216 162
60 59
388 171
444 172
115 173
115 174
115 100
445 175
74 93
446 176
46 177
46 111
46 178
46 179
46 71
290 180
343 45
343 33
239 22
239 171
447 139
33 18
33 175
448 161
98 181
98 182
201 68
201 88
201 183
63 161
403 44
21 184
21 59
188 76
188 185
188 71
192 186
185 187
185 188
449 18
449 40
279 45
279 189
450 190
450 18
339 31
339 63
118 14
337 16
95 55
95 12
95 119
251 118
105 103
451 88
267 53
78 145
78 191
78 93
452 66
389 144
186 192
268 193
268 194
16 99
16 195
16 30
16 107
16 93
16 163
16 196
16 197
16 198
16 199
16 200
331 57
397 102
285 49
352 22
352 88
230 88
230 201
230 141
453 93
344 16
344 202
344 70
344 203
344 204
344 205
91 15
454 206
454 207
455 208
309 209
2 106
2 210
2 143
2 211
2 212
2 213
296 214
296 136
456 34
122 169
122 215
457 216
457 217
124 218
124 87
124 49
124 66
199 16
199 219
458 182
47 220
459 87
460 155
461 93
462 221
287 222
287 223
228 224
350 37
463 225
463 226
464 227
464 22
464 228
465 22
466 93
467 87
467 229
141 73
141 230
65 59
65 99
65 54
65 16
65 93
65 107
65 114
65 145
468 173
232 231
232 232
219 45
219 233
469 24
103 88
103 105
103 234
103 119
103 235
470 236
470 212
471 231
80 93
68 237
68 238
310 128
472 239
243 214
243 240
14 155
14 59
14 99
14 241
14 15
14 93
14 173
14 6
14 29
14 44
160 242
5 231
473 243
385 244
81 93
153 36
474 245
474 93
405 88
405 246
475 39
476 176
476 231
330 247
477 135
478 44
203 204
29 14
69 87
69 18
377 248
479 32
372 45
261 249
261 119
92 15
92 250
92 251
92 54
480 66
125 252
125 253
338 254
338 255
338 256
338 257
338 31
302 258
481 182
481 44
107 259
107 260
107 261
107 170
107 262
107 65
482 263
54 151
54 264
54 265
53 156
53 266
53 145
53 267
483 98
13 12
101 44
193 268
484 269
484 58
148 270
149 153
9 271
281 272
281 273
146 228
146 30
42 274
485 275
336 132
45 276
45 277
45 278
45 92
45 279
45 280
45 281
45 282
45 269
45 283
45 189
486 284
137 136
11 271
11 88
487 203
49 155
49 263
49 285
49 286
488 151
374 264
489 287
394 24
490 180
491 205
492 6
381 55
381 288
381 289
370 290
493 156
493 202
494 18
200 291
200 16
200 44
390 144
390 238
6 292
6 293
6 45
6 294
6 232
6 235
409 295
214 156
214 6
214 296
214 297
214 33
396 298
396 299
396 300
396 137
258 236
258 301
258 283
258 302
258 93
142 303
142 304
182 305
182 306
182 85
182 307
495 88
358 308
496 18
497 309
99 59
99 14
99 54
498 136
128 310
128 145
128 196
128 65
26 311
20 88
20 143
499 312
499 313
499 314
77 93
255 250
255 44
500 315
501 187
114 22
114 15
114 316
84 317
0 229
0 235
291 200
291 15
502 37
503 245
270 148
504 50
127 181
127 318
108 22
108 319
108 135
108 45
108 0
108 320
108 173
108 267
505 321
354 15
354 322
213 2
213 44
506 323
507 324
507 325
507 33
507 158
508 326
277 45
162 155
162 327
162 328
162 329
406 289
392 45
392 79
247 47
247 330
509 92
155 49
155 111
155 288
155 162
155 92
155 124
155 18
155 191
155 329
57 59
57 81
57 45
57 28
57 93
57 331
57 87
57 332
57 333
57 11
510 271
28 81
28 334
28 18
28 7
511 335
301 252
400 336
400 15
512 337
194 268
194 129
31 338
31 339
1 76
1 340
123 289
123 247
123 327
123 341
123 74
123 320
123 65
18 177
18 342
18 289
18 14
18 343
18 271
18 294
18 143
18 88
18 18
18 42
117 240
205 344
416 284
513 88
134 87
134 345
120 294
366 301
121 35
121 346
121 139
278 45
386 58
66 108
66 347
66 252
66 348
66 196
64 18
177 46
177 18
177 342
177 335
56 59
56 145
335 312
335 143
335 276
37 163
37 349
37 350
37 44
100 115
100 70
100 351
109 1
38 112
22 352
22 239
514 168
514 158
515 125
67 110
130 336
130 196
516 353
517 19
518 171
322 354
158 355
158 356
158 49
158 18
158 266
76 79
76 93
250 332
250 92
519 93
520 76
521 168
111 155
111 133
111 162
111 357
356 158
379 358
379 214
379 359
379 360
522 59
224 228
140 361
140 362
119 171
119 261
12 13
12 15
12 71
12 143
12 363
12 364
387 342
387 365
523 366
367 367
524 65
525 45
525 163
525 103
525 368
525 369
526 127
526 103
195 157
218 87
218 124
527 336
527 370
527 371
527 141
527 372
97 373
173 108
173 44
211 15
528 112
264 203
264 374
264 375
264 64
264 376
23 290
113 39
407 16
172 22
172 24
172 377
529 378
360 379
10 380
10 10
375 264
17 5
17 143
393 24
225 182
269 312
145 134
145 147
145 229
145 128
145 6
145 87
145 146
145 55
530 45
288 88
288 381
288 382
204 203
297 214
531 93
532 383
169 122
533 211
533 340
533 384
244 385
220 47
220 264
220 196
220 289
220 52
58 386
276 45
276 88
276 335
365 387
361 140
171 388
171 119
171 239
144 30
144 389
144 390
329 155
329 162
534 309
391 83
391 391
345 134
283 18
222 222
79 76
79 171
79 238
79 392
24 172
24 393
24 311
24 394
535 71
7 28
340 1
340 172
340 145
340 395
340 85
90 396
82 93
355 111
355 49
355 306
102 397
96 398
536 349
256 338
537 22
272 281
34 151
34 399
538 179
538 183
538 44
538 256
538 381
538 400
411 87
254 338
15 12
15 401
15 291
15 91
15 71
15 88
539 91
540 22
540 88
71 15
44 402
44 190
44 49
44 14
44 200
44 403
44 101
44 404
44 88
189 45
189 59
342 405
342 6
342 18
342 246
289 406
289 381
289 18
541 407
542 283
380 55
126 196
543 408
543 405
295 267
295 409
544 154
545 134
341 410
415 88
546 124
116 55
35 152
87 150
87 69
87 134
87 86
87 411
87 111
87 57
87 412
87 124
87 413
87 196
87 103
87 44
87 414
88 22
88 264
88 405
88 138
88 201
88 122
88 352
88 18
88 232
88 251
88 20
88 93
88 136
88 103
88 44
88 415
547 386
284 203
284 416
