67 0
185 1
185 2
185 3
185 4
185 5
185 6
394 7
139 8
139 9
139 10
139 11
139 12
139 13
139 14
139 15
139 16
44 17
44 18
44 19
44 20
44 5
44 21
44 22
44 23
59 24
395 25
277 26
342 27
342 28
205 29
290 30
37 31
37 32
37 33
37 34
37 35
37 11
182 36
396 9
227 37
227 38
397 39
93 40
93 41
93 42
398 43
398 9
399 44
399 45
399 46
400 47
108 48
108 49
401 25
402 14
76 50
76 51
76 52
76 53
76 54
76 55
76 56
76 28
76 57
76 58
76 59
76 60
76 1
76 61
403 62
404 63
173 64
65 65
65 66
0 67
0 57
0 68
374 69
115 70
115 71
85 72
85 73
405 50
406 32
360 21
190 74
190 75
190 76
157 77
157 78
304 79
304 15
106 80
106 81
106 82
106 83
106 84
407 85
336 36
160 86
160 5
18 87
18 88
18 89
408 90
80 91
80 92
40 93
40 94
232 95
232 13
250 96
250 10
82 97
82 62
82 32
82 98
82 28
82 5
82 99
82 1
340 100
409 32
206 66
88 88
88 18
89 101
410 102
122 77
331 103
331 104
331 105
411 21
412 106
216 5
216 89
297 107
413 108
223 106
42 47
42 109
42 2
42 28
42 110
42 111
42 112
42 93
42 14
42 57
246 5
246 113
246 62
414 114
415 115
416 116
338 117
141 97
417 118
218 96
218 6
130 5
418 47
204 119
204 120
204 121
170 122
170 123
170 124
170 125
170 126
170 127
170 128
5 129
5 130
5 62
5 76
5 22
5 131
5 132
5 113
5 133
5 15
96 134
419 135
420 136
420 137
420 104
420 57
16 138
16 139
97 140
97 5
97 141
125 142
125 114
125 109
125 45
125 143
125 139
125 144
125 145
125 146
125 76
125 147
125 148
125 149
330 105
25 150
383 32
383 57
421 151
421 83
99 82
99 152
99 32
99 153
99 154
99 13
99 133
99 57
384 57
422 5
286 155
156 156
156 157
156 158
423 46
348 159
31 37
424 160
424 161
424 21
424 162
163 163
425 5
354 51
134 164
134 134
296 165
390 57
426 5
427 166
428 167
7 133
7 168
200 155
200 5
55 76
429 101
220 146
220 22
123 169
123 170
234 171
234 117
231 13
430 9
431 23
58 146
58 172
58 76
58 46
432 173
432 174
324 175
186 176
337 177
171 106
171 178
341 27
153 133
153 99
153 108
433 179
433 46
36 180
36 78
36 181
36 182
36 183
36 4
36 5
36 46
434 148
145 117
145 184
145 125
4 1
4 36
4 185
176 186
435 89
124 85
79 51
285 140
285 125
285 5
285 114
229 187
229 188
229 114
229 170
229 51
229 189
213 40
213 177
213 9
316 190
316 127
316 191
316 192
316 114
71 61
71 15
339 193
339 111
339 5
339 41
436 194
217 159
1 195
1 185
1 196
1 192
1 76
1 4
1 21
1 197
437 198
438 168
278 161
203 199
203 51
439 200
439 17
439 76
439 84
439 201
439 202
308 50
308 203
110 142
110 58
110 204
110 42
29 205
440 76
284 97
284 140
265 48
441 206
260 48
355 51
178 171
178 5
254 156
254 159
254 101
254 84
195 1
305 207
131 5
442 99
443 60
443 133
443 90
315 164
315 148
315 208
359 154
359 187
359 209
344 118
194 76
62 210
62 187
62 62
62 211
62 5
62 154
62 133
62 172
62 57
9 14
9 139
9 212
9 162
9 6
9 213
144 133
144 125
444 57
211 154
211 84
211 62
33 66
33 214
33 215
356 216
356 51
445 217
446 185
60 76
6 218
6 45
6 185
6 9
6 219
6 220
6 133
6 15
30 30
239 168
47 14
47 221
221 47
253 3
253 222
447 223
448 58
449 84
450 46
345 133
451 45
276 26
452 224
386 154
386 57
367 64
84 225
84 211
84 22
84 106
352 51
387 226
387 57
453 103
38 227
454 228
188 195
188 229
188 101
188 29
455 230
13 152
13 148
13 231
13 28
13 170
13 99
13 232
13 133
320 21
117 233
117 152
117 234
117 235
192 1
146 190
146 140
146 36
146 236
21 237
21 28
21 15
21 98
237 238
237 68
237 239
237 159
237 240
237 39
456 241
457 228
24 59
458 242
458 36
459 209
460 127
255 28
255 111
255 15
255 243
461 57
61 191
61 244
61 245
61 76
61 71
113 246
113 113
175 247
175 248
462 249
462 88
462 190
149 125
463 230
75 74
75 190
75 57
464 250
235 117
465 136
466 148
258 251
258 48
467 252
467 41
244 61
244 23
236 236
3 253
3 172
3 185
241 254
243 255
378 74
127 140
127 256
127 32
127 257
127 48
127 66
127 57
127 170
127 258
127 133
391 57
268 28
256 41
78 157
48 259
48 260
48 261
48 262
48 263
48 264
48 265
48 127
48 266
48 28
48 267
48 258
48 108
468 21
233 117
364 268
70 194
70 115
469 172
81 106
20 44
270 269
270 51
368 118
310 68
310 185
470 76
46 15
46 57
46 36
46 243
269 270
52 271
471 58
471 254
288 155
288 272
103 273
103 165
103 274
103 50
472 259
166 28
166 111
283 158
311 148
138 16
132 5
473 146
473 58
152 13
152 117
152 99
375 28
375 275
26 149
26 276
26 277
26 62
161 278
161 36
161 279
119 204
14 280
294 229
294 39
101 281
101 241
101 58
101 155
101 134
259 48
291 282
140 97
140 283
140 284
140 127
140 285
140 28
140 5
140 170
140 40
140 101
140 128
140 268
155 101
155 286
155 287
155 288
370 2
474 165
474 289
11 37
11 139
475 125
476 155
477 290
197 1
39 291
39 292
39 9
39 293
39 294
39 254
478 295
242 45
41 256
41 296
41 118
41 110
41 170
41 272
41 297
10 250
381 28
328 27
328 53
281 52
72 5
389 261
389 13
389 57
389 298
274 103
94 28
94 40
94 2
479 133
480 299
481 146
168 57
168 148
168 300
272 281
272 220
15 142
15 255
15 301
15 302
15 66
15 5
15 170
15 303
15 6
15 304
15 21
298 57
207 40
207 305
249 103
249 76
225 155
225 22
225 217
482 306
483 194
184 125
184 268
184 307
83 139
83 57
56 22
50 281
50 242
50 308
484 94
485 309
68 310
314 14
151 5
148 311
148 125
148 250
148 32
148 62
148 312
148 168
148 313
148 314
148 170
148 13
148 315
148 133
486 41
382 57
487 153
114 191
114 316
114 317
66 65
66 153
66 15
66 318
343 319
343 320
343 76
343 46
240 12
361 321
361 89
104 69
334 5
136 322
380 28
380 210
380 31
488 84
198 108
22 146
22 323
22 44
22 56
22 84
489 133
86 324
86 325
490 15
490 254
326 32
491 326
491 32
491 327
121 121
53 328
150 25
150 76
492 125
493 329
105 330
105 331
105 332
105 134
54 180
54 247
54 76
54 333
494 334
494 335
252 170
64 57
64 336
306 162
177 337
177 2
332 105
346 32
346 338
379 339
212 9
495 187
495 16
100 340
27 341
27 342
27 328
43 323
496 343
91 76
497 64
69 344
69 104
69 51
498 22
133 345
133 82
133 76
133 5
133 13
133 99
133 7
133 172
292 184
77 122
77 5
215 346
358 347
159 348
159 217
159 317
23 122
23 44
23 244
499 148
51 203
51 349
51 196
51 350
51 76
51 72
51 351
51 212
51 352
51 270
51 46
51 207
51 353
51 18
51 269
51 40
51 354
51 79
51 355
51 356
51 148
51 229
500 357
301 330
347 358
154 99
154 359
154 360
154 62
321 361
199 220
199 57
199 362
199 203
199 242
385 57
357 153
87 18
501 33
502 335
502 158
73 85
73 91
12 240
128 140
128 363
128 33
128 34
128 28
128 170
503 28
504 286
505 28
506 364
507 158
508 365
508 366
319 343
317 114
509 288
238 21
510 367
307 147
307 32
118 41
118 368
322 136
142 58
247 369
247 370
247 148
247 77
247 319
247 172
174 46
32 99
32 82
32 127
32 32
511 271
102 32
102 46
172 275
172 58
172 247
512 60
45 195
45 242
513 51
214 371
514 372
515 373
353 374
369 51
275 28
275 375
275 172
275 57
245 271
516 376
516 377
517 32
518 251
74 190
74 75
74 378
28 140
28 166
28 244
28 61
28 379
28 212
28 48
28 76
28 94
28 309
28 57
28 21
28 380
28 381
28 268
57 382
57 127
57 383
57 99
57 384
57 385
57 386
57 0
57 168
57 42
57 387
57 194
57 210
57 2
57 153
57 388
57 83
57 389
57 390
57 146
57 298
57 391
57 392
57 300
519 393
