292 0
110 1
79 2
79 3
234 4
234 5
20 6
20 7
353 8
87 9
87 10
87 11
144 12
144 13
354 14
354 15
251 16
251 17
7 18
7 19
7 20
7 21
333 22
333 23
118 16
118 24
118 25
118 6
118 26
118 27
118 28
118 29
225 30
61 31
206 32
259 33
355 33
356 34
231 35
231 36
231 37
179 38
179 39
179 40
271 33
271 41
132 42
357 43
237 44
97 33
97 45
97 46
27 47
27 48
27 34
27 49
27 50
27 51
27 33
27 52
27 15
358 53
129 50
107 54
107 55
359 56
116 57
116 38
360 58
326 59
326 60
361 61
362 62
74 63
158 64
266 33
266 25
19 65
19 16
19 63
19 66
19 67
19 68
19 69
21 70
21 71
21 72
21 61
21 73
21 74
21 75
21 7
21 76
21 77
2 78
2 50
2 79
204 80
204 81
363 82
86 83
86 84
86 9
84 85
84 86
299 50
11 87
32 88
313 23
313 89
191 90
364 59
365 91
212 92
366 93
105 94
105 95
105 96
367 57
368 97
104 39
140 98
48 99
243 33
243 5
113 100
103 101
103 102
103 59
103 103
103 91
103 8
95 104
95 39
95 105
171 47
171 16
171 106
96 25
96 93
96 77
96 107
310 108
369 59
370 33
370 109
166 110
166 111
166 69
166 112
371 19
100 22
100 113
372 61
373 38
374 111
375 114
375 25
57 115
57 116
57 44
265 105
265 33
300 31
22 117
22 100
376 118
377 119
378 39
58 120
58 33
58 121
216 122
160 59
160 27
160 123
284 124
284 125
284 126
241 124
241 127
379 10
380 92
133 128
135 25
42 129
42 130
42 131
42 132
128 133
344 27
117 134
117 135
381 41
263 136
382 33
54 107
264 33
264 69
383 16
88 31
88 38
88 67
88 71
336 137
384 138
385 126
386 119
386 40
387 139
387 140
387 136
308 141
12 142
12 143
12 33
12 38
12 144
388 145
388 146
389 147
389 117
389 148
389 27
389 149
288 150
390 133
350 124
157 151
157 152
134 117
134 153
178 154
233 155
233 156
338 157
338 158
391 100
9 10
9 86
346 159
59 39
59 90
59 160
59 103
59 161
59 162
342 136
235 163
235 164
235 75
235 165
392 166
177 161
177 167
177 154
393 157
78 168
78 169
394 170
151 166
151 171
151 172
151 157
65 30
395 136
229 173
229 174
290 175
154 176
154 85
154 33
154 177
154 178
38 90
38 179
38 180
38 181
138 182
138 16
138 183
138 184
138 10
138 185
138 186
138 164
138 187
138 159
138 188
138 189
81 38
90 90
90 59
90 190
90 191
90 38
90 192
396 42
397 193
398 194
341 119
240 116
240 75
240 195
240 196
240 69
399 100
400 197
401 16
401 152
297 190
297 198
167 177
402 77
403 192
102 199
102 200
223 201
305 202
305 35
404 203
123 160
41 39
287 118
405 117
267 33
406 119
406 3
197 33
197 30
80 25
80 204
80 152
407 205
407 50
312 108
121 58
67 88
67 152
314 136
222 1
222 135
408 206
408 32
50 2
50 207
50 77
50 27
50 208
409 209
410 64
106 210
106 211
106 171
85 212
411 27
412 48
413 213
414 214
209 70
415 215
416 169
318 38
122 216
208 39
208 81
286 217
286 64
417 90
418 177
6 218
6 118
6 20
6 131
6 219
6 220
6 214
6 221
272 39
1 222
1 110
3 124
3 79
201 223
46 97
46 44
46 224
30 65
30 16
30 225
30 197
30 136
331 226
331 192
419 51
184 138
184 227
307 43
351 105
420 228
421 119
109 166
109 0
109 8
262 33
174 134
174 229
164 136
422 230
302 231
302 232
162 181
89 77
89 180
156 233
4 234
75 235
75 124
75 21
75 236
270 39
218 6
120 68
423 52
424 90
181 179
44 5
44 177
44 237
44 91
44 46
195 238
195 239
195 96
195 25
195 16
195 104
195 240
195 108
127 241
425 25
180 33
180 89
115 57
5 43
5 44
5 242
5 19
5 243
5 244
5 118
5 245
5 246
5 21
5 95
220 247
220 6
325 71
426 43
427 33
428 138
428 248
198 25
429 249
429 162
429 124
347 25
347 151
16 19
16 118
16 250
16 195
16 251
16 214
16 252
16 78
16 77
430 253
431 33
269 254
269 65
269 255
199 16
199 102
432 256
433 257
10 9
10 39
10 105
99 48
73 258
73 259
73 151
245 5
246 260
155 233
33 166
33 48
33 58
33 39
33 261
33 118
33 262
33 243
33 263
33 180
33 152
33 264
33 215
33 265
33 173
33 12
33 266
33 81
33 267
289 268
83 83
83 86
434 157
434 269
39 270
39 10
39 271
39 41
39 272
39 104
39 33
39 69
39 273
435 58
207 50
291 202
291 27
291 232
291 152
436 38
437 274
69 166
69 270
69 19
69 275
69 39
93 276
93 194
93 16
93 96
93 277
93 126
93 278
93 279
93 25
93 33
93 23
93 280
77 281
77 16
77 96
77 50
77 154
77 282
77 246
77 21
77 283
77 5
77 89
125 284
438 285
217 286
337 153
439 27
45 97
45 287
192 25
192 39
192 288
192 152
440 133
276 93
215 25
441 31
268 289
175 131
175 290
152 43
152 39
152 67
152 27
152 291
152 33
152 23
442 63
163 235
163 111
163 273
443 192
70 160
70 21
0 292
0 293
0 294
444 295
445 296
445 109
190 90
190 297
190 35
446 298
60 33
60 136
447 299
327 17
448 20
196 240
449 199
31 300
31 88
31 301
450 195
451 35
452 158
340 117
340 192
232 291
232 302
202 35
202 291
453 263
101 103
101 49
454 303
35 231
35 190
35 304
35 305
455 289
43 306
43 307
456 308
273 163
285 202
298 309
457 260
457 21
108 310
108 311
108 177
108 312
23 150
23 313
23 136
23 103
23 314
23 64
23 93
458 61
458 315
458 316
459 171
460 2
461 317
329 318
329 319
182 138
182 320
182 184
462 120
462 321
62 42
130 49
131 49
131 42
131 6
131 124
131 254
131 23
91 44
91 103
91 275
91 123
64 322
64 158
64 96
64 323
64 159
64 324
64 23
221 6
221 88
47 171
47 27
238 195
463 131
463 24
464 27
71 325
71 40
71 326
71 88
71 21
17 327
17 79
465 328
465 192
466 329
466 248
466 330
173 33
173 331
467 19
468 332
469 333
150 334
150 117
150 71
150 335
150 103
150 242
150 23
470 112
137 231
137 119
137 336
471 124
471 284
471 81
153 337
153 27
153 338
153 134
153 233
153 209
317 339
242 44
242 340
242 48
242 58
119 341
119 33
18 43
214 231
214 284
214 69
214 220
214 274
472 205
136 235
136 203
136 263
136 67
136 164
136 314
136 342
136 343
258 71
473 344
473 27
15 345
275 231
159 138
159 164
159 346
474 35
183 138
25 347
25 202
25 32
25 348
25 118
25 195
25 27
25 88
25 215
25 349
25 198
25 89
25 153
124 350
124 351
124 131
124 284
124 241
124 352
254 269
254 131
254 154
68 120
68 33
68 121
