371 0
408 1
409 2
29 3
29 4
29 5
47 6
47 7
47 8
47 9
47 10
47 11
47 12
47 2
47 13
47 14
47 15
47 16
47 17
47 18
47 19
47 20
410 21
410 22
129 23
411 24
328 6
328 25
328 26
412 27
413 28
414 29
3 30
3 31
3 32
3 33
3 2
3 34
3 35
101 36
92 37
92 38
92 39
92 40
92 41
92 42
92 43
325 44
325 45
325 46
17 47
415 48
415 49
207 50
416 51
416 52
417 53
4 54
28 55
280 56
280 57
368 58
349 59
2 60
2 61
2 62
2 63
2 64
2 65
2 66
2 67
2 68
2 69
2 70
2 71
2 72
2 73
2 74
2 75
2 76
2 77
2 78
2 11
2 79
2 80
2 51
2 81
418 72
419 82
19 83
19 47
19 84
19 85
19 86
19 44
379 87
420 12
420 88
421 79
367 89
170 90
7 47
7 2
7 91
422 92
162 93
297 35
84 19
84 94
84 95
175 96
175 97
160 98
160 2
160 99
125 63
125 100
156 101
225 73
225 102
225 69
225 103
95 104
95 105
95 2
95 27
95 86
95 106
95 107
180 108
133 77
133 109
133 110
167 111
11 112
11 113
11 11
11 114
11 86
11 115
11 116
11 47
11 117
11 118
11 94
11 119
11 120
11 121
11 9
269 122
269 123
269 124
269 61
100 125
55 28
55 86
423 126
288 127
289 42
333 35
397 128
397 2
23 129
394 130
65 2
339 131
406 42
406 93
406 132
110 133
110 78
424 2
267 134
267 2
425 121
353 135
353 136
353 137
353 138
138 96
138 80
138 139
138 109
118 140
118 141
426 142
6 143
6 144
6 47
30 3
38 92
38 145
352 137
352 2
352 146
185 42
185 147
10 148
10 47
427 149
303 127
428 25
429 150
204 50
304 70
304 20
304 3
61 151
61 61
61 152
61 11
61 66
61 2
61 153
33 80
45 154
45 2
45 155
208 86
302 156
430 101
430 157
431 158
221 159
291 127
432 3
93 160
93 161
93 162
93 163
140 164
351 165
433 54
434 166
434 167
434 168
434 2
434 169
90 170
362 171
435 172
97 173
97 174
97 175
97 54
97 86
97 44
97 171
97 176
97 42
97 157
97 177
97 178
436 179
108 180
18 157
51 181
324 182
324 183
113 11
113 184
437 185
438 186
385 187
265 134
439 133
68 188
68 6
68 62
68 2
68 189
68 63
190 190
21 128
21 191
21 192
21 193
338 194
338 195
440 196
139 197
139 80
139 138
31 31
144 80
335 73
335 2
290 198
290 127
261 42
261 199
441 85
284 200
284 201
284 2
284 202
284 69
284 203
331 140
50 204
50 205
50 206
50 207
50 208
50 209
50 210
48 22
48 2
48 106
48 211
48 212
48 213
322 178
442 66
443 214
443 215
443 66
443 216
443 217
444 86
281 76
445 45
446 218
298 79
298 219
298 220
159 221
159 222
136 223
136 224
103 225
447 226
447 166
387 227
387 68
258 228
258 211
146 113
146 229
310 230
174 127
174 209
448 231
74 232
74 2
449 233
256 73
256 75
176 234
176 235
176 236
32 237
32 111
32 238
401 167
401 239
193 232
386 230
242 240
169 241
323 178
450 6
450 242
62 243
62 244
62 179
62 2
62 245
62 68
62 224
62 246
206 139
69 247
69 248
69 249
69 2
451 3
241 250
241 251
241 252
241 2
241 169
452 26
452 178
244 62
244 253
244 136
244 47
275 173
75 254
75 47
75 2
75 86
75 63
75 255
75 256
383 132
88 257
229 146
211 258
211 48
211 259
211 44
211 101
211 87
42 97
42 179
42 92
42 260
42 2
42 198
42 261
42 262
42 263
42 178
153 31
153 20
153 264
153 2
153 61
292 127
134 265
134 241
134 266
134 12
134 63
134 262
134 267
391 268
453 250
124 45
124 269
454 270
454 271
454 272
181 86
181 273
314 274
37 92
455 85
456 275
66 151
66 276
66 2
66 61
67 2
457 15
457 86
457 87
458 277
459 278
460 279
461 133
461 280
76 281
76 166
76 2
76 35
76 282
76 283
188 6
245 162
9 47
9 15
9 63
9 109
354 284
198 173
198 75
198 52
198 285
198 286
198 2
198 82
198 54
198 63
198 259
127 173
127 287
127 268
127 186
127 288
127 289
127 290
127 44
127 174
127 291
127 292
234 293
234 176
173 294
173 136
173 211
173 275
173 97
462 2
40 295
199 276
199 101
463 137
464 151
464 47
228 173
228 296
228 47
228 258
228 2
228 63
243 62
161 73
161 2
189 297
465 68
465 85
200 284
220 298
466 11
467 27
126 169
468 299
44 113
44 97
44 300
44 54
44 211
44 301
43 300
43 302
43 63
43 303
43 44
43 101
70 304
70 2
163 93
163 305
469 139
470 45
470 306
471 307
80 245
80 133
80 300
80 150
80 138
80 26
80 106
80 251
80 58
80 308
249 79
249 73
249 85
24 24
24 309
24 2
230 151
230 60
230 258
230 2
230 72
230 310
230 311
230 312
230 145
472 313
473 63
236 176
236 235
270 266
274 314
82 315
143 173
474 316
475 267
476 317
477 318
22 42
392 79
392 268
478 212
178 319
178 320
178 321
178 289
178 322
178 323
178 169
182 324
46 325
46 38
46 2
479 74
480 326
79 249
384 132
481 190
482 327
25 328
116 94
116 110
359 329
192 21
192 330
192 191
483 331
121 11
484 304
485 270
486 179
12 73
12 164
12 277
12 186
12 213
12 134
12 178
12 86
487 332
488 333
488 334
488 80
488 2
488 76
489 25
489 80
73 299
73 98
73 135
73 335
73 2
73 336
73 12
73 249
73 337
73 256
73 225
73 282
131 338
131 3
131 339
131 230
380 132
490 340
252 341
252 15
252 86
252 170
348 276
491 178
247 264
492 43
492 342
107 63
20 47
20 2
493 73
494 86
495 24
27 95
63 134
63 9
63 125
63 2
63 82
63 169
337 73
346 343
327 82
496 275
497 63
49 131
196 344
498 345
498 18
382 106
311 53
311 278
311 297
311 63
311 230
396 24
396 179
72 25
72 94
72 2
72 230
499 213
235 176
235 178
500 130
501 270
502 248
343 336
343 346
307 93
307 110
503 88
155 45
276 126
276 110
276 199
276 347
276 348
504 318
99 160
99 240
85 349
85 122
85 127
85 21
85 19
85 350
505 72
370 58
102 225
102 150
165 351
260 58
26 80
26 35
26 328
26 61
506 146
137 352
137 353
507 354
508 355
376 94
296 2
305 82
305 163
141 145
141 2
509 233
510 73
389 246
8 15
8 47
8 356
319 178
300 44
300 80
300 43
300 54
404 357
404 101
404 116
404 287
308 80
254 75
77 2
511 126
309 24
119 94
512 2
60 2
363 285
363 358
513 299
329 212
329 86
329 359
514 68
212 48
212 329
257 360
257 152
257 88
515 276
128 361
98 2
516 200
516 362
517 35
186 239
13 330
13 47
518 42
519 2
358 270
358 363
35 76
35 52
35 47
35 3
35 178
157 364
157 236
157 97
157 365
157 58
157 176
157 275
145 199
145 263
145 230
142 336
142 225
402 366
402 355
201 367
171 362
520 318
58 368
58 85
58 369
58 106
58 370
58 157
293 234
263 371
263 372
263 373
263 145
263 90
521 336
522 278
262 213
15 212
15 130
15 374
94 116
94 84
94 375
94 86
94 2
94 376
94 72
523 301
523 377
224 62
224 378
52 315
52 2
278 311
365 109
87 167
87 211
87 379
524 190
191 21
191 192
525 144
132 380
132 295
132 381
132 382
132 383
132 384
117 146
187 385
109 139
148 10
526 26
364 326
527 58
336 73
336 93
336 97
253 244
227 386
227 387
227 43
227 388
246 62
246 47
246 6
246 389
246 319
268 64
268 276
268 390
268 131
268 391
268 392
268 393
268 127
135 336
321 178
130 394
130 97
130 127
166 116
166 184
166 395
154 133
154 45
154 2
528 258
529 55
231 79
395 166
395 63
164 12
164 140
164 225
179 396
179 97
179 62
179 66
179 397
179 42
179 134
104 24
237 32
330 192
330 87
330 13
294 240
530 398
530 399
530 400
530 401
366 402
366 372
366 80
366 61
531 218
532 47
533 403
534 301
535 127
357 404
54 97
54 4
54 61
54 300
54 11
54 66
54 2
54 12
54 86
54 405
54 98
86 181
86 318
86 97
86 359
86 80
86 406
86 54
86 407
86 259
86 124
86 21
86 94
86 76
86 55
