326 0
326 1
326 2
49 3
49 4
109 3
51 5
51 6
51 7
51 8
51 9
51 10
51 11
51 12
51 13
51 14
366 15
114 16
114 15
114 17
114 18
367 19
245 20
245 21
2 22
368 23
45 24
45 25
45 26
45 27
45 28
45 29
143 30
369 31
369 32
369 33
192 1
212 32
212 34
370 22
161 35
371 3
372 36
373 3
202 37
202 38
374 39
150 40
99 41
99 42
140 42
308 43
175 44
375 45
375 29
358 46
3 36
3 47
3 48
3 49
3 50
3 51
3 52
3 53
3 54
3 55
3 56
3 57
3 58
3 33
3 59
3 60
3 61
3 62
3 63
3 64
3 65
3 66
3 67
3 68
3 69
3 70
3 71
3 72
3 73
3 74
164 75
376 76
265 5
377 77
316 67
86 36
378 78
378 49
233 42
180 79
180 80
207 81
207 82
207 83
379 84
229 85
321 86
321 42
321 87
64 88
64 89
64 90
64 91
380 92
151 93
381 94
76 95
76 96
343 97
249 98
354 99
354 22
354 100
354 101
382 102
279 66
383 103
136 104
384 81
330 105
385 37
315 106
386 22
27 107
27 108
27 109
27 110
27 111
27 45
275 112
387 113
16 114
16 38
124 115
124 3
360 46
360 72
205 116
20 117
20 118
359 72
198 119
198 120
198 121
335 96
133 8
14 47
14 6
14 51
14 122
14 57
33 31
33 70
33 123
388 124
388 125
389 110
179 100
179 126
179 127
179 128
390 24
111 18
391 129
35 130
8 36
8 131
8 30
8 132
8 51
8 9
8 70
8 133
189 134
189 135
104 136
104 137
104 138
104 3
186 70
186 139
186 140
186 23
186 141
30 142
30 143
30 8
30 76
30 144
392 145
393 146
88 64
394 57
395 147
396 32
396 51
396 36
40 148
40 149
40 150
93 151
93 152
225 84
38 153
38 57
38 154
397 155
72 156
72 157
72 3
72 158
72 159
72 160
36 86
36 131
36 3
131 161
263 143
398 36
399 162
399 124
213 163
75 164
400 143
219 165
401 166
361 42
361 167
320 168
402 169
284 110
256 170
403 10
404 171
405 76
148 172
148 173
406 18
155 174
289 106
44 175
237 176
407 177
407 178
408 179
409 100
323 161
323 121
80 180
410 181
306 182
411 3
81 183
412 184
278 18
268 32
268 185
268 13
268 48
268 3
141 186
218 165
167 4
413 42
12 187
12 51
55 3
135 188
135 189
239 3
193 3
193 155
193 1
193 190
193 191
1 192
1 193
1 194
1 195
1 196
89 64
248 197
414 64
120 198
120 134
120 3
120 85
301 18
415 186
63 21
63 53
63 199
63 3
63 167
270 22
296 3
296 200
227 201
37 188
37 100
37 202
37 42
37 203
312 204
312 21
171 78
107 52
107 70
107 27
107 45
107 49
116 205
144 30
416 155
416 206
83 207
83 57
83 208
83 209
83 210
83 211
83 82
34 212
163 213
310 214
294 215
294 100
294 126
417 216
417 217
417 18
165 218
165 1
165 219
165 106
129 220
126 179
126 127
25 70
25 45
250 221
250 112
250 222
250 9
250 117
250 143
250 223
418 51
419 72
84 224
84 225
420 82
201 226
201 227
85 228
85 229
145 230
177 231
177 6
421 168
78 211
78 232
78 233
78 234
78 171
422 184
266 235
31 117
31 54
31 70
31 236
176 237
118 20
231 238
231 177
423 239
424 190
424 191
338 211
338 240
425 193
252 100
4 241
426 242
427 138
276 54
276 3
66 3
327 36
273 31
247 243
428 244
158 185
123 33
429 245
309 76
309 246
309 125
430 40
342 79
243 247
187 12
431 248
9 24
9 249
9 8
9 45
9 250
9 14
127 179
127 100
432 251
432 252
71 3
348 168
125 253
125 106
267 48
170 254
170 255
170 256
170 76
138 257
228 64
228 167
433 258
331 259
119 16
119 114
119 198
119 17
119 18
434 0
434 260
434 261
333 262
333 173
29 263
29 264
29 45
435 5
435 265
48 266
48 267
48 268
48 3
436 31
437 70
437 269
244 22
244 270
349 208
438 271
194 1
194 272
439 21
139 40
440 273
197 248
197 274
197 29
112 275
441 184
347 60
54 31
54 186
54 3
54 70
54 276
54 277
54 278
54 26
442 1
337 211
337 148
443 3
59 3
59 141
305 105
11 279
11 51
328 125
328 280
444 143
444 64
322 281
113 282
113 22
113 283
208 83
222 26
110 215
110 284
110 100
445 285
445 286
445 125
285 286
28 45
203 37
203 233
446 186
166 259
74 3
293 72
47 287
47 95
47 14
47 3
355 84
355 100
174 155
302 18
146 288
57 14
57 191
57 83
57 167
106 289
122 14
269 26
269 290
269 220
447 70
447 65
447 291
290 292
290 293
290 145
290 294
290 295
200 296
200 297
336 298
336 299
336 300
448 228
254 170
449 225
450 32
18 235
18 301
18 302
18 100
18 32
18 143
18 14
18 111
329 303
329 304
451 268
451 305
182 232
182 70
182 78
182 306
154 38
32 279
32 3
32 167
173 259
173 45
173 3
452 307
43 43
43 308
56 3
188 37
214 70
214 255
214 309
214 310
204 0
204 99
204 311
204 312
453 301
454 137
454 106
134 313
134 263
134 189
134 314
134 120
455 125
19 315
132 8
287 47
69 100
69 3
456 186
23 70
168 103
457 128
67 316
458 100
459 186
459 141
460 317
191 201
191 26
191 155
191 318
61 128
319 319
365 70
365 106
357 320
461 321
121 322
121 323
121 187
121 198
121 324
121 12
462 325
258 72
258 18
0 326
0 223
463 327
464 328
304 329
65 3
223 0
105 330
105 305
95 70
95 47
259 331
259 70
259 173
259 332
259 166
259 83
259 48
259 89
465 273
117 20
117 31
117 290
117 333
117 250
466 334
466 67
96 335
96 76
257 64
257 138
224 84
299 336
211 337
211 203
211 83
211 338
467 339
467 3
6 51
468 6
297 296
142 340
142 30
21 245
21 312
184 309
469 27
79 341
79 180
79 342
97 343
340 9
103 344
103 143
103 330
103 345
215 346
215 110
470 21
60 347
471 348
471 169
240 338
472 349
473 100
474 172
199 350
475 45
303 329
50 50
50 3
476 47
91 64
477 1
477 42
364 3
351 168
351 351
478 3
100 352
100 294
100 206
100 353
100 354
100 195
100 3
100 355
100 356
100 110
100 127
100 37
100 179
100 27
479 357
13 51
13 268
5 226
46 358
46 359
46 100
46 34
46 290
46 360
480 27
62 3
42 228
42 203
42 99
42 361
42 189
42 140
42 362
210 83
356 100
481 299
482 363
483 364
484 143
70 31
70 23
70 232
70 33
70 51
70 95
70 259
70 3
70 25
70 365
70 100
70 18
70 306
70 14
70 290
70 269
70 182
70 164
485 113
