369 0
91 1
57 2
370 3
371 4
358 5
358 6
358 0
358 7
263 8
263 9
372 10
372 11
200 12
34 4
34 13
34 14
34 15
34 16
34 17
103 18
36 19
197 20
197 21
197 22
197 23
197 24
197 25
197 26
197 27
342 28
342 29
342 30
342 31
169 32
373 33
14 34
62 35
234 36
227 0
227 37
227 38
87 39
87 40
87 41
81 42
81 17
281 43
281 44
374 45
225 46
225 47
339 48
35 49
35 4
35 50
35 51
35 52
35 53
35 54
35 55
35 45
35 56
35 57
35 58
35 59
35 60
35 61
35 62
35 63
35 64
35 65
35 31
35 66
35 48
35 32
35 67
142 68
142 69
142 70
214 71
214 17
214 65
214 72
45 73
45 74
45 75
45 76
17 46
17 34
17 77
17 78
17 79
17 54
17 80
17 81
17 14
17 82
17 32
17 83
17 84
17 85
17 86
17 87
17 88
17 60
17 31
17 89
17 90
269 91
269 92
269 90
212 15
212 93
212 94
375 17
376 4
282 43
282 95
155 73
155 6
155 96
155 97
155 98
155 66
377 35
365 66
365 99
365 100
365 9
261 101
261 102
261 73
18 103
302 104
136 105
205 106
205 9
205 107
219 49
219 108
219 109
219 110
219 111
219 112
271 113
271 114
171 115
171 83
272 116
221 117
221 118
221 119
221 75
378 104
184 99
184 120
184 121
7 6
7 122
7 120
7 123
7 124
7 125
350 96
325 126
379 127
78 116
78 128
380 66
381 46
382 129
383 130
64 131
64 35
183 32
183 99
286 132
105 133
105 134
105 32
105 135
105 56
105 38
105 136
177 137
177 138
177 66
177 139
177 140
177 141
70 142
4 143
4 144
4 145
4 49
4 146
4 31
4 147
4 66
4 148
4 149
4 45
4 150
4 104
4 151
211 110
211 152
252 153
98 154
98 155
98 120
168 32
168 156
168 157
279 158
279 159
360 160
360 105
384 161
385 162
77 163
77 158
77 4
77 164
77 153
77 83
77 165
77 17
77 166
173 167
173 35
157 168
32 169
32 170
32 116
32 115
32 35
32 171
32 172
32 83
32 168
167 173
167 174
386 135
387 175
243 46
243 176
243 127
388 177
230 178
163 42
163 179
163 155
163 180
250 105
5 42
389 181
390 20
391 139
133 122
224 48
224 64
363 38
392 182
335 6
335 0
99 183
99 158
99 184
99 66
99 185
69 186
159 9
159 31
159 66
159 187
159 99
159 90
268 90
393 188
394 189
318 190
274 191
274 129
274 192
274 45
274 121
274 193
209 194
395 7
396 72
238 153
316 195
316 196
397 197
296 198
296 199
12 200
12 104
12 4
398 9
319 201
399 202
399 203
362 38
400 40
55 173
401 83
401 35
170 32
334 46
334 159
402 138
255 204
216 158
33 106
33 45
33 66
33 180
336 32
336 46
336 120
336 98
107 205
403 167
144 149
144 4
51 206
51 73
308 207
308 208
194 96
194 209
194 175
344 20
344 210
152 211
352 96
15 212
15 31
404 197
405 158
406 0
407 213
113 214
113 158
332 174
332 166
408 142
86 215
258 58
122 178
122 123
122 25
122 31
304 52
409 0
410 142
145 216
145 6
145 20
145 4
145 217
145 0
145 129
145 218
145 199
145 38
49 35
49 66
49 53
49 0
49 219
361 220
118 221
331 111
330 222
16 34
338 223
338 224
338 191
242 225
242 77
123 122
123 7
411 81
412 33
413 226
414 227
348 228
119 229
119 221
415 183
140 177
226 46
226 130
226 124
226 66
226 45
226 31
226 90
178 230
178 122
178 35
248 157
248 231
1 114
1 217
1 59
1 232
1 233
1 127
1 234
1 90
356 235
130 129
130 148
130 236
130 35
130 20
148 4
416 83
416 90
41 46
41 87
417 237
314 90
418 238
418 239
419 49
420 33
421 240
54 167
54 35
54 241
54 180
54 242
176 243
422 244
423 130
424 245
150 246
150 20
150 4
425 155
425 0
121 36
79 99
79 247
79 17
79 90
426 4
147 4
186 204
165 45
165 77
165 208
275 122
275 193
135 248
135 174
135 105
135 60
427 249
428 129
428 75
429 250
22 197
97 96
97 155
262 9
82 73
82 17
153 158
153 238
153 74
153 251
153 252
153 253
153 90
430 212
430 254
431 199
204 255
204 256
204 141
204 257
204 186
58 258
117 221
432 84
124 46
124 158
124 0
124 259
329 45
329 260
101 261
101 191
101 95
433 130
37 234
434 32
434 93
434 20
9 262
9 205
9 263
9 264
435 265
90 266
90 87
90 267
90 268
90 153
90 66
90 17
90 269
146 114
436 270
134 116
134 105
114 1
114 271
65 214
65 35
303 241
24 197
67 227
437 195
116 272
116 19
438 7
439 5
439 34
439 129
13 34
299 273
47 112
47 225
193 274
193 275
440 276
94 212
305 277
305 6
39 46
39 87
158 130
158 278
158 216
158 6
158 77
158 72
158 279
158 167
158 280
158 124
44 281
191 282
191 283
191 274
191 101
191 192
191 95
191 199
191 284
441 285
441 286
441 287
442 266
229 117
229 119
443 241
444 99
445 77
85 112
85 110
85 17
85 54
446 256
120 184
120 96
120 6
120 98
120 288
120 289
120 290
120 135
120 56
120 124
447 291
72 42
72 158
72 49
72 214
72 292
72 280
106 205
106 33
84 293
84 294
156 168
40 87
40 75
233 74
259 35
141 57
141 295
199 116
199 115
199 296
199 297
199 145
249 46
448 298
8 197
449 286
450 35
60 17
60 86
60 35
149 149
149 4
95 138
95 101
95 105
95 299
95 300
95 177
104 301
104 289
104 302
104 4
174 303
151 66
151 33
266 90
266 304
6 305
6 158
6 20
6 56
6 120
6 306
6 219
6 71
6 155
6 67
6 0
6 90
451 307
207 308
207 167
207 309
207 0
31 87
31 4
31 96
31 159
31 122
31 30
31 310
31 15
31 311
206 206
206 84
206 312
452 313
367 165
453 46
453 314
454 4
127 45
127 243
192 56
313 23
43 4
43 180
43 282
43 9
43 281
43 67
43 0
43 38
213 32
42 81
42 5
42 100
20 130
20 197
20 148
20 6
20 72
455 150
92 187
267 90
59 1
131 170
131 64
61 315
61 35
61 316
61 196
190 317
190 318
364 66
10 11
278 158
201 319
456 126
23 313
23 8
23 118
23 320
301 104
301 83
301 180
301 4
457 115
26 197
306 6
306 90
280 135
280 159
280 158
295 321
295 322
458 73
459 323
459 324
126 325
460 326
276 327
461 328
260 329
56 36
56 120
172 32
222 281
222 330
88 17
111 9
111 331
53 49
166 332
166 17
166 203
166 77
166 95
46 249
46 225
46 6
46 333
46 41
46 243
46 334
46 98
46 31
46 335
46 99
46 104
46 336
462 337
289 104
289 120
48 338
48 224
48 339
48 340
48 35
48 341
48 139
30 342
290 120
80 17
75 165
75 40
75 0
73 32
321 295
321 337
210 343
210 344
28 342
463 345
463 6
464 141
465 346
236 347
228 348
96 6
96 349
96 97
96 120
96 31
96 350
96 351
96 32
96 155
96 194
96 352
466 347
466 93
246 353
467 120
244 206
244 236
354 64
354 354
366 66
359 0
359 180
468 199
112 85
469 188
469 99
185 99
185 157
223 130
138 95
138 66
138 354
138 139
138 141
138 177
0 42
0 6
0 49
0 207
0 124
0 55
0 75
0 355
0 356
0 335
0 357
0 358
0 227
470 53
277 305
322 73
322 9
322 295
327 276
180 163
180 359
180 43
180 33
471 237
240 105
355 0
188 188
109 219
160 360
160 49
312 206
472 7
309 303
309 256
125 7
139 48
139 177
220 361
220 222
220 241
38 362
38 363
38 227
71 214
345 96
345 87
66 143
66 6
66 364
66 4
66 365
66 159
66 9
66 105
66 353
66 155
66 90
66 151
66 366
66 19
83 266
83 77
83 87
83 289
83 301
83 171
83 115
83 367
83 32
83 368
83 17
357 0
