262 0
387 1
343 2
388 3
388 4
388 5
388 6
389 7
390 8
391 9
392 10
68 11
50 12
50 13
147 14
147 15
147 5
147 16
63 17
63 18
134 19
177 20
177 21
18 22
312 23
312 24
312 25
393 26
260 27
142 28
145 29
145 30
145 31
145 32
145 33
145 34
145 35
145 36
114 11
154 37
214 38
394 39
13 40
13 41
13 13
13 42
13 43
13 44
13 45
13 46
13 47
13 48
13 49
13 50
13 51
13 52
13 53
13 21
13 32
13 54
13 55
13 56
13 57
13 58
13 59
13 60
13 61
395 62
396 63
397 64
398 65
399 66
74 67
49 68
400 69
400 70
400 67
401 13
144 71
36 72
36 73
36 74
355 67
98 75
98 76
98 77
402 78
402 62
402 58
403 79
404 80
405 81
405 82
406 13
407 83
171 84
58 85
58 13
58 86
58 87
58 88
58 75
58 89
58 90
58 42
58 91
58 17
58 92
58 93
58 94
58 95
58 55
58 96
127 46
143 71
143 97
76 98
96 43
40 99
40 32
40 100
40 101
40 102
310 103
42 104
42 105
42 58
408 106
44 13
223 107
409 108
170 35
82 109
88 110
88 41
88 58
88 111
88 11
88 112
88 113
11 114
11 40
11 88
11 115
11 66
11 116
11 68
11 117
11 118
11 119
410 120
411 24
151 9
151 121
279 122
279 123
384 124
324 125
221 126
221 127
221 128
354 129
412 130
412 131
155 132
155 80
155 133
380 68
413 134
329 135
232 136
232 137
339 138
17 86
17 6
17 139
17 32
17 92
17 140
17 141
17 142
71 143
71 144
414 145
415 43
308 13
416 146
416 147
417 148
418 149
121 150
121 151
215 10
419 152
420 153
421 154
421 13
421 131
422 60
133 155
423 156
108 157
108 9
108 13
298 158
424 159
425 160
276 161
426 9
426 86
427 88
427 162
255 129
255 80
428 163
172 34
172 164
172 13
172 165
429 41
430 166
180 36
431 70
378 23
47 72
47 167
47 22
47 129
432 168
35 37
35 169
35 20
35 170
84 171
84 172
97 51
433 173
362 174
20 175
20 35
20 176
20 13
20 177
434 55
434 160
434 88
307 122
307 39
190 178
32 46
32 179
32 13
32 180
32 124
32 83
32 176
182 63
182 181
182 182
267 160
267 183
267 184
195 185
373 153
246 186
271 59
178 187
178 108
178 188
178 189
178 190
435 63
435 191
320 92
320 192
22 80
22 18
22 47
436 193
436 194
185 195
185 88
185 196
185 186
185 197
185 198
185 15
437 199
219 95
219 200
219 201
219 145
438 147
439 202
440 203
441 25
289 204
442 205
443 67
443 206
51 13
51 97
268 186
173 207
444 206
359 208
445 64
281 200
375 209
375 210
375 106
446 211
447 212
448 25
449 213
90 214
90 37
90 58
383 60
272 25
10 215
10 153
10 9
10 194
167 86
167 47
238 95
226 216
345 72
450 217
366 88
52 13
21 23
21 20
21 218
21 219
21 152
21 177
21 220
21 176
128 221
62 100
62 174
62 165
62 222
62 223
62 224
118 225
118 71
118 11
334 67
315 90
203 226
203 227
203 228
331 77
331 118
331 160
327 229
327 40
327 230
327 231
327 34
327 232
302 6
302 91
302 233
451 34
5 234
280 132
210 95
95 45
95 235
95 236
95 58
95 237
95 238
95 239
95 210
95 240
95 241
26 69
176 242
176 20
176 243
45 95
452 129
453 244
453 88
259 245
358 208
454 246
455 53
456 247
236 95
457 226
78 165
107 174
83 247
306 43
66 248
66 249
66 188
66 250
250 66
9 251
9 252
9 253
9 171
9 254
9 10
80 208
80 16
80 255
80 60
80 67
80 132
130 256
130 257
130 213
130 91
458 226
293 213
293 17
293 13
295 6
295 152
295 233
295 60
295 159
43 258
43 140
43 13
245 259
224 62
300 86
216 122
27 260
459 261
460 88
347 229
283 209
461 262
461 181
461 263
462 57
463 32
89 58
464 37
465 147
136 264
136 265
336 13
466 266
303 67
303 137
183 267
234 5
149 268
149 269
149 46
149 270
149 271
149 186
149 272
379 273
467 43
231 122
231 274
231 137
59 158
59 13
59 53
292 275
468 18
469 106
470 88
471 4
471 175
218 23
161 276
161 277
161 13
161 182
161 178
161 186
161 124
129 120
141 17
348 157
348 145
8 13
472 221
4 175
344 278
123 279
132 280
132 80
132 281
31 145
473 208
474 53
163 199
126 282
126 175
475 283
475 284
475 285
475 191
476 286
275 153
275 137
275 287
275 288
275 289
275 290
275 291
275 292
282 293
282 241
282 25
282 294
263 252
477 214
113 88
159 295
159 45
478 296
116 108
48 48
48 13
166 258
479 90
158 99
158 32
158 50
158 13
158 59
158 297
158 298
158 299
311 11
86 300
86 167
86 58
86 60
86 17
86 185
86 108
86 36
86 132
86 10
101 178
101 294
101 40
101 12
101 124
7 301
91 130
91 302
91 67
91 303
91 186
91 304
91 305
480 158
240 95
85 58
481 306
481 147
213 130
213 293
213 307
482 281
483 308
103 122
103 309
103 310
484 311
25 130
25 160
25 312
25 313
25 147
25 223
75 58
75 17
75 98
485 314
485 315
486 129
487 316
124 129
124 157
124 168
124 28
124 161
15 124
15 13
15 133
376 309
376 317
488 60
363 188
363 137
363 13
265 149
92 318
92 58
92 319
92 320
198 196
100 62
122 307
122 103
56 186
56 9
56 321
56 13
361 64
125 220
125 322
125 323
125 324
125 325
125 326
249 187
249 188
249 66
160 327
160 328
160 25
160 59
160 267
160 329
160 60
160 330
160 136
160 331
175 4
175 234
175 332
175 333
333 175
73 36
73 32
73 141
266 217
77 331
77 334
77 76
77 98
342 335
342 202
489 204
490 191
491 336
46 127
46 337
39 307
492 60
492 159
493 338
138 37
138 339
251 340
494 37
169 35
495 341
496 64
233 295
233 302
274 327
497 13
498 342
2 343
499 344
500 63
357 208
501 200
188 66
179 132
72 129
72 345
72 36
229 346
229 166
229 347
157 348
502 184
503 64
189 178
504 72
258 43
505 86
14 147
53 226
53 349
87 58
87 350
16 80
16 219
506 256
34 172
34 13
34 351
34 331
34 352
34 145
507 353
55 140
55 354
55 296
55 58
67 46
67 334
67 355
67 98
67 74
67 303
208 356
208 357
208 243
208 358
208 359
202 68
202 13
202 360
508 25
321 56
509 130
33 145
256 93
510 361
264 136
264 85
105 153
105 195
105 13
174 107
174 362
174 62
200 219
247 363
247 181
247 83
511 67
511 231
242 176
242 132
372 74
512 163
12 50
168 72
168 93
513 88
382 60
330 160
514 364
37 35
37 137
37 90
206 365
206 366
206 367
206 368
206 369
239 95
211 370
152 371
515 39
137 37
137 372
137 275
137 13
137 17
137 303
153 373
153 10
41 167
41 103
41 374
41 47
41 8
164 375
164 172
222 62
516 68
517 376
64 105
64 361
64 139
64 267
64 313
64 108
518 35
519 129
520 13
207 173
192 377
192 320
192 13
23 312
23 378
273 379
521 208
29 145
29 359
139 3
139 380
139 17
139 176
139 132
230 231
230 339
522 72
54 13
278 344
278 294
204 289
119 11
523 327
523 15
104 90
356 208
524 152
186 56
186 23
186 148
186 147
186 161
186 13
186 80
186 381
186 63
186 268
60 3
60 295
60 382
60 13
60 383
60 384
60 256
60 160
525 385
525 386
525 64
525 13
526 126
