185 0
3 1
1 2
1 3
1 4
235 5
62 6
62 7
62 2
62 8
62 9
62 10
62 11
62 12
62 13
372 14
373 15
374 16
375 17
250 18
376 19
377 20
318 21
378 22
378 23
379 24
144 25
121 26
121 27
121 24
380 19
381 28
124 29
348 30
126 25
382 31
357 32
19 33
19 34
19 35
19 19
19 36
19 37
19 38
19 39
19 40
19 41
19 42
19 43
19 17
19 44
19 45
19 46
19 47
19 48
19 49
19 50
19 51
19 52
19 53
19 54
19 55
19 16
105 56
105 57
105 58
255 59
216 60
383 61
10 62
384 33
384 63
100 64
100 65
100 19
100 66
100 67
100 68
100 69
330 70
330 71
46 71
46 72
46 73
46 74
46 75
46 76
46 77
46 78
46 79
48 19
101 80
101 5
101 81
101 19
122 82
385 83
386 17
386 84
386 85
386 42
386 24
218 76
78 86
78 87
78 88
78 61
78 89
78 90
78 91
78 92
78 93
78 94
78 95
78 46
78 96
78 69
78 97
237 98
84 19
109 99
94 100
94 101
114 102
354 103
354 104
297 105
297 26
342 30
119 44
119 19
206 93
387 95
388 47
347 93
347 106
241 107
389 108
389 109
67 100
390 7
66 110
66 100
312 69
312 30
312 111
236 112
261 93
261 113
317 114
332 115
332 116
24 64
24 117
24 75
24 118
24 119
24 120
24 121
24 32
24 29
24 57
82 122
179 123
179 111
358 41
391 124
392 108
393 54
369 125
369 55
394 20
311 126
395 55
209 127
209 128
209 129
396 130
396 33
397 105
398 100
307 131
43 19
340 49
340 132
399 133
399 134
399 135
399 136
399 62
399 137
399 138
399 139
399 140
157 141
400 142
284 143
151 144
401 145
91 78
402 74
403 44
404 146
183 15
282 147
282 148
405 149
292 31
9 62
9 7
202 28
202 150
239 151
239 19
239 152
406 153
407 104
408 154
29 124
29 155
29 24
409 156
195 157
195 95
410 158
411 22
22 159
22 61
22 55
145 31
412 94
246 160
246 30
364 161
413 162
414 32
414 109
117 24
335 163
335 164
232 108
232 165
13 33
13 51
13 62
13 76
13 93
13 166
295 32
301 167
415 119
217 168
217 169
217 107
217 170
217 171
217 163
217 172
217 173
416 76
417 105
368 169
219 142
219 174
219 175
219 176
219 177
6 62
103 104
8 178
123 107
123 15
123 179
418 180
419 181
420 31
15 182
15 183
15 180
15 169
15 184
15 123
0 185
0 186
0 30
201 187
201 150
201 167
201 188
204 189
204 20
204 150
204 190
204 167
204 191
362 61
421 192
291 93
130 129
422 193
102 114
320 194
68 100
95 20
95 195
95 196
95 62
95 165
95 197
95 30
95 198
95 169
95 78
95 68
95 95
253 16
253 199
423 124
270 149
270 200
278 5
150 201
150 202
150 203
150 204
424 131
337 163
337 205
425 206
426 207
98 59
98 78
427 151
428 208
325 193
129 209
429 5
429 102
429 104
429 93
429 148
429 210
430 200
189 80
189 211
353 152
88 78
88 200
248 159
248 190
431 212
34 42
34 19
432 213
141 102
141 66
31 214
31 145
341 30
433 147
72 46
60 215
60 216
51 19
51 13
244 5
244 217
244 162
434 29
434 218
16 19
175 219
64 220
64 2
64 221
64 222
64 223
308 71
308 19
308 224
435 182
435 225
436 19
258 226
214 32
214 31
214 116
437 227
437 177
111 228
111 123
111 33
113 229
438 230
439 231
165 24
165 232
165 233
440 51
440 234
294 93
441 235
329 71
442 19
443 24
112 236
45 19
444 75
154 124
154 237
154 55
154 109
361 238
173 217
316 239
316 48
316 152
445 5
445 151
249 240
197 147
58 105
107 241
107 242
107 165
107 243
107 19
107 244
107 217
446 124
210 153
89 78
118 245
118 24
198 95
198 71
160 246
447 247
448 93
190 248
190 204
352 152
449 249
18 250
18 231
251 59
251 251
326 11
326 252
245 5
245 253
245 153
245 254
59 255
59 256
59 251
59 257
276 0
260 258
259 259
259 260
65 163
65 100
450 261
450 262
451 208
266 263
452 264
452 1
74 62
74 46
74 55
74 265
74 152
263 266
263 30
37 267
37 268
37 19
322 269
200 98
200 270
200 88
200 164
137 243
137 204
453 151
453 271
153 272
153 19
191 273
191 274
454 42
140 275
140 276
140 136
28 211
28 77
28 245
28 71
455 124
455 108
5 277
5 278
5 72
5 235
5 71
5 169
5 272
5 46
5 211
5 101
456 279
456 11
457 280
171 217
177 219
80 272
458 281
148 282
27 121
310 151
349 283
349 19
459 153
2 49
2 62
460 206
54 19
143 284
192 285
192 41
192 22
192 91
192 19
461 213
461 107
221 205
221 5
221 134
221 286
221 287
221 54
221 55
221 194
93 28
93 288
93 87
93 88
93 289
93 51
93 290
93 19
93 291
93 261
93 167
93 292
93 272
93 293
93 294
93 162
93 78
32 24
32 295
32 296
462 71
462 19
314 297
314 180
314 107
314 279
314 298
314 280
314 299
167 64
167 300
167 301
167 62
167 19
167 201
167 93
167 16
167 101
167 204
166 53
166 47
166 78
166 302
162 64
162 303
162 264
463 304
463 180
463 281
464 224
465 207
174 132
174 277
174 219
75 139
75 53
75 46
75 24
211 28
466 305
339 277
467 66
468 244
469 306
108 237
108 307
108 164
224 41
224 7
224 308
224 309
224 194
224 207
224 310
77 28
77 46
77 166
77 15
77 129
283 311
470 24
470 312
281 20
264 64
264 162
338 231
338 147
338 7
131 91
131 313
471 245
300 167
135 19
275 140
79 46
79 22
472 241
42 19
180 7
180 314
327 11
473 315
473 316
257 59
474 19
299 107
299 7
299 317
475 162
476 224
346 30
21 318
25 319
194 64
194 282
194 151
194 320
194 224
194 27
477 64
287 34
287 41
287 321
323 20
478 180
479 322
20 20
20 124
20 323
20 281
20 324
20 55
20 180
20 325
53 166
480 7
367 169
268 37
69 209
69 100
481 22
265 49
44 19
482 34
482 19
47 159
47 326
47 19
11 327
11 19
11 328
483 309
92 78
71 329
71 308
71 46
71 330
71 198
484 22
484 331
485 196
184 49
184 15
486 295
487 332
488 333
488 334
33 16
33 13
56 28
56 105
57 24
163 49
163 65
163 88
163 287
163 335
163 336
163 337
163 217
288 93
133 164
133 136
286 221
489 159
490 62
159 331
159 22
159 47
159 19
159 248
147 338
147 282
147 332
491 309
277 174
277 5
277 62
277 19
277 159
277 339
7 209
7 180
7 299
7 62
7 24
492 259
132 323
132 174
132 340
73 46
30 341
30 151
30 342
30 343
30 344
30 345
30 263
30 346
30 68
30 95
30 347
30 312
30 162
30 348
164 145
164 253
164 214
164 241
110 64
110 66
70 349
371 105
371 125
76 46
76 218
493 350
293 93
494 17
494 247
222 17
222 154
222 302
222 204
495 351
355 104
496 23
152 352
152 353
152 152
227 245
227 219
497 49
104 354
104 131
104 355
104 356
104 224
498 24
176 104
176 219
304 206
304 309
499 172
500 30
41 287
41 357
41 224
41 358
41 359
41 360
41 361
41 106
41 192
61 362
61 22
61 162
272 93
213 363
231 18
319 364
319 57
319 365
501 16
502 24
503 19
504 220
505 366
506 27
178 8
169 15
169 53
169 367
169 272
169 368
169 217
55 369
55 370
55 269
55 371
55 19
507 262
