573 0
352 1
239 2
298 3
298 4
298 5
298 6
298 7
298 8
574 9
574 10
442 11
442 12
575 13
575 14
576 15
127 16
127 17
127 18
229 19
229 20
229 21
229 22
229 23
229 24
229 25
42 3
42 26
42 27
577 28
126 29
578 30
361 31
190 32
190 33
262 34
262 35
262 36
579 37
300 38
313 39
313 40
254 41
254 42
254 43
254 44
115 45
115 46
337 47
337 48
337 49
580 50
132 51
132 52
132 53
581 54
582 55
496 56
496 57
445 58
583 59
583 60
155 61
584 62
433 63
433 64
433 65
191 32
191 0
191 66
191 67
167 68
167 31
493 69
324 70
585 71
255 72
255 73
255 74
255 75
255 76
240 77
240 78
586 79
415 66
415 80
93 81
587 82
407 83
237 84
588 85
145 75
589 75
590 86
351 87
557 88
557 89
557 90
557 91
591 92
81 93
592 94
592 95
592 96
593 97
532 98
470 99
161 100
124 29
124 101
124 57
393 102
393 103
393 104
393 105
96 106
152 107
408 108
410 109
112 0
112 110
112 111
112 112
112 113
45 45
45 114
45 115
45 116
45 117
20 118
20 119
432 120
594 121
29 122
29 64
29 123
29 124
29 125
29 126
595 86
104 50
18 127
18 128
302 129
369 130
27 3
27 42
27 131
27 55
53 132
53 133
164 134
164 135
596 45
323 25
571 113
467 136
271 137
271 37
271 138
409 139
597 60
289 140
289 141
289 142
289 143
75 66
75 144
75 145
75 146
75 147
75 148
75 149
75 150
75 151
75 152
75 153
598 16
514 154
533 22
61 155
61 156
61 142
343 157
343 158
343 159
599 160
100 154
100 161
100 70
100 162
366 98
366 50
600 163
134 164
534 165
601 114
24 166
68 167
68 113
451 168
602 169
197 52
464 170
293 171
293 137
293 172
88 173
603 75
384 174
384 175
384 176
384 137
384 139
384 177
384 178
384 179
384 180
384 108
604 181
544 69
605 182
301 52
301 183
184 184
478 20
478 185
478 186
478 187
606 182
607 50
249 188
32 189
32 190
32 182
32 191
32 165
215 192
215 193
215 11
215 194
318 195
318 196
318 113
318 197
318 198
318 199
318 102
318 200
318 201
318 202
318 23
318 188
318 203
608 204
341 45
341 10
341 129
341 179
341 205
341 206
609 207
609 208
60 209
60 172
60 210
60 14
60 154
60 38
60 23
60 211
60 142
60 212
274 213
308 214
192 215
192 216
461 217
461 33
610 116
509 5
120 168
120 38
305 218
305 219
305 220
305 221
305 120
305 222
305 223
305 108
611 188
611 224
135 225
135 20
135 226
135 38
135 227
612 228
367 229
367 230
367 23
613 231
292 137
123 232
123 233
277 210
90 234
90 235
90 191
84 236
84 237
84 41
2 238
2 239
2 188
77 240
77 123
77 241
520 137
520 242
490 243
614 150
614 244
175 201
175 245
86 246
86 247
332 70
256 222
256 248
256 249
615 29
615 54
615 250
615 166
252 251
252 250
251 252
110 7
110 44
110 253
616 45
44 110
44 254
44 6
423 182
423 108
423 165
76 248
76 34
76 255
248 256
248 257
418 258
504 259
504 111
481 260
492 79
617 261
618 262
572 263
619 73
620 228
620 264
398 265
398 266
621 75
426 57
105 267
173 268
173 91
622 269
558 270
623 233
51 132
51 271
51 272
51 201
624 273
624 274
269 158
269 275
269 57
269 276
71 277
71 278
625 1
625 279
625 64
439 280
626 281
285 282
282 283
282 284
282 285
429 21
627 286
211 287
296 288
340 179
370 41
73 253
73 289
73 255
628 251
628 290
629 291
137 172
137 220
137 271
137 292
137 293
137 164
137 76
137 213
137 294
137 250
288 295
288 296
142 26
142 289
142 10
630 297
225 135
4 298
476 299
476 300
476 176
476 301
476 10
631 50
632 139
403 137
403 142
403 10
402 302
377 303
377 66
377 304
377 55
220 305
220 137
220 306
633 307
162 251
214 308
484 309
6 298
6 44
63 310
540 311
540 50
535 194
463 312
463 170
39 313
395 103
634 192
635 229
636 267
637 314
637 315
376 316
638 92
74 317
74 297
196 48
196 169
196 318
639 319
347 62
347 320
525 321
525 28
525 322
525 191
25 25
25 323
70 324
70 100
70 325
70 326
70 327
70 328
70 289
70 329
70 330
70 331
70 332
70 333
70 334
34 0
34 250
34 64
34 76
34 262
640 335
641 126
38 120
38 336
38 33
642 277
49 337
150 75
150 338
457 336
643 195
643 165
199 321
199 318
199 339
179 340
179 341
158 342
158 343
158 344
3 45
3 26
3 345
3 42
3 10
644 2
26 3
26 346
62 295
62 230
62 347
177 115
177 10
645 3
646 348
181 349
456 336
87 350
87 113
87 351
36 192
36 309
36 352
36 262
36 113
495 64
647 353
647 188
647 271
648 191
37 354
37 113
473 273
473 19
473 355
649 356
649 357
454 358
454 336
650 250
651 359
651 295
198 318
31 360
31 361
31 172
31 362
31 363
31 364
31 335
31 365
17 127
17 17
652 366
405 367
405 368
405 91
405 230
405 329
405 108
128 18
130 369
130 64
653 370
653 243
653 371
119 23
654 306
655 10
437 92
156 372
156 61
275 269
72 255
412 373
195 318
55 374
55 375
55 376
55 310
55 41
55 377
55 378
55 108
510 162
510 188
510 107
510 379
510 246
510 305
510 223
40 313
40 160
40 380
40 144
246 381
246 52
246 374
246 298
246 382
246 86
246 50
246 246
246 230
246 383
246 384
246 257
246 378
246 16
246 258
246 385
246 223
246 301
414 386
414 253
414 387
414 276
434 388
434 389
434 64
434 25
394 103
394 188
385 139
228 390
228 280
656 201
133 53
102 41
102 391
102 139
102 392
103 393
103 105
103 394
103 395
103 396
143 289
657 397
417 23
417 41
417 258
106 250
106 96
658 114
659 75
265 398
660 265
661 137
116 114
116 4
116 255
116 45
116 169
116 399
472 400
472 401
472 273
472 402
472 355
472 111
662 64
10 3
10 341
10 142
10 403
10 376
10 108
663 341
108 188
108 327
108 404
108 64
108 165
108 281
108 405
108 384
108 297
108 29
108 23
108 406
108 305
108 407
108 408
139 381
139 312
139 409
139 383
139 384
139 385
664 108
664 190
78 321
78 240
78 384
109 410
665 50
392 102
392 411
666 218
373 412
390 228
667 90
494 125
494 413
66 229
66 414
66 191
66 75
66 415
668 416
669 74
258 246
258 417
258 418
258 419
203 318
670 22
671 64
671 420
672 421
673 364
673 96
550 422
1 25
1 33
182 286
182 423
674 424
374 425
374 200
374 382
374 61
57 56
57 313
57 124
57 426
57 229
57 427
552 428
552 54
552 429
675 163
64 388
64 303
64 154
64 430
64 6
64 245
64 431
64 432
64 433
64 434
64 229
64 226
474 435
519 436
92 437
92 188
278 229
280 438
280 228
280 439
516 440
517 283
517 441
517 38
517 440
212 60
11 442
11 193
11 64
11 443
148 444
148 75
147 75
58 445
58 125
503 312
503 446
503 447
503 250
503 177
503 448
676 41
219 305
13 449
213 137
65 433
97 450
168 444
168 364
168 120
168 451
168 50
314 452
314 180
314 2
677 21
677 106
339 367
678 22
50 168
50 246
50 366
50 229
50 52
50 453
453 50
679 271
679 188
536 194
680 160
508 69
508 180
508 451
508 5
336 454
336 14
336 455
336 456
336 38
336 457
336 458
336 459
7 298
466 136
16 281
236 109
358 454
380 64
380 40
547 422
33 38
33 460
33 461
345 462
345 206
0 112
681 154
170 463
170 464
682 465
136 466
136 467
136 25
136 468
232 123
232 50
99 469
99 470
99 306
683 471
401 472
401 473
333 70
222 69
8 298
226 64
226 135
350 3
350 87
350 64
435 474
216 192
216 408
268 173
268 475
561 23
684 192
176 476
176 477
176 384
176 108
176 188
685 478
480 479
480 46
480 336
555 315
46 115
46 154
46 480
260 481
364 230
364 168
364 329
41 417
41 303
41 154
41 102
41 89
41 79
41 240
41 84
41 399
41 482
149 75
497 402
346 26
686 483
486 303
687 115
91 405
91 484
91 173
91 485
688 230
689 284
257 248
183 155
183 301
304 377
399 470
469 99
303 428
303 41
303 64
303 429
303 486
690 119
189 487
230 62
230 364
230 488
488 41
488 230
488 488
691 489
691 108
243 490
692 14
209 60
312 449
312 479
312 491
312 188
387 414
462 345
79 492
79 79
79 41
309 106
309 484
309 36
309 309
69 41
69 222
69 493
69 228
693 364
693 76
413 494
413 124
413 85
694 495
381 385
512 405
512 479
512 154
56 496
526 497
526 498
144 75
695 374
695 499
221 305
221 500
178 378
511 154
455 336
172 41
172 137
172 293
696 154
419 258
697 38
698 201
299 501
699 502
448 503
425 374
548 422
118 20
111 112
111 504
359 17
125 494
125 505
125 506
125 297
125 58
125 135
125 507
5 508
5 509
5 222
188 2
188 163
188 298
188 510
188 249
188 230
188 267
188 92
188 224
188 223
188 108
154 442
154 511
154 512
154 13
154 341
154 98
154 64
154 41
154 513
154 10
154 514
154 125
154 479
154 515
700 96
701 26
440 23
440 516
440 517
202 318
193 215
193 11
193 276
702 372
703 336
704 518
705 273
436 519
706 520
297 321
297 125
297 521
707 522
94 523
284 282
131 27
529 480
529 524
708 409
322 525
322 378
306 99
306 220
306 108
306 165
498 526
458 336
317 307
709 527
223 246
223 305
223 510
515 279
515 528
321 184
321 477
321 529
321 188
321 78
321 525
321 323
321 297
321 129
321 160
114 45
114 41
114 530
98 366
98 531
98 399
98 336
98 532
545 317
545 180
545 533
295 62
165 286
165 108
165 534
165 423
165 306
283 282
431 64
194 535
194 536
200 318
200 374
200 537
427 57
710 383
711 538
712 453
713 539
307 255
714 52
715 130
521 297
267 105
267 312
267 188
171 246
716 540
716 50
717 365
718 541
564 11
564 188
719 101
355 472
355 542
14 287
14 106
14 60
14 336
720 232
287 543
287 14
287 211
201 175
201 544
201 318
383 139
22 229
721 50
180 545
180 48
180 307
722 348
422 546
422 547
422 548
422 549
422 550
422 551
422 119
723 336
724 250
724 76
54 273
54 402
54 552
725 334
28 525
253 414
253 110
475 268
479 512
479 312
479 154
726 60
233 123
372 21
372 156
372 553
727 218
449 1
449 13
386 414
315 554
315 555
315 556
315 464
728 448
122 29
729 557
270 558
371 23
444 559
491 357
316 560
320 347
23 561
23 318
23 437
23 251
23 229
569 250
730 562
731 435
731 563
335 31
21 229
21 431
21 429
21 372
21 564
732 565
732 566
732 504
459 336
556 315
452 470
733 19
734 208
735 312
736 567
736 568
329 230
250 365
250 106
250 569
541 307
541 180
530 114
19 473
546 422
737 388
450 97
113 446
113 570
113 112
113 36
113 571
113 318
113 68
113 135
368 405
738 321
507 125
263 572
