600 0
600 1
600 2
600 3
284 4
284 5
284 6
700 7
244 8
370 9
370 10
370 11
169 12
169 13
169 10
169 14
169 15
169 16
312 17
312 18
312 19
146 20
701 21
702 22
702 23
703 24
211 24
211 25
211 26
704 27
557 28
557 29
705 30
705 31
251 32
706 33
707 34
121 35
121 36
121 37
121 38
121 39
121 40
121 41
121 42
434 43
434 44
434 45
434 46
410 47
575 48
376 49
78 50
708 51
205 52
205 44
205 53
709 54
709 55
390 56
390 57
390 58
390 59
390 60
390 61
379 62
5 63
5 16
5 3
5 64
5 65
24 66
24 67
24 68
24 69
24 70
710 71
711 72
712 73
713 74
50 75
50 76
50 77
50 78
50 79
50 80
81 81
81 82
81 83
714 84
33 85
33 86
33 87
715 88
684 89
239 90
239 91
239 92
239 93
3 43
3 33
3 94
250 95
250 96
250 97
250 98
250 99
250 33
250 100
250 101
250 102
250 103
250 104
250 105
196 106
716 107
44 108
44 43
44 109
44 27
44 110
44 111
717 112
534 113
718 96
719 114
720 115
224 116
659 117
721 118
721 119
533 120
37 121
37 122
37 123
37 124
37 125
37 15
37 61
37 126
374 127
374 128
21 129
21 130
21 131
21 132
21 133
405 134
405 61
405 135
405 136
384 137
470 138
454 139
20 24
20 140
20 141
20 142
20 143
20 144
20 145
20 146
20 138
20 147
20 121
20 148
20 149
20 150
20 151
20 152
20 15
20 61
20 153
20 154
20 155
722 139
212 156
212 157
162 98
162 158
439 159
439 10
439 139
723 160
723 139
280 161
158 162
568 84
71 43
71 163
71 81
71 47
71 164
71 165
128 166
128 167
128 87
559 24
559 168
532 169
347 44
347 170
347 171
347 43
347 172
347 173
347 174
347 33
347 89
347 175
347 27
347 67
347 176
262 177
551 178
551 179
724 180
725 181
191 182
191 183
487 97
726 178
531 156
281 121
472 97
166 184
166 128
166 185
129 77
129 102
727 20
484 97
484 186
484 187
484 188
318 45
318 189
318 80
728 190
728 15
182 191
144 20
729 192
729 193
106 194
106 195
106 196
106 2
106 147
730 197
730 198
730 199
544 200
731 201
732 202
733 203
734 204
53 205
206 206
35 207
35 57
75 50
75 201
458 208
458 209
458 210
25 211
25 212
25 213
302 56
302 214
302 110
302 215
302 216
735 217
735 91
676 218
86 68
86 83
86 33
86 2
190 219
190 220
190 15
190 221
245 15
245 142
357 97
357 96
253 222
736 223
639 224
639 225
554 226
500 27
737 227
737 148
737 228
638 229
508 230
372 231
474 102
474 232
147 233
147 234
147 20
147 43
147 178
147 235
23 236
77 129
77 237
77 50
77 238
77 186
90 239
90 240
90 241
15 242
15 243
15 190
15 244
15 245
15 169
15 246
15 247
15 37
15 5
15 133
15 38
15 21
15 47
15 54
15 61
15 248
249 4
249 232
249 249
249 241
469 138
32 250
32 251
738 252
194 36
194 253
610 254
739 255
406 256
425 27
55 257
258 258
258 259
740 175
741 260
574 261
574 262
574 263
574 264
574 265
742 266
742 267
301 268
346 269
346 270
346 121
346 271
346 272
346 273
346 274
346 275
87 276
87 277
519 257
519 184
623 278
743 279
744 137
161 113
161 280
174 281
174 77
174 123
174 60
174 282
174 61
174 283
263 36
6 284
304 10
304 285
304 229
304 155
617 286
276 87
428 27
428 287
745 288
232 102
232 289
232 249
746 290
747 291
550 292
550 147
550 293
0 294
0 180
0 77
0 295
0 296
604 208
507 159
581 297
340 204
748 253
255 298
392 43
749 299
145 20
145 300
145 43
145 301
145 27
145 102
145 145
397 43
397 235
369 302
369 303
492 304
492 305
750 306
314 42
751 307
752 212
601 308
583 256
368 309
368 96
368 286
368 201
368 175
368 310
368 129
368 311
79 283
597 235
18 312
18 313
42 314
753 315
80 316
80 317
80 318
80 43
80 319
80 320
80 106
80 321
80 50
80 236
80 89
80 125
80 322
80 67
80 232
140 184
140 20
140 323
754 60
180 186
180 324
180 97
180 1
180 139
180 62
180 325
180 326
595 327
755 15
142 328
142 245
142 20
142 0
142 329
142 330
183 191
756 331
757 332
64 5
64 333
64 21
181 334
181 335
758 211
364 4
398 134
398 43
398 336
401 337
401 43
401 185
401 338
759 216
485 97
493 201
204 339
204 340
204 172
431 222
431 341
404 134
404 342
404 45
515 63
515 72
104 250
104 136
535 343
535 96
760 79
761 30
761 344
762 345
491 64
272 346
328 235
328 142
173 347
173 348
38 61
38 43
111 1
111 349
111 350
111 134
111 351
111 352
111 353
111 89
198 184
763 127
306 62
306 33
415 282
415 354
36 348
411 113
411 355
411 356
411 241
764 357
765 105
765 348
766 20
767 358
424 27
100 250
448 186
448 20
448 97
448 21
448 359
448 360
768 137
768 270
768 361
175 317
175 25
175 149
175 166
175 61
175 362
175 363
295 364
769 266
589 365
589 366
589 367
309 368
133 302
133 369
133 15
133 2
133 128
319 236
319 43
319 370
321 178
321 371
770 372
770 102
770 128
771 159
73 373
422 374
49 375
49 376
772 377
773 129
69 24
69 228
69 33
69 142
69 378
216 208
216 353
216 305
216 204
774 379
631 56
631 235
99 380
99 1
303 369
775 381
317 382
317 267
317 383
137 190
137 384
137 356
137 385
776 284
776 292
19 386
19 240
72 222
43 319
43 387
43 44
43 329
43 388
43 389
43 71
43 89
43 390
43 347
43 240
43 235
43 391
43 147
43 392
43 393
43 394
43 349
43 395
43 396
43 397
43 398
43 111
43 242
43 3
43 399
43 400
43 401
43 38
43 80
43 145
43 402
777 81
509 230
134 365
134 197
134 403
134 373
134 271
134 106
134 404
134 405
134 111
778 406
396 43
613 407
489 97
489 391
489 408
489 240
489 213
622 10
311 409
779 295
780 300
781 410
782 10
221 190
221 399
355 411
355 412
349 318
349 43
349 68
349 111
349 230
451 413
296 97
296 414
783 125
354 282
354 415
784 4
785 416
786 187
541 417
561 9
561 82
561 33
615 418
787 419
529 420
788 340
326 180
326 186
170 319
170 421
170 89
457 156
457 422
457 15
457 128
457 229
789 302
789 247
789 128
58 390
573 171
435 44
185 401
322 27
322 235
322 80
790 57
27 44
27 423
27 201
27 104
27 424
27 425
27 230
27 160
27 102
27 236
27 426
27 89
27 427
27 347
27 145
27 428
611 429
114 291
222 364
222 430
222 96
222 72
222 253
222 188
222 431
222 432
222 63
222 283
525 288
525 2
525 248
791 43
792 433
395 434
395 43
395 20
395 435
395 387
540 417
540 436
793 373
673 437
110 44
794 438
165 61
795 439
242 43
796 241
289 393
289 440
289 441
289 232
797 442
199 443
798 47
300 432
300 145
300 241
799 131
669 444
669 398
669 445
290 67
359 446
359 447
359 83
359 448
359 449
359 450
800 451
627 241
801 452
241 317
241 151
241 411
241 271
241 4
241 138
241 431
241 453
241 249
241 139
241 63
241 454
241 455
802 199
646 456
148 330
148 457
148 458
148 229
803 459
570 82
570 460
570 461
449 359
157 317
157 137
157 462
157 70
157 120
157 41
126 463
365 222
365 455
365 453
365 45
365 175
365 464
269 346
122 37
122 3
271 24
271 257
271 465
271 197
271 241
271 466
271 138
271 230
271 134
271 467
271 468
271 404
271 112
271 427
271 47
76 283
76 50
138 228
138 102
138 235
138 20
138 241
138 72
138 134
138 205
138 469
138 470
138 291
298 255
528 139
60 455
60 471
60 472
60 390
60 473
60 205
496 46
496 474
496 253
496 81
496 21
496 475
496 476
412 129
412 477
61 478
61 57
61 479
61 37
61 20
61 15
61 480
61 38
61 165
61 481
804 482
477 368
805 1
228 138
228 69
806 483
478 478
478 93
97 186
97 484
97 485
97 448
97 324
97 97
97 486
97 487
97 180
97 488
97 250
97 296
97 129
97 489
629 441
629 490
516 491
807 56
305 492
305 216
201 75
201 368
201 178
201 493
201 494
201 27
160 206
160 160
160 495
160 393
160 40
160 453
160 128
160 496
160 497
160 476
160 283
394 498
394 43
394 235
394 147
394 402
640 499
553 500
553 27
553 501
553 502
46 503
46 43
260 147
808 347
366 64
809 496
809 33
809 169
810 504
810 416
810 505
580 443
580 223
580 506
580 336
580 507
230 235
230 508
230 271
230 291
230 509
230 349
119 358
352 111
664 178
420 510
511 511
511 193
674 512
85 513
85 256
85 33
426 241
426 178
426 426
426 514
426 27
426 515
426 232
577 444
577 516
257 56
257 324
257 271
257 204
257 517
257 518
257 360
184 519
184 208
184 21
184 520
68 24
68 349
68 86
811 235
116 521
116 13
116 522
116 164
336 159
336 523
336 333
336 93
634 121
130 21
812 131
812 235
164 524
164 71
164 116
813 377
288 525
288 526
389 43
603 86
814 527
814 528
814 529
814 54
815 523
815 530
231 372
231 531
504 505
215 188
16 532
16 148
16 5
240 438
240 533
240 43
240 83
240 333
240 120
240 412
240 287
240 90
240 47
240 489
498 43
113 411
113 534
270 302
270 346
816 121
96 222
96 535
96 403
96 536
96 419
96 207
96 537
96 350
96 538
96 23
96 178
96 250
96 347
96 188
96 86
382 317
382 324
382 55
382 539
817 394
417 540
417 541
685 542
8 543
8 244
818 468
616 524
17 12
17 412
17 240
200 347
200 544
819 140
820 371
821 256
556 282
447 359
651 358
667 545
667 546
822 547
662 24
662 548
662 531
662 549
823 128
293 13
293 292
293 95
293 550
293 33
608 551
608 552
62 180
62 403
62 553
248 302
248 454
248 15
226 554
824 232
234 555
825 28
826 556
28 557
28 29
687 246
665 558
827 559
827 337
827 510
827 409
827 129
9 90
9 560
9 561
9 562
9 229
828 121
526 563
526 443
526 314
526 288
526 2
526 460
633 564
633 175
633 20
93 478
537 153
537 565
537 229
537 96
628 566
628 212
829 567
572 171
84 568
830 569
830 87
335 181
831 394
82 212
82 400
82 561
82 570
82 475
82 571
502 553
655 150
466 134
466 271
466 464
171 572
171 573
171 151
264 574
542 575
542 5
542 85
542 23
282 556
282 174
282 567
464 466
652 333
652 336
832 172
833 219
586 576
586 4
586 573
586 57
834 510
453 160
453 268
453 427
453 241
835 577
836 578
590 71
590 579
590 82
837 428
323 580
323 131
465 353
838 96
839 581
840 582
841 201
256 583
256 406
842 467
102 474
102 232
353 465
353 111
353 371
151 20
151 241
151 171
151 43
151 584
151 568
151 240
41 292
41 121
843 128
844 61
845 239
339 204
4 284
4 241
846 236
846 585
847 266
29 557
168 559
178 139
178 203
178 72
178 321
178 586
178 426
178 483
178 480
178 47
178 358
178 188
848 587
432 222
432 102
849 243
849 279
310 203
310 43
310 180
310 241
310 67
310 588
310 402
67 24
67 310
67 66
67 347
67 290
850 209
486 97
486 588
2 13
2 525
2 106
2 235
648 43
367 589
624 283
579 380
579 590
579 140
285 591
467 380
467 592
660 193
120 533
139 184
139 198
139 212
139 183
139 439
139 593
139 26
139 180
139 125
139 454
139 324
480 594
480 61
851 43
852 223
852 527
853 573
853 426
327 595
188 222
188 545
188 484
188 596
854 82
348 173
348 415
348 597
348 36
348 598
329 43
329 142
294 308
294 336
294 87
294 599
308 600
308 407
308 244
308 312
308 601
308 436
308 294
177 262
855 142
40 28
40 121
460 55
460 216
856 602
115 603
857 444
857 604
857 201
857 605
857 216
857 606
163 524
163 71
59 390
653 433
494 607
494 201
635 297
635 369
635 95
858 178
552 179
552 608
94 283
254 609
254 186
254 610
254 85
391 43
391 489
429 611
407 612
407 613
407 614
11 370
274 346
54 15
859 302
12 102
12 17
860 390
543 8
861 169
862 110
862 125
45 365
45 43
45 70
45 404
45 427
45 318
45 240
696 217
152 20
418 615
863 580
446 359
864 44
524 616
524 164
524 249
286 617
286 367
10 618
10 619
10 142
10 620
10 621
10 622
865 302
866 448
278 623
278 106
693 223
693 490
237 77
237 82
867 317
868 52
680 14
334 581
334 335
283 624
283 174
283 94
283 375
283 625
869 626
351 346
351 33
870 72
870 369
870 10
513 484
360 257
360 448
235 627
235 628
235 95
235 97
235 629
235 43
235 619
235 201
235 630
235 394
235 631
235 632
235 597
235 633
235 634
235 174
235 397
235 230
235 111
235 2
297 581
297 635
555 234
518 257
518 338
123 74
692 636
871 575
127 637
127 127
127 374
585 638
872 300
873 82
679 149
874 639
875 34
499 640
596 188
402 310
402 394
402 236
402 43
876 324
324 97
324 382
324 641
324 295
324 180
877 313
877 642
877 174
877 643
877 644
403 95
403 235
403 545
203 645
203 178
387 178
387 43
387 44
456 129
456 1
456 208
456 646
456 647
48 575
47 77
47 271
47 517
47 71
47 410
47 287
47 15
47 240
14 627
14 430
14 270
14 648
878 64
879 236
545 403
545 188
880 465
881 649
882 650
883 484
52 581
52 205
884 188
342 651
109 44
885 47
371 321
243 15
320 121
320 80
229 652
229 304
229 148
229 15
229 653
229 638
229 9
886 316
887 654
150 190
150 655
150 20
154 221
888 656
663 197
393 160
393 43
393 289
393 232
13 292
13 2
13 169
889 581
890 631
350 178
350 111
421 170
421 43
421 193
891 83
892 451
893 268
894 321
895 604
895 20
227 24
227 43
475 496
599 657
186 77
186 180
186 1
186 97
186 254
208 142
208 658
208 212
179 552
172 204
896 43
897 318
117 659
193 660
193 511
193 421
193 661
325 180
530 178
530 71
530 413
156 141
156 96
156 420
156 662
156 531
156 231
156 529
898 461
899 61
267 317
461 570
461 82
900 654
901 42
143 476
143 356
70 663
902 664
903 665
125 139
125 80
497 666
546 667
136 104
904 668
904 75
444 669
444 176
444 334
905 347
88 346
356 143
906 96
375 670
375 91
375 283
1 180
1 456
1 169
907 159
386 262
908 263
909 10
522 116
563 526
910 365
571 82
683 89
56 58
56 631
56 236
56 671
56 390
56 672
56 673
911 651
400 129
400 43
912 136
913 625
632 222
632 235
914 148
210 674
915 156
915 675
427 27
427 43
427 197
427 358
291 468
291 230
218 676
916 382
413 23
423 27
83 81
83 302
31 662
517 47
576 468
576 573
238 77
238 174
591 285
566 628
917 677
536 678
536 96
149 175
149 679
66 67
918 43
919 612
333 336
313 377
313 680
682 681
682 682
89 683
89 43
89 684
89 79
89 192
89 40
89 347
89 111
89 80
63 72
63 222
63 4
63 5
63 6
292 13
292 41
292 550
292 293
587 43
920 685
921 686
246 687
246 358
246 15
246 20
236 319
236 106
236 221
236 23
236 27
236 80
95 582
95 95
95 403
95 93
95 688
95 598
95 635
95 481
922 458
436 148
436 540
459 38
923 689
924 690
924 416
924 691
105 250
636 692
380 230
380 89
925 373
490 629
490 693
490 694
490 241
74 40
74 37
481 61
481 695
926 43
433 653
433 95
433 696
625 94
503 451
927 24
928 697
594 479
929 75
225 639
65 127
65 5
287 698
287 679
287 81
287 128
287 47
287 428
287 240
399 43
358 246
358 545
358 651
358 178
358 699
358 74
363 427
