715 0
577 1
575 2
500 3
716 4
459 5
459 6
459 7
459 8
480 9
480 10
480 11
480 12
717 13
717 14
293 15
293 16
293 17
379 18
379 19
379 20
400 21
50 22
614 23
614 24
614 25
93 26
93 27
567 28
57 29
57 30
396 31
396 7
396 32
396 33
703 34
703 35
703 36
718 37
635 38
43 23
382 39
719 9
23 40
23 41
23 42
23 43
23 44
23 45
23 46
23 47
23 48
23 49
23 50
23 51
720 52
426 53
426 54
426 55
426 56
30 57
30 58
30 59
328 22
328 60
328 61
125 4
125 62
559 63
352 64
352 65
302 66
302 67
302 68
302 69
302 70
302 71
674 72
636 73
721 74
76 75
76 76
376 74
134 37
134 77
134 78
722 79
723 80
724 81
725 82
725 83
725 84
606 85
606 86
424 29
424 87
424 88
424 89
424 11
424 90
145 91
145 92
145 93
145 94
145 95
145 12
145 96
145 52
145 97
726 98
41 99
41 23
292 100
727 101
233 102
233 103
266 104
270 80
270 105
685 94
244 106
476 107
390 108
390 109
390 110
728 42
728 111
83 112
83 113
83 114
729 115
729 116
604 117
730 118
730 119
731 120
414 121
447 122
447 123
732 105
733 124
4 125
4 126
37 127
37 128
37 129
37 130
37 131
37 132
37 133
37 134
37 135
37 136
37 137
37 138
734 139
47 140
47 141
47 142
399 67
399 80
52 143
52 144
52 98
52 145
52 146
52 147
52 148
52 23
52 19
52 149
52 150
52 151
52 30
52 152
735 153
143 118
143 80
143 154
736 124
227 155
227 156
227 37
227 46
227 154
227 157
437 79
437 158
437 159
657 106
196 160
737 150
420 161
689 162
96 163
96 164
96 145
96 165
26 148
26 73
375 74
375 166
275 164
142 167
142 47
156 168
156 94
156 46
156 169
156 81
156 122
442 170
442 171
442 39
10 75
10 124
176 172
176 173
176 174
176 175
616 176
136 37
267 177
267 178
267 179
267 29
267 153
272 180
552 163
552 181
552 1
553 29
553 67
553 182
627 180
627 24
680 133
680 183
428 184
428 185
666 186
666 187
285 188
285 189
329 190
329 191
329 192
329 193
329 22
221 143
221 194
738 95
207 161
207 7
207 105
739 195
160 160
160 196
333 12
515 197
740 198
740 199
313 200
313 201
483 122
407 202
407 203
56 146
56 204
741 205
741 206
520 207
742 208
743 100
59 30
187 186
187 86
44 128
44 80
44 61
44 174
44 46
44 209
44 114
44 210
44 124
44 211
568 177
568 212
133 29
133 87
133 66
133 213
133 214
133 215
744 216
745 217
46 61
46 218
46 48
46 219
46 179
46 220
46 221
46 122
46 222
46 39
46 223
46 224
46 23
46 47
46 154
46 225
46 52
46 226
46 144
46 80
46 227
46 44
46 228
46 30
46 229
46 124
46 230
46 156
46 231
46 145
46 66
46 232
46 233
46 25
46 234
46 235
141 47
141 236
141 237
141 238
141 239
116 240
746 75
747 241
175 242
175 81
175 243
175 176
175 80
748 244
749 245
750 152
249 246
249 247
624 115
624 248
624 249
45 44
216 250
455 205
598 251
598 145
751 216
752 252
753 253
704 229
127 254
754 124
755 255
755 32
350 95
458 256
458 257
458 258
458 259
260 260
260 24
260 261
756 75
484 262
484 122
484 263
104 31
104 92
104 264
104 265
104 214
104 99
104 266
104 170
153 79
153 267
153 268
153 269
153 270
757 203
525 170
180 23
180 271
180 272
758 273
324 274
51 44
51 275
662 201
659 214
632 276
632 277
632 27
759 53
140 278
140 279
140 280
140 77
140 281
140 23
140 282
140 283
760 273
188 284
188 285
214 286
214 24
214 287
214 288
214 94
214 269
214 289
214 290
214 103
214 291
214 292
214 293
214 294
214 295
214 140
214 296
214 297
623 298
761 299
415 80
330 300
330 55
237 301
237 141
66 133
66 148
66 302
762 145
0 303
763 18
764 304
17 305
17 94
17 306
17 307
17 293
17 186
17 238
17 236
655 301
655 126
765 308
243 37
243 175
206 309
206 310
107 22
107 80
494 24
494 311
617 106
617 312
617 313
617 314
450 85
450 315
450 316
450 317
482 318
482 122
22 319
22 107
22 320
22 321
22 322
22 323
22 288
22 103
22 324
22 325
22 326
22 327
22 95
22 50
22 328
22 329
679 330
12 331
12 332
12 333
12 334
12 35
12 101
250 216
766 335
767 92
582 336
403 221
403 184
403 17
403 246
403 337
672 91
288 75
288 94
288 214
288 295
223 46
103 338
103 161
103 339
103 340
103 341
103 342
103 306
103 103
103 343
103 344
103 214
103 233
103 345
103 46
103 346
103 258
103 347
95 145
95 75
95 348
95 349
95 350
95 22
95 351
95 46
190 293
190 352
190 124
190 353
562 354
646 184
173 355
173 176
173 356
768 44
769 164
770 321
770 80
770 357
770 358
770 39
770 334
771 219
524 359
524 360
524 203
478 9
435 361
65 295
772 362
773 172
364 363
364 204
364 176
364 164
364 122
364 364
364 365
485 366
774 367
508 368
508 193
508 80
508 226
359 94
359 369
359 370
234 371
234 46
633 124
633 372
112 321
775 80
439 373
547 374
74 79
74 375
74 376
74 80
346 377
346 283
346 11
346 378
776 379
776 89
776 81
441 380
441 246
441 326
338 180
338 381
541 218
541 382
541 383
541 384
642 75
642 248
642 61
264 104
172 221
172 81
172 385
172 386
172 355
172 176
172 387
172 388
172 152
33 272
688 91
69 389
69 38
69 390
69 302
69 391
777 392
778 248
779 123
191 96
191 163
191 393
191 329
191 394
31 186
31 395
31 99
31 169
31 396
31 104
647 21
647 397
780 18
67 398
67 399
67 302
781 113
781 153
781 168
21 338
21 400
343 401
782 402
782 52
202 403
202 404
202 405
202 406
202 407
783 408
212 241
784 31
532 367
532 180
305 305
305 200
305 409
305 80
305 410
305 411
523 5
128 44
80 412
80 29
80 413
80 414
80 159
80 415
80 67
80 39
80 44
80 45
80 416
80 417
80 418
80 419
80 270
80 399
80 175
785 203
786 278
161 420
161 24
161 30
161 421
561 422
588 42
588 11
471 236
702 423
702 424
712 177
787 85
787 243
410 403
410 204
410 364
286 214
286 425
286 11
284 426
389 427
788 127
268 153
280 140
789 428
665 386
168 359
168 429
168 180
168 39
168 55
573 115
573 430
573 431
573 214
573 296
573 432
493 433
493 434
493 311
790 30
791 435
535 436
79 74
79 437
79 153
79 293
792 31
793 180
626 24
246 403
246 107
246 24
794 273
309 206
599 78
795 438
373 111
373 439
539 440
539 107
539 393
539 441
558 4
39 442
39 24
39 168
39 41
39 11
39 382
39 47
39 443
39 93
488 444
488 164
796 445
307 17
797 248
123 446
123 447
135 37
231 171
231 448
231 449
231 450
231 11
231 46
231 451
231 70
231 170
231 93
86 425
283 140
283 346
283 81
283 452
283 145
15 359
15 293
15 231
15 453
15 454
205 455
205 456
205 110
474 164
700 457
700 423
314 77
256 458
256 37
256 260
256 403
257 458
257 112
257 19
257 170
257 430
7 459
798 241
713 460
713 52
713 92
713 461
713 195
198 198
198 11
121 148
799 462
650 463
468 150
699 464
800 293
801 465
344 466
344 427
150 467
150 468
150 164
150 147
150 52
802 469
701 423
803 26
803 470
803 166
804 395
236 471
412 408
412 293
492 472
98 52
151 15
151 20
151 205
151 473
151 474
151 248
151 475
151 52
247 476
247 249
247 477
660 153
218 46
9 478
9 227
9 479
9 343
9 480
9 203
9 481
122 447
122 482
122 46
122 483
122 484
122 122
122 253
224 223
640 17
366 118
366 485
327 22
16 293
16 44
16 241
192 329
342 486
416 80
316 369
805 487
164 488
164 335
164 474
164 489
164 148
164 19
164 96
164 490
164 258
71 66
806 359
472 301
472 491
472 492
311 493
311 470
311 494
311 495
807 164
254 127
254 19
254 250
148 121
148 145
148 496
148 497
148 153
148 498
148 151
148 24
148 52
279 140
808 140
165 96
165 157
443 161
443 39
443 499
3 184
3 500
8 8
8 94
8 497
8 233
8 424
159 501
159 80
159 502
159 79
159 5
159 63
159 503
159 437
159 504
159 105
809 505
348 37
810 506
811 124
306 103
271 180
540 115
540 507
540 134
540 55
594 403
594 152
594 80
812 198
813 85
814 156
193 508
193 329
105 509
105 466
105 270
105 207
105 159
105 510
105 511
105 81
815 197
815 423
816 197
197 197
197 512
197 513
197 274
197 514
197 515
197 423
521 16
817 477
61 516
61 44
61 61
61 46
61 517
61 328
61 518
818 439
411 305
68 29
68 202
470 519
470 520
470 521
470 348
470 522
469 421
5 6
5 523
118 152
413 85
413 323
413 201
583 199
203 369
203 524
203 525
203 9
203 526
203 407
819 11
820 456
322 22
821 132
258 107
258 164
258 527
258 103
258 228
109 390
697 528
697 529
213 133
213 126
139 530
92 531
92 246
822 532
822 533
64 352
64 534
823 535
824 536
824 537
825 538
393 191
393 539
393 540
826 314
692 274
692 230
49 23
49 94
827 80
533 541
828 164
828 134
829 80
308 542
263 484
830 11
831 214
831 543
611 544
545 545
380 325
380 441
380 93
504 546
622 491
374 547
374 91
368 508
832 278
833 548
638 454
296 549
296 547
296 214
296 395
296 550
29 551
29 80
29 552
29 553
29 68
29 133
29 554
29 216
29 424
509 105
664 90
147 52
147 150
834 330
401 481
401 170
835 555
836 508
673 91
295 473
295 184
349 22
349 556
349 95
837 557
838 558
838 157
170 401
170 231
170 104
170 11
170 525
63 559
63 19
63 27
63 126
97 145
839 529
840 216
144 106
144 241
144 0
144 75
144 46
144 52
144 157
144 560
841 334
637 561
354 562
70 563
70 256
70 231
70 564
70 565
70 148
70 116
70 240
70 383
70 566
178 267
28 567
261 248
261 306
842 394
502 5
696 14
341 103
695 568
182 569
89 299
425 86
843 498
456 205
706 500
269 27
290 172
290 274
290 214
290 544
281 140
345 103
654 126
844 506
845 559
846 101
158 437
158 570
671 571
671 572
119 473
361 435
361 157
430 170
430 573
129 37
129 574
318 251
318 482
2 575
1 576
1 552
1 577
1 298
1 578
1 579
565 70
467 336
467 393
467 580
102 581
102 233
282 44
282 55
847 374
847 201
336 467
336 582
336 44
336 583
848 584
560 585
849 9
42 394
42 586
42 497
42 11
42 587
42 588
42 589
850 560
644 120
644 55
851 230
851 590
851 11
851 86
851 226
110 591
110 205
852 592
600 78
427 344
427 389
853 106
519 470
486 342
185 177
854 205
530 139
387 387
855 450
658 47
658 593
475 151
856 75
152 334
152 557
152 478
152 118
152 594
152 52
648 227
648 42
648 595
299 127
299 52
299 89
857 559
858 330
859 323
860 596
634 528
99 99
99 597
99 104
78 598
78 599
78 52
78 134
78 600
861 437
631 80
631 601
862 363
132 153
75 111
75 349
75 288
75 95
75 133
75 76
75 46
75 230
651 497
651 154
863 164
137 209
864 105
865 383
675 124
866 602
38 69
38 603
171 442
171 117
171 474
171 248
171 372
171 22
171 570
171 604
171 231
85 605
85 606
85 607
85 608
85 413
85 609
85 610
85 611
85 47
85 151
85 26
85 612
85 450
85 499
867 76
87 375
87 424
607 85
278 336
278 140
278 24
278 26
287 613
287 214
100 292
289 120
289 214
289 372
868 241
19 63
19 268
19 379
25 614
555 359
189 463
189 94
670 423
321 615
321 22
321 20
321 112
369 99
369 410
369 323
369 285
259 616
310 206
510 230
510 31
510 257
510 105
312 617
312 260
358 323
358 11
869 223
199 115
549 549
157 361
157 394
157 144
157 227
157 32
157 618
157 619
157 165
157 620
157 124
542 621
542 308
300 330
491 66
491 622
870 319
298 1
298 623
204 410
871 355
872 624
873 505
874 625
875 359
194 423
101 334
101 626
101 356
101 140
225 46
876 248
649 332
24 398
24 614
24 278
24 627
24 88
24 131
24 83
24 87
24 626
24 246
24 47
24 628
24 260
24 124
877 146
303 293
878 629
878 630
601 631
27 99
27 632
879 22
169 31
169 389
169 42
169 628
169 367
169 235
6 459
372 184
372 52
372 171
372 633
365 634
335 164
200 305
200 313
200 201
880 635
334 53
334 636
334 152
334 19
334 240
512 197
381 338
405 637
405 273
881 52
882 86
619 157
883 91
884 628
885 555
454 638
265 274
265 80
265 145
265 639
265 268
265 23
449 640
449 641
449 73
248 624
248 261
248 642
248 643
248 151
315 644
315 448
315 265
35 12
251 318
710 111
184 582
184 645
184 372
184 214
184 646
184 225
184 3
397 647
60 328
595 648
886 603
887 303
332 649
332 24
332 12
332 88
146 74
146 52
146 386
463 189
463 650
377 346
154 651
154 273
888 652
215 133
569 182
889 653
163 96
163 191
163 552
40 213
252 207
890 122
242 175
522 199
891 396
694 75
694 11
126 654
126 4
126 213
126 655
892 171
115 656
106 40
106 53
106 657
106 29
106 201
641 449
641 11
534 347
593 658
167 125
167 142
440 437
440 52
440 423
440 539
511 48
323 659
323 0
323 358
323 660
323 22
323 661
489 164
417 80
201 106
201 662
201 313
201 91
201 62
893 663
90 664
90 424
114 83
114 665
114 44
186 31
186 186
186 187
186 17
186 666
186 164
186 423
554 667
554 42
554 124
554 29
551 29
551 320
62 125
62 668
62 201
32 396
32 157
209 137
209 44
894 254
681 669
681 230
681 391
320 260
320 181
48 670
48 20
48 55
48 23
48 46
48 336
48 231
48 356
895 345
444 488
179 267
179 46
179 671
91 672
91 201
91 256
91 37
91 673
91 30
120 674
120 289
120 644
124 628
124 24
124 675
124 46
81 508
81 168
81 390
81 175
409 305
181 320
181 552
73 557
73 26
473 466
473 295
473 119
572 671
676 676
351 95
294 677
294 214
294 678
294 1
294 679
451 231
896 628
183 680
230 510
230 681
230 46
230 80
708 682
708 241
226 508
226 151
356 101
356 173
897 440
897 197
897 683
897 50
897 258
898 223
94 480
94 500
94 363
94 684
94 685
94 288
94 11
94 8
94 214
94 49
94 528
94 189
899 75
131 24
900 634
901 678
149 52
902 686
903 174
904 687
905 233
448 231
448 478
608 458
906 164
907 152
384 541
543 221
543 688
543 689
543 47
908 116
610 85
909 628
910 172
911 601
274 690
274 197
274 691
274 290
274 387
274 214
274 692
274 383
360 693
506 161
113 83
11 641
11 42
11 153
11 372
11 148
11 480
11 47
11 198
11 74
11 694
11 231
11 170
55 620
55 330
55 168
55 644
55 44
55 161
55 257
55 282
55 48
55 695
55 426
55 399
55 540
527 199
912 528
14 696
913 80
347 504
347 103
347 27
517 61
481 9
914 91
528 697
528 470
528 94
528 634
479 9
639 698
464 699
609 610
609 216
457 700
579 1
526 19
915 559
423 670
423 197
423 491
423 700
423 161
423 315
423 194
423 178
423 701
423 702
916 47
398 67
581 102
581 77
917 549
36 703
229 704
229 144
229 166
326 22
326 441
918 47
628 628
628 83
628 124
628 11
353 705
919 473
919 493
241 16
241 706
241 707
241 334
241 599
241 144
241 708
920 153
921 401
177 267
177 185
177 709
177 568
177 710
177 711
177 226
177 712
460 713
612 85
643 12
922 359
922 221
922 714
922 78
922 537
