106 0
306 1
306 2
306 3
306 4
563 5
300 6
633 7
633 8
319 9
551 10
551 11
25 12
25 13
25 14
25 15
25 16
25 17
25 18
25 19
25 20
25 21
25 22
25 23
25 24
25 25
25 26
25 27
25 28
25 29
35 30
35 31
35 32
35 33
35 34
30 35
30 36
30 37
30 38
30 39
71 40
71 41
49 42
49 43
49 44
49 45
49 21
49 46
49 23
49 47
49 48
49 40
49 49
49 50
49 51
243 52
393 53
266 54
646 55
102 56
647 57
361 58
361 59
361 60
648 61
192 62
192 21
192 63
192 64
644 24
649 65
650 66
178 40
356 67
356 68
356 69
356 70
356 23
356 71
356 72
522 25
522 73
522 74
651 75
651 76
652 7
573 77
653 78
653 21
580 79
580 80
654 81
3 82
3 16
3 83
3 23
195 84
195 85
195 3
195 37
234 86
234 21
234 87
234 46
234 88
234 89
234 90
655 91
656 92
254 93
254 40
254 63
254 0
657 94
304 95
304 96
167 97
167 98
167 99
167 100
167 101
605 102
634 103
658 104
190 105
190 106
618 107
618 108
618 18
607 32
659 18
660 52
661 109
407 110
662 111
663 46
288 112
664 113
449 114
117 115
117 116
117 117
117 118
117 24
469 119
469 120
469 121
175 101
175 116
175 122
175 123
175 124
175 28
160 16
160 0
160 125
160 126
160 127
160 21
160 128
160 129
160 52
160 130
160 131
160 132
160 133
479 134
369 6
33 33
33 135
33 136
380 137
238 138
238 15
151 139
415 32
595 64
94 140
94 74
94 18
206 141
206 46
206 142
501 143
225 144
225 145
225 146
225 147
225 148
225 149
225 150
139 151
139 64
502 21
258 152
258 21
258 110
183 153
183 154
183 155
183 156
183 157
183 158
665 159
665 160
251 52
251 136
354 8
354 161
354 108
666 162
333 163
333 61
129 160
129 164
593 165
97 166
97 52
97 167
667 18
506 168
506 169
345 170
345 28
345 74
130 171
40 14
40 172
40 16
40 173
40 23
40 174
40 110
40 175
40 176
40 71
40 177
40 49
40 178
140 61
140 116
140 179
140 110
140 94
140 180
140 40
436 181
436 99
436 182
668 183
668 43
70 184
70 21
70 185
669 186
6 0
6 187
6 188
6 24
6 189
6 190
6 191
6 192
6 9
6 193
645 194
328 13
328 195
328 196
328 15
609 197
609 198
609 199
670 200
671 201
672 202
241 137
241 203
309 138
309 204
495 205
495 46
643 21
360 60
673 206
385 207
385 208
124 162
124 209
124 122
124 123
124 210
124 175
124 99
124 37
158 61
545 211
0 212
0 7
0 106
0 0
0 213
0 214
0 105
0 215
0 160
0 6
0 216
0 136
61 140
61 217
61 218
61 53
61 188
61 23
61 219
61 41
61 28
61 158
61 74
61 150
63 220
261 36
261 147
261 221
78 21
520 132
520 222
542 211
674 126
332 163
332 223
414 224
675 23
148 225
148 25
148 40
109 21
676 226
7 227
7 0
7 228
7 229
7 230
7 175
7 132
7 231
274 38
274 232
274 89
274 233
274 234
274 235
677 23
677 236
678 6
678 237
391 238
391 239
427 26
427 240
52 42
52 187
52 138
52 0
52 241
52 188
52 242
52 239
52 243
52 244
52 245
52 85
52 21
52 246
52 247
52 248
52 160
52 65
52 132
52 36
52 249
52 250
52 251
52 252
52 110
52 97
52 253
52 133
52 254
52 255
52 167
52 169
52 256
52 204
193 257
193 258
588 259
493 260
47 261
47 49
47 150
4 2
4 200
255 249
255 262
255 85
255 152
255 52
255 1
198 263
198 37
29 41
29 264
679 265
680 52
577 92
681 14
344 266
344 74
281 187
150 254
150 61
150 103
150 208
150 18
150 267
150 257
150 187
150 21
150 128
150 268
150 269
150 186
150 26
150 270
150 225
150 40
150 2
150 47
682 130
682 232
682 160
226 170
226 2
226 207
226 271
226 136
401 160
534 272
534 273
683 259
684 131
684 274
452 190
452 275
242 274
242 21
242 276
242 160
242 6
242 41
242 277
488 211
615 278
203 279
203 42
203 280
203 241
335 37
187 57
187 281
187 52
187 282
187 9
187 150
128 179
128 133
128 150
437 283
437 99
685 16
686 284
686 9
686 285
686 286
686 247
65 152
65 52
65 287
133 288
133 258
133 16
133 17
133 127
133 218
133 21
133 289
133 250
133 174
133 52
133 160
133 256
133 246
133 290
133 111
133 291
133 136
687 292
51 62
51 293
51 294
51 295
51 296
51 192
688 81
689 297
689 298
690 299
439 207
426 300
426 26
220 179
220 63
220 301
430 302
200 4
95 170
95 303
95 304
95 110
95 17
214 0
691 30
691 305
691 306
691 282
411 198
505 307
630 308
204 36
204 309
204 216
204 64
204 299
397 310
42 99
42 52
555 99
692 260
693 311
693 312
421 197
435 172
435 23
435 231
330 313
330 314
694 0
508 315
84 316
245 317
245 258
245 52
245 46
245 318
273 319
273 18
382 172
480 320
695 321
696 322
696 172
696 142
584 323
697 324
631 21
631 308
631 16
631 325
631 326
13 327
13 283
13 21
13 328
13 193
13 313
13 329
13 330
698 99
101 99
101 167
101 175
126 61
126 305
126 160
163 331
163 332
163 333
163 201
233 16
37 198
37 188
37 195
37 30
37 334
37 40
37 124
37 335
699 246
601 23
462 336
289 168
289 337
289 133
289 338
289 23
700 311
476 256
476 23
587 116
587 339
587 201
587 340
314 174
314 341
314 342
314 126
125 343
125 36
125 338
74 168
74 344
74 345
74 126
235 346
235 152
235 347
38 249
38 274
420 348
420 269
228 7
228 349
228 350
701 351
701 16
702 352
161 353
161 354
355 355
355 330
560 150
409 356
703 291
704 240
279 357
279 203
174 265
174 118
174 234
174 358
174 224
174 40
174 240
705 109
123 124
60 359
60 360
60 361
60 171
706 29
706 15
707 176
527 362
527 363
527 364
527 110
457 365
457 152
457 21
457 80
632 8
62 366
62 367
62 165
62 46
62 323
62 192
62 291
62 201
250 368
250 133
250 147
708 369
708 187
709 136
710 246
710 370
711 371
712 339
713 289
514 19
514 372
514 373
714 315
714 374
271 226
271 63
271 375
271 376
271 206
271 170
271 377
232 232
232 274
337 289
337 378
715 379
137 241
137 380
137 381
137 382
716 132
716 217
717 261
718 314
536 383
536 323
536 3
536 384
138 298
138 238
208 61
208 166
208 385
208 208
208 368
208 386
208 283
208 148
208 387
208 160
208 133
208 235
208 17
719 388
720 227
720 133
10 198
721 389
507 390
239 391
239 392
239 52
176 152
176 117
722 12
432 172
444 393
723 197
724 52
724 394
379 64
246 229
246 94
725 378
142 289
142 386
142 271
142 206
142 395
405 396
310 397
726 311
36 398
36 18
36 251
36 46
36 159
36 246
36 52
36 160
36 125
36 399
36 400
108 401
108 399
108 246
108 66
108 74
528 170
453 375
453 132
727 402
727 158
728 403
728 404
728 25
728 244
729 3
321 109
321 259
321 49
321 74
321 73
110 95
110 258
110 272
110 250
110 53
110 21
110 23
110 405
110 406
110 40
110 407
110 178
730 69
509 61
509 25
434 140
434 132
731 33
732 408
733 46
733 409
351 410
734 411
368 36
368 250
735 412
735 132
735 232
267 413
267 150
736 99
570 100
737 220
373 30
90 119
224 414
399 36
399 25
32 415
32 416
513 417
513 418
738 65
739 14
276 99
276 15
489 140
489 174
489 16
489 419
489 420
489 421
489 422
489 234
489 423
489 424
489 425
489 177
166 97
166 208
26 426
26 427
26 52
26 150
740 291
302 428
302 429
302 430
302 99
302 431
172 432
172 382
172 433
172 434
172 435
172 40
99 12
99 42
99 173
99 167
99 162
99 436
99 101
99 437
99 276
99 438
99 312
99 439
99 160
99 302
99 440
99 124
741 0
544 441
445 442
445 64
464 443
164 375
742 444
442 445
442 446
20 447
20 25
20 448
338 289
338 107
338 125
338 273
459 298
459 220
459 311
114 218
114 449
743 64
744 88
744 450
744 21
744 451
275 452
745 30
132 7
132 453
132 403
132 160
132 454
132 434
132 455
132 456
132 52
132 154
623 457
746 23
249 383
249 85
249 152
249 21
249 458
249 52
249 108
392 190
747 459
747 28
748 289
17 95
17 16
17 208
17 21
17 25
17 207
17 133
17 47
159 343
159 460
159 18
159 461
159 21
159 175
159 30
159 259
749 321
750 458
336 462
336 160
585 323
472 298
472 312
472 15
470 463
443 464
751 303
201 465
201 303
201 154
201 62
82 466
82 82
82 467
82 3
82 39
455 107
455 216
121 468
121 469
463 470
295 14
295 323
295 51
483 403
752 238
342 61
753 410
352 86
352 459
352 213
298 298
298 471
298 459
298 472
298 6
298 352
76 214
76 21
76 285
76 473
76 170
76 28
76 474
754 23
179 168
179 220
179 128
755 49
756 475
757 476
758 99
621 477
759 74
413 267
98 478
134 479
760 18
557 283
428 480
761 141
403 227
403 481
403 482
403 46
403 483
403 484
403 485
403 132
548 239
762 179
416 32
503 314
155 183
69 356
69 486
69 261
69 487
69 18
147 212
147 225
147 261
147 250
147 488
149 225
425 383
425 489
425 392
763 405
348 490
348 52
764 416
765 426
185 491
48 8
48 132
48 16
48 492
260 493
136 251
136 133
136 128
136 0
766 61
767 220
768 188
768 74
395 18
539 39
494 494
769 46
111 133
770 128
205 495
771 496
772 497
21 207
21 127
21 24
21 25
21 498
21 49
21 499
21 76
21 78
21 23
21 500
21 247
21 160
21 501
21 133
21 150
21 502
21 13
21 249
21 17
21 88
21 503
21 52
21 314
21 504
21 321
21 367
21 70
21 269
21 505
21 506
21 271
21 74
773 507
774 508
500 21
775 317
282 153
282 187
15 208
15 110
15 276
15 509
15 472
15 25
540 510
540 39
776 43
240 174
240 239
240 258
165 25
777 65
556 511
53 23
778 150
75 40
779 512
359 60
448 20
591 64
780 128
628 46
417 513
781 232
782 81
782 123
19 41
19 25
19 514
257 193
257 150
783 515
58 516
58 160
58 398
58 361
58 292
784 311
785 291
785 186
357 279
386 40
386 517
386 518
386 208
786 168
786 519
222 520
787 515
788 256
569 61
569 157
789 54
790 391
791 92
73 365
73 54
73 521
73 268
73 522
792 46
23 356
23 61
23 272
23 523
23 289
23 53
23 524
23 269
23 525
23 406
23 476
23 160
23 170
23 40
23 526
793 63
364 527
170 528
170 226
170 76
170 95
170 23
170 265
170 242
170 345
170 314
170 139
170 216
517 298
517 139
465 201
794 529
602 374
362 530
362 527
362 363
83 40
83 311
182 531
182 436
182 532
182 478
182 416
54 266
54 154
795 132
796 289
59 404
59 361
292 205
292 58
797 162
410 351
440 99
637 533
120 40
120 469
105 0
798 116
272 534
272 23
799 205
86 36
800 269
320 480
320 218
801 19
801 282
191 6
191 191
802 16
802 250
803 496
804 323
805 94
567 207
567 535
383 383
383 249
383 536
383 110
383 537
383 186
383 259
383 425
806 292
446 442
498 21
807 486
39 227
39 207
39 152
39 82
39 538
39 539
39 175
39 540
39 30
39 541
112 403
808 232
809 225
211 167
211 386
211 542
211 543
211 544
211 545
184 88
184 70
541 74
613 546
642 21
810 133
562 172
562 16
562 171
562 152
811 547
812 43
285 170
285 30
285 123
285 200
813 548
491 118
491 21
491 185
611 549
814 74
11 550
11 551
11 552
11 167
566 207
66 553
378 515
378 337
815 522
412 554
173 555
173 304
816 111
466 82
466 216
511 556
817 379
283 557
283 558
283 208
303 95
303 559
303 2
303 201
303 560
620 423
169 116
169 506
169 52
169 23
358 174
406 23
818 561
819 108
820 358
820 474
821 393
822 242
171 130
171 562
171 60
315 508
823 563
387 208
265 564
824 565
825 167
207 16
207 17
207 566
207 21
207 567
207 423
207 256
207 177
218 320
218 114
826 203
827 262
828 61
828 311
829 568
521 569
521 28
559 303
830 61
830 106
830 218
484 403
484 467
100 44
100 570
100 167
366 291
16 140
16 207
16 17
16 530
16 489
16 233
16 189
16 379
16 48
16 571
16 160
16 40
16 133
831 572
832 58
89 573
89 574
833 40
87 234
294 265
341 314
341 52
341 49
341 575
834 576
31 35
835 152
92 577
515 378
836 207
554 412
116 578
116 169
256 40
256 133
256 476
256 207
837 197
838 579
838 271
838 76
79 580
79 3
839 362
840 0
343 159
343 259
841 39
152 249
152 16
152 581
152 52
152 251
152 562
152 132
152 582
152 39
152 459
152 323
152 583
152 65
152 176
152 346
152 133
152 235
152 457
323 584
323 295
323 536
323 585
454 132
312 472
24 586
24 587
842 379
843 152
353 161
259 588
259 589
259 321
259 52
2 109
2 226
2 303
2 150
56 516
844 1
598 590
640 14
447 426
447 20
845 299
846 46
847 152
530 40
578 347
64 591
64 592
64 445
64 593
64 594
64 595
64 204
64 299
64 192
64 139
64 240
64 596
848 597
296 51
849 457
850 16
851 461
590 598
852 599
853 298
268 150
422 160
583 600
854 271
1 30
1 40
855 601
374 315
374 386
374 602
374 518
212 132
526 23
404 343
404 213
404 603
404 59
404 604
856 605
857 55
858 383
858 7
858 261
858 606
858 205
858 206
858 234
858 607
858 608
196 174
269 159
269 174
269 47
269 23
619 12
619 609
619 610
571 16
859 104
639 533
365 457
482 403
860 231
549 611
532 173
861 612
122 197
524 23
582 152
181 436
118 88
118 174
118 198
546 613
862 89
290 133
863 121
278 614
278 615
278 616
278 162
85 617
85 301
85 167
864 85
418 513
107 408
107 86
107 455
107 338
107 59
107 269
107 618
107 193
107 607
107 206
311 140
216 466
216 170
216 455
216 106
12 619
12 99
12 25
423 207
423 489
423 620
477 183
477 621
396 405
396 95
396 518
396 374
461 207
461 622
865 337
866 167
467 82
377 279
377 271
867 17
177 489
177 623
177 207
177 554
305 126
367 289
367 62
367 21
868 208
262 255
869 20
870 20
433 172
624 624
871 74
871 625
558 283
872 544
873 626
46 383
46 495
46 39
46 117
46 186
46 149
46 329
46 131
46 49
46 64
46 245
46 627
46 206
46 339
46 36
46 366
46 202
46 46
46 234
46 628
46 91
46 629
46 619
22 25
525 23
308 453
308 232
308 630
308 631
186 30
186 46
186 189
8 632
8 354
8 633
8 488
103 634
103 150
41 115
41 19
635 61
635 635
419 399
874 132
533 560
533 636
533 637
533 638
533 639
347 40
347 74
875 167
516 58
516 56
543 211
390 507
876 206
877 213
14 640
14 25
14 313
878 582
316 3
879 100
880 116
538 437
388 452
641 88
326 485
334 174
168 179
168 476
168 23
168 110
28 133
28 521
28 345
881 3
88 641
88 642
88 21
88 643
88 234
88 644
88 184
581 152
375 559
375 133
363 527
363 362
363 247
882 476
883 6
883 468
499 25
884 128
194 645
