388 0
388 1
12 2
12 3
406 4
406 5
345 6
345 7
345 8
702 9
281 10
703 11
18 12
18 13
18 14
18 15
18 16
18 17
18 18
18 19
18 20
18 21
18 22
18 23
18 24
18 25
18 26
18 27
18 28
18 1
18 29
18 30
18 2
18 31
18 32
43 33
43 34
43 35
43 36
43 37
43 38
193 39
193 40
193 41
704 42
36 43
350 44
350 45
350 1
683 46
683 47
683 48
487 49
487 39
487 50
487 51
705 52
583 53
650 54
650 55
706 56
60 57
60 28
60 1
60 58
60 49
60 59
60 60
60 61
303 62
535 63
535 64
639 65
325 66
325 67
290 35
290 1
571 68
571 69
571 70
707 71
708 72
709 59
81 73
81 32
81 74
394 75
394 1
74 76
74 58
74 77
74 78
74 79
74 80
74 81
74 82
74 83
74 84
74 85
696 86
696 87
696 88
696 89
611 90
710 91
710 92
710 93
710 94
710 7
710 95
393 1
711 96
466 97
466 98
2 12
2 99
2 100
2 2
2 101
2 102
2 103
2 7
2 18
2 104
2 105
2 106
2 107
2 108
82 109
82 63
82 98
82 74
82 110
279 111
132 7
8 112
614 11
489 113
451 13
451 114
451 115
451 116
451 117
451 118
451 119
451 120
712 64
712 32
632 88
622 121
160 122
160 64
160 123
230 124
230 125
230 126
230 113
157 127
157 64
157 128
157 129
157 97
157 11
157 130
157 131
187 132
20 133
20 134
713 135
714 1
483 136
483 137
169 138
156 139
156 140
156 34
156 141
156 142
156 143
156 144
156 145
156 146
156 147
156 148
156 149
156 150
156 151
156 152
156 43
156 153
156 68
156 1
150 154
150 155
150 156
150 28
150 16
131 157
131 158
131 11
75 35
75 159
123 101
123 35
123 160
123 161
715 17
276 162
276 163
276 164
97 39
97 165
716 166
245 167
245 168
717 156
717 67
138 169
578 132
152 170
152 171
152 172
152 173
152 174
152 175
152 176
152 156
344 64
344 177
133 178
133 20
133 179
133 180
133 181
133 7
133 182
133 69
133 85
188 183
188 167
188 184
188 185
188 106
188 186
188 187
119 56
119 188
119 118
119 189
260 190
32 81
32 106
32 191
32 89
32 18
718 192
39 97
39 193
39 194
39 85
39 195
65 196
65 197
617 198
617 199
617 200
617 86
719 201
33 43
33 202
33 203
33 89
596 204
596 205
596 206
596 207
114 208
114 209
568 210
568 158
568 211
176 188
176 212
176 58
176 213
176 214
176 137
176 136
176 215
176 216
353 217
720 218
413 219
721 220
722 97
723 221
515 222
724 223
724 34
541 224
248 225
248 7
725 226
424 227
726 2
338 228
338 229
338 78
727 230
147 231
147 101
147 232
728 152
728 233
438 234
438 158
438 235
438 1
438 35
7 236
7 237
7 221
7 89
7 238
7 41
7 239
7 64
7 240
7 241
7 242
7 62
7 243
7 244
7 86
7 245
7 246
7 247
7 248
7 28
7 1
7 200
7 137
7 249
7 50
7 250
7 133
7 251
7 70
7 2
7 132
7 252
517 166
517 222
280 253
159 13
642 254
642 230
129 167
129 157
729 106
458 255
458 256
458 257
458 136
672 80
347 101
347 94
347 11
56 124
56 106
730 134
731 258
231 259
628 260
357 128
357 1
732 261
262 262
478 225
478 263
478 17
17 264
17 265
17 118
17 266
17 225
566 267
464 268
44 269
658 270
658 7
658 271
207 272
207 273
207 177
733 130
22 49
22 274
22 275
164 276
164 32
164 277
164 130
164 278
164 279
432 280
432 78
432 281
734 282
660 283
420 182
420 212
420 284
420 285
420 286
661 204
735 84
467 77
467 39
467 287
467 98
467 288
618 289
328 96
460 290
645 106
122 282
555 272
555 207
555 291
555 32
555 7
555 152
555 50
736 292
737 293
253 280
479 255
479 294
479 263
479 282
396 295
476 152
380 296
679 197
563 136
501 64
501 297
436 124
436 78
490 148
490 298
738 299
739 300
300 106
300 28
321 301
321 252
282 282
282 191
282 302
102 303
102 2
102 101
102 304
102 305
102 35
102 123
740 306
293 307
194 39
194 57
616 308
741 230
742 309
742 310
742 311
41 312
41 313
41 134
41 7
41 314
41 175
41 315
41 13
41 316
41 48
41 152
41 317
41 318
513 319
513 320
513 34
459 321
459 220
459 2
459 322
459 255
459 323
459 324
66 325
283 326
283 327
283 184
283 328
584 191
492 77
492 148
492 329
369 13
369 330
369 331
369 332
339 333
361 334
640 335
743 221
537 336
228 337
228 338
744 339
744 142
744 145
532 99
465 98
745 340
559 341
746 292
634 335
107 342
177 343
177 207
177 344
177 113
544 57
70 345
101 123
101 2
101 309
101 346
101 102
101 78
101 16
101 347
101 348
101 349
101 350
606 155
351 351
747 352
335 353
681 354
3 20
3 12
363 355
363 356
35 28
35 357
35 290
35 358
35 16
35 359
35 75
646 229
247 7
437 78
437 37
748 360
334 361
355 362
355 363
526 364
526 365
526 37
526 2
526 244
527 37
13 366
13 367
13 368
13 216
13 369
13 120
13 18
13 330
13 370
13 41
749 1
750 75
751 35
161 371
64 372
64 373
64 7
64 374
64 313
64 50
64 86
64 39
64 156
64 375
381 376
381 7
381 377
381 311
381 150
381 43
381 378
172 152
613 379
296 380
241 103
241 1
241 381
180 382
180 158
180 78
752 263
315 184
626 383
626 384
626 385
626 178
580 264
580 240
753 41
210 386
210 387
754 75
755 64
1 388
1 357
1 221
1 58
1 389
1 18
1 43
1 106
1 390
1 350
1 134
1 391
1 68
1 241
1 295
1 392
1 393
1 271
1 99
1 394
1 152
1 158
1 40
1 395
1 396
1 397
1 346
1 259
1 314
1 398
1 7
1 399
1 400
454 106
756 106
757 106
426 124
426 40
480 42
184 188
184 401
663 123
663 402
663 78
663 403
663 190
663 404
609 405
5 406
61 407
61 408
61 60
61 409
474 410
653 411
653 207
653 373
499 1
499 412
499 310
219 413
758 414
591 415
759 416
58 176
58 417
58 60
760 418
761 60
684 419
404 420
404 385
762 421
762 134
572 250
572 385
422 422
372 64
763 423
40 1
40 424
40 227
40 342
40 214
40 425
40 426
40 136
40 35
40 106
40 252
40 37
78 427
78 428
78 18
78 364
78 429
78 430
78 41
78 78
78 431
78 432
78 121
78 244
78 338
78 229
78 212
78 433
78 49
78 50
78 74
78 434
78 435
78 436
78 182
78 437
764 128
234 438
765 228
765 1
546 439
72 440
72 43
766 441
452 115
181 133
181 152
366 259
323 41
232 442
232 106
50 443
50 64
50 82
50 444
50 244
50 274
50 7
697 263
697 445
320 7
767 300
768 446
112 8
629 343
76 68
769 447
769 448
769 449
770 450
91 147
91 333
91 117
111 150
111 279
771 68
115 451
115 452
772 306
772 357
590 124
590 453
360 184
360 454
360 222
773 233
208 455
774 11
775 263
473 456
473 131
776 440
255 457
255 458
255 459
777 460
597 43
597 48
778 461
778 371
175 152
779 282
16 462
16 18
16 271
16 49
16 389
16 150
16 3
16 230
16 463
364 152
364 423
364 359
268 464
780 117
780 385
512 213
98 82
98 465
98 466
98 467
781 442
62 303
62 7
62 468
782 469
782 1
782 470
274 471
274 22
274 49
274 472
274 399
274 118
158 473
158 221
229 106
229 474
229 36
299 121
26 440
565 475
263 476
263 254
263 130
263 477
263 88
263 478
263 479
42 480
42 229
42 252
42 481
783 309
104 2
784 299
137 482
137 483
137 176
137 150
137 74
137 484
137 7
49 485
49 486
49 100
49 487
49 89
49 16
49 50
49 488
49 244
49 274
49 118
49 275
49 60
49 489
148 490
148 491
148 492
785 493
302 282
302 28
302 60
302 89
525 494
525 495
525 496
525 37
525 497
139 156
139 64
549 308
246 7
786 68
621 278
619 152
619 498
619 300
787 92
412 499
534 500
534 63
534 387
593 415
215 501
788 502
789 44
652 152
652 503
652 504
237 505
237 506
237 507
237 142
237 508
237 509
237 510
237 47
237 511
213 512
213 215
213 28
213 176
790 259
319 513
225 328
226 514
222 58
222 515
222 516
222 517
222 288
222 360
791 518
238 7
792 191
793 432
793 78
484 519
484 513
794 520
795 11
795 521
795 522
275 49
275 22
796 43
796 1
701 121
797 1
24 18
798 67
34 513
799 212
87 523
800 524
195 225
269 44
37 525
37 526
37 128
37 40
37 527
37 89
37 335
37 56
37 43
37 317
37 437
37 30
801 528
212 529
212 286
212 44
212 530
212 46
212 420
212 261
545 57
367 13
367 504
367 18
301 321
802 33
99 531
99 532
99 89
434 533
434 78
803 333
63 82
63 500
63 534
63 535
804 350
805 229
375 64
375 177
806 536
502 177
644 454
807 537
808 221
317 121
317 132
317 150
317 538
317 135
414 1
809 539
810 540
298 490
224 541
462 176
462 16
462 89
462 542
57 543
57 544
57 28
57 545
57 194
57 17
57 74
57 546
57 60
342 106
342 107
342 40
431 264
431 152
431 547
431 182
431 475
671 11
472 152
472 548
472 549
811 382
812 550
359 364
359 35
359 141
813 163
813 13
813 53
813 551
813 7
813 0
813 552
814 553
814 107
814 554
815 486
15 18
816 555
816 556
816 72
336 469
336 557
336 558
336 44
336 50
336 559
336 341
336 560
336 561
336 537
141 156
141 149
612 113
817 562
610 90
818 41
136 563
136 35
136 0
136 41
136 535
647 392
647 564
647 324
468 62
475 565
267 566
533 124
533 567
547 410
547 431
211 568
93 333
93 569
410 474
450 397
450 197
365 219
365 570
365 526
662 297
69 571
108 204
108 2
819 106
52 165
52 2
820 471
820 459
250 171
250 572
821 363
0 388
0 167
0 7
0 573
0 106
0 564
822 290
822 28
823 574
218 261
218 575
163 276
163 96
179 576
179 577
179 278
179 382
179 133
179 578
179 73
179 265
183 579
183 475
285 420
240 580
824 581
142 582
142 237
142 156
142 145
191 364
191 282
191 583
191 32
191 584
214 176
214 585
214 429
214 40
214 467
374 16
374 64
124 355
124 124
124 259
124 533
124 230
124 197
124 426
124 436
124 586
124 338
124 106
124 587
676 392
676 588
313 64
313 41
185 289
185 144
185 338
185 288
185 589
185 229
825 467
453 590
615 85
209 114
209 433
415 591
415 290
415 133
415 592
415 593
415 165
826 58
826 480
826 594
654 595
206 378
206 221
206 596
827 1
828 40
829 43
829 378
829 311
829 597
265 598
265 59
830 599
831 507
201 211
203 106
203 33
469 341
166 600
166 68
166 121
166 89
166 517
832 601
833 602
833 603
834 150
834 604
834 605
155 606
155 150
155 79
588 607
835 18
836 608
399 324
837 514
154 211
405 609
838 326
543 130
839 478
90 610
90 243
90 1
90 611
113 612
113 177
379 613
196 28
196 65
196 8
840 329
456 473
85 373
85 133
85 176
85 74
85 39
85 614
85 562
85 615
643 7
308 616
308 549
199 617
289 618
498 619
841 620
278 278
278 179
278 584
278 457
278 621
567 124
121 622
121 156
121 299
842 43
842 623
842 624
843 317
844 522
507 328
845 237
846 625
494 284
384 626
636 68
636 624
847 627
847 324
848 628
849 524
110 282
850 601
851 302
569 147
569 93
569 182
852 193
398 50
398 1
343 500
343 629
343 177
343 250
371 161
100 303
100 49
100 4
100 2
171 250
665 574
665 630
167 129
167 245
337 64
853 631
88 263
88 57
88 632
854 601
128 157
429 204
429 78
429 214
19 633
855 634
657 126
856 500
856 78
856 635
624 636
857 598
858 28
146 156
242 7
242 206
242 637
440 167
440 142
440 28
318 39
859 157
162 276
860 28
28 270
28 638
28 471
28 150
28 639
28 271
28 440
28 7
28 640
28 196
28 35
28 630
28 302
28 106
861 85
307 293
862 641
863 177
864 133
865 1
866 471
254 642
867 343
868 503
385 404
385 626
385 572
385 643
252 321
252 372
252 40
287 244
373 64
373 537
373 244
221 644
221 376
221 190
14 18
14 96
869 389
403 191
693 266
693 158
870 228
106 188
106 40
106 454
106 58
106 645
106 32
106 308
106 196
106 117
106 646
106 1
564 647
430 78
694 188
694 106
694 648
390 1
871 299
244 286
244 213
244 377
244 649
244 650
244 50
244 477
244 7
244 106
244 352
244 651
244 467
439 546
872 652
521 82
382 158
411 653
291 555
873 654
873 655
873 656
126 657
271 658
271 214
874 306
486 49
486 7
875 633
875 98
204 123
204 491
204 659
204 660
204 661
204 429
204 108
204 541
346 101
876 397
96 163
96 1
96 328
96 14
96 662
96 30
77 492
77 467
264 129
264 459
457 255
457 278
457 244
165 97
165 335
165 52
165 41
165 415
333 28
333 0
539 1
326 353
326 283
326 663
326 124
562 78
562 2
427 388
630 664
630 300
630 665
670 237
670 11
877 425
877 459
143 156
878 192
362 355
879 666
879 562
680 667
67 668
67 325
67 130
378 157
378 206
880 579
511 237
511 387
389 669
881 123
882 101
11 670
11 319
11 671
11 7
11 131
11 157
11 614
10 244
68 76
68 1
80 109
80 74
80 672
135 317
633 177
633 19
883 32
883 652
86 617
86 64
86 7
86 89
324 321
324 459
324 673
324 342
324 244
324 224
324 399
324 647
118 451
623 674
400 1
392 675
392 676
392 677
392 1
392 459
392 367
392 647
392 421
392 41
884 124
884 323
27 18
170 152
885 28
885 678
885 146
197 640
197 16
197 65
197 679
667 680
886 350
354 681
887 682
178 63
178 385
272 273
272 317
272 207
272 215
153 152
153 156
516 106
516 475
516 222
690 61
243 90
243 7
243 492
48 683
419 12
419 524
419 176
419 684
419 43
419 685
419 584
419 574
419 75
419 620
419 329
419 290
419 686
419 687
419 51
419 55
419 7
419 542
419 485
419 688
419 689
419 466
419 2
419 690
419 691
419 105
419 56
419 39
419 421
888 147
888 525
888 513
266 692
266 78
266 693
648 97
648 694
889 78
332 695
402 49
659 204
89 166
89 33
89 221
89 49
89 7
89 86
89 696
89 684
89 37
277 164
508 237
310 2
441 350
510 237
233 454
890 300
445 697
127 157
891 452
892 28
893 428
894 18
117 451
531 99
691 204
651 244
895 698
200 7
341 469
341 559
288 1
288 222
288 244
46 212
46 683
896 282
514 333
514 226
284 494
284 420
284 107
421 699
421 700
421 172
897 701
898 689
449 106
449 57
581 570
899 158
259 66
259 119
259 17
259 230
103 106
103 669
182 431
182 133
182 420
182 285
182 410
