164 0
164 1
164 2
164 3
164 4
164 5
164 6
164 7
164 8
164 9
721 10
722 11
723 12
723 13
724 14
562 15
26 16
26 17
26 18
26 19
26 20
26 21
26 22
26 23
26 24
26 25
26 26
26 27
26 28
76 29
76 30
76 31
76 32
76 33
76 34
725 35
436 36
436 37
726 38
726 39
530 40
429 41
429 42
709 43
709 44
671 45
727 46
1 47
1 48
1 49
1 50
274 51
169 52
169 53
74 54
74 55
728 56
700 57
534 58
534 59
534 38
534 60
534 61
534 62
50 1
50 13
50 63
50 64
50 65
50 66
256 67
256 68
256 69
256 8
256 70
463 71
463 72
54 73
54 74
75 75
729 76
729 77
129 78
129 79
129 80
129 81
594 82
573 83
244 73
65 84
65 85
383 86
383 87
383 88
383 89
383 90
383 21
383 91
383 92
383 93
383 94
383 95
730 96
731 97
659 98
659 99
685 37
656 100
678 101
678 102
732 103
493 104
319 105
319 106
319 104
153 16
153 107
153 108
153 22
153 77
153 96
733 109
441 38
441 110
441 111
441 112
734 113
734 114
151 115
151 116
151 117
151 49
151 118
342 119
314 110
314 120
314 121
616 122
577 21
577 123
577 75
577 124
577 49
579 125
466 126
466 85
81 127
81 99
81 128
81 129
81 130
81 131
489 105
489 132
489 133
489 134
56 135
56 136
56 137
56 138
56 139
735 15
735 140
736 141
156 142
156 143
156 144
156 145
156 146
477 147
737 148
242 32
242 149
137 109
137 150
137 151
738 76
738 152
510 153
375 154
143 155
143 156
143 143
143 157
143 158
339 109
339 5
339 159
739 32
230 160
86 161
86 162
86 163
740 164
741 165
741 166
53 35
53 167
53 168
53 169
452 170
679 171
679 172
191 173
226 174
226 32
690 175
690 176
102 139
102 177
102 178
102 179
102 180
102 181
102 182
102 183
102 8
102 184
102 121
16 0
16 185
308 186
308 187
308 26
742 188
742 139
743 11
743 189
743 190
18 25
18 26
173 191
413 109
413 192
413 193
413 194
413 49
574 195
744 38
229 196
96 0
96 49
96 197
96 198
96 199
96 200
96 201
96 176
96 202
96 102
96 203
96 204
440 205
745 206
99 207
99 81
99 208
624 209
746 210
267 211
347 212
347 213
424 97
424 214
424 78
424 215
747 210
351 216
395 217
395 218
395 219
395 173
395 96
395 220
395 221
542 35
266 222
266 223
266 224
748 146
749 225
750 99
751 78
174 226
752 134
52 227
52 180
52 169
52 78
52 228
52 200
52 229
52 221
160 230
160 231
160 196
160 232
160 32
160 233
692 234
753 235
408 236
408 237
138 107
138 184
138 56
138 238
138 139
754 239
754 240
754 10
149 241
149 242
73 243
73 244
73 245
73 246
73 247
755 188
8 164
8 101
8 231
8 196
8 248
8 13
8 249
8 78
8 250
8 5
8 251
8 252
8 253
8 254
8 106
8 87
8 146
8 255
8 256
8 134
8 257
8 49
8 258
8 158
8 259
8 102
8 69
8 260
8 261
8 19
8 144
8 262
8 263
8 264
224 265
224 266
756 267
756 268
610 269
223 270
223 271
51 272
51 273
51 274
51 138
141 8
141 157
141 275
628 276
628 172
628 277
757 45
758 278
85 60
63 50
609 279
699 280
593 281
632 282
632 37
632 283
632 199
632 173
632 284
522 285
688 94
688 286
688 287
243 73
243 288
759 289
305 83
305 290
305 173
340 291
340 46
615 122
195 28
6 292
6 227
6 293
6 156
6 294
6 295
6 296
6 297
6 256
326 277
401 49
760 32
9 298
9 299
9 300
9 227
761 109
281 301
629 118
241 49
602 302
602 303
602 304
620 122
762 305
762 306
478 307
478 308
478 196
478 309
478 187
478 310
478 69
478 95
501 108
501 311
501 312
501 313
121 314
121 19
121 222
121 295
121 46
121 244
121 315
121 316
121 317
763 318
648 318
652 319
652 39
258 320
764 42
379 143
379 321
765 322
766 323
691 324
277 90
277 325
277 326
184 327
444 203
261 328
261 8
422 329
767 164
767 173
447 330
626 163
718 296
768 331
769 38
770 252
705 139
95 157
95 313
95 134
591 332
231 333
231 334
231 8
231 335
601 278
601 336
771 337
5 291
5 338
5 8
5 339
5 5
396 340
396 257
396 157
396 341
396 336
772 342
773 206
774 78
222 157
222 266
775 343
46 344
46 121
46 345
776 270
268 188
777 89
778 143
778 346
779 11
213 347
581 286
581 32
581 348
581 146
581 349
581 122
55 279
55 74
216 31
216 350
216 351
517 352
517 353
635 354
635 346
780 78
781 76
782 355
782 16
639 206
783 109
783 356
784 148
262 357
262 86
262 344
262 35
262 358
359 359
2 360
426 254
785 150
116 361
590 206
590 30
590 362
590 363
414 49
414 78
303 112
303 364
68 365
371 366
373 367
373 222
373 368
373 369
373 370
373 371
373 148
531 31
531 270
531 343
472 255
472 252
472 160
786 83
707 15
707 72
707 372
707 26
707 373
719 296
188 15
188 196
188 252
188 287
188 374
188 34
188 268
188 375
188 300
188 376
188 211
787 377
788 378
321 379
321 149
443 69
443 380
789 203
790 381
791 382
352 2
352 139
352 290
352 47
87 8
87 383
87 134
638 157
506 384
518 385
518 386
518 387
423 388
423 389
423 157
200 52
325 277
325 390
295 391
295 49
295 392
295 6
295 393
295 394
295 255
555 151
221 395
668 109
792 153
793 222
341 396
341 397
341 203
341 248
49 398
49 13
49 399
49 78
49 247
49 60
49 400
49 275
49 401
49 171
49 402
49 106
49 403
49 404
49 1
49 21
49 32
49 405
49 241
49 48
49 49
49 333
49 406
49 407
49 366
49 295
49 408
49 409
49 151
49 343
49 38
49 8
49 410
49 69
49 411
49 109
49 15
49 262
49 412
49 413
49 25
49 414
49 415
49 300
49 313
794 3
187 308
187 416
187 48
187 317
470 106
795 417
564 84
345 38
345 32
345 46
467 190
473 196
796 49
588 418
588 113
797 419
19 420
19 184
19 8
19 78
19 262
24 421
24 26
24 422
389 142
389 423
289 407
289 385
289 423
289 173
289 210
289 387
289 102
289 184
289 424
289 425
798 164
799 13
250 8
250 252
427 103
338 5
338 254
338 157
254 338
254 426
254 8
482 109
464 202
464 69
103 427
103 120
127 81
800 428
42 73
42 429
801 430
32 157
32 153
32 226
32 13
32 431
32 234
32 432
32 433
32 349
32 242
32 434
32 435
32 388
32 76
32 385
32 436
32 160
697 323
584 146
584 437
393 295
498 438
205 439
205 440
110 441
110 203
130 81
468 442
468 85
468 348
468 443
468 102
468 417
203 110
203 96
203 444
203 341
203 49
802 445
708 72
803 26
22 102
22 153
476 115
330 446
330 188
330 447
330 175
330 300
330 448
294 449
294 450
410 451
804 452
536 34
805 453
613 454
504 49
504 455
232 160
128 105
128 456
128 81
128 95
806 457
90 38
90 277
228 52
524 455
458 458
673 310
79 459
13 2
13 32
13 49
13 450
556 460
77 461
77 215
533 462
360 2
360 139
807 424
251 162
251 8
808 291
202 463
202 464
28 465
28 362
28 32
365 68
150 311
150 137
150 453
126 466
190 467
190 189
190 173
390 325
580 69
580 146
809 468
810 110
811 469
520 470
245 73
662 246
720 297
812 293
502 471
502 453
502 380
33 76
255 106
255 472
255 473
255 43
255 115
255 100
255 6
813 474
115 475
115 231
115 107
115 87
115 389
115 476
115 78
115 477
115 151
115 144
115 297
115 478
115 479
567 480
567 157
567 120
814 481
445 216
257 8
815 109
815 482
89 383
592 234
592 275
816 483
446 484
38 144
38 485
38 153
38 486
38 30
38 345
38 361
38 487
38 392
38 488
38 489
38 102
38 490
38 61
38 491
38 255
38 396
38 49
185 16
185 153
185 106
185 392
185 143
185 484
186 308
817 15
104 492
104 493
104 319
104 494
144 495
144 146
144 115
144 496
144 156
144 40
4 76
438 497
438 100
438 75
438 498
818 499
819 500
425 289
313 501
313 49
313 95
820 312
471 502
459 503
459 79
265 109
265 157
27 504
821 297
227 52
227 178
227 83
227 385
227 505
822 76
823 424
17 454
348 468
348 366
384 45
384 506
384 507
384 508
384 509
91 510
824 102
824 180
683 40
238 138
825 77
253 388
404 511
404 512
404 513
404 514
404 515
404 516
353 395
353 517
152 6
152 415
152 518
152 262
152 519
689 148
826 157
826 322
388 106
388 86
388 70
388 162
388 32
388 461
388 423
388 520
388 521
827 522
611 60
611 39
611 523
611 366
134 49
134 87
134 37
134 295
134 180
134 181
134 210
134 320
134 8
134 524
134 322
134 489
134 171
134 525
134 95
391 164
391 163
252 164
252 472
252 286
252 526
252 250
252 527
546 528
546 283
546 209
546 529
546 530
546 81
546 531
546 532
828 143
29 76
829 373
830 222
159 143
159 339
462 533
618 122
618 321
288 243
288 86
831 143
831 453
831 203
58 534
58 507
832 418
406 49
833 385
833 535
834 502
835 536
486 153
336 507
336 396
285 270
836 303
88 300
40 537
40 144
40 181
40 94
40 538
40 530
98 163
837 216
442 134
442 37
838 0
839 8
649 318
840 196
605 105
605 539
605 540
841 153
273 541
273 109
273 542
273 543
273 51
67 256
842 76
106 541
106 544
106 49
106 470
106 185
106 438
106 8
106 316
106 388
106 255
106 545
272 59
272 546
666 547
666 548
59 534
572 21
843 196
843 549
201 550
201 551
557 552
698 553
844 198
845 554
491 115
491 38
491 3
491 107
484 446
846 102
460 555
460 556
83 227
847 188
848 59
291 340
291 5
291 406
552 286
552 557
394 295
849 375
625 539
625 558
850 289
850 559
271 223
496 31
496 144
496 560
851 561
851 562
643 495
852 138
852 563
189 190
661 376
660 376
84 105
84 564
84 144
270 223
248 341
853 565
249 59
854 376
855 566
856 567
60 85
435 32
435 568
711 30
107 153
107 138
107 477
107 115
107 316
107 122
107 491
41 429
41 569
41 570
523 443
21 308
21 571
21 421
21 572
21 573
21 574
21 383
21 26
21 332
21 7
21 575
21 576
21 577
34 76
34 578
34 536
374 188
430 579
430 360
146 580
146 581
146 157
146 582
146 583
146 437
146 8
146 584
146 349
146 144
418 585
418 586
418 587
418 588
418 54
363 93
363 211
363 381
363 589
363 590
333 591
333 518
333 592
333 593
333 481
66 50
66 70
82 594
503 595
503 596
402 307
857 597
3 38
3 507
3 491
3 598
858 599
210 303
210 289
210 322
369 68
369 49
369 373
381 589
381 226
411 49
859 600
278 601
204 96
860 128
860 121
168 53
168 0
676 328
861 211
315 30
315 121
14 49
862 69
863 531
125 73
125 125
125 579
125 150
114 530
525 139
525 134
302 602
302 304
650 603
155 604
105 84
105 157
105 128
105 65
105 352
105 322
105 605
175 206
183 102
587 418
490 38
490 518
490 312
490 342
399 15
399 49
403 49
431 606
431 32
37 102
37 442
37 486
182 197
182 442
182 450
864 241
622 62
48 495
48 77
48 1
48 187
48 317
865 286
694 607
866 157
867 608
366 106
366 49
366 55
366 216
366 371
366 348
366 609
366 610
366 74
366 611
299 9
306 352
665 0
623 84
623 62
623 78
582 340
582 601
582 612
582 146
582 280
454 613
122 165
122 107
122 614
122 227
122 615
122 3
122 616
122 142
122 294
122 617
122 618
122 619
122 620
122 621
122 402
62 534
62 352
62 622
62 623
307 478
307 624
578 563
868 430
539 625
163 13
163 333
163 626
163 115
163 98
869 373
276 627
276 628
25 18
25 49
25 26
25 629
263 8
263 19
644 255
644 237
196 139
196 308
196 270
196 630
196 37
196 206
196 93
196 188
196 121
196 322
196 81
196 97
196 160
196 603
196 631
282 632
387 518
449 300
870 633
870 47
432 247
432 316
192 413
236 408
617 122
317 121
317 187
317 317
871 458
872 534
872 634
872 212
479 115
346 635
161 86
161 422
519 152
873 360
349 40
349 146
214 636
214 30
874 32
61 38
875 481
876 360
157 141
157 265
157 444
157 637
157 638
157 222
157 423
157 146
157 310
157 338
157 458
157 437
157 105
157 143
157 396
157 292
292 157
206 352
206 639
206 640
206 641
206 642
570 41
877 468
877 481
386 518
595 37
495 643
495 560
495 48
495 144
878 31
494 104
879 86
880 270
237 644
237 408
881 645
311 300
311 501
311 646
31 496
318 647
318 648
318 649
714 76
714 30
682 424
882 78
603 102
603 407
603 650
883 109
884 343
885 419
39 202
39 478
39 651
39 652
208 47
208 99
208 49
450 13
450 294
450 653
450 654
450 182
100 655
100 240
100 656
100 255
453 657
453 360
453 658
453 502
171 167
171 659
171 19
171 134
376 188
376 660
376 661
886 2
886 83
886 360
246 662
887 109
888 663
180 52
180 368
180 392
560 664
560 31
176 96
889 89
316 106
316 432
316 530
316 49
645 56
664 560
488 38
890 202
0 16
0 446
0 665
259 0
259 8
612 145
612 582
891 655
891 650
548 666
421 24
421 21
335 45
335 231
335 72
335 103
298 9
415 197
354 635
892 88
513 404
513 577
300 188
300 449
300 211
300 49
300 9
893 667
109 471
109 49
109 420
109 413
109 482
109 339
109 668
15 188
15 669
15 670
15 562
142 122
45 384
45 671
45 335
894 672
310 673
310 478
310 157
895 674
895 134
895 675
636 214
328 335
328 676
896 677
680 35
461 180
380 443
380 502
101 541
101 185
101 270
101 678
162 392
162 251
162 56
162 439
162 86
108 196
283 632
283 629
283 546
172 679
120 567
35 53
35 344
35 680
275 49
275 268
696 681
70 388
70 443
70 682
541 106
541 101
69 443
69 0
69 8
69 683
69 684
897 95
181 102
181 685
181 19
181 134
181 92
898 8
198 96
899 286
900 491
901 686
147 15
147 477
902 461
903 687
437 8
437 157
437 146
93 196
93 442
93 383
507 384
507 3
287 188
287 688
448 330
407 78
407 88
407 49
407 9
286 688
286 144
286 423
286 552
170 452
904 144
905 188
385 43
385 289
385 518
158 102
158 8
906 169
704 139
239 247
148 373
148 689
357 262
166 102
327 184
327 682
907 88
908 689
909 105
909 226
653 450
910 203
218 395
717 15
717 397
322 392
322 352
322 196
322 105
322 96
322 603
322 593
911 368
911 397
912 360
706 433
913 690
913 579
358 262
324 691
475 115
234 692
234 32
234 592
124 97
124 577
197 596
197 77
197 37
583 146
312 164
312 490
914 84
914 693
914 191
607 694
78 695
78 231
78 443
78 407
78 115
78 247
78 696
78 414
78 76
78 189
78 697
915 366
916 120
917 112
703 528
918 327
553 698
416 56
416 187
280 399
280 699
280 294
280 582
280 593
919 143
919 86
57 700
920 129
921 701
922 563
329 88
329 160
329 702
329 667
329 422
409 49
97 196
97 404
97 30
97 442
97 124
695 78
923 210
528 703
528 546
215 424
139 196
139 19
139 138
139 360
139 352
139 704
139 525
139 102
139 56
139 705
924 105
309 478
433 706
547 666
598 3
72 463
72 7
72 707
72 335
72 708
925 249
119 38
119 108
44 709
131 81
563 266
94 40
94 383
451 410
926 97
926 710
926 678
549 178
571 21
30 711
30 712
30 6
30 710
30 315
30 713
30 38
30 714
30 214
30 715
30 716
30 590
30 97
30 76
397 15
397 231
397 257
397 717
397 8
397 253
397 203
927 6
928 606
589 211
589 363
589 223
296 718
296 6
296 719
297 720
10 721
929 69
