102 0
102 1
16 2
16 3
583 4
583 5
22 6
22 7
22 8
22 9
264 10
264 11
264 12
62 13
270 14
3 15
3 16
3 8
432 17
584 18
290 19
505 11
6 20
6 21
6 22
6 23
190 24
190 25
59 13
585 26
67 27
67 28
219 29
219 30
31 31
586 32
587 33
210 29
210 34
210 35
58 36
58 37
58 38
58 39
58 40
58 41
58 42
588 43
588 44
588 45
589 46
589 47
589 48
420 49
288 50
288 51
288 52
257 53
257 54
590 55
65 56
205 57
40 58
13 59
13 60
13 61
13 62
382 63
28 64
28 65
28 66
28 67
567 68
591 69
408 70
592 71
235 72
235 6
107 73
107 74
107 75
136 76
136 77
593 78
594 79
595 80
596 45
231 81
231 82
21 83
21 84
21 85
21 21
21 86
21 42
21 6
158 4
158 87
318 88
318 89
597 68
44 43
368 90
354 91
598 92
599 93
600 94
344 95
344 96
172 97
172 98
601 99
18 25
18 100
1 101
1 102
1 103
1 104
559 105
602 106
571 103
75 107
75 108
603 33
131 109
131 110
131 47
131 111
131 112
604 113
132 0
128 114
128 115
128 116
128 117
128 118
605 52
207 119
207 38
207 120
207 121
207 122
207 123
207 35
186 33
186 124
186 125
606 126
607 106
607 127
114 128
608 129
608 130
609 131
609 27
0 103
0 132
0 133
0 134
77 105
77 135
77 136
610 137
335 138
335 139
339 140
339 141
339 142
339 143
339 144
339 145
611 27
214 29
214 66
214 146
214 30
214 147
581 148
581 149
550 150
55 51
55 88
55 151
55 152
612 130
613 153
286 133
286 154
286 155
286 112
88 55
88 148
88 156
88 155
4 157
4 158
527 159
463 160
463 161
384 162
431 163
431 164
431 2
614 156
435 165
435 12
435 166
435 167
52 168
268 169
268 17
334 170
334 121
334 171
334 172
334 173
94 174
94 7
94 34
615 175
142 176
402 177
130 50
130 58
423 178
423 179
423 180
423 181
423 14
616 106
617 182
617 183
195 184
124 185
124 74
124 10
124 63
124 186
124 187
124 188
618 189
25 108
25 24
25 190
25 18
453 184
453 12
287 185
548 191
184 192
184 193
184 194
184 195
184 196
184 197
184 191
184 198
8 22
8 3
526 104
619 199
513 200
513 184
513 58
620 10
620 201
620 97
621 202
14 203
14 204
14 110
622 205
502 206
502 139
122 207
29 70
29 208
29 171
29 209
29 210
29 211
29 7
29 212
29 50
29 213
29 214
29 215
29 216
29 174
29 217
29 218
29 219
623 127
410 220
410 221
410 222
410 113
410 223
410 224
545 225
312 226
312 227
312 228
312 167
385 162
385 229
389 230
624 96
81 231
509 232
148 11
148 233
80 234
80 235
487 112
97 182
97 147
97 66
97 35
97 68
97 172
97 236
504 237
192 26
192 238
192 185
482 239
454 240
454 241
541 242
20 243
20 244
20 245
20 246
20 101
20 247
20 6
625 248
27 249
626 57
362 112
362 250
362 251
362 252
362 253
627 191
628 254
628 169
87 11
445 4
445 255
445 66
445 256
53 257
181 29
181 66
181 67
181 258
181 217
398 259
398 260
398 261
629 83
629 2
629 96
630 113
630 32
10 262
10 12
10 263
10 264
10 17
10 156
10 32
10 265
10 10
10 266
10 187
10 33
10 267
10 268
10 35
540 269
540 270
540 271
540 225
540 272
540 273
245 110
245 20
330 274
330 37
330 275
330 24
330 88
330 241
330 276
330 277
330 278
330 279
330 280
330 281
315 89
631 31
631 282
397 61
446 283
446 66
446 251
306 284
306 285
306 286
185 192
185 287
632 288
499 230
633 289
634 58
514 171
514 246
484 171
635 290
204 291
636 292
552 261
637 293
39 58
69 294
69 35
538 157
215 2
100 295
100 121
100 296
100 164
100 7
262 10
262 188
38 110
38 37
38 209
38 297
38 91
38 298
38 207
38 299
38 201
38 300
38 194
38 58
38 223
38 284
38 35
38 213
38 301
38 188
38 302
495 184
495 194
495 230
638 303
639 304
412 305
640 228
641 110
373 306
373 307
373 11
373 308
373 309
642 310
372 311
372 312
351 313
351 314
351 29
351 211
89 315
89 316
89 317
89 318
436 319
572 103
76 136
180 320
180 321
643 322
643 32
71 296
644 323
645 324
47 65
47 27
47 325
47 326
47 327
275 328
275 329
275 330
250 331
284 306
284 171
134 0
459 332
646 333
647 58
170 334
426 96
418 35
7 331
7 335
7 29
7 336
7 94
648 337
68 284
68 97
280 330
280 285
280 338
280 191
140 339
34 340
34 188
34 94
269 225
269 341
379 37
649 1
415 228
650 342
507 343
95 344
479 180
383 344
383 66
383 49
383 345
651 346
652 97
347 347
188 34
188 254
188 262
188 124
653 72
86 340
73 107
73 348
654 349
301 58
291 87
655 33
655 238
392 252
656 350
314 50
314 351
314 20
657 230
658 200
378 352
378 353
378 354
378 355
378 66
378 356
378 91
378 30
378 357
378 135
378 358
109 322
109 359
109 360
524 209
267 361
659 182
452 167
429 307
429 167
451 167
557 243
253 362
253 67
253 363
565 190
565 364
427 365
427 226
660 362
660 366
660 367
90 368
90 30
90 236
661 252
518 112
289 369
244 20
662 370
528 1
260 261
663 112
249 249
249 371
249 17
664 34
311 154
311 366
311 372
534 10
665 296
471 373
471 374
471 9
471 121
471 375
471 376
471 377
224 378
224 96
434 329
470 121
37 38
37 330
37 58
37 230
37 379
666 380
119 381
63 124
63 382
63 60
667 383
162 384
162 385
162 207
162 7
668 259
669 51
669 299
208 29
208 218
208 386
208 17
202 121
202 387
202 171
147 388
147 97
147 389
147 265
147 214
147 20
106 390
543 358
252 106
252 121
252 391
252 392
72 97
72 110
72 263
72 235
72 393
72 2
72 394
72 311
72 191
72 188
670 71
345 395
671 44
476 396
218 29
61 13
61 397
672 398
672 399
673 188
414 400
674 328
675 175
676 214
460 332
460 167
371 249
227 204
227 401
227 393
177 388
177 402
177 69
177 403
177 404
177 405
546 225
558 406
544 130
544 407
70 408
70 33
70 365
70 409
70 29
70 410
70 411
677 270
677 412
677 413
238 11
238 192
564 42
678 388
228 29
228 407
265 10
679 44
400 414
560 2
560 14
560 415
560 180
560 197
560 45
24 349
531 2
194 15
194 263
194 407
194 184
194 308
194 416
680 32
474 121
43 44
486 417
35 97
35 292
35 110
35 69
35 209
35 165
35 207
35 418
35 210
35 419
35 191
35 296
35 360
35 71
521 420
521 135
521 421
551 422
217 197
217 29
217 181
570 103
325 2
179 230
179 423
179 424
508 425
346 408
346 156
96 224
96 426
96 152
365 70
365 427
365 41
681 143
388 4
388 428
388 147
388 285
388 101
388 286
307 429
307 373
203 430
203 14
682 389
523 209
683 111
684 431
685 90
686 153
213 430
213 38
213 32
213 251
213 29
213 35
266 10
266 58
687 73
687 34
123 207
579 85
688 241
688 432
329 275
329 433
329 434
689 435
690 109
319 436
320 171
320 180
438 437
438 14
691 45
437 438
437 439
437 440
283 441
164 442
164 100
164 431
66 97
66 288
66 90
66 422
66 235
66 17
66 443
66 261
66 383
66 444
66 109
66 266
66 28
66 445
66 135
66 446
692 447
692 252
456 448
456 449
693 450
529 211
258 172
167 429
167 451
167 201
167 335
167 435
167 452
563 42
12 453
12 10
12 182
12 207
12 264
455 166
305 430
305 66
272 273
272 225
234 80
483 10
694 248
468 387
241 454
241 432
155 171
155 11
155 88
695 94
166 455
166 435
449 10
449 109
449 7
449 381
449 222
510 261
696 188
448 456
448 457
448 440
475 33
430 305
430 133
430 458
333 51
332 459
332 460
332 461
161 462
161 463
428 388
428 135
697 340
698 435
441 283
367 464
259 231
259 159
259 465
259 398
263 466
263 194
263 467
120 207
387 270
387 468
387 202
387 469
699 33
121 408
121 470
121 471
121 230
121 202
121 472
121 207
121 252
121 473
121 442
121 474
121 135
121 118
121 100
121 411
700 27
197 184
197 475
197 456
197 97
462 161
462 476
462 222
254 477
522 209
424 272
222 449
440 448
78 478
92 208
359 109
701 305
702 182
285 306
285 388
285 285
285 479
285 406
285 7
285 133
285 280
285 303
444 248
444 480
444 66
444 481
444 175
444 26
444 242
703 43
703 397
163 431
174 94
381 119
381 482
381 0
381 449
381 103
171 171
171 251
171 202
171 209
171 363
171 373
171 483
171 484
171 334
171 214
171 284
171 11
171 213
171 29
171 94
704 192
168 485
168 66
466 263
705 32
417 486
118 312
706 311
112 10
112 487
112 488
707 322
707 489
473 56
473 490
473 491
473 67
473 473
577 138
246 20
187 10
708 492
143 145
143 339
143 493
230 428
230 494
230 2
230 495
230 290
230 230
230 37
230 496
230 497
230 121
230 456
230 498
230 147
230 499
230 179
230 389
230 500
230 247
230 501
230 155
230 407
230 64
386 208
386 135
386 226
386 92
386 11
139 502
139 335
709 159
350 32
710 503
237 500
237 504
56 65
56 473
11 171
11 373
11 264
11 192
11 201
11 383
11 335
11 87
11 505
11 245
711 50
712 328
712 418
41 365
41 58
348 73
101 388
101 103
101 20
713 118
198 506
110 72
110 38
110 248
110 35
110 503
517 33
343 507
425 508
232 509
232 201
562 42
714 32
715 270
715 24
715 510
715 129
135 511
135 14
716 512
169 268
113 38
113 410
113 198
113 513
553 38
553 514
553 515
553 297
717 516
33 27
33 475
33 274
33 517
33 518
33 186
33 200
54 519
296 435
296 35
296 71
98 520
98 58
60 63
60 521
60 263
209 110
209 38
209 522
209 523
209 207
209 344
209 524
209 29
209 525
209 35
32 350
32 10
718 52
719 7
277 430
145 339
104 103
104 1
104 526
159 527
159 349
159 259
211 37
211 29
211 528
211 529
481 444
481 530
481 531
720 17
93 167
401 113
401 227
721 330
721 103
141 17
17 208
17 12
17 141
17 354
17 10
17 162
17 532
17 513
2 12
2 33
2 156
2 14
2 431
133 262
133 0
133 430
722 378
488 533
488 112
723 534
724 182
182 535
182 266
309 349
84 86
84 21
84 12
84 536
84 537
442 121
442 164
160 538
160 112
725 7
239 482
726 539
726 540
727 473
9 22
242 541
242 26
242 542
308 373
728 423
729 417
358 543
358 66
353 378
292 130
292 35
478 78
730 451
730 335
730 135
91 354
91 10
91 171
443 66
299 194
407 544
407 194
407 415
407 228
340 34
225 545
225 37
225 269
225 540
225 272
225 546
225 124
327 47
532 17
220 405
338 280
51 10
51 547
51 410
191 548
191 549
150 550
422 551
464 96
261 552
261 66
261 260
731 387
732 553
733 91
734 531
336 554
735 243
735 555
506 337
506 103
57 556
240 165
240 10
240 182
240 492
243 557
535 535
535 182
569 101
569 103
569 454
165 35
406 285
406 558
105 77
105 559
226 312
226 386
226 560
26 444
26 242
736 561
42 562
42 21
42 563
42 564
273 449
737 33
492 110
492 171
492 387
458 430
146 97
146 214
364 565
369 289
738 106
738 566
738 222
30 219
413 110
413 567
413 235
413 568
413 2
413 10
271 270
374 471
739 113
103 1
103 569
103 337
103 570
103 0
103 66
103 571
103 572
103 506
103 101
103 381
103 573
103 104
349 20
349 324
491 473
491 574
491 472
125 86
154 358
154 311
511 135
303 285
740 575
741 328
221 410
74 119
74 124
74 576
742 366
50 66
50 47
533 488
409 70
138 577
138 37
138 335
743 578
108 75
201 421
201 155
322 109
360 32
360 309
744 358
85 579
85 357
85 21
85 580
149 581
149 196
496 230
745 181
405 220
405 410
152 55
152 130
152 431
152 582
152 96
152 290
152 11
152 360
64 482
64 230
746 290
747 263
