301 0
301 1
301 2
60 3
60 4
542 5
299 6
299 7
299 8
299 9
638 10
14 11
14 12
14 13
14 14
14 15
233 16
233 17
233 18
233 19
639 20
612 21
612 22
640 23
640 24
640 19
446 25
619 26
264 27
38 28
38 29
38 5
38 6
38 30
38 31
38 32
38 33
38 34
141 35
46 36
641 37
30 38
30 39
30 40
30 41
30 42
30 43
30 44
200 45
642 46
167 47
615 25
615 48
615 12
156 49
401 4
643 50
235 51
469 52
469 53
644 54
644 55
403 56
403 49
645 57
209 58
209 59
646 23
646 60
606 61
434 62
434 63
434 64
249 65
249 66
249 67
249 30
249 25
249 68
249 69
249 70
249 71
647 72
503 73
626 74
648 75
648 76
587 77
587 78
649 79
112 80
112 52
112 81
112 4
650 82
206 3
206 83
206 84
206 85
402 86
651 10
126 87
126 88
652 89
653 90
28 91
28 70
28 5
28 38
152 92
152 93
654 94
655 95
602 96
656 97
657 98
272 99
272 100
272 101
272 102
272 103
272 64
658 104
309 105
309 5
216 106
216 107
136 21
136 108
136 109
136 110
136 111
136 19
81 112
81 47
81 113
659 114
659 115
163 116
384 52
387 117
256 118
256 29
660 12
40 30
449 119
449 120
243 121
243 122
243 64
23 5
23 123
23 124
23 125
23 126
23 127
23 120
23 128
134 129
274 130
274 131
274 57
296 132
661 34
661 81
356 133
356 19
129 134
467 135
662 136
113 137
113 138
113 81
113 139
35 140
35 141
663 142
664 143
290 144
290 67
290 145
290 146
439 25
439 147
219 148
219 149
153 150
93 151
93 152
150 153
150 154
150 155
150 88
665 156
257 157
257 158
257 29
257 94
257 159
493 133
581 160
453 161
453 162
116 163
666 164
667 165
667 166
668 69
669 167
383 168
383 3
383 5
383 169
383 170
174 171
147 172
597 173
492 174
205 175
205 145
498 176
104 177
104 178
104 179
104 3
104 180
104 112
104 181
104 182
104 183
104 184
104 185
104 63
286 186
177 104
177 187
351 188
351 105
351 189
2 190
670 67
670 191
671 192
125 19
125 122
125 193
125 194
125 52
125 30
125 31
125 195
125 196
125 197
125 198
125 199
45 200
672 201
553 202
553 203
553 204
172 193
172 147
172 205
83 206
673 207
674 208
484 209
368 175
368 210
368 84
211 211
211 212
211 213
631 214
305 215
106 216
106 217
106 127
675 218
148 219
148 220
148 38
148 11
148 221
148 85
148 75
148 3
148 104
148 222
148 223
148 224
148 70
148 225
426 226
414 102
183 5
241 227
241 228
241 229
241 165
241 64
4 60
4 112
540 230
115 231
627 74
502 232
502 43
502 41
18 233
407 234
676 105
51 235
253 23
253 37
579 236
579 237
579 238
579 239
259 29
64 240
64 241
64 148
64 242
64 243
64 151
64 120
677 244
266 239
208 245
208 70
208 246
633 247
372 69
372 248
372 249
678 250
679 25
679 251
679 198
679 252
37 253
37 70
37 254
680 68
29 165
29 255
29 5
29 38
29 105
29 194
29 256
29 257
29 258
29 12
29 259
681 260
681 261
278 94
682 262
180 182
180 104
180 263
27 264
601 265
239 266
239 239
239 267
57 213
57 105
57 268
57 269
57 270
57 271
57 272
57 273
57 274
165 275
21 276
21 136
94 277
94 278
94 279
94 257
94 280
94 281
94 43
94 231
124 23
124 282
124 283
124 57
191 284
186 285
186 286
120 7
120 23
120 64
120 287
120 288
683 272
67 289
67 290
67 291
67 78
67 292
340 142
340 293
684 294
229 56
685 295
686 296
686 297
91 28
9 298
9 299
9 7
9 139
9 154
9 300
687 5
550 136
688 301
359 302
359 106
359 303
359 304
359 159
212 201
212 211
689 305
352 306
352 19
690 34
690 307
690 19
690 308
691 38
105 309
105 29
105 310
105 311
105 312
105 241
105 116
105 71
464 313
195 125
195 314
692 315
693 124
390 316
390 317
390 273
390 318
390 319
390 320
390 114
390 43
390 321
390 57
361 322
361 109
107 323
318 193
694 212
590 324
621 202
6 5
6 325
6 12
6 299
6 326
695 124
189 57
275 285
275 165
696 38
696 273
455 77
455 327
455 250
455 104
207 328
213 211
213 329
213 19
213 330
595 193
697 331
260 332
260 333
260 286
260 334
360 335
360 336
360 185
430 337
549 71
611 50
698 338
198 34
198 339
198 275
0 301
0 1
293 340
293 50
293 341
551 342
19 133
19 343
19 344
19 345
19 233
19 207
19 346
19 347
19 348
19 136
19 349
19 350
19 351
19 41
19 282
19 125
19 34
19 352
19 353
19 354
19 355
19 356
19 59
19 126
699 19
75 148
75 269
404 357
404 358
304 359
700 360
701 50
702 2
109 135
109 361
109 136
533 341
533 362
397 363
703 347
704 364
282 69
282 365
282 3
282 159
282 19
84 366
84 206
84 367
84 368
84 369
362 370
69 2
69 371
69 372
69 34
69 373
69 43
432 374
432 26
187 177
366 347
366 375
366 54
366 376
366 377
705 359
474 321
474 378
706 379
473 25
473 380
473 381
473 321
707 292
42 268
42 382
42 30
448 11
634 100
708 120
419 104
225 148
168 383
168 242
52 384
312 366
312 327
312 385
312 386
312 105
312 192
709 387
710 264
710 388
710 323
192 389
157 124
157 218
157 257
114 273
114 390
248 70
248 372
139 25
139 9
139 113
139 391
711 38
711 392
586 393
712 394
713 94
511 395
714 2
715 396
289 67
716 177
443 25
443 315
443 10
363 397
717 167
717 239
245 70
99 25
99 272
99 249
99 398
99 399
718 172
323 145
323 400
323 2
66 165
66 401
420 3
420 337
719 402
719 403
358 404
17 405
17 406
234 407
452 408
8 409
58 209
562 10
562 269
170 383
170 3
170 410
720 164
721 411
722 64
722 412
722 413
722 30
722 107
102 414
171 52
171 415
171 416
171 174
271 417
3 418
3 419
3 5
3 420
3 76
3 421
3 422
3 148
3 206
3 112
3 104
3 182
3 187
222 423
222 312
222 424
222 237
222 148
222 425
226 426
226 211
723 427
199 264
199 125
561 428
334 429
72 33
72 34
724 430
725 71
101 431
101 37
39 41
726 111
583 203
26 124
26 432
26 433
727 351
728 434
56 327
56 178
56 435
56 403
56 436
56 437
56 128
240 333
240 438
240 64
108 136
729 125
438 240
481 378
25 439
25 172
25 440
25 5
25 249
25 314
25 441
25 185
25 442
25 443
25 192
25 165
25 114
25 444
25 445
25 446
25 447
25 37
405 325
405 17
41 39
41 30
86 402
730 201
552 448
119 449
544 5
544 14
512 218
408 450
408 408
408 292
478 379
478 451
731 452
161 453
300 188
300 454
300 9
584 12
584 314
77 455
77 310
77 14
365 327
365 456
365 19
365 457
365 3
365 282
365 458
365 459
365 128
471 5
431 61
431 19
431 117
598 167
598 460
137 113
335 360
68 461
68 249
462 462
319 242
319 64
175 368
175 5
175 463
313 464
608 465
608 118
608 466
135 467
268 42
268 59
268 57
382 379
382 42
382 468
53 469
396 470
732 106
732 471
732 151
732 3
733 38
605 472
321 473
321 474
250 455
250 475
142 476
554 477
138 113
341 293
576 61
576 31
379 478
379 479
379 480
379 203
505 180
505 151
505 420
179 327
179 104
378 481
734 482
735 483
210 368
185 484
736 485
736 295
736 94
736 231
737 486
737 487
738 488
738 114
739 21
740 315
740 126
417 271
531 489
531 490
531 491
133 492
133 19
133 105
133 354
133 493
133 494
133 356
741 495
270 270
270 57
742 496
320 497
320 390
600 498
476 142
315 499
743 500
743 189
232 501
232 502
394 218
73 503
371 69
399 99
744 504
43 69
427 79
427 112
427 400
220 148
745 116
391 139
746 70
123 505
747 506
747 124
747 104
465 152
184 104
748 448
748 471
59 507
59 19
178 56
749 295
750 43
751 260
459 508
459 365
752 509
752 510
395 511
421 3
218 296
218 512
218 513
218 514
218 515
218 394
218 157
218 516
218 517
218 167
218 518
218 519
328 207
753 390
34 440
34 160
34 520
34 521
34 61
34 522
34 38
285 186
285 523
285 121
285 275
564 524
564 78
564 525
97 526
311 71
422 32
11 366
11 527
11 14
11 148
11 180
11 104
11 448
11 70
11 433
754 366
754 292
754 347
754 470
754 528
188 529
188 173
188 300
188 530
188 57
490 243
490 531
447 25
755 64
756 64
757 532
55 533
55 147
55 108
413 318
273 57
273 390
758 534
610 535
536 536
238 537
158 257
357 347
357 404
357 107
357 538
277 203
252 47
252 64
429 458
169 383
495 539
144 290
759 373
121 285
121 243
121 325
121 64
162 453
162 540
760 374
761 524
537 238
762 56
763 520
5 541
5 456
5 29
5 542
5 543
5 38
5 544
5 309
5 545
5 257
5 25
5 31
5 117
5 546
5 383
5 547
5 548
325 157
325 469
325 6
325 405
63 549
63 550
63 104
63 488
87 126
764 192
224 551
16 111
16 233
16 125
572 103
765 192
766 12
767 279
342 201
342 551
768 552
204 553
530 339
591 496
477 554
769 555
322 361
262 47
534 314
770 556
90 47
501 557
771 3
1 301
1 0
565 373
565 255
565 558
565 377
565 481
772 231
385 559
385 560
527 81
773 561
774 47
269 75
269 562
269 546
483 483
254 37
428 120
775 48
287 163
159 359
159 282
159 257
630 563
630 469
525 564
525 61
255 29
255 565
567 566
566 54
566 567
221 148
424 568
520 569
520 292
520 240
520 570
520 34
520 571
103 272
103 572
263 573
585 393
585 400
776 104
777 574
310 105
54 366
778 261
246 208
246 128
479 379
355 23
355 531
355 19
779 71
373 69
373 575
780 314
508 192
508 459
31 148
31 377
31 38
31 122
31 576
237 76
237 577
237 578
237 579
237 580
636 132
781 94
49 581
49 160
49 189
499 456
499 455
499 315
499 196
782 325
71 525
32 318
32 422
32 64
380 473
380 175
423 222
423 582
203 379
203 583
267 52
314 584
314 180
314 551
314 241
242 168
242 64
247 151
247 127
70 245
70 327
70 208
70 496
70 11
70 248
70 37
236 533
236 122
236 341
329 213
393 585
393 586
78 77
78 310
78 67
78 587
78 31
78 272
517 218
117 138
117 455
117 5
117 387
117 431
117 588
117 251
117 589
324 590
496 591
496 70
783 592
217 593
784 117
785 594
516 218
193 172
193 595
515 218
317 390
786 596
173 471
173 597
460 9
460 378
460 598
787 478
787 0
787 341
292 67
292 599
292 600
292 139
292 176
265 453
265 601
96 602
521 34
521 603
788 604
472 199
472 605
61 606
61 607
61 160
61 112
61 34
61 452
61 509
61 149
61 326
327 365
327 21
327 455
327 80
327 56
327 149
789 241
789 64
790 178
791 250
333 240
333 260
194 29
194 125
118 256
400 19
400 377
400 306
466 608
258 29
258 609
494 133
792 148
535 610
793 611
794 217
795 67
22 612
796 613
797 614
65 249
507 59
798 160
48 615
48 64
127 106
127 247
128 365
799 29
122 165
122 160
122 616
122 617
122 125
122 254
122 611
122 70
122 618
122 615
800 619
596 620
596 471
801 71
617 122
802 104
803 105
181 104
518 218
804 376
202 621
377 87
377 610
377 434
377 400
805 112
450 408
457 337
457 622
457 239
457 623
80 112
80 63
410 160
410 170
456 365
456 499
806 624
806 558
74 625
74 626
74 627
807 628
302 359
291 67
291 292
808 629
10 10
563 630
196 499
214 631
809 0
810 498
810 397
810 59
810 377
811 632
812 312
813 23
575 147
575 373
575 19
814 455
33 217
33 72
33 5
33 38
33 249
151 6
151 218
815 633
815 170
375 366
543 5
100 634
609 258
816 205
817 81
132 608
132 296
132 635
132 636
111 16
111 136
12 29
12 213
12 576
12 105
12 637
12 56
12 411
306 400
