322 0
322 1
322 2
549 1
549 3
685 4
34 5
34 6
335 7
22 8
22 9
22 10
22 11
22 12
22 13
202 14
202 15
202 16
387 17
110 18
110 19
686 20
174 21
174 22
174 23
174 24
174 25
687 15
583 26
286 27
286 28
377 29
377 13
331 30
229 21
229 28
229 31
688 32
182 33
182 34
182 35
182 36
182 37
182 38
182 39
182 40
329 41
348 42
348 43
302 44
106 45
106 46
689 47
107 48
107 49
107 50
107 51
675 52
690 53
691 54
692 55
692 56
693 57
693 58
222 59
222 60
694 61
537 62
537 58
537 63
537 64
695 65
696 66
171 67
171 68
171 69
171 70
171 61
697 71
698 72
699 73
572 74
659 75
148 76
361 77
361 78
361 79
361 14
361 80
361 81
361 82
361 83
279 84
495 85
495 86
495 87
382 88
382 89
382 90
382 91
382 92
151 84
700 93
701 94
701 61
701 95
702 96
89 97
89 98
89 99
703 100
703 101
51 102
51 103
51 104
51 105
51 106
51 107
51 108
51 71
51 109
51 110
51 111
704 112
25 113
25 114
25 99
499 115
499 116
499 3
499 117
499 118
499 110
234 14
609 119
609 120
609 99
609 121
607 119
607 121
705 122
706 65
707 123
508 124
192 125
192 126
192 65
192 127
192 128
192 129
455 130
455 31
324 2
324 131
324 132
324 133
324 134
708 135
590 5
496 136
400 137
400 138
509 124
509 43
509 139
709 140
57 141
57 128
283 142
283 143
283 50
283 144
283 145
283 80
636 53
20 146
20 147
20 148
20 149
710 150
84 151
112 152
112 153
463 154
463 63
109 132
109 51
109 103
109 155
109 59
109 156
109 157
109 86
109 158
109 159
109 28
109 160
164 161
711 162
161 163
161 164
161 70
161 165
161 166
161 167
161 168
161 169
70 5
70 161
70 170
70 171
371 172
712 173
713 153
714 174
715 175
407 176
407 56
407 177
407 178
407 179
407 109
716 131
716 180
612 181
33 182
33 132
33 183
216 184
262 117
262 185
262 186
513 187
127 188
127 189
127 190
127 191
127 84
127 192
620 193
717 194
717 183
516 195
128 57
128 196
128 197
128 198
128 193
128 199
128 200
47 192
47 8
47 91
47 201
47 81
718 202
327 203
327 204
327 205
404 206
719 207
210 208
210 209
210 210
267 211
577 143
228 21
228 212
720 213
394 114
201 47
721 61
184 214
184 215
184 216
184 217
184 218
184 219
184 122
722 44
105 220
105 132
105 103
105 221
105 222
105 223
105 51
105 224
105 225
105 74
723 41
424 226
424 197
21 227
21 228
21 174
21 229
14 230
14 231
14 158
14 232
14 233
14 234
14 235
14 236
14 61
14 237
14 238
14 239
14 132
14 240
14 27
14 241
14 59
14 44
14 242
14 243
14 78
14 244
14 245
14 246
724 247
658 187
60 222
60 248
60 16
200 28
200 3
200 136
200 61
208 203
208 249
208 61
208 24
535 250
725 251
345 252
78 14
78 253
78 54
78 13
726 254
727 255
727 172
727 177
727 65
727 256
727 257
727 258
727 2
727 259
727 199
727 260
727 13
198 254
198 261
198 144
186 82
186 262
666 65
406 18
406 242
728 263
268 8
268 264
268 265
469 12
593 266
729 159
526 47
134 176
134 23
134 33
134 267
134 214
134 64
134 128
265 268
630 269
630 242
630 270
730 271
600 226
44 272
44 273
44 95
731 66
61 92
61 274
61 275
61 81
61 276
61 250
61 277
61 83
50 278
50 188
50 279
50 280
50 59
50 281
50 143
50 282
50 192
50 107
50 283
50 152
50 242
50 16
732 183
238 234
238 14
28 284
28 23
28 235
28 285
28 286
28 287
28 288
28 289
28 109
28 290
28 291
28 64
28 200
28 80
28 292
68 53
68 293
68 294
733 46
442 295
442 296
442 103
734 297
553 5
553 298
541 299
648 62
648 300
735 67
735 301
735 302
736 109
144 303
144 304
144 99
144 305
144 2
144 251
144 14
144 51
144 159
144 109
144 306
144 214
343 252
737 307
683 308
502 309
189 190
189 310
189 3
634 53
634 94
567 165
738 153
739 311
170 312
170 313
170 70
740 21
166 314
166 131
166 161
246 312
246 47
246 315
246 316
364 317
379 318
379 319
741 20
678 320
96 14
742 321
592 181
384 42
384 157
2 322
2 144
2 323
2 324
743 14
511 42
306 325
561 326
205 327
205 189
524 249
524 328
566 329
566 199
566 122
566 103
163 330
163 161
744 171
126 192
369 186
369 61
274 81
30 331
745 15
359 199
359 70
432 44
676 332
591 331
591 333
591 334
7 335
27 336
27 14
417 155
357 79
746 186
746 103
494 337
494 338
494 103
389 339
145 53
145 113
145 283
145 340
145 341
145 225
145 145
252 342
252 343
252 344
252 345
747 130
747 346
358 85
586 5
748 212
67 347
67 28
43 348
670 349
190 350
190 189
410 301
749 351
750 306
520 352
520 194
520 51
79 353
79 354
79 355
79 2
79 356
79 144
79 357
751 358
199 359
199 360
464 153
464 176
464 283
464 17
464 0
464 194
80 102
80 361
80 362
80 363
80 349
80 86
80 162
278 50
579 364
579 365
579 58
579 366
579 367
579 289
579 368
579 28
752 99
76 148
76 61
76 369
76 238
156 109
172 370
172 371
86 372
86 373
86 374
392 375
392 376
347 377
347 245
153 304
153 378
153 379
153 42
153 130
153 380
153 214
235 381
235 292
235 382
235 61
235 14
235 109
235 28
393 115
393 383
393 207
393 137
753 49
42 176
42 181
42 70
42 384
42 385
42 386
42 297
564 138
17 17
17 387
17 103
17 50
604 388
339 389
652 390
652 391
375 392
375 376
585 5
585 393
266 155
266 394
569 97
23 347
23 132
23 395
23 325
23 53
23 396
23 397
23 398
23 254
23 183
23 88
23 399
23 174
23 400
754 189
241 14
755 63
560 401
756 61
757 44
757 402
757 342
491 376
206 403
206 404
522 405
758 42
409 99
18 352
18 110
18 406
18 105
56 407
759 61
558 342
558 109
36 182
363 52
548 330
251 14
251 35
251 183
251 361
760 408
501 112
99 47
99 141
99 99
99 137
99 409
99 335
99 410
99 25
99 250
646 218
761 297
762 21
762 351
638 8
638 122
638 411
763 171
289 28
764 412
765 187
766 330
227 413
227 414
767 415
767 128
768 105
381 416
381 235
769 417
454 418
454 419
454 420
454 391
236 226
236 421
236 12
236 361
257 61
257 422
510 365
770 423
197 424
254 367
771 425
771 426
426 258
490 427
490 428
490 354
490 340
490 87
179 407
179 429
319 367
319 358
319 430
319 199
319 431
13 22
13 77
13 432
13 12
13 33
772 22
458 433
551 434
551 62
131 192
131 158
48 405
281 282
281 435
281 413
281 243
473 42
473 436
473 437
473 438
473 87
157 384
178 407
159 292
159 439
159 440
159 144
159 270
159 441
159 109
159 63
159 442
203 203
203 443
203 327
304 153
304 401
304 171
304 51
435 281
39 182
773 444
175 190
175 445
248 333
248 446
248 60
774 349
774 447
774 448
775 103
162 80
534 449
534 450
534 451
776 452
776 214
418 453
418 454
425 318
31 455
31 229
667 456
570 457
433 458
35 459
35 242
35 81
296 442
777 352
778 460
440 461
440 325
440 462
440 463
440 159
440 250
779 464
312 465
622 466
12 467
12 103
12 468
12 469
12 190
12 70
12 22
12 470
12 14
12 128
12 51
12 214
12 13
295 27
295 471
780 472
438 473
438 110
781 148
237 374
237 474
288 28
613 53
613 181
547 475
547 65
547 105
416 107
416 109
416 381
416 292
416 476
782 82
114 127
114 376
114 25
616 305
616 300
783 358
594 398
594 83
784 21
784 282
504 367
325 477
325 306
325 23
325 440
177 6
785 80
785 478
355 239
355 79
355 402
355 479
191 480
282 436
282 103
282 281
282 42
282 105
282 12
786 481
679 318
679 482
680 110
243 14
562 483
787 484
503 485
788 448
788 486
619 148
619 487
789 402
790 53
224 157
130 153
92 108
92 275
92 488
245 377
245 489
245 165
245 215
376 490
376 392
376 114
376 491
62 308
62 96
62 30
62 492
62 405
338 493
338 494
338 61
338 221
338 95
791 271
87 495
87 161
350 190
136 213
136 103
136 45
136 59
136 200
136 80
136 496
136 497
792 402
793 498
578 332
118 187
118 19
118 499
794 367
649 391
233 14
471 295
456 500
456 501
795 60
285 502
59 331
59 153
59 103
59 503
59 161
59 136
59 412
59 134
59 162
59 109
59 14
488 155
488 92
488 275
796 21
796 352
796 266
423 504
423 51
423 226
423 505
423 81
423 64
423 506
595 507
124 508
124 509
176 42
176 127
176 510
176 134
176 511
176 105
176 152
176 407
176 214
103 282
103 451
103 442
412 59
797 512
798 86
187 513
187 118
187 514
187 515
187 187
195 516
799 514
597 498
597 517
601 518
194 65
194 328
194 519
194 520
194 521
647 292
647 24
647 63
333 93
800 522
801 523
340 145
117 53
117 475
117 262
328 515
328 260
328 524
90 382
111 51
74 167
506 15
506 423
230 298
230 14
37 182
802 398
803 62
803 509
803 405
803 61
804 525
805 512
554 298
554 46
439 79
439 159
439 464
431 319
8 526
8 47
8 268
602 405
539 527
539 80
539 19
625 498
806 406
479 357
644 495
644 349
644 528
807 522
538 19
808 529
215 53
215 530
215 181
215 394
617 95
809 522
441 531
441 159
301 410
413 227
581 388
303 283
810 105
811 212
812 532
813 514
813 533
814 448
815 399
141 27
141 534
141 535
141 250
141 315
816 91
816 134
816 141
817 99
85 122
85 536
58 537
211 211
211 267
19 110
19 538
19 405
19 397
19 539
587 5
574 88
574 92
672 540
818 346
82 77
82 99
82 361
82 498
82 5
82 541
633 542
633 276
633 543
158 131
158 544
158 14
158 545
158 109
158 24
475 117
475 546
475 547
819 548
559 456
3 500
3 549
3 56
3 550
3 12
3 200
434 551
298 552
298 553
298 554
298 555
298 556
298 308
298 557
298 122
546 475
420 361
342 558
401 463
401 559
401 242
401 304
401 560
152 42
152 229
152 176
152 112
152 386
820 311
669 349
669 561
483 562
256 563
637 53
362 498
362 564
362 80
536 565
536 97
536 61
536 54
821 318
821 23
821 566
545 158
380 333
380 153
380 281
822 331
823 27
823 250
823 99
360 199
573 358
824 214
641 466
165 567
165 523
165 245
356 79
356 349
356 568
207 207
550 550
550 3
399 23
250 47
250 97
250 569
250 116
250 570
250 271
250 27
250 61
250 571
250 398
250 535
250 141
663 104
515 572
515 122
515 573
515 402
515 187
515 328
515 134
515 539
515 250
825 536
568 356
568 327
88 23
88 574
88 575
826 59
827 14
436 326
436 400
828 146
143 367
143 576
143 577
330 548
829 50
332 578
332 54
1 148
1 549
273 272
273 44
273 273
830 0
367 504
367 579
367 143
367 50
367 5
367 580
831 102
831 138
388 155
388 581
26 582
26 583
832 584
832 442
833 398
505 423
46 554
5 585
5 553
5 586
5 587
5 273
5 70
5 152
5 588
5 589
5 464
5 590
834 534
334 591
835 155
836 226
837 53
837 79
656 592
244 14
838 593
398 500
398 594
398 436
398 87
398 456
398 592
398 165
398 595
398 596
398 597
398 250
398 80
398 245
474 225
839 305
323 119
552 298
552 598
226 117
226 599
226 600
518 601
405 19
405 346
405 48
405 602
405 537
405 522
840 353
840 230
840 14
840 245
840 426
841 470
101 603
842 271
437 604
843 568
346 106
555 298
844 135
845 18
846 605
846 606
259 2
519 194
221 352
221 65
221 61
221 105
221 563
221 437
119 607
119 323
119 608
119 103
119 609
119 2
119 81
119 219
119 68
588 5
645 330
645 610
645 47
847 78
97 134
97 23
132 282
132 47
132 61
132 233
132 23
674 374
674 611
181 612
181 509
181 215
181 592
181 42
181 613
181 614
661 374
848 615
655 0
655 70
122 47
122 298
122 566
102 456
467 12
370 172
305 616
63 159
63 537
95 617
95 514
95 61
849 293
850 618
851 619
852 128
853 426
854 620
855 252
395 23
77 82
77 127
77 466
77 621
77 622
402 515
402 623
402 624
402 175
402 61
402 355
402 51
402 24
856 222
121 609
121 219
121 607
857 522
498 82
498 597
498 625
498 626
525 172
858 250
624 402
167 161
859 105
860 105
861 627
275 92
275 61
373 628
468 214
468 12
45 181
45 136
665 79
862 158
863 44
864 235
81 609
81 35
81 119
81 274
865 629
220 105
269 17
269 630
866 199
599 226
514 252
514 105
470 12
310 287
310 189
310 631
310 632
631 175
9 22
276 66
276 633
276 409
29 377
500 122
500 3
53 42
53 23
53 634
53 379
53 635
53 636
53 117
53 613
53 239
53 17
53 68
53 637
448 82
219 184
219 607
219 119
411 638
632 190
632 310
209 167
209 210
193 639
642 640
867 355
125 192
466 641
466 352
466 622
640 642
868 70
868 481
868 52
868 580
123 377
869 643
869 547
528 644
610 645
870 382
871 182
872 105
218 646
873 176
292 647
292 235
292 256
292 416
292 290
292 159
292 28
874 566
875 529
445 175
300 648
391 649
391 454
391 650
391 391
391 96
391 390
391 651
391 652
391 653
876 654
270 159
270 630
270 516
877 132
596 361
0 655
0 464
341 145
878 90
878 522
64 637
64 656
64 423
64 543
64 424
64 308
64 134
64 522
64 657
64 28
64 64
64 566
261 82
261 198
16 328
16 50
16 60
477 325
879 658
75 659
75 3
662 660
880 235
374 661
108 51
108 662
104 214
104 663
682 242
881 181
882 110
882 122
147 20
883 664
664 665
884 367
884 86
290 292
287 28
287 190
65 666
65 192
65 547
65 657
65 110
65 12
65 566
885 331
885 460
885 521
378 667
390 652
231 668
183 23
183 33
886 227
349 669
349 356
349 670
212 229
429 671
887 672
887 673
888 358
563 256
889 506
41 152
41 329
41 332
611 674
890 167
354 79
354 117
891 103
52 418
52 675
52 363
892 676
232 14
598 552
214 468
214 104
214 184
214 215
214 144
214 134
214 12
83 594
83 405
83 361
83 61
83 14
83 28
83 677
115 393
115 564
297 42
297 162
575 88
575 275
320 353
320 678
318 591
318 679
318 566
318 680
242 681
242 682
242 578
242 14
242 406
24 647
24 402
24 174
116 110
116 250
137 20
137 400
137 109
521 66
893 613
893 683
893 183
71 507
71 684
71 51
894 79
895 5
589 308
589 5
4 685
