610 0
641 1
641 2
550 3
596 4
449 5
122 6
122 7
122 8
122 9
122 10
122 11
122 12
122 13
122 14
642 15
212 16
643 17
263 18
263 19
263 20
393 21
644 22
33 23
33 24
33 25
33 26
33 0
33 27
33 28
33 29
604 30
645 31
29 9
29 32
29 1
29 33
96 34
96 6
271 35
271 5
271 1
271 36
646 37
646 38
646 39
646 40
266 41
266 42
266 43
266 44
266 1
266 45
647 46
483 47
50 48
50 49
50 50
38 9
321 51
321 52
54 53
53 54
53 55
333 56
333 57
333 51
333 58
333 59
333 60
333 61
333 62
333 63
648 64
473 65
473 66
649 67
649 68
272 37
272 69
272 70
272 71
272 72
338 73
338 22
74 74
74 75
74 76
74 77
74 78
74 79
99 16
99 80
591 76
591 73
591 81
591 82
591 83
482 29
482 84
650 73
650 85
650 86
90 87
90 88
90 89
90 90
651 91
70 92
652 93
653 94
398 95
654 96
308 97
308 98
80 99
42 100
655 101
391 102
12 103
12 26
12 104
12 105
12 106
597 107
656 108
616 88
657 109
378 110
378 111
658 81
229 112
229 16
659 113
638 114
638 115
638 37
467 116
467 117
467 105
467 44
144 92
144 8
144 118
144 119
660 120
661 121
131 122
131 123
662 124
662 56
221 16
221 113
221 125
221 126
221 127
87 90
87 74
296 128
296 129
480 130
663 131
619 132
664 13
319 133
101 134
101 135
101 136
224 137
224 138
224 139
224 16
224 140
665 141
282 142
282 143
24 144
457 145
457 59
444 146
444 147
444 148
666 149
337 150
247 151
667 152
207 153
207 0
207 154
207 155
207 156
207 157
207 158
207 1
207 159
668 160
669 161
304 162
304 163
191 164
670 165
671 166
237 167
237 168
237 64
310 169
116 170
116 16
116 171
116 172
116 173
116 174
116 175
116 45
116 46
166 89
166 176
166 177
350 178
350 179
350 30
350 59
350 180
350 181
350 182
350 183
350 184
499 185
672 186
261 53
213 16
213 187
552 188
673 189
674 179
570 190
164 191
447 192
447 59
447 193
528 194
14 195
14 196
568 197
675 151
41 198
239 199
239 200
222 16
222 201
433 202
155 203
155 204
155 8
155 205
155 59
155 206
155 29
155 207
676 155
676 208
16 187
16 209
16 105
16 116
16 181
16 210
16 211
16 212
16 213
16 214
16 149
16 32
16 215
16 216
16 217
16 29
16 120
16 218
16 219
16 220
16 221
16 87
16 222
16 223
16 224
16 225
16 140
16 1
16 74
16 226
16 227
16 228
16 43
16 229
256 230
256 16
256 201
256 231
256 177
640 115
677 232
678 59
477 233
477 234
168 235
168 236
168 64
168 237
168 238
168 66
168 239
25 33
89 166
89 240
89 90
126 221
679 241
240 89
680 242
680 243
324 244
324 245
305 246
305 247
305 168
305 248
305 249
443 250
443 190
441 190
316 251
410 6
410 213
410 252
410 37
410 0
410 253
681 254
682 92
48 141
48 50
200 199
27 199
27 33
458 59
683 52
683 16
201 255
201 16
201 222
201 256
91 221
91 257
91 258
91 259
624 103
684 260
685 261
49 50
513 262
589 5
19 263
19 264
432 265
238 168
1 266
1 267
1 11
1 51
1 59
1 268
1 29
1 142
1 16
1 269
1 239
1 158
1 270
1 120
1 271
71 272
71 273
159 207
159 274
159 275
159 276
159 277
153 59
535 11
686 278
142 143
142 59
142 279
142 280
142 1
142 281
142 282
687 283
22 284
22 45
22 252
223 16
688 5
688 177
364 285
689 162
689 286
689 287
689 288
689 289
274 186
274 290
690 291
290 274
422 292
422 293
691 178
692 133
294 0
128 294
128 266
128 9
128 295
128 296
235 297
235 298
235 299
235 300
439 301
693 302
693 168
163 303
163 43
163 304
549 178
248 302
248 305
533 306
516 307
516 258
516 308
516 212
516 309
169 310
694 214
695 311
695 312
695 51
695 313
695 16
695 314
695 315
217 16
251 316
251 32
450 88
450 317
450 59
450 318
133 319
133 84
696 320
697 81
606 321
323 322
323 323
698 324
698 133
698 325
468 315
411 37
411 220
177 37
177 92
177 105
177 256
177 214
699 324
699 116
700 326
701 327
615 328
518 184
518 329
330 204
330 330
702 331
487 145
51 332
51 311
51 59
51 105
51 321
51 333
51 314
51 1
51 334
51 233
227 16
367 335
367 336
276 59
703 59
314 13
314 89
314 321
314 77
150 337
150 276
2 155
2 29
2 161
2 302
162 245
113 221
113 338
311 339
34 340
34 341
34 342
34 343
34 103
34 96
34 175
34 344
396 345
396 172
704 346
704 320
627 77
61 8
208 142
332 347
332 348
332 349
179 184
179 92
179 44
179 350
179 33
578 351
98 13
98 308
15 37
313 352
475 353
475 314
475 354
60 277
498 355
498 356
498 59
498 109
303 357
303 119
705 358
469 163
469 17
368 359
368 30
363 360
363 208
275 13
275 159
8 122
8 361
8 144
8 72
520 362
325 363
706 364
707 365
415 366
708 367
30 35
30 368
30 105
30 369
30 177
127 176
127 72
75 74
709 370
392 279
392 371
69 272
69 261
69 372
446 100
446 232
446 3
446 198
446 373
446 374
555 163
555 375
555 16
555 376
555 377
110 378
356 379
710 1
545 184
152 255
152 380
152 381
152 331
575 252
711 351
712 339
713 382
714 383
714 39
714 193
375 263
375 199
375 384
375 95
400 385
400 120
400 159
359 386
359 199
359 56
359 387
715 388
505 341
85 292
85 64
526 72
716 389
426 369
102 390
102 391
102 214
279 96
279 392
279 352
154 207
65 393
73 207
73 362
73 394
717 262
172 395
172 5
172 396
172 175
172 397
40 26
40 334
40 398
40 0
501 143
424 297
718 232
630 39
342 34
719 399
554 384
385 400
385 333
496 344
553 401
720 251
539 132
539 243
539 331
539 402
539 96
539 403
539 377
245 162
245 119
245 404
721 405
721 176
722 255
722 406
722 407
722 408
409 37
409 409
295 128
295 252
37 265
37 410
37 411
37 104
37 37
37 412
37 177
37 15
37 413
37 383
37 414
37 205
37 134
37 415
37 416
37 417
37 198
37 418
37 170
151 247
723 419
724 76
724 170
347 420
725 140
292 421
292 422
292 47
292 423
292 64
297 315
297 186
297 242
297 424
297 425
726 426
199 359
199 261
199 9
320 149
320 427
537 428
727 7
132 243
300 235
464 175
464 105
464 370
242 297
242 426
242 16
242 235
242 429
728 430
507 209
13 244
13 122
13 152
13 76
120 110
120 431
265 37
265 340
265 22
265 432
729 153
202 0
202 433
502 420
205 205
205 155
205 37
205 434
593 45
593 168
593 435
593 352
394 73
394 95
322 436
322 266
322 74
322 59
322 105
322 437
322 317
322 392
322 12
322 122
322 22
322 323
730 29
731 331
731 33
732 438
609 0
301 306
301 439
301 374
301 413
301 440
504 341
190 441
190 442
190 124
190 443
733 59
339 250
339 311
339 217
442 441
123 56
23 33
147 205
147 146
147 444
147 95
232 235
232 334
187 445
59 185
59 308
59 446
59 447
59 448
59 449
59 152
59 212
59 359
59 261
59 384
59 84
59 450
59 33
59 350
59 451
59 452
59 46
59 453
59 9
59 153
59 454
59 118
59 455
59 155
59 456
59 317
59 142
59 66
59 333
59 273
59 281
59 457
59 30
59 51
59 458
59 336
734 459
598 155
598 460
264 461
264 462
264 19
735 84
397 172
112 229
112 427
112 352
302 463
302 2
466 44
105 322
105 464
105 16
105 30
105 44
182 184
348 332
31 122
44 465
44 266
44 105
44 450
44 466
44 116
44 144
44 467
44 302
44 45
158 1
158 339
434 205
736 468
17 255
17 112
17 469
17 446
203 155
76 22
76 17
76 74
556 470
556 471
220 16
220 105
220 252
622 389
622 59
326 51
405 72
171 116
737 423
738 74
456 0
456 132
18 76
66 395
66 472
66 473
66 474
739 266
353 314
353 475
563 204
740 443
244 324
336 134
336 367
741 327
476 476
569 197
56 477
56 367
56 478
56 149
56 84
56 318
56 317
56 333
56 479
56 233
56 123
130 480
742 43
417 168
417 64
270 1
270 84
639 115
743 271
267 1
214 391
214 177
84 56
84 185
84 481
84 411
84 11
84 482
84 59
84 133
84 116
84 29
84 1
744 16
745 179
47 483
47 292
47 484
47 485
145 486
145 457
145 46
145 487
746 488
474 66
747 489
747 145
747 236
748 122
83 207
83 490
46 59
749 212
750 236
751 198
293 422
491 420
491 491
752 478
753 492
753 493
754 494
161 495
198 37
198 29
198 41
344 34
344 334
344 496
344 194
755 3
278 30
756 497
756 498
757 235
572 39
173 116
758 250
628 310
628 77
185 499
185 84
185 59
185 29
185 500
185 46
143 501
143 282
143 143
143 239
759 502
341 503
341 504
341 505
341 506
209 16
209 435
209 507
262 508
262 209
262 243
262 509
262 510
262 511
262 512
262 513
211 16
509 52
135 101
760 3
760 514
760 105
633 515
309 516
149 56
149 51
149 362
149 16
149 122
149 320
413 37
413 252
329 517
329 518
761 77
761 285
761 498
761 314
761 22
761 273
451 59
117 467
762 519
763 272
9 29
9 122
9 18
764 369
379 356
362 520
362 521
95 3
95 522
95 73
95 523
765 59
766 427
767 423
594 524
140 224
768 235
141 392
412 115
420 46
769 318
769 525
770 411
72 272
72 405
72 8
72 526
521 527
521 528
521 529
521 362
521 530
519 155
519 327
52 29
52 521
52 509
255 531
255 152
255 17
771 35
306 532
306 298
306 88
306 533
306 301
772 304
119 534
119 144
119 245
119 303
119 184
119 334
119 320
119 511
773 159
11 0
11 535
774 536
428 537
538 538
403 539
10 122
631 540
215 322
215 541
215 120
215 16
215 542
775 384
280 142
28 179
28 33
427 233
776 221
776 265
776 198
777 33
380 322
373 409
373 446
435 51
435 81
230 256
230 304
778 261
481 84
779 490
779 201
547 543
547 115
547 544
780 521
579 92
184 463
184 30
184 84
184 181
184 142
184 119
184 545
184 182
184 179
184 518
184 350
184 546
543 547
281 268
281 142
281 59
281 548
781 453
782 47
783 240
178 549
784 45
357 303
390 221
390 102
390 252
174 116
174 16
3 297
3 314
3 95
3 332
3 550
607 551
170 37
298 306
298 88
32 29
32 251
32 305
188 552
146 444
181 179
181 213
181 16
181 184
181 334
181 350
785 232
544 543
786 443
78 74
384 553
384 554
377 539
377 555
471 556
471 51
471 146
471 557
471 471
471 370
404 558
404 245
404 252
629 559
787 109
560 51
560 560
560 561
788 562
461 383
789 548
204 563
204 64
254 497
612 564
612 180
612 565
576 252
299 235
268 566
268 494
186 297
186 274
186 174
253 567
566 268
334 181
233 51
233 112
233 84
233 218
233 427
233 558
233 334
790 47
139 122
139 224
791 161
197 568
197 273
197 569
197 163
197 175
536 570
617 384
617 21
792 571
793 572
793 573
383 574
495 161
252 355
252 575
252 74
252 413
252 576
252 242
252 142
252 577
252 22
252 511
522 342
794 104
343 34
351 369
351 578
111 378
92 179
92 177
92 70
92 579
92 166
92 580
175 266
175 132
175 43
175 84
175 464
175 581
175 322
175 116
175 16
175 548
175 324
175 166
175 1
429 34
429 453
795 432
63 277
63 446
63 63
63 582
796 583
797 447
798 282
370 471
799 500
206 145
206 155
621 584
800 242
800 463
124 285
124 190
801 162
802 585
802 586
802 415
803 587
804 588
455 36
5 589
5 271
805 590
82 591
82 435
806 133
807 423
808 380
808 427
6 592
6 96
6 181
340 265
340 527
524 593
524 594
809 221
809 581
810 232
352 112
352 288
352 313
352 593
352 12
218 16
218 143
218 595
558 233
107 596
107 597
460 598
460 2
811 334
620 599
180 180
180 350
812 600
148 601
167 237
813 417
813 602
813 603
813 604
813 30
814 605
225 367
815 321
815 606
104 37
104 385
104 59
104 212
551 607
58 333
55 53
816 239
382 608
479 559
625 609
0 202
0 456
0 610
0 11
0 375
0 16
0 40
0 207
636 611
817 612
121 212
234 255
234 477
234 613
234 419
156 8
156 61
818 614
819 47
577 252
328 324
328 615
820 0
88 616
88 306
88 617
88 298
485 47
511 262
511 252
821 234
822 116
823 618
226 619
824 107
635 248
825 221
825 447
826 266
827 550
828 322
599 620
829 448
830 59
831 486
243 132
584 367
584 621
371 392
389 622
484 131
832 187
21 81
421 623
421 304
103 34
103 218
103 624
103 142
103 12
77 625
77 626
77 627
77 628
833 322
559 629
39 572
39 630
540 631
574 383
514 632
515 633
100 311
834 634
118 59
118 144
835 530
258 472
258 91
258 516
68 151
269 122
836 13
45 46
45 22
45 635
45 44
542 479
611 636
837 177
838 478
64 292
64 16
64 237
64 279
64 64
335 367
20 263
43 16
43 217
839 252
431 637
115 412
115 638
115 547
115 639
115 640
318 420
