684 0
685 1
488 2
488 3
328 4
328 5
197 6
118 7
347 8
666 9
179 10
179 11
179 12
179 13
179 14
179 15
396 16
396 17
10 18
506 19
506 20
297 21
105 22
105 23
409 24
108 25
678 26
678 27
557 28
547 29
133 30
133 31
314 32
686 10
687 33
687 34
115 35
115 36
115 37
115 38
115 39
115 23
614 40
614 41
614 42
614 43
614 44
688 45
381 46
381 14
381 47
689 48
113 49
113 50
113 51
131 52
690 4
691 53
692 54
693 4
694 55
695 56
696 57
697 4
698 24
698 58
644 59
699 4
456 60
456 61
269 62
269 63
1 1
1 64
1 65
407 24
700 66
446 67
446 68
446 69
246 70
386 71
386 56
701 72
702 73
703 4
630 74
704 75
705 76
226 77
226 78
226 79
226 35
706 80
602 81
602 82
602 14
439 83
439 84
439 85
121 86
121 87
121 88
243 89
243 90
225 91
578 92
707 93
707 94
669 95
669 96
669 97
708 97
93 98
93 99
93 100
93 101
709 102
283 103
283 104
22 105
22 106
25 107
25 108
25 23
710 62
100 109
100 110
100 111
100 87
100 112
51 113
51 114
38 115
38 116
38 117
38 23
7 118
7 119
522 120
88 121
88 122
711 24
240 123
240 124
240 125
240 126
290 127
290 128
290 129
290 130
257 55
30 131
30 132
30 133
30 134
30 135
30 136
30 137
30 138
30 3
30 18
30 139
30 140
30 141
30 142
712 143
713 144
270 145
270 146
410 24
410 147
97 148
97 149
97 105
97 150
97 65
97 95
97 151
97 152
103 153
18 10
18 154
235 155
235 156
235 157
398 158
398 159
612 160
612 161
714 26
715 162
403 163
403 63
403 164
457 131
457 96
457 56
457 165
340 54
169 166
169 167
169 168
169 169
169 170
169 171
169 172
429 173
516 174
566 175
716 49
717 176
201 144
201 177
201 121
718 24
719 107
256 178
256 179
256 29
256 18
205 180
205 181
205 182
205 183
205 184
205 6
205 185
37 115
37 186
720 18
6 187
6 188
6 189
6 58
6 190
6 3
6 191
6 192
6 29
6 193
6 194
6 195
6 196
6 197
6 198
6 199
6 200
6 201
6 202
6 203
6 68
6 204
6 205
6 206
6 207
6 208
6 209
6 210
6 211
6 212
6 213
6 214
721 24
722 215
250 16
250 216
723 30
643 217
643 218
265 219
265 220
265 3
175 221
175 222
724 157
591 33
725 223
726 224
110 100
91 225
727 226
559 115
268 227
648 228
648 78
648 229
728 50
87 121
87 230
394 24
394 231
228 232
639 233
639 234
165 25
157 235
8 236
526 210
526 237
332 238
332 239
124 179
124 240
164 241
529 29
90 24
90 242
90 243
70 136
70 48
70 24
70 244
70 245
70 246
70 140
70 193
70 247
729 248
216 249
216 250
216 26
216 251
216 252
730 253
731 254
732 69
733 252
178 63
178 255
178 256
734 69
55 257
345 144
345 258
292 49
292 259
292 176
333 24
333 260
261 24
261 261
300 38
300 23
186 262
186 35
186 37
106 22
116 38
735 263
177 259
301 23
616 264
219 265
663 266
663 19
736 267
737 268
737 23
73 33
77 177
586 269
146 270
66 271
636 272
349 273
253 274
581 89
223 87
223 275
223 276
738 60
500 277
500 26
500 278
419 279
419 280
419 204
419 281
419 282
472 283
472 284
739 285
573 33
145 195
145 270
145 26
195 286
195 287
740 64
479 115
479 288
479 74
479 11
479 148
574 14
574 289
130 29
130 290
130 240
130 85
49 291
49 292
49 47
487 293
487 294
487 295
487 239
487 296
741 297
23 298
23 299
23 281
23 25
23 115
23 300
23 301
23 302
23 303
23 304
23 305
23 306
23 227
23 38
23 307
23 308
23 15
23 309
31 310
31 311
31 312
31 313
742 314
433 49
377 315
743 316
744 73
125 317
125 47
125 240
125 168
125 287
125 318
125 95
125 319
745 320
582 321
582 322
582 285
582 323
582 324
582 325
662 326
4 327
4 328
4 329
4 330
4 33
4 23
224 136
224 331
208 71
208 6
209 24
209 295
209 6
209 332
209 209
746 73
260 333
260 334
160 335
160 336
747 337
747 338
748 339
54 236
54 340
749 306
542 341
431 24
431 63
431 342
346 226
346 343
452 48
367 344
367 89
367 48
367 26
367 30
214 6
750 58
144 345
144 29
445 346
445 10
751 347
271 348
271 105
271 98
357 280
473 349
80 350
80 342
80 289
317 351
317 352
317 289
565 353
565 354
126 240
752 355
753 25
79 356
754 201
280 357
280 358
280 359
449 1
449 148
449 360
449 361
449 362
449 363
163 163
128 63
128 364
128 365
128 290
128 366
128 70
128 108
128 101
755 367
562 368
756 201
756 306
756 35
255 178
577 356
577 325
577 369
181 370
181 173
757 205
653 371
653 372
653 373
758 374
527 72
527 82
527 375
159 376
252 216
319 125
319 35
315 377
548 378
759 119
168 185
168 96
168 169
168 287
168 379
536 60
122 64
122 238
122 380
122 381
122 88
481 89
519 89
760 382
310 383
556 204
761 139
762 98
170 169
569 183
763 246
764 308
123 69
765 384
765 65
627 385
766 386
767 387
136 388
136 70
136 224
136 3
136 47
768 48
411 61
769 385
56 389
56 69
56 390
56 272
607 327
607 14
499 7
499 119
517 174
770 391
104 99
98 271
98 392
98 93
98 393
98 272
399 99
180 119
180 250
771 254
231 87
231 394
17 395
17 396
17 397
173 186
158 398
673 399
444 400
772 401
540 16
540 402
773 403
773 319
773 39
774 404
774 230
659 405
24 406
24 24
24 407
24 218
24 2
24 408
24 90
24 409
24 70
24 128
24 410
24 364
24 266
24 261
24 209
24 210
24 411
24 85
24 412
24 413
24 87
24 414
24 112
185 415
185 78
185 184
185 416
366 324
366 365
366 50
390 56
306 227
306 23
417 417
417 418
417 14
417 64
417 419
192 288
192 193
775 29
356 420
193 7
193 196
193 191
193 46
193 421
193 422
193 6
193 192
193 70
776 160
776 423
777 115
777 308
35 424
778 425
778 426
545 427
78 238
779 428
780 60
331 224
664 234
32 314
119 7
119 231
277 429
781 264
316 430
63 178
63 403
63 128
63 50
63 431
63 269
782 432
783 433
364 24
364 128
490 393
490 46
490 78
490 434
490 71
266 24
266 435
266 436
266 289
266 437
114 438
83 439
414 24
784 440
785 335
609 14
588 33
592 33
508 441
44 34
786 200
787 320
788 442
789 443
790 67
400 400
400 444
299 445
299 23
791 446
436 49
436 24
436 447
406 101
148 354
148 448
148 449
148 13
634 272
187 6
632 210
48 201
48 450
48 451
48 441
48 452
48 367
48 453
227 23
583 454
792 23
793 455
61 456
196 6
304 457
304 458
155 459
155 405
467 460
467 205
642 82
65 97
794 461
794 462
795 463
324 366
502 464
502 465
502 466
460 467
796 50
342 80
342 468
342 469
342 431
342 470
342 140
342 471
247 70
247 87
247 209
797 347
284 472
284 26
284 312
284 89
284 121
284 473
284 30
284 140
284 474
284 475
665 54
665 476
537 477
537 478
568 111
288 306
288 479
798 236
13 148
657 50
799 347
220 193
220 265
220 480
800 262
800 37
376 33
801 481
11 482
11 179
11 483
11 296
802 484
475 89
458 315
803 485
804 95
805 486
249 393
293 487
806 24
806 438
806 334
600 14
86 16
320 376
320 484
320 340
2 441
2 230
2 488
2 489
2 101
71 210
71 386
71 490
71 326
71 208
622 67
622 491
620 163
620 20
620 26
620 231
620 96
620 262
620 492
620 493
620 489
26 494
26 495
26 270
26 496
26 497
26 312
26 498
26 499
26 500
26 216
303 308
303 23
109 501
351 502
351 503
650 374
650 489
667 504
39 308
222 121
222 505
20 19
20 506
57 9
68 507
68 6
68 3
807 33
520 76
441 508
441 48
647 24
647 16
647 121
647 350
647 69
638 509
174 510
174 511
174 512
174 513
174 89
174 514
174 515
174 516
174 517
174 373
613 386
613 238
613 518
613 168
613 519
640 520
430 47
808 26
112 107
112 24
112 16
112 87
76 521
809 353
120 433
120 173
120 522
464 353
464 523
810 524
811 24
811 350
811 525
812 320
237 526
107 29
107 379
813 97
813 481
72 527
198 55
198 6
814 217
501 109
501 15
815 349
384 528
384 462
384 97
312 31
312 85
312 26
312 89
312 529
312 101
633 16
633 337
295 482
295 295
295 238
295 209
816 530
817 531
817 532
641 533
641 534
818 334
541 6
541 511
541 535
541 458
287 168
287 125
202 6
618 6
618 130
819 536
606 14
264 69
350 386
478 160
478 537
478 538
478 163
820 539
69 540
69 123
69 56
259 171
259 14
259 177
259 314
259 292
564 353
564 541
821 1
587 33
822 205
823 310
824 542
824 543
539 16
459 155
52 131
52 81
52 241
825 306
826 4
507 68
827 544
64 496
64 486
64 545
64 427
64 417
64 122
584 81
584 546
584 79
584 547
828 531
828 35
828 250
829 140
58 6
830 540
579 89
191 6
191 193
831 548
831 349
434 490
427 545
279 527
484 236
484 320
832 4
496 64
833 376
494 549
834 550
835 26
135 30
836 264
660 405
635 272
837 230
46 71
46 193
46 551
46 136
46 46
838 552
171 259
503 553
275 223
839 554
840 116
153 103
153 555
204 556
204 16
204 495
204 6
204 486
167 6
28 557
521 320
652 558
101 559
101 560
101 128
101 93
101 2
101 406
101 561
101 312
101 341
841 562
298 14
298 23
842 30
353 226
353 563
353 564
353 565
353 79
111 100
111 566
111 567
111 479
111 568
448 148
183 569
341 542
150 64
150 570
150 97
150 384
843 123
844 303
378 548
378 571
355 572
845 573
142 350
482 89
482 48
482 295
846 574
544 575
597 14
847 252
576 576
576 14
369 577
672 453
848 354
476 76
251 216
154 18
849 87
92 578
89 284
89 489
89 377
89 238
89 579
89 312
89 580
89 243
89 581
89 367
89 475
215 481
432 441
432 462
432 384
322 582
454 583
850 26
81 52
81 386
81 584
344 168
344 367
462 585
462 384
851 26
330 4
241 164
241 308
241 23
575 218
852 313
679 586
679 550
141 30
853 497
33 587
33 588
33 573
33 589
33 376
33 99
33 56
33 590
33 591
33 592
33 593
33 329
33 4
33 594
33 595
33 73
854 33
373 210
373 596
151 97
855 295
469 163
570 150
856 105
380 463
380 122
857 46
857 119
14 597
14 598
14 576
14 417
14 599
14 600
14 259
14 601
14 179
14 602
14 302
14 574
14 109
14 603
14 604
14 385
14 605
14 606
14 278
14 607
14 608
14 298
14 609
14 610
14 392
858 93
859 611
309 365
309 227
511 541
860 484
861 15
862 612
375 527
375 43
238 481
238 24
238 78
238 238
238 261
238 332
238 3
238 613
238 499
238 6
238 527
238 551
238 122
238 23
863 614
863 41
863 615
443 521
421 445
421 616
864 486
352 262
230 617
230 2
230 70
230 71
230 542
29 144
29 618
29 450
29 547
29 107
29 169
29 529
29 43
29 234
242 210
242 6
865 6
397 619
629 270
629 620
629 621
491 622
866 623
649 26
649 624
649 625
649 56
649 626
649 367
649 216
302 605
302 14
302 23
385 627
385 14
867 440
334 77
868 33
654 50
869 628
870 216
621 629
278 24
278 14
563 353
871 332
872 630
873 631
874 218
213 6
553 503
210 248
210 526
210 289
210 632
210 633
210 6
210 173
210 90
210 373
210 112
560 101
875 347
85 374
62 201
62 289
62 269
273 272
610 14
412 24
272 98
272 634
272 635
272 636
272 56
272 637
509 638
509 35
156 235
876 241
233 639
877 640
534 641
184 205
392 98
392 14
82 527
82 642
218 24
218 575
218 240
218 643
623 236
493 620
878 54
59 644
59 645
59 458
617 87
16 540
16 396
16 531
483 11
879 4
572 29
880 446
47 411
47 136
47 18
47 646
47 430
47 386
47 280
47 543
15 179
15 501
15 89
15 381
15 647
15 64
15 23
881 648
881 51
589 33
603 270
603 14
74 529
882 254
626 649
626 216
308 23
200 6
883 638
489 163
489 2
489 650
489 272
884 651
884 10
680 274
885 652
486 64
486 204
372 653
50 654
50 655
50 113
50 365
50 656
50 657
95 192
95 466
95 658
886 518
329 4
887 29
405 659
405 660
405 155
405 235
405 329
405 661
326 662
326 71
19 663
19 20
19 506
234 664
234 639
234 84
234 379
888 665
363 449
889 58
416 185
682 12
682 112
645 451
645 59
291 49
291 572
890 324
9 238
9 57
9 666
289 62
289 80
437 266
504 667
420 668
891 277
892 346
307 15
96 620
96 93
96 669
96 168
96 457
893 670
236 484
393 98
393 249
3 265
3 68
3 238
3 37
3 49
3 6
3 279
3 48
894 671
528 462
676 672
182 673
182 205
677 127
681 274
311 473
895 33
896 674
551 675
551 84
551 238
551 46
561 101
365 18
365 50
365 366
538 264
897 676
898 484
211 6
211 53
127 472
127 3
127 357
127 6
127 366
127 677
127 176
127 557
27 678
152 248
152 384
899 168
900 140
21 297
532 558
523 679
523 366
901 354
274 253
274 680
274 681
274 4
12 179
12 682
5 4
395 17
608 14
140 70
45 443
661 405
379 107
379 234
902 26
423 6
903 25
176 292
176 312
139 30
904 683
477 537
477 445
424 35
