578 0
2 1
183 2
183 3
183 4
584 5
584 6
641 7
642 8
178 9
335 10
335 11
335 12
547 13
547 14
547 15
349 16
349 17
519 18
419 19
419 20
616 21
330 22
330 23
83 24
83 25
140 26
140 27
140 28
140 29
140 30
140 31
140 32
140 33
140 34
140 35
436 36
378 37
124 38
124 39
124 40
124 41
124 42
124 43
124 44
124 45
124 46
124 47
124 48
24 49
226 38
226 50
226 40
226 51
226 52
226 53
226 54
307 32
307 39
112 55
112 49
112 56
263 57
263 58
331 59
331 60
41 61
41 62
41 63
41 64
41 65
41 66
259 67
289 68
289 69
135 70
643 71
644 72
296 73
296 74
106 75
645 76
485 77
68 78
68 21
68 79
68 22
68 71
68 75
68 80
68 66
68 81
540 55
25 82
25 83
25 84
254 21
254 85
254 86
98 87
592 88
592 89
592 90
592 91
592 92
646 93
647 94
648 95
361 96
361 97
87 98
649 4
650 99
599 100
207 101
82 25
573 102
651 103
190 104
636 105
636 106
652 107
653 108
464 109
464 110
464 111
464 112
464 41
125 113
125 65
125 66
125 110
125 114
75 115
75 116
75 117
75 118
75 68
511 119
654 120
527 121
655 122
656 123
657 124
114 125
494 126
494 127
494 128
658 129
659 125
356 130
356 131
173 132
108 133
70 134
70 22
70 135
70 136
70 137
660 138
589 139
26 140
623 141
623 142
661 143
662 144
662 139
663 145
409 146
664 147
290 55
150 148
665 149
666 150
667 146
668 151
187 68
187 152
55 153
55 154
55 112
55 21
55 79
55 155
55 71
55 156
55 157
55 158
55 159
55 160
55 161
197 162
197 163
445 164
669 165
557 166
670 14
670 39
671 70
671 68
38 167
38 168
38 169
38 170
38 61
38 164
38 171
205 53
432 151
432 172
440 173
490 58
672 174
292 175
673 176
673 177
674 178
201 179
327 180
518 181
675 71
35 98
376 182
610 183
676 184
677 185
678 186
152 187
387 55
33 140
33 188
634 189
104 190
104 191
481 192
679 193
679 194
680 58
480 195
480 196
681 122
163 129
163 197
682 198
179 199
179 200
179 201
179 75
683 128
684 202
565 110
565 203
565 204
174 205
465 206
685 207
65 65
297 208
53 205
53 43
53 209
53 210
53 211
686 212
572 213
430 113
430 173
430 206
272 214
272 215
272 216
272 217
272 218
562 219
562 220
635 109
687 221
569 222
569 223
144 224
61 225
291 38
291 226
291 227
291 21
291 228
291 229
291 230
291 231
291 232
291 233
688 70
119 145
689 234
690 235
453 236
453 237
691 227
255 238
692 239
282 240
404 241
329 242
329 243
329 244
693 245
693 246
694 247
283 245
283 248
283 249
385 133
385 250
304 138
304 23
208 251
208 252
208 253
208 254
603 255
475 256
695 257
473 101
696 258
696 259
276 260
697 134
278 86
266 193
266 261
450 124
99 262
698 122
698 263
699 58
700 264
471 265
701 266
702 173
703 267
354 140
500 268
704 269
705 79
214 270
214 271
214 272
214 193
117 75
706 193
460 273
460 274
244 14
244 275
244 276
244 243
244 233
210 53
336 277
86 278
86 279
86 280
86 254
707 24
708 281
249 282
249 283
249 124
521 198
503 284
709 126
9 38
710 285
711 286
625 287
712 288
713 289
714 290
232 291
498 24
715 68
716 292
717 293
235 126
718 30
719 225
720 294
399 243
721 295
157 55
722 296
251 297
57 298
57 154
346 183
346 299
723 115
723 300
724 130
630 301
138 302
138 303
138 304
725 305
315 306
541 296
590 307
726 308
604 309
264 310
298 57
298 93
486 311
486 312
417 230
417 313
561 314
64 41
306 315
359 316
363 317
425 318
535 49
100 132
227 319
227 320
227 255
362 68
362 321
362 322
362 55
362 323
362 23
362 324
362 325
727 326
180 327
180 328
233 329
233 244
728 330
729 122
59 331
730 201
496 332
496 333
574 163
731 231
14 193
14 166
14 334
14 254
12 335
12 233
732 139
733 336
734 173
209 337
209 338
209 53
539 339
294 57
735 340
735 341
735 291
736 342
389 343
457 344
457 138
457 345
737 115
738 130
299 346
310 347
56 40
69 62
69 60
739 61
333 61
463 126
212 71
17 348
17 349
405 310
405 350
423 351
423 318
431 352
740 353
741 93
742 354
130 355
130 356
130 357
130 358
316 65
316 359
743 183
571 360
62 70
62 356
62 41
62 318
62 66
62 148
96 361
325 362
744 329
745 363
745 247
746 364
747 365
747 112
391 366
748 367
438 119
438 368
749 142
750 369
750 68
750 370
750 371
750 372
750 373
751 317
16 374
16 375
182 376
182 268
182 18
182 241
182 269
182 14
182 377
182 0
182 378
752 379
753 380
754 241
755 381
755 12
756 126
358 382
358 154
358 173
358 130
155 383
242 384
242 385
242 329
618 21
757 40
757 386
758 387
452 382
343 388
343 389
262 71
556 166
449 390
10 335
759 358
760 391
761 392
762 393
763 394
418 395
418 396
533 385
533 378
126 397
612 93
4 184
764 398
765 181
156 55
156 145
156 399
766 400
398 401
767 124
459 226
459 402
129 110
129 403
768 257
769 404
770 332
350 405
771 406
274 407
146 408
146 409
146 246
772 410
536 411
566 412
773 413
774 414
775 224
776 42
776 415
567 107
777 145
49 134
778 71
13 416
13 13
230 417
396 418
377 419
580 420
305 421
72 149
63 41
63 101
779 422
622 141
780 199
367 351
367 203
781 186
542 202
318 288
318 423
318 78
318 424
318 414
318 425
782 426
782 427
783 241
73 129
784 175
785 428
786 260
787 429
787 91
401 430
388 416
388 343
788 279
788 431
789 84
442 187
790 124
791 318
792 109
172 432
337 209
497 433
497 434
497 21
313 417
424 425
424 318
311 435
793 436
793 437
7 279
220 438
794 295
795 439
796 440
81 191
593 441
797 57
798 442
799 443
413 91
800 118
338 341
801 197
204 112
802 317
803 21
804 123
165 444
164 445
805 191
806 446
807 404
301 447
808 448
390 449
390 139
809 450
115 75
115 316
411 451
348 182
382 452
810 122
181 148
237 453
246 235
811 454
811 455
812 21
812 438
111 456
813 375
344 457
344 303
517 193
814 22
814 412
815 458
127 195
614 233
402 459
462 460
816 461
817 231
588 39
393 21
393 122
393 317
393 462
818 463
154 55
154 93
819 241
820 71
821 52
585 464
206 430
206 465
206 466
422 358
422 169
822 98
392 467
508 468
823 469
48 10
48 470
48 178
48 124
48 471
824 472
824 96
101 473
101 107
101 63
118 75
256 474
256 475
256 476
256 477
256 478
256 304
256 291
256 479
196 145
196 480
192 481
60 109
131 355
538 482
579 317
545 483
323 145
323 362
94 484
825 67
243 257
342 225
77 485
312 486
826 487
576 488
238 255
827 241
828 70
829 188
153 55
28 140
830 69
831 343
58 489
169 38
169 490
169 491
169 492
169 461
832 93
132 173
833 91
223 493
128 195
128 494
834 109
332 495
332 496
280 86
280 124
50 226
50 497
50 406
835 498
836 382
837 35
838 208
188 499
839 500
110 501
110 129
110 464
110 141
110 502
110 503
110 504
110 347
110 505
110 506
277 336
840 507
167 33
456 111
456 356
841 91
842 508
843 509
844 241
845 55
568 510
198 511
410 182
560 512
560 244
846 288
847 513
847 244
848 514
397 126
455 515
193 193
193 468
193 516
193 517
193 91
236 205
236 381
236 518
236 519
51 226
849 10
23 520
23 330
23 53
513 21
513 146
513 79
850 521
421 241
851 493
142 522
142 233
852 131
122 523
550 524
853 8
537 525
537 526
19 381
19 129
19 406
468 461
286 421
854 447
855 289
856 527
374 16
857 528
858 71
859 473
1 268
1 144
860 529
861 530
30 531
84 284
84 25
529 532
309 533
309 303
309 244
862 534
863 535
864 398
864 536
526 537
865 193
866 39
867 296
868 305
869 538
870 353
543 462
543 539
543 202
467 236
871 206
200 179
487 540
158 446
591 541
95 225
317 257
872 75
202 542
202 446
202 543
873 68
874 544
875 545
414 241
15 107
15 546
15 547
594 548
594 179
482 37
324 549
524 121
524 550
461 154
461 169
288 551
876 234
876 552
319 414
877 91
626 553
878 554
166 555
166 556
166 193
166 557
166 558
166 480
403 559
447 308
267 53
879 122
880 291
88 87
881 560
314 561
314 524
406 86
320 227
320 562
882 563
555 564
407 79
512 310
512 560
512 565
412 62
412 566
380 567
883 351
510 568
884 499
885 173
222 569
79 55
79 21
886 268
587 570
476 256
381 211
887 115
360 571
360 366
466 206
888 61
352 73
213 572
889 573
889 574
890 473
890 236
18 575
219 562
219 4
74 296
891 204
437 193
248 576
892 49
893 577
0 401
0 182
0 578
484 94
484 356
484 173
386 50
386 188
386 265
37 1
894 122
375 531
895 579
434 497
896 291
420 580
170 581
76 302
76 124
123 39
897 582
898 161
899 583
6 584
353 3
353 574
900 585
581 38
600 39
901 586
902 587
903 461
279 588
904 589
260 142
905 590
145 588
273 591
273 460
273 462
92 592
441 593
906 71
548 594
582 595
907 596
907 182
907 597
907 363
231 598
231 291
908 599
909 597
532 600
176 601
910 208
211 602
211 603
211 604
211 381
211 605
211 606
211 53
252 208
509 607
598 231
911 110
20 608
20 609
912 231
520 610
563 611
913 612
133 175
133 108
275 496
638 436
914 184
915 613
631 614
631 615
631 255
916 204
917 173
918 126
21 497
21 616
21 617
21 254
21 79
21 291
21 286
21 618
21 71
21 231
21 619
21 346
21 451
21 620
21 621
21 160
21 159
141 21
141 622
141 623
229 68
919 243
507 624
595 593
595 582
920 540
433 497
921 625
921 406
921 626
303 627
303 628
303 241
303 244
195 346
195 107
195 629
195 128
615 630
615 631
615 18
615 21
615 198
615 405
189 632
189 633
189 634
586 249
355 131
575 635
575 633
922 211
639 80
923 351
54 65
54 148
924 358
925 358
357 224
357 130
105 636
926 637
85 638
85 254
85 233
85 296
85 303
85 144
927 122
80 639
928 640
929 130
