223 0
385 1
307 2
307 3
169 4
386 5
386 6
229 7
387 8
388 6
360 9
193 10
389 11
86 12
86 13
86 14
390 15
390 16
391 17
392 18
393 19
375 20
110 21
394 22
395 23
244 24
112 25
112 26
36 27
190 28
190 29
355 30
378 31
396 32
397 33
343 34
161 35
398 36
399 37
106 38
188 39
400 40
199 41
199 42
401 43
402 44
403 45
403 46
404 47
405 48
282 49
406 50
142 51
142 52
299 16
158 53
158 54
172 55
407 3
408 49
409 56
410 34
411 57
270 58
412 59
104 60
350 61
65 62
413 63
414 64
62 65
62 66
62 67
62 68
415 69
416 70
376 71
376 72
176 73
417 74
330 75
330 76
32 77
32 78
32 79
32 80
32 81
32 82
32 83
418 84
325 85
242 3
242 86
242 87
242 88
368 89
419 90
420 91
302 92
312 93
64 94
374 95
421 96
422 97
140 98
371 1
371 99
252 100
423 101
189 102
189 103
81 104
81 105
81 32
38 106
38 107
424 108
1 38
211 109
21 110
26 111
26 112
26 59
185 17
425 35
426 113
427 11
269 114
269 115
181 116
323 70
323 117
428 118
170 119
170 120
429 121
430 122
363 123
237 124
431 125
186 126
432 56
433 127
433 128
434 129
215 130
435 24
436 25
212 109
437 56
66 131
438 132
291 133
6 58
439 134
338 135
338 14
440 136
441 9
322 137
322 138
322 139
19 127
19 128
19 140
19 50
19 141
442 63
443 142
226 143
226 70
111 26
444 144
377 72
445 145
445 146
446 70
447 32
364 123
364 147
218 148
218 149
218 63
218 39
218 28
218 150
218 151
218 152
448 153
449 154
344 155
136 24
450 156
358 157
451 158
148 127
452 159
452 145
452 160
35 161
220 162
319 163
296 164
296 165
296 166
296 49
296 167
296 168
453 169
454 170
68 62
455 58
267 131
191 148
191 13
191 171
456 172
217 173
217 174
217 42
457 175
73 176
274 39
274 177
458 178
202 179
202 180
459 180
116 181
116 182
460 183
17 184
17 185
126 90
126 186
126 56
39 187
39 188
461 96
462 189
463 21
464 148
83 32
465 190
12 191
12 86
45 192
45 193
45 49
253 194
84 195
466 196
466 197
466 95
467 198
468 199
469 200
75 201
75 127
179 202
16 203
16 204
180 205
180 206
180 161
180 207
180 202
180 208
234 209
94 64
339 210
227 70
470 68
471 121
381 94
109 211
109 212
147 56
147 213
472 214
473 21
130 215
63 74
63 55
63 216
63 217
63 218
63 219
63 58
162 220
162 221
208 180
337 222
337 223
337 11
337 130
70 224
70 225
70 226
70 71
70 227
70 228
7 229
102 189
311 230
311 231
474 232
475 49
476 233
209 234
209 198
152 59
219 235
477 236
478 39
478 237
88 238
88 239
88 240
88 241
88 242
479 42
187 39
54 144
54 49
54 26
480 243
480 244
238 191
481 71
91 170
44 245
44 246
129 247
4 248
266 249
359 250
482 251
271 71
356 232
100 43
100 252
483 253
484 254
340 255
340 256
485 257
486 258
487 95
488 54
489 259
279 260
490 205
57 261
332 262
332 263
491 264
492 101
367 265
367 49
493 266
246 44
246 267
494 255
165 268
96 217
115 269
268 165
250 22
58 270
98 127
98 271
495 272
380 273
56 11
56 274
56 126
56 275
496 276
241 88
71 70
49 75
49 45
49 277
49 278
49 279
49 42
49 97
49 90
49 190
49 38
49 280
49 281
49 282
177 274
497 283
288 284
22 285
197 286
498 287
498 168
499 288
382 289
382 290
379 184
500 20
146 291
216 292
216 262
216 63
328 141
52 142
34 230
34 293
34 294
167 295
167 296
160 297
160 232
160 258
160 298
310 85
310 299
501 300
502 269
92 301
92 302
92 303
105 55
198 55
327 304
503 305
504 306
27 292
505 94
506 162
2 307
134 288
329 308
507 59
201 309
308 51
508 310
230 148
230 34
230 311
509 244
509 24
93 176
93 312
510 116
321 313
511 314
511 40
511 315
511 316
42 100
512 317
348 318
513 180
163 319
514 127
78 32
515 155
516 320
517 321
517 16
518 127
138 322
117 323
117 228
519 324
520 297
520 233
47 39
521 127
107 38
85 325
362 326
304 327
522 32
141 19
141 328
523 32
79 223
79 32
524 159
525 329
76 330
272 65
272 62
526 331
372 127
372 332
527 243
528 47
529 333
530 310
531 163
532 123
15 334
245 44
533 208
534 335
534 336
535 40
222 337
135 338
135 19
210 339
11 73
221 194
221 162
113 340
113 54
113 341
40 22
90 342
90 343
90 344
90 157
90 126
90 345
90 49
194 253
331 346
331 284
536 347
318 348
154 349
154 350
537 312
538 32
213 351
213 147
539 50
540 352
127 148
127 59
139 66
69 353
541 180
298 261
298 160
542 354
30 355
120 209
232 160
232 356
89 51
543 73
285 85
285 40
285 22
544 357
67 272
157 358
157 45
157 285
157 239
157 90
157 28
545 142
545 359
164 360
292 216
292 38
292 361
326 362
546 217
123 363
123 364
123 56
547 265
295 296
548 130
25 26
549 159
550 144
51 22
108 365
551 366
122 367
122 368
260 262
552 283
133 369
553 52
143 226
554 129
555 370
556 242
557 26
558 127
95 371
95 372
95 373
95 374
559 73
560 6
20 375
20 357
255 305
200 307
277 54
561 85
80 32
72 376
72 377
562 263
5 344
563 378
74 63
564 213
124 37
565 379
301 92
566 207
567 232
568 380
569 381
290 382
570 165
571 195
572 113
28 157
28 190
28 383
294 34
182 384
573 53
574 130
14 338
