572 0
1041 1
1042 2
190 3
1043 4
882 5
1044 6
1044 7
952 8
1016 9
1016 10
1016 11
964 12
597 13
813 14
813 15
148 16
148 17
148 18
148 19
148 20
148 21
148 22
148 23
148 24
148 25
44 26
44 27
1003 28
1003 3
1003 29
1003 30
463 31
463 32
463 33
954 34
540 35
540 36
1045 37
9 38
824 39
307 40
829 41
27 42
27 43
27 44
1046 45
112 46
1047 47
316 48
1048 49
1049 50
1050 51
945 52
945 53
1051 54
363 55
1052 56
262 57
262 58
1053 59
600 60
600 61
600 62
600 63
1054 64
1055 65
392 66
392 67
569 68
1056 69
1057 70
769 71
1058 72
126 50
1059 73
1059 74
1059 75
1059 76
1059 77
421 78
421 79
1060 80
887 81
762 82
956 83
1061 84
1062 85
720 86
897 87
529 32
284 88
284 89
1063 90
1064 91
1065 92
229 93
229 94
10 95
1066 96
1067 97
828 98
828 99
184 100
184 101
184 102
1068 103
832 104
411 105
411 59
688 106
688 107
1069 108
595 109
1070 110
1036 111
1071 112
504 97
26 44
26 113
1072 114
1073 115
1073 116
1074 115
1075 117
1076 118
85 119
1077 120
128 121
128 122
128 123
272 122
1078 124
50 125
50 126
1079 127
1079 128
1080 122
763 129
680 20
806 130
1081 131
642 132
766 133
766 134
766 135
389 136
1025 137
607 138
607 139
607 140
607 141
402 142
1082 58
1083 143
426 144
426 145
875 146
775 147
807 148
214 66
433 149
8 150
8 151
8 152
19 153
1084 154
895 155
895 156
330 157
741 32
741 158
1085 159
264 160
264 161
1086 162
360 163
360 164
1087 3
271 131
616 165
1088 139
549 166
1089 31
180 167
1090 168
981 169
1091 170
668 171
1092 66
788 172
476 173
989 174
323 175
323 176
323 177
323 178
323 179
167 180
1093 181
1093 182
100 183
100 184
1094 185
975 186
1095 187
1095 112
1096 188
929 189
1097 190
45 191
624 192
640 193
178 194
178 195
1098 196
1099 197
382 198
1100 199
1101 200
1035 201
1102 202
976 203
976 204
1032 205
1103 206
1104 207
117 208
117 209
1105 210
270 211
270 182
1106 212
434 213
66 214
66 215
581 216
240 217
384 218
384 92
384 219
384 220
46 112
46 221
1107 9
746 222
1108 223
1108 224
604 225
1109 226
396 64
1110 227
770 228
1111 229
1112 230
518 37
1113 231
692 232
1114 21
1115 233
1115 84
1116 234
260 235
260 102
260 145
260 236
1017 237
738 238
738 239
738 81
1117 240
1118 95
1119 241
1120 242
872 243
1121 58
1015 244
1015 63
1122 24
140 245
140 246
140 247
1123 122
1124 248
1124 249
1124 250
651 251
651 217
651 104
318 252
1125 253
501 208
501 115
501 254
1012 255
1126 256
994 257
235 24
235 258
235 259
235 260
1127 261
1128 139
160 262
160 263
160 264
160 128
777 265
75 266
780 267
702 268
889 269
182 270
622 184
622 271
1129 272
422 273
422 274
1130 36
665 275
847 276
101 184
1131 121
623 230
1132 277
563 278
563 279
563 280
1133 281
1134 282
1135 283
1136 284
511 285
1027 21
322 286
322 287
322 288
322 289
82 290
82 291
867 292
152 8
545 293
1137 294
998 295
998 296
998 297
335 298
335 299
335 300
335 301
973 302
1138 303
926 304
926 305
1139 306
1140 307
1037 308
1037 222
393 309
393 128
145 310
145 311
145 65
150 312
1141 28
687 313
687 314
48 315
48 21
48 316
1142 57
1143 7
1144 317
252 318
444 84
1 242
1145 319
1146 320
1147 257
177 321
177 322
177 323
177 289
177 324
1148 325
977 326
977 327
924 98
1149 328
714 329
157 330
157 331
1150 332
430 142
1151 115
698 333
831 208
831 334
300 335
1152 336
562 78
562 337
838 338
1153 339
1154 340
656 341
656 98
656 177
1155 342
1156 100
1157 187
472 343
472 344
513 231
1158 345
943 346
1159 279
874 242
1160 347
1160 348
1160 349
1161 350
1162 123
387 293
294 351
1163 230
239 352
239 353
1164 354
1165 355
1166 356
878 357
1167 358
1168 359
163 360
163 361
163 362
163 21
502 142
1169 131
1170 363
949 364
357 365
1171 366
485 367
1172 100
1173 368
1174 369
570 68
570 58
1175 315
1175 176
1175 370
1175 136
459 371
459 372
1176 373
632 342
749 350
999 68
999 374
16 375
1177 201
685 376
1178 377
1178 378
1178 185
1179 209
920 379
920 380
772 177
198 381
198 382
219 383
219 384
15 385
1180 386
1180 387
425 388
755 389
755 390
1181 391
1182 77
67 392
1183 393
1184 135
412 394
412 3
412 395
404 24
404 396
404 128
653 397
653 398
1185 254
968 399
917 400
917 207
814 401
424 288
424 11
1186 402
1187 66
1188 403
1189 401
246 140
1190 404
310 405
310 406
24 160
24 404
765 129
185 407
185 408
185 409
185 130
1191 410
105 411
1192 412
567 3
567 413
1193 414
1193 375
1193 415
1194 63
804 416
787 417
747 418
747 33
41 419
41 66
41 420
79 421
79 320
274 422
7 423
7 424
144 425
144 426
1195 427
1196 428
385 321
1005 429
154 390
154 430
154 431
1197 142
1198 432
1198 247
1199 264
1200 55
1200 429
149 433
1201 100
1201 434
1202 435
1202 329
805 436
805 130
731 115
183 100
183 437
183 66
341 177
258 139
258 235
258 438
258 236
547 198
803 439
884 440
880 441
414 28
414 442
490 331
84 443
84 444
84 122
84 251
84 230
84 445
84 446
131 447
1203 448
1203 449
383 219
1204 208
1205 450
1205 442
1000 451
863 452
195 178
603 453
603 76
1206 454
1207 455
555 115
1208 3
1209 456
936 457
1210 337
1211 458
372 386
372 459
372 460
1212 461
1021 462
1213 236
1214 463
1215 357
1216 355
503 464
1023 465
1217 466
1218 467
1218 414
944 129
343 460
343 339
343 431
343 468
343 469
343 21
343 470
343 471
343 104
343 472
1219 473
1219 474
1220 475
400 315
400 3
400 284
400 476
400 477
655 478
655 479
734 453
962 480
353 481
353 114
353 239
353 482
1221 328
1222 483
525 484
1223 293
1224 485
596 486
1225 448
1226 487
1227 488
1228 489
599 490
599 491
599 492
599 37
480 493
1229 494
1229 495
1230 496
1231 497
1231 498
1232 226
295 306
295 499
866 162
498 500
254 501
97 502
97 503
97 335
97 504
97 252
693 505
587 113
587 23
963 420
1233 506
1234 170
349 507
1235 440
1236 508
1237 509
1238 510
1239 511
961 429
961 23
759 512
231 513
231 110
231 514
231 515
473 437
151 516
151 343
151 517
151 518
151 519
151 520
151 521
151 8
1240 36
1241 522
1242 170
1243 397
1244 116
1245 163
1246 463
471 486
1247 523
200 524
1248 187
1248 525
1249 526
939 527
585 528
585 414
1250 529
1250 530
907 531
450 290
450 532
450 533
450 534
450 535
450 536
450 537
1251 236
869 437
482 128
1252 538
967 12
967 539
819 88
35 540
35 36
1253 541
107 18
107 542
107 319
107 543
1254 115
445 84
309 393
858 544
1255 545
1256 435
1256 381
1256 546
236 258
236 547
987 548
905 352
166 549
969 550
1257 551
95 76
95 533
686 552
115 108
115 553
115 554
115 555
115 243
115 556
115 557
115 558
578 559
625 342
337 560
337 528
337 79
337 561
337 562
337 563
337 564
337 565
1258 424
1259 566
68 567
68 568
68 569
68 570
68 571
564 337
0 572
1260 573
1261 372
868 104
1262 574
985 483
1263 575
1264 170
848 576
848 369
120 577
559 578
559 579
1265 580
1265 581
312 8
1266 582
1267 583
1268 584
1269 187
1269 585
1270 277
1271 586
1272 115
113 587
1273 76
217 355
327 588
5 66
1274 589
1275 131
1276 323
915 590
1277 591
1277 592
1278 593
428 594
948 142
365 357
109 595
1279 596
1280 597
1281 598
1282 288
1282 205
1283 563
1284 599
1285 425
1285 600
187 601
187 602
453 603
225 604
1286 605
1287 497
1288 606
139 139
139 607
139 608
139 58
1289 406
849 230
1290 163
1291 189
598 609
619 610
542 31
542 611
542 612
786 227
266 613
266 75
1292 614
165 615
165 616
179 617
1293 336
1294 235
1295 497
1296 366
1297 618
610 619
703 620
1298 621
1299 142
223 622
1300 84
1300 230
1300 623
1301 624
1302 625
1303 140
141 295
1304 292
1305 23
615 165
615 224
923 626
406 31
1306 37
784 373
1307 627
1308 115
916 191
916 628
408 185
1309 629
33 463
710 630
710 631
710 632
710 633
710 370
1310 634
58 139
58 635
58 636
58 637
58 262
715 3
715 135
1311 638
517 164
774 357
608 139
608 57
1312 639
1313 624
1314 66
1315 640
386 641
386 154
132 642
132 643
4 644
4 544
910 241
484 645
89 646
89 647
89 284
718 123
1316 648
288 649
288 650
288 322
288 651
288 177
288 544
288 652
288 653
1317 654
34 655
1318 656
358 657
506 658
637 52
637 659
637 58
1319 205
1320 351
986 660
1321 661
1322 448
1323 269
657 662
657 358
1324 262
1324 570
726 448
726 75
1325 639
1326 583
1327 46
1328 663
801 664
1329 405
1330 665
80 666
539 534
539 667
171 668
234 669
1331 670
1332 671
707 672
14 416
14 279
14 673
146 674
1333 148
230 84
1334 675
1335 676
1336 21
31 677
1337 678
20 679
20 680
20 681
20 236
156 135
1338 451
216 18
102 260
1339 682
440 683
376 684
376 3
376 685
376 686
1340 438
314 687
1341 688
1342 600
64 422
1343 689
1344 690
77 691
77 63
735 348
735 692
505 102
505 693
505 320
658 694
1345 695
1346 696
299 335
1347 697
767 698
739 699
739 700
303 425
1348 226
933 622
1349 701
268 702
602 187
159 703
159 79
159 704
159 705
159 169
159 706
159 235
672 707
74 708
370 709
370 710
984 711
51 712
51 713
779 267
3 714
3 373
3 715
3 716
3 717
3 400
3 404
3 412
123 718
123 719
571 720
1350 114
677 716
1351 721
1351 213
1352 293
1353 722
1354 723
238 724
573 725
448 726
448 727
448 728
448 449
1355 342
1356 20
972 729
1357 339
1358 412
681 20
1359 730
1360 131
1039 731
955 732
1361 733
170 84
1362 291
1363 221
443 84
443 242
1364 734
1365 563
347 735
740 736
740 737
724 738
700 739
633 126
992 135
736 740
296 741
1366 742
1367 339
1368 344
1369 115
460 7
630 743
630 194
630 744
630 745
222 746
552 293
418 257
418 747
1370 622
930 748
1371 637
1372 8
54 387
890 627
1373 350
350 749
350 206
461 720
461 750
209 117
209 751
489 187
489 752
864 162
864 753
290 390
390 754
390 755
390 82
1374 657
172 293
1375 756
1376 184
1376 757
659 637
194 709
1377 669
287 289
431 622
1378 758
1379 759
1379 338
1380 151
1381 760
1382 761
1383 762
1383 82
1384 613
1006 377
201 763
201 764
888 7
673 14
191 45
713 51
713 415
743 630
1385 714
129 765
129 297
561 337
561 226
133 766
297 193
297 767
1386 535
605 3
1387 225
155 100
155 54
155 592
778 28
1388 768
71 519
71 769
1389 66
228 770
479 771
478 655
275 334
650 772
1390 6
1391 773
1002 412
1002 30
1002 36
946 142
147 388
147 774
147 775
522 776
1031 629
742 31
742 239
265 777
1392 709
1393 31
11 438
11 424
1394 709
1019 600
837 598
966 94
1395 281
1396 644
1397 278
413 778
267 779
267 780
1398 135
586 168
1399 756
532 450
291 568
291 781
291 57
359 782
1400 115
373 357
373 783
373 784
373 3
373 785
373 656
417 786
417 787
1401 115
588 788
827 789
1402 172
1403 790
439 791
612 542
843 636
38 9
1404 385
1405 792
1406 13
833 793
495 494
495 794
812 795
812 796
812 797
812 798
812 799
1407 800
664 801
17 148
121 481
1408 675
1409 802
995 379
995 289
492 567
1410 803
416 804
130 185
130 805
130 600
130 525
130 806
1411 682
1412 807
1412 808
1412 809
1412 107
1413 495
663 810
1414 122
1415 680
1001 451
1416 339
286 811
286 322
286 812
1417 813
192 725
192 427
516 151
1418 814
1419 815
1420 199
298 335
468 816
468 817
1421 123
88 818
88 819
947 676
403 820
1422 821
1422 822
1423 823
1424 824
1014 825
1425 826
1426 142
789 827
1427 765
1428 828
1428 363
750 342
1429 57
419 41
419 555
419 829
409 185
938 90
1430 27
134 227
1431 830
584 487
206 350
950 124
1432 129
1433 23
960 208
530 709
530 46
22 148
1434 36
1435 460
334 831
1033 832
793 833
793 834
1436 835
1437 836
514 231
514 297
1438 138
792 11
338 837
338 838
321 839
321 177
500 498
1439 840
636 262
636 841
636 58
636 9
636 842
636 843
636 587
636 844
636 845
636 846
276 847
1440 35
1441 302
1442 576
329 714
1443 194
1444 335
1445 848
1446 849
1447 122
1448 427
652 642
1449 756
515 850
515 851
269 852
666 853
666 854
1450 172
1024 855
1024 856
646 89
227 857
227 337
544 858
544 4
1451 640
1451 859
1452 485
1452 645
1453 860
1453 861
1454 862
452 863
452 624
1455 36
1456 212
538 174
218 270
18 148
911 690
1457 649
162 864
162 865
162 284
162 866
1458 867
816 468
1459 293
912 4
1460 788
351 294
1461 437
1462 697
1462 247
497 576
104 251
104 343
104 772
104 868
104 869
886 870
1463 66
315 871
243 872
243 115
1464 594
1465 429
1466 873
242 142
242 874
242 755
242 443
951 339
1467 875
800 876
1468 877
893 78
893 68
893 878
893 666
732 115
1469 879
1469 22
441 880
996 881
188 279
1470 539
1471 258
839 608
111 882
1472 390
1473 434
913 881
753 864
1474 738
1475 122
173 800
1476 143
1477 806
1478 883
1479 568
902 884
1480 885
437 183
870 886
81 887
1481 684
1481 888
1481 427
1482 889
1483 890
1484 891
899 395
914 247
979 66
1485 892
1486 893
794 894
1487 511
1030 48
1488 895
237 896
237 663
706 169
706 782
706 643
706 159
817 468
87 897
1489 898
1490 160
158 741
796 812
454 497
438 342
438 11
244 899
1491 900
1492 495
1493 901
1494 902
631 613
631 577
631 903
1495 904
1495 551
1495 495
1496 905
1497 142
935 906
1498 67
263 160
719 123
1499 551
1500 640
1500 39
531 907
982 908
279 35
1501 131
1034 909
13 597
1502 498
374 910
690 911
690 912
1503 759
1504 844
481 913
481 121
499 914
590 915
76 883
76 596
76 453
76 65
76 916
1505 81
1506 917
1506 805
138 918
138 919
1507 24
379 920
1508 55
193 640
193 297
1509 921
59 411
953 253
953 922
953 57
662 871
380 546
626 12
626 923
594 94
1510 800
1511 463
1512 857
98 924
98 925
98 926
1513 372
733 147
733 927
469 343
469 608
1514 928
773 929
1515 930
446 84
446 622
446 931
446 216
1516 932
1517 152
1518 933
1518 934
1518 468
1518 935
457 936
90 937
90 938
1519 801
527 594
527 939
1520 512
568 68
568 27
568 291
1521 940
737 174
737 740
635 89
643 706
643 132
313 687
1522 941
28 942
28 943
28 4
28 778
28 414
1523 88
1524 550
1524 170
1525 165
1526 710
683 174
683 440
521 148
306 295
1527 102
791 765
791 944
558 115
1528 140
1529 35
52 945
52 637
634 273
676 946
676 97
676 947
676 255
676 948
717 3
491 599
1530 949
957 397
957 115
124 950
124 477
611 31
611 695
1531 339
224 615
691 77
202 401
125 351
278 563
423 7
1532 951
1020 576
1533 315
1534 139
1535 539
906 223
1536 144
1537 412
420 41
420 952
922 953
1538 954
537 450
207 819
1539 438
1540 955
83 956
628 24
1541 451
959 397
352 239
397 957
397 958
397 959
397 653
397 472
23 148
23 960
23 961
23 479
1542 962
135 715
135 766
135 227
135 856
135 963
12 964
12 626
751 831
649 288
1543 965
94 966
1544 967
475 505
1545 514
980 276
1546 968
1547 142
1548 969
1548 970
541 187
1549 877
857 788
857 971
1550 351
302 972
302 973
186 974
186 975
1551 563
991 885
991 273
647 89
442 796
1552 205
203 976
326 977
1553 978
1028 895
654 979
592 980
169 706
169 981
679 20
679 982
679 384
1554 983
277 454
1555 405
233 510
493 7
493 984
32 741
1556 208
846 247
61 600
483 985
660 986
86 625
86 323
317 94
1557 625
381 198
548 568
548 987
1558 515
1559 988
1560 20
1561 756
174 350
174 989
1562 990
273 991
273 422
716 3
716 992
340 835
885 993
346 994
346 337
1563 372
1564 995
221 46
221 69
748 826
748 930
748 235
881 996
881 997
1565 460
1566 677
39 998
1567 63
451 999
451 1000
451 1001
1568 249
1569 653
30 1002
30 1003
429 1004
429 1005
377 1006
1570 457
1571 1007
1572 217
1573 1008
1574 567
108 115
1575 545
528 585
1576 1009
1040 513
1040 1010
1577 1011
1578 1012
401 1013
63 1014
63 6
63 301
63 66
63 1015
1579 1016
1579 11
1580 1017
245 962
245 607
1581 1018
1582 551
1583 123
324 177
781 291
464 1019
280 257
280 294
280 288
1584 115
1585 1020
462 1021
1586 1022
1587 173
465 357
465 1023
856 1024
856 227
36 188
36 35
1588 275
1589 288
1590 1025
928 81
1591 1026
21 148
21 1027
21 535
21 748
21 217
21 1028
21 1029
21 1030
21 48
21 680
21 505
21 68
21 1031
21 59
533 95
533 450
533 447
205 1032
205 1033
205 75
205 1034
205 690
60 840
1592 1005
494 495
1593 541
348 735
554 115
997 881
253 953
1594 834
507 593
764 1035
175 323
293 545
293 971
293 172
293 1036
73 122
1595 610
339 733
308 1037
361 157
1596 170
1597 1038
1597 166
1598 755
1599 1039
1600 724
289 995
289 322
289 177
342 194
342 438
311 145
1601 611
1602 1040
1007 216
