776 0
777 1
115 2
115 3
115 4
778 5
56 6
56 7
56 8
56 9
56 10
56 11
56 12
56 13
56 14
122 15
122 16
122 17
122 18
122 19
122 20
122 21
779 22
591 23
462 24
780 25
781 26
545 27
545 28
545 29
545 30
545 31
545 32
545 33
545 34
545 35
782 36
783 37
607 38
784 39
440 40
440 41
785 42
786 43
787 44
787 45
788 46
214 21
443 47
515 48
515 49
515 50
789 51
790 52
296 53
9 44
9 54
9 55
9 56
59 57
59 58
58 59
58 60
791 61
791 62
641 13
792 63
60 64
793 65
430 66
154 67
154 68
665 12
244 69
794 70
677 71
677 72
338 73
338 74
338 75
338 76
338 77
338 78
527 64
527 79
433 80
413 81
413 82
413 65
413 83
413 84
413 85
223 86
223 87
540 88
540 89
540 90
602 91
747 92
106 93
106 94
739 95
795 96
116 97
116 4
116 98
543 99
268 100
206 101
323 86
109 102
109 103
109 104
109 105
57 64
94 106
19 107
19 108
103 109
193 109
193 110
420 111
31 112
796 113
4 114
4 115
4 116
4 117
270 63
797 118
798 119
502 120
502 121
20 122
202 69
202 123
202 124
202 125
202 126
202 127
202 85
37 128
37 129
729 130
799 131
675 132
675 133
675 134
416 135
416 136
451 137
451 138
451 139
800 140
745 35
801 141
187 142
187 143
187 144
802 145
803 146
804 147
609 148
805 149
573 150
573 151
334 152
334 153
67 154
354 155
806 47
361 156
361 157
113 158
113 66
113 159
113 160
113 87
113 161
113 162
113 163
113 164
113 165
113 166
241 167
635 134
438 134
68 168
565 169
565 170
807 171
808 172
183 173
183 174
118 175
118 38
809 176
441 177
441 178
108 19
631 179
810 180
810 181
332 182
811 69
812 183
772 184
813 185
310 101
261 186
54 9
54 187
652 188
287 72
264 186
264 189
264 190
814 191
815 192
105 109
105 193
394 194
394 195
770 104
595 196
595 197
816 198
149 199
817 200
818 201
818 69
818 202
819 68
819 203
820 204
421 111
101 205
101 206
821 207
642 208
642 209
822 210
69 211
69 212
69 213
69 214
69 117
69 215
69 216
69 217
69 218
69 134
69 170
69 171
69 219
402 220
402 165
823 221
823 222
824 223
313 224
313 225
751 226
825 167
826 227
128 228
128 229
128 177
128 230
827 52
828 6
559 231
559 21
559 111
568 232
568 233
829 16
286 234
286 38
286 102
286 235
286 236
286 72
286 126
286 237
676 71
481 238
481 239
437 240
752 241
164 242
830 243
117 244
350 245
653 221
409 246
409 247
831 230
832 4
766 248
674 249
418 250
418 251
833 230
731 115
834 252
834 253
834 254
172 255
835 256
836 257
708 64
373 258
186 259
186 260
186 261
186 262
186 263
186 264
473 265
473 266
473 267
473 268
473 269
63 270
63 271
837 272
837 273
554 274
127 275
127 202
838 276
158 113
158 277
158 278
839 240
840 246
841 279
70 125
70 280
70 281
70 282
70 283
70 284
72 285
72 86
72 286
72 137
72 287
72 38
72 288
842 289
500 290
500 291
500 292
843 293
605 38
844 294
845 295
263 186
846 296
847 297
848 298
29 299
190 264
175 69
175 300
175 133
175 118
21 214
21 301
385 302
646 87
646 303
646 39
849 72
582 304
850 213
229 128
721 305
407 39
851 306
852 92
852 307
852 308
363 286
102 208
102 302
102 309
102 289
102 286
102 310
397 311
853 101
160 312
854 78
224 313
262 314
262 186
262 315
262 63
262 316
262 317
312 160
96 78
439 318
855 319
219 69
219 320
219 100
219 184
279 115
279 321
279 322
856 142
857 323
52 293
760 324
858 123
858 37
90 69
321 279
321 325
321 326
628 64
859 327
381 328
464 204
860 195
603 38
861 101
862 157
182 329
182 330
182 331
182 332
182 121
170 333
170 69
170 334
170 335
863 336
278 79
278 158
864 92
865 276
865 337
298 205
866 338
867 339
7 340
710 113
868 93
388 341
869 342
870 343
506 344
375 171
871 345
660 346
660 218
75 338
75 78
75 347
75 176
586 341
3 92
3 115
3 128
3 348
872 327
873 349
245 350
245 153
245 252
422 351
874 352
144 187
144 13
139 238
139 353
139 354
139 355
139 192
360 356
360 357
875 358
876 359
877 44
878 360
879 247
156 361
488 362
880 134
162 165
881 1
882 363
883 364
196 96
884 268
884 219
446 365
485 366
885 342
307 177
886 80
123 367
123 202
576 368
479 369
887 370
887 39
617 371
617 372
888 137
889 309
890 373
891 374
695 87
504 153
510 367
892 375
598 376
598 31
598 30
327 101
679 211
387 133
693 377
693 153
893 378
129 137
129 37
894 286
163 333
163 87
895 170
896 379
667 380
328 381
328 43
328 382
897 383
898 384
899 385
18 122
900 386
900 387
341 388
341 389
757 390
757 391
901 392
902 393
393 394
903 395
904 396
905 397
906 78
907 398
908 87
523 399
523 400
486 246
189 264
909 401
910 121
911 69
55 402
55 9
55 403
912 175
913 239
77 338
914 404
915 405
39 406
39 407
240 408
240 409
916 410
352 383
352 411
520 412
82 276
82 413
533 69
533 4
533 414
537 415
135 416
135 324
542 417
917 238
917 418
918 142
111 419
111 228
111 43
111 44
111 420
111 380
111 421
111 422
111 423
111 424
398 256
398 425
919 20
114 4
114 426
623 427
623 428
920 429
236 286
85 430
85 202
484 377
5 87
80 431
80 191
80 432
80 433
80 434
80 435
489 399
489 133
489 362
489 308
306 251
306 414
688 436
688 437
581 438
581 134
581 304
921 439
41 440
922 441
922 442
923 443
365 444
365 445
365 446
924 447
457 220
457 286
423 111
711 302
711 448
673 449
673 238
353 450
353 451
353 452
353 432
353 139
198 149
925 93
926 453
561 454
561 163
561 428
680 288
45 455
927 456
476 457
476 85
928 3
228 128
228 111
228 230
929 146
930 123
931 458
88 440
88 459
132 231
359 432
316 182
316 3
339 460
204 461
204 231
204 462
204 463
204 464
204 465
668 320
547 286
165 162
165 113
179 466
179 467
78 338
78 96
351 468
508 469
612 381
273 250
932 470
933 247
463 204
468 471
265 472
265 191
265 473
535 93
535 389
318 439
432 353
432 474
432 475
432 476
432 359
432 477
432 478
432 64
934 479
136 480
935 481
703 482
703 242
305 483
936 484
366 485
937 486
252 245
110 207
317 487
26 96
362 445
362 488
362 489
938 353
370 490
939 460
940 491
941 19
942 363
943 254
944 492
944 493
945 92
340 389
450 353
450 390
192 69
946 494
947 495
947 496
947 24
947 497
947 324
948 285
949 230
950 160
951 498
292 499
292 500
292 501
498 170
120 502
120 476
276 82
516 503
178 441
153 334
153 504
153 505
344 122
344 506
344 199
426 507
426 4
426 414
469 508
469 509
952 510
953 196
953 246
627 52
954 511
43 252
43 328
43 512
43 513
570 342
955 137
956 514
330 182
49 515
216 69
957 219
958 516
959 145
960 517
630 518
630 474
630 519
168 69
168 68
168 520
961 96
326 401
326 321
962 521
400 522
400 523
400 380
400 64
963 524
964 525
53 296
965 239
285 72
966 219
720 526
967 467
65 113
968 527
726 72
237 286
419 528
419 111
969 529
969 530
213 69
213 531
970 532
466 179
281 70
281 533
556 534
93 106
93 535
412 536
971 374
415 537
972 538
458 539
973 130
275 127
331 92
89 540
89 541
724 133
417 542
974 308
99 543
588 544
588 95
588 431
975 545
8 546
8 56
232 529
194 394
234 547
431 548
431 80
431 549
431 550
700 551
976 552
572 38
977 553
274 554
333 163
333 170
771 112
978 509
25 555
534 556
979 557
686 558
231 132
231 559
656 64
980 96
981 560
454 561
12 157
982 186
725 401
983 562
64 506
64 43
64 276
64 532
64 400
64 563
64 432
64 527
64 60
984 564
169 565
124 76
124 566
124 202
762 167
985 397
986 460
987 69
567 567
988 568
989 96
655 392
990 248
435 569
2 115
991 163
633 161
719 288
719 570
719 457
525 222
992 167
993 571
621 572
295 573
76 338
994 30
995 544
401 336
574 574
48 515
697 388
996 514
707 199
315 428
368 575
368 576
713 577
997 184
998 539
999 578
66 113
564 579
564 341
304 580
304 581
304 582
651 583
1000 69
1000 213
683 584
683 585
1001 586
141 121
1002 245
544 587
544 552
544 588
522 400
1003 558
578 589
599 590
197 580
197 286
23 591
1004 592
1005 593
309 102
546 8
1006 198
1007 594
539 595
1008 596
390 486
222 597
222 35
727 549
727 428
1009 598
396 64
389 535
325 230
590 599
1010 600
97 116
518 519
152 334
1011 601
91 248
91 602
34 545
1012 372
38 603
38 230
38 118
38 572
38 604
38 605
38 606
38 242
38 286
38 607
38 72
1013 471
629 608
1014 88
1015 387
1016 609
1017 610
1018 611
459 612
550 613
550 122
550 614
550 3
550 615
638 616
1019 246
1020 617
1021 443
1022 618
1022 510
1023 619
1023 72
410 620
1024 621
1025 100
763 494
428 315
428 622
428 623
428 624
1026 470
174 183
174 625
709 246
709 121
606 38
320 39
320 219
730 626
730 130
579 564
579 627
84 413
1027 442
1028 363
1028 72
615 628
1029 15
608 629
474 265
474 630
1030 146
1031 122
1032 631
1033 632
1033 486
95 142
1034 256
161 633
161 579
161 634
161 113
134 438
134 529
134 581
134 635
200 597
376 26
742 296
395 69
1035 636
1035 637
616 638
672 639
1036 379
1037 640
50 515
1038 536
1038 641
208 102
208 642
258 342
604 38
604 85
604 643
604 644
538 388
538 645
1039 624
220 521
220 457
1040 646
1040 113
1041 143
1042 226
239 620
314 647
1043 648
1043 649
1043 453
133 650
133 175
133 489
133 286
583 651
125 44
125 64
125 652
1044 128
280 283
280 70
280 653
706 617
706 199
1045 476
1046 654
392 655
392 435
176 96
1047 656
1048 171
1049 460
159 113
1050 626
1051 657
290 51
322 279
347 529
449 658
1052 69
1052 170
218 659
218 660
1053 661
1054 341
738 662
283 70
769 663
1055 276
1056 111
664 664
1057 580
1057 595
1057 204
1057 312
1058 137
1058 665
1059 666
1060 171
380 142
380 111
380 667
253 219
146 87
146 527
1061 668
445 669
445 362
445 365
250 418
86 72
1062 670
765 585
765 671
639 672
639 580
1063 642
1064 44
1065 392
371 617
371 383
40 205
40 440
1066 44
493 565
1067 1
177 128
1068 238
203 673
249 533
249 674
71 299
71 675
71 676
71 677
36 93
1069 678
211 679
1070 72
288 72
288 680
1071 217
1072 107
657 681
610 51
767 585
1073 324
513 682
98 116
584 683
1074 242
289 102
324 648
324 684
184 509
284 70
284 280
1075 541
1076 167
1077 650
1078 324
188 64
1079 685
558 686
666 288
444 365
424 111
291 500
291 687
750 587
750 73
1080 304
487 550
436 688
0 216
1081 678
741 689
1082 489
147 690
1083 691
1084 692
1085 409
503 253
503 516
221 693
22 694
87 695
87 696
87 697
87 698
1086 699
1087 309
478 441
478 359
551 700
201 531
403 701
685 702
482 703
15 122
15 540
746 53
659 218
199 704
199 705
199 344
199 706
199 707
694 708
121 709
121 205
121 3
121 182
121 442
563 563
563 64
1088 38
1088 710
1088 711
1088 286
1089 238
1090 554
1090 712
587 544
1091 564
1092 246
577 713
1093 580
1094 714
195 654
195 532
748 715
1095 421
1095 447
532 716
532 662
557 717
557 549
1096 142
1097 226
1098 411
758 324
1099 36
1100 718
644 605
1101 719
1101 639
1102 329
526 545
526 720
526 721
497 722
61 723
555 724
1103 673
282 70
496 135
618 47
618 532
618 725
1104 726
1105 101
549 727
1106 593
1107 728
1108 588
1109 552
130 729
130 730
1110 43
411 352
348 731
1111 732
483 64
173 733
173 183
155 734
1112 735
79 527
1113 220
1114 533
1114 36
1115 341
167 586
83 622
83 413
171 117
1116 736
684 737
246 709
246 442
246 120
519 738
519 630
519 662
1117 739
477 432
589 578
754 740
692 401
509 650
509 741
505 742
247 409
687 291
1118 524
357 360
271 63
1119 743
643 604
1120 744
6 241
6 56
35 32
35 745
35 746
35 53
92 747
715 748
728 115
1121 495
73 749
73 529
73 750
1122 123
626 730
1123 589
226 751
378 545
378 752
378 753
689 414
740 754
1124 283
235 680
235 755
235 286
238 562
238 95
1125 529
233 756
233 474
391 223
391 757
205 101
1126 758
349 737
17 122
1127 759
1128 760
701 39
632 761
251 507
251 418
251 445
251 489
251 650
702 24
1129 117
1130 762
494 52
494 763
1131 764
1132 195
671 718
671 765
414 489
1133 737
1133 43
1134 766
585 767
585 765
714 570
1135 489
1136 489
399 768
1137 212
734 155
336 335
663 769
104 770
104 109
1138 675
1138 525
1138 35
448 79
507 251
507 460
507 426
1139 24
191 43
191 80
191 771
1140 486
1141 288
1142 772
749 773
1143 774
1143 387
1144 149
1145 775
142 95
