473 0
232 1
474 2
475 3
138 4
476 5
286 6
454 7
454 8
454 9
477 10
66 11
478 0
190 12
190 13
190 14
479 0
407 15
85 16
85 17
480 18
43 11
458 19
458 20
458 21
481 22
84 23
243 24
482 25
483 26
484 27
485 2
169 28
116 26
486 29
422 30
487 31
233 32
381 33
344 34
488 35
69 36
69 37
69 38
489 39
19 40
490 13
118 41
280 28
491 42
67 43
67 44
363 45
47 46
472 47
68 48
68 49
68 50
68 51
68 52
68 2
68 53
492 54
205 55
231 56
266 5
266 57
267 28
349 58
349 59
349 60
349 61
349 62
349 63
349 64
349 65
11 66
11 67
11 68
11 69
11 70
11 71
11 72
11 73
11 74
11 75
11 76
11 77
415 78
333 24
333 79
333 80
333 81
278 82
438 83
23 84
16 85
16 0
51 86
354 18
354 87
493 28
265 72
494 88
122 28
495 45
495 89
184 72
75 11
141 90
141 91
141 92
141 93
496 94
150 95
497 96
498 97
499 91
500 69
331 70
171 98
501 99
45 100
45 101
502 102
502 18
502 103
503 104
504 105
262 106
183 107
82 108
460 109
460 110
78 12
78 111
505 13
26 0
26 112
26 113
26 114
26 115
26 116
26 117
26 118
26 18
26 119
26 120
468 121
506 122
507 90
57 123
57 124
57 125
57 93
57 13
310 26
310 126
310 127
310 128
310 129
508 84
509 130
293 131
188 132
202 84
345 133
345 77
510 134
443 63
403 135
511 136
178 0
199 137
512 71
4 138
513 36
514 139
515 140
516 141
37 142
37 69
517 97
50 143
50 144
50 145
50 146
50 147
50 148
277 149
277 63
95 150
518 151
519 152
459 101
520 105
521 153
522 26
181 35
181 3
246 154
246 152
246 155
246 156
523 105
341 157
524 86
525 158
79 159
79 160
342 161
414 162
526 97
527 163
413 164
382 165
528 166
449 167
529 168
80 169
80 170
530 171
393 172
393 173
303 26
303 174
367 175
531 176
531 177
531 178
466 41
300 28
300 179
439 180
532 181
3 18
318 182
72 183
72 57
72 184
72 93
72 185
533 186
533 187
534 188
535 3
408 72
408 189
536 95
537 190
221 191
221 192
221 193
235 194
235 195
235 196
235 197
538 198
539 199
540 200
541 28
332 201
229 87
542 202
22 179
55 203
55 204
55 205
437 206
437 46
543 105
544 123
455 207
545 208
545 209
546 210
177 211
177 212
177 213
177 160
177 28
70 129
547 214
548 215
549 216
453 156
348 59
182 94
550 33
551 217
385 218
552 183
323 219
553 220
308 57
193 221
456 222
554 223
114 26
555 5
556 224
380 86
105 225
105 226
105 227
105 136
105 228
105 229
557 230
56 231
1 232
1 233
558 8
559 234
94 235
560 26
560 236
362 237
195 235
195 238
195 123
89 101
404 224
254 226
254 82
561 11
272 239
134 240
134 41
103 241
562 242
563 243
564 18
420 244
386 245
279 28
372 246
565 247
566 248
567 39
567 93
568 249
469 72
569 243
570 250
571 251
336 252
336 50
336 253
226 105
226 254
173 212
394 255
397 111
392 256
572 253
573 257
573 258
574 139
306 259
575 260
106 261
106 262
457 263
576 28
577 264
578 219
5 29
5 265
5 266
359 9
145 147
145 26
360 54
360 241
579 267
580 268
580 11
580 269
274 207
274 270
274 156
581 271
93 72
93 10
93 272
93 273
93 57
582 72
270 274
270 0
583 275
583 86
216 276
584 277
585 278
28 279
28 122
28 280
355 281
355 282
401 221
586 283
587 284
588 21
304 16
304 174
589 123
589 55
590 285
6 286
379 287
166 288
591 289
591 111
434 287
592 290
593 130
390 160
594 291
595 292
596 293
596 294
596 235
597 295
598 280
599 63
384 296
222 257
600 297
375 221
375 209
186 298
186 157
186 299
186 123
289 300
398 7
101 45
101 301
101 89
101 54
101 187
101 302
174 303
174 304
291 305
374 86
187 123
187 101
601 306
299 105
299 71
602 84
322 60
98 15
603 307
604 214
605 308
430 102
430 253
606 309
606 310
100 311
100 241
100 55
123 50
123 195
123 183
123 312
123 57
123 39
123 313
123 314
123 138
123 72
123 315
123 316
607 70
136 317
136 318
136 319
136 320
136 321
60 322
121 155
121 323
86 11
225 105
91 324
608 76
609 117
170 80
610 123
431 325
313 326
131 327
131 293
194 238
446 264
27 35
63 0
470 328
611 329
612 26
423 300
305 107
613 330
613 331
201 332
614 31
81 333
615 334
616 133
436 335
617 336
618 0
619 337
129 338
129 339
620 112
620 50
620 340
155 121
155 325
197 341
317 342
154 343
212 106
621 344
77 345
77 346
77 347
77 236
59 348
59 349
99 63
339 129
447 350
447 261
13 190
13 57
13 351
192 352
622 353
87 354
87 307
120 26
281 355
281 356
281 357
373 358
373 206
251 88
240 134
623 300
9 359
54 101
54 360
54 361
54 362
54 363
54 364
54 263
378 365
124 57
127 240
127 177
427 350
417 117
29 366
29 5
29 65
158 28
428 122
624 70
347 223
108 15
175 101
175 367
625 11
324 368
626 369
627 370
628 371
140 171
629 28
107 92
206 372
206 373
206 223
630 374
631 335
209 375
632 376
633 79
634 377
635 378
635 28
636 379
637 380
448 261
128 381
327 131
165 382
638 383
329 384
639 105
640 11
641 332
642 26
18 0
358 155
358 373
250 385
250 158
643 41
644 12
644 386
644 387
645 388
645 277
405 33
160 389
160 390
160 177
90 133
90 391
90 392
90 99
172 393
646 394
646 395
646 8
252 336
64 60
647 396
161 342
111 397
648 263
104 186
649 239
650 28
651 398
208 399
652 400
653 179
654 401
655 263
656 276
657 402
73 386
73 33
73 11
135 403
465 93
465 4
224 404
224 405
441 50
658 92
152 246
152 406
258 100
258 407
659 408
424 236
660 41
661 133
307 0
307 87
12 190
662 72
2 409
2 410
663 195
664 156
418 411
425 412
665 413
213 278
666 11
228 105
228 414
667 415
668 198
669 277
670 41
671 416
672 417
411 418
411 419
673 86
674 420
674 421
30 422
236 423
236 18
236 77
236 80
236 424
164 405
52 68
412 425
675 426
675 24
227 105
442 186
350 133
350 427
387 234
159 428
335 106
102 429
102 430
676 431
677 265
678 432
8 135
330 430
679 2
444 180
444 130
39 123
39 433
680 136
24 243
287 434
681 156
682 435
682 57
198 436
683 417
46 437
83 438
684 439
117 440
117 441
117 26
117 417
685 442
276 216
325 443
325 277
204 107
686 72
687 444
688 243
365 18
282 355
689 236
65 90
65 167
338 91
264 445
264 446
261 447
261 448
261 106
690 147
691 335
167 449
356 450
71 105
71 73
71 451
71 11
71 1
692 287
14 190
149 277
693 387
467 106
694 90
156 274
156 452
156 453
695 11
377 454
76 125
76 11
207 455
10 126
241 0
241 360
696 32
263 100
263 152
263 456
263 107
263 457
697 122
697 28
698 63
21 458
21 2
699 459
110 460
700 461
366 462
366 326
346 77
92 463
701 196
702 464
703 48
704 465
705 396
452 156
706 264
707 28
708 155
419 411
709 466
710 230
711 467
223 206
223 468
223 177
223 373
712 469
713 144
714 221
445 264
715 365
312 141
328 470
328 130
328 471
96 190
716 130
717 472
718 82
