28 0
28 1
28 2
28 3
28 4
28 5
120 6
681 7
681 8
681 9
681 10
360 11
360 12
1046 13
1046 14
1046 15
1046 16
1046 17
1046 18
1046 19
1639 20
1050 21
1640 22
67 23
67 18
1641 24
1509 25
1642 26
1643 27
1644 28
84 29
84 30
787 31
1147 32
1645 33
1645 34
908 35
38 36
1617 37
501 38
501 39
191 40
1246 41
1246 42
1646 43
1646 44
1646 45
1435 46
872 47
1647 48
1648 49
1048 50
1385 51
687 52
1649 12
1119 53
1268 54
623 55
623 56
623 57
623 58
623 59
623 60
623 61
623 62
623 63
677 10
620 24
844 64
1253 65
1650 66
23 67
23 68
807 69
807 70
1651 71
1652 72
1653 73
1225 74
1201 75
275 76
330 77
1524 78
1654 79
1655 67
1656 80
401 81
401 82
401 83
401 84
401 85
401 86
401 87
401 88
1094 89
1094 90
1094 91
1657 92
638 93
1658 94
1659 95
1660 96
1377 97
111 98
111 99
111 78
111 100
1070 101
188 102
188 103
314 104
314 14
314 105
1661 106
951 107
951 108
951 109
994 110
994 111
994 112
1662 15
1663 113
1088 114
1664 115
1665 116
1165 117
1666 118
668 119
668 120
668 45
465 121
465 122
1581 123
1667 85
1667 124
1667 125
1527 126
1527 127
1668 128
1668 129
1668 130
1605 131
786 132
1669 133
1669 134
1670 135
1671 60
1672 136
1673 137
1674 138
213 137
213 139
213 140
213 141
213 17
213 142
213 143
213 144
414 145
1675 85
1676 146
814 147
814 148
814 149
1677 150
1678 151
152 152
781 153
781 154
170 117
1505 155
283 18
1679 156
685 75
1443 157
1680 158
518 159
1681 160
1682 161
1528 162
229 163
229 164
1683 165
416 85
416 166
1684 167
1685 168
744 169
1686 11
1687 170
888 171
888 97
1688 172
302 18
302 173
1494 174
1494 175
1689 176
1689 177
1689 178
1689 179
1690 180
1522 78
45 171
45 181
45 182
1691 183
752 184
1692 185
1361 184
1693 186
893 187
893 188
1554 168
1694 189
1439 190
1695 191
404 192
1696 193
1387 194
658 137
658 99
658 195
658 46
658 196
658 173
340 197
340 198
1263 199
1697 12
1698 200
1588 201
790 137
790 202
790 203
790 204
1699 205
406 206
498 207
498 208
1700 209
1478 210
803 138
803 211
81 212
81 112
81 213
1701 214
1702 215
641 216
1703 217
1704 218
1705 219
1705 220
1519 221
581 222
270 223
270 85
900 224
900 225
900 226
1706 227
1707 228
1293 229
1293 226
1293 230
805 231
805 232
805 233
805 234
805 235
1708 236
1709 237
1370 238
1370 239
1710 240
1711 241
1712 242
1712 243
1713 244
1714 245
1715 246
1408 247
622 172
647 248
647 249
1716 250
1717 251
1718 252
20 13
1719 253
1562 254
1350 255
1350 256
1350 257
1350 258
1492 174
1592 123
1592 259
101 260
654 261
654 262
1399 263
1375 264
399 233
399 265
399 266
399 267
399 268
399 269
399 270
399 271
1720 272
1721 273
513 274
513 275
513 276
871 277
871 278
871 47
871 75
871 279
1249 280
1521 78
1518 281
18 282
18 283
18 284
18 285
18 286
18 287
18 288
18 289
18 290
18 291
18 133
18 292
18 293
18 233
18 294
18 295
18 296
18 297
18 298
18 7
18 299
18 300
18 301
18 302
18 303
18 147
18 188
18 304
18 305
18 306
18 307
1722 291
1723 18
75 244
75 308
75 309
75 310
1724 311
1725 312
104 313
104 314
104 315
1726 316
545 24
651 317
480 318
1335 319
284 320
284 321
921 322
919 304
1727 323
491 324
1728 325
315 104
315 326
315 327
315 18
634 328
634 172
1729 179
1730 251
1731 174
77 329
77 330
1148 331
753 332
1732 76
1586 333
194 334
1733 335
1734 33
396 336
396 337
396 338
396 339
1001 340
1001 341
1555 123
649 342
649 343
649 344
1154 345
1735 346
1736 347
1262 348
1737 24
1038 349
1738 350
903 177
1092 160
437 351
1410 352
1739 353
1740 39
1584 264
1741 354
1741 355
1619 68
1187 356
725 357
1742 358
12 359
12 360
294 361
1743 121
728 362
728 363
272 364
424 365
424 366
600 367
1744 368
273 369
1745 370
1746 371
1746 372
1026 373
1026 374
1026 184
1026 97
1026 375
1026 260
1026 10
1026 376
373 377
1747 361
354 378
1748 111
1749 379
1318 380
856 381
923 117
923 382
1193 383
1011 137
1330 24
1330 384
929 240
929 385
395 386
395 387
845 388
1750 389
1751 85
1192 138
1192 390
1192 391
1752 206
1753 322
1754 392
386 393
386 394
386 395
1755 396
161 397
266 398
266 399
266 400
266 401
266 402
266 403
266 404
1756 405
206 406
206 407
40 408
1757 93
1044 409
1044 410
1758 411
1758 412
69 256
69 68
69 413
1759 414
1401 415
1401 147
1760 416
1102 417
1102 418
1102 419
428 420
1482 421
1761 422
1389 423
365 424
1762 425
1763 426
1029 60
585 427
1539 428
1269 429
1764 430
940 431
105 311
935 44
1765 432
1765 433
1765 434
1043 435
1043 436
1766 437
1767 438
1768 439
121 277
121 440
121 441
121 54
121 442
1769 443
1470 444
520 445
341 129
1770 446
1770 447
1771 448
1772 449
1363 450
1530 451
1530 452
1773 453
1063 454
1774 455
683 456
1057 457
671 458
671 459
671 460
671 461
671 462
671 463
671 464
1775 465
884 466
1776 257
1547 467
293 18
142 468
142 213
1777 469
1778 470
1106 471
1779 472
1780 50
601 473
601 173
601 474
601 475
798 432
891 476
1196 477
1196 478
1571 259
1300 479
1300 411
678 24
318 480
1781 481
1010 137
1446 482
344 483
1204 484
1782 485
901 219
901 486
901 9
901 487
1783 32
1783 488
82 489
82 236
82 490
82 491
1502 492
1784 493
1785 494
1013 137
1343 83
1343 495
1343 496
1343 497
1786 260
1787 28
207 498
207 257
207 499
889 500
1788 297
1319 501
1319 250
710 502
1789 503
980 111
961 448
961 504
961 505
961 56
961 506
961 507
1790 508
1791 509
748 510
1792 511
878 512
1793 28
1794 316
159 138
159 513
159 514
159 515
159 516
159 517
159 518
159 519
525 382
1795 476
1453 472
1796 520
1325 521
1325 522
1325 523
1325 524
382 525
1797 260
804 92
181 526
181 160
1798 527
1059 383
1059 528
778 529
1155 331
1799 361
1800 530
1801 85
6 138
6 531
1582 532
1802 117
1803 533
1580 534
832 535
54 121
54 536
1804 537
1805 538
346 316
595 539
595 540
595 14
595 541
595 542
595 239
595 543
102 476
1806 544
24 545
24 349
24 546
1371 547
796 548
1807 549
1191 550
1808 551
1808 552
1438 508
1053 553
1809 554
1016 137
1104 555
1425 99
1810 556
1811 477
1811 557
1812 558
898 559
898 510
11 560
11 225
1312 388
1312 561
1312 562
1813 24
1813 364
934 563
1462 564
1814 565
612 566
734 567
1815 568
1030 192
1030 430
1030 569
1030 570
1030 571
1816 497
1336 572
138 573
138 574
138 575
138 576
138 577
474 233
536 578
1817 579
295 580
1818 581
1819 582
591 583
591 584
427 427
427 585
1093 586
33 587
33 588
33 589
33 90
1820 135
1821 590
584 591
1822 13
1087 592
1087 593
1087 253
1823 76
14 594
14 595
14 412
14 596
245 597
245 598
613 599
613 3
268 399
1114 600
1114 173
475 601
1352 602
1352 603
1352 604
166 605
1824 606
1825 607
1826 608
1827 27
1828 609
1086 549
126 78
377 293
1449 562
1391 610
1829 611
61 612
61 468
271 217
271 399
599 613
938 614
741 615
72 616
1830 381
1831 298
1832 617
1832 618
1833 483
1834 130
1305 619
1305 316
1305 188
1835 620
1171 333
50 621
836 622
836 623
836 624
836 407
810 512
810 625
810 626
854 627
1836 508
1837 628
178 8
1838 629
39 630
39 624
1273 631
1273 632
552 633
1220 524
1220 282
576 138
1839 511
942 431
1840 211
172 244
172 634
172 111
172 191
1841 635
1842 636
1843 637
1844 562
387 24
1306 308
93 638
93 639
93 640
93 641
93 642
825 643
1457 644
1457 645
928 646
928 535
928 647
1845 648
502 575
502 649
1846 103
1846 650
1208 616
784 137
1160 651
1847 652
925 653
1848 654
1848 655
459 656
459 384
459 420
1024 137
1189 507
1849 657
46 658
1850 659
1851 660
1851 661
1852 69
1852 662
920 663
920 276
1853 611
1068 664
1854 665
281 666
1185 667
278 621
278 668
278 669
331 670
1855 27
464 671
1856 672
1857 673
455 674
10 675
10 676
10 224
10 8
10 677
10 678
10 679
10 680
10 681
10 682
10 201
10 97
999 683
999 684
1858 685
1859 686
52 551
52 687
52 53
52 688
1860 689
1860 690
1861 691
1862 692
1863 693
1864 694
511 695
511 213
1865 696
1866 137
1867 361
708 697
1868 698
553 379
553 486
553 699
553 502
553 700
553 256
1869 701
1870 533
426 702
426 300
426 430
1871 703
1062 138
1062 390
1552 704
1552 331
1329 308
476 40
756 256
1872 705
1873 706
609 598
863 558
863 578
1874 707
322 351
322 627
1374 708
1374 709
1374 132
1875 710
1331 331
1876 711
674 712
1877 713
1878 714
317 715
1879 71
1342 379
324 244
515 716
515 159
1012 137
1880 361
542 717
542 327
542 718
542 719
542 595
542 487
1881 720
1882 274
1883 160
722 721
722 722
1403 723
357 724
357 725
954 374
616 726
616 72
616 727
616 136
616 76
616 728
1884 729
1884 730
1884 731
1636 732
397 161
397 432
1355 316
264 733
567 734
1074 735
1885 521
466 736
466 245
313 104
313 737
1886 738
1503 739
1887 137
1887 740
615 741
615 742
1345 743
1888 744
1889 99
8 10
1890 745
463 649
463 746
463 671
463 747
301 481
1511 396
1511 748
1511 718
1891 749
70 750
70 751
1378 752
467 753
1892 754
1892 755
1893 201
913 756
1894 757
1894 10
1895 382
1340 363
13 758
1896 508
370 121
370 759
733 264
184 752
184 760
184 761
184 762
184 711
1631 763
846 764
289 260
289 765
289 18
289 131
624 39
560 11
539 766
539 174
539 767
539 623
539 275
539 768
539 595
539 769
539 770
338 771
338 361
338 360
486 553
1897 468
1628 772
1898 256
1313 728
1899 773
1900 774
1017 775
1017 171
1430 776
1373 777
529 778
212 81
212 242
987 763
1271 779
1271 86
1481 244
701 377
1272 383
1901 298
403 349
1902 582
1903 780
1903 173
153 781
153 782
1904 783
712 674
412 784
1553 785
1905 766
1905 46
1906 786
1907 787
204 788
204 789
204 248
204 790
204 791
204 792
204 793
204 794
204 795
1908 796
432 797
432 798
432 308
432 799
432 18
432 519
432 397
1909 800
1909 634
1910 801
1911 802
211 201
211 803
1912 393
1912 804
234 805
234 462
405 806
979 150
574 557
574 807
1913 808
1914 809
1915 539
1021 462
1021 549
626 261
626 810
579 811
579 812
579 813
579 482
579 256
579 100
579 425
986 557
1916 814
1237 282
1917 815
1480 816
840 817
1033 818
1559 819
1918 820
1351 821
1095 822
1071 823
1244 824
643 825
724 357
1297 826
1919 827
1560 828
1517 829
1517 408
1920 830
160 831
160 580
160 832
160 181
963 833
1921 761
1550 61
1922 834
1923 835
1359 836
1359 16
1359 837
1359 838
1359 839
817 840
817 678
1186 841
1186 253
1924 155
1925 842
1925 843
64 844
764 845
764 846
764 493
1197 478
985 847
1598 52
202 848
705 849
454 850
454 24
255 224
255 851
255 401
1926 15
993 852
993 853
1927 390
1275 265
765 380
765 91
402 509
627 854
1928 855
381 856
648 857
1929 858
1542 859
339 719
339 396
1390 372
1930 860
1931 227
1932 159
1933 589
1934 861
1935 862
376 621
376 863
376 864
376 865
376 866
1936 867
516 868
1937 869
1587 870
47 871
47 872
1938 873
969 138
1140 874
1140 875
1939 18
1940 876
1941 877
512 878
512 810
512 879
848 880
1242 377
1242 881
249 882
1515 883
1942 884
1942 885
1943 886
1943 563
97 479
97 887
97 888
116 889
1944 890
526 836
526 181
1945 891
1946 892
343 893
343 188
112 894
112 549
1947 221
1383 262
958 127
1948 533
1949 804
1950 604
702 426
1951 819
509 87
965 895
965 896
965 897
1952 124
1953 94
1954 221
1955 898
27 90
27 899
27 744
1956 900
1956 400
1251 901
1251 902
1957 903
1405 904
1958 648
89 905
1959 853
147 205
147 906
35 907
35 908
35 111
1386 909
49 910
967 407
967 911
1099 912
1099 913
1099 266
1960 616
1961 914
849 915
849 705
849 916
849 917
434 271
434 918
434 919
276 920
276 726
276 921
1270 472
1270 279
1270 922
171 923
171 924
653 925
653 926
1962 748
1963 407
1964 927
1965 234
1966 56
241 99
1967 928
528 929
528 930
528 213
1968 931
1969 18
195 488
1970 932
1971 933
1971 173
122 465
777 934
329 935
1972 936
164 937
164 229
164 510
469 938
469 939
1078 940
1078 941
1078 250
1078 942
789 943
1265 944
1170 945
1170 946
947 947
1626 763
959 211
1973 948
1974 949
1975 623
1976 384
1427 950
563 951
563 952
563 282
1977 20
451 880
1338 884
1338 953
1018 137
1133 361
1978 160
1420 601
374 954
374 241
1252 955
94 956
94 957
1979 563
438 958
543 396
1566 959
1980 960
1981 961
910 49
910 962
1982 366
1367 192
1367 99
1983 99
393 386
393 713
833 963
833 9
833 262
833 964
1984 28
895 965
933 646
1234 883
1234 966
1283 813
407 967
106 968
106 969
1985 970
236 82
551 971
1986 972
1987 270
1303 973
1303 974
1988 361
834 227
1578 975
1989 616
1990 124
1991 730
1992 24
1993 181
742 741
1311 302
1311 976
1311 863
1551 977
1994 978
1543 948
150 979
1995 3
1996 980
1997 361
327 981
327 982
327 983
981 859
1585 746
1998 603
1224 78
1224 984
1334 985
557 986
703 987
703 988
1999 658
1999 235
1066 225
1066 989
2000 990
2001 574
131 991
131 198
2002 41
2003 992
2004 66
853 993
853 994
853 111
853 352
1490 174
2005 995
1134 210
533 137
533 996
533 997
533 998
2 658
2006 666
2007 262
1064 669
1064 999
2008 1000
2009 322
347 129
347 1001
286 689
286 131
286 1002
286 1003
286 295
286 549
286 1004
774 142
907 60
137 503
137 1005
137 1006
137 16
137 1007
137 1008
137 1009
137 1010
137 1011
137 535
137 280
137 269
137 1012
137 1013
137 468
137 298
137 1014
137 692
137 1015
137 1016
137 297
137 148
137 1017
137 790
137 1018
137 1019
137 784
137 1020
137 1021
137 533
137 1022
137 401
137 1023
137 481
137 1024
137 1025
2010 1026
2011 383
242 212
242 462
242 1027
2012 1028
60 668
60 1029
60 932
1028 911
570 1030
2013 1031
818 137
818 1032
818 1033
950 1034
950 1035
950 1036
950 1037
260 593
260 101
2014 1038
456 1039
456 1040
2015 519
1419 1041
1419 9
1419 256
1032 1042
435 521
435 1043
410 1044
2016 147
1111 1045
559 898
2017 331
2018 948
2019 1046
26 1008
2020 1047
2020 1048
2021 1049
2022 233
2023 185
2024 179
2025 1050
1332 1051
897 965
219 901
219 9
219 274
219 1052
219 266
219 1053
219 1054
219 1055
219 496
219 1056
457 670
457 1057
460 1058
2026 1059
2027 1060
992 995
2028 1061
2029 1062
2030 384
850 1063
669 1064
669 278
669 1065
225 1066
225 1067
225 11
664 586
664 1068
1274 1069
1274 1070
823 1071
1076 66
1076 72
2031 486
2032 943
1079 1072
2033 186
364 1073
364 162
735 1074
735 251
1426 99
874 603
2034 486
2035 361
1572 331
1428 1075
639 132
1183 52
2036 1076
2037 688
1406 218
2038 397
139 1077
1284 813
2039 124
2040 1078
2041 1079
2041 82
1149 128
1149 1080
1149 1081
1149 94
1149 1082
2042 24
490 82
2043 786
2044 138
2045 1083
549 1074
549 616
549 1084
549 1085
549 1086
549 18
549 112
549 1021
549 10
549 865
549 264
261 654
261 361
261 626
1243 1087
114 1088
2046 668
1266 123
1266 1089
1266 1090
1266 665
693 260
1056 219
899 27
2047 256
2048 1091
2049 1092
1132 719
2050 1093
2051 1094
1052 469
468 137
468 1095
1397 250
1467 748
1461 1096
1523 1097
1523 78
1308 1098
1131 654
1131 1099
1131 383
1131 1100
1131 1008
1131 27
1131 1101
1131 9
419 1102
2052 462
303 18
2053 1103
217 608
555 1104
2054 1105
259 1106
924 137
1366 557
926 381
76 931
309 1107
309 16
452 409
452 1108
1123 604
2055 1109
1595 1110
1045 1111
2056 1112
547 1113
547 544
547 0
547 365
547 546
173 544
173 1114
717 885
717 542
2057 115
546 830
2058 524
1228 1115
841 946
296 18
1142 1116
208 627
936 1117
1496 395
2059 1118
2059 10
2059 1119
2059 1120
652 222
652 76
652 1121
2060 420
74 736
2061 748
2062 96
224 255
224 97
224 123
2063 176
2064 976
2064 114
517 1122
517 159
2065 805
2066 1123
2067 238
1310 1124
2068 1125
1258 1126
182 1127
182 45
2069 1128
2070 885
1089 971
2071 1129
2071 870
2072 1130
328 1131
1454 85
719 983
719 1132
719 542
719 164
719 34
719 339
297 137
297 1119
297 204
297 871
297 658
297 18
297 837
297 189
1014 137
2073 540
277 121
2074 777
2075 1133
640 364
2076 593
1339 928
1577 374
30 159
2077 1134
1061 414
866 376
409 1135
409 1044
409 452
409 1136
409 1137
409 1138
2078 1139
875 1140
2079 330
795 1141
2080 575
2081 152
2082 1142
168 827
168 778
1520 78
2083 890
2084 1143
1295 1144
53 1119
53 862
1532 1145
2085 1146
2086 12
15 1046
15 1147
15 20
15 1148
755 111
128 176
128 242
128 1149
1049 1150
746 1151
746 1152
746 736
2087 59
445 1153
445 520
692 110
692 1154
692 1155
692 1156
692 1157
692 1158
1065 1159
1065 669
2088 56
2089 508
2089 76
2090 714
2091 18
240 1160
240 0
240 361
240 1161
2092 1162
2093 1163
506 961
117 1164
117 923
117 1165
117 1166
117 1167
117 1024
92 519
92 1000
92 1168
2094 45
737 313
737 203
368 431
2095 1169
2095 282
1129 187
946 1170
2096 1171
799 923
799 1172
575 138
922 863
2097 1078
2098 749
16 1046
16 137
16 1173
16 45
2099 373
2100 1174
2100 1175
876 616
2101 1176
2102 525
855 1177
716 1178
716 515
2103 1179
333 158
2104 248
2104 578
2105 616
932 1180
541 76
442 66
2106 1181
349 24
349 593
349 280
2107 1095
2107 525
350 1125
350 162
350 33
350 1182
350 1183
350 1184
350 89
667 1185
253 1186
253 1087
2108 324
356 1187
1276 1188
2109 45
1504 720
2110 1189
879 512
1210 1116
1210 1190
1210 810
1210 436
1210 522
1210 1191
391 1192
2111 608
2112 1193
2112 1059
2113 324
291 242
1146 120
1146 1194
2114 1195
478 1196
478 1197
2115 1198
2115 1199
1531 46
2116 143
1537 1200
1393 160
2117 890
1288 1201
1288 127
1288 1202
1288 539
912 1099
912 1203
484 759
484 1204
2118 378
2118 936
2119 1205
2120 736
2121 967
2122 1161
144 142
144 213
906 147
366 1206
366 830
1635 964
2123 1207
2124 1208
2125 824
1623 24
1282 269
1177 1209
1177 855
1190 1210
2126 1211
554 1012
2127 1212
482 111
1544 1213
2128 1214
1411 692
2129 534
2130 1215
2131 1216
2131 1217
939 1218
939 964
1596 1098
1596 1219
1326 1220
793 204
2132 1221
362 617
362 728
2133 1222
1570 1223
984 1224
2134 1225
2135 1226
2136 162
129 1227
129 1006
129 1228
129 341
1445 1229
1121 652
4 749
4 28
1534 463
209 674
1285 593
759 1230
759 1231
1222 1170
1222 1232
1222 1233
2137 601
966 361
966 394
966 1234
2138 171
2139 1233
2140 1235
2141 1236
282 1237
282 1220
282 563
282 1238
282 14
282 1239
282 1240
282 18
282 9
282 671
282 1241
282 1242
2142 1243
819 1244
2143 1245
85 416
85 880
85 270
290 129
290 18
487 901
487 542
487 396
41 1246
2144 1247
2145 616
2145 1248
280 137
280 93
280 349
280 1249
2146 1250
892 599
1321 76
189 1251
189 889
489 82
1569 117
48 503
2147 773
791 950
791 204
791 804
955 1252
65 1253
830 24
205 147
2148 177
2148 486
2149 977
2150 736
1315 117
1280 734
422 659
2151 1254
1022 137
1022 1041
1615 1255
1168 86
1168 1256
1168 964
1168 855
1168 92
1376 179
305 18
2152 217
594 14
1436 621
1436 426
1436 1257
666 1017
666 204
2153 1258
2154 1220
894 86
79 1259
1549 566
1549 831
1536 1260
1536 45
2155 1170
2156 40
2156 1261
348 1262
1279 1092
1279 1263
1279 515
1512 90
968 106
968 1264
944 1265
1126 961
1054 553
394 11
747 463
747 1266
1040 1012
2157 1267
429 1268
429 1269
279 1270
779 1271
1621 255
2158 78
2159 1272
136 616
632 121
632 1273
1466 1178
1069 1274
675 10
1431 989
265 399
265 1275
440 121
1188 1276
1433 890
1382 515
21 1277
21 1278
21 1279
21 1280
21 28
1353 764
1353 1281
269 1282
269 266
1175 447
813 1283
813 1284
593 1285
593 1286
593 349
2160 1287
1475 341
2161 1288
86 1289
86 1271
86 1290
86 693
2162 1291
2163 1292
230 1293
230 614
2164 1294
2164 145
1144 1295
2165 344
1219 1296
1423 99
2166 1297
1298 1298
1298 1299
659 404
770 46
375 888
479 1300
660 1301
997 533
88 611
663 325
342 893
1526 769
1180 935
413 69
413 901
2167 408
655 922
655 438
1513 1267
2168 938
2168 1302
2168 577
2169 233
2170 500
619 1303
619 147
619 631
619 974
619 1119
619 43
619 1304
619 1118
619 1305
619 10
619 248
991 1306
2171 302
1098 1307
1098 1308
1098 1309
1124 1310
2172 1311
2173 1312
851 255
2174 1313
2175 1314
2175 1315
2176 1316
42 1317
2177 1318
2178 334
250 431
250 816
250 848
250 1319
250 598
250 361
250 436
250 989
503 137
503 892
503 948
1432 282
177 977
1604 1320
1604 742
2179 217
17 408
508 76
508 1321
2180 1322
625 436
983 1323
2181 1324
521 1325
521 1326
916 849
682 10
2182 147
2183 260
110 1327
110 994
110 3
110 1328
308 1329
308 1330
308 67
670 1331
670 457
670 331
1051 1332
2184 1333
231 805
727 616
319 1334
319 416
319 1335
319 868
319 244
319 401
2185 1336
815 945
815 436
815 1337
2186 1338
1031 90
1031 1310
646 928
646 1339
118 250
2187 784
2187 1340
2187 1242
379 553
379 627
379 1341
379 113
379 1342
83 1343
83 59
2188 1344
743 1345
743 474
2189 1346
2190 12
448 961
2191 574
535 137
535 1347
535 1348
535 1349
258 1350
2192 1351
1323 719
1323 983
604 1123
604 1352
1529 239
2193 108
1027 1353
1027 1354
316 764
316 1355
2194 1356
2195 1357
837 670
837 1358
837 1178
837 21
837 1359
1035 1360
2196 138
1233 1000
1233 1170
827 168
246 593
2197 1361
1039 137
2198 1362
450 1363
450 1364
751 1365
751 1366
1259 33
1259 1367
239 238
239 1368
239 1369
239 595
239 1370
239 350
1458 599
1458 507
2199 159
32 123
1198 1371
2200 251
2201 1147
2201 562
1413 1372
1227 129
2202 238
1416 562
1286 593
1182 946
1006 129
1006 297
109 1373
109 653
109 951
363 363
363 1374
363 728
363 84
1556 1375
179 274
179 677
179 1376
179 1377
2203 274
2204 159
2205 1378
2205 503
2205 1379
2206 1380
2206 1369
1574 206
1574 1381
1611 208
9 1382
9 9
9 282
9 1056
9 1383
9 1384
9 262
1211 948
51 1385
51 1145
1164 1386
1164 117
1625 115
2207 1387
736 746
736 977
2208 1235
2209 708
423 1388
423 176
423 1389
423 28
2210 647
372 1390
2211 147
610 1391
2212 1392
2213 56
1281 256
1557 1393
1557 1394
1557 1395
2214 829
2215 1396
2216 892
436 1397
436 1210
436 815
436 1043
436 250
436 524
2217 1398
1195 1031
1195 805
1195 27
1195 334
1195 1369
544 1000
544 90
544 424
2218 1117
885 717
885 28
2219 557
263 1399
145 1400
2220 688
2220 1401
2221 1402
2222 210
2222 1403
2223 1369
2224 764
2225 1404
2225 438
1364 827
1364 450
1301 1405
2226 319
2226 1406
2226 1407
247 85
247 1408
2227 708
2227 1409
425 975
425 1410
425 432
425 68
425 1411
425 1412
1372 1413
2228 1414
2228 78
2229 138
2229 736
2230 370
2231 558
2232 264
2233 1415
562 1416
562 124
562 1312
2234 1417
531 6
531 442
587 33
2235 15
256 1418
256 69
256 975
256 1419
927 1420
927 1421
927 1422
99 241
99 1423
99 111
99 316
99 1367
99 1424
99 1425
99 1426
1299 1298
2236 1427
642 93
2237 616
1075 841
1075 1428
1075 946
1075 1429
248 519
248 1102
248 911
248 204
1417 1170
776 1430
1632 989
989 1116
989 250
989 1431
2238 457
2239 169
2240 951
2240 1432
1483 432
2241 901
890 1433
890 704
890 1434
890 714
656 459
2242 1435
1622 621
1622 1436
1622 780
1622 1437
2243 1318
1456 111
2244 100
937 246
937 164
2245 72
1618 1438
1618 136
2246 1439
1348 535
941 1440
2247 1441
1058 460
505 961
2248 314
2248 213
1125 1442
1125 346
1125 350
1125 765
1125 598
58 1443
1579 293
1579 1444
2249 1096
1472 52
1472 1445
1041 1446
2250 1447
2251 1448
847 0
1314 1449
2252 177
2252 484
2253 1450
700 1451
493 764
902 1452
902 1320
902 189
902 82
2254 553
2255 884
2256 330
1245 1453
1289 86
1289 1454
2257 384
2258 1455
721 722
2259 1456
1533 1457
507 1458
507 961
507 1459
507 213
507 1189
507 1131
2260 1460
2261 959
802 1314
1115 1228
2262 854
2262 213
1525 3
2263 1461
564 1462
564 1463
564 1464
2264 47
2264 848
2264 982
2265 1465
1178 1466
2266 703
2267 171
2268 1126
2269 1467
2270 413
1465 1350
1624 1468
1575 1469
2271 831
2272 50
444 462
444 1470
2273 1471
2274 1472
1476 1473
1476 1474
1476 1401
1568 1475
441 121
1473 1476
2275 497
210 1477
210 1478
433 694
63 623
540 1479
540 873
540 1078
540 511
540 210
380 826
2276 1201
2277 1480
2278 1481
421 1482
2279 300
2280 1483
1113 547
1241 282
1241 1484
1241 245
1241 598
1241 1485
1241 1486
337 396
174 147
174 539
174 1487
174 428
174 1488
174 1489
174 250
174 1490
174 1491
174 1492
174 1033
174 1493
174 1494
572 960
572 1495
1477 94
1172 796
2281 1496
2282 274
2282 78
2282 1497
1463 1498
1463 111
462 671
462 1021
462 18
745 1358
2283 1499
244 324
244 1500
2284 1501
154 1502
739 1503
2285 1380
304 919
720 384
720 1504
36 1306
2286 1431
155 137
155 1505
1085 1189
2287 1506
828 1369
1497 275
2288 1507
2289 137
2289 12
447 1508
25 1509
25 476
718 1510
718 1511
2290 736
90 33
90 27
90 1094
90 1512
90 1513
2291 1514
788 204
766 451
688 9
274 1353
274 513
883 1515
1379 78
221 1516
221 1517
221 1518
221 1519
78 262
78 1520
78 1521
78 111
78 1522
78 1449
78 316
78 1523
78 1524
78 1525
78 598
78 1526
78 1224
78 1527
162 1528
162 505
162 793
162 208
162 807
162 1529
2292 671
499 207
2293 1391
707 217
707 324
2294 1530
2294 1531
2295 816
1145 1532
1145 51
1145 1533
1302 1225
2296 911
43 189
2297 1534
780 128
1424 99
361 238
361 1535
361 1234
361 816
361 535
361 299
361 261
361 1235
1260 1536
1200 1537
1200 1538
911 967
2298 763
2299 262
420 1539
420 459
2300 337
948 1211
948 503
948 1540
948 286
948 1541
948 907
948 1542
948 1543
2301 1544
1620 1545
808 1546
1573 206
2302 46
332 1547
2303 1548
2303 297
2304 1277
2304 174
2304 18
566 1549
566 1550
977 1443
977 177
977 1551
2305 471
2306 1552
2307 546
1400 145
481 299
785 1553
400 1554
497 1343
661 1555
2308 1556
1422 927
2309 995
2310 1557
672 1558
2311 316
2311 20
2312 1559
2312 352
831 1560
831 138
831 189
1421 927
2313 100
578 863
915 849
915 1561
2314 18
254 1562
1047 278
523 1116
598 509
598 78
598 562
598 1142
598 1241
598 245
598 1445
598 1563
598 250
598 1564
598 1565
598 1318
598 1566
2315 355
2316 1567
1239 9
2317 1561
1025 137
2318 1568
970 1569
1223 1570
949 1571
2319 1572
2319 742
2320 388
2320 472
2321 18
1157 692
522 1210
522 714
1248 358
2322 18
2322 315
680 10
1381 1573
1381 1574
2323 1482
2324 415
583 1234
1469 1166
1469 1575
2325 99
750 1576
1015 137
665 281
665 924
665 1577
975 256
975 1578
2326 46
1516 221
806 405
602 1352
881 608
588 1165
588 562
1479 540
914 141
914 67
1444 1579
534 1580
2327 203
2328 1581
2329 1505
690 689
2330 1546
2331 770
2332 530
113 1582
113 379
113 651
2333 816
2334 1583
2335 1261
2336 1584
2337 1585
2338 1586
389 1240
389 1587
201 1588
201 10
201 1377
201 1129
201 1279
775 1589
775 1590
2339 98
631 1591
631 241
123 1581
123 1592
749 1346
2340 98
2341 719
2342 816
1118 642
1614 1593
1535 361
1535 728
2343 547
603 1352
603 1594
2344 280
2345 616
2346 212
2347 3
1368 239
2348 1188
2349 1595
645 924
1296 1596
1296 1597
443 143
2350 694
532 1598
532 1213
1495 1599
1495 1600
1090 135
1231 759
2351 179
1309 374
1000 544
2352 111
1232 1222
2353 401
2354 1592
169 24
2355 1089
2356 1601
761 1602
761 1026
2357 791
558 244
558 863
233 1304
352 1559
644 1457
530 1603
321 284
1320 219
1320 300
1320 1604
2358 165
198 1605
198 1029
2359 1606
726 616
2360 1607
510 654
510 240
510 748
383 1272
383 1131
383 482
383 1608
2361 1609
2362 884
7 864
7 133
390 78
390 1062
2363 218
2364 1282
1256 976
1256 1168
1256 117
2365 513
127 958
127 361
127 68
127 97
1316 317
2366 1610
2367 1611
2368 1612
2368 419
44 1613
44 172
44 935
782 121
1593 1614
2369 137
2369 1615
2370 377
1506 86
185 546
310 75
310 325
960 764
960 1314
960 1616
1565 598
2371 1419
146 373
2372 1617
2373 256
2374 137
2375 269
2376 1618
2377 248
2378 454
2379 1619
2380 1620
222 581
222 652
496 1343
496 1621
1437 1622
2381 918
470 91
2382 472
2383 1320
1009 137
2384 256
1324 1620
37 366
1468 1623
1468 1624
1264 1123
723 1403
115 1625
115 1626
115 1627
772 1628
1627 115
1008 137
1008 174
1008 431
1008 486
1008 1130
1008 1629
2385 1136
2386 1118
1267 1457
577 138
57 623
2387 894
2388 1630
754 111
2389 69
982 327
982 714
1130 1008
2390 1631
2391 1632
2392 1633
811 1634
811 57
964 1306
964 115
964 1635
964 1168
2393 665
757 91
1080 1636
1080 780
100 111
2394 237
2395 1637
2396 1235
2397 804
34 719
519 540
519 159
519 432
519 1638
519 720
519 1067
