417 0
417 1
179 2
267 3
282 4
147 5
147 6
147 7
147 8
147 9
147 10
147 11
438 12
614 13
447 14
447 15
447 16
447 17
684 18
252 19
252 20
252 21
252 22
252 23
252 24
252 25
252 26
252 27
252 28
252 29
252 30
252 31
252 32
252 33
252 34
635 35
136 36
685 37
249 38
541 39
686 40
493 41
630 42
630 43
305 44
305 45
305 46
226 4
687 47
688 48
628 49
628 50
59 51
59 52
689 53
690 54
205 55
434 56
434 57
170 58
170 59
691 60
692 61
692 62
693 63
484 4
694 64
695 65
311 66
696 67
696 68
696 69
696 70
195 4
697 71
698 72
537 73
187 74
72 75
699 76
699 77
700 78
701 79
702 80
192 81
192 82
486 83
703 84
674 85
173 86
480 87
515 88
704 89
269 90
269 91
269 92
705 93
400 76
400 94
355 95
80 48
706 67
706 96
419 97
419 98
419 99
419 100
707 101
708 102
228 103
709 21
710 104
711 62
148 105
148 106
148 107
148 108
148 109
148 110
148 111
148 51
148 59
148 112
643 113
712 114
495 115
495 116
495 117
495 118
653 80
713 119
713 120
713 121
714 122
715 123
337 0
337 124
337 125
337 126
337 127
716 104
716 14
312 63
312 128
219 129
717 118
142 130
129 131
718 132
719 133
719 55
719 134
719 135
36 136
36 103
720 137
182 2
182 138
721 139
522 59
722 140
77 141
77 142
723 143
723 144
161 145
161 146
161 147
161 4
107 148
724 149
725 150
11 73
11 151
264 152
726 153
727 154
280 67
728 155
729 88
393 156
730 157
731 158
348 159
732 71
733 160
734 161
213 162
213 163
366 161
429 91
479 164
735 165
194 23
631 110
303 166
176 167
736 168
410 169
737 170
566 171
738 172
86 173
86 174
295 175
295 131
600 176
181 2
739 107
217 177
2 178
2 179
2 180
2 181
2 182
2 183
2 184
740 185
741 186
741 187
742 188
184 189
184 2
184 87
5 11
24 190
743 191
81 192
744 193
592 194
745 195
746 49
247 196
247 197
247 198
747 152
748 199
749 200
55 201
55 202
55 203
55 204
55 205
55 206
18 207
149 208
149 209
750 210
750 211
503 212
162 213
240 214
240 89
240 215
232 216
232 217
664 218
606 219
751 220
752 221
752 222
527 223
469 224
469 225
469 226
466 227
753 228
511 229
511 230
511 231
754 232
754 233
754 234
251 235
251 236
251 237
251 238
251 239
650 240
70 241
70 231
70 242
248 243
414 244
414 245
414 246
414 227
414 247
638 248
38 249
755 250
756 19
757 251
758 252
257 165
257 253
257 254
649 255
52 59
591 197
464 105
556 256
265 152
759 257
760 258
761 151
188 257
762 259
763 260
452 261
452 118
764 103
765 262
627 202
766 110
526 155
454 263
152 264
152 265
152 229
152 167
767 266
768 4
132 267
132 268
132 247
90 159
90 269
369 270
302 186
302 271
302 272
550 31
550 191
769 273
770 274
524 275
771 191
324 276
492 277
772 27
113 278
239 251
773 279
67 231
67 280
573 281
774 282
775 283
413 177
395 284
395 27
776 285
777 286
546 287
546 288
420 249
516 289
516 149
412 7
261 175
531 290
590 291
478 292
478 293
175 159
175 294
175 295
175 216
778 296
778 297
594 298
416 299
377 155
608 167
40 104
40 300
629 195
27 301
460 180
285 50
779 302
166 303
166 304
780 305
781 306
418 257
418 307
782 308
782 309
783 310
482 311
784 267
63 312
615 313
612 314
785 49
392 315
392 316
392 317
392 318
392 319
392 320
392 321
262 322
167 323
167 250
276 324
375 325
375 35
375 326
375 155
140 61
786 327
786 148
786 328
786 329
787 330
788 331
32 252
32 23
597 332
789 333
474 334
790 335
126 336
126 57
126 337
126 338
587 339
78 128
333 212
791 172
792 340
632 341
793 231
794 342
795 343
563 48
563 344
388 345
271 302
796 231
250 346
250 333
208 149
797 347
797 59
797 348
8 349
8 350
456 351
456 352
798 353
799 354
800 355
801 356
801 357
436 67
802 358
803 141
804 27
804 344
804 359
805 360
806 361
415 362
415 363
415 364
807 365
808 366
808 367
809 368
404 369
404 370
20 252
20 371
810 372
542 373
243 374
155 375
155 376
155 374
155 377
811 159
98 378
98 374
383 356
427 191
812 7
89 369
89 270
634 379
634 54
634 380
813 337
814 381
356 382
356 383
356 233
356 49
356 353
519 384
519 375
19 385
647 379
815 386
815 387
815 388
816 389
817 66
818 129
207 73
207 390
207 365
207 391
819 392
820 392
538 393
284 394
284 76
284 395
284 396
284 173
821 397
822 294
76 83
76 398
76 399
76 400
76 284
76 401
504 328
823 34
824 80
488 402
488 403
825 35
826 400
370 404
827 405
828 58
828 107
144 406
144 407
258 49
829 374
405 408
29 409
611 314
221 152
660 39
448 410
830 411
830 412
830 413
525 414
363 415
831 152
832 416
266 302
833 152
833 126
1 417
299 159
834 418
242 306
835 419
836 420
198 421
359 422
440 423
65 424
837 175
352 425
838 35
437 287
579 364
139 426
139 161
839 195
840 212
841 427
842 428
4 161
4 282
4 195
154 429
154 231
843 335
599 68
844 91
845 160
331 430
846 57
6 282
451 50
220 151
847 59
848 431
849 432
849 8
850 433
57 434
39 435
13 66
851 419
386 436
852 437
61 140
61 71
12 438
853 346
137 358
640 439
533 440
189 184
103 55
103 441
103 228
103 190
487 442
854 443
855 444
856 445
190 359
529 407
145 446
145 440
857 447
858 448
536 449
536 444
536 299
536 450
233 356
859 317
378 98
378 451
860 117
861 452
421 326
862 161
863 453
863 290
863 66
263 454
199 292
199 455
864 407
351 456
646 457
310 458
865 459
180 2
180 460
589 461
589 462
105 345
105 463
105 464
105 465
327 414
327 152
645 420
119 466
866 302
867 49
595 467
595 468
868 68
406 144
270 166
270 89
869 469
558 470
260 471
870 57
870 472
871 473
196 354
872 474
619 475
873 275
455 74
329 476
272 302
874 385
875 477
876 299
877 49
505 390
878 478
164 479
164 83
879 480
879 481
880 482
617 483
146 484
881 161
882 57
883 485
83 76
83 486
442 487
884 274
402 488
402 489
885 375
886 142
544 490
887 160
10 275
216 232
277 491
277 160
277 492
41 493
22 148
22 252
22 108
22 23
888 86
387 494
889 55
489 402
489 250
890 495
891 496
499 497
499 498
499 499
499 25
499 333
499 500
499 66
499 501
499 502
499 503
279 275
667 129
102 175
102 369
102 405
102 142
892 414
328 504
677 411
17 447
357 505
893 405
565 506
565 123
565 507
894 148
69 231
609 508
609 509
458 510
458 310
621 229
551 278
231 73
231 68
231 210
231 202
231 154
231 511
231 242
231 229
231 126
231 512
610 513
895 416
605 250
605 514
605 333
896 199
897 25
109 148
88 515
88 160
289 516
289 195
3 495
75 158
75 249
125 517
125 337
384 518
384 519
567 368
898 160
898 520
47 521
899 37
899 413
900 522
900 268
901 523
275 524
275 525
275 405
569 68
569 36
902 73
903 526
7 343
223 527
223 528
84 529
422 190
210 231
290 530
290 108
290 531
290 532
290 16
290 533
193 534
904 535
58 170
158 75
158 72
158 4
444 536
905 343
73 537
73 207
73 11
906 381
906 159
408 405
485 277
485 0
907 538
907 539
308 207
245 540
43 541
373 542
518 185
490 543
490 365
490 544
50 285
908 83
197 182
197 247
680 545
287 437
287 546
287 547
909 169
910 277
910 548
910 227
911 549
912 159
912 245
481 273
913 231
53 268
371 20
914 249
915 170
31 550
669 160
916 551
917 375
918 398
23 194
398 552
391 207
919 553
347 368
347 532
347 554
347 485
246 555
30 23
920 37
921 142
256 556
256 185
922 435
625 231
923 195
241 557
924 558
925 191
926 27
450 469
25 499
25 252
25 559
25 560
25 152
93 561
185 562
185 563
185 47
143 564
293 278
123 565
123 364
123 4
171 566
927 567
928 490
929 568
930 229
394 284
394 569
654 570
131 92
562 80
577 571
564 248
281 572
281 573
281 294
281 574
301 27
931 299
459 571
381 159
381 414
932 575
112 92
933 575
509 525
934 147
116 495
259 369
935 190
477 576
477 231
936 231
936 190
616 50
616 407
201 55
212 577
212 503
937 0
937 578
938 579
547 287
547 160
547 580
547 581
547 50
547 582
547 583
547 584
215 424
939 585
159 586
159 269
159 348
159 90
446 343
662 160
940 427
51 148
339 587
941 588
461 589
291 590
291 591
673 194
283 195
473 63
942 254
943 592
607 593
607 302
28 252
28 27
298 594
204 474
204 55
648 595
648 207
648 154
671 596
944 4
332 508
332 353
332 597
670 598
670 160
150 421
353 332
68 599
68 600
178 2
945 57
946 107
530 601
530 290
947 414
948 506
425 170
128 78
949 602
950 485
153 84
317 392
317 603
317 443
138 604
514 605
71 61
71 606
593 607
307 225
307 469
471 260
552 608
268 148
517 125
508 332
508 609
45 305
345 105
345 306
345 610
345 311
345 505
91 269
951 59
952 91
314 432
314 611
314 612
641 122
953 452
574 281
513 104
428 613
954 478
66 499
66 614
66 311
66 103
955 444
956 105
956 21
637 615
957 345
958 616
959 493
87 480
87 617
34 79
34 233
34 148
34 618
960 288
961 616
642 74
475 619
396 620
354 138
229 621
229 231
229 155
334 474
334 49
962 78
344 563
963 4
506 565
964 622
965 491
675 623
675 225
604 302
510 140
966 624
502 625
14 626
202 160
202 627
202 414
202 628
202 55
202 231
186 302
967 229
968 399
969 629
42 630
110 148
110 631
110 103
97 419
169 534
169 152
94 400
341 632
970 152
534 169
971 105
972 633
973 333
672 432
54 105
54 634
35 635
343 405
338 431
286 636
15 637
602 394
100 638
974 639
975 608
439 640
309 66
976 641
977 642
560 126
457 643
457 644
457 645
457 646
349 8
978 72
979 152
980 647
603 317
603 199
385 407
468 648
423 413
49 411
49 649
582 547
306 345
306 70
981 175
982 340
983 115
463 105
491 88
984 68
130 650
130 651
985 78
986 164
520 652
987 245
470 107
626 478
988 29
325 653
278 212
570 564
570 654
570 655
989 656
683 601
79 287
79 417
79 34
496 650
496 354
160 657
160 88
160 658
160 659
160 660
160 630
160 414
160 401
160 661
160 662
160 663
160 664
160 665
160 666
160 273
160 667
160 668
160 669
160 670
160 202
596 671
644 621
644 66
644 193
644 457
104 40
990 26
432 73
432 314
432 672
165 673
85 674
362 304
292 212
588 597
588 633
588 477
991 78
992 101
584 547
540 245
559 541
993 294
623 675
652 555
157 676
994 677
37 678
995 679
996 189
545 680
997 87
998 681
21 491
999 330
1000 478
1001 234
1002 381
1003 212
177 682
177 413
177 217
1004 674
1005 465
64 104
1006 175
601 554
601 414
601 50
601 683
1007 184
407 616
