795 0
55 1
330 2
796 3
797 4
227 5
227 6
518 7
134 8
335 9
335 10
335 11
335 12
335 13
335 14
798 15
798 16
446 17
446 18
686 19
118 20
118 21
118 22
118 23
118 24
258 25
258 26
788 27
314 28
599 29
553 30
553 31
799 32
386 33
800 34
801 35
802 36
104 37
104 38
104 39
104 40
104 41
104 42
104 43
104 44
104 45
803 46
711 47
804 48
805 49
10 50
806 51
807 52
808 53
1 54
1 55
1 56
1 57
1 4
1 12
1 58
809 9
809 58
108 59
108 60
108 61
481 47
397 62
255 63
91 64
91 65
91 66
91 67
450 68
810 69
149 70
811 71
213 72
164 73
312 74
812 75
813 76
130 1
814 77
814 78
814 79
351 80
815 81
816 82
424 83
424 84
424 85
424 86
424 87
424 88
817 89
817 90
66 91
818 92
818 93
818 94
119 95
819 96
820 97
505 98
206 99
206 100
525 101
643 102
714 103
714 104
285 105
285 106
412 107
61 108
61 109
15 110
573 96
131 111
131 112
821 71
822 113
823 114
824 115
824 116
825 50
272 117
21 118
95 119
826 120
438 121
126 122
126 123
126 124
126 88
592 125
827 126
483 127
150 128
640 129
640 130
22 42
111 131
111 132
828 133
828 134
828 135
668 136
701 137
672 138
243 139
829 140
830 141
831 142
832 143
35 144
593 145
376 56
833 146
630 147
834 74
219 148
219 149
219 150
835 151
835 152
835 85
835 14
836 153
837 154
838 155
744 156
650 38
650 157
650 158
650 88
650 159
667 160
667 161
82 162
704 163
378 42
839 164
839 143
239 165
694 166
586 167
586 168
586 169
198 170
840 171
841 172
842 173
541 155
541 150
171 174
524 175
843 176
844 119
845 159
48 177
846 178
422 88
503 179
503 180
847 73
512 181
94 182
94 183
595 184
595 185
595 186
595 187
848 188
464 189
464 190
849 191
637 192
850 193
851 92
638 194
303 195
303 196
362 197
362 198
362 199
852 200
83 104
539 201
157 202
612 203
100 204
100 205
100 2
100 13
100 206
100 207
100 208
405 173
405 209
57 210
57 211
57 212
57 213
57 214
57 215
57 191
57 151
57 1
57 120
57 216
602 147
359 204
359 143
326 217
621 218
536 166
319 219
319 220
252 221
853 41
854 222
723 110
855 223
106 224
856 187
856 211
340 225
684 226
5 227
175 228
400 32
857 229
452 230
452 231
858 232
859 233
860 234
516 235
578 236
578 237
778 238
165 239
242 240
242 241
242 242
214 57
713 110
713 243
651 244
861 245
862 246
862 247
718 248
718 249
267 250
863 251
864 252
463 253
793 254
698 14
63 255
181 256
187 149
187 257
187 42
652 149
865 258
865 259
260 260
89 261
89 262
89 263
2 215
358 143
344 264
720 97
750 265
866 266
250 2
250 267
250 268
250 269
867 270
38 271
38 241
868 272
868 2
869 273
520 235
428 88
870 274
355 275
355 146
355 143
114 276
871 277
872 163
873 267
874 193
874 114
409 34
204 278
204 279
875 280
603 281
603 282
876 225
877 283
878 284
879 285
880 69
880 286
880 287
332 288
332 49
689 289
689 290
881 291
882 71
883 47
883 292
375 262
257 293
257 46
257 42
884 294
324 30
324 295
885 149
156 296
353 297
886 298
60 299
60 108
887 157
601 149
680 219
888 300
42 22
42 32
42 257
889 301
890 302
70 149
891 303
176 304
176 305
892 131
336 306
261 307
727 308
727 309
893 162
40 88
151 57
74 310
74 311
74 312
74 313
501 314
894 155
895 315
896 316
84 260
84 317
84 318
611 155
611 194
611 319
551 72
648 320
648 158
30 321
30 210
30 322
30 74
30 323
30 324
217 325
217 326
897 149
897 327
898 328
899 8
794 254
794 327
127 329
127 330
900 331
901 332
741 51
741 333
34 334
34 335
306 336
356 337
356 143
356 338
356 339
279 8
902 44
903 340
904 341
264 342
264 343
264 344
41 345
41 104
41 346
380 347
380 348
380 209
905 264
387 0
387 349
629 350
906 351
907 352
143 353
143 354
143 355
143 356
143 357
143 358
143 359
143 14
143 360
170 361
170 362
908 309
909 363
743 364
529 365
529 366
529 85
354 367
354 368
354 143
354 369
354 297
910 164
12 159
12 370
12 170
12 1
420 371
420 366
550 271
911 372
301 373
912 374
913 375
56 376
56 377
56 4
56 1
406 244
406 201
406 378
406 191
406 379
406 118
914 126
348 380
915 381
519 38
519 382
519 383
916 384
268 250
570 300
570 256
917 385
918 327
33 386
0 139
0 387
0 349
919 388
920 389
266 266
921 8
922 390
471 391
923 34
924 64
58 1
485 210
469 392
726 110
726 393
726 394
925 38
926 395
926 335
927 13
81 240
81 318
687 396
62 397
73 398
73 164
32 399
32 400
32 194
32 149
32 42
928 401
928 302
159 100
929 402
929 403
129 38
173 404
173 405
173 406
173 132
173 407
173 118
930 408
749 209
585 409
931 410
276 65
276 75
447 411
447 18
107 412
107 413
107 79
932 414
435 117
142 415
933 416
780 417
366 418
366 419
366 420
366 150
427 421
427 134
383 168
544 122
88 422
88 423
88 424
88 122
88 425
88 85
88 40
88 426
88 343
88 427
88 428
88 429
88 430
88 431
88 88
253 432
246 433
265 434
934 395
935 435
769 436
769 437
936 438
937 2
937 439
938 440
939 118
575 96
575 441
760 442
736 347
940 176
237 443
162 444
162 445
567 286
18 446
18 447
18 448
18 449
26 258
26 450
597 441
226 269
712 451
230 452
230 453
230 212
234 381
779 32
941 454
942 348
943 394
944 455
390 201
688 253
945 340
579 228
579 456
946 457
24 42
124 126
124 458
209 405
209 380
209 32
281 459
947 460
948 99
949 40
949 13
949 461
950 462
951 463
510 104
952 464
545 465
545 466
23 118
23 467
112 190
391 468
391 469
391 176
391 470
391 471
558 126
953 71
460 472
530 473
530 474
530 475
530 476
530 477
530 40
530 151
473 442
746 463
521 235
754 478
754 176
472 479
954 272
47 480
47 481
210 275
210 482
210 483
210 484
210 485
210 486
787 487
787 347
955 51
955 488
955 104
582 489
582 309
582 490
490 489
490 491
956 492
957 178
748 493
67 91
19 415
768 494
768 495
768 496
201 32
201 404
430 103
721 497
721 498
721 88
528 499
488 500
958 68
128 150
384 501
117 435
117 374
117 502
117 266
117 503
321 31
321 30
321 504
321 269
321 505
635 399
635 506
959 63
960 182
960 507
565 508
565 509
961 510
962 511
700 235
700 512
753 513
753 514
753 486
235 515
235 516
235 517
235 518
235 519
235 520
235 521
235 522
17 523
963 524
964 51
964 525
225 526
540 271
965 527
965 2
79 227
79 528
79 529
79 1
476 530
966 212
967 531
277 532
968 415
969 462
381 533
970 534
548 487
548 425
548 535
971 477
971 348
166 536
166 480
363 207
972 10
144 537
144 35
973 538
974 539
975 42
271 280
271 38
271 540
271 241
730 541
280 241
64 542
64 91
739 425
739 543
739 13
976 180
722 480
977 235
370 12
370 104
978 544
466 545
466 546
979 547
52 267
105 285
533 381
980 454
367 354
487 548
487 190
487 549
72 473
72 271
72 550
72 551
304 552
304 380
360 143
31 321
31 553
981 281
982 554
983 555
283 556
984 271
734 557
985 139
985 558
148 348
594 559
382 519
564 269
564 286
583 489
180 560
180 29
180 494
180 561
224 157
459 64
561 375
561 180
986 562
647 280
647 158
647 348
987 563
286 564
286 565
286 566
286 567
766 568
766 569
988 139
759 328
989 570
990 571
990 572
293 247
293 305
293 42
96 573
96 574
96 575
49 332
49 576
991 577
511 578
729 331
992 541
993 408
994 1
228 579
228 580
610 581
489 582
489 583
489 490
995 45
194 32
115 584
996 585
747 586
997 373
997 273
998 587
999 588
44 113
44 589
631 590
708 591
708 57
580 315
1000 581
205 100
125 592
337 500
767 225
298 170
145 117
145 593
493 328
342 594
342 275
342 589
342 595
1001 541
98 505
284 417
284 563
675 178
1002 101
1003 347
1004 187
557 4
557 319
557 580
557 491
484 596
300 210
300 597
300 348
300 570
1005 598
1005 599
1006 600
569 149
569 143
559 601
1007 96
1008 602
666 114
1009 40
1010 603
4 604
4 56
4 1
185 605
185 595
1011 606
480 166
733 220
1012 359
1013 607
1014 269
1015 118
310 74
656 413
43 608
43 104
1016 609
190 487
190 112
190 464
1017 173
1018 610
1018 611
350 171
350 612
789 613
1019 614
1020 591
68 307
620 615
620 176
90 616
90 204
1021 617
502 618
691 619
615 620
218 621
665 519
1022 622
1023 623
677 84
449 624
449 625
449 18
1024 626
365 627
1025 522
311 74
792 191
292 628
86 424
673 20
429 629
429 630
371 541
590 374
590 631
1026 632
1027 633
423 88
349 0
532 277
532 634
506 635
478 636
664 377
259 347
192 637
240 81
240 262
240 242
440 120
1028 142
1029 638
1030 639
295 640
102 641
102 642
102 643
102 644
1031 4
1032 373
313 74
132 111
132 149
661 645
1033 150
155 541
343 264
343 104
343 88
1034 646
414 143
158 647
158 648
158 649
158 650
158 477
158 550
244 406
244 651
244 652
628 292
628 653
294 258
1035 269
1036 654
1037 655
609 408
1038 219
1039 269
1040 656
1041 301
426 46
1042 657
1043 658
1044 56
1045 659
1046 85
1047 41
442 269
1048 104
1048 660
479 120
479 606
649 280
649 158
1049 343
1050 566
499 346
645 661
645 662
645 663
645 273
1051 42
1052 664
1053 581
54 1
69 665
69 666
710 453
161 667
136 462
136 668
401 320
453 669
9 670
9 335
9 671
138 672
655 120
655 164
655 85
655 673
139 674
139 307
139 243
1054 675
1054 676
1054 677
85 227
85 594
85 543
85 678
85 222
737 302
379 209
1055 104
182 679
182 94
334 680
334 34
1056 681
1056 682
1057 683
1058 684
763 477
1059 685
1060 180
719 686
396 177
396 687
396 363
1061 539
1061 32
1062 688
596 484
456 579
290 689
290 437
627 690
262 375
1063 241
619 691
566 104
1064 469
45 51
45 692
45 510
45 41
1065 270
1066 133
28 59
1067 640
1067 461
1068 693
1069 473
1070 694
1071 328
1072 695
1072 581
1072 268
113 696
433 400
1073 431
51 45
14 224
14 335
14 529
14 410
14 4
14 697
14 698
14 1
289 258
1074 79
207 699
207 363
207 100
495 564
495 700
137 701
1075 75
296 156
296 702
560 150
692 104
692 45
322 30
221 302
1076 462
776 537
178 703
1077 415
1078 309
633 704
338 500
338 705
338 706
1079 442
1080 707
591 708
1081 420
1082 709
740 135
740 333
1083 510
11 14
587 198
1084 157
75 469
1085 710
1086 711
122 335
122 126
122 57
122 388
122 159
122 712
122 13
122 713
122 714
122 48
122 1
357 419
357 715
357 143
392 469
146 354
53 14
1087 174
421 427
341 366
1088 716
642 148
642 717
642 581
642 102
642 560
1089 660
248 718
6 287
6 227
229 719
1090 317
1091 501
97 720
639 340
411 447
1092 42
1093 721
110 722
110 723
110 126
110 269
110 724
110 725
110 275
110 726
308 727
308 163
1094 42
1095 728
1095 235
331 729
372 730
247 293
247 731
1096 732
154 462
1097 270
1098 401
275 256
275 7
275 355
275 253
220 733
220 120
220 319
220 203
220 734
1099 652
315 375
223 185
1100 735
1101 120
1102 42
1103 736
302 582
302 737
320 401
320 738
1104 0
508 565
87 739
399 32
333 740
333 741
696 113
20 32
1105 71
425 548
425 85
1106 742
364 674
364 743
120 89
120 744
120 655
120 745
120 220
724 202
724 110
345 746
1107 296
1108 614
1109 332
1110 747
762 748
781 571
1111 749
543 85
543 739
646 299
646 570
373 301
373 273
1112 21
563 284
1113 631
1113 273
738 750
1114 461
1115 751
606 752
606 472
477 725
477 150
1116 753
317 84
777 273
461 475
461 300
461 225
581 3
581 18
581 538
581 231
581 85
581 642
361 170
208 100
208 237
37 754
37 478
37 104
179 503
1117 110
287 41
1118 462
1118 136
498 640
498 285
1119 755
1120 587
761 756
13 757
13 335
13 100
13 36
13 739
13 758
288 759
347 415
546 466
29 462
29 42
1121 270
395 235
404 149
1122 760
318 84
318 75
1123 602
756 761
1124 762
1125 524
1125 440
1126 674
693 609
576 49
491 763
491 490
398 73
659 764
1127 765
202 157
1128 642
1128 85
388 40
203 219
1129 43
65 276
574 96
1130 104
568 766
1131 100
299 767
299 60
325 768
325 217
437 769
437 536
437 770
1132 771
1132 772
1132 25
1133 19
251 379
1134 9
1134 773
662 774
679 578
679 643
732 653
403 10
160 775
160 473
632 505
25 258
36 776
36 13
457 414
457 706
457 505
273 777
273 645
273 373
46 51
282 603
1135 148
1135 143
191 257
191 194
191 778
191 779
123 126
269 564
269 226
407 187
417 780
417 328
1136 415
537 776
1137 682
1138 249
1139 781
634 9
634 532
103 110
103 714
103 430
670 476
670 9
670 782
663 645
663 783
1140 739
197 784
1141 84
1142 456
431 529
431 88
431 600
1143 415
1143 273
1144 104
1144 785
163 786
50 787
716 34
27 788
231 305
613 789
177 790
177 791
177 792
1145 427
1146 417
745 120
1147 401
254 793
254 794
504 321
458 51
