461 0
462 1
83 2
463 3
464 4
18 5
18 6
18 7
465 8
19 9
242 10
242 11
155 12
206 13
383 14
383 15
5 16
5 17
5 18
5 7
9 19
466 20
418 21
133 22
133 23
467 24
467 25
458 26
468 27
6 28
6 29
6 30
6 31
6 32
6 33
6 34
469 35
470 36
471 37
314 38
290 39
290 40
290 41
290 36
428 42
288 43
472 44
202 45
336 46
473 47
276 1
276 48
474 49
474 50
382 51
187 52
187 53
187 54
187 55
187 56
187 57
187 58
187 59
187 60
187 61
170 62
475 63
476 64
477 65
28 66
28 67
347 68
478 37
479 69
480 70
481 61
482 24
7 71
7 72
7 73
7 74
7 75
7 76
7 77
393 78
320 79
235 80
319 81
152 82
152 83
483 84
95 8
433 40
484 81
113 85
113 86
113 87
113 11
485 88
111 89
394 61
486 76
487 90
265 44
488 78
209 91
209 92
105 93
222 94
222 21
489 95
229 93
490 96
491 97
492 98
493 99
80 100
80 3
80 66
80 101
80 102
39 103
39 30
39 75
39 104
39 105
39 106
215 107
457 108
389 109
417 110
417 111
494 112
495 113
496 114
338 115
338 21
318 99
318 116
318 117
318 6
497 118
498 119
499 120
341 121
500 122
500 123
500 93
501 124
501 125
325 126
325 127
99 96
262 128
55 129
23 113
23 130
23 56
23 68
23 131
23 132
23 133
240 134
359 135
502 136
30 137
503 138
504 139
357 140
77 141
77 7
505 142
221 143
221 144
171 145
171 146
506 147
507 148
307 149
307 150
313 51
508 151
508 152
362 153
154 154
154 155
509 156
510 157
214 158
214 138
220 126
220 56
201 34
201 159
511 160
511 161
511 162
511 163
512 164
513 117
514 165
158 166
219 89
219 167
295 168
295 169
62 170
515 104
167 171
516 57
232 172
230 173
230 103
517 134
517 174
323 175
518 176
519 177
306 178
284 179
94 33
94 180
94 181
143 182
143 49
353 183
100 80
100 134
82 176
520 184
139 185
266 186
56 187
56 105
56 145
56 23
56 188
56 189
56 190
56 31
56 191
56 192
56 193
56 194
56 195
56 196
56 197
56 198
56 199
56 200
56 201
56 202
56 203
56 204
56 205
56 206
56 207
227 105
521 82
122 2
522 208
395 88
193 209
442 210
293 211
523 78
335 2
335 212
524 213
138 214
402 88
525 90
76 159
76 21
76 7
47 215
247 216
164 75
164 217
164 218
526 219
526 220
144 221
21 76
21 222
97 84
97 223
527 224
528 61
529 203
530 225
530 226
141 227
294 80
445 228
531 22
93 229
532 146
296 104
173 230
438 231
438 6
415 103
172 232
348 233
405 176
189 180
533 234
309 109
216 159
534 235
134 236
134 237
134 238
134 239
134 240
392 241
535 84
223 97
11 242
11 243
11 62
11 244
11 23
124 245
124 246
124 247
237 134
363 248
363 161
363 249
363 26
363 250
363 251
363 252
363 253
420 254
46 120
119 255
119 256
119 257
119 258
119 259
119 260
411 213
411 261
159 262
159 76
536 263
273 165
444 264
537 265
226 266
226 267
390 268
538 80
539 3
540 269
541 270
541 271
130 272
130 20
130 23
165 273
165 274
401 275
1 276
1 22
1 277
542 278
13 279
13 11
543 61
544 280
311 281
545 282
192 212
192 283
546 152
71 49
71 7
179 284
179 285
547 2
548 205
17 286
549 36
550 45
177 287
285 179
43 160
43 288
439 289
551 138
10 242
36 290
36 81
36 51
552 291
552 292
211 243
211 293
330 49
87 294
169 295
104 168
104 39
104 296
104 297
104 178
142 119
553 91
553 61
409 298
404 264
404 299
404 300
404 301
554 302
166 303
108 103
86 106
555 304
556 305
297 104
178 306
149 307
109 308
109 309
557 310
557 311
558 151
455 312
455 313
38 314
38 275
217 164
559 22
560 315
560 316
561 283
181 94
562 317
446 168
446 76
563 318
120 228
81 319
564 320
207 56
565 321
566 322
566 323
451 324
567 164
126 325
259 119
259 326
259 327
259 328
396 329
568 26
49 71
49 330
569 80
66 80
66 96
286 331
454 245
454 69
454 72
263 332
570 104
571 333
212 334
212 111
212 335
212 336
212 337
115 338
115 222
413 339
430 340
121 341
572 342
572 97
573 343
574 344
574 22
68 345
68 346
68 347
324 111
575 201
343 255
576 298
410 298
303 348
577 349
101 350
315 351
578 352
578 353
425 354
403 355
128 159
579 145
85 257
116 318
580 108
125 356
432 283
432 357
432 358
432 359
378 96
194 360
194 56
32 361
59 362
581 3
252 363
92 209
185 96
185 139
185 364
185 198
213 365
440 283
198 185
33 366
33 367
33 368
33 369
33 370
199 333
199 230
199 371
199 200
199 298
199 372
367 33
582 365
583 100
84 51
84 312
84 373
584 93
585 374
585 375
585 365
586 204
127 275
587 376
243 377
243 211
243 11
337 212
588 378
589 340
589 7
249 363
291 115
74 7
590 379
208 380
591 302
160 199
160 381
161 281
161 23
161 382
592 179
593 197
333 383
377 384
377 385
373 386
373 106
89 145
89 387
89 212
45 339
459 121
136 176
136 66
594 22
595 388
596 323
597 389
437 390
598 391
599 233
600 340
443 388
282 39
601 284
601 392
602 393
603 377
79 320
604 316
61 65
61 394
305 155
305 38
371 395
190 56
329 396
605 397
606 398
607 399
608 400
609 284
609 80
610 401
611 402
612 235
355 403
355 69
355 78
355 340
301 404
301 405
277 22
613 406
614 26
615 153
616 282
617 407
317 373
174 408
618 4
298 409
298 96
298 410
619 228
261 411
51 81
225 227
339 412
339 45
339 413
339 414
339 150
103 230
103 415
429 57
429 416
429 213
429 379
620 138
110 417
621 118
622 352
145 93
623 37
331 129
624 418
272 131
272 340
625 201
146 51
146 171
626 298
29 419
29 420
627 421
102 80
102 422
628 423
156 424
629 65
630 279
73 7
631 94
354 425
96 185
96 298
96 426
632 365
633 357
633 140
634 212
175 323
635 176
69 168
69 427
69 161
69 355
69 11
42 428
42 429
42 163
107 215
340 230
340 355
340 419
340 20
340 430
340 431
257 119
636 432
387 89
40 290
40 193
40 433
52 434
360 435
278 436
258 119
424 424
452 437
231 205
231 438
426 129
426 178
449 233
283 281
283 439
283 440
283 432
57 328
416 259
637 291
637 441
22 1
408 442
388 443
388 111
388 22
388 348
638 104
639 168
264 424
264 444
640 298
641 441
431 340
642 445
246 446
643 447
88 395
14 139
422 102
644 82
645 179
646 2
25 448
647 449
648 450
31 451
31 271
31 6
31 7
380 61
328 57
328 187
328 452
386 58
386 453
386 373
649 71
48 276
255 119
8 89
8 212
72 454
72 317
72 7
650 307
352 37
651 325
312 455
312 456
60 457
652 458
653 170
654 459
151 460
153 279
153 52
106 86
106 21
334 212
332 305
