941 0
866 1
218 2
218 3
457 4
196 5
942 6
942 7
942 8
942 9
943 10
181 11
944 12
945 13
319 14
946 15
376 16
376 17
947 18
244 19
244 20
948 21
122 22
694 23
454 24
734 25
50 26
775 27
775 28
283 29
95 30
95 31
949 32
380 33
380 34
380 35
380 36
380 37
638 38
638 39
950 40
245 41
951 42
124 43
124 44
124 45
952 46
953 47
954 48
955 49
592 22
26 50
26 51
956 52
957 53
423 54
423 55
958 56
123 57
123 58
123 59
123 60
123 61
123 62
959 63
118 64
960 60
961 65
962 66
962 67
963 68
964 69
740 70
729 71
672 72
965 73
541 74
168 75
168 76
786 77
786 78
786 79
786 80
169 81
697 82
81 83
966 70
966 84
967 85
968 86
528 87
705 88
467 89
507 90
760 8
420 91
969 92
908 93
668 94
668 95
668 96
220 97
220 98
220 99
220 100
78 101
78 92
30 102
542 100
397 103
397 104
397 105
171 106
171 107
171 108
171 109
521 110
521 111
938 85
970 112
889 113
971 114
306 29
972 115
240 116
240 117
240 118
240 119
240 120
681 121
453 19
360 122
57 123
43 124
43 125
43 126
43 127
342 128
342 129
342 130
973 131
617 132
925 133
349 134
974 135
178 136
77 137
77 138
77 139
77 140
87 141
975 142
597 143
597 144
913 145
747 146
747 147
747 148
549 149
549 150
599 151
167 152
885 153
885 154
976 155
977 156
978 157
979 158
980 159
980 160
980 161
981 162
981 163
731 164
8 165
8 166
152 167
982 126
75 168
983 169
76 170
249 171
916 172
229 173
229 126
403 174
984 175
985 99
517 176
517 177
883 178
986 179
986 180
986 181
987 122
988 182
988 183
488 184
488 185
488 186
488 69
488 187
488 188
160 189
989 50
236 190
236 175
990 191
346 192
991 193
637 194
992 195
216 196
993 197
994 198
995 10
996 199
996 200
996 201
996 202
850 203
850 204
281 205
281 206
281 207
281 208
281 64
281 209
281 210
997 211
998 212
165 213
645 214
692 215
999 216
116 217
2 218
2 45
1000 219
1001 220
291 221
291 222
291 223
291 224
358 225
358 226
279 227
279 228
1002 229
484 122
484 5
484 72
91 230
91 231
91 232
91 233
276 234
276 235
125 236
125 43
125 237
1003 238
1004 239
1005 240
780 241
780 242
780 243
19 244
41 245
520 246
354 247
83 81
83 248
83 249
83 250
1006 251
45 106
45 252
45 253
45 254
45 255
45 124
1007 256
1008 17
1009 70
635 257
1010 258
1011 259
1012 43
131 260
748 261
748 262
748 263
748 148
748 264
195 265
195 129
195 130
524 73
56 266
56 56
513 267
513 206
121 268
805 207
805 32
322 269
900 270
496 271
526 272
443 273
443 274
1013 275
492 234
492 276
492 277
64 278
64 279
64 280
64 281
64 282
64 187
64 11
339 283
919 284
1014 285
1015 286
790 111
568 287
568 288
12 289
1016 290
182 291
455 292
301 293
1017 294
1018 295
387 296
387 297
38 298
560 251
853 299
293 300
293 301
1019 130
1020 248
1021 164
127 302
127 43
127 303
127 304
127 305
127 306
1022 307
1023 308
389 56
1024 272
1025 309
1026 310
432 311
931 312
621 313
621 314
1027 223
1028 315
1029 316
447 317
136 318
631 98
1030 319
203 256
769 320
793 321
1031 322
1031 55
1032 207
847 323
1033 324
1034 325
571 326
600 272
600 175
600 112
1035 89
535 327
535 72
535 328
868 329
1036 32
522 330
1037 329
246 127
1038 331
643 332
10 100
10 333
359 334
175 236
11 335
11 39
579 268
579 336
504 337
504 338
808 182
554 74
1039 339
771 340
771 17
771 341
771 198
771 35
1040 283
280 254
280 115
280 64
1041 342
361 343
1042 344
1042 345
1043 346
495 164
495 347
1044 348
1045 349
1045 49
1046 72
1047 350
662 351
44 124
44 352
68 17
1048 170
859 310
468 319
468 353
247 354
247 355
1049 320
1050 77
836 356
915 172
730 357
1051 252
226 358
1052 329
1053 260
334 359
766 129
766 360
766 361
766 362
766 363
766 21
829 364
829 365
17 19
17 366
17 367
17 204
17 368
17 369
17 370
17 371
17 372
17 373
17 374
17 286
17 375
17 69
17 45
17 302
17 376
17 377
17 68
17 84
17 11
1054 378
412 379
412 112
1055 380
444 381
444 382
1056 383
1056 152
1057 213
1058 192
686 285
547 384
547 385
653 386
296 387
486 388
486 172
767 389
66 366
1059 390
899 391
899 17
899 392
325 393
494 394
363 115
1060 395
742 396
104 397
872 398
1061 72
1062 350
1063 399
1064 400
1065 401
646 189
646 402
646 214
646 403
646 404
646 405
646 406
1066 338
1067 407
917 92
917 10
932 404
932 408
155 24
364 409
364 158
1068 380
481 307
373 17
1069 410
1070 411
414 239
414 310
379 412
379 386
254 45
1071 319
558 413
1072 357
1073 77
310 414
310 148
310 415
310 416
310 417
310 118
310 418
310 419
310 420
310 421
54 422
54 423
141 424
141 425
141 87
530 426
530 427
530 428
530 429
737 430
1074 164
311 431
311 432
271 433
449 434
449 435
409 436
409 437
409 438
409 207
409 255
409 439
409 364
114 440
466 204
438 409
438 60
1075 245
791 441
822 442
822 329
282 372
282 64
1076 359
273 127
273 443
381 444
1077 445
1078 256
1078 446
788 111
317 48
317 447
1079 448
130 342
1080 157
469 143
434 449
434 300
1081 450
161 451
891 452
710 453
1082 454
292 455
1083 72
222 291
1084 29
1084 456
669 346
828 457
162 215
162 458
61 459
61 123
626 460
1085 345
1086 281
650 461
650 462
1087 463
902 464
902 92
902 138
902 139
1088 465
357 466
357 467
357 112
357 350
353 468
143 469
143 470
1089 99
470 143
1090 352
594 288
499 471
1091 50
112 357
29 283
29 127
29 472
128 473
128 342
128 129
128 431
415 310
477 99
804 474
768 475
768 350
894 476
894 477
37 380
1092 478
1093 207
924 479
1094 480
1095 481
1096 175
198 313
1097 482
905 159
1098 70
1099 142
1100 483
1100 22
1100 484
1100 485
1100 362
1100 44
914 486
261 487
1101 72
1102 488
1103 489
1104 107
1105 490
794 491
702 210
234 492
239 493
394 494
1106 77
347 495
34 380
34 175
34 496
722 497
1107 498
1108 499
1109 500
1110 8
1111 283
1112 237
207 409
207 501
207 502
534 66
534 327
534 67
654 262
1113 319
1114 122
583 441
248 83
248 169
670 503
670 62
856 212
337 504
1115 505
375 506
375 417
375 507
375 508
158 509
158 364
158 510
158 511
1116 43
86 512
86 180
816 255
267 17
267 513
267 281
267 514
267 267
267 515
21 410
21 72
436 409
1117 516
1118 196
789 111
176 517
265 518
265 368
265 127
265 386
533 327
185 519
185 520
864 318
110 63
110 521
1119 522
1120 245
221 523
221 291
1121 325
1122 126
224 291
1123 524
536 525
272 5
272 526
874 123
874 527
119 240
1124 528
1125 529
217 447
695 530
1126 486
1127 531
422 54
806 32
1128 532
327 533
327 534
327 535
676 409
313 136
194 536
194 537
875 538
1129 387
1130 539
74 540
74 541
1131 277
764 542
1132 543
1133 279
1134 544
1135 545
1135 90
1136 546
1137 448
384 49
384 179
384 547
384 548
348 424
887 330
660 262
1138 512
1139 152
796 136
796 549
716 550
58 350
1140 551
1141 391
1141 552
1142 362
854 553
854 554
179 555
179 556
179 489
179 557
179 384
179 25
529 107
655 132
926 460
1143 5
413 558
251 559
251 560
711 561
622 63
1144 562
1145 563
1146 50
209 564
612 565
612 566
1147 567
287 475
287 568
461 569
461 72
461 568
1148 570
1149 571
611 77
479 448
189 572
189 405
1150 319
746 573
746 148
340 574
1151 0
1151 575
418 310
588 576
1152 235
62 70
62 577
1153 578
48 313
48 26
849 204
849 466
1154 579
1155 89
49 580
1156 581
1157 548
1158 582
459 255
459 375
937 583
664 584
664 355
1159 5
1160 562
1161 585
603 90
603 586
1162 329
898 587
898 367
1163 410
200 406
683 278
576 588
1164 589
709 590
682 409
682 591
1165 592
810 593
1166 72
1167 107
288 594
624 595
537 111
70 62
70 596
1168 10
1169 597
149 300
149 598
151 599
151 600
1170 525
1171 213
1172 112
187 601
187 64
837 602
753 291
543 523
543 603
106 604
106 605
106 401
106 45
106 606
106 607
787 111
812 608
812 609
812 610
812 611
812 285
922 442
3 218
260 131
566 612
335 11
126 229
126 43
1173 613
679 329
614 614
1174 615
1174 255
1175 616
1176 531
132 175
132 617
1177 230
1178 534
1179 308
1179 618
691 215
15 619
15 567
206 281
743 620
743 343
743 621
743 148
1180 111
1181 300
336 579
63 110
63 622
63 111
595 623
595 288
595 624
834 625
860 626
860 12
341 627
286 17
1182 325
1183 502
1183 628
858 384
781 629
1184 630
98 631
98 100
98 632
1185 633
328 634
689 138
107 635
107 257
107 636
1186 84
1187 107
519 330
399 637
1188 21
72 535
72 461
72 62
1189 197
39 638
39 384
39 639
102 640
1190 641
1190 51
1191 50
1192 642
1192 643
1193 24
1194 239
540 74
819 644
1195 297
214 645
214 646
214 405
214 202
263 647
500 620
1196 469
1196 648
1197 247
1198 215
369 649
369 590
1199 412
1200 409
188 368
188 488
623 595
1201 650
1202 10
332 22
1203 310
40 651
728 652
1204 653
262 654
262 655
262 656
262 657
262 658
262 659
262 660
262 661
262 190
262 662
262 663
262 664
1205 302
1206 665
1207 666
1207 667
1208 668
826 669
826 670
31 671
1209 672
277 48
277 673
277 76
277 674
277 675
277 676
277 677
277 384
277 678
277 61
277 79
277 628
142 679
1210 132
552 391
1211 680
1211 109
1211 148
1212 276
1213 681
1214 682
278 58
278 287
278 22
278 171
278 683
278 567
1215 684
873 685
1216 686
1217 234
1217 687
24 155
24 688
285 544
285 297
940 425
1218 689
215 690
215 691
215 692
215 164
1219 111
1220 170
1221 223
406 547
352 44
352 69
1222 83
1223 318
1224 693
1225 694
5 695
5 484
5 272
651 257
1226 265
833 696
615 587
733 13
82 697
546 546
163 157
817 698
1227 242
67 517
103 397
103 65
103 699
103 700
23 701
585 17
210 702
210 703
210 281
210 670
210 267
210 240
830 704
88 705
1228 292
402 646
750 706
90 707
90 578
90 127
90 708
90 709
90 269
1229 710
1230 456
532 330
659 384
659 262
1231 54
561 711
561 277
1232 223
890 333
1233 712
723 22
723 96
1234 384
225 358
1235 713
770 714
1236 654
1236 323
264 107
1237 509
1238 653
1238 252
46 107
46 715
46 716
1239 717
1240 718
1241 719
1242 166
738 720
590 369
362 721
862 722
531 723
690 215
755 257
755 368
714 724
714 567
14 374
578 725
578 231
578 387
138 77
138 726
138 727
138 728
166 717
1243 378
1244 729
94 668
94 233
460 395
460 701
59 123
59 730
164 215
164 731
164 315
164 732
146 733
60 123
1245 170
1246 460
1247 196
1248 14
1249 734
1250 152
1251 52
1252 735
518 736
518 13
657 737
1253 738
800 739
1254 327
1254 740
909 741
433 49
148 742
148 743
148 744
148 745
148 401
148 746
148 747
148 748
148 96
525 536
693 240
497 749
237 107
237 122
1255 492
458 162
706 750
1256 421
1256 35
604 751
807 752
1257 753
1258 164
1259 626
707 90
707 754
257 107
257 755
1260 571
396 647
903 205
511 158
101 78
71 756
1261 459
197 466
197 757
1262 758
1263 759
751 604
880 760
880 551
701 360
1264 690
1265 164
1266 761
758 395
758 716
1267 760
619 15
871 14
1268 567
1269 126
759 749
759 74
1270 762
366 66
366 70
366 17
366 751
1271 763
1271 764
1271 765
129 766
129 128
129 195
129 767
145 768
145 15
1272 769
416 770
1273 526
652 728
1274 229
201 764
1275 771
174 403
514 772
514 267
1276 773
25 774
25 179
25 775
25 109
25 323
516 776
1277 35
1278 777
202 214
1279 778
863 350
501 779
601 187
601 148
1280 196
1281 329
1282 777
241 260
241 190
241 780
289 781
1283 782
1284 783
20 424
157 40
1285 784
1285 227
1286 785
80 786
111 787
111 788
111 789
111 63
111 110
111 521
111 790
661 544
441 723
441 583
441 96
441 791
1287 664
1288 792
1288 793
1288 482
1289 794
498 205
1290 50
1291 795
1291 205
1292 796
1293 797
446 798
446 799
446 523
446 800
446 321
446 96
572 426
572 91
572 87
47 801
1294 621
1295 802
1296 300
1296 803
732 164
474 804
32 805
32 806
32 18
933 807
818 511
818 150
818 510
506 375
307 808
307 809
1297 175
1298 810
745 779
745 811
745 250
745 148
1299 277
1300 240
840 275
763 22
512 86
255 287
255 812
255 813
255 262
255 459
255 86
255 814
255 815
255 62
255 816
634 535
140 817
305 598
544 285
544 661
510 818
190 236
1301 333
802 819
656 820
656 262
656 17
372 821
372 17
1302 194
550 56
1303 98
1303 10
386 265
386 183
386 822
386 653
180 823
180 86
180 364
180 824
180 25
1304 590
1305 190
321 43
321 825
321 826
321 827
321 828
321 602
365 829
704 830
704 555
704 161
907 268
1306 274
1307 161
888 113
1308 831
1309 832
1310 549
1311 722
696 833
1312 834
821 372
1313 728
208 281
385 659
385 118
644 835
356 836
602 321
602 837
150 549
1314 838
1315 404
1315 839
275 239
275 840
901 551
877 841
877 362
877 556
300 556
300 160
300 842
1316 384
846 843
813 844
809 679
1317 49
629 781
1318 845
464 517
464 622
1319 379
448 229
843 106
843 313
843 311
843 846
323 847
323 25
204 848
204 849
204 850
777 851
749 852
1320 546
299 853
299 21
1321 854
823 551
1322 646
1322 659
1322 5
1322 138
1323 410
417 653
417 512
417 384
1324 855
212 856
882 857
1325 387
4 123
1326 858
1326 859
96 517
96 441
96 148
96 567
96 860
96 861
96 404
96 862
563 207
649 369
815 63
815 863
815 864
815 375
16 91
16 420
16 743
16 865
851 777
1 366
1 866
326 571
765 221
878 867
1327 868
1328 310
250 83
250 248
569 869
803 367
811 870
55 46
55 423
774 25
439 409
879 593
879 871
756 76
235 94
18 32
398 872
137 77
137 223
685 873
685 331
1329 484
527 874
636 321
1330 85
1331 875
523 876
841 877
1332 612
867 878
867 446
593 879
1333 880
1334 136
1335 881
857 882
1336 151
717 329
1337 257
1337 300
596 883
596 740
1338 884
153 546
153 885
153 148
1339 17
1340 313
1341 747
410 21
935 675
1342 653
632 318
632 98
632 123
139 77
388 486
1343 543
1344 100
450 772
1345 681
330 886
330 887
1346 239
699 84
113 888
113 889
1347 737
333 10
333 890
343 279
1348 17
452 891
472 29
1349 255
1350 17
1351 892
606 106
570 231
298 893
1352 87
1353 894
713 277
1354 386
462 650
936 895
508 22
1355 621
559 251
1356 896
259 529
493 239
1357 897
587 898
587 899
1358 620
648 143
51 653
270 900
270 825
270 300
870 811
431 311
551 823
551 901
551 169
591 682
565 612
783 14
205 444
205 461
205 902
205 498
205 207
205 735
205 903
205 904
159 905
1359 350
238 251
238 346
268 579
268 906
268 907
608 22
1360 53
344 345
1361 254
727 138
1362 908
485 909
383 409
1363 747
368 910
368 755
368 17
368 171
368 911
368 499
573 912
1364 913
1365 375
842 300
842 213
172 914
172 486
172 915
172 916
92 378
92 917
92 138
556 918
556 919
556 179
556 300
556 384
824 920
382 444
1366 695
1366 22
1367 921
442 822
442 922
1368 923
1369 924
266 782
1370 612
1371 252
69 212
69 352
133 925
391 310
489 179
1372 300
1373 72
1374 926
233 927
411 928
411 929
1375 329
831 930
831 822
927 380
927 285
927 21
312 29
312 325
312 931
312 683
377 17
1376 481
315 239
1377 96
408 932
405 5
405 214
405 189
405 646
405 645
405 933
718 585
1378 390
1378 934
331 685
1379 13
99 220
99 935
715 46
895 936
1380 132
318 32
473 937
473 98
473 128
324 12
1381 938
1382 201
478 5
1383 304
1383 235
392 871
314 621
1384 43
1385 939
1386 318
425 141
425 404
425 394
425 281
425 940
100 98
100 542
744 148
