841 0
842 1
843 2
771 3
348 4
784 5
263 6
263 7
347 8
844 9
845 10
117 11
156 12
41 13
41 14
41 15
41 16
846 17
367 18
367 19
367 20
847 21
250 22
250 23
848 24
440 25
139 26
849 27
28 28
391 29
391 30
391 31
850 32
414 33
851 34
852 35
736 36
234 37
234 38
234 39
234 13
234 40
234 41
234 42
853 43
244 44
244 45
854 46
122 11
122 47
855 48
265 49
265 50
265 51
265 52
265 53
265 54
516 55
167 56
627 57
627 58
856 59
857 60
857 61
857 62
288 63
610 64
858 65
210 66
521 60
521 67
521 68
859 69
860 70
278 71
278 72
278 73
861 14
529 74
796 75
141 76
141 77
862 60
332 78
163 79
163 80
131 81
131 82
131 83
131 84
131 85
131 86
863 87
864 25
865 88
866 89
867 90
79 91
79 4
719 92
868 93
869 94
870 95
871 58
871 8
871 96
707 97
707 98
707 99
707 100
614 101
270 102
436 80
872 103
797 104
873 105
118 11
11 106
11 47
11 44
11 107
11 108
11 109
11 110
11 111
11 31
11 112
11 113
11 114
11 115
11 116
11 117
11 118
11 119
11 120
11 121
11 122
874 123
875 124
876 125
355 126
355 127
65 128
877 129
275 130
275 131
275 132
275 133
878 134
425 135
199 136
879 137
880 138
26 38
26 139
311 140
76 141
76 142
650 131
650 143
650 144
444 145
444 146
881 147
882 148
475 149
687 150
519 151
883 152
370 153
510 154
510 76
626 155
626 156
580 157
395 137
395 158
395 159
395 160
395 92
569 132
884 161
885 162
369 123
886 163
886 164
887 165
815 166
888 167
889 123
258 168
890 169
112 11
335 170
335 171
622 172
622 90
786 173
786 174
786 2
774 175
261 176
317 177
891 178
706 179
496 180
892 181
892 182
380 183
380 184
380 185
380 186
893 49
533 182
558 187
558 188
695 189
894 190
895 191
896 192
897 193
898 194
899 195
375 196
759 197
56 167
900 198
136 199
136 200
901 201
902 202
903 203
757 204
14 205
14 206
14 92
14 207
14 41
14 208
904 209
905 210
839 54
116 211
116 11
116 212
906 213
404 214
404 182
386 215
489 93
489 216
334 78
334 217
907 218
741 162
477 203
477 219
477 220
477 221
908 91
525 222
909 223
523 201
541 224
497 161
494 225
299 157
231 226
102 227
910 228
911 229
226 230
226 231
912 209
401 232
401 233
92 14
562 172
42 234
42 235
913 89
914 161
548 236
778 237
737 238
411 239
915 240
915 241
916 242
917 243
44 244
44 245
44 246
565 73
756 247
918 248
459 137
919 249
691 123
13 250
920 251
921 233
503 252
503 253
922 254
922 255
473 149
476 256
923 257
924 258
255 259
925 260
926 261
750 262
6 263
927 264
53 265
928 266
929 267
389 268
69 269
930 270
930 102
694 271
346 272
211 116
824 130
824 273
824 274
824 250
282 275
282 276
282 62
931 277
932 278
933 279
933 280
461 281
540 209
540 282
934 283
524 284
935 285
936 286
937 25
937 287
938 288
939 289
468 290
940 91
941 291
941 292
592 293
702 294
517 295
606 267
606 223
606 296
942 251
501 3
501 297
437 298
943 5
705 182
539 93
619 267
716 20
716 299
944 300
945 200
946 55
133 301
714 302
230 303
947 304
948 305
82 306
82 307
82 276
82 308
82 309
82 310
82 311
82 312
82 131
82 116
82 9
726 90
949 313
123 314
123 19
123 315
950 23
951 135
952 316
810 317
953 318
953 201
349 8
349 264
654 173
654 319
747 320
954 321
365 322
39 234
233 30
679 232
806 323
681 324
955 60
955 325
956 326
498 327
498 328
104 329
281 330
281 331
78 332
78 333
78 334
78 335
78 336
78 69
78 337
78 338
78 339
78 232
78 340
78 341
78 342
957 343
798 105
798 123
43 344
958 345
237 346
764 251
8 347
8 348
8 349
601 350
103 351
959 352
819 218
819 353
819 354
126 355
800 356
800 215
428 313
583 357
746 203
746 162
192 358
9 309
474 149
770 359
960 360
594 127
594 361
961 90
962 362
962 363
19 364
19 365
19 366
19 153
19 182
19 367
19 157
19 201
19 368
628 13
563 369
563 370
563 201
963 123
482 204
809 285
809 206
564 371
564 372
564 373
564 200
564 374
826 305
504 46
177 276
766 375
766 376
964 353
830 218
965 29
966 377
967 378
578 157
968 379
969 312
185 380
185 171
970 381
50 382
971 383
972 31
973 14
29 384
974 385
975 386
976 387
472 388
268 389
174 390
127 355
977 391
198 392
978 266
979 313
158 393
158 394
158 395
158 360
980 303
481 396
481 397
155 76
688 398
688 381
488 399
488 400
981 401
982 255
983 224
984 186
985 402
83 91
986 209
308 82
308 403
214 404
214 405
214 406
214 407
214 408
987 409
239 410
239 411
988 131
426 95
989 412
63 38
543 3
990 299
168 413
991 92
430 414
430 415
813 267
813 416
329 104
4 417
4 348
4 418
992 163
993 419
358 147
994 420
643 218
643 249
646 373
995 421
195 21
195 296
195 102
996 76
552 422
718 237
821 423
309 424
309 425
309 426
309 9
222 328
222 272
164 427
313 428
415 429
415 430
312 41
312 431
997 187
130 209
998 432
333 433
999 147
645 373
260 434
260 135
260 247
1000 435
160 395
1001 425
1002 14
38 234
38 48
38 436
1003 437
715 438
25 439
25 440
25 441
536 442
536 182
145 443
145 444
145 445
465 446
566 447
568 408
1004 448
1005 296
1006 89
514 449
811 115
1007 450
51 451
1008 310
1009 452
1009 453
1010 14
1011 4
52 304
146 454
146 444
648 455
67 456
67 457
137 458
137 459
671 460
176 461
605 462
678 232
446 463
446 464
446 465
446 466
1012 467
31 11
1013 468
1014 469
1014 189
1015 161
1016 99
1017 422
480 470
388 471
388 472
388 91
1018 384
149 473
149 474
149 475
1019 92
624 267
732 214
323 476
203 477
203 478
81 195
507 171
132 25
132 479
132 480
132 36
397 481
95 482
93 483
93 484
93 485
93 486
93 487
93 488
93 489
1020 490
508 491
508 171
1021 492
1021 493
1022 454
1022 436
225 494
792 91
727 495
727 433
417 4
1023 142
180 496
180 310
298 166
327 497
327 498
327 397
804 499
804 500
1024 376
1025 501
228 406
613 89
253 502
253 229
253 503
253 101
1026 504
1027 505
1028 60
409 454
1029 506
171 507
171 90
171 508
171 335
321 509
154 510
1030 489
1031 511
455 512
1032 513
1033 95
449 514
629 515
761 78
761 516
761 517
1034 518
272 330
272 378
272 222
151 519
418 4
1035 103
1036 520
1037 521
1038 321
201 522
201 523
284 524
1039 76
1040 116
0 158
1041 422
305 2
1042 525
561 393
561 526
561 135
74 527
74 528
74 529
74 530
315 123
1043 432
567 46
182 404
182 387
182 38
182 531
182 532
182 533
182 534
182 535
182 162
182 536
182 456
783 69
1044 90
1045 537
585 538
551 252
551 539
642 540
762 541
762 138
1046 83
1046 86
1047 542
823 432
1048 543
1049 285
1050 544
179 162
179 1
776 59
1051 92
1052 545
1053 546
1053 547
700 80
700 548
1054 477
36 549
1055 495
252 416
252 350
252 550
252 360
252 551
252 503
1056 207
1057 375
1058 552
754 553
318 554
713 62
1059 555
1060 556
1061 557
748 558
748 505
1062 348
1063 203
1064 559
526 560
526 561
526 562
61 290
680 158
680 298
1065 60
1066 563
1067 564
1068 93
55 565
55 402
55 276
408 214
408 566
408 567
408 363
408 568
408 265
408 569
1069 214
649 452
200 60
297 501
599 60
805 570
781 571
1 572
1 573
1 179
1070 574
1071 575
1072 576
832 55
189 577
801 531
834 184
1073 38
21 296
157 578
157 433
157 579
157 577
157 580
157 299
661 464
662 422
655 581
1074 582
1074 171
399 488
1075 342
357 583
18 367
538 584
538 585
639 586
639 15
639 92
1076 26
595 291
595 343
1077 394
634 62
634 587
634 588
634 183
1078 2
303 589
506 385
1079 60
502 158
825 590
1080 383
15 586
1081 591
708 592
1082 593
434 192
328 542
328 222
559 91
361 594
1083 90
292 595
30 161
818 353
1084 596
491 321
86 577
86 597
86 131
630 598
630 599
693 319
236 600
1085 145
1085 601
1086 295
1087 602
387 603
1088 604
462 121
462 605
413 181
1089 357
301 606
1090 607
1091 608
1092 92
712 393
1093 91
1094 609
596 60
1095 610
35 611
466 612
144 135
817 343
795 613
101 273
101 614
289 615
142 242
452 616
267 617
267 618
267 62
267 619
267 620
267 350
267 621
267 91
267 622
267 553
267 623
267 624
267 143
267 625
371 564
273 626
273 101
58 627
1096 395
1096 90
1097 95
206 14
1098 628
1099 165
396 629
598 200
598 630
1100 21
1101 358
1101 631
448 632
1102 633
1103 384
486 93
486 634
193 305
1104 635
690 636
1105 637
46 567
1106 586
1107 638
586 639
1108 640
1108 582
1109 641
1110 91
1111 642
683 204
403 308
1112 422
1112 643
1113 131
269 60
1114 644
114 11
373 564
373 645
373 646
1115 89
1116 647
721 135
608 648
608 494
1117 464
616 452
616 649
143 267
143 276
143 650
1118 416
1119 651
173 652
173 653
173 654
173 2
173 138
1120 277
581 655
581 205
1121 38
326 275
758 656
758 657
424 309
703 658
1122 659
1123 660
589 661
196 303
422 130
422 552
422 662
422 663
623 19
406 228
1124 664
246 44
1125 665
666 48
666 666
728 667
296 227
296 545
1126 409
1126 179
820 668
820 669
363 291
238 421
405 259
405 292
744 162
314 123
342 78
342 89
573 166
573 1
215 670
767 620
460 671
153 672
1127 515
354 89
675 450
1128 673
427 179
669 668
669 674
1129 675
457 676
457 677
291 135
291 595
232 678
232 78
232 679
232 401
232 680
232 681
232 161
689 682
204 683
204 247
1130 684
1130 312
1131 685
1131 686
271 687
1132 688
665 182
249 31
276 425
276 310
276 62
152 93
152 689
152 331
1133 204
1134 135
636 690
676 457
835 641
790 691
653 173
1135 227
1135 416
1135 647
1135 692
319 693
49 445
49 435
49 694
49 695
49 696
512 697
512 698
512 343
512 699
183 486
183 670
223 43
223 606
522 201
80 700
80 163
80 436
80 409
23 13
23 331
350 162
734 446
734 701
294 702
549 128
749 703
663 422
663 596
663 95
772 3
1136 704
1137 705
534 182
1138 706
97 707
731 708
731 709
1139 121
1140 267
442 536
1141 710
1142 82
1142 441
1142 506
829 711
1143 369
393 158
393 561
393 712
621 713
1144 224
1145 43
344 43
1146 710
1147 303
816 714
241 223
1148 89
438 715
1149 91
20 259
20 716
20 367
692 91
515 629
1150 196
1151 717
1152 85
1153 718
1153 719
159 395
530 74
110 11
1154 457
135 720
135 721
125 722
604 723
604 724
604 272
64 230
64 285
64 91
632 66
1155 391
1156 322
181 348
181 168
181 4
1157 725
699 512
207 726
207 600
1158 195
227 382
433 157
433 727
433 728
1159 488
725 729
1160 730
429 200
709 731
590 19
394 705
394 732
337 226
302 501
302 87
1161 720
1162 733
108 11
701 734
1163 82
1164 735
1164 444
447 736
147 737
1165 89
1166 270
557 267
557 170
557 343
557 738
557 488
1167 35
1168 739
574 123
1169 91
1170 91
1170 585
1171 491
22 603
22 267
483 93
1172 62
484 93
1173 182
88 740
88 55
88 573
1174 432
162 741
162 381
162 742
162 743
162 164
162 744
162 356
162 745
162 583
162 746
162 500
320 747
505 748
505 749
262 750
262 751
262 197
1175 752
1176 753
553 754
247 755
247 756
247 757
656 758
220 432
197 759
197 262
197 760
73 761
73 135
1177 515
1178 269
1179 521
1179 475
1180 263
1181 182
1182 482
138 173
138 762
330 176
1183 689
550 252
441 172
359 132
545 296
545 331
1184 335
1185 123
339 78
34 763
1186 764
1186 765
2 653
2 766
2 182
2 630
620 267
620 713
620 767
1187 768
615 29
1188 769
1189 770
16 173
575 55
72 278
3 501
3 771
3 543
3 772
685 773
175 774
1190 381
190 311
1191 775
59 776
59 586
90 622
1192 583
1193 538
686 777
1194 526
1195 49
109 11
410 239
625 267
1196 778
579 779
77 141
1197 780
1198 260
571 781
1199 579
618 267
340 78
170 782
40 234
40 738
1200 206
710 665
710 783
635 384
1201 48
1202 784
788 785
1203 116
1203 786
1204 102
98 707
98 787
785 788
1205 789
1206 518
611 35
1207 790
360 21
360 29
360 158
1208 181
128 558
128 791
128 549
1209 468
831 130
91 792
91 89
7 263
390 174
390 793
1210 309
1211 794
1212 795
75 796
105 797
105 798
638 799
638 695
356 800
356 372
356 343
356 162
752 594
1213 606
531 801
531 182
161 802
161 803
216 455
216 489
1214 91
1215 2
500 162
500 804
659 234
570 805
570 256
570 806
570 376
445 49
723 604
587 634
1216 807
1217 808
1217 809
793 390
1218 810
172 464
172 90
584 66
1219 5
1220 179
17 811
751 262
402 55
47 122
1221 812
331 535
331 542
331 158
331 91
331 272
1222 517
1223 704
822 394
257 807
1224 267
1225 161
1226 263
743 62
416 813
243 415
119 11
443 145
1227 814
166 815
166 573
166 816
166 749
166 95
343 553
343 817
343 512
458 451
353 218
353 818
353 819
668 669
668 820
96 183
96 413
96 821
1228 175
1229 822
1230 823
1231 60
274 824
735 158
546 825
57 627
1232 305
1232 826
1233 89
259 405
259 305
259 255
259 20
1234 827
1235 201
1236 92
218 353
218 400
218 828
218 829
218 506
218 830
218 443
184 831
184 832
184 833
184 834
1237 438
1238 813
1239 220
527 74
1240 278
672 577
799 638
60 635
60 269
60 200
641 835
1241 181
307 82
1242 92
532 182
631 421
1243 672
1244 717
451 458
499 804
99 707
1245 12
1246 836
1247 217
791 128
1248 204
513 521
577 837
577 82
577 838
577 647
577 672
577 86
1249 598
1250 260
364 19
54 694
54 839
54 265
1251 840
