226 0
226 1
226 2
226 3
226 4
257 5
257 6
257 7
257 8
87 9
87 10
86 11
330 12
321 13
321 14
22 15
22 16
22 17
22 18
247 19
247 20
16 21
16 22
16 23
16 18
331 24
332 18
286 25
189 26
303 27
211 28
333 29
66 30
96 31
96 11
288 32
288 33
288 34
184 30
244 35
154 26
47 36
47 37
309 38
309 39
17 22
17 30
99 21
99 18
99 40
99 11
99 6
136 41
334 42
335 43
335 44
177 45
267 46
36 47
174 15
174 48
174 49
174 26
174 3
174 50
174 51
160 21
160 52
160 18
69 13
69 53
69 54
336 55
61 18
61 56
61 57
61 6
337 21
323 58
57 59
57 60
57 61
77 62
77 63
338 64
338 65
338 66
338 67
338 37
338 68
13 69
152 70
152 37
4 14
104 71
104 11
137 72
339 73
340 74
340 75
70 76
70 24
70 77
70 21
70 18
70 26
70 78
70 79
70 30
70 80
70 81
181 30
181 82
181 83
181 84
10 9
10 85
10 86
10 18
10 87
10 88
10 89
10 90
10 78
10 63
190 26
190 91
190 92
190 93
341 94
341 3
11 86
11 95
11 31
11 96
11 9
11 97
11 93
11 98
11 99
11 62
11 100
11 101
11 102
11 77
11 21
11 30
11 103
11 104
11 105
11 106
11 63
11 18
11 107
11 108
11 83
11 37
241 109
241 110
241 107
159 18
159 111
159 2
63 112
63 5
63 113
63 114
63 115
63 116
63 68
63 117
63 118
63 17
63 77
63 26
63 103
63 10
63 11
63 63
63 119
63 120
63 121
63 122
63 123
63 124
182 68
119 24
119 8
119 63
76 125
76 126
6 127
6 6
6 128
6 99
6 115
6 129
228 130
228 131
228 132
228 121
228 2
80 133
80 134
80 135
41 136
342 137
342 138
342 37
342 139
169 140
245 141
245 2
245 62
245 17
245 73
281 142
281 143
281 144
108 11
343 145
121 2
121 10
121 77
121 1
121 146
121 90
121 70
121 147
121 148
121 63
37 2
37 76
37 24
37 17
37 149
37 150
37 26
37 151
37 152
37 11
37 110
37 68
18 153
18 61
18 154
18 21
18 16
18 99
18 155
18 9
18 82
18 30
18 156
18 157
18 11
18 158
18 159
18 160
124 61
124 161
124 122
124 162
124 163
124 164
124 63
124 165
124 166
51 167
51 168
51 169
292 170
153 18
153 26
153 171
344 172
319 173
48 174
201 15
305 75
302 175
155 18
114 85
114 170
114 176
114 63
207 122
162 124
162 116
275 107
126 78
126 76
206 122
45 177
71 178
345 120
346 179
327 148
233 21
49 21
242 125
277 151
347 180
326 32
348 156
82 30
82 2
82 70
82 181
68 182
68 98
68 42
68 37
68 53
68 63
101 11
101 183
304 123
349 184
350 10
147 121
147 37
147 29
318 185
351 174
30 184
30 2
30 18
30 82
30 70
30 66
30 11
30 186
26 153
26 23
26 187
26 188
26 126
26 189
26 170
26 37
26 190
26 154
26 191
26 63
352 192
83 11
353 193
354 194
132 17
243 35
243 195
312 144
317 196
156 18
156 197
355 67
270 198
15 199
15 200
15 201
15 6
15 22
227 2
39 37
278 151
278 202
356 170
356 8
236 203
357 42
89 204
89 10
52 160
254 32
254 93
358 205
122 206
122 70
122 207
122 63
359 26
359 208
360 198
361 6
285 209
158 18
24 119
24 37
362 38
28 149
28 210
28 211
28 38
28 31
103 28
103 212
103 213
103 214
103 78
103 11
103 198
103 8
103 63
117 63
117 215
363 161
363 216
363 217
224 218
364 219
290 170
272 220
272 221
272 170
272 222
272 223
183 101
218 224
218 225
218 154
217 193
90 121
90 10
90 98
2 226
2 227
2 10
2 55
2 228
2 30
2 1
2 229
2 121
2 162
2 150
2 159
2 230
265 46
265 231
232 21
21 29
21 18
21 232
21 99
21 197
21 233
21 70
21 49
21 234
21 142
21 11
21 73
157 18
59 11
59 97
203 150
203 235
203 236
291 237
291 238
9 10
9 18
9 87
9 65
9 111
9 239
9 240
9 11
109 199
109 241
97 56
97 59
125 242
125 76
248 21
248 2
248 6
1 2
35 243
35 116
35 244
365 17
62 11
62 245
366 122
367 246
367 37
368 247
141 79
141 248
251 249
251 2
251 250
251 251
179 248
134 80
93 252
93 253
93 254
93 255
93 37
93 11
93 256
294 144
149 28
149 257
149 37
369 30
298 258
370 29
215 117
371 32
105 32
105 11
105 259
105 260
105 261
42 17
280 53
280 262
79 141
79 143
372 242
372 263
46 264
46 265
46 266
46 267
23 26
164 124
40 6
53 268
53 69
53 88
53 68
53 269
198 2
198 103
198 270
198 104
115 271
115 6
115 63
373 51
373 68
220 272
29 21
29 80
289 273
313 5
316 39
308 274
65 30
65 65
65 8
107 275
107 276
151 277
151 180
151 37
151 278
249 251
111 9
111 159
374 18
374 68
262 279
262 280
142 21
142 49
142 281
142 98
282 282
282 171
282 230
150 2
150 75
150 37
150 58
110 241
110 37
8 103
8 82
8 65
8 283
375 171
199 109
376 80
306 284
112 70
112 63
33 285
25 286
377 17
377 287
209 285
34 288
273 289
170 288
170 290
170 170
170 291
170 292
310 293
55 2
55 259
55 162
144 226
144 294
378 62
231 295
231 2
231 265
379 296
379 186
116 63
116 35
116 104
78 46
78 70
78 103
78 10
78 126
100 11
380 297
85 114
85 10
381 68
258 298
382 197
187 18
187 26
329 123
383 18
315 129
384 113
320 299
229 300
229 2
229 301
175 302
27 303
27 121
3 226
3 304
75 150
75 240
75 305
230 85
230 11
230 2
230 282
230 162
284 306
268 29
268 53
200 15
385 307
386 179
274 308
274 2
118 63
387 176
38 309
38 185
388 107
389 297
390 242
314 129
253 123
253 172
253 93
391 62
259 105
259 26
259 310
392 269
276 107
393 259
74 253
56 311
56 288
56 97
56 61
219 312
5 257
5 313
5 63
50 174
50 116
129 314
129 315
129 6
31 28
31 96
394 115
191 21
191 26
225 218
225 316
395 126
127 6
196 317
196 196
250 163
250 251
185 38
185 239
185 318
185 13
185 89
185 10
92 190
92 256
98 90
173 123
173 319
299 320
299 98
238 291
396 164
14 4
14 321
58 322
58 150
58 323
58 324
58 325
32 326
32 254
234 141
148 327
397 328
123 329
123 63
146 121
