145 0
160 1
160 2
160 3
160 4
160 5
160 6
301 7
301 8
190 9
190 10
340 11
197 12
111 13
118 14
118 1
176 15
176 16
176 17
176 18
176 19
176 20
108 21
108 22
108 23
108 24
318 25
245 26
59 27
59 28
277 29
341 30
342 31
82 32
82 33
82 34
82 1
82 35
112 36
112 37
165 38
165 39
115 40
115 41
115 42
170 27
170 37
170 43
46 44
281 45
44 46
44 47
44 48
44 49
44 50
291 51
228 52
228 53
228 48
228 54
252 10
252 55
343 56
99 57
99 58
27 59
27 58
344 60
67 61
67 62
67 63
138 64
338 65
338 47
338 66
63 67
63 11
189 9
90 58
90 13
90 68
317 69
317 70
345 24
215 71
89 72
210 59
210 73
210 74
210 75
250 76
323 22
249 76
346 77
34 78
34 79
34 80
34 81
34 82
34 24
107 3
107 24
66 83
66 7
66 11
66 84
66 85
66 86
66 5
66 87
222 88
72 89
58 0
58 90
58 91
58 92
58 93
58 94
58 95
58 96
58 1
58 97
58 3
58 98
58 99
58 27
58 100
58 101
58 102
58 22
347 0
348 103
24 104
24 11
24 105
24 28
24 48
24 106
24 52
24 34
24 107
24 66
24 108
24 21
24 22
24 71
157 36
157 109
171 110
171 3
171 58
171 76
13 111
13 10
13 4
13 112
13 90
42 0
42 74
42 113
42 114
42 115
319 22
319 116
319 117
287 98
304 67
211 75
211 118
196 119
196 120
196 49
196 121
196 122
236 123
30 124
30 125
129 126
129 127
129 128
62 67
62 129
62 50
150 0
20 19
20 15
329 130
199 131
199 132
199 133
199 134
167 135
167 64
167 136
167 137
167 138
167 139
0 140
0 141
0 142
0 143
0 144
0 145
0 146
0 86
0 147
0 148
0 24
0 58
0 149
0 150
0 151
0 152
104 58
104 153
104 24
11 86
11 129
11 154
11 1
11 155
11 66
11 63
11 156
11 39
11 24
109 157
109 9
349 158
350 159
350 27
144 0
2 83
2 160
2 161
351 24
260 38
148 52
148 162
352 163
40 59
40 164
40 115
101 58
39 11
39 165
39 166
135 167
257 38
353 66
331 49
188 168
188 169
275 148
275 107
354 66
37 170
37 112
95 10
95 58
95 5
95 171
254 172
141 173
141 174
141 175
17 176
69 177
69 8
355 148
355 178
355 162
127 129
264 38
207 179
209 47
4 83
4 13
267 180
83 4
302 181
356 20
86 0
86 182
200 183
153 104
357 59
220 184
220 185
220 186
100 0
100 22
100 58
100 71
259 47
259 187
106 142
106 34
106 66
273 87
169 188
9 189
9 109
9 177
9 190
9 191
9 192
192 9
192 193
358 194
359 78
360 129
43 170
335 15
78 192
78 15
326 0
326 195
120 118
120 196
265 38
156 11
151 197
361 198
131 199
85 75
85 200
85 175
85 201
85 202
85 203
85 204
85 205
85 206
85 66
85 147
12 85
12 207
12 49
12 15
12 208
47 209
75 85
75 75
75 210
75 211
75 73
75 34
126 212
71 213
71 214
71 215
71 142
71 216
71 22
71 24
269 129
362 217
362 218
362 219
363 109
184 220
88 221
88 222
364 85
364 71
364 118
364 147
365 223
365 220
21 24
21 108
21 224
300 225
119 129
152 0
316 226
366 227
7 228
309 229
309 230
309 160
231 231
28 24
367 214
368 15
321 232
1 11
1 105
1 160
1 118
1 233
1 82
1 234
333 15
218 235
123 236
299 48
369 237
369 167
52 228
52 238
52 24
158 49
313 36
159 11
159 239
159 220
159 240
159 241
159 163
370 157
224 21
371 242
132 243
132 244
26 245
134 246
61 189
372 247
336 22
336 225
336 248
204 208
76 249
76 250
76 171
308 251
373 61
19 176
10 190
10 95
10 252
10 13
10 253
172 254
3 255
3 11
3 160
3 107
3 171
3 58
124 30
374 219
173 141
173 256
38 257
38 165
38 49
38 258
38 259
38 1
38 260
38 73
38 261
38 262
38 263
38 264
38 265
38 266
74 210
193 192
193 7
193 11
186 220
186 1
255 3
255 5
255 66
142 0
142 267
142 71
191 9
191 5
191 268
191 42
375 196
187 149
187 259
155 11
73 75
376 269
310 202
68 270
68 90
18 176
147 0
147 271
147 75
377 272
105 109
105 24
378 167
379 45
149 0
149 22
149 187
380 157
87 273
381 92
235 138
235 218
332 274
332 171
94 58
94 66
312 36
312 275
312 160
312 202
81 276
29 277
29 278
162 148
162 5
382 145
330 279
330 280
330 49
216 71
216 281
315 36
383 270
383 75
383 39
5 95
5 191
5 4
5 246
5 66
384 192
234 1
314 36
154 11
214 71
385 189
385 160
303 181
303 282
386 57
386 271
296 271
288 185
288 253
288 283
288 263
240 159
311 49
253 10
25 71
25 116
146 284
146 0
387 141
387 67
388 0
388 233
388 285
98 178
98 286
98 287
198 1
283 288
283 217
283 289
208 12
208 204
389 147
390 226
51 290
51 291
50 95
50 44
50 27
50 292
50 22
50 293
391 294
392 47
286 98
271 295
271 296
271 297
271 127
271 298
271 22
48 228
48 275
48 44
48 299
48 24
205 300
280 4
280 79
393 34
174 141
322 22
128 210
128 301
128 129
128 171
181 302
181 303
394 255
263 22
263 38
263 288
395 304
396 0
298 271
324 22
8 69
8 238
8 305
337 57
337 306
397 42
270 68
398 214
256 173
161 307
161 299
161 2
251 308
251 180
251 118
229 309
241 159
241 269
241 239
202 85
202 132
202 75
202 36
202 310
202 311
202 219
202 312
289 129
114 42
36 157
36 112
36 313
36 202
36 314
36 315
399 116
178 98
226 316
70 52
70 317
116 318
116 319
116 320
91 84
292 50
230 309
232 321
268 191
22 0
22 50
22 322
22 100
22 323
22 8
22 263
22 298
22 324
22 156
22 163
22 24
400 125
137 167
45 325
45 281
195 220
195 326
213 71
227 327
227 328
401 11
139 167
49 311
49 12
49 329
49 330
49 331
402 129
239 241
239 275
239 159
239 330
403 49
403 196
53 228
64 167
54 332
15 333
15 334
15 78
15 335
404 11
177 69
177 336
185 288
185 98
185 220
405 336
84 66
84 91
57 99
57 167
57 337
65 338
65 336
243 209
406 339
6 160
96 22
96 58
