215 0
256 1
256 2
256 3
256 4
256 5
242 6
242 7
242 8
81 9
81 10
81 11
81 12
81 13
81 14
81 15
81 16
81 17
178 18
178 19
311 20
325 21
134 22
134 23
191 24
326 25
327 26
327 27
328 28
328 29
328 30
328 31
329 15
330 32
96 33
96 34
96 35
233 36
331 37
331 38
17 39
291 40
291 41
237 42
237 32
287 43
287 44
289 45
289 46
56 47
56 48
56 49
56 50
56 43
56 51
56 52
56 44
56 53
56 54
56 21
56 55
43 56
43 44
49 56
76 45
76 13
76 57
58 58
58 59
301 60
40 61
40 62
40 63
40 64
40 65
40 66
40 67
40 68
40 33
40 69
332 33
304 70
62 40
62 71
234 72
234 73
234 74
193 75
333 76
333 57
333 5
121 77
334 78
93 33
321 46
13 25
13 79
13 28
13 51
13 80
13 81
13 82
5 2
5 83
94 84
94 85
94 57
94 86
94 36
94 33
94 87
335 25
33 88
33 89
33 90
33 28
33 91
33 92
33 93
33 40
33 5
33 94
33 95
33 96
33 36
33 97
97 33
69 98
69 99
69 28
69 100
69 34
69 101
69 40
69 69
69 102
133 103
133 104
133 105
133 106
133 107
133 108
133 25
133 28
133 109
133 110
336 85
111 111
111 44
111 4
160 112
160 113
285 28
247 46
247 114
247 115
247 116
247 82
247 117
337 54
198 28
198 118
198 46
198 119
198 120
77 121
77 122
162 113
338 123
145 124
241 125
80 73
80 126
80 127
80 13
80 34
80 69
240 128
25 129
25 130
25 131
25 132
25 133
25 28
25 134
25 13
25 135
25 136
25 67
25 137
25 138
25 35
315 139
262 12
323 140
68 40
68 33
68 141
339 69
340 139
340 142
124 6
124 143
124 144
124 113
124 145
152 146
152 147
341 12
342 74
50 28
50 76
29 148
203 149
122 77
279 28
252 6
252 150
343 133
343 10
343 151
343 152
344 153
154 40
154 73
154 154
154 118
2 46
2 155
2 28
2 5
2 156
2 39
2 157
307 35
157 2
345 5
345 113
249 82
264 65
89 33
89 89
57 158
57 73
57 46
57 28
57 159
57 94
57 76
113 128
113 160
113 143
113 82
113 144
113 161
113 162
113 75
113 6
113 38
113 124
113 35
346 163
210 164
248 82
63 40
225 15
213 165
167 166
167 86
167 115
170 28
170 127
347 167
138 6
138 168
138 169
163 10
348 170
349 171
350 46
351 40
351 172
143 173
143 4
143 174
143 124
253 54
253 83
85 175
21 56
21 46
21 176
90 33
90 166
205 177
205 120
205 150
352 52
352 46
353 33
19 178
19 96
19 179
19 102
290 151
255 73
197 75
354 113
355 62
201 67
269 180
104 46
104 181
104 182
104 29
104 75
104 183
104 67
251 46
251 184
251 2
251 185
251 34
251 186
251 187
251 188
251 33
251 189
251 166
356 25
192 46
300 166
98 69
71 62
275 190
275 167
116 99
357 166
24 191
75 192
75 104
75 113
75 193
75 82
75 194
75 195
75 196
75 197
75 67
75 137
75 4
101 69
120 28
120 73
120 198
67 104
67 199
67 75
67 136
67 200
67 201
254 44
254 202
254 109
254 35
358 72
149 203
22 134
177 143
177 204
177 132
177 205
177 199
177 206
177 207
179 161
179 46
179 13
179 43
359 62
53 56
278 208
360 56
361 25
164 209
164 28
164 210
164 86
199 177
199 28
199 67
199 199
199 211
199 36
199 212
293 47
165 213
292 214
292 9
292 35
362 127
230 92
0 215
363 33
83 166
364 216
365 28
366 73
259 217
259 218
259 104
259 82
367 219
367 220
99 116
99 86
99 14
10 221
10 222
10 28
10 223
10 224
10 225
10 226
10 81
10 40
368 227
92 228
92 229
92 33
92 230
92 231
369 2
64 40
36 232
36 233
36 28
36 199
36 94
36 33
135 234
226 235
148 73
148 236
288 31
15 225
263 78
156 2
42 237
42 46
42 228
42 72
42 238
42 86
314 239
14 88
370 240
7 150
125 241
8 242
131 28
131 243
131 25
371 244
372 245
129 25
296 246
296 112
82 150
82 247
82 82
82 248
82 75
82 13
82 249
51 250
51 13
373 177
265 180
194 251
374 177
6 113
6 150
6 28
6 242
6 252
6 116
6 138
6 124
88 33
88 52
310 253
202 254
146 152
16 46
16 255
3 256
4 28
4 121
4 75
4 187
4 143
280 257
280 38
375 258
218 259
229 120
229 166
229 92
229 115
376 82
150 260
150 28
150 205
150 252
150 6
150 261
377 262
378 81
78 28
78 263
115 247
115 68
115 264
115 60
379 265
159 266
159 57
180 267
180 228
180 265
180 268
180 269
180 270
319 271
316 272
282 28
282 273
282 274
34 96
34 275
137 264
137 4
137 25
137 75
380 89
54 128
54 276
54 56
54 28
54 277
54 25
117 247
158 28
158 57
208 278
381 33
28 46
28 50
28 279
28 57
28 242
28 14
28 15
28 280
28 158
28 131
28 281
28 90
28 262
28 11
28 195
28 282
28 33
28 4
28 69
28 228
28 198
28 243
28 150
28 29
28 24
28 283
28 54
28 284
28 70
28 25
28 120
28 36
28 285
182 111
44 286
44 95
44 287
44 220
44 32
382 288
45 76
45 289
151 43
151 177
151 290
383 25
41 291
220 44
211 199
196 137
196 75
147 240
39 2
39 9
66 40
35 128
35 9
35 144
35 292
35 96
35 124
47 166
47 293
47 226
232 36
185 185
236 29
155 2
181 104
384 182
385 121
386 294
387 295
388 193
388 154
112 296
112 160
112 34
112 297
112 298
37 33
37 299
166 229
166 300
166 167
166 5
166 25
166 83
86 167
86 42
86 94
86 99
108 25
60 158
60 301
60 115
60 38
60 25
60 302
60 33
60 303
126 80
136 25
70 304
70 28
200 3
200 305
176 263
59 119
91 33
91 306
1 2
128 143
128 54
128 35
161 179
161 307
161 113
132 177
132 25
73 57
73 234
73 308
73 309
73 80
73 154
73 310
73 86
73 255
73 94
73 120
73 148
73 3
20 167
20 311
52 56
127 80
389 115
224 10
183 104
142 86
298 112
305 200
305 166
195 312
195 313
195 75
38 280
38 60
187 4
302 78
390 127
239 314
391 42
139 315
272 316
175 85
175 317
243 318
243 28
243 131
271 77
271 319
271 195
271 320
271 43
12 28
12 262
12 46
12 81
283 166
283 300
284 46
46 251
46 179
46 289
46 192
46 57
46 321
46 8
46 104
392 65
393 322
140 323
118 198
153 324
153 83
231 92
