123 0
50 1
50 2
50 3
50 4
50 5
101 6
347 7
29 8
29 9
29 10
256 11
325 1
348 12
238 13
233 14
188 15
191 16
148 17
349 18
169 19
169 20
350 21
351 22
351 23
301 24
92 25
273 26
159 1
159 27
277 28
277 29
352 30
352 31
32 32
32 33
32 34
32 35
32 36
32 1
32 37
32 17
32 30
303 38
303 30
303 39
173 40
173 41
173 30
173 42
173 43
36 32
64 44
64 1
64 45
353 46
222 47
222 48
5 49
5 30
5 50
5 51
226 52
226 22
84 1
84 53
208 1
208 54
208 38
48 55
48 56
48 57
48 58
48 59
48 60
48 61
48 30
288 62
168 63
354 64
197 65
243 66
243 1
243 17
234 14
109 27
109 30
109 67
109 68
109 69
34 32
179 40
77 8
77 70
77 71
320 72
320 27
305 73
305 33
305 1
305 74
305 38
305 66
70 75
70 9
70 1
70 76
70 11
70 77
70 78
70 79
70 80
70 38
70 81
70 82
70 83
111 1
111 84
111 32
56 48
56 85
56 30
265 86
22 1
22 87
22 88
22 89
22 71
22 90
22 30
22 91
22 92
129 27
129 20
129 93
129 94
129 95
129 1
129 86
129 96
129 97
129 21
129 98
129 99
329 1
6 100
6 101
241 66
30 11
30 61
30 102
30 96
30 103
30 104
30 105
30 32
30 33
30 5
30 106
30 107
30 48
30 108
30 55
30 109
30 110
30 111
30 8
30 112
30 22
30 113
30 114
30 115
30 1
30 116
30 117
30 118
30 119
30 94
30 66
30 120
30 121
30 122
0 123
304 124
304 38
263 11
355 125
212 126
9 1
9 70
9 71
9 29
9 127
53 48
293 21
293 128
293 1
94 118
94 129
94 130
94 1
94 47
94 31
94 131
94 132
94 133
94 17
94 94
94 134
94 48
94 30
94 135
94 26
76 70
120 1
120 30
120 17
120 136
120 137
292 138
292 139
292 140
292 73
31 141
44 64
196 142
118 143
118 30
118 144
118 145
356 34
17 55
17 146
17 11
17 1
17 110
17 147
17 56
17 148
17 10
17 94
17 66
17 120
17 98
145 11
145 38
145 149
145 73
145 29
82 70
82 79
223 150
223 151
223 152
223 153
223 154
223 155
223 156
357 157
19 12
19 90
122 158
122 130
358 45
27 159
27 128
27 160
27 161
27 33
27 130
27 1
27 162
27 129
27 153
27 102
27 117
27 163
27 158
27 164
27 40
27 165
27 98
27 166
359 167
63 168
20 1
20 88
20 129
20 169
198 170
254 171
254 126
41 172
41 173
282 95
282 174
246 48
147 175
172 41
125 43
195 66
195 56
195 176
40 177
40 27
40 178
40 173
40 179
40 11
40 180
40 181
40 182
40 183
40 184
40 98
40 185
40 186
308 95
102 30
102 27
217 1
217 2
217 187
217 47
250 130
15 188
360 189
341 71
341 132
341 158
341 190
341 21
361 27
362 191
362 175
270 11
275 192
275 193
275 194
259 51
363 195
142 196
142 197
142 198
283 143
364 199
96 1
96 30
96 129
127 9
127 90
365 30
365 34
365 17
365 33
366 118
105 1
105 30
105 200
206 201
206 202
108 30
55 203
55 130
55 204
55 1
55 205
55 38
55 17
55 48
55 30
55 98
161 14
161 43
202 130
202 110
202 153
202 206
97 139
97 207
322 53
322 73
367 136
54 119
54 208
314 209
314 33
110 171
110 210
110 73
110 110
110 202
110 11
110 211
110 212
110 8
110 149
110 111
110 113
110 213
110 66
110 214
110 215
110 30
110 216
47 32
47 45
47 94
47 217
47 218
47 219
47 38
47 220
47 1
47 48
47 187
47 30
47 221
47 222
47 22
155 223
155 224
155 119
114 30
258 12
242 66
52 225
52 226
52 227
185 40
3 140
3 50
368 228
368 229
369 198
39 121
343 17
370 56
43 158
43 161
43 42
43 230
228 1
175 231
175 156
14 232
14 233
14 234
14 161
14 1
14 235
14 153
14 236
14 183
14 237
58 48
204 55
204 71
204 1
79 82
371 238
66 105
66 239
66 226
66 143
66 110
66 45
66 240
66 158
66 241
66 30
66 242
66 243
183 244
183 1
183 45
183 8
183 245
183 40
332 94
332 68
372 158
372 246
373 1
373 38
247 139
139 247
139 248
139 27
139 249
139 11
139 250
139 97
139 1
57 1
57 251
57 92
57 252
57 253
171 254
171 132
374 149
12 90
11 139
11 255
11 256
11 11
11 257
11 40
11 26
11 258
11 259
11 2
11 34
11 260
11 261
11 145
11 110
11 183
11 262
11 30
11 263
11 70
11 94
11 264
11 133
11 17
11 1
11 265
11 266
45 33
45 267
45 64
45 183
45 47
45 66
180 40
180 27
180 268
107 30
375 269
257 48
257 113
376 156
377 270
334 59
313 1
313 218
182 40
182 210
182 213
378 66
378 118
378 226
178 40
178 30
178 221
130 271
130 27
130 272
130 143
130 1
130 135
130 273
130 121
130 98
130 122
130 166
49 5
126 254
126 27
153 98
327 1
327 274
200 62
379 43
2 50
2 217
194 275
194 169
61 276
61 48
61 11
61 117
380 277
380 30
137 120
381 1
381 71
103 116
103 30
93 278
93 223
93 119
93 129
177 253
177 279
177 193
177 225
177 188
177 118
177 183
177 1
177 40
177 280
177 281
382 282
143 283
143 130
143 118
143 71
143 66
143 48
143 284
383 188
285 211
211 110
211 285
131 94
28 277
28 286
167 90
112 30
252 57
384 1
184 40
184 184
184 38
184 210
184 121
88 20
152 223
115 30
115 67
115 26
115 17
115 273
62 287
62 288
62 200
385 289
385 290
385 291
385 257
386 177
386 292
21 1
21 293
21 173
21 129
21 294
116 295
387 48
51 259
388 296
227 143
227 13
227 213
227 86
227 297
227 48
227 52
181 40
181 160
181 298
181 68
117 61
117 27
117 30
117 299
86 300
86 265
86 195
60 66
60 48
60 193
24 301
389 27
389 257
38 302
38 303
38 130
38 304
38 94
38 305
38 110
38 306
38 47
38 70
38 113
38 208
38 40
38 98
312 95
267 45
135 94
135 130
390 307
318 203
391 257
87 22
244 1
244 183
215 110
95 171
95 308
95 161
95 309
95 282
95 310
95 129
95 311
95 312
193 275
193 33
306 54
306 38
37 32
37 37
16 191
74 305
218 47
218 313
10 29
392 48
209 314
69 315
98 55
98 27
98 17
98 130
98 1
98 316
98 153
98 8
98 38
98 129
98 64
98 40
98 71
98 30
98 98
393 27
26 94
26 273
26 133
26 115
394 9
394 216
394 129
291 234
291 317
337 318
395 319
342 119
396 320
90 143
90 167
90 132
397 198
162 27
213 227
346 321
346 136
140 292
158 66
158 272
398 22
25 92
4 50
73 322
73 305
73 110
73 58
278 93
239 66
113 1
113 38
113 30
113 110
113 257
399 227
281 177
400 1
232 14
232 323
401 175
402 31
403 94
272 302
272 158
272 81
255 269
302 272
302 324
302 38
302 22
302 194
1 27
1 129
1 29
1 325
1 193
1 246
1 147
1 84
1 257
1 98
1 313
1 105
1 32
1 244
1 204
1 64
1 50
1 326
1 327
1 200
1 328
1 243
1 103
1 305
1 111
1 96
1 183
1 113
1 329
1 59
1 30
1 88
1 177
1 9
1 188
1 14
1 21
1 175
1 217
1 47
1 71
1 187
1 136
340 330
8 183
8 30
8 110
8 29
404 118
149 8
149 110
149 331
68 332
317 333
317 174
59 1
59 334
266 11
266 98
262 11
186 40
67 109
99 129
192 275
324 28
324 302
324 68
324 335
324 246
405 1
203 336
203 55
203 337
203 338
203 339
203 140
203 318
203 227
330 340
406 210
295 116
35 32
407 275
407 88
408 27
78 70
132 171
132 341
132 97
132 90
119 1
119 54
119 30
119 155
119 342
214 48
214 110
409 343
134 94
71 9
71 341
71 204
71 1
71 257
71 246
71 149
71 22
71 143
187 217
187 1
187 30
187 344
187 47
230 345
230 43
136 120
136 346
136 1
