365 0
74 1
74 2
97 3
110 4
366 5
134 6
134 7
338 8
69 9
294 10
51 11
51 12
51 13
51 14
51 15
51 16
51 17
51 18
51 19
51 20
51 21
51 22
51 23
51 24
51 25
51 26
51 27
51 28
51 29
51 30
51 7
51 31
51 32
51 33
51 34
51 35
51 36
51 37
51 38
51 39
51 40
51 41
51 42
51 43
114 44
114 39
114 45
114 29
114 46
331 47
331 48
331 49
367 50
351 51
351 52
351 53
368 54
139 55
251 56
251 57
109 58
157 11
157 59
291 60
325 11
325 5
369 61
17 51
370 2
18 62
18 63
18 51
18 25
87 29
70 64
70 65
238 9
238 66
320 67
320 68
349 53
9 69
65 70
65 40
371 71
226 25
226 72
313 73
295 74
295 23
186 75
186 25
186 76
186 24
169 77
169 78
169 79
169 80
169 81
169 82
372 28
24 51
155 83
155 43
373 84
292 85
292 57
292 35
341 85
341 38
341 86
160 11
61 63
62 18
33 11
33 51
33 87
191 88
249 0
249 89
249 34
249 90
40 91
40 64
40 58
40 92
95 93
95 94
95 95
95 96
95 46
3 11
3 97
3 98
374 99
345 100
345 101
354 102
241 103
241 104
308 41
308 105
58 105
58 106
58 107
58 108
58 40
58 58
58 109
4 110
46 11
46 111
46 112
46 113
46 114
46 115
46 116
46 117
46 118
46 93
46 119
46 88
46 120
46 121
46 83
46 122
46 67
46 123
46 124
46 95
46 125
46 29
46 46
46 126
46 105
375 27
182 41
182 111
182 127
285 128
282 129
282 130
376 131
376 132
376 133
205 134
286 135
286 136
286 137
286 138
286 103
286 139
166 11
377 28
377 140
378 141
35 142
35 143
35 83
35 144
35 145
379 146
37 11
37 147
37 94
37 148
37 2
37 51
37 149
335 150
380 151
380 51
380 140
22 51
22 8
381 152
381 153
382 67
362 154
43 155
43 111
43 93
43 156
43 41
43 51
11 157
11 158
11 51
11 159
11 160
11 8
11 161
11 162
11 163
11 164
11 33
11 165
11 166
11 167
11 168
11 169
11 46
242 170
111 171
111 140
111 172
111 173
111 63
111 174
111 175
111 29
340 176
340 177
12 178
12 51
161 11
161 179
161 180
161 181
161 168
309 120
309 29
127 182
116 142
116 183
116 7
116 173
116 184
116 185
230 116
113 46
75 186
75 64
75 20
75 51
75 164
383 187
383 8
219 188
219 189
219 105
219 190
92 40
115 191
115 46
332 192
384 193
181 194
181 8
181 161
96 38
96 195
96 23
96 95
96 196
64 105
64 70
64 25
64 40
64 75
64 197
32 51
385 127
385 198
278 199
278 200
278 90
386 35
387 0
19 0
19 63
19 51
270 201
270 202
59 11
59 27
59 203
59 204
59 115
21 51
21 105
80 169
194 162
184 23
184 116
204 31
204 205
204 59
204 25
204 63
204 148
204 206
204 207
204 208
215 209
207 174
336 210
336 211
336 212
336 213
336 214
336 215
336 216
336 49
388 51
122 46
94 217
94 218
94 68
190 219
190 84
190 105
190 220
281 221
281 116
148 222
148 204
389 41
389 59
389 223
83 155
83 35
83 14
83 197
83 224
83 46
328 13
25 126
25 225
25 219
25 28
25 63
25 18
25 64
25 226
25 227
25 2
25 39
25 228
390 229
276 88
84 190
391 230
392 167
392 111
392 231
392 232
357 225
298 233
350 53
350 234
350 235
350 233
350 236
350 237
199 238
393 239
393 117
394 240
104 7
104 41
104 241
7 157
7 47
7 111
7 242
7 104
7 243
7 20
7 134
7 244
7 245
7 246
7 116
7 51
7 28
78 169
312 247
162 11
162 194
162 168
395 6
144 151
144 35
396 11
397 5
120 248
120 46
34 128
34 249
34 51
34 63
36 51
398 250
399 99
178 105
178 12
56 41
56 51
56 251
98 11
400 252
401 59
257 253
250 254
250 76
277 255
163 11
163 27
118 256
118 46
274 172
274 134
253 257
253 258
253 259
253 260
135 37
89 249
272 183
283 261
283 262
283 259
283 107
269 108
402 263
402 5
240 130
334 216
356 264
356 148
356 225
20 265
20 266
20 7
14 142
14 190
14 8
14 83
14 267
14 268
14 233
14 51
14 29
108 58
108 269
108 37
201 270
117 31
117 46
258 253
258 271
237 233
112 83
112 51
112 149
112 45
112 46
183 272
183 116
403 273
404 274
405 134
119 46
88 191
88 193
88 275
88 276
88 46
255 277
90 278
90 249
90 279
90 65
172 280
172 35
172 111
45 51
45 37
221 281
221 99
254 250
130 282
107 58
107 283
107 284
128 285
128 8
128 286
128 34
128 14
128 146
128 96
406 287
407 288
407 161
288 289
288 290
60 291
266 20
266 53
266 29
85 172
85 292
153 293
54 71
76 173
76 294
209 215
123 69
123 46
337 8
337 46
124 46
23 295
408 103
409 296
1 129
410 227
233 297
233 298
233 299
233 14
233 154
233 41
233 237
63 250
63 16
63 18
63 31
63 25
63 300
63 301
63 61
63 111
63 302
63 29
63 204
63 303
185 51
185 116
411 99
101 100
71 304
71 54
71 148
71 174
71 305
197 83
197 20
197 64
28 7
28 306
28 225
28 307
28 167
28 308
28 154
29 111
29 8
29 153
29 309
29 310
29 87
29 14
29 51
29 251
168 162
168 11
168 311
265 20
412 285
413 215
414 99
415 233
416 11
192 202
105 219
105 21
105 189
105 308
105 58
105 46
93 172
93 43
93 46
417 45
247 312
73 313
73 29
73 87
73 161
418 109
231 41
419 314
260 253
327 6
327 90
2 315
2 74
2 316
2 25
2 63
2 37
2 317
2 2
2 39
342 26
39 51
39 225
319 313
319 285
319 318
318 319
420 109
67 147
67 68
67 320
67 321
67 46
30 51
352 322
175 323
175 111
175 324
5 325
165 11
421 241
422 326
13 327
13 51
13 328
13 329
423 330
424 331
268 14
299 233
218 73
218 94
290 0
290 288
55 90
245 7
16 63
16 51
16 301
425 11
426 99
427 116
121 46
203 59
203 17
348 53
324 175
164 75
164 11
179 11
329 332
329 13
329 249
329 333
329 318
174 111
174 71
216 334
428 46
429 264
273 308
150 335
142 35
142 51
142 134
142 116
222 148
213 336
229 235
430 191
8 11
8 288
8 53
8 0
8 337
8 338
8 14
8 128
8 22
8 181
47 339
47 7
47 331
0 94
0 71
0 8
57 251
177 340
431 37
432 314
433 46
38 51
38 341
91 40
434 110
364 41
26 51
26 12
26 342
125 73
125 46
435 343
217 94
167 151
167 144
82 169
82 298
305 71
171 22
171 111
171 25
126 51
126 25
126 46
436 0
256 118
344 51
344 344
176 56
176 340
246 7
208 204
100 101
100 345
100 26
100 96
100 346
100 204
31 63
31 51
437 347
53 8
53 348
53 349
53 350
53 351
53 266
438 210
322 352
439 353
102 354
289 288
50 355
225 356
225 28
225 25
225 357
225 358
225 298
225 225
225 39
225 359
225 336
225 360
440 103
440 25
154 265
154 361
154 37
154 362
106 58
41 182
41 363
41 104
41 127
41 87
41 364
41 233
41 108
41 56
41 51
41 46
224 83
189 219
189 105
