315 0
3 1
3 2
3 3
3 4
3 5
358 6
359 7
149 8
149 9
128 10
128 11
258 12
360 13
15 14
15 15
15 16
15 17
15 18
15 19
15 20
15 21
15 22
15 23
15 24
15 25
15 26
15 27
15 28
15 29
15 2
15 30
15 31
15 32
15 33
15 34
15 4
15 35
361 36
208 37
208 38
208 39
362 40
286 41
195 32
254 42
254 43
119 36
287 36
301 44
301 45
301 46
19 15
37 47
37 20
37 48
37 49
37 50
37 51
37 52
311 53
234 54
234 36
234 55
234 1
234 56
234 57
234 58
178 59
74 60
74 61
74 36
74 62
237 63
64 7
64 64
64 49
64 65
363 66
281 67
211 49
85 68
364 69
364 15
150 70
233 71
233 72
143 49
143 14
143 73
62 74
62 75
62 76
62 77
62 78
89 32
89 79
188 75
188 80
326 81
308 64
308 54
308 82
203 32
365 83
184 84
366 30
252 75
252 43
252 36
68 85
68 86
357 87
367 88
79 89
79 90
79 91
160 92
39 93
368 74
111 94
111 49
111 36
111 95
369 96
112 95
112 97
112 98
112 33
112 99
112 77
112 100
112 101
112 2
201 32
201 102
236 75
236 54
2 103
2 104
2 15
2 105
2 54
2 106
2 107
2 21
2 108
2 3
2 109
2 93
2 110
2 0
2 111
2 112
2 5
2 113
2 83
2 49
2 95
2 29
2 114
26 15
204 32
93 54
93 115
93 95
93 42
93 116
93 39
93 75
93 2
93 117
93 118
370 119
371 120
372 42
99 121
99 49
99 112
99 122
95 123
95 124
95 111
95 125
95 112
95 2
95 93
140 27
166 126
166 75
166 51
10 127
10 128
10 129
305 130
192 131
307 132
307 18
60 133
181 53
181 134
181 42
181 135
181 117
181 49
22 15
27 36
27 136
27 137
27 138
27 15
27 139
27 140
73 141
73 142
73 143
292 144
292 145
292 36
373 146
299 147
299 5
87 75
87 54
87 49
336 78
168 18
168 148
9 149
70 150
189 49
189 142
189 151
189 152
96 153
96 154
96 155
374 75
375 156
306 65
304 15
304 38
304 157
304 27
169 158
169 159
169 91
169 95
376 54
92 109
92 160
92 54
92 161
92 162
86 68
86 90
100 108
101 105
101 16
101 112
266 101
266 163
230 126
344 78
228 12
228 164
333 165
51 37
51 166
377 95
378 167
18 168
18 15
159 169
159 110
159 170
159 36
271 49
271 2
177 59
238 171
238 172
379 12
175 173
175 49
175 75
175 174
175 59
212 49
59 175
59 20
59 176
59 177
59 178
210 49
210 36
278 33
251 43
380 51
380 179
77 99
77 180
381 126
194 32
194 49
194 16
42 36
42 95
42 32
42 49
42 181
42 182
6 54
6 183
161 92
382 178
84 184
173 65
288 36
383 185
383 27
384 186
385 187
385 4
385 27
386 53
386 137
387 15
355 75
80 188
388 189
389 65
148 168
32 190
32 191
32 192
32 193
32 194
32 42
32 195
32 196
32 197
32 48
32 198
32 199
32 200
32 201
32 163
32 202
32 89
32 203
32 49
32 204
32 205
255 206
255 180
255 138
255 33
255 16
255 101
255 207
255 43
255 49
255 208
49 36
49 209
49 7
49 174
49 44
49 98
49 16
49 189
49 210
49 37
49 108
49 64
49 211
49 197
49 63
49 212
49 13
49 43
49 78
49 213
49 194
49 143
49 111
49 29
49 2
49 214
49 215
49 49
49 216
49 99
49 175
49 217
49 75
49 218
297 56
137 115
129 29
390 111
108 49
108 130
108 43
108 100
108 2
108 219
295 54
35 15
351 220
23 188
23 15
217 54
217 168
217 49
217 221
217 212
217 62
217 65
217 222
121 99
121 95
121 49
121 67
260 213
260 223
260 224
260 225
114 2
114 16
114 226
352 75
285 36
7 7
7 64
7 49
7 65
7 163
151 189
391 111
391 99
391 227
164 228
392 229
290 75
290 36
44 49
44 142
44 36
126 230
126 231
126 232
126 227
71 233
54 87
54 75
54 156
54 234
54 78
54 235
54 98
54 167
54 236
54 217
54 92
54 6
54 147
54 93
54 2
54 237
54 110
54 118
54 222
17 15
172 238
353 75
276 239
317 63
122 77
393 240
394 241
190 32
190 242
190 93
21 75
21 2
320 243
216 49
216 29
227 244
136 208
102 111
102 245
102 130
102 201
176 59
321 246
321 31
197 111
197 49
50 37
50 20
395 78
396 247
396 248
396 65
397 249
319 240
13 250
109 2
109 92
43 251
43 46
43 252
43 108
43 49
43 12
43 253
43 163
43 254
43 2
43 255
110 214
110 2
110 159
110 54
231 256
398 257
12 228
12 78
12 213
12 258
12 164
12 34
12 259
12 117
12 260
318 261
318 262
134 181
134 78
244 218
244 77
244 263
224 260
316 63
138 180
120 130
139 249
1 97
1 3
1 264
1 234
1 265
163 7
163 266
163 36
259 76
265 243
265 264
113 2
272 267
272 16
214 49
214 115
214 75
214 200
214 110
30 7
30 268
30 92
30 15
5 2
5 3
5 179
94 111
94 269
133 60
215 49
215 165
399 194
16 270
16 267
16 194
16 49
16 271
16 101
16 272
16 255
16 114
48 218
48 66
48 37
400 90
83 28
83 273
83 16
83 2
83 117
83 274
83 275
239 276
401 277
33 255
33 2
33 112
33 31
33 278
153 96
402 214
403 279
403 280
67 281
67 121
202 32
66 282
356 49
356 75
218 244
218 49
218 48
404 2
156 54
328 20
328 283
36 284
36 97
36 285
36 12
36 44
36 54
36 286
36 287
36 210
36 288
36 159
36 74
36 184
36 252
36 63
36 42
36 289
36 244
36 290
36 49
36 291
36 27
36 292
36 75
36 117
36 293
36 156
209 49
209 29
269 94
405 294
124 95
174 49
174 36
406 295
29 75
29 2
29 49
29 209
29 15
253 43
167 54
167 234
130 120
130 102
105 2
105 296
349 147
56 234
56 297
229 219
407 51
407 12
408 298
409 299
198 275
410 255
411 300
412 2
132 63
46 49
46 43
46 301
55 302
146 111
146 36
413 214
97 1
97 112
97 36
97 81
97 116
340 44
180 303
180 255
180 77
180 138
414 75
264 1
322 243
213 49
213 12
183 6
354 75
415 298
415 62
38 304
38 72
38 305
38 130
191 42
28 151
28 4
28 15
158 169
158 54
25 15
65 306
65 7
65 64
65 262
65 307
65 141
65 217
65 308
142 44
142 189
142 73
222 75
222 54
310 53
416 309
53 310
53 311
53 242
53 312
53 181
53 313
53 27
417 314
0 315
0 2
0 159
116 97
116 18
116 283
116 116
63 243
63 132
63 49
63 316
63 317
63 237
63 75
63 114
262 65
262 318
262 290
418 319
243 320
243 321
243 322
243 43
243 119
243 45
145 292
242 190
327 323
327 324
327 325
327 227
81 326
324 327
283 328
283 118
20 37
20 115
20 105
20 48
20 328
20 15
20 141
20 73
20 59
20 51
419 185
182 42
141 20
141 65
141 121
141 73
4 75
4 3
4 15
420 78
279 38
221 217
421 12
421 54
31 115
263 244
117 49
117 83
422 20
103 2
103 329
103 330
115 20
115 31
115 137
115 331
115 27
115 93
115 332
115 260
165 333
165 215
165 36
78 334
78 335
78 336
78 337
78 134
78 338
78 339
78 49
78 12
78 340
78 197
78 30
78 341
78 309
78 54
78 342
78 343
78 62
78 75
78 344
78 345
423 346
241 12
275 198
207 255
424 325
118 347
118 54
118 348
118 49
118 340
118 111
118 283
118 75
98 49
98 54
98 112
152 189
147 349
147 54
147 299
220 350
220 351
75 87
75 352
75 54
75 36
75 12
75 43
75 353
75 78
75 354
75 62
75 188
75 252
75 355
75 93
75 290
75 49
75 166
75 165
75 175
75 4
75 66
75 356
425 45
425 357
240 319
240 128
200 32
