353 0
102 1
102 2
102 3
102 4
102 5
102 6
102 7
102 8
128 6
128 9
128 10
128 11
128 12
113 13
113 6
113 14
354 15
73 16
73 17
291 18
23 19
307 20
307 21
355 22
19 23
19 24
19 25
19 26
117 27
117 28
117 12
117 29
117 6
117 30
90 1
90 31
90 32
90 33
356 6
356 34
356 35
184 36
184 37
184 38
184 39
184 40
306 41
15 42
357 43
257 44
257 45
257 46
161 47
74 48
74 6
74 49
74 50
74 1
358 51
258 52
258 53
258 45
120 6
120 54
120 55
120 40
53 56
53 57
359 24
359 58
212 59
212 25
212 60
38 61
327 62
305 63
305 6
305 64
162 1
4 65
4 66
4 1
4 67
4 47
4 68
4 56
148 69
148 70
17 71
17 72
17 73
50 74
50 75
50 76
50 77
50 78
50 79
360 80
255 81
255 82
255 83
255 84
255 85
255 60
255 86
325 87
27 69
27 15
127 25
127 88
127 9
127 56
127 0
127 6
127 10
31 89
31 32
31 90
361 91
2 92
2 6
174 93
64 94
239 95
201 1
201 96
201 21
201 97
201 98
201 48
201 99
201 58
201 100
49 74
49 89
3 101
3 102
3 103
3 9
3 104
3 4
3 105
3 106
328 107
328 108
328 109
154 110
6 111
6 112
6 113
6 114
6 115
6 116
6 117
6 118
6 119
6 74
6 120
6 102
6 96
6 121
6 122
6 39
6 123
6 124
6 125
6 54
6 126
6 127
6 128
6 6
6 129
6 130
6 131
6 132
6 133
6 1
6 40
6 134
6 52
6 86
6 63
6 14
10 127
130 18
130 135
130 136
130 1
130 137
130 115
130 138
130 139
130 140
130 16
130 6
130 130
182 60
182 109
251 23
251 35
251 141
251 142
69 143
69 144
69 1
69 145
69 45
69 146
69 73
69 147
69 148
69 149
69 27
316 115
276 103
175 100
132 150
132 151
132 9
132 152
133 41
133 153
28 154
28 122
268 110
233 155
233 144
22 126
292 18
85 156
85 157
85 158
85 159
85 160
85 29
85 20
85 4
85 70
47 161
47 113
47 162
47 4
47 163
47 129
126 164
126 57
126 1
126 165
126 166
126 22
126 167
126 168
126 6
126 58
46 169
46 157
46 132
46 63
46 170
46 171
46 140
46 20
46 172
46 173
265 45
93 174
100 110
100 21
100 175
100 18
104 4
104 105
104 3
104 176
295 48
25 57
25 1
25 122
25 160
25 110
25 173
25 29
25 177
25 178
25 105
34 120
34 179
34 180
210 181
109 182
109 105
179 34
179 183
179 179
179 184
179 185
179 29
179 58
179 81
198 5
198 170
80 20
80 186
80 105
194 51
194 170
194 184
194 187
194 188
194 189
194 190
194 191
220 48
220 184
362 84
151 151
151 132
29 25
29 101
29 179
29 192
29 52
29 193
29 85
29 117
29 0
29 58
78 50
363 194
342 56
195 195
364 19
186 80
86 20
86 6
86 196
170 36
170 172
170 197
170 125
170 150
170 1
170 198
170 170
170 21
170 103
170 199
170 173
170 20
170 99
170 110
96 200
96 6
96 201
96 202
365 203
122 204
122 1
39 205
39 6
39 206
39 57
308 52
308 57
308 201
308 207
105 109
105 84
105 48
105 207
105 80
105 3
105 1
105 208
105 16
105 6
105 58
105 104
181 209
181 210
181 173
0 209
0 127
366 211
241 160
59 212
7 136
156 136
156 85
156 213
156 105
202 96
367 214
159 157
159 215
159 160
159 85
159 29
159 74
159 216
137 217
290 1
290 58
290 218
244 219
244 20
244 46
274 220
274 48
274 188
274 172
274 194
149 221
346 81
346 222
139 130
177 25
368 6
213 156
213 75
213 223
213 224
213 225
213 208
213 4
213 16
70 48
70 148
157 4
157 85
157 226
157 159
369 227
131 228
131 229
131 81
131 230
131 102
131 159
131 6
131 231
144 232
144 233
144 81
57 36
57 25
57 234
57 57
57 58
57 221
57 184
57 39
57 63
57 4
57 95
57 235
150 132
150 170
150 97
150 116
150 141
150 20
370 1
56 178
56 54
371 86
136 156
136 81
136 236
136 237
136 238
136 239
136 184
136 61
136 240
136 7
136 130
138 19
138 130
193 29
193 140
193 241
193 133
324 242
180 122
20 243
20 172
20 51
20 57
20 150
20 63
20 170
20 80
20 55
20 114
20 244
20 46
20 13
20 245
20 246
20 247
20 248
5 198
5 102
5 249
372 97
373 6
266 250
266 251
266 103
266 207
275 252
275 55
351 253
228 254
111 6
111 173
118 6
82 255
301 256
217 137
248 20
230 131
54 120
54 174
54 56
54 139
45 257
45 69
45 258
45 259
45 110
45 260
45 261
45 262
45 263
45 57
45 264
45 46
45 265
45 81
374 255
374 266
91 247
110 25
110 4
110 146
110 45
110 267
110 268
110 95
110 269
110 270
110 271
110 272
110 154
110 58
110 100
341 48
341 1
375 235
246 20
246 273
246 201
206 130
335 1
313 57
376 187
172 20
172 170
172 81
172 68
172 274
252 204
252 275
103 276
103 132
103 170
103 277
103 146
103 3
103 278
103 279
103 266
72 17
260 45
377 20
221 1
221 149
89 31
89 280
89 85
89 281
152 282
152 132
35 283
35 179
35 109
204 133
204 284
348 285
92 2
378 20
317 6
379 29
379 130
379 28
379 286
125 1
125 287
125 6
125 170
125 288
380 289
381 228
51 290
51 194
18 256
18 291
18 175
18 48
18 292
18 263
18 100
18 130
48 18
48 6
48 293
48 294
48 1
48 220
48 97
48 201
48 70
48 62
48 74
48 105
48 295
75 50
214 81
296 1
296 16
296 55
382 41
383 173
384 122
16 296
16 297
16 73
16 16
16 213
16 105
16 130
385 133
385 298
58 125
58 25
58 57
58 1
58 183
58 290
58 201
58 135
58 29
58 58
58 105
178 56
347 299
347 265
347 287
347 78
256 300
256 1
256 247
256 301
44 257
66 4
234 65
259 29
259 45
259 302
259 303
63 304
63 57
63 179
63 166
63 52
63 305
63 20
63 6
205 205
205 306
205 39
386 109
114 20
114 9
21 307
52 93
52 57
52 63
52 96
52 308
52 201
52 29
52 6
52 309
52 310
269 311
270 110
134 107
134 6
207 81
207 77
207 312
116 150
116 6
116 122
116 132
191 136
191 1
191 194
95 313
95 57
95 239
95 62
288 72
160 130
160 25
160 241
160 159
160 81
36 184
36 170
36 57
315 267
294 48
326 314
271 110
271 267
267 110
267 315
267 271
115 6
115 316
115 130
249 5
249 102
387 317
388 318
389 1
389 315
389 319
389 130
14 6
14 25
14 113
14 97
68 1
68 74
68 172
68 320
68 109
390 321
147 69
279 198
232 144
334 284
321 56
321 322
119 6
112 1
112 323
112 6
112 55
240 136
242 324
236 136
293 48
183 179
319 169
283 283
87 325
55 120
55 296
55 9
55 36
338 1
188 194
167 65
167 126
167 259
226 326
226 157
62 25
62 327
62 48
62 1
62 4
62 95
107 328
391 329
77 175
77 100
77 266
77 207
304 330
304 63
304 331
65 1
65 234
155 233
140 130
392 110
392 268
32 90
32 31
393 249
84 332
84 255
173 25
173 209
173 170
173 46
339 1
339 90
394 35
1 333
1 170
1 162
1 25
1 146
1 334
1 335
1 336
1 74
1 337
1 102
1 221
1 122
1 338
1 105
1 4
1 65
1 125
1 48
1 339
1 201
1 128
1 6
1 58
1 10
1 130
1 69
1 144
1 90
1 287
1 114
1 340
1 97
1 12
1 341
395 13
395 127
395 235
9 1
9 55
9 342
9 128
9 132
60 255
60 6
60 59
396 115
135 58
135 130
209 210
209 173
164 126
350 343
350 344
350 130
12 117
12 26
397 345
398 138
261 45
282 152
81 172
81 144
81 346
81 214
81 45
81 160
81 207
146 110
146 103
146 1
40 184
399 228
287 1
287 347
287 125
243 20
400 68
285 348
340 1
340 7
340 349
401 160
97 14
97 201
33 90
344 350
253 351
187 284
402 290
247 256
247 352
26 12
26 19
297 16
403 224
