336 0
114 1
219 2
219 3
219 4
219 5
173 6
173 7
115 8
115 1
337 9
338 10
338 11
338 12
339 13
285 11
297 4
340 14
55 15
55 16
55 17
55 18
55 19
55 20
55 21
55 22
55 23
55 24
55 25
55 26
55 27
55 28
55 29
55 30
55 31
55 1
55 3
55 32
341 33
137 34
276 35
276 36
276 37
284 4
58 38
58 39
58 40
58 21
58 41
58 42
58 32
58 1
58 43
342 44
342 45
178 46
178 47
178 48
178 49
178 31
178 13
32 39
32 50
32 51
32 19
32 52
32 53
32 54
32 55
32 56
32 57
32 1
32 58
32 59
249 60
343 61
343 62
343 63
343 64
94 65
344 66
208 67
226 68
104 18
104 4
261 69
261 4
215 70
215 71
215 12
40 72
40 73
40 58
40 74
96 75
96 76
96 77
96 78
96 79
23 55
216 80
216 31
216 25
216 17
125 1
277 81
270 82
345 32
345 29
48 19
48 24
346 83
346 30
346 82
90 84
90 85
90 82
280 86
207 87
241 41
156 70
156 1
156 88
130 89
84 48
84 4
84 90
206 21
25 91
25 1
25 55
347 45
65 92
65 93
65 94
78 95
78 96
78 21
78 97
78 20
78 98
78 99
78 27
143 100
143 101
143 102
143 103
348 21
348 1
348 104
313 105
112 106
112 76
112 107
112 108
112 109
112 110
112 68
112 111
112 112
39 1
1 113
1 114
1 4
1 115
1 116
1 39
1 55
1 117
1 118
1 119
1 120
1 32
1 121
1 122
1 105
1 19
1 89
1 123
1 124
1 125
1 126
1 127
1 128
1 129
1 130
1 25
1 131
1 132
1 5
1 133
1 52
1 21
1 24
1 134
1 135
1 45
1 58
266 19
319 136
319 137
149 138
349 139
349 80
349 126
150 140
150 135
287 54
332 141
332 142
101 143
33 144
33 145
33 146
135 147
135 69
135 148
135 149
135 19
135 150
135 37
135 30
135 151
135 109
135 31
135 1
135 71
135 152
88 18
88 54
88 21
88 153
88 154
88 155
88 156
88 1
45 1
176 57
85 90
255 16
9 144
9 157
9 158
290 21
265 159
265 54
147 142
350 160
351 161
351 162
324 163
138 19
138 164
138 73
138 138
138 149
256 165
97 21
97 97
97 166
97 41
252 16
252 82
352 167
262 19
264 19
80 80
80 126
80 168
80 142
80 169
292 170
292 21
186 19
186 99
186 89
200 144
119 1
119 171
119 172
6 73
6 37
6 173
6 29
6 21
6 174
13 19
13 30
13 175
57 32
57 1
57 176
240 77
281 164
281 177
46 178
329 179
315 5
315 122
233 180
103 70
103 181
103 102
103 182
103 139
103 48
353 30
326 183
299 4
278 109
278 184
291 21
124 1
124 185
99 186
99 172
354 187
333 142
303 25
355 183
175 188
234 21
234 132
234 189
174 6
174 73
174 21
174 135
174 119
236 31
257 30
257 165
318 190
318 4
318 82
30 191
30 149
30 192
30 193
30 194
30 55
30 135
30 43
30 13
30 58
30 195
356 196
128 67
267 109
129 1
218 5
218 197
218 3
357 198
357 199
253 16
154 200
106 112
157 30
180 68
358 201
359 202
359 173
50 32
50 31
205 87
204 203
204 204
360 68
87 205
87 206
87 12
87 207
67 208
67 1
67 128
361 144
232 31
232 121
362 21
362 209
223 210
223 146
223 4
210 211
363 37
134 212
134 213
134 4
322 214
322 31
322 34
71 215
71 135
364 216
133 1
365 1
3 217
3 218
3 219
3 220
3 55
29 89
29 221
29 222
194 202
194 89
194 223
194 30
194 224
194 31
194 1
79 96
68 180
68 225
68 226
68 112
31 227
31 202
31 228
31 229
31 50
31 230
31 231
31 216
31 164
31 232
31 233
31 234
31 11
31 135
31 235
31 37
31 236
31 237
217 238
366 195
298 4
367 239
116 1
263 19
77 96
77 37
77 240
41 241
41 40
41 242
41 243
41 196
41 244
41 58
273 245
98 9
98 219
98 246
98 247
98 248
98 42
98 249
98 60
260 69
118 21
118 1
118 41
16 250
16 251
16 252
16 253
16 254
16 255
92 65
165 256
165 257
8 115
121 37
22 55
111 112
368 78
368 95
368 71
368 87
368 258
212 134
95 259
95 78
69 260
69 135
69 261
69 96
152 135
74 40
19 16
19 262
19 263
19 28
19 264
19 160
19 261
19 265
19 48
19 266
19 89
19 14
19 186
19 267
19 268
19 269
19 51
19 144
19 21
19 138
19 135
19 139
331 142
225 68
20 27
20 55
222 15
222 29
12 87
12 270
12 90
172 119
113 1
251 16
251 12
224 1
182 103
196 58
196 41
369 271
370 31
370 207
131 1
245 2
245 272
245 273
183 177
371 274
35 275
35 276
372 126
53 21
53 32
373 114
211 210
153 76
323 122
323 29
268 19
91 25
168 80
81 277
109 267
109 19
109 36
109 278
109 279
109 37
109 135
109 126
109 30
169 80
307 144
86 280
132 1
132 16
164 281
164 4
164 19
164 138
164 214
164 31
59 12
72 40
293 282
293 4
293 126
293 21
293 28
293 283
293 238
293 82
7 173
374 88
11 284
11 285
52 32
52 1
73 174
73 138
73 221
73 286
54 265
54 287
54 88
247 164
24 55
375 288
376 12
242 289
242 88
242 41
325 18
243 41
171 119
184 206
184 4
184 278
188 25
21 5
21 241
21 16
21 69
21 4
21 230
21 290
21 19
21 126
21 53
21 97
21 291
21 118
21 55
21 234
21 292
21 88
21 6
21 32
21 58
21 293
274 31
274 238
274 294
274 295
274 82
377 296
159 265
227 31
378 1
379 232
4 38
4 293
4 297
4 298
4 261
4 21
4 84
4 299
4 25
4 300
4 37
4 301
4 104
4 284
4 1
4 164
4 302
4 303
4 184
380 287
380 261
170 292
70 156
381 19
28 19
28 304
28 220
28 55
382 138
37 6
37 96
37 77
37 121
37 303
102 100
102 103
102 143
383 47
120 1
321 305
230 279
230 31
230 33
230 21
384 82
144 122
144 19
144 306
144 117
144 200
144 307
275 35
385 78
385 30
386 13
231 31
254 16
36 109
36 276
89 124
89 19
123 1
155 21
155 308
42 98
387 71
387 309
387 310
126 293
126 228
126 109
126 21
105 311
105 312
105 313
388 13
388 314
389 1
5 21
5 1
5 219
5 315
5 316
49 178
312 105
82 317
82 293
82 89
82 252
82 12
82 13
82 318
390 71
391 284
203 210
203 4
136 319
228 31
228 228
228 78
228 320
392 122
393 4
394 68
235 31
193 1
327 214
166 97
166 149
295 274
305 321
395 293
167 1
27 78
27 234
27 20
34 322
34 1
34 137
301 4
301 175
17 55
17 177
177 281
177 183
122 1
122 315
122 323
396 218
396 78
93 65
163 324
195 30
18 325
18 104
18 88
18 55
397 73
398 33
399 326
400 183
51 32
214 327
148 135
76 96
76 112
401 328
402 328
286 73
100 102
100 143
403 158
237 31
179 329
404 330
404 1
151 135
259 95
139 220
139 269
139 149
405 58
142 147
142 115
142 52
142 331
142 332
142 80
142 333
142 3
142 88
142 285
142 334
142 335
142 94
406 97
