88 0
88 1
3 2
3 3
3 4
3 5
252 6
69 7
69 8
69 0
69 9
69 10
41 7
41 11
41 12
41 13
41 14
41 15
41 16
41 17
41 0
41 18
41 19
332 14
180 20
208 21
208 13
208 22
333 23
334 24
38 25
38 26
335 23
336 27
336 28
67 29
82 30
82 31
324 32
337 33
337 34
338 35
26 36
26 37
26 38
309 39
339 40
12 41
209 21
57 8
57 42
57 43
255 44
45 45
340 46
340 47
341 48
341 49
263 50
60 51
60 52
269 53
54 54
54 55
285 13
285 0
342 25
342 56
8 57
8 58
8 59
99 0
52 60
52 61
52 24
343 62
121 7
121 63
121 64
121 65
40 66
29 13
29 67
29 68
102 0
102 59
163 69
297 70
297 71
344 25
171 72
62 73
62 17
79 30
258 74
258 75
345 76
346 77
347 78
30 79
30 80
30 13
30 81
30 82
30 83
188 84
149 85
149 86
149 87
104 17
104 0
0 73
0 88
0 69
0 41
0 89
0 90
0 91
0 92
0 93
0 94
0 95
0 96
0 97
0 98
0 8
0 99
0 24
0 100
0 101
0 102
0 103
0 30
0 104
0 18
0 105
0 13
0 1
0 106
0 107
0 108
0 109
0 110
348 42
153 111
153 112
153 66
153 43
24 93
24 113
24 114
24 80
24 22
24 13
24 14
24 115
24 116
24 117
24 27
24 118
24 119
24 0
24 120
24 59
91 0
91 93
250 23
64 121
56 122
133 123
133 9
133 50
133 124
133 125
133 126
133 105
27 127
27 13
27 24
27 128
349 129
4 3
310 39
280 120
78 34
78 25
78 15
78 130
78 131
78 132
125 133
303 134
235 135
235 50
289 13
322 136
322 93
322 13
322 137
322 138
322 139
322 140
112 141
112 142
112 143
294 144
294 145
7 113
7 146
7 121
7 69
113 144
113 147
113 66
113 135
113 30
113 148
350 20
87 149
122 121
122 150
351 151
351 118
351 21
236 135
236 152
43 57
43 153
302 154
92 155
92 8
92 156
92 0
172 157
93 91
93 158
93 159
168 160
168 135
298 161
170 162
281 39
352 163
36 26
36 162
36 9
242 9
242 164
165 165
58 166
58 109
216 167
216 42
160 168
353 154
241 169
354 3
355 170
72 171
72 13
356 172
76 173
76 44
76 174
357 175
357 113
177 18
266 18
266 176
266 177
358 178
20 179
20 180
20 28
20 114
220 25
220 82
142 112
173 147
173 28
173 181
173 13
173 182
173 183
173 184
173 114
173 185
173 8
173 76
14 13
14 24
14 41
14 80
327 1
268 186
268 187
268 188
268 189
268 190
155 92
249 26
249 191
249 13
359 135
159 135
159 93
360 192
360 193
360 69
361 159
95 13
95 0
95 194
314 195
314 196
314 197
314 198
314 176
314 199
247 200
247 201
362 202
363 203
363 3
22 21
22 150
22 34
22 50
22 24
291 100
291 29
291 204
31 205
364 144
365 206
366 144
222 25
21 207
21 208
21 42
21 209
21 50
21 97
21 210
21 192
21 205
21 211
21 118
21 212
118 21
118 13
118 208
118 59
118 213
212 214
212 24
110 0
367 215
61 51
368 209
167 216
90 0
256 162
256 217
369 218
114 154
114 173
114 219
114 20
114 24
111 153
25 220
25 221
25 13
25 50
25 38
25 78
25 37
25 222
25 223
182 224
370 225
135 113
135 226
135 56
135 227
135 215
135 228
135 229
135 230
135 231
135 232
135 233
135 234
135 235
135 236
135 37
135 168
135 159
135 237
214 238
178 145
206 154
124 113
124 164
371 239
371 176
169 9
169 240
169 241
164 242
157 172
157 34
184 84
319 243
319 68
238 149
260 174
276 244
276 85
274 245
318 94
372 50
301 246
301 154
80 14
80 24
166 58
248 13
248 200
200 247
200 248
373 249
23 250
374 251
97 21
375 131
6 252
233 113
277 253
128 27
376 34
98 13
98 0
98 254
44 255
44 37
44 76
44 1
89 0
162 36
162 256
162 170
162 217
101 0
251 257
296 50
103 0
103 3
75 58
75 258
115 18
115 259
115 50
115 24
9 169
9 260
9 261
9 133
9 66
9 85
9 81
9 59
215 262
50 119
50 263
50 235
50 133
150 22
150 122
84 184
84 188
84 76
151 216
271 264
377 20
378 265
147 113
147 97
55 54
47 84
47 205
18 266
18 267
18 41
18 115
18 179
18 177
186 268
253 269
253 17
253 270
253 21
194 95
288 13
264 271
129 40
261 9
261 90
261 272
261 273
51 60
51 61
245 274
34 157
66 40
66 275
66 34
379 276
380 113
81 9
81 30
176 13
17 277
17 62
77 9
107 0
152 59
120 278
120 279
120 280
120 24
108 0
381 281
11 41
73 62
73 223
73 0
73 50
73 258
305 282
382 134
383 276
257 283
13 208
13 284
13 95
13 80
13 248
13 115
13 25
13 72
13 285
13 286
13 98
13 46
13 287
13 14
13 203
13 30
13 213
13 0
13 18
13 59
13 24
13 288
13 22
13 176
13 289
13 21
13 109
384 69
42 21
42 154
42 216
42 198
100 17
100 290
100 97
100 291
15 41
15 78
385 292
320 68
53 269
386 293
386 20
192 21
387 255
388 9
117 25
117 24
185 23
109 26
109 154
109 177
109 58
389 29
389 1
145 178
145 294
83 76
83 24
390 210
217 256
217 162
217 295
391 8
391 296
275 275
392 42
65 122
65 121
65 152
70 297
161 298
137 299
137 269
137 20
137 300
393 109
331 96
154 301
154 42
154 206
154 302
154 21
154 8
37 74
37 26
37 135
37 25
37 24
394 245
59 102
59 69
59 13
59 9
59 110
59 24
134 303
286 13
395 304
282 305
219 114
396 21
397 306
397 307
39 308
39 309
39 310
39 56
325 311
221 166
254 98
144 119
144 113
227 226
132 78
329 312
85 313
85 276
199 314
146 315
146 316
146 42
259 115
213 13
213 118
398 317
399 115
94 288
94 318
68 29
68 319
68 320
68 321
140 322
148 113
74 37
74 258
205 21
205 29
205 31
228 113
313 85
28 20
5 275
5 1
5 2
400 38
32 323
32 324
2 3
2 5
401 325
401 326
1 88
1 0
1 327
1 328
1 5
179 18
179 20
312 329
402 322
130 78
106 0
403 84
404 154
174 69
174 305
174 62
174 9
174 260
174 76
223 227
223 73
223 66
223 222
119 144
119 113
405 330
406 235
407 331
