314 0
233 1
233 2
180 3
180 4
180 5
180 6
180 7
333 8
134 9
133 10
133 11
133 12
310 10
310 13
236 14
90 15
90 16
90 17
90 7
90 18
90 19
90 20
27 21
27 22
27 23
27 24
27 25
27 26
27 3
27 1
27 5
27 27
27 28
27 29
27 30
27 20
363 18
363 31
142 32
142 33
239 1
239 34
316 0
198 35
198 36
198 37
41 38
41 39
370 40
38 41
39 42
39 24
39 43
109 26
20 44
20 45
20 27
20 46
20 47
20 48
20 49
20 26
205 50
166 51
203 52
203 53
203 45
203 54
203 55
73 56
73 57
88 1
88 26
88 58
88 59
88 60
357 61
258 62
258 63
258 64
258 65
258 66
266 67
57 68
57 69
57 70
57 71
57 72
57 73
154 74
255 75
76 76
194 4
194 77
371 78
113 79
113 1
113 80
113 24
113 81
113 82
113 83
113 25
113 26
113 31
113 84
113 85
113 28
372 1
114 86
114 26
114 87
114 40
114 28
127 28
365 18
365 88
29 85
373 89
373 90
286 91
374 92
374 93
69 57
69 94
375 95
128 96
128 10
259 97
335 98
335 99
376 100
376 101
376 102
63 103
143 104
143 99
143 105
143 106
47 26
47 31
47 20
48 17
377 107
26 1
26 108
26 27
26 25
26 109
26 110
26 111
26 112
26 88
26 113
26 114
26 115
26 69
26 85
26 35
26 34
26 44
26 60
26 116
26 79
26 15
26 117
26 17
26 118
26 119
28 120
28 121
28 22
28 122
28 123
28 124
28 74
28 27
28 78
28 71
28 125
28 1
28 126
28 113
28 114
28 127
28 87
28 18
28 20
96 128
15 75
15 129
15 130
15 90
15 18
15 26
126 131
126 5
126 28
378 132
12 9
12 133
12 134
149 31
149 135
19 90
123 136
123 65
123 137
123 138
123 62
123 28
141 113
318 139
318 3
379 140
379 68
125 121
125 28
380 141
32 142
32 50
184 24
184 30
381 143
104 143
103 144
382 63
382 145
382 144
383 40
383 107
384 125
384 55
94 69
94 122
94 7
174 146
174 147
229 148
277 85
135 149
135 150
74 151
74 152
74 153
74 154
74 28
179 155
179 107
248 49
248 156
385 157
386 158
386 159
86 160
86 1
86 161
86 162
86 163
86 164
325 18
58 165
58 17
58 112
58 166
58 88
58 167
58 31
58 33
305 33
183 168
183 1
183 0
146 169
146 170
131 171
131 2
131 126
321 31
14 13
294 31
294 172
294 80
295 78
295 173
301 22
358 61
147 174
387 86
93 175
93 129
93 30
93 176
93 177
93 5
284 34
155 22
155 93
155 178
155 179
155 176
155 180
155 181
155 30
388 182
341 130
240 1
168 183
44 10
44 17
44 26
44 20
328 160
30 1
30 22
30 24
30 93
30 130
30 177
30 184
389 10
285 185
285 18
285 26
285 186
285 7
307 26
307 62
101 174
272 187
390 10
24 1
24 117
24 188
24 189
24 113
24 190
24 27
24 85
24 31
24 184
24 191
24 39
24 30
24 192
121 125
121 112
121 28
4 24
4 193
4 180
4 194
4 26
4 107
4 195
391 196
264 197
37 198
392 199
165 200
165 201
165 58
393 190
159 202
55 203
394 104
394 28
323 31
323 204
50 205
50 62
50 126
50 206
50 207
87 114
87 1
87 28
268 208
268 40
268 30
361 18
243 209
243 210
68 57
395 211
56 212
56 104
56 98
56 1
56 73
232 213
232 214
43 215
43 216
43 1
43 217
17 188
17 129
17 24
17 112
17 90
17 17
17 71
17 48
17 49
17 44
17 218
396 78
397 219
9 134
364 18
257 220
398 221
398 15
247 222
247 78
345 223
399 107
118 26
118 45
137 224
137 225
137 22
137 226
137 85
331 227
171 2
171 45
171 131
369 228
51 10
51 18
51 136
89 17
89 217
300 62
400 167
282 85
148 1
148 229
148 230
401 231
213 232
1 233
1 56
1 5
1 234
1 110
1 235
1 236
1 88
1 86
1 237
1 238
1 239
1 183
1 28
1 87
1 30
1 240
1 33
402 241
402 242
402 70
177 93
177 30
209 243
403 244
222 245
222 246
222 247
49 248
404 249
25 196
25 250
25 30
279 212
279 85
117 24
117 26
117 251
117 5
117 252
107 253
107 208
107 4
107 8
211 176
405 204
350 254
336 221
75 221
75 255
75 27
226 137
226 108
153 198
291 256
334 98
220 257
220 200
406 62
407 2
65 258
65 142
65 2
408 259
108 260
108 261
108 26
108 226
108 262
216 43
273 263
409 264
91 136
91 265
91 7
410 184
67 266
67 267
197 142
197 264
208 268
208 107
208 214
315 269
315 270
315 31
315 271
315 20
21 26
21 27
317 0
308 221
42 39
129 10
129 24
129 15
129 17
129 7
187 62
187 65
187 272
187 45
263 273
411 274
85 275
85 276
85 277
85 278
85 279
85 24
85 130
85 199
85 109
85 113
85 26
85 29
85 280
85 281
85 282
412 283
212 56
212 264
296 78
296 7
170 146
170 228
34 284
34 40
34 26
34 239
7 285
7 286
7 129
7 136
7 287
7 91
7 180
156 248
224 137
297 78
2 227
2 1
2 171
2 74
2 65
2 233
2 143
2 273
2 31
2 131
5 1
5 169
5 10
5 93
5 27
5 288
5 18
299 289
192 290
116 26
256 291
256 30
152 74
152 185
413 85
320 10
3 10
3 292
3 293
3 180
3 27
52 52
52 203
80 196
80 294
324 18
324 31
191 24
191 199
78 295
78 296
78 247
78 173
78 297
78 298
78 28
292 3
289 299
274 300
274 22
274 301
274 33
33 302
33 1
33 303
33 22
33 304
33 248
33 142
33 31
33 274
33 271
33 305
33 306
414 108
246 222
246 246
246 28
144 103
62 307
62 123
62 50
415 308
416 208
417 259
196 1
196 80
196 309
196 25
196 85
196 35
196 310
196 26
418 311
22 312
22 227
22 210
22 301
22 189
22 133
22 136
22 313
22 90
22 71
22 31
22 274
22 43
22 28
352 244
419 230
260 108
16 90
0 314
0 315
0 316
0 317
293 3
82 113
287 24
287 136
287 7
60 110
139 318
71 22
71 57
71 223
71 28
31 319
31 22
31 90
31 320
31 142
31 157
31 58
31 150
31 182
31 33
31 321
31 322
31 294
31 315
31 10
31 24
31 47
31 323
31 26
31 2
31 149
31 324
245 163
157 31
337 221
150 182
420 325
110 1
35 79
35 198
217 228
217 10
217 326
217 89
217 327
217 98
217 176
217 199
217 26
217 43
160 328
160 86
160 329
160 330
227 313
227 331
227 22
322 182
278 85
122 8
122 332
122 333
122 28
11 133
98 56
98 334
98 335
98 72
98 217
98 144
269 315
218 137
218 17
218 43
221 336
221 75
221 337
421 50
64 24
64 258
97 259
238 338
238 1
238 339
238 340
422 282
235 1
349 281
130 341
130 15
172 294
423 22
182 323
182 31
182 204
120 22
120 28
424 342
262 343
112 26
112 58
13 14
13 93
13 310
13 308
10 51
10 129
10 344
10 3
10 310
10 44
10 31
10 5
230 148
346 77
151 306
151 74
207 50
202 159
425 90
190 24
176 167
176 155
223 17
223 345
426 174
290 61
77 346
77 326
77 136
77 347
77 194
77 39
77 348
36 198
280 85
281 349
281 85
214 232
254 350
254 1
210 243
210 351
169 146
354 139
354 195
189 24
189 22
105 143
244 352
136 22
136 51
136 313
136 287
136 7
136 26
427 243
428 62
429 353
313 18
313 136
313 227
79 26
79 35
79 113
195 354
61 355
61 229
61 356
61 357
61 24
61 136
61 358
61 253
61 359
61 91
61 184
61 290
61 360
185 214
368 228
199 187
199 85
199 191
199 272
199 217
18 361
18 285
18 336
18 15
18 362
18 275
18 51
18 324
18 363
18 364
18 56
18 297
18 28
18 365
360 191
228 366
228 170
228 63
228 367
228 368
228 369
228 144
106 143
138 123
