194 0
194 1
86 2
86 3
86 4
86 5
86 6
86 7
227 8
345 9
346 10
3 11
3 4
3 12
3 13
347 14
340 15
340 16
340 17
258 18
186 3
196 19
196 20
196 21
196 0
51 22
51 23
51 24
51 25
51 26
51 27
51 28
51 29
51 30
51 31
51 32
51 33
51 1
51 34
51 35
51 36
51 37
51 38
348 39
349 40
273 41
273 42
10 9
10 43
41 44
41 45
41 42
286 46
35 47
35 48
35 49
35 50
35 51
175 52
83 53
83 54
248 55
350 56
96 24
96 57
96 58
96 59
282 60
79 61
79 62
79 63
79 64
287 46
351 65
67 66
352 67
92 68
334 69
334 70
353 71
34 72
34 66
34 51
36 73
36 74
36 75
36 51
274 76
38 77
38 51
307 78
61 79
61 63
61 13
61 80
61 81
61 82
136 77
44 41
44 83
44 84
44 62
234 85
234 26
234 67
331 66
354 30
354 35
354 71
4 86
99 87
99 24
99 88
355 89
182 11
182 90
215 26
242 91
68 92
356 93
124 94
124 2
124 12
124 95
124 82
71 86
71 96
71 97
71 71
230 98
230 86
230 32
230 99
230 50
357 100
125 82
24 101
24 25
24 78
24 102
24 96
24 103
24 104
24 105
24 28
24 106
24 1
24 107
24 108
24 109
24 110
24 99
24 111
24 112
24 113
24 51
24 114
24 66
24 115
24 46
24 17
24 116
24 117
24 39
322 118
82 61
82 31
82 97
82 119
82 120
82 111
82 121
82 122
82 123
82 124
82 1
82 78
82 125
82 126
82 81
244 127
244 128
129 129
129 130
129 131
313 132
294 10
294 133
275 134
275 135
221 116
184 11
14 77
14 136
14 43
358 67
56 137
56 89
56 138
167 139
343 140
325 5
325 141
311 120
311 31
311 36
311 9
311 142
320 143
33 91
33 144
33 31
33 145
33 146
33 120
33 147
33 148
33 149
33 46
33 150
192 151
192 152
192 10
192 7
223 153
161 31
359 76
284 46
187 122
31 2
31 154
31 155
31 156
31 157
31 111
31 158
31 105
31 51
31 159
31 33
31 93
31 160
31 161
31 46
31 162
31 82
285 46
261 50
360 132
158 2
158 31
158 26
158 9
158 158
158 163
158 164
139 165
139 166
139 167
139 105
139 168
139 169
139 140
139 170
139 24
139 171
160 31
292 46
165 101
165 139
329 172
13 3
13 61
342 173
342 17
52 174
52 11
52 175
361 176
333 177
333 9
335 178
212 179
212 180
212 152
53 83
54 181
11 90
11 182
11 1
11 3
11 183
11 52
11 11
11 184
203 46
203 156
97 31
97 71
97 82
95 124
95 12
95 185
362 3
363 116
126 144
126 186
126 77
126 82
214 1
214 26
214 9
214 28
318 129
318 24
122 187
364 115
213 78
213 188
131 129
131 189
131 130
23 190
23 51
23 191
23 192
222 193
0 194
0 195
0 196
77 197
77 14
77 50
77 1
77 198
77 38
365 78
190 91
210 199
210 200
210 201
210 112
366 202
366 10
156 203
156 31
156 1
247 72
137 114
137 72
137 46
137 56
137 1
137 204
137 205
367 31
120 206
120 137
120 207
120 199
120 33
368 208
368 33
88 99
88 173
30 209
30 72
30 24
30 51
201 210
369 147
370 50
22 137
22 211
22 51
371 75
179 212
188 213
26 214
26 51
26 215
26 1
114 1
372 216
133 29
133 217
133 7
133 218
218 108
218 218
87 19
87 99
87 212
87 219
87 220
116 24
116 221
317 32
193 222
299 2
153 223
373 40
323 224
238 107
312 225
8 226
8 227
8 132
305 228
305 229
305 230
272 231
272 66
272 232
113 24
113 233
113 169
177 60
155 31
155 56
374 98
375 13
85 234
101 165
101 24
101 235
159 31
159 157
176 40
376 236
174 24
174 237
98 238
98 230
267 239
267 168
321 76
90 11
90 182
64 79
148 33
245 4
245 143
271 12
271 240
271 1
377 19
146 241
233 200
233 192
378 49
379 11
380 25
103 24
103 242
381 243
127 244
198 77
143 245
143 246
143 247
55 248
105 223
105 149
105 56
28 249
28 145
28 214
28 51
28 91
28 250
382 222
144 126
144 101
144 33
144 83
229 228
229 182
229 251
229 1
344 140
306 3
306 252
80 253
80 61
73 36
47 35
81 61
81 81
81 254
205 1
18 255
18 256
18 257
18 258
18 259
108 24
108 218
383 260
384 96
50 261
50 77
50 262
50 263
50 230
50 41
50 264
50 81
109 59
119 265
110 266
110 24
110 9
255 18
168 267
168 139
128 127
128 137
128 268
58 50
151 192
94 124
94 46
121 82
330 269
330 270
1 114
1 271
1 26
1 156
1 194
1 137
1 2
1 134
1 51
1 77
1 229
1 205
1 11
1 112
1 214
1 82
232 272
185 95
204 137
42 41
42 273
76 209
76 147
76 274
76 46
76 230
59 96
59 109
336 91
220 87
220 186
157 31
157 159
5 4
5 6
6 5
6 12
57 96
134 275
134 1
338 245
338 246
189 131
250 276
250 137
250 28
12 271
12 277
12 3
12 278
12 91
12 124
12 279
385 280
163 158
217 133
149 6
149 39
149 100
149 33
149 281
386 142
386 282
386 9
386 283
46 284
46 31
46 285
46 278
46 286
46 203
46 287
46 288
46 289
46 1
46 290
46 291
46 256
46 137
46 144
46 270
46 29
46 292
46 24
46 293
46 82
46 215
46 294
46 295
46 9
46 296
46 33
46 32
46 66
46 39
37 22
37 51
150 33
145 297
145 111
145 33
145 28
226 8
226 233
328 29
49 51
251 229
40 176
387 288
387 1
278 12
278 210
278 46
278 105
388 143
2 31
2 298
2 9
2 299
2 300
2 120
2 301
2 158
2 124
2 17
2 1
2 207
2 302
2 303
25 24
25 304
25 51
228 305
389 46
112 111
112 24
112 210
112 1
72 34
72 137
72 30
268 137
268 128
390 44
252 3
252 33
252 306
78 307
78 39
78 82
200 210
200 233
200 9
200 1
39 149
39 24
39 308
308 39
391 151
392 216
249 187
249 309
249 256
249 28
332 230
332 9
138 56
207 2
207 120
207 310
75 311
240 271
240 141
225 312
300 2
123 82
393 114
132 313
132 219
132 216
132 314
132 315
132 316
132 8
132 233
106 24
32 142
32 75
32 317
32 318
32 58
32 51
32 319
32 235
32 320
32 230
32 312
32 66
327 59
394 321
118 322
288 46
288 83
62 44
62 63
166 139
224 323
224 213
211 24
211 230
211 37
107 276
107 324
107 238
107 24
141 325
141 240
141 326
19 196
19 9
395 76
84 44
130 129
130 131
396 256
397 10
209 30
209 76
290 50
279 12
279 28
398 58
111 147
111 112
111 31
111 82
399 186
400 327
74 36
29 328
29 46
172 329
401 31
402 186
256 249
237 174
43 14
43 78
270 330
270 46
270 82
293 46
63 62
253 80
181 260
181 54
403 267
404 331
405 294
406 46
9 19
9 332
9 200
9 110
9 288
9 158
9 206
9 10
9 333
9 46
277 12
277 7
304 25
66 32
66 331
407 334
408 114
178 335
219 87
219 132
409 204
91 336
91 190
91 242
91 28
91 238
91 337
91 12
91 83
164 158
246 338
246 143
246 9
410 339
17 209
17 340
17 341
17 342
17 24
17 76
140 343
140 226
140 344
206 9
206 218
337 91
60 177
