2 0
2 1
2 2
2 3
2 4
2 5
2 6
2 7
2 8
2 9
2 10
2 11
2 12
2 13
2 14
2 15
2 16
2 17
2 18
2 19
2 20
2 21
2 22
2 23
2 24
2 25
2 26
2 27
2 28
2 29
2 30
2 31
32 32
247 33
248 26
248 34
4 2
4 4
4 35
4 36
4 37
4 9
4 38
4 39
4 40
4 41
4 42
4 43
4 14
4 44
4 45
4 46
4 47
4 48
4 49
4 50
4 51
4 31
35 4
222 42
118 52
118 53
118 54
118 37
118 55
118 56
118 9
118 57
118 24
118 31
78 0
78 58
78 59
78 60
78 61
78 3
67 62
67 54
67 63
67 15
67 64
67 65
67 66
67 67
67 68
67 69
67 70
67 12
67 71
67 72
67 73
80 74
80 31
80 16
27 2
27 75
27 6
119 51
39 31
3 0
3 2
3 37
3 76
3 77
3 78
3 79
3 80
3 61
3 3
152 81
152 82
152 83
249 84
240 85
73 67
73 86
73 60
107 62
107 2
107 87
107 88
107 89
107 90
107 70
117 26
117 62
117 46
117 57
7 91
7 42
7 92
7 54
7 22
7 93
7 94
7 95
7 96
7 29
7 31
250 3
8 2
8 97
8 98
8 16
8 99
8 57
8 51
251 51
233 17
203 100
203 33
191 101
191 62
191 6
191 102
187 21
187 31
225 102
252 6
23 103
23 104
23 2
23 21
23 98
23 16
23 105
23 51
70 100
70 14
70 106
70 15
70 11
70 70
70 107
64 67
64 31
244 26
244 79
244 105
154 88
219 108
219 109
219 110
219 37
139 0
139 54
139 69
139 28
139 47
139 86
139 31
139 111
103 0
103 23
103 17
103 5
103 29
103 99
113 105
113 112
138 28
138 15
138 31
138 6
138 72
253 11
12 113
12 54
12 2
12 94
12 67
12 19
12 12
12 51
12 31
115 114
115 37
115 105
115 79
115 115
115 116
115 107
162 94
162 107
254 9
254 6
46 117
46 4
46 25
46 98
46 118
46 105
46 119
46 46
46 120
110 121
110 122
110 4
110 123
110 69
110 29
110 31
57 0
57 114
57 124
57 80
57 125
57 28
57 54
255 3
175 62
175 54
183 29
84 126
84 127
84 98
84 31
84 61
1 0
1 89
1 21
1 3
256 3
87 7
87 124
87 128
87 129
87 87
87 130
87 28
87 107
58 59
58 78
58 69
58 61
58 131
237 40
237 22
196 6
257 132
140 133
140 80
140 134
140 89
140 74
167 116
95 26
95 71
95 98
258 43
259 135
260 136
28 137
28 138
28 24
28 89
28 6
28 134
181 3
181 122
111 139
156 140
156 134
156 22
157 26
157 141
157 127
97 16
142 136
142 142
89 143
89 1
89 58
89 6
89 57
89 42
89 94
89 26
89 18
89 105
89 144
89 47
89 28
89 51
89 31
83 145
83 31
65 67
65 146
65 54
65 31
147 147
147 148
14 103
14 14
14 149
14 150
14 16
14 19
14 70
184 31
5 40
120 42
120 59
120 37
120 151
120 31
120 84
136 26
136 144
136 136
136 31
136 16
63 67
206 62
206 31
91 79
236 40
146 103
261 116
262 3
81 152
164 137
164 153
164 42
263 22
179 69
264 140
264 154
246 33
246 89
72 0
72 9
72 69
155 155
155 72
192 0
134 156
143 108
143 89
143 16
209 62
209 141
209 157
61 58
61 78
45 158
45 15
45 4
124 57
15 0
15 26
15 2
15 159
15 70
15 12
15 98
15 17
15 160
15 5
15 6
15 120
15 96
15 86
15 29
265 59
158 69
94 7
94 89
94 161
94 115
94 162
94 163
94 12
94 31
153 164
19 91
19 2
19 14
19 4
19 98
19 26
19 123
19 19
19 11
19 31
194 165
90 166
90 143
90 9
90 16
90 123
90 3
90 107
197 31
197 6
49 31
49 4
232 17
116 42
116 54
116 37
116 60
116 167
116 67
116 115
116 168
116 169
116 106
116 170
116 31
116 107
266 166
159 67
159 171
159 15
54 0
54 7
54 172
54 173
54 89
54 174
54 122
54 77
54 12
54 83
54 175
54 176
54 67
54 11
54 177
54 178
54 57
54 116
54 139
54 31
54 37
267 51
76 179
76 3
268 90
122 141
122 118
122 17
122 26
122 31
122 40
122 180
122 110
122 181
243 3
160 26
160 160
160 77
202 26
202 101
202 157
174 31
69 158
69 54
69 59
69 179
69 110
69 58
163 94
269 6
29 166
29 103
29 2
29 182
29 6
29 98
29 94
29 26
29 7
29 0
29 61
29 110
29 29
29 183
30 66
31 2
31 60
31 109
31 47
31 4
31 89
31 118
31 65
31 94
31 80
31 32
31 184
31 120
31 101
31 136
31 62
31 7
31 37
31 67
31 9
31 127
31 39
31 10
31 105
31 11
31 64
31 71
31 139
31 185
31 42
31 15
31 98
31 16
31 17
31 19
31 90
31 135
31 116
31 54
31 22
31 33
31 186
31 26
31 187
31 188
31 174
31 155
31 69
31 189
31 31
31 190
102 191
0 1
0 2
0 192
0 54
0 22
0 15
0 78
0 6
0 136
224 26
114 57
270 12
112 69
131 58
131 15
165 193
165 42
165 194
165 90
106 96
106 106
106 195
106 70
106 116
271 51
271 31
217 108
272 115
6 0
6 196
6 197
6 89
6 15
6 27
6 191
6 6
6 198
6 28
6 199
6 200
6 176
135 101
101 201
101 202
101 191
101 25
101 86
101 31
101 189
86 189
86 86
86 139
86 72
241 85
176 54
176 6
193 165
100 203
100 70
245 204
245 136
245 15
205 163
205 205
205 5
205 31
238 40
238 161
38 4
273 28
226 105
226 89
125 57
11 62
11 37
11 9
11 70
11 28
11 31
11 206
239 40
144 26
144 79
144 144
274 31
207 207
207 54
207 37
148 147
148 74
148 208
13 3
13 16
141 209
141 157
141 122
189 101
189 9
189 51
189 31
189 16
109 31
43 140
43 151
43 31
43 4
275 210
188 31
276 6
16 8
16 97
16 80
16 90
16 51
16 31
16 37
18 98
25 211
25 15
25 119
25 46
25 3
25 101
68 82
68 212
99 103
277 136
198 6
227 37
216 33
213 213
20 47
278 214
71 67
71 71
71 31
223 32
223 83
59 121
59 58
59 59
59 108
59 78
59 215
59 69
33 216
33 203
33 164
33 31
186 31
279 89
108 47
108 105
108 217
108 218
108 219
215 220
215 60
215 59
195 26
280 169
281 26
24 0
24 28
190 31
282 22
104 5
60 42
60 37
60 215
60 178
60 170
60 116
211 25
75 27
149 14
42 91
42 60
42 221
42 222
42 165
42 40
42 96
42 31
128 37
218 108
130 87
214 62
283 110
199 6
201 101
26 62
26 2
26 7
26 223
26 54
26 141
26 15
26 202
26 89
26 224
26 225
26 16
26 164
26 144
26 28
26 136
26 29
26 139
26 31
105 226
105 26
105 89
105 46
105 31
37 54
37 62
37 227
37 223
37 37
37 4
37 128
37 60
37 118
37 115
37 11
37 16
37 3
37 120
37 207
37 15
37 219
37 31
37 116
208 148
284 228
56 118
56 31
9 9
9 62
9 31
9 4
77 160
77 10
77 29
77 108
77 3
93 7
220 215
172 143
229 52
10 10
10 31
126 84
74 62
74 213
96 96
96 7
96 15
285 84
132 19
47 20
47 16
47 4
121 59
121 110
52 229
52 89
52 51
52 118
52 122
286 31
230 62
62 62
62 230
62 22
62 9
62 214
62 26
62 67
62 11
62 31
62 175
62 74
62 107
287 231
150 14
98 62
98 19
98 18
288 9
17 232
17 122
17 233
17 89
17 221
17 98
17 17
17 31
17 74
17 234
289 3
289 64
123 235
123 19
123 14
123 110
290 6
40 0
40 42
40 236
40 14
40 237
40 4
40 122
40 60
40 36
40 40
40 5
40 238
40 135
40 239
170 60
170 116
291 91
291 80
85 240
85 241
210 242
292 108
22 62
22 2
22 237
22 15
22 134
22 5
22 3
22 51
22 24
22 31
293 22
228 115
228 13
200 233
200 6
294 101
295 28
296 243
79 115
79 244
79 144
177 54
212 63
88 101
88 62
88 107
88 26
88 154
82 15
204 26
204 245
297 67
298 51
182 26
182 29
299 98
51 223
51 4
51 16
51 246
51 12
51 31
234 17
