152 0
152 1
186 2
143 3
143 4
143 5
230 6
230 7
122 8
231 5
231 2
11 9
11 10
11 11
11 12
11 13
11 14
17 15
17 0
17 16
17 17
17 18
17 19
89 20
89 21
89 22
89 23
89 24
89 12
89 25
89 26
89 27
89 28
89 29
166 30
166 31
34 32
34 33
34 34
209 1
232 35
226 36
226 37
233 38
111 39
111 40
111 41
111 42
43 43
43 44
43 45
43 46
154 0
86 0
86 1
86 37
86 47
86 41
86 27
86 48
31 49
172 50
172 33
172 51
63 52
138 53
138 12
138 54
138 1
138 2
57 15
57 55
57 56
57 13
57 57
57 58
52 59
52 60
52 61
52 62
52 17
52 45
52 19
52 63
52 64
52 65
52 57
52 52
52 15
52 66
52 67
52 68
52 69
52 70
52 71
52 0
52 14
52 72
52 73
52 74
52 46
52 30
171 75
171 76
171 77
213 1
67 67
67 78
67 79
234 69
192 80
192 29
192 81
153 16
98 16
98 82
98 0
98 83
15 60
15 0
15 1
15 84
15 17
15 57
15 85
15 52
87 86
87 1
87 12
87 87
87 34
87 88
28 89
28 21
58 90
58 41
235 91
78 26
94 60
94 92
94 0
94 32
94 39
94 93
94 41
94 26
94 94
94 95
94 30
94 81
94 91
236 16
10 11
16 96
16 97
16 13
16 98
16 41
16 99
16 100
16 95
194 44
194 14
194 101
70 13
70 52
237 65
105 102
238 53
239 87
97 103
97 16
240 51
227 12
227 0
227 104
227 33
227 74
150 83
150 39
191 36
102 105
102 72
102 61
241 50
41 24
41 0
41 21
41 106
41 107
41 108
41 90
41 109
41 16
41 92
41 33
41 110
41 57
41 65
41 41
41 26
41 94
41 40
41 58
41 111
218 104
242 0
243 94
96 96
96 1
96 51
24 29
24 106
24 112
24 113
24 65
24 41
85 15
85 114
114 115
114 53
114 65
114 85
114 114
114 52
114 51
54 1
18 17
244 116
44 117
155 118
155 0
155 69
19 52
29 60
29 119
29 29
29 24
29 120
29 2
29 121
8 122
8 123
219 124
219 33
181 125
181 2
64 100
65 59
65 86
65 26
65 1
65 126
65 127
65 46
65 57
65 17
65 112
65 128
65 129
65 114
65 24
65 41
65 94
65 3
65 14
65 48
65 40
65 52
112 65
112 24
26 67
26 89
26 130
26 41
26 53
131 131
75 130
75 34
245 17
21 28
21 41
106 1
106 41
106 132
68 52
204 51
167 51
49 31
49 118
49 84
49 133
49 134
49 53
49 135
49 42
49 136
12 137
12 11
12 138
12 113
12 89
12 139
12 140
12 12
12 141
139 142
4 143
184 59
246 144
48 86
48 5
48 145
48 146
48 140
48 12
48 120
48 3
48 147
48 148
48 65
247 1
205 51
20 89
39 1
39 149
39 132
39 150
39 41
39 94
39 28
39 76
39 111
0 137
0 151
0 41
0 152
0 153
0 45
0 28
0 114
0 51
0 154
0 155
0 156
0 157
0 133
0 158
0 15
0 38
0 159
0 53
0 98
0 160
0 161
0 0
0 30
0 16
0 115
0 46
0 94
0 136
0 73
5 137
5 143
5 94
5 32
5 162
5 53
5 42
5 28
5 51
248 40
221 113
249 2
250 0
250 1
250 26
251 53
174 103
174 72
174 51
252 137
253 24
210 86
210 1
100 16
100 163
254 7
95 103
95 147
95 16
95 142
30 92
30 164
30 24
30 165
30 166
30 51
30 167
30 1
30 156
30 64
30 52
30 168
30 169
30 12
30 170
30 2
30 171
30 0
30 73
30 94
30 30
30 91
50 172
103 60
103 103
103 72
103 173
103 115
103 174
103 95
103 40
103 123
103 51
175 175
255 26
176 117
176 45
220 113
183 59
47 86
47 151
47 99
120 48
120 91
45 176
45 52
207 9
207 101
207 136
256 59
257 30
257 177
258 16
259 30
187 171
197 178
260 14
157 0
261 47
261 51
56 179
56 57
13 118
13 16
13 11
13 70
13 13
13 180
206 23
60 94
60 85
125 181
141 1
141 24
141 12
141 130
141 76
141 40
262 182
59 59
59 0
59 49
59 183
59 184
59 83
59 185
2 103
2 171
2 186
2 5
2 187
2 181
2 1
2 81
2 138
2 130
2 93
2 188
2 136
2 30
2 189
2 51
88 32
88 114
88 87
81 51
142 139
142 95
190 113
190 190
149 39
36 191
134 49
108 41
132 39
132 106
162 113
263 106
121 113
121 192
200 137
264 193
265 30
14 1
14 16
14 194
14 11
14 130
14 65
14 99
14 51
266 147
40 103
40 41
40 65
40 141
170 30
267 154
268 60
117 43
117 117
117 176
269 138
145 5
110 195
110 41
270 196
271 195
9 11
178 197
178 164
178 198
178 24
188 2
179 56
199 199
91 94
91 156
272 22
137 1
137 61
137 200
137 12
137 93
137 5
92 106
92 24
92 181
92 41
92 94
92 30
61 137
61 30
61 127
61 52
61 102
202 201
202 202
208 1
164 203
164 18
164 178
164 30
62 62
62 52
126 126
165 119
165 51
165 30
165 7
51 167
51 172
51 96
51 33
51 165
51 24
51 204
51 136
51 30
51 81
51 205
51 2
23 206
27 86
273 195
273 30
7 165
79 67
79 26
136 2
136 0
136 51
115 207
115 109
101 194
101 106
101 120
1 137
1 152
1 208
1 17
1 41
1 209
1 114
1 54
1 51
1 86
1 1
1 210
1 211
1 138
1 65
1 212
1 213
1 106
1 113
1 87
1 14
1 141
1 2
1 214
1 39
1 73
1 22
1 30
156 91
127 215
127 61
32 216
32 87
22 93
133 0
133 61
133 49
211 1
211 41
90 41
33 113
33 34
33 41
33 1
274 41
275 116
276 39
229 195
217 217
277 150
189 2
104 218
169 30
55 57
278 41
278 57
118 13
201 202
201 26
163 100
113 190
113 24
113 1
113 201
113 219
113 220
113 162
113 113
113 121
113 221
113 88
113 222
53 223
53 114
53 0
53 71
53 26
25 89
71 53
3 4
3 65
3 143
223 53
223 224
42 5
42 111
279 225
279 0
80 215
76 171
76 76
76 141
72 103
72 65
280 121
281 164
281 202
37 226
215 127
109 41
74 116
74 227
74 74
130 75
130 2
130 64
130 26
222 113
46 52
46 45
46 41
84 15
84 73
84 49
228 228
224 223
224 224
148 48
73 84
73 15
73 1
195 229
