69 0
69 1
69 2
69 3
69 4
69 5
69 6
69 7
69 8
218 9
14 10
14 11
14 12
14 13
14 14
14 15
14 16
14 17
14 18
14 19
14 20
14 21
14 8
206 17
206 14
68 22
68 23
68 24
68 25
68 26
31 27
174 28
174 29
219 29
103 30
103 12
103 14
220 31
41 15
41 1
41 17
21 14
104 20
104 32
110 33
101 34
101 35
101 36
101 37
101 13
207 38
13 20
13 15
13 14
221 39
17 40
17 14
17 27
17 41
17 42
17 43
17 12
17 44
17 45
17 24
17 46
17 3
17 47
17 48
17 49
17 50
17 51
17 52
17 53
17 54
17 55
17 28
173 15
173 28
173 56
188 57
188 11
188 58
188 59
148 60
145 61
145 62
145 26
145 63
145 64
145 65
145 38
145 28
44 27
44 43
44 18
44 66
42 67
24 68
24 69
24 12
24 3
24 53
24 26
24 13
24 70
24 17
24 71
24 72
24 73
24 74
24 75
24 76
24 20
24 66
24 24
24 77
24 78
222 79
205 26
205 80
165 53
165 81
203 26
82 82
82 83
82 84
49 17
49 66
86 1
86 85
86 86
86 87
86 6
86 88
86 89
74 69
74 90
74 91
74 63
74 1
74 92
74 66
74 24
74 89
9 1
9 75
9 40
84 57
84 82
84 26
84 73
99 36
129 93
223 90
131 94
131 95
131 12
131 26
131 15
131 66
131 96
163 20
163 95
163 54
187 16
187 97
187 98
187 4
162 95
139 26
139 3
224 99
224 39
112 100
112 74
112 39
32 101
32 26
32 32
32 66
32 37
32 18
32 102
32 20
32 56
225 97
225 3
20 1
20 2
20 14
20 27
20 69
20 103
20 104
20 43
20 12
20 13
20 15
20 105
20 106
20 107
20 8
20 108
20 35
20 48
20 4
20 75
20 109
20 89
20 24
20 53
20 32
20 18
20 102
39 110
39 10
39 111
39 98
39 53
39 95
39 112
39 113
226 89
111 39
111 98
1 1
1 114
1 3
1 52
1 115
1 86
1 75
1 5
1 89
1 9
40 116
40 15
40 9
40 117
40 56
98 111
98 51
98 26
98 18
98 102
98 20
98 118
98 96
98 79
124 119
70 95
70 98
70 58
70 19
70 120
70 121
70 24
70 122
168 123
168 56
193 12
127 89
127 3
167 53
202 26
122 70
119 124
48 48
48 50
227 125
227 126
3 1
3 26
3 127
3 17
3 29
3 128
3 18
3 5
3 87
3 24
3 77
93 52
93 86
93 3
93 129
154 89
228 15
37 15
37 12
37 130
210 54
210 43
210 3
210 4
229 97
217 55
96 131
96 98
96 132
107 35
107 8
230 133
191 86
186 134
231 1
231 75
151 86
151 57
151 26
151 15
151 18
151 6
151 56
35 42
35 135
35 101
35 107
35 8
90 69
90 2
90 136
90 137
90 90
90 70
90 72
90 74
90 76
90 55
90 39
90 8
29 3
66 6
66 12
66 138
66 24
66 37
66 44
66 139
66 3
66 47
66 58
66 66
66 49
66 74
66 75
66 118
66 4
66 89
66 140
66 131
66 20
66 116
66 52
66 53
66 141
66 32
66 142
66 54
66 28
73 12
73 143
232 58
232 3
232 144
64 89
64 145
233 146
118 147
118 12
118 53
118 142
118 45
118 28
118 50
211 109
80 10
80 145
60 10
60 15
60 148
60 18
60 109
60 41
60 60
200 149
200 150
200 151
200 12
89 1
89 2
89 98
89 152
89 18
89 127
89 27
89 69
89 110
89 101
89 153
89 12
89 30
89 26
89 15
89 154
89 72
89 155
89 105
89 156
89 64
89 107
89 46
89 44
89 70
89 66
89 49
89 86
89 74
89 6
89 157
89 89
89 158
89 114
89 52
89 115
89 20
50 48
50 98
50 26
50 159
50 145
50 160
50 54
50 118
50 161
50 88
50 89
95 131
95 162
95 53
95 58
95 161
95 149
95 163
78 23
78 164
78 70
78 43
137 1
137 12
137 137
137 26
137 90
137 32
137 69
137 86
137 64
137 80
137 97
137 131
52 93
52 156
53 147
53 95
53 165
53 12
53 57
53 17
53 134
53 81
53 118
53 166
53 167
53 28
53 122
208 108
123 54
123 168
123 44
123 134
234 133
209 46
209 145
235 12
142 116
142 118
142 98
142 66
102 98
102 3
102 26
102 90
102 32
102 108
102 78
169 169
169 64
169 170
164 171
164 10
164 159
164 78
28 172
28 12
28 173
28 53
28 17
28 66
28 123
28 174
28 157
28 56
15 89
15 131
15 175
15 152
15 15
15 14
15 37
15 27
15 63
15 18
15 176
15 54
15 20
15 166
15 4
15 8
75 177
75 178
75 26
75 15
75 91
75 4
75 20
75 66
75 8
23 26
23 78
23 68
236 53
237 179
170 180
27 15
238 54
128 3
63 15
63 18
63 74
63 145
77 137
77 15
77 24
77 132
2 2
147 118
147 53
147 12
147 147
43 61
43 116
43 15
43 44
43 17
43 123
43 181
182 1
182 153
153 6
153 88
153 182
192 161
144 15
144 18
144 3
144 56
113 10
113 39
181 43
100 72
100 8
100 112
34 130
34 61
158 183
158 12
158 182
194 97
194 50
88 10
88 86
88 18
88 49
88 50
8 69
8 14
8 184
8 15
8 90
8 141
8 75
8 156
8 20
8 107
8 8
177 75
10 10
10 11
10 14
10 185
10 5
10 164
10 60
134 186
134 179
134 72
156 52
156 156
156 178
16 187
16 14
47 66
120 70
120 97
58 161
58 188
58 66
58 189
58 6
58 97
83 82
239 18
19 8
240 89
166 15
166 53
166 131
166 188
6 69
6 58
6 66
6 86
6 5
6 79
157 28
45 118
45 97
45 17
45 190
180 191
180 89
180 58
180 138
140 4
143 14
116 64
116 40
116 66
241 192
22 68
18 151
18 3
18 144
18 47
18 15
18 14
18 32
18 98
18 63
18 18
18 138
18 44
18 20
18 88
18 89
18 56
36 99
176 15
149 193
242 135
242 115
197 12
94 2
94 131
11 188
11 97
11 89
11 14
243 26
244 113
245 3
146 87
97 191
97 11
97 187
97 137
97 120
97 5
97 55
97 194
7 26
7 69
198 12
246 195
246 161
132 96
132 196
132 77
132 115
12 197
12 14
12 103
12 198
12 12
12 17
12 138
12 182
12 56
12 24
12 199
12 58
12 66
12 54
12 200
12 89
12 158
12 131
12 53
12 141
12 118
12 20
12 28
247 152
30 26
30 89
26 98
26 201
26 21
26 202
26 12
26 30
26 7
26 15
26 24
26 108
26 46
26 203
26 204
26 4
26 84
26 109
26 89
26 151
26 172
26 51
26 137
26 139
26 205
26 32
26 18
26 26
26 20
72 94
72 69
72 2
72 14
72 26
72 206
72 58
72 100
72 24
72 89
138 66
138 28
138 75
138 138
138 12
105 89
5 10
5 6
5 1
5 3
38 207
38 145
56 156
56 12
56 151
56 18
56 32
56 86
56 168
56 44
56 96
56 89
79 10
79 6
79 98
199 12
108 46
108 1
108 26
108 15
108 208
108 32
108 72
108 108
46 17
46 13
46 108
46 89
46 209
0 69
152 15
152 151
152 32
204 26
204 114
4 54
4 187
4 26
4 15
4 4
4 105
4 108
4 20
4 210
4 89
248 53
81 57
109 26
109 15
109 60
109 211
213 212
212 213
212 98
87 146
87 15
87 86
87 3
87 134
214 214
61 63
61 64
61 145
249 74
216 141
85 86
85 107
85 115
114 79
51 26
59 188
184 34
184 107
184 215
184 8
159 164
141 66
141 12
141 8
141 216
178 20
178 75
178 156
178 147
171 164
171 159
57 133
57 53
57 84
115 20
115 1
115 89
250 55
130 37
130 34
130 108
54 1
54 12
54 3
54 21
54 15
54 53
54 17
54 66
54 4
54 123
54 101
54 56
54 102
54 210
54 163
54 24
54 89
54 50
55 217
251 8
