43 0
43 1
43 2
43 3
143 4
7 5
7 6
7 2
7 7
62 1
62 8
62 9
44 4
44 10
44 11
44 12
44 13
44 14
31 10
31 15
31 16
134 17
120 18
105 19
105 20
21 21
144 14
26 15
26 14
26 22
26 23
26 24
26 25
26 26
112 1
27 27
27 14
27 28
27 12
15 29
15 15
15 30
15 14
15 31
15 20
15 32
15 33
15 24
15 34
15 12
15 35
45 7
45 10
45 36
45 33
45 24
45 37
45 38
45 14
42 39
42 14
68 40
68 41
68 42
68 39
68 1
68 24
12 27
12 43
12 14
12 10
12 44
12 11
12 45
12 39
12 24
12 34
12 46
137 8
82 1
82 47
82 48
103 49
35 43
35 50
35 51
35 15
35 14
35 48
35 35
35 52
35 17
35 53
35 20
35 39
35 5
35 1
35 54
35 8
35 55
35 34
35 10
35 2
35 56
145 49
30 15
30 30
30 14
30 57
30 58
30 36
30 24
30 59
30 5
30 13
30 60
73 30
73 61
73 48
9 62
25 27
25 14
25 31
25 39
25 33
25 63
25 64
25 61
25 26
75 65
67 66
67 67
67 33
41 68
146 69
147 10
11 19
11 44
11 12
11 1
11 63
11 70
11 71
11 46
83 10
83 15
83 48
51 50
51 1
51 2
51 51
133 10
84 72
84 48
84 2
84 46
37 15
37 73
37 39
37 37
37 34
37 14
34 50
34 40
34 15
34 14
34 61
34 37
34 45
34 12
34 1
34 65
34 55
34 34
34 35
102 74
148 74
65 34
65 75
65 2
65 39
32 39
32 15
4 30
4 76
4 77
3 43
3 36
3 30
3 14
124 39
124 14
124 78
149 34
54 5
54 35
106 49
99 79
76 4
150 35
96 5
100 49
116 1
110 80
110 81
104 20
36 45
36 3
140 39
122 26
122 47
77 10
77 52
77 14
77 63
61 34
61 73
61 25
48 15
48 14
48 69
48 5
48 1
48 82
48 83
48 84
48 24
48 85
48 86
48 35
48 73
128 24
128 14
151 67
94 87
94 30
66 67
136 88
136 14
136 76
136 89
136 17
136 90
136 39
136 67
136 2
152 91
153 92
154 84
29 14
69 59
69 14
72 84
72 14
72 93
155 19
155 1
87 94
87 1
156 71
33 15
33 67
5 95
5 96
5 67
5 30
5 14
5 97
5 52
5 68
5 48
5 46
5 39
5 76
5 1
5 49
5 2
5 98
5 35
5 7
157 24
158 51
123 40
123 14
127 49
127 14
79 99
159 82
49 43
49 40
49 100
49 14
49 22
49 90
49 101
49 49
49 102
49 103
49 5
49 24
129 14
20 35
20 104
20 17
20 1
20 105
20 49
20 67
20 76
13 1
13 17
13 106
46 46
139 39
0 43
0 10
160 1
161 39
114 67
95 1
93 72
93 22
162 107
57 30
126 14
126 12
115 15
115 1
163 39
119 59
119 63
53 1
53 35
101 100
101 49
71 11
28 27
28 34
28 108
28 55
2 10
2 65
2 84
2 35
2 51
88 19
88 39
118 27
118 73
118 63
118 109
22 93
22 22
22 46
80 110
74 59
74 10
74 67
74 14
74 48
1 43
1 52
1 68
1 49
1 111
1 12
1 13
1 26
1 112
1 14
1 113
1 114
1 17
1 20
1 95
1 82
1 55
1 67
1 35
1 30
1 115
1 53
1 48
1 116
1 40
1 117
1 56
1 11
1 87
1 39
1 1
1 70
1 36
1 59
1 34
1 5
63 107
63 118
63 36
63 33
63 25
63 5
63 77
141 15
141 26
59 30
59 69
59 10
59 119
59 1
59 74
89 89
89 17
89 14
107 10
107 15
107 24
107 91
107 63
164 46
18 120
18 121
108 108
108 14
108 28
165 122
165 26
52 14
52 35
52 89
52 52
52 39
52 1
52 5
16 31
16 14
14 108
14 123
14 44
14 52
14 124
14 125
14 49
14 25
14 20
14 73
14 77
14 15
14 100
14 14
14 10
14 45
14 12
14 36
14 55
14 74
14 126
14 127
14 30
14 16
14 40
14 48
14 101
14 128
14 129
14 2
14 130
14 29
14 69
14 35
14 131
14 97
14 98
14 39
14 1
14 37
14 34
14 5
113 1
10 107
10 3
10 77
10 44
10 52
10 31
10 68
10 83
10 46
10 27
10 0
10 14
10 39
10 45
10 47
10 12
10 67
10 35
10 19
10 132
10 2
10 133
10 70
17 19
17 89
17 134
17 20
17 1
17 135
17 35
17 136
47 10
47 82
47 30
47 19
55 50
55 14
55 35
55 28
55 1
55 109
55 55
55 76
55 13
166 114
8 137
8 35
50 51
111 1
167 19
132 10
132 70
78 72
64 25
109 118
109 55
135 5
135 138
130 34
130 2
130 14
130 10
138 135
168 17
97 5
97 14
6 7
56 35
131 14
98 135
98 14
39 65
39 32
39 4
39 42
39 124
39 14
39 10
39 68
39 139
39 140
39 35
39 30
39 19
39 25
39 88
39 51
39 39
39 1
39 141
39 37
39 34
39 5
24 107
24 30
24 68
24 12
24 128
24 49
24 129
24 34
24 48
24 26
70 142
70 132
70 10
70 1
70 49
70 5
38 4
