75 0
174 1
20 2
20 3
20 4
20 5
20 6
20 0
20 7
20 8
126 9
126 10
126 11
17 12
17 13
17 14
17 15
17 16
17 5
17 17
17 18
17 19
17 0
17 20
17 21
17 1
87 22
87 15
87 23
87 24
87 25
87 26
87 27
87 28
87 29
87 30
87 3
87 31
87 0
87 5
87 8
87 32
48 22
48 8
48 33
48 34
48 35
177 0
79 22
79 4
79 0
79 36
79 21
79 37
79 38
79 15
141 39
141 40
136 41
136 15
136 42
114 15
173 43
72 44
72 45
61 46
61 28
61 15
81 28
81 36
81 47
81 0
81 15
33 48
33 49
33 50
33 51
178 28
51 3
51 22
51 24
51 47
51 52
51 53
51 8
51 33
179 54
69 55
128 56
180 33
129 56
131 57
21 58
21 17
60 15
60 59
60 5
60 36
60 0
60 60
34 48
34 0
70 23
70 27
70 0
109 22
109 61
109 21
90 62
90 0
181 28
24 63
146 49
65 64
65 30
65 18
65 65
182 66
2 58
2 0
183 67
55 68
55 41
55 69
55 25
145 70
45 71
45 72
45 24
45 73
95 1
95 0
95 15
74 0
0 74
0 75
0 21
0 76
0 20
0 41
0 17
0 77
0 78
0 79
0 0
0 80
0 8
0 22
0 14
0 15
0 81
0 64
0 82
0 83
0 84
0 85
0 68
0 86
0 18
0 36
0 6
0 87
0 88
0 53
0 34
0 89
0 57
0 90
0 91
0 92
0 93
0 94
0 71
0 95
0 96
0 32
97 97
46 98
46 87
111 99
77 77
77 100
77 15
77 0
77 84
152 15
9 68
119 27
119 101
8 22
8 5
8 101
8 87
8 0
8 20
8 102
170 52
140 103
140 104
22 13
22 8
22 51
22 15
22 32
22 27
22 105
22 87
22 48
22 28
22 106
22 79
22 95
22 0
22 46
22 107
22 92
22 108
22 1
22 109
161 23
12 110
137 111
184 47
28 112
28 22
28 113
28 62
28 114
28 115
28 15
28 116
28 117
28 2
28 28
28 0
28 101
28 1
28 118
106 22
106 21
101 28
101 119
82 0
118 61
118 18
118 1
118 28
118 36
118 84
185 92
68 0
186 57
187 15
35 48
116 28
116 14
138 32
36 14
36 15
36 66
36 59
36 5
36 120
36 101
36 121
36 36
36 122
36 29
36 81
36 79
36 0
36 92
36 53
36 123
36 118
6 20
6 79
6 15
6 0
29 124
29 48
29 17
29 87
29 36
29 29
29 95
29 84
29 125
29 32
30 55
30 65
30 15
30 87
10 126
18 15
18 83
18 27
18 18
18 2
18 23
18 21
18 0
18 119
18 8
18 127
18 56
18 118
94 5
94 15
94 0
176 37
176 1
56 92
56 128
56 129
56 130
188 12
3 87
3 89
3 97
63 41
63 24
57 131
57 57
57 132
57 0
57 133
16 5
16 17
85 134
85 0
189 0
165 135
156 108
156 24
156 15
156 102
190 12
42 136
71 0
53 51
53 22
53 0
53 36
96 0
191 23
191 137
153 61
153 15
192 138
66 58
66 27
66 100
66 36
142 139
41 70
41 78
41 54
41 0
41 64
41 136
44 72
193 140
193 22
194 5
194 120
158 5
158 1
158 141
107 22
195 30
195 114
7 28
7 0
110 12
122 46
14 61
14 14
14 15
14 59
14 116
14 17
14 36
14 31
14 0
14 64
14 53
14 102
62 64
62 90
62 28
196 28
120 36
139 142
27 22
27 27
27 70
27 18
27 101
197 17
198 103
125 29
92 22
92 15
92 61
92 18
92 36
92 23
92 49
92 0
92 92
134 57
19 17
19 15
167 40
167 38
199 20
105 22
105 105
105 143
144 144
133 57
143 105
154 15
88 0
88 50
88 145
200 19
201 21
13 13
13 103
13 22
98 92
98 30
98 27
73 73
132 57
49 56
49 92
49 33
49 146
49 147
168 103
202 57
148 148
148 149
124 29
130 30
130 15
130 56
76 0
163 23
58 15
58 21
203 14
166 64
175 1
164 23
80 150
80 0
50 33
50 88
102 14
102 15
204 107
112 112
112 28
112 151
205 21
15 25
15 17
15 77
15 152
15 0
15 60
15 136
15 102
15 22
15 14
15 15
15 67
15 5
15 153
15 61
15 81
15 121
15 23
15 28
15 101
15 64
15 92
15 84
15 19
15 18
15 36
15 6
15 29
15 30
15 154
15 87
15 21
15 95
15 155
15 114
15 4
15 54
15 99
15 156
15 94
15 37
15 1
206 157
5 0
5 15
5 86
5 5
5 120
5 36
5 2
5 158
5 20
26 23
26 28
207 5
121 36
171 159
23 160
23 161
23 162
23 23
23 163
23 15
23 26
23 164
23 92
23 85
23 32
135 165
64 14
64 62
64 21
64 20
64 41
64 166
64 65
64 0
64 1
64 15
83 2
83 18
83 0
84 4
84 15
84 108
84 30
84 77
84 36
84 29
84 28
84 0
84 20
84 84
84 89
40 167
40 40
103 13
103 54
103 168
86 20
86 14
86 17
86 0
59 60
59 14
59 36
117 28
117 36
208 108
169 169
52 51
52 8
52 170
151 112
89 0
209 5
123 36
155 15
159 171
210 21
54 103
54 22
54 41
54 99
54 102
91 26
91 62
91 0
99 15
211 22
211 61
211 68
31 30
31 14
31 15
31 0
93 14
108 22
108 14
108 24
108 9
108 8
108 84
212 103
37 79
37 15
32 29
32 22
32 75
32 0
127 18
1 172
1 22
1 15
1 173
1 86
1 20
1 174
1 17
1 28
1 175
1 30
1 64
1 95
1 7
1 176
1 1
1 118
78 12
78 14
78 41
78 1
78 0
