28 0
293 1
29 2
29 3
29 4
29 5
29 6
29 7
29 8
29 9
29 10
29 11
29 12
29 13
29 14
29 15
29 16
29 17
29 18
29 19
29 20
29 21
29 22
29 23
29 24
29 25
29 26
29 27
0 28
0 29
0 30
0 31
0 32
0 33
0 34
0 35
0 36
0 37
0 38
0 39
0 0
0 40
0 20
0 6
0 41
0 42
228 24
247 43
279 31
187 44
187 31
187 45
187 46
187 42
187 47
35 0
35 37
48 48
48 42
48 31
155 49
74 50
74 51
74 52
74 53
74 24
74 54
74 55
74 7
74 56
74 57
74 58
74 59
74 9
74 60
74 61
74 6
74 62
74 41
74 20
74 63
11 50
11 64
11 29
11 65
11 17
11 66
11 67
11 5
11 68
253 69
253 30
153 61
119 50
119 67
119 70
119 27
119 71
119 72
220 73
220 74
294 65
295 75
197 22
236 67
236 76
9 77
9 50
9 29
9 30
9 78
9 79
9 80
9 81
9 82
9 59
9 74
9 83
9 84
186 58
186 44
243 85
243 20
10 50
10 86
10 29
10 22
10 87
10 10
10 88
10 89
10 20
10 51
215 62
215 59
215 90
215 91
296 92
260 64
260 7
147 76
147 30
147 93
147 94
147 79
126 95
126 64
126 96
126 97
126 92
126 98
126 99
297 100
181 101
181 102
269 9
269 52
81 55
81 56
81 9
103 96
103 17
103 103
103 104
103 49
103 92
103 105
103 59
103 106
103 72
103 107
14 29
248 9
1 29
1 88
1 108
1 31
1 109
1 56
1 110
1 111
1 112
1 30
1 22
1 113
1 114
110 66
110 1
50 115
50 0
50 116
50 117
50 118
50 36
50 74
50 11
50 9
50 119
50 120
50 62
50 121
50 122
168 123
255 67
96 95
96 30
96 124
96 125
96 79
96 65
96 103
96 55
96 126
96 52
96 96
96 20
96 105
96 17
96 62
96 72
96 7
96 127
96 24
102 77
102 128
102 129
102 103
102 119
298 96
299 68
17 76
17 96
17 108
17 64
17 17
17 130
17 131
300 64
140 67
140 20
142 126
142 132
142 133
288 134
301 24
137 135
137 20
18 29
18 23
254 31
254 74
254 79
224 95
224 136
20 77
20 29
20 137
20 138
20 139
20 10
20 58
20 140
20 88
20 36
20 74
20 0
20 67
20 96
20 13
20 45
20 62
23 44
23 29
23 105
23 141
23 66
23 59
23 20
23 142
23 143
23 62
23 144
302 129
218 1
79 64
79 145
79 128
79 63
79 62
79 7
79 144
274 95
68 27
68 146
68 0
68 11
226 56
226 5
226 57
207 77
207 64
207 147
207 40
207 24
22 41
22 29
22 22
22 148
22 149
22 67
22 111
22 45
22 93
22 72
22 1
22 150
22 16
108 17
108 1
108 31
108 151
124 117
124 96
124 152
303 27
303 1
171 72
66 23
66 24
66 5
304 153
304 61
82 67
82 9
82 107
282 62
282 154
282 57
49 155
49 31
49 65
305 156
305 144
144 157
144 86
144 97
144 158
144 79
235 50
235 159
306 50
163 93
51 52
51 160
161 161
26 29
26 162
194 30
307 163
266 125
214 88
308 50
309 88
310 164
221 0
121 58
97 44
97 55
97 126
97 130
97 132
97 144
188 165
276 92
276 30
276 166
202 62
93 64
93 22
93 17
93 74
93 57
93 30
311 17
311 62
6 167
6 32
6 31
6 74
6 79
312 52
123 168
123 64
12 29
12 152
12 169
72 168
72 96
72 170
72 171
72 22
72 93
72 61
72 27
72 172
72 103
72 127
172 13
172 126
172 30
172 173
172 64
313 174
175 175
135 137
32 176
32 36
32 6
118 62
118 177
314 49
112 77
112 27
112 178
112 1
112 179
141 180
141 30
55 130
55 154
55 52
55 57
178 27
315 131
13 29
13 24
13 116
13 13
13 20
13 172
122 50
122 122
122 181
272 182
286 183
316 184
250 185
317 24
264 41
162 162
210 160
44 64
44 0
44 23
44 186
44 187
44 97
44 183
44 1
30 0
30 67
30 117
30 141
30 188
30 30
30 172
30 122
30 64
30 9
30 189
30 147
30 190
30 1
30 191
30 96
30 192
30 24
30 165
30 55
30 56
30 26
30 38
30 49
30 193
30 194
30 195
16 143
16 29
16 22
16 80
230 64
116 196
116 185
116 52
116 10
101 181
252 65
252 40
261 38
8 29
86 31
86 36
86 86
86 20
86 27
86 172
86 144
86 197
92 198
92 126
318 74
203 58
203 199
62 50
62 38
62 29
62 200
62 23
62 61
62 201
62 118
62 110
62 57
62 202
62 19
62 20
62 1
319 52
320 103
83 9
199 64
199 203
192 30
192 204
280 126
280 31
280 82
280 65
160 41
160 52
160 205
160 67
160 206
160 140
160 88
160 207
160 208
160 209
160 74
160 113
160 179
160 197
160 51
160 210
25 29
61 24
61 200
61 74
61 153
61 62
61 72
321 47
53 38
53 27
53 211
53 24
265 190
19 62
19 65
19 212
322 89
323 31
198 92
198 22
198 213
324 55
88 214
88 105
88 24
88 58
88 31
88 20
88 160
37 0
37 55
37 129
158 77
158 94
158 24
278 71
278 65
193 30
91 215
91 90
91 37
133 158
133 18
133 79
133 142
59 9
59 23
59 31
59 215
59 103
59 216
59 147
59 74
59 58
59 217
59 218
59 24
180 219
73 67
73 220
114 76
42 0
42 187
42 67
42 48
42 221
42 5
42 42
84 9
95 64
95 126
95 174
95 24
77 77
77 158
77 222
77 83
77 102
77 87
77 67
77 221
77 207
77 223
77 183
77 9
77 112
77 20
77 224
77 74
77 225
77 1
77 65
325 24
326 220
170 72
170 186
327 176
328 1
275 64
329 126
104 103
330 107
223 77
107 81
107 103
107 92
107 82
107 122
128 79
5 226
5 29
5 227
5 67
5 66
5 11
5 42
63 74
24 219
24 64
24 228
24 24
24 67
24 229
24 66
24 124
24 74
24 158
24 59
24 61
24 120
24 144
24 31
270 179
242 52
231 30
231 230
231 231
232 229
150 22
283 87
331 67
229 232
229 64
191 30
173 67
173 126
173 173
173 172
173 131
36 86
36 50
36 172
36 32
190 30
332 124
333 115
217 86
217 130
217 59
217 102
217 45
334 52
139 67
335 22
335 169
113 233
113 1
113 31
113 160
120 17
120 24
336 65
336 74
99 126
99 156
159 234
159 29
159 235
127 96
127 72
337 24
337 179
219 66
219 24
76 236
76 237
76 116
76 238
76 74
76 239
76 240
115 241
52 242
85 67
85 243
263 74
58 77
58 83
58 54
58 244
58 36
58 245
90 215
90 91
45 246
45 64
45 22
45 187
43 247
39 0
98 126
338 101
143 23
143 248
143 3
143 20
143 249
143 27
339 162
185 250
185 129
185 40
185 207
185 31
340 44
340 126
340 201
157 186
341 129
341 162
251 58
222 241
222 77
138 20
152 58
152 12
152 9
152 124
277 208
342 58
342 182
343 49
206 206
344 58
54 58
54 251
54 11
65 168
65 64
65 96
65 252
65 49
65 95
176 32
69 253
345 254
346 67
347 77
56 226
348 88
349 81
349 129
233 113
350 29
195 18
262 41
262 7
237 76
4 29
201 62
109 1
67 77
67 255
67 22
67 24
67 183
67 67
67 74
67 57
67 256
67 128
67 139
67 27
67 73
67 154
67 160
290 27
94 24
351 257
352 126
258 0
258 244
258 87
111 22
353 29
244 58
244 258
354 167
355 126
130 129
130 55
130 97
130 37
130 259
130 217
130 17
7 260
7 29
7 96
7 52
7 190
356 24
38 29
38 0
38 117
38 261
38 52
38 30
38 218
41 262
41 64
41 22
41 44
41 174
41 0
41 59
41 263
41 41
41 264
227 66
227 23
357 95
204 265
358 162
125 266
125 96
125 87
216 59
359 229
292 62
292 3
267 206
267 267
267 122
196 24
136 224
21 268
179 77
179 64
179 24
179 116
179 269
179 147
179 112
179 86
179 27
179 95
179 179
179 123
179 270
179 132
179 79
167 29
360 9
360 78
361 126
164 132
75 271
182 52
182 272
105 23
225 9
64 95
64 64
64 199
64 230
64 44
64 17
64 229
64 273
64 11
64 67
64 136
64 126
64 123
64 172
64 41
64 274
64 275
200 61
362 52
166 276
57 96
57 67
57 129
57 74
57 57
57 55
57 130
57 72
149 22
363 67
145 79
245 74
208 52
208 24
208 277
46 187
249 143
71 278
71 119
40 185
40 129
40 107
40 116
40 54
31 76
31 0
31 108
31 31
31 279
31 116
31 87
31 48
31 187
31 49
31 86
31 59
31 113
31 6
31 185
31 1
31 280
31 24
241 248
241 115
268 21
364 281
364 74
154 55
154 282
154 92
365 224
87 77
87 258
87 31
87 67
87 125
87 283
366 284
146 68
129 222
129 285
129 57
129 92
129 40
129 172
129 37
129 185
273 126
148 22
131 17
131 273
183 77
183 44
183 55
183 267
183 74
183 286
183 27
183 231
259 130
367 126
368 179
369 287
369 288
369 289
369 87
27 77
27 38
27 24
27 64
27 67
27 290
27 86
27 112
27 89
27 119
27 179
27 143
27 27
27 174
27 99
27 144
106 291
106 103
3 292
33 168
238 76
370 55
370 187
