163 0
48 1
48 2
48 3
48 4
48 5
48 6
48 7
48 8
48 9
48 10
48 11
48 12
48 13
48 14
48 15
48 16
48 17
48 18
48 19
48 20
48 21
48 22
50 23
50 24
50 25
50 26
50 27
175 28
175 29
135 30
135 24
135 31
135 32
135 33
203 34
242 35
161 1
72 36
72 20
72 37
112 38
112 39
112 40
112 41
112 42
112 6
112 7
112 43
112 16
112 3
112 44
112 32
93 45
93 5
57 7
57 46
57 17
2 47
2 48
24 5
24 49
24 50
24 41
24 51
24 52
24 29
56 38
56 53
154 45
219 54
219 6
106 55
106 17
53 56
139 52
139 57
58 40
58 58
118 17
118 10
8 59
8 60
8 61
8 5
8 62
8 63
8 44
8 20
8 31
8 13
8 64
8 43
8 65
8 66
8 17
8 67
8 68
8 69
8 22
8 41
8 70
37 71
37 72
37 37
37 73
37 74
37 75
37 45
37 60
37 76
37 77
37 78
37 79
37 9
37 80
37 81
37 1
37 39
37 82
37 83
37 17
37 84
37 85
37 49
37 62
37 41
37 86
37 87
37 88
37 89
141 61
11 45
11 90
11 91
11 48
11 92
11 93
11 94
11 95
11 44
11 96
90 11
90 97
90 96
90 6
39 81
39 98
39 61
39 5
39 40
39 99
39 43
39 37
39 68
39 44
39 71
149 69
149 100
102 92
102 101
102 102
102 103
243 104
12 20
176 28
214 64
130 105
130 6
130 49
130 106
122 17
16 59
16 107
16 108
16 87
16 92
16 109
16 110
16 111
16 43
16 112
16 113
16 81
16 96
16 75
17 59
17 114
17 37
17 48
17 100
17 115
17 57
17 24
17 3
17 116
17 117
17 5
17 69
17 6
17 64
17 65
17 118
17 8
17 10
17 81
17 38
17 26
17 119
17 39
17 120
17 45
17 121
17 105
17 122
17 16
17 113
17 123
17 49
17 42
17 92
17 124
17 88
17 125
17 66
17 126
244 127
239 113
85 37
103 128
103 129
158 43
217 13
49 37
49 40
49 130
49 100
49 115
49 17
49 24
173 6
234 109
234 44
54 101
54 54
54 131
54 99
54 42
245 39
92 11
92 132
92 16
92 17
92 102
92 133
134 134
33 135
86 37
65 8
65 17
246 64
125 17
22 136
22 20
22 6
22 124
22 9
22 137
31 69
31 14
31 43
31 78
31 0
31 44
31 31
247 59
248 17
215 99
91 138
91 80
227 5
52 59
52 1
52 26
52 5
52 107
52 101
52 52
52 53
52 6
52 139
52 64
52 20
52 112
52 37
52 68
52 24
52 140
52 41
52 39
52 89
249 141
250 142
251 47
104 143
47 20
47 144
47 8
47 145
47 2
64 146
64 82
64 42
64 64
64 147
64 69
64 29
231 148
100 109
100 17
100 149
100 69
100 49
100 57
100 44
100 56
32 59
32 52
32 112
252 52
252 150
224 5
142 142
142 130
3 61
3 6
3 135
3 64
3 112
3 66
190 84
190 151
96 11
96 1
96 16
96 17
96 152
96 80
74 37
116 6
116 17
45 59
45 26
45 61
45 52
45 6
45 104
45 25
45 72
45 37
45 153
45 44
45 154
253 8
185 110
254 11
55 155
55 8
55 156
193 7
77 157
77 61
77 5
77 37
77 77
43 38
43 158
43 146
43 159
43 6
43 155
43 16
43 46
43 61
43 89
43 31
196 1
196 99
196 6
255 90
220 61
220 5
220 29
15 63
15 121
15 48
180 61
79 68
79 6
79 37
10 160
109 59
1 81
1 61
1 69
1 52
1 6
1 161
1 37
1 90
256 29
162 31
162 3
162 61
162 162
162 0
257 163
202 164
202 165
170 99
170 41
170 6
82 166
82 37
83 77
83 61
83 37
83 68
0 5
0 162
0 71
0 0
0 31
167 167
167 43
167 61
167 5
46 60
46 5
46 43
46 57
46 22
46 9
258 87
258 168
183 59
183 24
183 169
80 91
80 37
80 6
6 22
6 52
6 3
6 116
6 45
6 60
6 77
6 99
6 147
6 80
6 1
6 170
6 151
6 171
6 17
6 172
6 173
6 40
6 174
6 54
6 42
6 69
6 152
259 59
28 175
28 176
28 30
28 37
260 52
192 43
192 52
192 0
137 22
261 17
98 177
98 105
98 163
61 109
61 1
61 45
61 162
61 61
61 101
61 165
61 141
61 157
61 178
61 43
61 115
61 37
61 77
61 179
61 180
61 31
61 8
61 9
61 5
145 47
211 20
40 181
40 58
40 112
40 6
40 49
23 166
23 50
23 72
23 5
23 146
42 60
42 182
42 69
42 54
42 6
42 13
42 64
42 147
42 112
42 17
42 41
51 48
51 92
51 99
51 20
51 183
51 24
51 66
51 140
110 184
110 185
110 16
110 3
110 66
110 9
87 87
87 112
87 16
87 37
240 107
240 26
240 25
200 105
67 8
88 8
88 37
88 17
126 17
66 61
66 5
66 8
66 41
66 186
66 51
66 110
66 16
66 17
66 69
66 66
262 53
127 5
59 109
59 71
59 41
59 43
59 32
59 183
59 8
59 52
59 187
59 115
71 59
71 81
71 5
71 168
71 52
71 0
71 37
63 15
63 8
63 188
143 189
263 6
84 190
84 37
84 31
222 107
115 59
115 61
115 17
264 59
265 6
266 191
267 167
267 8
267 64
153 45
73 57
73 37
73 39
268 192
268 17
268 5
140 7
140 107
140 52
140 26
140 83
138 5
138 91
60 46
60 60
60 6
60 37
76 37
7 26
7 48
7 193
7 41
7 7
7 194
7 57
7 112
7 195
182 11
99 108
99 38
99 39
99 51
99 6
99 196
99 16
99 101
269 197
226 5
68 107
68 26
68 39
68 41
68 83
68 25
68 43
68 20
68 93
68 113
68 68
68 73
68 8
68 198
128 105
78 64
78 37
78 31
270 31
38 1
38 43
38 52
38 121
271 121
238 121
233 8
14 31
14 199
14 2
14 8
14 48
105 98
105 52
105 128
105 64
105 130
105 20
105 200
105 174
105 41
272 86
272 149
273 176
274 8
210 43
210 20
210 5
275 201
164 61
164 202
34 203
34 9
181 40
276 102
169 183
168 71
70 62
70 5
232 204
199 14
20 146
20 48
20 205
20 206
20 72
20 140
20 116
20 93
20 147
20 68
20 8
20 207
20 12
20 208
20 151
20 209
20 210
20 211
20 40
20 44
20 51
20 22
20 212
20 31
277 213
278 214
41 45
41 71
41 8
41 52
41 7
41 25
41 112
41 37
41 166
41 66
29 175
108 215
108 16
146 166
146 69
146 23
146 64
279 110
89 37
157 216
157 77
209 20
205 22
280 115
178 131
178 61
13 8
13 217
13 83
13 48
218 218
97 90
281 47
117 5
117 17
282 219
166 23
166 146
75 113
75 1
75 5
75 37
75 220
283 64
107 107
107 221
107 52
107 16
107 222
107 68
107 223
107 70
107 140
9 34
9 61
9 17
9 48
9 43
9 0
9 64
9 46
9 37
9 22
5 17
5 157
5 52
5 224
5 24
5 225
5 71
5 117
5 5
5 106
5 6
5 93
5 138
5 64
5 43
5 226
5 68
5 8
5 81
5 1
5 39
5 99
5 83
5 0
5 167
5 46
5 209
5 210
5 113
5 211
5 223
5 227
5 61
5 101
5 70
5 41
5 228
5 66
5 127
236 26
136 46
221 107
69 146
69 229
69 149
69 48
69 87
69 230
69 42
69 6
69 151
69 100
69 66
69 8
69 31
159 11
159 43
284 231
191 52
204 232
147 64
147 42
147 6
147 125
285 233
194 7
225 5
286 61
286 37
179 68
179 61
287 213
237 105
133 59
133 92
133 39
44 59
44 11
44 162
44 61
44 39
44 211
44 36
44 8
44 100
44 226
44 194
44 234
288 235
187 59
187 37
289 41
81 1
81 71
81 52
81 37
81 17
81 39
81 5
216 157
26 45
26 25
26 105
26 52
26 26
26 104
26 7
26 106
26 184
26 112
26 17
26 236
26 68
26 237
26 73
26 41
26 140
119 17
132 64
132 92
177 177
290 101
30 28
121 50
121 238
121 17
121 38
151 69
151 54
151 6
151 151
151 20
151 190
131 178
150 150
113 5
113 77
113 191
113 16
113 17
113 68
113 239
113 127
223 184
223 107
223 26
223 240
223 136
291 42
172 6
123 17
36 68
292 210
152 6
293 44
294 52
155 55
295 204
295 60
295 8
228 17
228 31
25 45
25 213
25 50
25 41
25 42
25 26
25 105
25 240
25 37
25 68
124 22
124 17
230 69
230 184
230 39
296 17
195 7
62 8
62 37
62 183
62 14
174 166
174 6
198 68
101 61
101 5
101 52
101 214
101 176
101 99
101 241
101 54
101 102
