18 0
18 1
18 2
72 3
82 4
82 5
70 6
70 7
70 8
40 9
40 3
40 6
40 10
40 11
40 1
40 5
40 12
56 13
56 4
56 14
56 15
101 10
101 16
101 17
2 18
2 19
2 20
109 21
109 22
123 23
134 4
134 22
29 24
29 25
29 23
29 26
29 27
29 20
29 21
60 28
26 29
26 23
26 30
26 26
26 25
26 31
26 32
26 12
65 1
125 6
125 33
125 23
76 13
76 34
118 35
118 21
12 36
12 37
12 38
12 23
12 39
12 27
12 40
12 41
12 4
12 42
12 43
44 44
135 45
50 37
69 6
36 39
36 10
36 46
36 47
36 48
36 49
36 21
136 50
91 23
137 20
16 51
16 3
16 10
22 52
13 3
13 37
13 29
13 53
13 48
13 10
13 39
13 40
13 1
13 54
13 47
13 31
13 4
13 32
13 55
13 13
13 21
13 56
13 57
13 58
138 59
139 60
77 61
86 4
119 11
140 12
19 25
19 23
19 19
19 62
19 20
19 32
19 63
19 64
19 13
1 18
1 65
1 40
1 1
1 47
1 13
1 44
104 66
104 15
68 67
68 68
49 3
49 36
49 39
49 20
49 47
49 58
78 6
78 69
78 70
3 9
3 43
3 71
3 23
3 39
3 72
3 40
3 73
3 74
3 48
3 4
3 49
3 13
3 36
3 20
3 0
53 10
53 1
53 13
122 23
73 3
73 73
73 75
141 3
67 10
67 11
67 20
34 76
61 77
61 61
61 78
142 3
0 18
0 79
0 21
0 51
0 4
0 80
0 81
4 3
4 71
4 82
4 83
4 56
4 23
4 10
4 65
4 11
4 47
4 4
4 43
4 84
4 39
4 20
4 85
4 63
4 15
4 13
4 86
4 38
4 87
4 21
4 1
4 12
4 88
4 32
4 89
4 64
43 4
43 30
85 20
128 10
143 78
130 37
130 65
130 11
131 27
131 90
20 67
20 3
20 37
20 29
20 38
20 23
20 91
20 6
20 10
20 11
20 92
20 93
20 47
20 94
20 4
20 1
31 23
31 26
31 95
31 41
31 96
31 4
31 97
31 13
31 98
126 23
15 4
100 37
100 53
117 32
117 27
112 99
133 64
58 47
58 13
58 40
58 86
37 50
37 23
37 39
37 10
37 44
37 59
37 1
37 20
37 47
37 100
37 12
38 1
87 4
75 23
8 70
59 37
59 64
59 39
93 10
93 32
93 21
93 41
51 9
51 16
144 40
52 65
52 52
52 23
52 22
52 39
145 13
74 37
17 101
5 39
108 5
28 60
102 47
47 9
47 37
47 23
47 1
47 20
47 4
47 102
146 19
14 56
14 10
103 10
103 25
103 23
103 103
84 4
105 39
105 30
57 10
45 47
27 12
27 29
27 21
66 104
30 6
30 105
30 30
62 19
62 4
62 12
147 16
132 4
92 23
92 30
92 20
92 97
92 106
92 21
81 101
81 37
81 0
25 3
25 29
25 23
25 30
25 10
25 21
25 103
42 12
113 3
113 21
21 3
21 71
21 53
21 107
21 27
21 92
21 56
21 5
21 108
21 109
21 23
21 10
21 110
21 11
21 47
21 4
21 21
21 111
21 36
21 91
21 39
21 112
21 73
21 13
21 25
21 113
21 0
21 93
21 32
21 114
21 35
21 52
48 13
48 25
48 36
32 90
32 23
32 115
32 26
32 10
32 19
32 95
32 93
32 4
32 116
32 64
32 13
32 117
32 21
32 14
89 4
55 13
35 37
35 29
35 21
35 118
148 29
9 47
9 10
9 51
9 3
149 119
71 50
71 71
71 23
71 96
71 4
71 32
71 109
71 120
71 36
96 3
96 4
96 86
96 74
107 111
107 21
107 64
107 39
83 4
83 23
24 29
120 71
94 20
127 10
121 121
23 3
23 71
23 44
23 83
23 122
23 92
23 123
23 124
23 29
23 23
23 26
23 10
23 11
23 41
23 125
23 47
23 4
23 58
23 0
23 21
23 91
23 39
23 20
23 31
23 126
23 103
23 37
23 25
23 12
23 19
23 54
23 64
23 75
23 52
6 30
6 27
6 90
6 39
6 7
6 69
6 70
6 40
6 20
6 78
10 9
10 53
10 27
10 40
10 101
10 5
10 127
10 67
10 23
10 115
10 11
10 4
10 12
10 128
10 111
10 36
10 39
10 16
10 20
10 13
10 14
10 37
10 25
10 21
10 19
10 32
10 57
10 129
39 36
39 23
39 6
39 10
39 59
39 19
39 4
39 64
39 49
39 21
39 103
110 21
110 5
11 67
11 130
11 23
11 119
11 10
11 44
11 40
11 4
41 23
41 41
124 23
150 10
98 27
99 112
111 10
111 107
111 21
151 129
115 32
63 4
152 22
79 0
90 6
90 131
90 20
90 94
90 32
90 117
7 6
7 70
95 31
95 132
54 13
54 23
88 4
153 67
64 4
64 32
64 23
64 133
64 59
129 10
97 31
97 92
80 0
