188 0
188 1
188 2
188 3
188 4
185 5
185 6
185 7
185 8
185 9
185 10
185 11
185 12
13 13
13 14
149 15
149 14
355 16
355 17
20 18
20 19
20 15
20 20
20 21
20 22
20 3
20 23
20 24
20 0
20 25
20 26
20 27
20 28
20 29
20 30
21 31
21 15
21 32
21 33
21 20
21 34
21 35
21 0
21 36
21 37
21 38
21 39
21 40
21 41
21 29
21 14
140 4
140 42
361 18
361 15
112 14
270 43
362 44
220 45
85 22
85 46
85 47
363 48
135 49
135 50
135 14
39 6
39 21
39 51
39 39
39 52
39 53
39 54
252 29
252 55
147 18
147 14
147 56
147 57
147 22
147 58
364 38
365 59
108 14
212 60
212 27
200 61
200 62
233 63
24 7
24 32
24 33
24 64
24 15
24 26
24 65
24 66
24 52
24 29
24 54
366 67
269 29
367 68
69 69
69 18
69 70
69 71
69 40
69 11
69 29
208 72
208 22
208 73
208 0
208 74
208 75
327 40
327 76
316 66
123 77
123 14
368 78
279 52
279 68
279 79
157 52
157 80
148 14
369 81
369 82
369 28
227 40
227 33
227 83
227 79
198 33
198 14
334 84
47 34
47 85
47 86
7 66
7 33
7 87
7 37
7 26
7 88
7 40
7 89
7 90
7 91
370 92
145 14
129 93
129 14
321 0
321 17
321 94
321 45
68 33
68 95
68 96
68 55
68 97
68 14
68 98
68 52
68 99
91 40
91 64
91 29
91 100
184 101
184 92
184 15
184 102
184 77
184 29
76 103
76 104
283 64
283 10
131 27
131 14
303 33
106 105
106 15
106 106
106 107
14 18
14 19
14 108
14 109
14 66
14 27
14 110
14 111
14 61
14 13
14 112
14 113
14 26
14 86
14 0
14 114
14 115
14 14
14 116
14 77
14 41
14 117
14 118
14 119
14 97
14 120
14 33
14 121
14 96
14 122
14 123
14 124
14 125
14 42
14 126
14 127
14 128
14 12
14 129
14 130
14 131
14 132
14 133
14 55
14 25
14 134
14 135
14 136
14 137
14 138
14 35
14 139
14 140
14 32
14 87
14 22
14 71
14 141
14 142
14 143
14 144
14 145
14 95
14 102
14 146
14 147
14 148
14 11
14 68
14 75
14 149
58 52
58 150
371 14
292 105
292 17
313 71
313 14
313 151
120 117
120 61
120 14
56 117
56 152
346 153
179 154
179 155
179 156
179 0
332 150
276 5
276 9
80 18
80 157
80 20
80 158
80 74
80 51
35 21
35 32
134 14
34 5
34 19
34 66
34 47
34 21
34 159
175 18
175 40
175 11
319 125
8 160
8 58
8 161
8 10
8 162
37 21
37 95
37 33
37 163
37 164
244 165
244 166
244 29
244 167
15 168
15 18
15 169
15 170
15 171
15 106
15 14
15 77
15 33
15 20
15 21
15 172
15 26
15 29
15 63
15 173
15 25
15 24
15 151
15 22
15 28
15 149
357 174
372 113
372 175
373 87
255 29
128 33
128 56
128 3
128 176
128 96
128 95
128 14
128 40
128 58
128 52
101 19
101 33
101 92
101 64
101 136
101 77
101 104
70 69
70 14
360 52
177 177
177 22
177 74
177 29
177 33
286 178
286 88
155 179
155 180
155 181
187 32
187 182
187 29
187 163
187 54
374 168
209 168
209 22
209 183
209 25
11 184
11 18
11 7
11 33
11 4
11 185
11 29
11 159
11 186
11 38
11 14
11 77
11 40
11 11
11 39
54 93
54 187
54 29
54 54
54 39
275 40
275 52
275 33
275 26
26 188
26 15
26 189
26 24
26 190
26 0
26 191
26 14
26 192
26 33
26 56
26 193
26 124
26 38
26 125
26 29
26 63
26 166
26 194
26 167
26 195
26 40
2 196
2 3
2 96
2 25
2 146
2 197
2 11
375 198
375 134
375 75
376 2
122 14
6 22
6 25
6 53
6 150
6 199
62 200
48 194
48 86
166 201
166 29
166 28
139 82
139 202
139 203
139 14
272 144
272 52
272 29
272 33
272 4
238 204
87 192
87 7
87 33
87 56
87 136
87 205
87 9
87 14
87 206
87 86
22 168
22 18
22 15
22 207
22 0
22 14
22 53
22 208
22 33
22 20
22 209
22 29
22 6
22 85
22 173
22 39
22 162
22 22
22 3
22 17
22 147
22 40
22 11
183 209
93 18
93 5
93 20
93 93
93 11
93 100
93 44
195 210
195 167
297 33
50 1
377 211
60 27
60 212
378 213
46 214
46 215
114 186
114 14
114 26
239 216
239 52
118 14
341 177
341 189
341 33
196 18
196 14
379 21
74 168
74 208
74 33
74 71
74 217
74 80
74 193
74 198
74 14
74 218
74 52
74 107
74 84
331 219
190 82
190 29
190 26
190 190
45 220
350 18
25 168
25 18
25 57
25 84
25 26
25 0
25 14
25 77
25 221
25 20
25 209
25 96
25 158
25 222
25 29
25 25
25 223
25 33
25 71
25 224
25 225
25 56
186 11
249 23
165 226
83 227
141 180
141 228
141 14
141 42
141 229
141 29
380 96
381 130
72 230
72 33
102 130
102 10
102 119
308 56
308 75
308 33
271 39
309 33
168 33
168 22
168 231
168 0
168 25
168 209
168 40
109 14
382 51
305 33
27 38
27 7
27 232
27 14
27 212
27 0
27 233
27 79
27 55
27 234
27 235
27 65
27 27
27 151
27 77
27 29
27 236
27 44
383 152
132 54
132 14
59 33
31 21
152 18
152 152
152 66
152 33
152 20
152 56
152 144
152 68
152 14
152 40
152 52
152 29
152 75
152 237
384 14
385 212
329 69
329 40
329 52
172 15
204 238
42 141
42 29
42 140
42 14
386 21
386 46
387 18
49 82
49 135
216 52
216 239
90 7
203 33
203 21
203 56
203 55
203 0
203 240
203 186
203 241
203 139
203 242
170 15
167 33
167 3
167 107
167 243
167 244
167 151
167 29
167 175
167 86
322 245
388 191
389 246
348 65
284 29
284 10
126 14
126 55
44 247
44 27
44 55
23 18
23 32
23 20
23 61
23 248
23 249
23 29
390 33
1 188
1 42
391 15
392 77
392 56
324 89
288 66
73 57
104 101
104 250
237 251
237 59
237 139
110 29
110 14
241 18
241 203
174 193
174 63
393 98
36 21
36 29
159 11
159 34
159 193
29 18
29 19
29 15
29 192
29 57
29 252
29 253
29 71
29 96
29 69
29 24
29 150
29 0
29 189
29 191
29 174
29 166
29 77
29 254
29 41
29 255
29 86
29 5
29 236
29 152
29 33
29 20
29 21
29 16
29 64
29 61
29 193
29 158
29 256
29 257
29 51
29 258
29 234
29 26
29 29
29 27
29 38
29 153
29 105
29 23
29 259
29 260
29 63
29 42
29 261
29 55
29 177
29 173
29 25
29 135
29 262
29 151
29 263
29 107
29 264
29 47
29 7
29 190
29 32
29 194
29 87
29 22
29 3
29 141
29 17
29 265
29 167
29 266
29 267
29 244
29 268
29 269
29 40
29 28
29 54
29 91
248 191
130 14
130 151
394 53
43 230
43 117
43 29
43 270
395 52
97 97
97 68
97 14
194 54
194 193
194 55
281 162
224 25
142 271
142 14
144 74
144 152
144 272
161 18
161 8
161 32
161 26
161 77
161 273
396 40
30 20
300 33
397 29
397 158
274 193
274 274
274 33
398 275
5 18
5 5
5 276
5 185
5 107
5 29
63 77
63 277
63 38
63 63
38 18
38 259
38 33
38 63
38 21
38 28
38 142
38 26
38 0
38 38
38 79
38 40
38 11
38 44
38 29
38 52
38 278
79 279
399 74
100 93
100 91
400 52
400 250
133 71
133 46
133 14
401 2
401 44
261 92
55 119
55 33
55 68
55 3
55 0
55 102
55 14
55 32
55 11
55 278
55 104
55 194
402 202
402 14
403 280
162 22
162 33
162 281
211 46
181 7
181 216
181 151
181 282
181 82
181 68
143 52
143 14
10 185
10 283
10 107
10 284
10 102
10 285
178 286
404 287
151 52
151 14
151 181
9 200
9 87
9 12
9 185
251 237
228 216
228 0
228 52
228 141
282 107
41 14
41 32
41 33
41 4
41 21
41 57
41 41
41 29
263 187
263 29
86 47
86 15
86 33
86 87
86 64
86 24
86 167
86 174
86 223
86 20
86 29
86 54
86 86
405 288
405 2
406 20
406 14
256 77
98 68
98 289
290 290
290 52
12 168
12 210
12 17
12 14
105 291
105 29
105 106
105 292
105 33
259 293
259 265
259 21
259 17
259 38
259 14
259 29
214 46
407 60
407 294
117 43
117 56
117 187
117 295
117 129
117 14
117 296
408 297
409 97
95 14
95 33
95 71
95 17
95 51
95 57
95 68
95 128
197 2
19 15
19 20
19 34
19 64
19 101
19 280
19 14
19 234
19 29
247 74
247 63
247 14
247 44
280 19
280 6
315 71
318 0
410 29
278 33
278 298
278 261
278 55
278 0
278 38
278 299
33 18
33 178
33 15
33 219
33 66
33 57
33 300
33 301
33 302
33 275
33 303
33 24
33 304
33 0
33 305
33 273
33 14
33 254
33 58
33 41
33 59
33 86
33 5
33 152
33 306
33 33
33 20
33 21
33 56
33 64
33 96
33 193
33 307
33 256
33 74
33 38
33 26
33 278
33 29
33 187
33 101
33 210
33 297
33 274
33 55
33 227
33 198
33 25
33 97
33 262
33 308
33 223
33 28
33 11
33 136
33 162
33 47
33 7
33 119
33 272
33 116
33 309
33 71
33 203
33 52
33 167
33 72
33 95
33 37
33 22
33 40
33 310
33 311
33 68
33 75
230 6
230 158
267 71
267 52
96 2
96 33
96 288
96 68
96 136
96 128
96 14
96 29
96 75
234 234
234 77
234 17
234 27
306 33
333 193
107 5
107 10
107 107
235 4
235 27
138 14
311 33
71 69
71 47
71 312
71 152
71 33
71 313
71 207
71 267
71 314
71 74
71 25
71 95
71 14
71 151
71 315
71 40
71 52
71 29
231 74
287 15
411 56
411 250
250 250
66 257
66 33
66 288
66 316
66 24
66 250
66 14
66 40
66 128
359 52
113 47
113 14
113 113
113 314
113 61
113 85
113 0
113 39
113 45
180 141
180 155
180 317
171 218
193 219
193 33
193 29
193 159
193 26
193 74
193 240
193 274
193 174
193 98
193 77
193 52
193 68
193 194
0 188
0 15
0 141
0 27
0 4
0 113
0 228
0 318
0 14
0 77
0 119
0 192
0 196
0 33
0 20
0 21
0 124
0 29
0 130
0 208
0 246
0 55
0 25
0 135
0 151
0 116
0 319
0 47
0 87
0 22
0 203
0 17
0 320
0 195
0 268
0 321
0 237
88 257
88 286
116 64
116 33
116 14
245 40
245 213
245 218
245 322
245 243
182 19
182 187
266 266
266 33
266 55
266 107
266 29
266 44
412 33
413 14
242 203
414 47
64 18
64 101
64 32
64 33
64 283
64 288
64 28
64 323
64 64
64 24
64 68
64 27
64 40
64 52
64 29
64 12
64 86
415 52
158 29
158 33
125 319
125 26
125 14
337 32
337 9
89 324
89 7
163 325
163 37
232 14
302 33
302 55
416 14
201 18
201 166
262 18
262 33
262 262
262 10
262 326
262 117
262 29
262 194
137 14
417 286
17 210
17 208
17 4
17 0
17 17
17 55
17 173
17 74
17 95
17 299
17 40
17 29
17 12
298 2
298 43
298 187
298 26
298 86
298 161
298 278
268 192
268 0
268 29
268 20
40 188
40 66
40 26
40 33
40 20
40 327
40 21
40 328
40 329
40 38
40 29
40 128
40 330
40 227
40 7
40 3
40 17
40 144
40 40
40 11
40 71
40 91
3 188
3 33
3 20
3 22
3 167
3 74
3 234
3 40
3 29
285 10
285 283
219 331
150 332
150 158
150 55
150 213
150 58
150 29
150 162
4 0
4 11
4 333
4 140
4 272
84 40
84 208
84 334
136 33
136 87
136 96
136 14
136 52
136 75
273 213
273 26
273 161
418 152
221 328
221 335
221 270
124 0
124 14
124 26
419 18
260 33
420 227
420 11
213 192
213 82
213 29
213 250
82 32
82 33
82 291
82 181
82 0
82 81
82 213
349 61
349 65
32 185
32 24
32 14
32 273
32 41
32 208
32 21
32 64
32 307
32 336
32 337
32 29
32 161
32 129
32 23
32 35
32 135
32 116
32 117
32 82
32 338
32 156
32 339
32 187
32 17
32 102
32 213
32 28
32 91
352 18
421 20
236 29
236 27
218 0
218 52
218 275
111 64
111 9
111 14
115 52
115 14
57 33
57 147
57 74
57 144
57 25
57 95
57 223
57 58
57 29
189 18
189 340
189 61
189 26
189 57
189 77
189 29
189 341
199 280
342 342
307 85
307 33
51 32
51 189
51 340
51 343
51 344
51 345
51 95
51 39
51 25
226 165
127 14
206 87
153 153
153 346
153 173
153 174
153 29
153 83
154 179
223 25
223 33
314 347
314 22
314 71
314 113
225 25
330 40
65 18
65 33
65 24
65 348
65 57
65 52
65 99
65 349
18 18
18 15
18 192
18 189
18 241
18 262
18 5
18 196
18 152
18 33
18 20
18 38
18 26
18 29
18 161
18 69
18 23
18 350
18 351
18 201
18 65
18 151
18 175
18 352
18 22
18 93
18 11
18 28
422 353
207 22
207 71
207 29
207 274
258 29
258 28
358 136
423 54
77 18
77 101
77 57
77 63
77 287
77 170
77 193
77 256
77 48
77 14
77 234
77 11
77 139
77 161
254 18
254 33
254 29
254 174
254 254
254 28
53 6
119 193
119 14
119 33
192 0
192 213
192 33
192 26
424 158
16 16
16 354
16 355
61 356
61 52
61 193
304 33
356 61
340 189
340 51
121 66
121 140
121 14
121 161
296 287
425 102
425 79
426 29
426 55
427 83
173 153
173 22
173 52
173 17
173 15
299 20
299 278
310 33
310 44
210 210
210 17
210 12
291 82
343 51
176 128
52 357
52 358
52 24
52 228
52 58
52 239
52 33
52 56
52 64
52 61
52 193
52 329
52 38
52 290
52 6
52 359
52 360
52 173
52 151
52 71
52 216
52 267
52 218
52 52
52 68
52 75
325 187
28 166
75 208
75 152
75 33
75 96
75 74
75 14
75 308
75 52
75 75
75 272
