138 0
44 1
44 2
44 3
44 4
44 5
44 6
44 7
44 8
44 9
44 10
44 11
44 12
44 13
44 14
44 15
44 16
142 12
192 17
196 13
180 9
181 9
197 18
113 19
198 20
134 21
134 22
134 23
199 18
119 8
168 24
52 12
52 7
52 14
52 25
48 26
48 27
48 28
48 29
48 30
48 14
48 31
169 24
169 32
169 33
169 34
35 9
35 35
35 36
35 37
35 38
104 30
173 39
173 20
173 18
173 26
173 4
56 14
129 18
129 40
200 41
14 42
14 43
14 44
14 45
14 24
14 46
14 47
14 48
14 49
14 50
14 31
14 51
14 22
14 28
14 26
14 52
14 53
14 9
14 54
14 55
14 14
14 56
14 4
14 57
14 6
14 58
14 15
14 59
14 60
14 61
14 62
14 23
14 25
14 63
14 64
14 65
14 66
14 67
14 68
14 11
14 69
14 70
14 71
14 72
14 73
14 74
14 75
14 76
14 7
14 77
14 32
14 8
14 39
14 10
14 78
14 79
14 30
14 12
14 18
14 80
14 13
59 1
59 14
60 43
60 26
60 46
60 81
60 82
60 64
60 10
37 55
37 35
37 83
37 84
170 24
3 7
201 18
202 52
85 9
85 85
85 86
12 44
12 26
12 52
12 9
12 55
12 14
12 40
12 6
12 15
12 11
12 73
12 87
12 88
12 12
12 7
12 89
12 90
12 34
12 8
12 91
12 92
12 10
12 93
12 18
12 80
12 13
154 94
32 95
32 2
32 40
32 96
32 97
32 98
32 80
32 58
32 81
32 8
32 99
32 39
32 7
32 18
32 25
32 14
32 5
34 100
34 26
34 9
34 101
34 34
34 102
34 12
34 31
203 38
99 7
99 33
99 8
15 26
15 53
15 64
15 30
15 12
15 103
15 14
15 15
15 13
204 12
204 8
30 1
30 26
30 48
30 104
30 105
30 106
30 73
30 16
107 7
107 107
127 8
13 108
13 88
13 7
13 8
13 4
13 12
13 14
13 15
13 13
110 41
19 42
19 19
19 26
19 9
19 65
19 68
41 109
41 110
41 111
41 45
41 24
41 55
41 34
41 8
41 112
41 113
123 114
123 106
123 115
178 9
116 18
116 41
116 116
23 23
205 86
8 1
8 41
8 44
8 24
8 117
8 29
8 118
8 51
8 94
8 119
8 26
8 106
8 40
8 14
8 95
8 101
8 22
8 67
8 11
8 71
8 0
8 6
8 90
8 20
8 10
8 120
8 121
8 30
8 12
8 18
8 80
206 4
207 52
126 30
126 106
182 9
141 46
208 122
184 9
184 4
49 44
49 10
49 26
49 55
28 63
106 40
106 26
106 123
106 9
106 89
106 34
106 8
106 106
106 124
106 12
106 30
106 125
106 126
106 59
124 9
124 19
124 106
124 80
174 26
86 74
191 55
130 25
57 18
57 9
57 21
57 40
57 127
40 95
40 26
40 123
40 24
40 101
40 8
40 97
40 106
40 125
40 12
40 18
40 40
40 6
40 57
40 0
40 87
6 12
6 103
6 40
6 128
140 111
140 108
140 10
140 80
209 9
210 32
100 7
100 34
93 12
93 68
93 9
74 14
122 54
84 98
84 10
84 37
25 45
25 46
25 16
25 94
25 26
25 52
25 98
25 9
25 106
25 129
25 130
25 17
25 14
25 61
25 62
25 25
25 131
25 11
25 132
25 90
25 32
25 8
25 10
25 12
25 18
25 80
64 60
64 26
64 9
64 14
64 64
64 106
64 36
64 133
64 80
64 15
211 12
211 55
211 8
22 22
22 134
22 135
22 81
22 8
67 136
67 14
67 26
67 115
67 8
68 137
68 93
68 19
117 8
144 7
0 138
0 51
0 92
0 26
0 95
0 7
0 89
0 9
0 101
0 128
0 97
0 4
0 40
0 6
0 15
5 139
5 44
212 42
108 108
108 61
108 7
108 140
108 99
108 18
108 40
108 57
75 80
96 98
7 32
7 141
7 3
7 142
7 26
7 30
7 7
7 13
7 46
7 25
7 99
7 143
7 9
7 12
7 144
7 8
7 0
7 145
90 109
90 146
90 25
90 147
90 12
90 8
105 30
213 15
156 9
156 26
156 148
121 20
177 9
166 114
80 149
80 46
80 75
80 26
80 150
80 53
80 9
80 24
80 106
80 32
80 81
80 8
80 10
80 136
80 12
80 151
80 25
80 14
214 86
160 54
160 10
109 54
109 152
215 95
215 108
63 26
63 0
63 83
161 10
161 106
61 29
61 108
61 61
2 32
2 127
2 78
2 44
128 109
128 6
216 10
29 40
29 61
66 14
66 26
217 26
21 9
150 80
218 18
218 6
219 61
51 51
51 26
51 24
51 153
51 8
51 14
51 0
94 51
94 26
94 154
94 55
94 25
94 10
94 8
70 14
183 73
39 2
39 60
39 155
39 81
39 10
39 12
39 14
220 101
221 16
54 109
54 95
54 19
54 52
54 9
54 151
73 9
73 32
73 147
73 28
73 12
73 30
112 95
188 9
87 12
87 40
87 55
87 123
87 7
222 86
222 6
1 51
1 44
1 9
1 55
1 8
1 156
1 30
1 59
137 68
172 157
101 86
101 18
159 0
132 25
65 30
65 68
171 9
171 24
171 44
193 158
71 147
71 14
71 8
190 9
88 9
88 147
88 20
88 10
88 12
88 25
88 14
88 13
155 9
223 158
223 159
33 7
97 103
97 40
10 160
10 44
10 161
10 82
10 50
10 8
10 94
10 53
10 49
10 162
10 14
10 140
10 46
10 60
10 163
10 25
10 164
10 11
10 88
10 7
10 154
10 147
10 39
10 84
10 12
10 80
10 13
120 8
72 130
72 55
89 12
89 106
89 86
224 14
167 24
185 165
185 9
185 1
114 9
114 114
114 166
114 57
43 14
43 60
95 112
95 54
95 40
95 41
95 8
45 14
24 167
24 51
24 168
24 35
24 14
24 169
24 44
24 170
24 47
24 8
24 41
24 80
24 171
24 103
24 40
24 6
24 58
24 26
46 141
46 60
46 26
46 46
46 34
46 25
46 20
46 10
46 14
179 9
81 60
81 44
81 39
81 32
81 162
81 4
81 14
111 53
111 9
111 89
111 101
50 14
195 54
195 55
31 9
31 34
31 31
42 9
42 18
42 19
42 14
157 172
26 19
26 27
26 24
26 46
26 49
26 80
26 51
26 26
26 55
26 48
26 173
26 28
26 174
26 40
26 14
26 60
26 25
26 64
26 66
26 67
26 12
26 136
26 0
26 7
26 175
26 83
26 34
26 8
26 20
26 106
26 156
26 79
26 30
26 176
20 177
20 26
20 89
20 46
20 173
20 121
20 25
20 15
98 25
98 32
98 96
98 84
9 1
9 109
9 114
9 44
9 178
9 116
9 161
9 179
9 180
9 181
9 21
9 16
9 182
9 183
9 26
9 39
9 9
9 169
9 184
9 140
9 135
9 54
9 124
9 174
9 4
9 57
9 40
9 14
9 15
9 17
9 185
9 177
9 61
9 86
9 186
9 25
9 171
9 11
9 187
9 188
9 73
9 189
9 190
9 88
9 155
9 92
9 7
9 32
9 34
9 106
9 156
9 12
9 18
55 1
55 94
55 26
55 37
55 71
55 89
55 76
55 101
55 8
55 49
55 72
55 191
55 38
55 57
55 14
55 87
135 18
135 22
135 173
115 131
4 44
4 9
4 46
4 10
4 4
4 14
4 0
4 13
17 12
17 192
17 25
17 30
17 9
16 9
16 101
16 0
16 30
58 32
58 24
58 14
78 2
78 14
225 18
118 8
186 9
102 34
11 44
11 9
11 46
11 8
11 10
11 12
103 6
187 9
76 60
76 90
76 55
76 25
76 10
76 11
76 12
158 193
158 26
175 26
83 26
83 37
83 63
147 90
147 194
147 73
53 111
53 53
53 14
226 26
36 1
36 18
36 61
36 15
36 35
79 26
38 38
38 94
38 55
18 42
18 9
18 64
18 129
18 12
18 40
18 14
176 26
152 195
