49 0
49 1
49 2
219 3
219 4
160 5
130 6
130 7
210 8
220 8
220 9
221 10
222 11
90 5
90 12
90 13
90 14
90 15
90 2
90 16
90 17
90 18
90 19
90 20
90 9
90 21
90 8
90 22
90 23
25 24
25 25
25 26
28 27
28 8
28 11
28 28
28 29
179 30
43 31
43 32
43 33
43 34
43 35
43 36
43 37
43 8
43 38
40 39
40 40
198 24
31 41
31 42
31 22
31 43
31 44
138 45
223 26
47 46
224 3
1 24
1 2
1 47
1 6
1 26
1 46
1 45
1 7
1 48
1 49
69 50
29 24
29 28
225 42
225 21
225 51
225 52
144 45
189 53
100 41
100 54
100 35
27 42
27 55
27 56
27 15
27 34
27 0
27 57
27 58
27 59
27 28
27 60
226 61
171 62
171 7
171 63
171 64
61 55
61 65
61 46
61 66
61 67
186 68
186 55
76 66
227 22
73 69
73 8
73 3
73 70
73 11
20 13
20 71
65 72
65 73
143 45
66 74
66 61
66 75
66 33
66 76
66 17
66 35
66 77
66 78
66 36
66 79
66 80
66 81
66 82
66 83
66 84
66 85
203 26
200 34
200 69
200 2
204 86
204 22
204 27
161 35
214 22
140 45
183 87
183 33
183 34
16 88
16 89
16 13
16 90
16 7
164 91
228 92
17 68
17 93
17 90
17 66
50 94
50 95
50 69
50 96
50 20
50 97
229 22
0 98
0 90
0 49
0 26
230 99
135 8
159 69
159 11
159 2
159 9
139 7
139 34
139 45
85 66
85 85
54 100
102 101
102 102
102 68
101 68
231 22
232 76
34 4
34 43
34 103
34 104
34 36
34 45
34 52
34 27
34 105
149 106
107 107
107 108
107 109
107 68
107 78
107 88
107 33
107 9
107 110
107 73
107 111
107 112
107 84
107 113
201 2
78 24
78 55
78 35
78 88
78 114
78 8
80 33
80 64
211 115
30 116
30 4
30 117
30 34
30 0
30 118
30 119
30 120
30 58
30 2
233 27
234 75
82 6
82 121
82 122
82 45
82 33
176 123
176 124
166 52
19 90
13 88
13 20
13 90
13 16
235 22
199 24
199 2
199 98
188 45
32 43
216 22
236 107
237 83
168 125
168 126
142 127
238 128
239 30
46 61
46 46
46 99
46 58
46 47
46 44
46 52
113 107
113 129
36 103
36 34
36 45
36 33
36 66
36 68
74 68
74 8
74 66
116 116
116 22
75 88
75 130
75 131
75 66
75 7
103 82
103 103
103 6
103 26
103 60
103 58
103 132
103 3
103 133
103 22
240 134
45 24
45 135
45 136
45 137
45 138
45 6
45 34
45 139
45 1
45 45
45 140
45 36
45 141
45 59
45 142
45 143
45 144
45 145
45 82
45 127
118 146
118 147
118 65
118 118
118 30
215 22
37 148
14 90
14 122
14 51
127 142
127 149
3 24
3 148
3 136
3 150
3 6
3 1
3 151
3 33
3 152
3 8
3 3
3 40
147 118
105 34
105 3
105 0
23 153
23 90
94 7
94 94
241 154
11 155
11 82
11 48
11 28
11 91
11 156
11 35
11 24
11 25
11 157
11 7
11 9
11 44
11 52
11 68
11 158
11 22
11 159
11 2
197 24
197 157
197 26
6 103
6 6
6 130
6 34
6 1
6 68
6 3
5 90
5 160
193 117
35 11
35 2
35 26
35 78
35 58
35 43
35 161
35 100
35 162
35 163
242 164
41 31
41 24
41 100
41 165
41 58
41 3
243 74
67 34
67 136
67 166
67 163
205 87
205 167
125 168
177 169
177 170
177 66
162 39
64 171
64 14
64 117
64 58
64 80
64 30
64 64
209 8
126 168
126 172
57 27
244 26
99 46
131 98
81 38
81 66
52 173
52 11
52 174
52 46
52 175
52 67
52 8
52 34
52 166
206 7
182 33
182 22
133 33
133 107
133 3
133 90
133 103
124 176
150 3
12 122
173 91
173 52
4 8
4 34
4 43
4 174
96 50
194 117
245 90
246 3
151 151
141 45
141 78
247 40
190 59
248 80
249 55
145 82
145 45
250 33
38 106
38 55
38 43
170 177
170 43
44 31
44 30
44 46
44 178
44 80
44 179
44 180
251 107
251 129
252 27
253 22
174 4
174 52
254 40
148 37
218 112
255 136
33 107
33 181
33 43
33 130
33 34
33 46
33 58
33 36
33 80
33 182
33 183
256 184
71 15
71 20
71 22
71 90
71 24
68 185
68 186
68 11
68 15
68 68
15 187
15 35
15 71
93 73
63 22
257 188
146 38
258 22
178 44
259 33
260 26
53 189
53 75
123 20
92 92
196 184
59 11
59 2
59 190
59 45
59 191
59 89
59 192
59 27
167 20
163 35
163 67
55 186
55 55
55 78
55 2
55 106
136 24
136 3
136 136
136 67
117 155
117 193
117 11
117 194
117 30
132 103
132 195
60 103
95 68
95 50
106 38
106 66
119 30
184 196
24 24
24 11
24 197
24 198
24 21
24 136
24 1
24 45
24 29
24 41
24 25
24 68
24 3
24 48
2 11
2 199
2 2
2 103
2 200
2 90
2 34
2 35
2 1
2 201
2 58
2 59
2 192
2 25
2 30
2 54
2 8
2 55
156 11
26 42
26 43
26 103
26 21
26 35
26 1
26 202
26 58
26 33
26 203
26 158
26 26
18 18
18 25
261 2
86 204
262 83
104 3
87 167
87 183
87 205
7 171
7 11
7 75
7 16
7 139
7 206
9 11
9 9
9 90
9 159
114 93
120 20
120 30
213 69
213 167
213 118
84 107
84 66
263 207
264 66
265 208
56 56
56 27
187 69
202 26
58 2
58 103
58 26
58 35
58 46
58 58
58 41
58 30
58 111
58 22
58 27
58 64
115 34
115 8
266 47
62 171
8 107
8 4
8 209
8 55
8 135
8 78
8 52
8 90
8 210
8 28
8 73
8 43
8 8
8 3
8 84
8 211
8 2
175 212
175 52
42 131
42 26
42 27
42 117
42 81
155 117
267 213
268 39
109 107
91 164
79 66
48 1
21 42
21 26
21 187
21 22
21 181
108 107
22 214
22 116
22 215
22 47
22 165
22 21
22 216
22 46
22 45
22 204
22 212
22 217
22 182
22 3
22 63
269 54
112 74
112 218
