5 0
5 1
5 2
211 3
98 4
98 5
98 6
98 7
98 8
98 9
98 3
208 10
208 11
212 12
199 13
42 14
42 15
42 16
194 17
194 18
1 19
1 17
1 20
1 21
1 22
204 23
148 24
148 25
148 26
144 21
178 27
30 28
30 22
30 29
30 1
30 19
30 30
30 31
30 32
30 33
30 11
54 19
54 18
54 8
54 25
213 33
103 19
103 34
103 35
103 36
103 37
29 30
29 38
29 39
78 29
78 40
78 41
89 19
89 16
89 42
89 43
89 25
214 44
105 45
85 46
85 47
85 48
85 49
155 50
155 51
155 52
155 53
215 54
61 55
61 56
61 57
61 58
61 59
61 60
61 61
61 62
61 63
61 33
61 3
216 16
216 64
216 65
217 66
218 3
219 67
192 17
192 48
192 68
184 38
184 69
184 70
184 71
220 64
207 10
87 4
87 19
87 72
87 40
87 10
87 1
87 73
87 60
87 74
87 75
87 76
87 77
87 5
87 12
87 11
40 78
40 22
40 34
40 19
40 75
40 79
40 12
43 12
43 80
43 11
43 81
43 3
95 16
95 82
95 83
95 84
49 85
49 86
31 19
31 30
31 72
31 87
31 3
115 88
172 18
172 33
172 89
187 90
187 31
187 91
187 82
106 75
97 19
3 17
3 92
3 80
3 79
3 93
3 61
3 94
3 64
3 95
3 29
3 31
3 21
3 96
3 33
221 91
221 29
222 97
223 98
100 99
99 19
99 100
99 101
189 102
64 91
64 72
64 103
64 25
64 19
64 104
7 105
75 12
75 0
75 40
75 42
75 106
180 51
224 103
225 107
226 16
226 108
227 91
227 50
227 96
200 109
162 93
129 107
129 33
38 53
38 29
38 19
38 110
38 111
38 112
16 113
16 72
16 8
16 45
47 85
88 114
88 115
228 7
229 116
229 117
229 7
22 25
22 40
22 118
22 1
22 119
22 0
9 30
63 61
86 120
86 49
80 60
80 43
80 3
127 54
127 7
44 121
56 122
56 26
56 57
56 123
56 60
56 19
56 124
56 33
166 125
195 126
195 127
169 19
72 31
72 87
72 77
72 21
72 91
124 128
124 56
113 16
230 87
82 103
82 58
82 43
82 129
82 60
82 130
82 75
82 8
231 119
231 16
151 19
151 131
151 56
151 60
232 108
12 87
12 72
12 40
12 60
12 19
12 30
12 62
12 77
12 132
12 75
12 133
12 54
12 93
158 134
158 135
158 136
158 137
233 138
74 87
153 139
234 140
235 87
236 19
236 98
147 119
107 83
107 33
237 91
237 107
163 77
163 22
0 5
0 141
0 19
238 142
21 17
21 72
21 25
21 143
21 1
21 144
21 145
21 16
21 146
24 1
24 112
239 91
17 16
17 72
17 147
165 19
240 21
26 148
26 149
26 11
34 150
34 16
188 91
60 87
60 72
60 6
60 56
60 80
60 73
60 82
60 61
60 12
60 30
60 151
139 152
139 153
139 107
123 17
123 11
50 4
50 154
50 155
50 156
50 103
241 62
241 11
110 38
112 90
112 157
112 44
135 158
242 152
242 33
182 159
182 104
209 160
18 161
18 162
18 58
18 60
18 19
18 163
48 85
81 43
94 160
37 164
37 98
19 98
19 26
19 120
19 12
19 1
19 38
19 125
19 165
19 166
19 76
19 3
19 136
19 167
19 168
19 169
19 40
19 170
19 91
19 171
19 31
19 172
19 97
19 33
19 4
19 173
19 174
19 175
19 56
19 141
19 176
19 66
19 64
19 71
19 177
19 75
19 0
19 133
19 51
27 57
27 18
27 178
177 19
154 32
154 179
154 50
154 180
154 181
243 9
160 94
39 29
167 19
168 19
157 44
244 40
245 182
73 87
246 44
62 12
173 183
8 69
8 58
8 54
8 98
247 27
33 4
33 19
33 54
33 98
33 56
33 118
33 10
33 50
33 129
33 107
33 28
33 64
33 184
33 79
33 30
33 185
33 3
33 21
33 83
33 11
91 28
91 72
91 186
91 7
91 179
91 187
91 129
91 43
91 188
91 6
91 150
91 64
91 189
91 127
91 132
91 133
91 54
179 43
70 82
128 124
79 40
79 43
79 73
248 13
248 65
193 5
193 190
193 191
193 19
193 32
193 11
68 192
68 136
68 146
71 25
71 11
150 19
150 87
145 162
145 73
206 58
32 72
32 155
32 193
32 95
32 30
32 185
32 33
186 91
186 194
176 19
249 136
249 22
250 96
251 25
101 99
126 195
120 80
120 86
252 78
59 61
198 11
76 121
77 32
77 87
77 72
253 196
11 4
11 150
11 72
11 197
11 22
11 26
11 143
11 43
11 71
11 198
11 80
11 64
11 11
11 33
122 60
13 58
13 25
13 199
53 38
109 185
109 200
254 87
121 44
2 60
69 8
255 4
255 155
256 185
132 12
257 74
257 126
257 186
257 201
257 176
183 173
258 202
90 119
90 141
90 75
205 111
6 91
6 114
6 78
6 40
6 75
6 203
202 155
25 100
25 33
25 22
25 89
164 21
57 56
136 90
136 179
136 158
259 11
23 1
23 204
46 45
185 58
185 33
4 170
4 22
4 87
4 19
4 64
4 32
4 184
4 35
4 21
4 133
170 12
174 19
174 44
175 19
260 75
260 133
102 185
14 64
58 18
58 161
58 93
58 205
58 125
58 206
58 8
58 84
58 3
191 193
10 87
10 207
10 208
10 209
10 80
10 12
10 0
10 54
10 106
10 33
261 19
262 159
28 21
93 162
93 63
93 210
93 3
93 51
93 167
196 25
133 4
133 120
133 185
133 163
156 50
263 119
263 72
