531 0
197 1
197 2
197 3
54 4
330 5
330 6
330 7
330 8
532 9
275 10
533 11
534 12
14 13
14 14
183 15
117 16
117 17
117 18
117 19
117 20
117 21
117 22
117 23
117 24
117 25
117 26
249 27
249 28
249 29
113 30
113 31
113 32
113 18
113 19
113 33
113 34
113 35
113 36
113 37
113 38
113 39
113 40
113 41
113 42
113 43
113 44
113 45
113 46
113 47
113 48
113 49
113 50
113 51
113 52
113 53
113 54
113 20
113 55
113 56
113 57
113 58
113 59
113 60
113 61
113 62
113 63
113 64
113 65
113 66
113 67
113 68
113 69
113 70
113 71
113 15
113 72
113 0
113 73
113 21
113 74
113 75
113 76
113 77
113 78
113 79
113 80
113 81
113 82
113 9
113 83
113 26
113 16
113 84
113 85
113 86
113 87
113 88
113 89
113 90
113 91
113 92
113 93
113 94
113 95
113 96
113 97
113 98
113 99
113 100
113 101
47 102
47 103
47 104
47 105
47 60
47 90
47 29
47 79
47 106
47 107
47 108
332 109
50 18
535 110
55 111
55 112
55 74
55 67
55 113
55 110
55 114
281 103
281 110
61 115
61 74
61 116
536 58
336 117
336 0
336 118
336 119
336 26
537 120
314 121
538 113
189 122
189 41
189 123
189 124
240 125
240 9
240 126
240 127
240 128
539 27
512 60
512 129
142 130
142 131
142 72
142 103
142 96
142 123
142 132
142 133
142 134
142 135
142 29
142 136
142 137
142 138
142 77
142 139
142 140
142 141
142 91
142 142
142 143
171 144
171 6
171 145
171 146
171 147
171 148
155 16
155 149
155 150
155 151
155 152
155 9
155 153
155 154
155 155
155 156
178 148
178 157
178 139
178 158
335 159
166 160
166 30
166 103
166 25
230 81
230 103
230 60
230 41
230 79
230 130
230 161
230 162
230 91
230 114
284 103
540 60
540 163
541 134
231 164
231 130
25 165
25 166
25 19
25 167
25 59
25 60
25 168
25 169
439 170
145 171
470 60
542 60
172 134
172 172
172 173
172 174
403 109
205 79
205 19
306 175
306 176
543 177
543 103
544 39
237 178
237 113
237 3
237 19
237 179
237 180
237 181
237 182
237 41
237 183
237 184
237 112
237 60
237 185
237 72
237 79
237 24
237 96
237 186
237 124
237 68
327 187
327 44
327 19
327 6
327 162
255 87
255 148
255 188
255 189
255 190
56 191
56 56
500 192
500 193
545 194
2 13
2 2
2 195
405 196
405 159
218 79
527 197
527 12
546 136
546 198
546 199
258 16
455 120
352 200
352 9
476 201
547 66
103 159
103 202
103 203
103 204
103 185
103 137
103 205
103 103
103 20
103 206
103 62
103 207
103 208
103 209
103 210
103 158
103 96
103 124
103 26
103 166
103 41
103 181
103 211
103 212
103 27
103 148
102 124
277 213
277 109
436 153
436 214
72 18
72 19
72 145
72 203
72 11
72 215
72 90
72 137
72 130
72 216
72 57
72 140
72 217
72 218
72 219
72 119
72 72
72 220
72 66
72 79
72 142
72 221
72 154
72 83
72 16
72 150
72 222
72 93
72 212
72 24
72 96
72 148
72 223
136 16
136 81
136 19
136 179
136 20
136 224
136 57
136 74
136 225
136 79
136 207
136 82
136 9
136 226
136 114
401 227
548 13
203 16
203 165
203 111
203 19
203 6
203 134
203 228
203 222
203 59
203 60
203 66
203 34
203 109
203 72
203 9
203 44
203 201
203 114
58 53
58 139
58 220
58 229
58 203
58 119
58 230
58 195
58 62
58 79
58 24
58 113
58 231
58 91
549 232
41 157
41 31
41 39
41 15
41 59
41 45
41 96
41 29
41 79
41 113
41 154
41 60
269 91
146 24
550 13
12 20
12 9
12 233
12 211
12 124
282 234
282 110
451 215
182 13
182 235
206 60
206 236
206 222
206 103
206 41
184 60
184 237
551 178
126 238
126 121
126 239
126 220
126 240
126 241
126 79
126 9
256 16
217 242
217 16
217 243
217 217
217 57
413 244
413 192
552 72
221 72
161 9
161 245
161 237
161 230
28 246
28 247
28 19
28 203
28 248
28 135
28 29
28 137
28 249
28 250
28 157
28 115
28 68
28 16
28 139
28 142
28 28
28 124
28 178
28 123
28 212
28 27
28 148
28 251
376 194
376 252
376 124
16 19
16 159
16 140
16 203
16 253
16 254
16 118
16 41
16 113
16 157
16 81
16 255
16 57
16 134
16 256
16 257
16 220
16 21
16 210
16 74
16 258
16 79
16 142
16 9
16 28
16 83
16 232
16 259
16 6
16 123
16 260
16 180
16 109
16 72
16 96
16 261
16 148
16 91
243 217
553 122
553 255
553 87
553 72
553 41
92 262
92 238
92 120
92 263
92 264
92 203
92 265
92 266
92 267
92 15
92 8
92 113
92 268
92 215
92 68
92 162
84 123
91 159
91 269
91 172
91 113
91 44
91 270
91 271
91 272
91 273
91 59
91 60
91 68
91 274
91 210
91 267
91 66
91 142
91 275
91 9
91 124
91 0
91 192
91 276
91 6
91 277
91 123
91 42
91 278
297 279
110 280
110 281
110 60
110 67
110 124
110 282
311 259
311 199
311 190
311 4
311 27
311 283
200 284
554 6
293 118
293 103
293 220
293 20
293 87
293 130
293 74
293 188
293 62
293 93
293 72
293 11
293 27
293 140
293 285
293 114
233 113
233 286
555 130
435 192
435 18
435 214
341 287
224 288
100 260
100 19
100 220
100 96
100 123
100 222
100 188
100 289
100 113
100 287
100 142
100 290
100 44
100 136
273 60
273 79
556 269
557 130
62 291
62 19
62 292
62 58
62 215
62 293
62 29
62 113
62 46
62 279
62 294
62 81
62 206
62 60
62 268
62 74
62 188
62 96
62 79
62 124
62 162
62 242
62 112
62 92
62 295
62 27
62 136
62 296
62 297
342 158
70 159
15 60
15 175
15 298
15 103
15 41
15 299
15 181
15 300
15 82
15 301
15 92
15 278
15 43
15 2
15 7
15 113
15 9
15 268
15 302
15 91
15 68
303 303
303 59
359 124
359 304
529 6
124 19
124 305
124 242
124 41
124 130
124 306
124 81
124 307
124 103
124 190
124 141
124 60
124 62
124 217
124 68
124 308
124 309
124 79
124 9
124 285
124 87
124 222
124 22
124 27
124 148
124 302
124 91
232 310
99 220
99 171
99 276
99 24
99 19
558 301
176 60
88 113
88 228
431 96
431 134
431 311
431 144
212 79
212 103
356 222
428 51
487 6
487 216
487 79
487 257
487 11
487 142
559 80
472 265
472 267
121 20
121 312
121 241
121 126
121 313
121 79
121 299
121 314
289 289
289 134
4 27
4 181
196 34
157 16
157 315
157 220
157 216
157 57
157 316
157 242
157 41
157 317
157 29
157 79
157 9
157 245
157 154
157 136
157 83
157 162
271 9
271 233
479 27
479 318
216 19
216 220
216 190
216 241
216 123
216 127
216 79
216 72
216 319
216 155
216 157
216 320
344 24
344 321
560 194
169 192
169 247
169 322
169 173
169 60
169 15
169 25
308 125
308 122
308 251
308 132
308 27
308 323
308 91
160 160
160 154
160 137
160 110
39 102
39 103
39 324
39 41
39 79
39 227
39 11
39 113
7 109
561 115
111 246
111 81
111 325
111 273
111 76
111 106
111 9
111 148
80 60
80 113
80 26
562 99
562 326
562 215
393 44
425 119
85 113
563 255
96 16
96 154
96 177
96 327
96 179
96 328
96 321
96 62
96 48
96 301
96 134
96 29
96 79
96 109
96 130
96 106
96 43
96 237
96 19
96 91
96 114
302 60
339 220
339 159
339 329
339 330
339 176
339 123
339 185
339 109
339 113
339 331
339 332
339 49
159 244
159 19
159 70
159 58
159 215
159 333
159 157
159 190
159 60
159 320
159 219
159 220
159 334
159 158
159 79
159 162
159 335
159 6
159 72
159 27
159 148
159 91
159 223
118 210
118 336
118 337
90 113
90 76
90 132
90 83
90 198
564 142
375 318
46 154
505 301
505 114
565 155
127 338
127 92
127 210
127 57
45 79
45 19
566 19
244 122
244 44
567 339
568 0
569 306
377 340
377 18
132 20
132 11
132 229
132 74
132 142
427 283
427 173
158 0
158 341
158 207
158 159
158 89
158 288
158 134
158 142
158 72
158 342
365 192
365 343
365 344
365 345
365 109
365 346
365 153
365 347
365 68
9 348
9 12
9 299
9 203
9 82
9 41
9 130
9 113
9 201
9 155
9 114
9 349
9 220
9 20
9 60
9 350
9 271
9 39
9 15
9 24
9 351
9 240
9 352
9 79
9 163
9 161
9 9
9 245
9 124
9 162
9 16
9 72
9 111
9 276
9 129
9 241
9 32
9 109
9 95
9 278
9 353
9 136
9 91
9 321
107 81
107 47
107 132
107 215
107 257
107 27
107 148
107 251
107 308
570 83
150 287
150 58
150 188
411 9
449 20
234 240
234 354
234 123
234 210
234 216
234 135
234 29
234 143
234 318
234 285
234 308
222 60
222 72
222 134
222 20
222 203
222 202
222 206
222 0
222 92
222 41
222 355
222 356
222 130
222 44
222 284
222 124
499 357
499 265
499 192
571 182
77 113
77 142
367 60
367 358
367 213
367 296
321 359
321 360
321 344
321 24
321 9
321 361
321 47
321 362
321 162
3 278
3 68
572 10
31 60
10 119
10 19
10 104
10 182
10 91
10 185
10 275
10 65
10 363
10 162
573 60
573 201
573 188
34 81
34 32
34 19
34 202
34 203
34 364
34 57
34 62
34 96
34 60
34 113
34 365
34 79
34 278
34 44
34 279
34 162
574 366
574 182
530 96
426 367
443 368
443 123
443 58
443 142
443 24
443 148
443 124
226 136
417 41
417 29
417 130
417 369
279 370
279 62
279 371
575 129
57 16
57 34
57 20
57 123
57 96
57 137
57 113
57 157
285 372
285 41
285 29
285 79
285 27
285 9
299 121
299 115
299 19
299 220
299 190
299 55
299 60
299 62
299 79
299 373
299 130
299 133
299 9
299 374
299 205
318 16
318 17
318 148
318 130
318 375
576 72
191 56
140 132
140 188
140 79
140 142
140 140
140 48
194 376
419 6
11 280
11 155
11 377
11 162
76 111
76 378
76 90
76 210
577 60
577 3
578 379
579 171
579 155
26 16
26 6
26 103
26 202
26 100
26 380
26 287
26 83
26 381
26 233
26 43
26 137
26 382
26 113
26 44
26 162
26 358
26 124
26 110
181 60
181 15
181 18
181 103
181 383
181 47
181 384
181 272
181 242
181 4
181 24
181 82
181 171
181 358
181 237
454 120
580 92
337 118
301 280
301 136
301 199
143 20
143 190
143 188
24 18
24 187
24 229
24 181
24 59
24 60
24 41
24 95
24 9
24 385
24 114
24 199
27 247
27 60
27 29
27 148
27 285
27 162
97 113
97 209
141 124
141 220
486 272
223 130
223 154
223 159
223 137
223 72
262 16
262 18
262 19
262 260
262 60
262 79
262 113
247 27
247 169
247 20
247 28
247 190
202 222
202 18
202 103
202 220
202 123
202 119
202 79
202 94
202 72
202 157
202 386
35 51
253 16
253 220
185 10
185 12
185 103
185 203
185 211
185 184
185 109
185 130
185 13
185 19
581 387
44 388
44 19
44 203
44 37
44 44
44 389
44 327
44 300
44 60
44 134
44 390
44 162
44 391
44 15
44 188
44 392
44 393
44 26
44 0
44 259
44 85
44 112
44 92
44 128
209 113
209 394
209 103
424 395
48 19
48 220
48 188
48 278
48 396
48 271
366 60
300 15
300 397
59 187
59 166
59 398
59 276
59 206
59 75
59 305
59 27
59 68
59 24
59 91
59 113
59 95
59 19
59 399
59 25
59 327
355 400
355 222
355 6
355 267
227 39
227 401
164 231
109 402
109 339
109 19
109 81
109 265
109 16
109 267
109 79
109 185
109 274
109 172
109 403
109 7
109 96
109 13
109 332
109 404
109 225
219 16
219 29
219 15
219 373
219 220
219 159
219 299
219 104
219 130
219 109
219 134
219 257
219 79
219 142
219 72
219 405
219 406
351 394
351 220
351 26
418 220
418 407
418 130
418 19
418 408
21 124
316 13
316 93
404 109
582 324
583 96
361 409
361 201
340 377
340 410
584 4
518 60
518 20
518 18
518 26
585 6
112 60
112 55
112 79
112 103
13 182
13 197
13 119
13 14
251 81
251 28
251 157
30 113
30 68
586 201
18 0
18 212
18 411
18 181
18 412
18 413
18 177
18 29
18 414
18 415
18 203
18 113
18 79
18 124
18 99
18 87
19 10
19 54
19 159
19 70
19 203
19 215
19 117
19 41
19 287
19 29
19 20
19 137
19 416
19 113
19 44
19 417
19 81
19 154
19 188
19 190
19 255
19 100
19 59
19 60
19 134
19 319
19 45
19 67
19 257
19 122
19 198
19 220
19 418
19 419
19 158
19 27
19 79
19 142
19 420
19 241
19 28
19 124
19 16
19 421
19 102
19 422
19 123
19 324
19 112
19 216
19 423
19 109
19 72
19 96
19 231
19 320
19 91
19 25
369 417
119 424
119 425
119 276
119 159
119 119
119 298
119 143
119 382
119 248
119 44
119 28
119 142
587 41
42 113
42 18
42 91
106 60
106 134
106 96
106 148
106 47
106 114
248 119
248 426
248 124
248 6
177 60
177 39
177 79
177 103
177 188
201 18
201 220
201 159
201 359
201 203
201 427
201 41
201 361
201 124
362 83
51 16
51 31
51 220
51 35
51 428
51 210
51 113
1 197
490 123
490 148
490 220
134 429
134 19
134 159
134 119
134 289
134 5
134 106
134 44
134 201
134 114
134 190
134 60
134 358
134 79
134 142
134 430
134 16
134 263
134 179
134 228
134 222
134 431
134 109
134 148
268 15
268 276
268 432
268 433
268 59
268 62
268 72
268 136
268 93
8 434
8 8
214 192
214 435
214 436
199 123
199 132
199 285
199 93
199 79
199 94
199 363
588 60
188 100
188 132
188 188
188 79
188 143
188 218
115 187
115 437
115 299
115 210
115 427
115 5
115 79
115 72
115 28
276 248
276 268
276 119
165 25
589 411
241 216
241 126
241 121
241 19
590 100
591 142
592 103
151 74
151 124
151 60
151 134
151 142
151 13
151 155
151 363
32 161
32 9
32 207
32 438
447 20
593 157
324 39
36 113
440 257
594 439
129 440
135 148
135 72
135 159
173 60
173 441
416 130
456 409
595 197
596 58
193 357
597 136
64 19
64 299
64 203
64 60
64 113
64 44
207 214
207 442
207 103
207 181
207 32
207 74
207 436
207 60
207 61
207 257
207 206
207 443
207 84
207 215
207 136
207 68
207 356
67 19
67 104
67 55
67 248
67 113
67 367
67 110
395 248
144 444
53 113
53 58
467 445
354 148
598 182
396 48
599 446
313 121
600 53
601 49
421 173
407 85
87 113
87 18
20 121
20 447
20 19
20 117
20 135
20 29
20 403
20 130
20 113
20 190
20 216
20 55
20 217
20 448
20 199
20 158
20 449
20 79
20 171
20 450
20 143
20 72
20 148
20 136
346 265
128 240
128 44
128 220
602 91
603 449
604 130
605 68
38 113
215 72
215 19
215 29
215 451
215 162
215 188
215 62
215 79
215 257
215 130
215 203
215 113
215 83
215 107
215 124
215 225
29 19
29 58
29 215
29 289
29 41
29 29
29 130
29 249
29 417
29 114
29 81
29 107
29 60
29 62
29 219
29 139
29 220
29 27
29 79
29 154
29 285
29 109
29 96
29 148
606 136
187 452
187 63
187 453
187 59
187 27
187 115
607 29
608 411
507 344
504 103
609 296
120 210
120 454
120 60
120 455
120 163
120 83
17 117
17 318
610 130
494 126
494 210
611 68
409 122
409 456
409 123
409 158
409 361
409 457
163 76
163 9
325 111
154 19
154 36
154 293
154 4
154 137
154 130
154 157
154 20
154 59
154 134
154 139
154 198
154 220
154 79
154 142
154 9
154 154
154 16
154 458
154 72
154 148
154 223
612 459
613 9
0 425
0 19
0 222
0 387
0 460
0 269
0 44
0 113
0 18
0 158
0 91
0 26
389 461
264 60
63 187
394 351
68 16
68 154
68 123
68 462
68 287
68 130
68 237
68 124
93 339
93 53
93 199
93 229
93 463
93 464
93 60
93 113
274 92
274 192
274 91
457 16
457 154
457 198
457 465
457 180
457 134
457 79
457 3
457 26
457 363
457 158
457 466
489 136
489 79
445 237
445 467
204 103
204 188
370 62
43 113
43 134
43 15
43 273
43 26
614 334
615 120
386 202
386 110
307 188
307 109
307 318
307 215
491 135
491 28
147 171
147 192
175 306
175 468
616 469
616 231
616 42
493 470
288 26
74 81
74 471
74 199
74 151
74 29
74 136
74 55
74 210
74 310
74 337
74 60
74 41
74 62
74 79
74 130
74 106
74 162
74 99
74 47
74 285
74 232
267 434
267 472
267 109
617 130
83 16
83 92
83 148
83 103
83 190
83 120
83 132
83 215
83 289
83 90
83 110
83 79
83 72
83 113
83 186
83 157
83 326
83 195
83 26
149 155
618 248
123 151
123 19
123 159
123 202
123 278
123 58
123 215
123 5
123 473
123 474
123 237
123 216
123 446
123 57
123 59
123 60
123 62
123 140
123 68
123 199
123 220
123 84
123 79
123 142
123 28
123 162
123 16
123 475
123 298
123 234
123 228
123 181
123 96
123 13
619 115
619 199
94 113
94 94
261 91
495 79
101 476
101 113
492 26
620 198
225 237
446 472
446 220
446 330
446 123
446 119
446 476
446 142
446 113
446 477
621 443
98 19
305 72
287 280
287 309
287 265
287 316
287 158
287 478
287 26
137 201
137 479
137 154
137 103
137 216
137 57
137 79
137 117
137 78
137 480
137 143
137 72
137 9
137 28
137 148
137 142
137 3
137 223
137 137
130 481
130 10
130 19
130 299
130 203
130 215
130 242
130 41
130 135
130 29
130 130
130 473
130 416
130 482
130 81
130 237
130 20
130 408
130 59
130 483
130 60
130 62
130 318
130 68
130 139
130 220
130 418
130 9
130 155
130 154
130 484
130 162
130 16
130 263
130 185
130 222
130 230
130 257
130 290
130 13
130 231
130 148
130 223
473 19
473 263
473 130
473 473
133 299
153 402
153 192
153 127
153 92
153 485
153 109
153 155
153 336
469 12
78 113
78 278
78 212
78 137
315 157
398 59
272 134
272 486
272 181
408 408
408 418
622 49
331 117
331 176
331 222
331 60
320 142
357 12
382 119
364 225
364 34
210 16
210 51
210 298
210 103
210 220
210 81
210 20
210 266
210 76
210 293
210 79
210 148
210 91
623 225
79 487
79 262
79 121
79 19
79 159
79 229
79 488
79 203
79 58
79 215
79 29
79 137
79 130
79 473
79 113
79 44
79 196
79 201
79 489
79 45
79 237
79 103
79 190
79 20
79 372
79 273
79 490
79 59
79 60
79 299
79 62
79 491
79 319
79 169
79 140
79 218
79 492
79 219
79 120
79 493
79 199
79 220
79 210
79 494
79 188
79 79
79 142
79 9
79 285
79 154
79 83
79 232
79 16
79 468
79 241
79 123
79 148
79 216
79 109
79 72
79 96
79 495
79 457
79 251
79 91
254 16
420 197
420 19
162 215
162 416
162 44
162 157
162 114
162 81
162 237
162 496
162 59
162 60
162 497
162 26
162 404
162 199
162 220
162 407
162 79
162 11
162 82
162 9
162 155
162 498
162 124
162 162
162 259
162 102
162 123
162 230
162 92
162 93
162 109
162 367
162 91
162 321
192 214
192 7
192 277
192 347
192 499
192 413
192 500
192 434
192 501
192 109
192 502
192 274
192 169
192 153
192 270
192 91
192 435
179 134
179 135
179 97
179 130
179 181
167 25
624 132
625 503
625 79
625 504
278 505
278 18
278 327
278 134
278 3
278 41
278 135
278 15
278 319
278 82
278 9
278 154
278 136
278 91
228 15
228 506
228 215
228 134
228 113
228 13
228 49
236 206
442 207
391 162
510 156
626 78
474 60
458 118
458 44
458 154
458 416
252 376
373 60
373 350
373 426
350 9
350 373
350 26
627 507
627 158
280 301
280 55
280 37
280 287
280 28
198 57
198 427
198 90
198 79
198 283
198 457
508 6
628 185
628 34
629 27
82 51
82 97
82 15
82 114
82 508
82 377
82 43
82 204
82 60
82 113
82 509
82 95
82 181
82 171
82 9
82 154
82 136
82 83
82 26
630 148
630 18
631 439
156 510
156 155
397 300
298 68
632 79
211 185
211 18
211 103
633 232
634 60
634 72
441 511
95 113
95 9
95 24
95 59
385 142
385 6
450 20
450 512
450 513
450 426
450 117
125 134
125 79
429 134
429 7
444 144
444 83
488 74
433 81
635 142
116 60
116 55
5 123
5 265
5 332
5 446
501 192
636 182
637 19
638 46
49 242
49 113
81 177
81 19
81 203
81 29
81 311
81 81
81 103
81 458
81 126
81 514
81 68
81 308
81 220
81 132
81 74
81 76
81 79
81 9
81 107
81 323
81 285
81 16
81 6
81 109
81 148
384 181
384 24
372 285
195 83
60 515
60 32
60 177
60 19
60 446
60 119
60 266
60 215
60 293
60 4
60 29
60 7
60 44
60 474
60 18
60 46
60 237
60 47
60 283
60 516
60 114
60 201
60 517
60 220
60 366
60 106
60 184
60 285
60 60
60 62
60 414
60 64
60 207
60 331
60 195
60 39
60 120
60 24
60 432
60 265
60 15
60 80
60 158
60 76
60 512
60 79
60 142
60 82
60 9
60 124
60 162
60 518
60 0
60 411
60 41
60 176
60 228
60 222
60 230
60 112
60 173
60 22
60 93
60 519
60 72
60 181
60 96
60 148
60 302
60 91
60 101
639 72
319 0
319 19
319 6
319 190
319 241
319 520
319 188
319 60
319 278
319 79
319 220
319 514
319 363
65 113
208 19
139 178
139 159
139 220
139 123
139 29
139 130
139 148
406 219
312 299
640 216
641 87
245 157
245 124
642 280
122 327
122 255
122 112
122 293
122 248
122 19
238 92
238 521
259 16
259 0
259 201
259 117
259 137
259 44
259 154
263 92
263 130
263 473
168 359
168 203
168 6
168 25
422 32
104 47
89 113
89 360
89 18
89 83
89 225
643 15
521 158
644 72
148 58
148 242
148 135
148 29
148 137
148 130
148 248
148 81
148 154
148 103
148 190
148 20
148 490
148 124
148 68
148 178
148 209
148 354
148 188
148 171
148 28
148 83
148 16
148 289
148 87
148 216
148 72
148 27
148 148
296 0
296 103
296 445
296 193
296 158
296 220
296 68
296 26
452 187
292 62
329 70
37 96
37 113
37 103
37 156
40 74
40 432
242 148
242 157
242 130
434 8
250 74
250 137
645 113
283 21
283 148
283 26
523 400
114 103
114 24
114 522
114 9
114 136
114 162
190 16
190 247
190 103
190 157
190 20
190 216
190 433
190 173
190 134
190 135
190 143
190 311
190 319
190 148
190 124
438 24
646 13
646 3
646 12
482 130
483 130
400 255
400 523
647 41
363 457
363 62
363 199
363 91
648 103
648 162
220 151
220 19
220 159
220 202
220 446
220 253
220 293
220 29
220 130
220 44
220 201
220 47
220 48
220 114
220 294
220 81
220 157
220 100
220 229
220 273
220 60
220 134
220 524
220 140
220 232
220 257
220 199
220 418
220 132
220 74
220 525
220 79
220 142
220 9
220 162
220 16
220 150
220 123
220 51
220 128
220 141
220 25
73 143
265 339
265 472
265 499
265 92
265 60
265 287
265 365
265 526
265 109
265 153
265 8
649 130
498 527
498 79
498 162
650 522
6 528
6 19
6 6
6 203
6 405
6 529
6 530
6 60
6 278
6 355
6 62
6 43
6 72
6 11
6 171
6 9
6 79
6 237
6 136
6 385
6 26
343 365
343 72
