270 0
270 1
270 2
271 3
118 4
118 3
118 5
118 6
118 7
118 8
55 2
55 9
55 10
55 11
55 12
55 13
55 14
55 15
55 16
55 17
55 18
107 19
107 20
37 21
37 8
225 22
225 23
225 24
225 25
195 5
209 2
161 15
161 26
161 27
272 28
63 29
63 4
63 30
63 31
63 32
63 33
63 7
63 34
63 35
1 2
1 36
21 37
21 38
21 8
85 8
36 39
36 40
36 3
36 23
36 1
36 41
36 30
36 15
36 6
36 42
36 43
36 44
36 14
36 45
36 46
36 20
36 47
36 48
36 7
36 49
36 50
36 51
36 25
36 52
36 17
211 53
273 54
149 34
12 55
181 56
181 57
181 58
181 6
117 59
117 38
117 60
246 61
30 15
30 62
30 63
30 8
137 64
137 65
266 66
266 60
266 53
274 67
275 13
140 56
140 68
140 46
91 4
91 69
91 70
91 71
91 72
91 65
91 35
241 46
241 2
241 73
241 74
241 6
110 75
110 76
110 20
110 77
110 3
42 78
42 39
42 79
42 80
42 47
42 81
42 36
42 8
43 82
43 83
43 27
43 15
43 84
43 52
43 8
8 85
8 86
8 87
8 37
8 88
8 89
8 21
8 23
8 56
8 41
8 90
8 15
8 91
8 6
8 42
8 29
8 47
8 65
8 92
8 93
8 60
8 58
8 57
8 62
8 94
8 95
8 46
8 32
158 96
158 97
158 8
276 98
277 20
182 26
182 99
217 26
189 78
189 87
189 3
189 100
189 74
189 38
189 35
170 65
170 6
40 49
40 15
40 36
220 101
220 102
220 103
278 52
278 62
278 20
279 104
20 15
20 61
20 105
20 106
20 107
20 50
20 108
20 109
20 52
20 32
20 36
20 8
3 110
3 55
3 86
3 111
3 62
3 106
3 112
3 113
3 114
3 5
3 36
64 34
64 35
199 15
199 87
131 62
131 32
131 110
131 6
129 13
92 115
92 13
92 116
280 117
7 118
7 60
7 119
7 120
7 13
7 112
7 96
7 35
7 121
7 46
7 36
7 8
141 122
141 123
106 124
106 62
200 96
200 125
281 93
50 20
50 118
185 47
185 126
191 29
191 38
62 127
62 30
62 106
62 62
62 13
62 128
62 3
62 129
62 15
62 130
62 6
62 47
62 32
62 131
62 93
62 8
52 76
52 57
52 66
52 53
52 132
52 43
52 74
52 8
139 133
139 90
232 114
282 134
282 34
282 83
283 20
283 60
173 65
173 8
69 52
69 65
69 135
69 38
69 53
133 136
133 137
133 62
133 138
133 71
133 65
133 36
133 35
284 98
53 15
53 139
285 40
56 140
56 87
56 94
56 6
56 8
56 35
286 14
287 36
45 62
26 141
26 29
26 142
26 60
26 111
26 143
26 89
26 15
26 144
26 145
26 146
26 34
26 147
26 26
26 93
81 42
288 23
288 114
34 52
34 13
34 27
34 15
34 57
34 6
34 64
34 65
34 148
34 149
68 26
68 60
194 2
18 150
289 38
290 151
291 47
153 152
153 153
70 91
70 90
111 4
111 38
292 48
248 29
248 4
248 38
66 52
66 154
150 4
150 138
150 38
227 22
227 43
227 74
293 26
188 15
188 155
188 93
188 38
29 26
116 156
203 157
120 11
97 158
201 89
27 159
27 132
27 137
27 160
27 161
27 57
27 162
27 47
27 36
27 34
100 78
294 163
47 110
47 164
47 152
47 165
47 88
47 61
47 166
47 42
47 36
47 167
47 8
65 3
65 57
65 72
65 168
65 36
65 169
65 35
65 115
65 54
65 90
65 170
65 43
65 171
65 44
65 138
65 121
65 48
65 74
65 8
65 22
65 172
65 150
65 173
65 5
65 34
93 174
93 175
93 62
93 53
93 15
93 91
93 63
93 32
93 26
93 48
93 176
93 177
93 8
295 178
179 179
296 180
296 30
297 20
58 181
58 8
298 107
0 35
299 182
207 91
300 183
300 20
300 184
130 62
130 185
130 4
95 8
38 186
38 63
38 146
38 26
38 117
38 113
38 15
38 187
38 150
38 188
38 168
38 111
38 27
38 65
38 189
38 13
38 128
38 190
38 191
38 51
38 166
38 5
219 76
219 71
219 58
219 23
219 20
219 5
230 132
32 63
32 192
32 131
32 8
17 181
17 73
17 82
17 60
192 11
301 52
163 42
250 193
2 194
2 32
2 195
2 142
2 196
135 71
135 69
204 6
39 110
39 39
39 115
39 62
39 42
39 65
39 197
302 42
136 133
136 198
79 2
87 56
87 199
87 8
87 91
125 200
89 201
89 54
89 34
89 7
303 36
303 169
257 202
304 23
162 203
72 91
210 15
210 204
99 26
99 142
167 122
167 62
169 140
169 20
243 5
305 192
305 38
305 6
115 115
115 39
115 74
115 118
115 84
306 132
307 20
77 110
94 56
94 8
119 6
308 35
152 47
152 205
152 41
152 6
309 157
258 132
90 9
90 206
90 0
90 70
90 65
90 35
90 139
310 2
310 207
113 38
113 3
15 55
15 17
15 208
15 209
15 161
15 57
15 23
15 210
15 26
15 188
15 36
15 211
15 30
15 93
15 148
15 6
15 212
15 205
15 4
15 11
15 213
15 74
15 8
15 22
15 98
15 214
15 62
15 215
15 216
15 5
15 73
15 38
254 65
254 4
254 217
311 139
6 76
6 8
6 25
6 30
6 181
6 62
6 152
6 112
6 51
6 15
6 218
6 219
6 20
6 5
6 170
6 56
6 42
6 36
6 74
6 35
233 144
233 114
145 26
145 53
44 36
312 126
103 220
313 221
247 8
247 222
247 27
109 20
109 38
109 6
57 181
57 4
57 128
57 88
57 140
57 57
57 6
57 52
57 15
14 34
237 114
237 35
156 116
314 20
264 60
121 65
121 32
121 4
121 7
147 26
236 65
236 42
48 155
48 65
48 36
48 93
48 5
228 75
228 223
228 224
228 117
315 222
22 76
22 225
22 61
22 23
22 226
22 52
22 65
22 73
22 227
22 15
172 161
172 35
316 228
142 26
142 35
142 99
142 139
10 229
10 14
10 219
132 98
132 165
132 88
132 74
132 57
132 63
132 5
132 230
132 52
132 93
132 35
134 60
128 62
128 57
128 38
128 35
317 112
317 5
317 7
59 189
108 231
178 5
114 2
114 126
114 127
114 232
114 15
114 233
114 8
318 55
318 3
104 234
104 55
319 235
46 53
46 38
46 88
46 219
46 8
96 28
96 205
96 236
96 235
96 158
96 237
96 238
96 239
96 200
96 35
19 13
73 15
73 240
73 241
73 242
73 22
320 36
320 8
321 137
322 191
322 35
5 118
5 82
5 243
5 15
5 6
5 144
5 42
5 48
5 38
5 35
76 110
127 15
127 54
127 30
86 13
86 204
86 11
86 3
261 74
144 233
144 244
144 54
144 245
144 205
165 226
165 167
165 202
208 15
269 226
61 47
61 23
61 246
23 247
23 36
23 40
23 5
23 248
123 141
123 249
16 9
323 26
268 51
168 65
168 38
193 250
193 251
193 40
206 90
176 53
35 142
35 127
35 60
35 133
35 0
35 90
35 153
35 89
35 91
35 6
35 64
35 65
175 29
175 252
175 93
175 106
324 35
9 63
9 36
9 16
9 90
9 253
253 236
88 132
88 17
88 57
88 8
184 62
177 62
177 93
325 49
326 31
327 83
328 0
328 53
4 9
4 57
4 254
4 184
4 138
4 3
4 15
4 91
4 130
4 51
4 150
4 74
4 7
160 98
329 74
330 63
151 47
234 104
171 65
331 131
332 52
205 235
78 100
71 60
71 57
71 53
71 91
71 6
71 74
71 38
11 2
11 4
11 255
11 55
11 86
11 256
11 15
11 63
11 192
11 7
202 257
124 99
124 106
213 15
333 191
333 74
138 32
138 195
334 258
335 74
335 138
249 240
336 259
337 31
74 142
74 133
74 34
74 90
74 53
74 15
74 137
74 241
74 260
74 20
74 6
74 46
74 65
74 73
74 261
242 73
49 36
49 20
49 40
338 15
339 39
339 262
60 4
60 263
60 13
60 165
60 117
60 51
60 264
60 265
60 26
60 131
60 17
60 266
60 35
340 13
341 195
13 55
13 86
13 62
13 245
13 34
13 91
13 52
13 26
13 139
13 169
13 8
112 3
112 267
112 45
112 6
112 46
112 42
216 60
155 48
342 61
51 268
51 19
51 36
51 221
80 42
226 269
343 169
245 13
245 263
245 34
245 83
