61 0
61 1
61 2
61 3
384 4
122 5
122 6
122 7
122 2
122 8
122 9
122 1
122 10
122 11
122 12
122 13
122 3
122 14
122 15
122 16
122 17
122 18
122 19
122 20
122 21
122 22
416 23
263 24
263 25
263 26
263 27
263 28
263 11
263 29
116 30
116 31
116 32
116 33
374 34
417 35
417 12
417 3
418 36
105 32
105 37
105 38
105 4
105 30
105 39
105 40
92 41
92 42
92 43
177 44
177 8
177 45
177 46
177 47
177 48
177 49
177 31
177 13
177 50
177 51
177 11
177 52
177 53
177 54
293 55
293 56
419 18
0 57
0 44
0 58
0 59
0 60
0 61
0 62
0 63
0 64
0 65
0 6
0 66
0 12
0 67
0 38
0 39
0 68
0 69
0 70
0 71
0 72
295 73
295 74
197 18
143 75
179 44
179 2
179 76
179 77
179 78
179 79
179 8
179 80
179 72
179 81
317 31
226 82
226 83
123 44
123 73
182 44
182 84
182 76
182 85
182 46
182 86
182 18
182 87
420 88
67 57
67 89
67 2
41 33
41 90
41 91
41 92
41 22
41 83
41 93
41 27
41 58
41 94
41 29
41 70
421 95
421 83
422 8
423 63
257 18
328 36
328 96
328 8
328 97
255 98
202 12
202 99
202 3
202 100
387 28
193 1
193 32
193 37
193 101
193 30
193 102
403 4
424 103
425 104
426 105
426 106
350 107
350 37
350 108
350 4
350 109
350 72
350 69
43 36
43 92
43 110
43 111
43 49
43 96
43 39
354 8
207 112
289 113
236 76
236 114
236 110
236 115
236 97
236 8
236 30
268 60
268 116
427 117
331 118
45 119
45 120
45 121
45 65
45 122
45 123
45 39
45 7
45 29
45 124
45 11
45 33
45 31
45 125
45 69
45 44
45 90
45 126
45 127
45 73
45 128
45 57
45 1
45 32
45 47
45 12
45 129
45 8
45 30
45 130
45 131
96 1
96 119
96 121
96 94
96 132
96 133
96 4
96 134
96 39
96 135
96 136
96 137
135 30
135 8
135 96
15 5
15 122
15 26
230 11
230 121
151 138
23 139
23 89
23 140
23 141
319 67
75 142
75 143
168 76
206 144
206 53
206 29
206 145
206 146
169 76
428 147
429 148
430 44
356 47
138 33
138 149
138 142
138 49
138 150
138 151
138 152
334 45
334 153
431 36
64 154
64 38
64 0
64 130
64 29
64 155
432 110
381 63
381 35
381 48
381 156
381 28
381 87
381 157
381 110
44 158
44 159
44 154
44 160
44 161
44 162
44 45
44 163
44 96
44 164
44 13
44 165
44 39
44 68
44 166
44 70
44 58
44 36
44 167
44 168
44 114
44 38
44 169
44 170
44 11
44 33
44 31
44 171
44 172
44 173
44 174
44 69
44 175
44 176
44 41
44 25
44 177
44 24
44 43
44 46
44 73
44 121
44 88
44 0
44 178
44 44
44 1
44 179
44 72
44 32
44 76
44 37
44 110
44 47
44 180
44 3
44 181
44 8
44 182
44 30
44 18
44 130
44 183
49 2
49 184
49 47
49 27
49 33
49 150
49 185
49 11
131 0
131 30
131 13
131 76
131 45
71 45
71 39
81 90
81 2
81 60
81 11
81 3
81 186
81 81
275 187
313 188
12 44
12 154
12 114
12 35
12 189
12 4
12 33
12 13
12 14
12 190
12 0
12 191
12 29
78 192
78 177
78 179
78 11
218 35
229 193
229 30
229 142
433 115
36 44
36 154
36 8
36 32
36 43
36 194
36 195
36 39
36 196
345 17
345 39
434 94
232 32
63 1
63 72
124 18
124 197
124 121
435 198
435 199
351 72
174 30
174 39
174 44
436 0
437 0
437 176
437 200
437 30
438 11
439 80
439 201
439 48
152 175
100 110
100 202
100 29
212 5
212 203
212 112
212 77
212 204
440 205
440 206
327 139
327 39
399 33
142 138
142 34
142 111
142 33
142 207
142 29
304 18
304 76
89 1
89 208
89 23
89 159
89 209
89 77
89 66
89 8
89 210
89 67
5 211
5 15
5 212
5 91
441 43
441 163
441 4
164 44
164 1
164 213
164 114
164 162
164 45
164 110
164 73
164 164
164 214
164 13
164 126
164 198
164 30
164 39
164 130
164 215
164 196
216 216
265 159
265 145
222 33
222 38
298 217
233 1
415 198
442 150
259 62
38 121
38 162
38 4
38 164
38 218
38 39
38 68
38 38
38 11
38 33
38 105
38 219
38 44
38 25
38 8
38 54
38 64
38 73
38 220
38 221
38 0
38 222
38 215
38 223
38 58
38 110
38 200
38 3
38 195
38 30
38 18
38 130
38 40
276 31
276 195
276 48
337 204
139 25
139 224
139 225
139 226
139 131
139 22
146 144
443 227
113 7
113 12
113 2
113 228
113 229
389 198
208 89
301 230
406 1
406 73
406 190
406 30
406 18
406 130
406 215
88 44
355 34
355 107
102 193
102 30
102 1
444 0
363 231
445 113
30 121
30 162
30 45
30 164
30 39
30 232
30 229
30 167
30 233
30 49
30 114
30 193
30 38
30 234
30 116
30 29
30 33
30 223
30 174
30 69
30 105
30 235
30 236
30 237
30 46
30 73
30 215
30 70
30 238
30 44
30 1
30 32
30 239
30 37
30 200
30 240
30 172
30 129
30 8
30 184
30 30
30 18
30 241
30 130
30 40
191 12
191 44
40 242
40 121
40 32
40 101
158 240
158 3
158 243
9 244
9 130
9 32
9 106
9 45
9 245
9 73
9 11
156 5
156 113
140 246
246 140
246 11
340 1
340 130
340 11
70 44
70 18
446 247
144 206
386 248
447 249
353 32
73 154
73 121
73 45
73 250
73 74
73 164
73 68
73 70
73 11
73 8
73 14
73 251
73 44
73 1
73 179
73 2
73 76
73 110
73 130
73 77
73 195
73 30
73 161
448 58
412 62
47 44
47 177
47 36
47 2
47 252
47 23
47 237
47 154
47 4
47 31
47 190
47 39
47 29
47 1
449 253
449 83
449 96
117 58
117 41
377 7
126 254
126 155
450 39
315 205
315 3
161 18
161 34
161 24
161 100
161 31
98 162
98 1
98 110
98 255
98 23
253 0
253 39
253 256
253 94
95 18
95 257
95 76
154 258
154 6
154 2
154 259
154 260
154 185
154 261
154 262
451 263
147 110
147 264
147 11
452 265
250 92
250 73
453 0
390 33
325 39
454 29
455 163
352 18
352 76
332 266
332 195
329 16
456 267
281 25
281 110
281 11
281 13
281 188
281 72
281 178
60 39
60 268
60 81
82 83
82 269
82 226
82 14
82 18
82 22
127 14
127 73
46 44
46 270
46 62
46 41
46 159
46 11
46 230
46 27
46 71
46 1
405 130
220 44
220 33
220 271
220 154
220 121
220 38
220 56
220 1
220 12
220 130
457 161
397 177
458 44
79 11
112 33
112 39
112 272
112 212
112 48
238 30
238 28
238 130
238 3
395 33
339 1
339 273
278 274
278 39
278 68
278 83
278 27
52 58
52 177
52 69
52 11
459 275
195 240
195 39
195 8
195 276
51 277
51 177
51 121
51 194
51 96
51 11
51 39
51 7
51 48
136 83
136 96
262 154
262 142
262 29
176 44
176 278
460 1
460 89
460 279
25 44
25 1
25 280
25 281
25 110
25 4
25 139
25 263
25 39
378 41
378 237
29 154
29 91
29 45
29 58
29 230
29 28
29 97
29 7
29 29
29 282
29 38
29 283
29 284
29 11
29 16
29 174
29 105
29 113
29 41
29 90
29 242
29 64
29 73
29 100
29 44
29 12
29 32
29 285
29 110
29 142
29 129
29 130
29 286
29 262
461 287
462 78
462 32
463 162
225 139
11 119
11 61
11 120
11 121
11 147
11 45
11 35
11 4
11 28
11 39
11 34
11 7
11 29
11 68
11 38
11 234
11 78
11 33
11 281
11 6
11 270
11 118
11 13
11 46
11 73
11 220
11 30
11 222
11 44
11 1
11 179
11 2
11 170
11 110
11 159
11 56
11 288
11 52
11 49
11 3
11 195
11 51
11 18
11 289
11 22
11 81
272 39
357 2
464 33
54 38
349 72
375 290
211 5
211 46
314 285
314 45
314 68
303 83
303 18
303 94
303 4
320 291
382 292
56 220
56 293
56 73
56 11
133 294
133 254
133 96
171 44
74 295
18 296
18 253
18 121
18 45
18 35
18 297
18 96
18 4
18 122
18 190
18 257
18 298
18 299
18 300
18 124
18 33
18 31
18 70
18 118
18 301
18 73
18 302
18 59
18 0
18 94
18 1
18 2
18 303
18 76
18 32
18 110
18 47
18 304
18 305
18 182
18 30
18 161
18 131
286 286
22 306
22 82
22 119
22 170
22 32
22 1
22 45
22 110
22 163
22 13
22 127
22 11
22 33
22 28
22 14
22 139
22 18
22 41
22 83
22 131
22 307
388 33
119 39
119 1
119 308
119 11
91 44
91 38
91 309
91 310
91 8
322 121
280 39
465 44
35 12
35 311
35 312
35 9
35 106
35 121
35 33
35 2
187 275
466 77
467 60
188 281
188 29
188 313
468 46
68 138
68 253
68 314
68 126
68 170
68 287
68 38
68 315
68 73
68 49
68 291
68 14
68 195
68 39
68 0
68 18
68 72
68 316
68 254
362 279
391 33
391 62
391 126
10 122
10 1
10 13
10 163
10 178
31 44
31 1
31 297
31 2
31 154
31 45
31 47
31 163
31 317
31 83
31 40
31 276
31 318
31 319
31 60
31 161
31 116
291 320
213 164
402 31
402 168
221 43
221 38
221 2
338 33
338 120
338 73
338 122
338 321
338 0
370 322
370 26
370 250
370 16
370 89
370 53
370 323
239 58
239 30
198 164
469 16
172 44
172 172
470 219
296 58
296 115
24 324
24 12
24 191
24 263
24 161
24 33
200 30
200 115
200 32
471 89
163 269
163 281
163 45
163 110
163 83
163 73
163 161
163 22
115 296
115 63
115 200
39 176
39 106
39 45
39 163
39 164
39 28
39 190
39 232
39 325
39 38
39 280
39 326
39 11
39 33
39 31
39 105
39 25
39 60
39 43
39 266
39 121
39 302
39 295
39 222
39 327
39 32
39 47
39 13
39 48
39 240
39 3
39 195
39 30
39 18
39 71
472 163
245 322
324 24
473 33
473 76
16 328
16 241
16 121
16 29
16 33
16 329
16 4
16 330
474 13
474 28
258 49
118 331
118 18
118 219
118 50
266 39
266 332
393 33
475 333
476 155
37 58
37 176
37 193
37 105
37 30
477 118
240 39
240 4
478 1
153 334
153 1
479 164
480 8
234 190
234 11
209 1
4 44
4 254
4 121
4 38
4 47
4 96
4 183
4 33
4 335
4 39
4 0
4 18
4 11
4 98
4 29
4 105
4 292
155 33
155 63
155 11
155 336
155 155
481 337
482 30
210 89
6 0
6 39
6 11
90 33
90 45
224 24
224 45
224 110
224 83
224 11
224 14
224 190
224 18
224 139
93 41
93 69
93 129
111 33
111 43
111 80
111 338
302 339
243 55
243 158
243 11
243 184
394 62
1 154
1 61
1 121
1 162
1 45
1 22
1 209
1 27
1 122
1 216
1 190
1 263
1 39
1 7
1 340
1 29
1 341
1 342
1 193
1 232
1 63
1 83
1 10
1 33
1 31
1 67
1 343
1 344
1 210
1 125
1 138
1 44
1 25
1 1
1 46
1 73
1 89
1 4
1 215
1 102
1 57
1 164
1 2
1 339
1 47
1 48
1 8
1 30
1 18
1 153
1 130
1 38
1 71
1 98
194 51
194 36
194 13
336 155
3 345
3 346
3 230
3 347
3 348
3 7
3 131
3 238
380 55
380 254
380 308
72 44
72 1
72 174
72 154
72 76
72 41
72 281
72 333
72 110
72 68
72 349
72 111
72 33
72 350
72 171
72 351
72 0
72 241
72 130
72 63
84 352
84 182
145 13
145 206
203 149
203 328
203 261
203 212
359 12
359 115
359 110
65 327
65 280
65 184
65 114
65 27
65 2
65 0
368 215
483 45
483 48
86 18
287 76
287 298
373 310
408 114
104 285
83 30
83 33
83 44
83 76
83 121
294 159
294 133
294 88
101 193
101 125
101 40
125 1
125 353
125 107
125 32
125 101
316 34
316 68
8 91
8 9
8 121
8 45
8 164
8 61
8 328
8 114
8 38
8 234
8 174
8 44
8 73
8 354
8 223
8 1
8 89
8 254
8 32
8 47
8 236
8 30
8 72
8 40
484 111
330 322
330 121
330 27
330 33
330 16
330 355
2 95
2 45
2 35
2 4
2 39
2 70
2 345
2 11
2 33
2 356
2 113
2 357
2 73
2 221
2 59
2 76
2 47
2 129
2 30
2 18
2 67
2 81
76 44
76 358
76 95
76 300
76 169
76 83
76 96
76 4
76 33
76 30
76 2
76 304
76 8
76 0
76 18
76 287
76 71
76 298
110 162
110 359
110 164
110 28
110 39
110 360
110 246
110 29
110 344
110 155
110 58
110 38
110 11
110 33
110 174
110 69
110 361
110 118
110 25
110 236
110 224
110 55
110 43
110 0
110 100
110 44
110 1
110 37
110 48
110 195
110 30
110 18
110 130
485 45
249 33
279 362
231 363
231 161
231 364
486 15
150 138
13 35
13 122
13 187
13 8
13 39
13 29
13 10
13 11
13 213
13 60
13 50
13 338
13 178
13 44
13 164
13 267
13 285
13 37
13 48
13 49
13 318
13 195
13 184
13 161
97 30
97 45
97 236
190 197
190 282
190 215
190 190
190 234
282 190
166 44
341 1
53 33
53 277
53 365
53 206
487 317
284 29
348 348
348 366
348 3
348 69
348 18
261 203
361 110
269 82
269 224
488 219
14 44
14 307
14 76
14 224
14 82
14 127
14 163
14 122
14 14
14 18
14 68
14 22
215 44
215 1
215 114
215 367
215 164
215 230
215 368
215 190
215 30
215 39
215 130
215 369
489 345
223 38
223 8
170 44
170 130
170 22
170 68
170 121
285 110
285 104
285 13
285 29
367 215
189 12
490 62
321 72
181 44
129 162
129 164
129 2
129 69
129 44
491 4
17 1
17 345
17 24
17 121
17 58
17 33
17 81
241 33
241 370
241 16
241 133
492 162
312 28
312 110
371 371
493 118
162 44
162 1
162 45
162 372
162 96
162 164
162 123
162 129
162 130
410 62
27 49
27 1
27 159
27 330
310 33
310 373
310 374
186 45
290 375
494 107
283 29
283 121
55 121
55 4
160 44
69 376
69 62
69 110
69 93
69 52
69 33
69 30
69 0
69 18
69 7
34 121
34 377
34 72
237 30
237 47
237 378
237 101
308 13
308 379
308 380
87 381
87 303
87 96
87 182
94 95
94 303
94 300
94 96
94 18
94 39
94 71
292 12
292 382
292 4
107 125
107 130
107 32
107 8
495 24
48 1
48 2
48 147
48 110
48 39
48 112
50 147
50 118
137 96
409 215
409 114
297 31
297 47
297 18
121 383
121 45
121 35
121 384
121 209
121 96
121 4
121 164
121 230
121 190
121 39
121 68
121 385
121 322
121 124
121 11
121 33
121 294
121 386
121 69
121 273
121 8
121 55
121 220
121 30
121 112
121 215
121 330
121 57
121 12
121 170
121 40
121 126
121 51
121 18
121 323
28 312
28 387
28 46
28 22
28 11
28 33
28 14
28 140
28 263
28 381
28 166
28 29
496 44
496 18
307 14
33 388
33 24
33 312
33 154
33 91
33 121
33 203
33 35
33 389
33 135
33 12
33 230
33 115
33 310
33 390
33 0
33 39
33 7
33 29
33 217
33 155
33 49
33 391
33 53
33 38
33 106
33 83
33 10
33 374
33 11
33 42
33 16
33 45
33 172
33 70
33 44
33 90
33 184
33 62
33 177
33 301
33 392
33 17
33 2
33 393
33 394
33 222
33 72
33 94
33 249
33 395
33 1
33 396
33 397
33 32
33 170
33 398
33 110
33 133
33 142
33 78
33 4
33 3
33 181
33 399
33 30
33 18
33 241
33 130
400 400
497 386
404 316
498 5
499 147
499 276
500 174
254 8
254 32
254 110
254 56
254 133
254 401
254 126
254 68
184 65
159 44
159 265
159 402
159 76
159 55
159 73
159 49
159 89
159 116
501 78
288 44
288 403
502 76
130 121
130 162
130 45
130 164
130 97
130 387
130 38
130 69
130 404
130 64
130 405
130 406
130 73
130 44
130 1
130 130
130 107
130 32
130 110
130 8
130 30
130 18
130 72
183 4
183 3
183 378
183 27
306 22
106 39
106 35
503 14
503 183
26 377
26 407
26 370
504 47
58 296
58 41
58 32
58 239
58 37
58 38
58 17
58 105
214 164
214 154
7 33
7 113
7 289
7 377
7 45
167 39
167 24
167 73
505 45
114 44
114 1
114 270
114 408
114 11
114 164
114 236
114 45
114 30
114 316
114 215
114 409
300 18
244 175
506 374
157 38
219 49
219 118
219 38
219 96
62 394
62 1
62 391
62 55
62 46
62 410
62 4
62 33
62 30
62 411
62 39
62 0
62 345
62 330
62 69
62 412
62 413
507 273
508 78
401 41
401 254
401 16
509 328
510 122
32 253
32 9
32 45
32 74
32 164
32 230
32 13
32 39
32 232
32 29
32 116
32 33
32 125
32 105
32 414
32 415
32 94
32 44
32 254
32 76
32 200
32 40
32 3
32 126
32 353
32 30
32 18
32 22
149 138
149 34
511 61
512 58
42 92
42 64
