172 0
172 1
172 2
63 3
125 4
125 5
125 6
125 7
97 8
97 9
97 10
97 11
97 12
197 13
154 14
154 15
145 16
145 17
145 18
145 10
145 12
6 1
6 19
6 0
6 20
6 21
6 22
59 18
59 17
111 23
111 24
111 25
111 10
111 26
171 27
171 28
43 29
132 30
99 31
99 32
99 33
99 34
99 35
99 36
99 37
99 38
99 25
99 0
99 39
99 40
99 41
99 7
99 42
99 43
99 44
99 45
99 46
99 47
99 12
129 7
129 48
129 49
129 26
129 32
129 50
129 51
129 15
129 52
129 53
129 42
129 54
129 55
129 11
129 56
129 57
162 58
162 51
18 59
18 60
18 61
18 62
86 63
86 53
86 29
86 64
86 65
17 66
17 6
17 4
17 67
17 68
17 69
198 70
199 71
199 72
60 18
60 66
60 73
60 74
60 75
60 76
60 42
60 77
60 78
60 12
200 79
200 80
201 81
53 82
53 1
53 83
53 84
53 35
53 79
53 30
53 25
53 7
53 85
53 86
53 87
53 88
53 70
53 55
53 89
53 18
202 90
202 8
61 50
61 18
61 91
143 8
143 75
65 59
65 92
65 12
69 93
181 94
181 6
181 66
181 95
12 96
12 97
12 49
12 98
12 68
12 99
12 100
12 17
12 101
12 65
12 102
12 103
12 104
12 57
12 1
12 50
12 105
12 106
12 10
12 107
12 62
12 108
12 56
46 109
203 110
25 111
25 74
151 90
151 112
151 50
151 96
151 89
204 113
205 26
206 58
207 1
207 7
208 90
103 80
103 114
103 62
103 47
209 88
37 99
37 115
210 0
210 2
128 57
57 47
57 116
57 2
57 64
57 68
57 117
57 77
57 11
57 114
57 12
211 0
35 99
35 53
35 118
212 12
190 119
190 120
190 121
56 12
134 79
41 66
41 67
41 122
41 123
41 99
41 124
41 57
213 125
38 29
38 126
38 2
38 117
77 1
77 100
77 60
77 2
77 49
77 79
77 127
77 8
77 88
77 118
77 128
77 12
160 96
214 71
42 129
42 124
42 130
170 131
170 132
149 129
149 11
149 48
79 133
79 134
79 105
79 51
79 70
79 77
79 94
79 46
74 25
169 135
140 90
140 136
26 115
26 1
26 137
26 75
26 138
26 26
26 86
26 103
26 124
215 91
94 0
94 139
94 90
94 94
94 49
94 85
114 6
114 29
114 117
114 103
114 94
114 57
5 98
136 140
55 53
102 71
102 141
102 50
102 48
102 12
144 142
75 143
75 26
15 126
15 86
15 66
152 144
152 88
152 142
16 90
16 145
22 6
195 2
195 57
216 114
80 103
126 80
126 142
126 96
126 98
126 146
110 0
23 24
23 111
23 11
23 16
217 79
92 65
39 96
39 83
39 18
39 147
39 148
39 90
39 42
39 94
218 86
8 143
8 149
8 75
8 35
219 150
29 151
29 38
29 50
29 26
29 117
29 114
29 57
88 126
88 66
88 152
88 50
88 53
88 77
88 153
88 57
158 77
158 17
158 11
158 76
139 94
78 60
220 90
19 80
19 114
221 154
105 12
222 128
223 155
224 94
124 26
124 41
124 17
124 156
11 103
11 115
11 98
11 157
11 158
157 120
157 142
225 80
225 91
24 8
24 111
24 159
226 26
96 126
96 160
83 90
83 71
83 161
83 162
83 53
71 12
71 49
30 90
4 163
49 75
49 72
49 108
49 160
49 129
49 164
21 94
21 7
21 19
67 165
188 33
227 103
51 98
51 149
51 11
228 71
229 38
141 29
230 28
168 49
166 50
72 166
72 12
186 1
156 26
156 124
90 142
90 83
90 30
90 41
90 98
90 77
40 99
163 4
163 167
231 168
64 57
58 27
58 36
194 2
117 99
117 38
117 49
117 66
117 57
3 63
135 169
232 90
27 170
27 126
27 38
27 60
27 49
27 171
27 160
115 50
115 26
115 108
115 11
115 114
115 12
1 172
1 173
1 35
1 100
1 91
1 103
1 77
1 174
1 48
233 25
36 59
36 175
36 62
36 99
133 79
32 99
32 93
109 125
109 46
116 98
179 125
106 90
106 79
106 12
10 145
10 11
10 176
234 177
108 115
108 125
108 6
89 151
82 53
82 83
82 62
62 18
76 149
177 2
235 98
20 137
138 26
138 47
98 51
98 10
98 11
98 12
236 178
237 155
238 67
164 49
48 50
48 179
48 180
48 181
48 158
48 48
239 18
159 24
44 99
44 21
44 168
44 182
240 139
100 183
100 184
100 26
100 103
100 5
100 185
100 12
95 181
95 66
174 1
131 38
131 170
165 50
7 71
7 125
7 53
7 50
7 6
7 186
7 114
7 90
7 21
7 98
7 89
7 129
7 58
7 46
66 27
66 50
66 7
66 84
66 38
66 60
66 15
66 187
66 188
66 117
66 103
66 88
66 31
66 58
241 168
241 11
241 189
142 152
142 41
242 64
242 73
120 190
243 168
118 77
175 36
161 83
244 7
244 18
182 44
50 151
50 1
50 18
50 73
50 58
50 149
50 166
50 6
50 191
50 192
50 94
50 158
50 48
33 193
33 99
33 188
2 177
2 24
2 35
2 38
2 194
2 172
2 0
2 77
2 195
2 128
245 39
246 96
247 196
