564 0
192 1
192 2
192 3
192 4
192 5
192 6
192 7
192 8
192 9
192 10
192 11
192 12
192 13
192 14
192 15
192 16
192 17
192 18
376 19
177 20
177 21
177 22
177 23
177 24
177 25
177 26
191 27
191 28
191 29
191 30
191 31
191 32
191 33
191 34
191 35
191 36
191 37
191 38
191 39
191 0
191 40
191 16
191 41
565 42
321 27
321 43
321 29
321 44
321 45
321 46
321 47
321 48
321 49
78 50
78 51
341 52
341 53
341 54
341 55
341 56
242 57
242 9
309 58
566 41
567 59
567 60
428 61
428 62
428 44
428 63
568 6
272 64
272 65
272 66
67 67
544 68
544 69
569 70
43 33
43 71
43 72
43 73
43 14
43 74
43 10
43 75
43 76
43 77
43 78
43 44
43 79
43 9
43 66
43 25
43 19
43 80
43 54
43 65
43 81
43 82
43 27
43 83
43 84
43 85
43 86
43 87
43 88
43 53
43 18
520 89
570 90
551 91
458 92
458 93
166 79
166 53
166 82
166 94
346 95
189 70
189 2
189 3
189 66
189 9
189 96
189 97
189 54
189 37
189 98
189 99
189 34
543 100
543 41
162 101
162 102
162 73
162 103
162 104
162 105
162 9
162 106
162 107
162 108
162 109
162 37
162 26
162 110
162 111
507 54
571 9
572 112
250 27
250 113
250 114
250 54
250 115
250 41
182 62
182 116
573 117
573 118
573 119
573 120
573 121
573 122
573 123
573 124
175 94
175 125
175 126
574 127
575 4
314 128
368 129
391 9
404 130
74 43
74 131
74 4
74 132
74 133
74 134
74 135
74 96
74 86
74 136
74 54
74 137
74 138
74 14
74 110
74 139
492 140
378 141
378 142
52 143
296 10
296 144
296 54
296 145
147 25
147 146
147 147
308 148
535 96
535 149
535 56
28 96
28 150
213 151
403 152
403 153
196 20
196 1
196 154
196 155
196 156
196 26
196 100
196 41
576 157
221 6
577 37
8 44
8 158
8 159
8 9
116 112
116 139
116 145
116 160
116 161
109 162
180 33
180 22
180 163
180 4
180 164
180 150
180 10
180 165
180 166
180 53
180 167
180 55
457 165
199 156
421 0
421 168
539 169
539 154
65 20
65 170
65 171
65 172
65 43
65 173
65 174
65 175
65 176
65 177
65 178
65 66
65 27
65 179
65 54
65 142
65 26
65 180
65 25
65 34
65 181
173 65
464 54
578 73
435 182
435 183
435 94
579 184
86 43
86 70
86 2
86 74
86 89
86 84
86 75
86 76
86 185
580 186
37 43
37 187
37 188
37 132
37 89
37 164
37 105
37 151
37 2
37 41
37 189
37 137
37 65
37 53
37 162
37 190
496 48
496 110
16 191
16 192
216 193
216 133
216 194
216 195
1 26
1 127
1 196
1 37
1 192
217 96
217 32
217 197
217 3
217 6
581 198
582 50
156 54
156 199
218 102
137 44
137 200
137 62
137 201
137 96
137 202
137 39
137 147
366 203
521 204
293 205
396 86
396 94
396 3
396 0
396 9
460 53
460 41
512 94
462 39
462 83
583 206
132 33
132 187
132 142
132 207
132 208
132 37
132 77
132 209
132 210
271 6
261 211
151 212
151 213
465 214
300 215
300 73
241 33
241 208
584 216
585 26
340 217
586 20
102 43
102 53
102 218
504 54
532 71
587 83
587 215
587 55
104 43
104 113
104 207
104 9
104 219
104 54
104 76
104 53
104 215
105 27
105 162
105 220
588 82
339 27
339 43
339 70
339 221
339 222
339 223
339 25
339 39
339 14
339 127
301 224
301 11
301 10
301 84
301 62
301 99
301 225
27 188
27 226
27 227
27 6
27 191
27 62
27 121
27 228
27 44
27 79
27 229
27 215
27 84
27 87
27 115
27 230
27 180
27 25
27 231
27 64
27 146
27 178
27 232
27 233
27 54
27 105
27 65
27 100
27 234
27 7
27 43
27 14
27 235
27 236
27 208
27 237
27 53
57 231
57 14
57 188
57 238
57 239
57 240
57 230
57 241
57 242
57 127
57 243
311 234
311 243
311 37
480 244
480 94
480 149
480 32
480 96
480 14
589 6
590 245
423 3
423 168
11 118
11 217
11 155
11 7
11 246
11 247
11 124
11 101
11 83
11 215
591 248
184 32
184 19
113 225
113 10
113 249
113 44
113 250
113 251
113 252
113 104
113 253
113 9
113 232
113 254
113 162
113 53
113 167
113 102
558 62
558 226
349 130
349 3
18 29
18 44
18 255
18 164
18 256
18 257
18 66
18 10
18 192
18 41
85 130
85 171
85 43
85 44
85 9
85 84
85 208
85 75
85 258
411 259
411 71
592 249
593 76
505 32
505 54
431 44
431 260
594 130
211 261
211 262
211 263
426 44
595 264
536 13
29 130
29 154
29 149
29 265
29 266
29 191
29 84
29 26
29 37
29 99
29 267
29 234
29 92
29 96
29 18
596 84
412 14
332 76
332 268
332 104
332 111
223 62
223 83
223 269
223 270
31 27
31 3
31 4
31 32
31 271
31 257
31 9
31 191
31 54
31 36
31 162
31 49
31 272
31 273
136 207
597 205
598 73
599 169
2 192
2 73
2 94
2 160
2 6
2 274
2 62
2 76
2 275
2 118
2 46
2 220
2 96
2 276
2 127
2 155
2 80
2 224
2 152
2 54
2 277
2 278
2 30
2 145
2 4
2 32
2 86
2 237
2 40
600 279
135 62
232 27
232 33
232 280
232 113
232 154
232 149
232 164
232 169
232 281
232 53
232 282
601 17
359 155
602 53
82 43
82 283
82 284
82 207
82 285
82 9
82 10
82 62
82 54
210 286
432 44
432 287
486 288
33 289
33 73
33 10
33 39
33 51
33 77
33 215
33 187
33 79
33 132
33 9
33 102
33 149
33 254
33 17
33 232
33 290
33 291
33 248
33 292
33 191
33 14
33 251
33 154
33 87
33 53
205 293
205 294
205 36
205 295
205 164
22 180
22 23
10 33
10 188
10 73
10 10
10 62
10 26
10 75
10 296
10 297
10 277
10 298
10 167
10 115
10 299
10 300
10 301
10 127
10 282
10 302
10 198
10 70
10 31
10 155
10 230
10 178
10 50
10 54
10 166
10 82
10 41
10 43
10 45
10 251
10 113
10 303
10 304
10 114
10 305
10 40
10 14
10 306
239 57
292 33
292 20
292 307
292 34
292 91
292 17
292 308
58 96
58 309
138 75
77 33
77 43
77 132
77 96
77 54
77 310
77 77
243 311
361 14
234 198
234 170
234 70
234 131
234 312
234 154
234 118
234 207
234 62
234 6
234 274
234 313
234 11
234 314
234 315
234 100
234 53
234 308
234 215
234 96
234 18
118 130
118 316
118 2
118 9
118 317
118 11
118 54
118 41
47 188
47 196
47 318
47 319
47 320
47 266
47 237
47 54
47 321
47 121
47 206
47 82
603 322
604 323
605 176
605 4
605 9
276 324
276 2
0 70
0 44
0 73
0 303
0 25
0 115
0 237
0 26
198 10
198 96
198 234
198 224
198 6
399 9
64 27
64 118
64 217
64 155
64 324
64 6
64 208
64 121
64 142
64 237
64 307
64 111
606 325
19 184
19 43
185 3
185 207
185 25
185 326
185 76
185 18
478 327
478 204
478 328
478 298
478 164
478 195
478 9
478 84
478 62
478 277
478 40
270 223
270 66
34 2
34 154
34 54
34 189
34 292
34 65
186 329
186 186
186 14
186 253
186 25
206 47
206 330
206 73
379 184
379 52
379 143
207 331
207 324
207 10
207 219
207 62
207 215
207 44
207 154
207 132
207 167
207 96
207 136
207 63
207 104
207 54
207 166
207 65
207 111
207 41
207 57
207 32
207 53
207 15
207 273
454 174
526 332
526 146
463 333
607 136
608 334
381 27
381 145
381 335
381 215
381 234
381 82
381 216
240 4
560 257
306 10
306 82
306 306
348 27
348 3
348 132
348 185
348 9
348 336
348 337
73 33
73 219
73 238
73 26
73 76
73 225
73 249
73 154
73 84
73 300
73 20
73 64
73 2
73 255
73 193
73 185
73 178
73 202
73 54
73 27
73 130
73 117
73 62
73 194
73 338
609 339
21 21
21 177
21 37
610 340
56 341
56 54
51 33
51 342
51 343
51 54
51 78
51 41
440 96
440 10
440 2
440 54
440 41
249 27
249 249
249 131
249 113
249 344
249 152
249 62
249 345
249 325
249 278
249 167
134 25
134 44
134 188
134 83
158 96
158 8
95 346
60 337
255 347
255 188
255 73
255 348
255 32
255 349
255 96
255 203
255 350
255 76
255 65
255 162
255 351
517 352
546 208
546 265
17 33
17 192
17 94
17 330
17 350
17 75
17 187
17 132
17 353
17 127
17 354
17 255
17 133
17 292
17 65
17 81
17 355
17 113
17 32
17 356
17 349
17 37
17 352
290 33
290 341
290 150
290 26
290 55
290 215
290 357
202 25
202 73
202 137
473 25
473 84
91 292
91 188
91 280
91 101
312 162
312 288
312 188
312 154
611 4
545 358
251 70
251 159
251 113
251 73
251 254
251 222
251 147
251 10
251 176
251 99
251 292
251 225
251 215
251 302
382 127
382 353
288 249
288 312
288 353
288 256
288 359
288 360
229 170
229 62
229 164
229 53
444 102
38 130
281 10
281 232
14 43
14 70
14 268
14 73
14 10
14 247
14 339
14 215
14 361
414 189
414 362
414 26
72 43
72 104
612 156
280 232
280 71
280 99
613 96
469 13
201 14
614 363
305 59
305 127
305 14
305 54
305 10
615 162
616 198
99 29
99 251
99 364
99 177
99 365
99 274
99 62
99 54
450 70
450 37
511 337
416 188
524 25
617 366
90 367
90 19
129 368
129 369
324 283
324 52
324 207
324 370
324 64
324 371
324 176
324 276
159 372
159 373
429 321
429 44
155 27
155 64
155 2
155 11
155 26
155 359
155 0
317 118
317 130
317 18
317 99
557 198
557 130
557 6
277 1
277 131
277 113
277 155
277 9
277 10
277 234
277 2
277 26
277 311
277 374
375 375
618 96
338 73
303 70
303 44
303 309
303 85
303 376
303 96
303 82
441 170
441 47
128 314
142 33
142 96
142 377
142 132
142 378
142 10
142 26
142 12
142 6
237 20
237 29
237 2
237 79
237 47
237 64
237 220
237 6
237 360
237 54
237 55
237 189
237 0
237 14
143 379
143 154
143 164
143 71
143 232
143 380
143 381
619 73
363 96
363 10
363 26
363 191
363 363
353 64
353 94
353 382
353 89
353 353
353 17
353 54
353 36
620 234
621 175
76 188
76 3
76 217
76 383
76 384
76 26
76 36
76 39
76 255
76 154
76 332
76 9
76 96
76 25
76 2
76 199
76 104
76 202
76 385
76 162
76 43
76 148
76 86
76 325
215 289
215 217
215 6
215 11
215 121
215 98
215 386
215 225
215 173
215 7
215 9
215 300
215 387
215 388
215 67
215 27
215 364
215 389
215 104
215 253
215 54
215 55
215 65
215 234
215 390
215 167
215 20
215 251
215 4
215 14
24 156
212 309
9 33
9 391
9 289
9 3
9 392
9 215
9 320
9 393
9 57
9 238
9 394
9 218
9 395
9 225
9 396
9 44
9 84
9 118
9 8
9 220
9 96
9 151
9 158
9 176
9 146
9 397
9 70
9 2
9 255
9 31
9 193
9 104
9 398
9 100
9 82
9 41
9 399
9 130
9 400
9 157
9 401
9 42
9 15
9 92
622 188
436 2
623 402
125 175
149 229
149 29
133 391
133 111
152 403
187 132
187 154
187 37
187 292
624 32
625 381
625 404
626 84
405 405
20 130
20 2
20 196
20 73
20 154
20 406
20 228
20 178
20 34
20 381
20 62
20 349
20 237
20 6
20 215
20 397
347 169
347 256
627 14
171 65
171 85
171 407
310 63
94 63
94 84
94 79
94 96
94 408
94 166
94 76
94 409
256 96
256 71
256 410
256 411
256 412
256 132
256 288
256 256
256 347
256 25
256 54
256 39
256 76
256 361
628 170
114 10
114 250
326 326
629 334
325 217
325 102
630 4
188 115
188 44
188 413
188 414
188 415
188 7
188 66
188 10
188 54
188 75
188 416
188 337
188 162
188 14
188 215
188 388
188 41
3 71
3 188
3 217
3 6
3 76
3 140
3 412
3 9
3 96
3 0
3 127
3 198
3 185
3 237
3 54
3 189
3 234
3 167
3 41
3 27
3 14
3 32
3 381
3 53
3 349
320 96
320 0
320 53
320 417
238 57
238 54
238 418
238 73
238 9
631 256
225 73
225 113
225 252
225 251
225 62
225 127
225 352
632 419
92 420
633 177
168 421
168 422
168 423
168 424
44 425
44 426
44 8
44 62
44 99
44 321
44 209
44 228
44 427
44 134
44 9
44 96
44 0
44 428
44 27
44 43
44 429
44 54
44 430
44 137
44 431
44 20
44 130
44 207
44 32
44 432
44 6
44 263
44 433
44 352
44 18
634 404
635 421
470 321
470 130
513 360
513 41
84 434
84 27
84 71
84 63
84 435
84 43
84 185
84 85
84 96
84 86
84 329
84 36
84 142
84 76
84 49
84 436
495 282
360 237
360 288
547 265
636 70
637 94
522 43
522 248
522 204
638 10
148 437
148 438
248 9
477 253
278 33
278 250
278 2
278 439
278 97
278 54
278 91
278 440
400 319
400 177
400 36
400 6
639 441
252 113
640 442
304 10
304 443
304 444
108 76
108 162
108 445
641 112
556 187
323 251
170 446
170 108
170 176
170 75
170 441
356 395
642 427
48 115
48 447
48 302
227 27
227 169
120 309
120 207
120 155
120 9
120 11
120 40
120 228
643 111
395 9
111 448
111 133
111 17
111 97
111 189
111 162
111 9
377 142
141 29
455 76
455 330
455 130
475 120
475 169
161 449
161 265
161 296
388 388
70 71
70 14
70 450
70 251
70 25
70 185
70 79
70 451
70 9
70 10
70 86
70 234
70 54
70 101
70 115
70 339
70 452
644 10
139 27
139 33
139 453
174 25
174 454
174 162
174 224
174 364
645 116
645 323
420 232
420 92
420 3
420 455
420 456
357 457
357 458
357 154
482 32
482 459
646 41
647 288
648 291
649 127
494 76
494 115
494 36
494 41
101 66
650 460
425 44
425 110
425 342
425 357
289 33
289 215
651 73
506 164
506 54
506 441
121 47
121 64
39 130
39 448
39 355
39 259
39 32
39 256
39 96
39 54
39 461
39 303
39 462
39 181
386 96
481 32
652 41
653 154
333 463
328 37
66 59
66 10
66 70
66 188
66 37
66 275
66 118
66 270
66 464
66 11
66 208
66 101
66 272
331 452
331 31
331 207
548 352
176 251
176 9
176 96
176 65
176 315
176 352
315 176
315 188
214 465
313 130
313 14
529 466
529 467
529 94
329 232
329 186
329 468
329 84
126 175
195 256
195 204
195 216
178 27
178 76
13 469
13 192
13 373
534 96
534 26
81 43
81 154
81 66
81 54
81 14
81 349
515 237
515 137
515 440
413 6
130 393
130 73
130 470
130 74
130 274
130 26
130 99
130 39
130 29
130 44
130 455
130 9
130 96
130 2
130 317
130 54
130 100
130 181
130 41
130 20
130 203
130 38
130 349
448 39
448 381
654 50
655 142
656 471
208 27
208 255
208 132
208 85
208 8
208 10
208 472
208 137
208 209
208 260
433 96
433 205
433 44
83 43
83 154
83 356
83 376
83 134
83 96
83 319
83 11
83 473
83 0
83 76
83 53
83 110
657 371
657 255
658 9
342 425
342 54
342 133
342 167
659 9
660 474
258 85
661 2
259 39
259 71
662 32
663 177
451 70
451 79
319 47
319 83
362 118
362 215
362 243
362 424
362 414
299 96
299 10
299 402
260 202
260 44
260 208
260 431
664 71
665 54
335 475
402 476
253 43
253 165
253 6
253 97
253 62
253 477
253 53
253 282
666 0
666 478
667 14
668 63
669 156
167 249
167 3
167 73
167 440
167 32
167 342
167 17
167 54
167 36
167 237
167 173
163 180
163 169
15 9
32 33
32 188
32 3
32 217
32 160
32 6
32 156
32 39
32 440
32 215
32 264
32 44
32 412
32 25
32 479
32 127
32 255
32 31
32 185
32 480
32 104
32 17
32 54
32 166
32 91
32 481
32 366
32 41
32 27
32 162
32 345
32 482
32 164
32 142
32 237
32 53
79 27
79 33
79 483
79 94
79 74
79 294
79 451
79 114
79 43
79 10
79 484
79 485
79 87
79 169
79 166
79 230
79 381
79 53
79 456
670 319
671 132
472 127
472 4
410 486
410 487
410 314
410 455
530 149
527 20
527 96
527 268
527 93
672 47
468 329
468 96
468 62
468 84
283 324
49 193
49 307
49 84
49 54
49 321
49 176
49 374
107 162
107 26
62 73
62 468
62 6
62 191
62 26
62 99
62 76
62 49
62 154
62 229
62 223
62 96
62 25
62 241
62 428
62 198
62 70
62 2
62 19
62 149
62 155
62 135
62 54
62 13
62 137
62 20
62 10
62 478
62 113
62 89
62 37
62 427
62 240
62 40
62 53
518 488
518 100
75 488
75 85
75 159
75 251
75 416
75 324
75 17
75 96
75 57
75 350
75 10
75 76
75 489
75 111
673 104
209 132
209 234
209 44
209 208
209 31
131 29
131 131
131 400
131 217
131 249
131 96
131 408
131 18
131 36
131 234
131 277
45 10
45 54
45 490
181 130
181 200
181 9
181 10
181 165
181 115
181 462
438 148
438 355
295 205
295 491
295 295
140 492
115 10
115 70
115 480
115 255
115 493
115 48
115 250
115 34
115 21
115 97
115 263
115 494
115 180
115 220
674 495
302 496
675 497
676 144
364 31
364 99
157 157
254 33
254 498
254 251
254 406
254 113
294 0
294 205
294 169
294 25
247 11
247 14
247 69
247 499
54 363
54 71
54 341
54 3
54 73
54 353
54 500
54 501
54 48
54 342
54 6
54 10
54 120
54 62
54 2
54 305
54 296
54 39
54 76
54 440
54 78
54 17
54 29
54 44
54 278
54 411
54 167
54 154
54 298
54 47
54 130
54 9
54 96
54 115
54 502
54 146
54 407
54 282
54 347
54 215
54 156
54 503
54 504
54 294
54 104
54 253
54 505
54 464
54 144
54 234
54 54
54 189
54 162
54 506
54 390
54 82
54 507
54 41
54 27
54 43
54 83
54 45
54 355
54 207
54 32
54 256
54 147
54 230
54 508
54 509
54 510
54 237
54 53
337 511
197 59
197 217
197 273
41 33
41 188
41 3
41 226
41 10
41 26
41 296
41 51
41 100
41 460
41 512
41 234
41 154
41 513
41 9
41 96
41 514
41 198
41 279
41 63
41 31
41 266
41 50
41 247
41 54
41 277
41 162
41 339
41 111
41 515
41 41
41 250
41 458
41 164
41 37
41 124
41 82
41 18
355 96
355 132
355 17
355 54
355 79
407 171
533 516
533 32
533 228
533 373
150 204
150 383
150 266
150 96
150 290
150 180
150 82
6 27
6 44
6 188
6 196
6 154
6 517
6 221
6 117
6 14
6 202
6 475
6 96
6 62
6 2
6 54
6 518
6 9
6 237
6 339
6 406
6 519
246 76
203 185
203 307
88 348
88 155
88 43
88 84
35 191
35 348
35 215
35 9
89 520
89 71
89 86
89 37
89 353
677 154
394 17
204 521
204 94
204 522
204 330
204 195
204 54
204 472
204 523
678 282
679 84
445 4
367 90
380 143
380 66
267 29
680 151
453 54
681 66
23 219
25 185
25 294
25 371
25 473
25 76
25 65
25 524
25 525
165 180
165 457
146 27
146 147
146 84
146 54
146 9
146 526
183 435
682 188
231 244
231 341
231 3
231 253
231 256
231 57
231 62
231 166
231 237
231 41
231 53
231 183
231 424
266 47
266 288
266 26
266 378
50 2
291 283
291 110
291 280
190 37
30 76
93 458
93 383
93 256
93 527
117 366
117 528
683 26
684 31
466 529
466 530
466 185
466 75
466 65
466 531
87 193
87 43
87 53
685 132
685 54
40 10
40 62
40 23
40 40
40 2
110 74
110 372
110 104
110 160
110 162
110 83
110 110
110 302
273 197
273 31
71 43
71 70
71 3
71 411
71 532
71 259
71 294
71 256
71 84
71 54
71 303
226 237
226 318
226 37
344 249
344 9
476 402
686 321
307 64
307 192
307 324
307 220
307 305
307 292
307 49
408 169
408 73
371 324
46 130
540 63
499 247
687 10
373 533
373 159
373 13
220 2
220 533
220 105
220 9
220 96
220 54
220 100
96 468
96 363
96 71
96 58
96 3
96 94
96 500
96 217
96 320
96 201
96 68
96 6
96 156
96 62
96 36
96 386
96 39
96 76
96 534
96 535
96 249
96 44
96 298
96 23
96 451
96 355
96 220
96 25
96 169
96 180
96 457
96 388
96 198
96 2
96 31
96 536
96 537
96 300
96 538
96 189
96 100
96 242
96 456
96 188
96 357
96 280
96 14
96 400
96 4
96 235
96 303
96 256
96 150
96 304
96 93
96 208
96 263
96 494
96 142
96 65
96 53
688 329
688 249
169 53
169 58
169 539
26 1
26 391
26 73
26 330
26 307
26 10
26 107
26 62
26 92
26 29
26 196
26 442
26 0
26 457
26 534
26 155
26 266
26 290
26 162
26 100
26 41
26 130
26 458
26 113
26 142
26 38
230 27
230 130
230 79
230 310
230 154
230 10
230 11
230 54
230 12
230 7
230 41
387 192
127 1
127 279
127 3
127 43
127 32
127 331
127 256
127 10
127 53
689 251
437 308
63 231
63 94
63 310
63 320
63 428
63 540
63 41
471 113
401 63
401 9
224 10
224 198
224 174
224 6
690 10
690 541
514 53
691 542
100 280
100 117
100 9
100 26
100 142
100 543
100 162
100 234
100 41
692 282
69 544
693 207
145 44
145 54
145 116
145 296
358 132
358 188
358 545
358 25
164 229
164 32
164 506
164 232
164 169
164 254
164 215
164 18
694 49
694 45
694 154
694 4
694 9
695 76
695 240
193 9
193 452
265 161
265 29
265 255
265 546
265 26
265 36
265 143
265 547
265 323
53 33
53 3
53 62
53 75
53 79
53 112
53 223
53 96
53 0
53 495
53 127
53 198
53 2
53 149
53 253
53 54
53 166
53 41
53 43
53 207
53 303
53 32
53 87
352 29
352 400
352 517
352 270
352 176
352 88
352 169
352 548
351 96
351 86
351 549
354 252
354 17
275 2
275 7
275 154
5 192
696 194
449 161
330 20
330 550
330 204
330 551
330 26
330 39
330 0
491 295
274 234
274 2
36 530
36 34
36 57
36 62
36 162
36 339
36 9
36 96
36 84
36 127
36 70
36 43
36 552
36 234
36 54
36 12
36 65
36 81
36 167
36 41
36 191
36 400
36 4
36 85
36 203
36 494
36 37
36 265
36 553
697 130
297 10
297 54
452 193
452 100
452 4
452 230
154 188
154 554
154 555
154 205
154 34
154 10
154 62
154 76
154 81
154 409
154 73
154 427
154 134
154 96
154 556
154 176
154 275
154 230
154 63
154 157
154 536
154 232
154 152
154 131
154 54
154 534
154 312
154 390
154 557
154 41
154 20
154 458
154 113
154 207
154 558
154 6
154 142
154 187
154 53
154 143
298 10
427 332
427 62
427 44
427 54
442 559
442 196
447 48
459 21
59 197
59 305
59 7
59 66
698 311
61 428
179 94
257 560
257 18
430 44
390 53
390 54
7 11
7 265
7 196
7 230
434 560
699 41
4 96
4 70
4 2
4 3
4 4
4 472
4 561
4 9
4 6
4 156
4 240
4 277
4 41
4 562
4 26
4 100
4 49
4 180
4 92
4 36
563 153
563 402
153 563
153 400
