342 0
304 1
304 2
404 3
611 4
611 5
477 6
477 7
376 8
376 9
7 10
7 11
7 12
7 13
7 14
7 15
7 16
7 0
7 17
7 18
7 19
7 20
7 21
7 22
7 23
7 24
7 25
7 26
7 27
7 28
7 29
7 30
7 31
7 32
7 1
7 33
7 34
7 35
7 4
612 36
461 37
440 23
440 38
139 39
139 40
139 41
139 42
139 43
139 44
139 45
139 46
139 23
139 47
139 48
139 49
139 50
139 51
139 52
107 53
31 54
31 55
31 56
31 57
31 58
31 59
31 60
31 61
427 62
427 23
613 63
306 1
306 49
306 64
306 65
306 39
465 1
465 66
465 67
614 14
614 68
615 23
419 69
419 60
328 48
328 70
434 17
113 10
113 71
616 72
5 73
95 74
95 37
95 75
95 76
95 24
95 48
95 77
95 14
95 78
95 21
95 79
95 0
95 80
95 81
95 82
95 83
95 63
95 84
95 85
95 86
95 73
95 87
95 88
95 89
95 71
95 90
95 42
95 57
95 91
95 92
95 93
95 53
95 94
95 72
95 95
95 61
95 70
95 96
95 97
95 62
95 98
95 47
95 60
95 99
95 100
251 101
617 95
617 102
389 87
389 57
103 103
103 87
53 37
53 63
53 104
53 105
53 106
53 107
53 73
53 108
53 109
53 110
53 71
53 111
53 112
53 113
53 114
53 115
53 116
53 117
53 95
53 94
53 118
53 119
53 98
53 120
133 121
133 92
133 57
593 106
593 49
593 122
593 123
553 124
539 125
469 89
33 23
33 75
33 7
33 89
33 14
33 119
33 126
272 127
272 42
272 128
211 129
211 130
211 37
211 13
211 89
211 125
211 131
97 60
97 95
97 0
284 73
284 37
350 89
436 77
436 17
299 48
299 132
121 133
121 134
121 135
121 136
206 137
206 42
39 74
39 75
39 49
39 137
39 138
39 48
39 139
39 0
39 140
39 80
39 141
39 142
39 45
39 87
39 143
39 144
39 23
39 89
39 145
39 146
39 147
39 39
39 148
39 149
39 9
39 93
39 150
39 151
39 72
39 7
39 99
39 94
39 152
39 56
39 84
39 153
39 69
39 154
39 61
44 72
44 124
44 155
44 156
44 37
44 157
44 158
44 159
44 12
44 57
44 73
44 160
44 135
44 161
44 139
44 162
44 52
44 120
44 56
44 131
44 163
356 56
378 80
618 164
14 33
14 10
14 37
14 75
14 101
14 165
14 14
14 166
14 123
14 7
14 35
14 92
14 167
14 168
14 169
14 170
446 171
570 22
451 172
544 173
544 17
106 74
106 37
106 75
106 85
106 174
106 175
106 60
106 176
140 39
140 177
140 178
140 47
140 159
140 56
140 16
140 179
140 17
140 23
140 180
140 119
140 42
140 181
140 182
140 183
140 120
140 51
140 57
140 184
163 94
163 55
163 44
163 73
163 40
163 185
163 186
163 42
497 152
291 187
274 72
274 188
619 189
619 57
569 190
569 31
569 191
602 141
198 192
604 29
604 166
148 72
148 39
148 166
148 63
148 193
148 194
148 195
521 196
134 121
197 197
192 198
192 199
450 1
450 200
450 201
450 71
450 202
450 145
620 203
573 23
573 204
540 125
540 76
42 205
42 206
42 37
42 63
42 24
42 1
42 13
42 77
42 186
42 125
42 174
42 0
42 170
42 83
42 207
42 89
42 71
42 102
42 208
42 198
42 95
42 57
42 31
42 209
42 210
42 163
42 72
42 48
42 70
42 211
42 152
42 189
42 34
42 42
42 4
42 51
290 13
290 212
501 118
218 157
157 213
157 214
157 44
157 215
157 216
157 23
157 217
157 4
157 218
24 219
24 200
24 10
24 37
24 75
24 220
24 137
24 48
24 221
24 125
24 0
24 140
24 222
24 63
24 223
24 23
24 89
24 224
24 12
24 225
24 226
24 52
24 7
24 196
24 43
24 189
24 227
24 2
24 42
24 171
468 89
138 219
138 130
138 228
138 96
138 39
138 85
138 229
138 230
138 231
138 9
138 57
138 232
138 233
138 126
138 53
138 234
138 235
138 19
621 119
77 48
77 99
77 37
77 75
77 56
77 236
77 17
77 23
77 136
77 237
77 154
77 61
77 80
77 238
77 94
261 125
447 0
447 239
447 240
399 37
399 116
399 241
499 214
393 242
393 243
393 12
393 173
393 92
393 17
393 244
267 245
267 49
295 4
295 246
295 178
295 247
279 248
383 94
383 138
383 202
622 60
550 96
102 73
102 249
102 250
102 166
102 57
101 75
101 207
101 251
101 24
101 137
101 252
101 14
101 105
101 166
101 253
387 1
387 254
387 57
387 92
387 98
387 22
387 255
185 72
185 39
185 37
185 75
185 87
185 185
185 35
185 2
185 171
185 0
185 226
185 256
181 257
181 258
181 48
181 181
181 68
181 253
558 191
150 72
150 13
150 259
150 63
150 152
150 56
150 35
150 260
150 233
150 261
150 245
150 262
72 74
72 263
72 46
72 264
72 37
72 75
72 44
72 24
72 137
72 104
72 138
72 128
72 48
72 77
72 180
72 265
72 84
72 0
72 17
72 80
72 266
72 222
72 150
72 267
72 142
72 85
72 268
72 73
72 228
72 22
72 23
72 89
72 269
72 149
72 270
72 68
72 39
72 208
72 226
72 166
72 101
72 148
72 30
72 57
72 185
72 233
72 271
72 272
72 92
72 99
72 94
72 95
72 61
72 273
72 70
72 43
72 56
72 189
72 34
72 7
72 274
72 2
72 42
72 275
72 60
72 171
72 276
72 49
72 277
278 278
278 279
623 280
348 73
624 281
458 13
458 186
458 253
500 1
500 282
500 21
500 56
500 189
500 128
500 87
500 119
500 0
500 150
500 80
500 51
500 52
473 10
397 90
445 72
445 185
445 63
445 109
184 283
184 87
184 248
184 189
184 128
184 23
184 284
184 167
184 49
584 94
625 82
359 285
13 10
13 37
13 104
13 7
13 286
13 140
13 228
13 241
13 73
13 287
13 143
13 23
13 89
13 90
13 233
13 288
13 72
13 1
13 289
13 118
13 42
13 253
13 290
13 121
180 72
180 191
180 94
180 70
180 118
180 73
180 137
180 291
180 233
180 170
16 72
16 145
16 292
16 140
543 92
11 7
11 129
11 293
11 138
11 219
626 53
626 294
626 51
344 73
83 95
83 42
247 60
247 295
247 94
247 128
242 296
223 297
18 298
18 266
146 75
146 270
627 33
132 299
132 288
628 300
548 301
372 189
456 302
335 303
335 171
335 304
335 305
65 306
420 307
114 23
114 75
114 17
49 74
49 281
49 94
49 7
49 308
49 73
49 309
49 310
49 23
49 77
49 92
49 311
49 139
49 145
49 53
49 37
49 32
629 49
403 186
396 32
396 40
396 37
396 312
396 313
396 56
396 87
396 314
396 17
396 88
396 69
396 226
396 52
392 7
432 171
432 17
630 23
475 315
74 37
74 63
74 87
74 316
74 182
74 106
74 21
74 317
74 73
74 318
74 89
74 71
74 39
74 319
74 320
74 1
74 233
74 308
74 92
74 95
74 94
74 70
74 189
74 42
74 321
74 99
631 4
631 322
631 146
264 60
264 297
512 119
318 89
318 106
318 149
318 55
542 223
48 55
48 323
48 37
48 75
48 313
48 24
48 181
48 48
48 77
48 84
48 67
48 0
48 236
48 80
48 170
48 324
48 325
48 63
48 123
48 21
48 73
48 143
48 17
48 326
48 47
48 149
48 71
48 327
48 90
48 328
48 39
48 61
48 208
48 198
48 136
48 329
48 9
48 30
48 69
48 330
48 331
48 92
48 116
48 332
48 167
48 333
48 334
48 335
48 336
48 72
48 1
48 49
48 94
48 70
48 337
48 56
48 46
48 338
48 339
48 199
48 119
48 2
48 42
48 60
48 99
48 340
59 128
632 146
633 137
351 262
351 94
195 148
19 341
19 140
19 138
222 72
222 70
222 207
222 24
222 56
222 34
222 186
222 2
222 94
222 0
222 32
55 31
55 17
85 72
85 95
85 37
85 106
85 85
85 90
85 56
85 297
85 231
85 48
85 92
85 84
85 317
85 99
85 80
73 74
73 342
73 304
73 37
73 75
73 48
73 77
73 35
73 3
73 0
73 228
73 80
73 82
73 68
73 163
73 84
73 17
73 89
73 343
73 71
73 344
73 5
73 202
73 57
73 345
73 346
73 271
73 210
73 72
73 1
73 272
73 347
73 70
73 43
73 348
73 337
73 56
73 284
73 227
73 349
73 350
73 60
73 61
466 68
88 167
88 288
88 104
88 75
88 116
262 60
262 145
262 150
262 46
262 351
327 74
327 166
327 352
327 48
327 245
327 140
362 72
362 95
362 75
362 84
362 353
362 92
362 171
27 7
27 167
27 354
27 228
27 220
634 79
634 355
634 77
635 152
178 191
178 166
178 248
178 56
178 305
178 356
178 140
480 35
636 72
636 89
636 23
637 87
638 226
638 166
289 267
639 138
347 118
347 258
347 115
43 72
43 1
43 99
43 94
43 24
43 30
43 339
43 357
43 23
43 245
43 358
43 139
43 0
43 271
43 120
43 57
285 37
285 125
285 359
640 77
418 360
60 264
60 37
60 75
60 87
60 48
60 77
60 14
60 361
60 0
60 68
60 106
60 140
60 63
60 84
60 23
60 262
60 71
60 2
60 319
60 198
60 294
60 250
60 149
60 92
60 154
60 226
60 72
60 95
60 96
60 70
60 55
60 56
60 97
60 280
60 201
60 175
60 350
60 362
60 61
78 95
78 55
78 363
78 149
78 62
78 325
588 228
588 94
364 364
219 27
219 94
219 166
219 36
219 152
219 46
219 11
219 365
219 186
219 366
219 24
219 256
219 184
219 367
219 368
63 74
63 263
63 87
63 44
63 48
63 77
63 0
63 106
63 369
63 45
63 73
63 23
63 262
63 370
63 42
63 371
63 30
63 57
63 233
63 372
63 32
63 72
63 95
63 94
63 96
63 373
63 46
63 34
63 374
63 375
63 51
410 23
410 79
429 166
429 17
276 72
276 118
276 94
276 69
276 128
155 44
155 0
155 340
155 211
502 376
409 53
409 23
409 104
409 377
80 37
80 75
80 363
80 378
80 48
80 77
80 125
80 80
80 170
80 84
80 85
80 73
80 176
80 124
80 39
80 197
80 116
80 72
80 95
80 70
80 379
80 46
80 339
80 201
80 69
80 99
600 380
600 166
529 222
529 94
529 56
529 7
529 4
529 52
312 322
312 56
312 243
417 203
417 381
452 255
395 45
395 226
66 227
329 48
202 72
202 48
202 382
202 1
202 194
202 73
202 17
202 141
202 77
202 126
202 383
202 51
202 23
57 74
57 10
57 37
57 75
57 297
57 44
57 12
57 138
57 48
57 186
57 208
57 361
57 0
57 80
57 63
57 207
57 73
57 384
57 143
57 17
57 89
57 385
57 99
57 386
57 124
57 155
57 95
57 29
57 250
57 387
57 115
57 197
57 160
57 92
57 255
57 388
57 31
57 94
57 72
57 1
57 389
57 238
57 199
57 379
57 390
57 34
57 310
57 391
57 2
57 392
57 4
57 49
641 1
394 393
394 394
463 37
226 72
226 395
226 199
226 24
226 97
226 396
226 397
226 186
226 116
226 136
226 355
226 60
226 171
189 74
189 1
189 42
189 87
189 337
189 84
189 77
189 72
189 17
189 89
189 125
189 105
189 398
189 183
189 24
189 184
227 171
227 1
227 309
227 81
587 39
587 94
642 47
642 42
355 256
355 56
355 104
355 23
355 119
355 51
607 18
607 143
177 399
177 84
643 222
643 170
643 84
644 3
644 75
100 74
100 400
505 13
505 24
505 168
243 243
243 312
243 193
243 401
243 125
243 133
534 42
645 402
645 403
645 371
646 24
3 99
3 404
3 309
3 96
3 297
3 73
3 23
3 68
3 56
3 19
296 79
296 405
296 242
296 264
296 314
647 10
648 56
649 20
135 44
354 170
142 72
142 39
142 151
142 84
321 72
173 172
367 406
305 178
326 77
326 61
326 49
326 75
650 407
651 77
194 248
194 190
194 23
194 166
194 202
104 72
104 408
104 409
104 37
104 96
104 53
104 40
104 17
104 88
104 89
104 280
104 92
104 60
104 140
104 335
250 4
250 60
250 23
250 410
609 308
609 70
414 152
414 56
414 411
414 412
414 119
414 413
414 335
246 13
255 387
116 48
116 337
116 177
116 70
652 39
32 207
32 63
32 56
32 396
32 7
32 49
653 24
152 23
152 42
152 56
152 215
152 57
152 414
152 186
152 47
152 4
152 415
654 59
201 212
201 96
201 149
201 123
201 92
201 71
201 201
201 416
655 24
485 56
485 417
47 95
47 140
47 207
47 414
47 77
47 60
47 49
69 124
69 39
69 96
69 87
69 56
69 46
69 314
69 1
69 92
69 84
69 418
69 365
69 419
69 324
50 207
50 47
511 1
656 22
129 11
263 74
263 72
263 63
263 96
263 22
483 0
483 56
483 22
430 17
599 166
236 73
236 420
170 37
170 24
170 421
170 1
170 48
170 35
170 80
170 422
170 354
170 84
170 73
170 17
170 423
170 136
170 424
170 248
170 30
170 425
170 93
170 52
170 95
170 426
170 47
170 4
170 61
170 120
62 61
62 92
62 427
62 84
241 171
241 196
45 39
45 395
45 166
45 63
45 428
45 296
45 139
45 309
657 23
17 37
17 63
17 429
17 24
17 430
17 7
17 77
17 186
17 431
17 0
17 162
17 140
17 170
17 393
17 380
17 432
17 73
17 433
17 260
17 434
17 435
17 57
17 436
17 92
17 437
17 438
17 52
17 72
17 48
17 238
17 199
17 118
17 56
17 189
17 396
17 339
17 119
17 98
17 60
17 120
476 439
658 228
38 75
38 440
371 23
381 417
577 37
577 48
577 89
577 42
577 279
577 407
369 61
369 63
293 441
293 254
293 96
293 17
659 42
167 408
167 48
167 9
167 438
167 88
167 14
167 181
167 49
167 249
167 184
330 48
437 243
660 442
490 443
661 16
444 444
444 35
444 70
662 77
662 10
310 23
310 445
310 254
310 312
510 47
171 239
171 196
171 446
171 92
171 68
171 244
530 0
530 56
530 447
340 39
340 448
340 37
340 70
340 87
340 75
340 77
340 2
346 73
346 128
346 26
663 53
10 130
10 37
10 63
10 157
10 24
10 449
10 48
10 67
10 0
10 68
10 450
10 451
10 452
10 317
10 89
10 417
10 126
10 453
10 454
10 455
10 456
10 32
10 95
10 457
10 458
10 310
10 4
10 355
10 459
37 74
37 10
37 75
37 24
37 104
37 138
37 460
37 48
37 77
37 284
37 461
37 0
37 140
37 80
37 170
37 462
37 106
37 63
37 84
37 163
37 73
37 298
37 17
37 23
37 71
37 145
37 407
37 9
37 57
37 185
37 69
37 92
37 116
37 53
37 463
37 31
37 52
37 72
37 95
37 61
37 7
37 233
37 285
37 118
37 56
37 85
37 119
37 60
37 49
37 100
400 100
12 393
12 196
12 163
12 452
12 44
12 56
12 137
12 186
12 17
12 23
12 89
12 280
12 125
12 464
12 21
231 387
127 73
527 56
67 48
67 24
67 465
67 126
67 0
182 233
182 283
182 191
664 138
68 16
68 37
68 466
68 165
68 181
68 421
68 357
68 7
68 285
68 3
68 171
68 69
68 355
68 146
68 467
68 362
467 128
309 4
309 227
309 3
309 45
268 77
89 130
89 10
89 24
89 468
89 7
89 125
89 16
89 0
89 140
89 73
89 8
89 23
89 145
89 377
89 166
89 57
89 196
89 53
89 209
89 72
89 469
89 99
89 94
89 56
89 189
89 119
89 470
89 42
89 350
89 4
89 49
665 35
406 219
406 138
406 17
203 420
567 87
365 87
666 467
666 17
667 471
233 74
233 72
233 163
233 75
233 87
233 149
233 17
233 13
233 89
233 397
233 48
233 182
233 37
489 210
668 17
669 138
358 96
358 43
398 73
398 189
271 72
271 39
271 37
271 95
271 152
271 73
271 43
271 396
271 22
271 13
271 233
271 119
271 294
271 60
271 1
271 61
271 51
368 109
368 472
337 48
337 73
337 473
337 116
337 189
405 474
405 419
670 70
671 475
439 171
439 283
439 10
439 476
439 125
672 49
673 125
561 441
541 23
541 111
541 187
541 371
205 335
205 17
200 477
200 57
352 327
183 140
183 189
183 37
183 57
174 118
174 125
174 42
174 106
35 106
35 478
35 479
35 37
35 166
35 77
35 73
35 215
35 480
35 60
35 92
35 4
35 170
464 49
0 74
0 481
0 189
0 10
0 37
0 63
0 24
0 48
0 186
0 361
0 67
0 239
0 131
0 82
0 55
0 73
0 17
0 23
0 89
0 482
0 483
0 145
0 484
0 158
0 485
0 486
0 95
0 57
0 487
0 60
0 353
0 72
0 1
0 196
0 238
0 70
0 56
0 46
0 280
0 2
0 69
0 177
210 488
210 73
210 31
210 489
674 401
448 86
448 340
448 95
382 202
595 314
601 166
601 184
443 490
443 491
482 23
370 23
370 145
370 166
370 75
126 33
126 10
126 238
126 63
126 56
126 314
126 17
126 77
126 262
126 67
126 3
256 185
256 256
256 23
256 355
256 176
256 492
266 493
266 292
266 119
266 63
407 87
217 23
566 236
566 494
319 74
319 10
319 248
319 24
319 56
319 34
319 495
319 22
319 59
319 245
319 105
319 60
319 407
208 56
208 61
208 2
603 496
603 166
675 47
428 45
676 317
677 205
415 304
415 214
415 152
415 289
415 264
415 52
61 74
61 10
61 37
61 87
61 48
61 77
61 228
61 170
61 222
61 369
61 55
61 497
61 498
61 287
61 326
61 253
61 39
61 92
61 103
61 52
61 72
61 95
61 70
61 444
61 201
61 2
61 42
61 61
61 100
214 94
214 10
214 149
214 499
214 238
151 269
345 500
118 501
118 219
118 124
118 347
118 287
118 23
118 174
118 181
118 53
118 51
391 140
391 37
391 502
391 32
98 48
98 0
98 17
98 387
98 24
678 40
498 61
421 48
421 24
679 503
680 23
187 75
681 40
552 267
273 72
562 504
591 186
433 53
433 77
433 42
433 17
168 14
168 505
168 506
492 95
492 146
492 94
492 75
492 44
492 60
492 149
492 9
492 48
492 77
492 93
492 507
492 31
583 93
26 508
26 9
26 166
64 186
149 72
149 39
149 214
149 94
149 75
149 84
149 300
149 87
149 318
149 339
149 201
149 23
149 477
149 138
149 78
149 34
149 48
149 60
149 0
149 492
149 325
179 92
179 238
179 5
331 35
331 73
331 52
682 505
238 134
238 214
238 56
238 17
234 1
234 138
234 105
683 4
164 317
164 125
1 346
1 342
1 500
1 87
1 104
1 48
1 180
1 125
1 140
1 135
1 23
1 283
1 17
1 84
1 73
1 22
1 499
1 131
1 145
1 509
1 158
1 407
1 344
1 1
1 179
1 414
1 53
1 123
1 335
1 420
1 72
1 7
1 94
1 43
1 230
1 189
1 280
1 510
1 227
1 42
1 202
1 69
1 511
684 174
684 49
457 507
457 406
46 74
46 87
46 63
46 166
46 241
46 46
46 128
46 48
46 262
46 69
46 99
46 80
46 270
401 172
401 243
606 166
119 74
119 37
119 512
119 48
119 140
119 266
119 513
119 143
119 17
119 514
119 57
119 185
119 4
119 414
119 33
119 94
119 96
119 56
119 500
119 175
119 60
119 49
119 277
375 56
375 63
99 219
99 515
99 48
99 77
99 3
99 351
99 80
99 283
99 85
99 516
99 23
99 89
99 30
99 57
99 92
99 123
99 52
99 72
99 95
99 61
99 94
99 96
99 43
99 444
99 56
99 46
99 338
99 42
99 99
589 280
589 94
323 517
207 222
207 166
207 101
207 47
207 327
207 69
207 355
207 170
297 267
297 70
297 85
297 56
297 17
297 3
297 60
297 171
449 77
449 125
685 228
503 56
503 80
503 81
316 74
686 87
105 513
105 319
105 101
105 189
105 14
105 16
105 53
105 234
687 124
687 9
688 478
416 201
689 2
21 74
21 301
21 389
21 63
21 12
21 500
21 186
21 187
21 288
21 295
690 56
287 518
287 80
109 227
109 60
109 116
109 53
109 327
109 131
109 368
412 414
349 519
110 278
237 60
237 77
237 63
237 48
253 166
253 2
253 102
253 26
610 94
691 520
28 478
28 21
30 72
30 74
30 48
30 63
30 43
413 414
413 140
123 379
123 14
123 116
308 75
196 10
196 241
196 521
196 12
196 287
196 92
196 23
196 89
196 522
196 523
196 125
196 524
196 4
196 171
196 24
196 407
692 170
575 55
56 74
56 219
56 243
56 37
56 205
56 44
56 483
56 216
56 128
56 48
56 525
56 526
56 527
56 3
56 361
56 105
56 0
56 140
56 94
56 222
56 500
56 528
56 223
56 1
56 17
56 23
56 89
56 412
56 126
56 24
56 145
56 529
56 414
56 39
56 319
56 208
56 166
56 95
56 250
56 355
56 149
56 197
56 91
56 92
56 181
56 334
56 186
56 150
56 335
56 52
56 72
56 281
56 530
56 238
56 96
56 77
56 337
56 61
56 396
56 524
56 152
56 531
56 13
56 375
56 118
56 60
56 171
56 99
56 51
56 100
693 200
693 34
212 326
565 532
374 51
374 67
470 186
470 470
136 48
136 60
136 170
120 44
120 140
343 73
694 37
537 125
695 228
696 84
8 89
8 376
215 96
215 77
215 73
215 13
215 436
215 4
215 56
280 533
280 12
280 477
280 0
280 433
280 247
280 55
280 22
280 23
280 145
280 166
280 29
280 115
280 60
280 245
280 65
280 72
280 294
280 61
280 458
280 34
280 69
280 99
280 184
265 94
697 131
361 130
361 534
361 166
361 444
361 56
361 17
361 118
361 60
361 535
361 236
361 94
125 219
125 10
125 37
125 158
125 24
125 186
125 536
125 125
125 67
125 174
125 243
125 68
125 183
125 537
125 23
125 89
125 509
125 249
125 328
125 538
125 124
125 166
125 248
125 57
125 539
125 164
125 72
125 1
125 196
125 94
125 70
125 285
125 194
125 56
125 189
125 261
125 540
125 522
125 60
125 171
125 159
286 453
79 242
79 410
108 109
108 49
169 14
528 56
528 256
698 89
496 14
496 94
76 540
699 189
143 39
143 57
111 53
111 541
111 96
509 398
509 31
509 287
538 125
424 542
424 387
424 170
424 267
29 280
700 10
245 319
245 267
245 96
245 280
245 4
245 327
92 74
92 37
92 75
92 363
92 24
92 212
92 48
92 77
92 186
92 543
92 140
92 80
92 544
92 84
92 85
92 300
92 22
92 23
92 44
92 509
92 319
92 387
92 57
92 508
92 60
92 53
92 52
92 72
92 95
92 96
92 379
92 56
92 35
92 201
92 62
92 42
92 86
92 69
92 171
92 445
128 106
128 319
128 264
128 373
128 46
128 104
128 57
128 276
128 125
128 545
128 23
209 61
209 546
117 241
52 74
52 87
52 48
52 139
52 170
52 499
52 354
52 84
52 257
52 23
52 295
52 362
52 547
52 166
52 1
52 248
52 116
52 52
52 13
52 99
52 238
52 492
52 56
52 396
52 500
52 60
52 49
301 548
301 21
96 549
96 37
96 63
96 215
96 138
96 77
96 3
96 170
96 300
96 73
96 143
96 71
96 111
96 295
96 550
96 12
96 344
96 245
96 92
96 293
96 358
96 95
96 379
96 56
96 69
585 389
585 94
585 57
230 7
230 1
230 138
230 102
701 314
292 16
702 355
702 287
586 56
586 351
586 94
586 146
2 72
2 222
2 37
2 75
2 84
2 551
2 24
2 56
2 287
2 63
2 57
2 48
2 70
2 92
2 42
2 60
2 0
2 61
2 277
2 270
275 72
4 309
4 166
4 157
4 152
4 250
4 215
4 396
4 23
4 233
4 89
4 236
4 170
373 232
373 7
373 552
373 128
703 186
124 553
124 84
124 80
124 138
124 23
124 496
124 361
124 42
124 69
124 61
124 147
704 554
75 342
75 87
75 363
75 48
75 77
75 35
75 555
75 556
75 80
75 170
75 191
75 84
75 300
75 73
75 326
75 557
75 71
75 146
75 39
75 136
75 149
75 185
75 92
75 558
75 325
75 72
75 94
75 62
75 2
75 42
75 171
75 61
75 340
75 559
363 92
363 297
363 78
363 37
363 560
254 387
254 561
254 11
254 255
254 89
555 75
526 56
504 18
504 562
131 563
705 63
705 42
248 319
248 57
248 125
248 184
248 279
248 52
533 564
311 10
176 80
90 72
90 94
90 166
90 257
514 1
520 17
706 44
536 393
532 565
532 164
707 23
707 96
508 92
508 26
408 167
408 104
708 245
494 566
259 60
199 7
199 84
199 37
199 57
159 44
159 140
258 23
357 77
357 73
357 94
357 43
560 363
560 80
560 311
574 23
277 13
277 17
488 72
488 61
488 210
130 361
87 74
87 75
87 396
87 48
87 240
87 399
87 239
87 84
87 71
87 146
87 567
87 57
87 60
87 1
87 530
87 46
87 34
87 339
87 500
87 175
87 42
87 69
87 61
87 340
709 568
232 89
232 373
232 138
525 56
186 63
186 64
186 352
186 48
186 180
186 240
186 125
186 0
186 170
186 222
186 163
186 21
186 23
186 89
186 92
186 226
186 7
186 94
186 152
186 458
186 186
186 470
186 56
710 167
516 17
711 569
711 133
472 368
384 23
384 57
22 263
22 319
22 283
22 424
22 29
22 483
22 56
22 387
22 23
22 233
22 92
22 570
22 145
22 508
23 10
23 37
23 376
23 7
23 48
23 59
23 280
23 361
23 139
23 68
23 266
23 55
23 73
23 89
23 27
23 95
23 29
23 233
23 92
23 271
23 294
23 152
23 60
23 187
23 571
23 219
23 549
23 75
23 410
23 429
23 0
23 80
23 513
23 371
23 298
23 572
23 370
23 39
23 202
23 57
23 508
23 4
23 99
23 118
23 528
23 258
23 573
23 574
23 492
23 575
23 100
23 533
23 157
23 24
23 77
23 186
23 3
23 296
23 22
23 145
23 279
23 115
23 414
23 181
23 462
23 558
23 150
23 72
23 1
23 94
23 194
23 34
23 339
23 119
23 217
23 70
23 61
23 51
23 184
23 263
23 137
23 13
23 576
23 228
23 281
23 317
23 17
23 109
23 175
23 124
23 166
23 577
23 578
23 579
23 196
23 256
23 56
23 580
23 522
71 581
71 37
71 75
71 87
71 48
71 77
71 84
71 80
71 106
71 55
71 287
71 326
71 71
71 439
71 161
71 53
71 226
71 582
71 72
71 95
71 61
71 96
71 189
71 339
71 201
71 99
145 319
145 297
145 73
145 22
145 262
145 370
145 49
145 529
158 44
158 205
712 72
188 274
435 322
422 238
422 137
422 170
422 17
193 243
40 139
40 396
40 104
40 123
9 39
9 196
9 166
9 403
9 73
9 376
9 138
9 9
9 48
9 186
9 167
58 302
91 56
93 583
93 170
332 48
332 280
713 92
336 48
590 271
453 17
94 205
94 63
94 44
94 48
94 77
94 361
94 584
94 296
94 0
94 222
94 56
94 247
94 23
94 585
94 39
94 166
94 149
94 496
94 53
94 1
94 214
94 492
94 458
94 586
94 587
94 60
94 355
94 588
94 589
431 534
714 544
714 432
390 57
34 74
34 72
34 478
34 63
34 313
34 319
34 87
34 310
34 149
34 119
34 3
34 4
34 123
34 590
339 43
339 24
339 9
339 17
339 48
339 71
339 355
339 90
379 80
379 96
441 293
270 72
270 46
270 449
270 2
270 146
270 470
51 500
51 549
51 166
51 591
51 29
51 118
51 56
51 57
51 23
51 592
51 35
51 355
51 593
51 140
426 292
556 75
224 80
224 17
257 90
518 287
518 42
715 166
137 72
137 166
137 381
137 480
137 128
137 23
137 246
137 180
137 126
716 152
314 594
314 513
314 595
314 396
314 413
314 126
314 296
314 69
438 39
281 23
281 56
281 137
15 17
717 10
718 314
228 72
228 191
228 29
228 138
228 13
228 3
228 42
228 52
82 73
82 433
82 77
82 92
82 69
82 82
112 53
719 56
564 533
84 63
84 87
84 13
84 35
84 0
84 68
84 85
84 48
84 71
84 492
84 124
84 39
84 69
84 596
84 92
84 32
84 95
84 199
84 390
84 212
84 2
84 60
244 171
720 24
720 10
249 167
249 480
249 125
579 579
166 263
166 597
166 206
166 75
166 219
166 429
166 24
166 554
166 480
166 128
166 48
166 598
166 14
166 361
166 125
166 599
166 256
166 170
166 600
166 56
166 107
166 45
166 280
166 601
166 292
166 17
166 23
166 89
166 327
166 602
166 545
166 155
166 603
166 35
166 604
166 605
166 178
166 57
166 87
166 92
166 194
166 494
166 72
166 1
166 278
166 94
166 199
166 118
166 458
166 186
166 531
166 606
166 2
166 425
166 223
166 607
166 100
166 50
166 51
166 121
721 608
353 0
115 23
115 280
115 22
115 57
722 139
70 74
70 37
70 87
70 48
70 180
70 361
70 125
70 139
70 80
70 106
70 267
70 85
70 384
70 89
70 326
70 71
70 176
70 609
70 610
70 328
70 387
70 32
70 72
70 95
70 61
70 94
70 551
70 606
70 2
70 42
70 60
70 99
302 10
723 30
724 12
522 196
154 39
