368 0
368 1
368 2
341 3
483 4
483 5
483 6
469 7
212 8
212 9
584 10
584 11
171 12
171 13
171 14
172 15
172 16
172 9
172 17
172 18
172 19
585 20
563 21
563 22
563 23
146 24
146 17
146 13
146 25
146 26
146 27
146 28
146 29
146 30
146 31
146 32
146 33
146 2
146 34
146 35
146 36
146 37
146 38
146 39
146 40
146 41
146 42
146 43
146 44
146 45
146 46
146 47
146 48
146 49
146 50
146 51
146 52
146 53
146 54
146 55
146 56
146 57
146 12
146 58
146 59
146 60
146 61
146 62
146 63
146 64
146 65
146 66
146 67
146 68
146 69
146 70
146 71
146 72
146 8
146 73
146 74
146 75
146 76
146 77
146 78
146 79
146 80
146 81
146 82
146 83
146 84
146 85
146 86
146 87
146 88
146 89
146 90
146 91
146 92
146 93
146 94
146 95
146 96
146 3
146 97
146 98
146 99
146 100
146 6
146 101
146 102
146 103
176 104
176 33
176 17
176 53
176 6
262 58
262 101
262 105
574 106
574 61
574 98
464 107
464 104
499 108
358 102
358 109
335 96
335 32
586 110
256 111
256 112
256 22
256 113
256 3
256 114
256 115
256 116
256 58
256 117
256 36
587 98
284 15
284 118
284 119
284 73
284 120
284 121
284 122
284 53
284 90
2 123
2 14
2 119
2 66
2 124
2 9
2 125
2 114
2 126
2 127
2 128
2 95
2 129
2 13
2 25
2 130
2 131
2 73
2 132
2 133
2 98
2 134
2 32
2 135
2 33
2 2
2 79
2 58
2 136
2 137
2 38
2 101
2 138
2 0
2 115
2 139
2 140
2 141
34 14
34 142
34 143
34 96
34 23
34 73
34 144
34 114
34 2
34 17
34 145
34 146
34 36
34 86
173 66
173 13
173 147
228 101
228 148
228 149
228 150
228 33
228 151
228 152
228 13
228 96
241 73
588 81
487 92
487 153
487 114
487 74
40 87
40 154
40 92
40 33
40 62
40 146
40 77
575 150
575 98
538 66
538 68
455 155
455 98
455 156
589 66
251 36
590 157
366 158
366 66
366 68
366 14
366 159
218 101
218 33
218 160
218 161
218 139
591 162
591 17
592 163
562 23
125 102
125 33
125 2
125 164
593 146
594 165
179 13
595 15
100 73
100 80
100 166
100 36
13 167
13 168
13 158
13 64
13 169
13 170
13 171
13 172
13 146
13 173
13 174
13 175
13 176
13 177
13 49
13 178
13 179
13 180
13 181
13 182
13 166
13 7
13 22
13 98
13 183
13 55
13 184
13 185
13 33
13 2
13 58
13 36
13 186
13 16
13 101
13 85
13 139
13 63
13 88
254 187
254 79
596 21
597 33
130 2
467 156
311 0
311 13
598 101
599 188
237 22
237 98
237 64
237 189
237 190
237 191
237 149
237 2
237 17
237 108
237 192
237 63
237 177
203 66
203 108
203 157
203 62
203 193
600 3
54 92
54 194
54 61
54 149
54 33
54 195
54 196
338 14
338 119
338 66
338 149
338 114
338 146
338 190
338 197
338 198
338 199
338 200
338 201
338 156
338 202
338 203
338 16
338 32
338 204
338 205
338 2
338 28
338 90
338 206
338 0
338 207
446 95
446 129
446 208
446 209
446 110
601 136
477 73
477 210
602 211
493 36
603 212
524 213
524 214
604 25
604 86
604 3
604 2
403 80
403 3
403 101
403 62
403 61
378 215
275 216
62 217
62 218
62 14
62 64
62 119
62 66
62 219
62 220
62 176
62 95
62 129
62 221
62 222
62 25
62 223
62 180
62 156
62 224
62 97
62 225
62 226
62 32
62 2
62 227
62 228
62 36
62 81
62 136
62 229
62 230
62 101
62 61
62 40
62 209
62 65
62 191
62 231
62 215
214 232
214 233
214 234
582 17
63 158
63 14
63 235
63 236
63 114
63 70
63 146
63 121
63 177
63 129
63 98
63 0
63 11
63 237
63 238
63 30
63 210
63 33
63 36
63 85
63 239
63 240
162 241
162 242
162 226
162 96
162 85
162 211
162 73
162 120
162 13
162 243
452 121
605 244
66 111
66 64
66 245
66 9
66 172
66 246
66 146
66 121
66 247
66 178
66 96
66 248
66 109
66 203
66 98
66 249
66 2
66 79
66 173
66 80
66 36
66 250
66 231
66 155
66 251
9 24
9 14
9 64
9 223
9 66
9 252
9 114
9 17
9 121
9 104
9 253
9 157
9 254
9 0
9 255
9 73
9 156
9 98
9 136
9 256
9 257
9 2
9 36
9 81
9 134
9 101
9 258
9 62
9 63
9 211
220 259
220 98
220 32
220 139
220 260
220 177
69 120
69 93
58 14
58 64
58 119
58 23
58 67
58 261
58 107
58 69
58 17
58 146
58 13
58 262
58 177
58 51
58 259
58 263
58 0
58 264
58 162
58 265
58 11
58 95
58 73
58 3
58 266
58 267
58 268
58 62
58 98
58 256
58 183
58 269
58 270
58 142
58 271
58 33
58 2
58 58
58 35
58 36
58 272
58 101
58 102
58 273
58 87
58 274
58 63
58 275
58 276
294 81
294 231
294 277
294 139
294 34
294 36
373 114
373 278
606 279
118 280
118 281
118 282
118 283
118 284
118 285
118 286
141 96
141 114
141 33
141 14
141 157
11 194
11 90
11 272
11 287
11 33
11 2
11 288
11 98
11 121
11 53
11 36
405 289
405 2
166 66
166 100
607 11
608 36
393 90
393 290
332 73
332 272
332 96
332 98
332 291
147 149
147 292
147 114
290 2
290 290
81 293
81 119
81 149
81 114
81 17
81 146
81 294
81 129
81 263
81 0
81 156
81 97
81 22
81 205
81 33
81 2
81 295
81 61
81 23
81 296
81 62
81 139
389 231
250 194
250 157
250 91
250 66
250 297
250 73
250 41
250 17
250 90
250 155
250 298
609 299
610 32
286 14
286 300
286 301
286 74
286 73
286 240
286 211
88 156
411 127
350 233
350 148
126 2
0 111
0 14
0 44
0 0
0 302
0 92
0 303
0 304
0 17
0 294
0 305
0 95
0 221
0 263
0 306
0 96
0 91
0 11
0 73
0 307
0 308
0 309
0 310
0 78
0 98
0 311
0 312
0 205
0 33
0 2
0 12
0 313
0 134
0 60
0 101
0 25
0 139
0 41
0 63
0 314
478 112
406 315
611 112
92 293
92 64
92 119
92 282
92 17
92 146
92 294
92 221
92 316
92 0
92 96
92 317
92 52
92 132
92 32
92 98
92 318
92 319
92 16
92 33
92 2
92 320
92 81
92 229
92 18
92 101
92 321
92 62
92 214
92 207
92 108
92 322
92 63
323 323
323 98
612 324
612 53
612 70
613 316
509 151
614 325
190 326
190 98
190 327
190 148
190 3
190 328
190 231
190 237
346 73
346 84
346 21
346 297
346 22
615 132
516 21
96 24
96 293
96 329
96 326
96 330
96 331
96 92
96 332
96 17
96 13
96 14
96 129
96 104
96 0
96 162
96 200
96 119
96 333
96 334
96 335
96 98
96 198
96 312
96 205
96 142
96 33
96 2
96 34
96 81
96 149
96 336
96 229
96 23
96 337
96 141
96 115
96 139
96 120
96 278
201 338
201 271
3 241
3 339
3 340
3 341
3 29
3 25
3 256
3 190
3 208
3 99
3 109
3 73
3 342
3 21
3 233
3 295
3 51
3 343
3 194
3 344
3 72
460 124
310 0
310 96
310 33
310 2
310 104
310 345
427 223
22 346
22 336
22 347
22 25
22 60
22 162
22 85
22 23
22 212
22 73
22 348
22 87
22 13
22 99
22 349
22 88
22 36
233 350
233 157
233 351
233 91
233 0
233 66
233 289
233 109
233 250
233 328
233 84
233 155
616 352
564 353
270 156
270 160
270 155
270 58
210 63
210 2
120 29
120 162
120 33
120 73
120 284
120 354
120 121
120 96
6 355
6 63
6 95
356 80
356 330
356 356
617 339
617 357
479 115
178 13
102 22
102 143
102 99
102 73
102 84
102 231
102 58
102 74
102 358
102 267
258 226
199 146
199 359
618 360
445 121
445 14
274 58
195 217
195 157
195 361
195 91
430 3
430 200
430 14
111 90
111 44
111 223
111 362
111 107
111 236
111 114
111 129
111 178
111 363
111 308
111 310
111 364
111 256
111 365
111 33
111 2
111 318
111 137
111 23
111 191
111 0
111 151
111 139
158 366
158 367
158 0
158 84
158 368
158 287
158 36
329 0
219 73
219 229
219 64
219 119
219 101
219 209
219 92
219 33
219 2
219 62
219 369
219 36
511 143
619 370
619 158
149 24
149 147
149 119
149 149
149 220
149 114
149 129
149 371
149 25
149 96
149 237
149 338
149 205
149 33
149 2
149 35
149 81
149 229
149 101
149 139
149 231
149 372
107 111
107 243
107 373
107 286
107 151
305 157
305 25
305 169
305 96
305 374
305 148
305 73
305 0
305 33
305 356
305 375
305 104
305 376
305 377
620 378
267 101
267 102
161 149
161 112
161 379
161 218
306 0
306 250
306 155
243 129
243 133
243 204
243 85
243 23
243 34
243 33
243 2
243 207
243 58
504 380
504 64
531 381
531 382
531 33
531 244
621 0
622 383
28 129
28 305
28 249
28 23
28 362
28 73
28 33
28 151
28 79
28 371
377 7
377 98
555 384
160 59
160 218
160 270
160 55
347 347
543 330
226 155
226 385
226 32
226 249
31 146
31 58
31 157
276 136
276 194
276 93
276 41
276 58
276 104
276 36
386 25
386 2
386 386
623 9
38 232
38 387
38 15
38 2
38 146
38 388
297 250
624 73
152 24
152 156
231 129
231 62
231 324
231 220
231 25
231 66
231 20
231 46
231 149
231 156
231 229
231 33
231 2
231 17
231 389
231 83
360 73
390 99
390 390
390 53
522 217
522 17
293 81
293 96
293 98
545 81
545 223
44 129
44 158
44 330
44 391
44 25
44 392
44 70
44 0
44 354
44 87
44 393
44 146
44 228
44 140
625 328
410 394
626 132
536 33
326 119
326 96
326 190
326 312
510 184
510 23
128 395
128 2
345 310
459 84
282 246
282 63
282 118
282 98
282 36
397 114
581 396
627 0
627 32
16 111
16 119
16 66
16 172
16 146
16 13
16 397
16 129
16 25
16 109
16 73
16 260
16 198
16 311
16 398
16 185
16 33
16 2
16 318
16 92
16 229
16 84
16 61
16 23
16 115
16 139
16 231
16 63
204 243
578 73
578 66
55 160
55 17
55 245
55 23
55 33
55 2
55 62
55 139
55 146
55 155
55 13
55 290
57 146
57 184
57 399
57 400
57 64
442 313
318 111
318 92
318 149
318 271
318 51
318 139
628 17
629 12
629 230
629 401
184 73
184 402
630 114
630 33
61 81
61 136
61 403
61 73
61 404
61 17
61 146
61 405
631 406
542 55
632 286
428 73
428 91
633 407
278 373
278 241
278 96
278 124
278 392
409 124
409 380
409 273
409 408
465 262
408 409
408 408
634 410
331 96
343 157
343 98
343 114
343 3
343 151
343 36
170 13
302 0
302 14
144 356
415 73
415 287
635 0
70 228
70 63
70 411
174 13
43 119
43 73
43 412
72 133
72 14
72 230
72 312
72 3
72 413
636 149
636 211
636 2
73 24
73 217
73 61
73 43
73 90
73 408
73 339
73 65
73 102
73 395
73 219
73 9
73 68
73 33
73 107
73 414
73 415
73 146
73 36
73 416
73 95
73 8
73 390
73 316
73 242
73 385
73 417
73 418
73 404
73 3
73 419
73 149
73 420
73 14
73 112
73 22
73 29
73 98
73 342
73 30
73 16
73 312
73 421
73 184
73 185
73 354
73 2
73 120
73 332
73 173
73 422
73 261
73 359
73 241
73 423
73 424
73 48
73 38
73 230
73 39
73 392
73 23
73 243
73 425
73 34
73 426
73 427
73 127
73 139
73 231
73 360
73 428
73 60
73 63
73 101
73 276
492 81
492 429
492 132
492 139
383 73
264 90
200 92
200 84
200 96
200 194
200 430
561 85
119 129
119 62
119 98
119 284
119 25
119 16
119 205
119 431
119 223
119 33
119 2
119 149
119 58
119 260
119 73
119 52
637 73
637 33
328 432
328 3
328 63
76 146
292 147
352 3
352 433
490 80
638 14
639 175
571 177
571 434
571 435
571 286
640 16
271 84
271 394
271 436
271 201
641 437
642 2
188 316
359 199
359 73
359 114
48 84
48 74
84 346
84 22
84 259
84 438
84 48
84 54
84 200
84 74
84 12
84 271
84 146
84 233
84 95
84 53
503 119
287 439
287 204
287 11
287 207
287 13
287 36
86 157
86 289
86 9
86 55
86 114
86 33
86 17
86 146
86 260
643 194
644 339
87 440
87 441
87 218
87 129
87 177
87 40
87 442
87 146
87 58
87 310
87 63
87 349
87 36
645 33
207 24
207 78
207 101
207 95
207 205
207 243
559 23
89 146
89 81
391 81
391 146
391 21
391 272
157 339
157 80
157 14
157 198
157 25
157 9
157 203
157 86
157 114
157 122
157 305
157 221
157 195
91 357
91 98
91 163
91 146
91 428
91 195
91 36
556 119
556 142
436 271
121 315
121 357
121 14
121 443
121 237
121 101
121 11
121 109
121 73
121 444
121 33
121 445
121 80
121 63
121 251
646 17
95 111
95 14
95 324
95 180
95 9
95 431
95 21
95 114
95 146
95 397
95 0
95 243
95 51
95 310
95 2
95 98
95 256
95 446
95 16
95 312
95 33
95 63
95 58
95 447
95 6
95 36
95 81
95 336
95 84
95 101
95 23
95 448
95 87
95 139
95 449
95 450
221 62
221 157
221 263
221 25
221 32
221 326
221 146
221 114
221 2
221 361
221 12
221 451
222 62
281 118
1 368
1 367
1 297
1 17
1 155
1 88
131 2
109 233
109 90
109 410
109 181
109 360
109 121
109 58
109 74
404 61
279 143
279 36
97 81
97 452
97 62
97 225
97 0
97 119
97 101
97 149
97 34
97 114
97 33
97 2
97 17
97 146
647 220
647 114
647 44
647 229
648 206
342 73
649 21
649 3
649 194
234 41
234 253
234 214
650 33
651 73
652 151
437 73
653 339
653 453
209 446
209 219
209 33
209 14
209 454
435 136
155 233
155 408
155 66
155 109
155 73
155 252
155 76
155 455
155 55
155 148
317 301
317 98
123 129
123 456
340 3
340 457
194 81
194 90
194 458
194 54
194 64
194 459
194 3
14 24
14 366
14 157
14 330
14 119
14 138
14 9
14 68
14 431
14 114
14 121
14 95
14 198
14 49
14 221
14 141
14 96
14 349
14 73
14 308
14 52
14 260
14 203
14 412
14 445
14 98
14 129
14 338
14 33
14 2
14 34
14 58
14 80
14 136
14 237
14 289
14 287
14 92
14 62
14 63
14 286
14 430
395 73
124 383
124 460
124 172
124 2
124 155
124 182
124 175
124 63
124 278
654 17
655 456
494 25
127 143
127 461
127 2
127 12
127 462
127 411
104 305
104 463
104 98
104 96
104 23
104 464
104 114
104 276
104 62
104 121
104 465
104 428
104 310
104 176
104 36
349 22
349 33
349 14
349 87
656 58
656 23
133 243
133 72
133 2
133 62
133 8
573 98
255 332
255 13
255 98
164 145
156 129
156 163
156 466
156 62
156 98
156 101
156 32
156 346
156 467
156 73
156 252
156 201
156 291
156 155
156 455
26 12
26 163
480 3
480 361
657 243
182 136
182 301
182 143
182 289
182 124
182 181
182 63
182 36
529 32
658 366
187 254
316 73
486 114
567 468
659 81
660 33
205 81
205 198
205 78
205 129
205 263
205 0
205 96
205 205
205 431
205 119
205 33
205 2
205 207
205 72
205 203
7 119
7 469
7 399
7 377
122 157
122 470
122 360
122 90
122 471
35 366
35 157
35 11
35 103
35 149
35 146
35 57
35 34
35 58
35 13
35 74
35 53
83 146
83 90
295 3
106 61
138 14
661 472
53 84
53 310
53 217
193 203
193 157
450 63
450 53
450 145
217 92
217 473
217 458
217 257
217 73
217 2
217 17
392 16
392 474
392 139
392 278
463 58
463 104
463 475
662 146
663 14
46 73
577 98
485 256
485 114
485 63
570 432
664 286
74 262
74 84
74 102
74 109
74 48
74 210
74 33
74 60
74 146
74 286
74 36
665 155
49 146
49 112
49 14
50 50
50 90
8 73
8 212
321 62
666 53
51 476
51 23
51 312
51 33
51 17
51 146
51 58
51 228
51 372
52 92
52 14
52 441
52 0
52 477
52 25
52 33
52 2
52 146
52 119
52 203
319 223
319 73
319 98
319 178
272 15
272 403
272 25
272 84
272 312
272 73
272 291
272 58
272 215
272 36
667 305
546 133
546 62
546 84
132 90
132 478
132 389
132 2
115 62
115 98
115 25
115 479
115 16
115 205
115 256
115 114
115 2
115 17
115 34
115 80
357 357
357 194
357 124
357 11
357 480
357 121
357 481
357 132
357 298
183 13
668 146
238 63
238 214
519 17
400 73
400 360
257 217
56 146
553 73
491 80
491 110
491 286
456 123
140 220
140 330
140 2
140 44
137 129
186 162
186 13
186 109
444 462
444 80
60 146
60 478
60 259
60 73
438 101
669 109
670 101
372 146
372 121
372 139
372 66
372 156
18 228
18 401
18 330
211 482
211 145
265 58
265 145
554 98
671 155
671 237
671 483
68 134
68 233
68 14
68 44
68 484
68 458
68 149
68 284
68 33
68 62
68 70
68 146
68 58
68 356
68 401
68 36
114 111
114 147
114 157
114 119
114 149
114 485
114 114
114 17
114 198
114 98
114 263
114 223
114 237
114 132
114 225
114 129
114 486
114 41
114 33
114 2
114 34
114 487
114 229
114 101
114 23
114 86
114 151
114 231
114 63
476 51
432 233
432 151
432 9
369 219
540 54
540 139
515 488
565 23
672 84
77 146
268 58
268 6
539 213
325 155
506 346
484 68
245 66
269 25
269 58
673 84
185 73
185 16
185 98
79 146
79 16
79 489
79 254
80 66
80 114
80 334
80 14
80 98
80 86
80 490
80 308
80 223
80 27
80 156
80 444
80 328
80 491
80 33
80 2
80 173
80 343
80 121
80 294
80 157
136 409
136 465
136 68
136 485
136 17
136 127
136 121
136 95
136 492
136 306
136 53
136 112
136 98
136 493
136 33
136 276
136 58
136 39
136 61
136 102
136 86
136 62
136 450
136 2
336 22
82 146
82 92
153 487
191 149
191 96
191 237
191 2
150 90
150 98
150 301
150 3
150 2
150 17
150 177
481 36
674 194
675 64
676 330
367 301
25 111
25 157
25 44
25 119
25 66
25 113
25 149
25 494
25 146
25 397
25 129
25 263
25 0
25 73
25 405
25 440
25 22
25 33
25 2
25 343
25 229
25 495
25 62
169 305
169 28
169 208
169 456
142 14
142 119
142 230
142 96
142 33
142 34
142 496
677 17
93 14
93 156
93 249
93 425
93 3
93 36
678 13
116 497
94 146
197 98
679 234
680 475
425 73
296 81
248 163
520 25
681 81
681 441
309 0
333 24
117 498
557 334
108 499
108 203
108 205
99 146
99 500
99 102
99 501
99 177
312 129
312 98
312 229
312 0
312 96
312 32
312 73
312 33
312 51
312 502
312 272
312 2
682 346
505 92
505 13
505 503
134 479
134 223
134 23
134 68
134 342
134 2
134 62
134 139
380 409
380 504
380 273
449 66
101 194
101 419
101 313
101 223
101 66
101 113
101 9
101 68
101 92
101 146
101 17
101 494
101 127
101 121
101 13
101 95
101 397
101 129
101 0
101 143
101 162
101 282
101 505
101 73
101 308
101 149
101 28
101 182
101 132
101 112
101 219
101 506
101 98
101 136
101 30
101 59
101 207
101 134
101 33
101 2
101 507
101 58
101 228
101 80
101 508
101 81
101 431
101 403
101 107
101 84
101 71
101 62
101 139
101 41
101 120
101 63
101 96
263 81
263 44
263 330
263 0
263 25
263 114
263 98
263 58
337 96
337 200
426 146
426 107
426 476
426 73
151 111
151 163
151 233
151 98
151 107
151 46
151 148
151 86
151 114
151 33
151 2
151 509
151 41
151 432
151 510
151 188
151 253
683 460
143 192
143 14
143 300
143 102
143 127
143 93
143 279
143 34
143 182
143 13
143 511
462 127
103 146
103 35
103 422
103 512
103 513
24 104
24 149
24 514
24 147
24 14
24 54
24 152
24 279
24 67
24 23
24 73
24 2
24 24
24 79
24 121
24 333
24 63
684 28
180 357
180 13
180 260
180 95
525 36
525 203
525 53
525 145
488 515
488 55
21 391
21 346
21 383
21 60
21 3
21 516
355 6
685 517
17 111
17 168
17 61
17 330
17 172
17 114
17 17
17 146
17 518
17 305
17 95
17 177
17 519
17 221
17 1
17 520
17 401
17 73
17 97
17 98
17 129
17 33
17 244
17 34
17 81
17 136
17 487
17 521
17 392
17 250
17 522
364 111
532 33
15 38
15 66
15 40
15 239
15 125
15 284
259 84
259 22
259 220
259 60
259 58
686 182
686 523
687 33
363 111
688 191
689 356
213 524
36 168
36 97
36 95
36 525
36 67
36 170
36 9
36 68
36 21
36 93
36 11
36 70
36 146
36 294
36 13
36 72
36 349
36 177
36 100
36 104
36 91
36 520
36 282
36 262
36 73
36 119
36 3
36 87
36 279
36 28
36 166
36 71
36 22
36 526
36 98
36 493
36 33
36 276
36 12
36 58
36 527
36 474
36 528
36 101
36 85
36 23
36 62
36 207
36 63
36 481
36 251
412 43
690 155
691 73
291 332
291 156
291 272
32 14
32 68
32 13
32 177
32 198
32 221
32 109
32 156
32 529
32 112
32 29
32 98
32 129
32 256
32 226
32 312
32 271
32 33
32 2
32 530
32 134
32 186
32 62
32 140
33 111
33 163
33 218
33 14
33 44
33 64
33 66
33 21
33 149
33 236
33 114
33 531
33 17
33 121
33 194
33 112
33 129
33 532
33 225
33 0
33 96
33 73
33 308
33 533
33 52
33 534
33 310
33 260
33 203
33 51
33 97
33 32
33 328
33 98
33 198
33 535
33 16
33 312
33 205
33 536
33 231
33 493
33 354
33 2
33 343
33 34
33 334
33 80
33 188
33 74
33 356
33 81
33 125
33 437
33 521
33 83
33 396
33 101
33 40
33 209
33 86
33 151
33 62
33 139
33 207
33 120
33 42
33 141
244 256
244 493
244 33
244 531
244 17
692 206
692 107
693 146
693 340
451 221
451 52
196 217
196 54
196 73
196 156
196 432
196 122
313 537
313 538
313 101
313 233
313 432
229 232
229 14
229 44
229 25
229 96
229 16
229 312
229 92
229 114
229 33
229 17
229 139
229 98
229 317
229 132
39 146
39 136
39 310
39 24
39 380
694 146
695 539
696 264
273 58
273 409
240 63
240 286
139 111
139 218
139 329
139 90
139 330
139 540
139 223
139 66
139 431
139 236
139 114
139 294
139 13
139 95
139 397
139 129
139 305
139 0
139 143
139 96
139 109
139 73
139 119
139 51
139 52
139 149
139 541
139 310
139 260
139 53
139 54
139 98
139 365
139 16
139 312
139 33
139 2
139 12
139 134
139 101
139 392
139 542
139 231
139 372
41 24
41 163
41 233
41 14
41 396
41 0
41 64
41 86
41 214
41 28
41 251
41 63
41 376
41 298
42 146
42 33
42 23
697 163
330 129
330 222
330 44
330 543
330 96
330 257
330 544
330 2
330 17
330 139
330 18
330 505
330 356
698 74
223 545
223 98
223 119
223 23
223 9
223 191
223 2
223 80
348 84
699 33
474 230
474 392
474 74
247 447
247 101
198 14
198 98
198 32
198 148
198 86
198 33
198 305
198 157
189 92
189 66
417 73
374 98
700 240
398 546
398 211
398 64
112 81
112 134
112 49
112 219
112 14
112 98
112 136
112 85
112 101
112 32
112 73
112 310
112 63
112 547
5 483
327 33
327 190
526 230
526 366
526 68
496 548
249 73
249 66
249 155
249 226
701 13
701 70
59 441
59 549
59 550
59 101
59 54
59 200
59 286
59 551
59 74
59 102
702 198
30 24
30 129
30 367
30 73
30 63
30 6
30 14
12 198
12 100
12 22
12 132
12 98
12 256
12 84
12 96
12 46
12 9
12 74
12 287
12 48
12 26
12 11
12 146
12 294
12 251
12 349
12 397
12 36
703 552
704 145
482 2
705 119
706 0
706 12
148 339
148 151
707 184
707 101
707 14
708 98
709 98
558 553
710 472
568 2
168 13
168 36
168 57
168 554
163 73
163 156
163 163
163 29
163 66
324 120
324 85
324 14
339 198
339 233
339 14
339 148
339 149
339 3
339 2
339 17
339 27
339 231
339 155
339 63
65 101
65 63
65 267
67 146
67 155
67 102
67 58
110 446
110 187
471 122
401 18
401 17
401 68
711 14
129 123
129 111
129 97
129 44
129 112
129 119
129 219
129 431
129 220
129 236
129 114
129 93
129 17
129 72
129 95
129 129
129 221
129 254
129 25
129 96
129 156
129 149
129 365
129 203
129 7
129 22
129 98
129 198
129 446
129 205
129 33
129 2
129 79
129 118
129 81
129 136
129 137
129 229
129 191
129 115
129 87
129 139
129 231
129 63
371 149
384 555
208 446
208 3
208 99
208 254
208 169
71 146
71 163
71 101
75 146
308 111
308 14
308 98
308 0
308 96
308 302
308 256
308 33
308 2
308 356
502 0
502 312
502 17
566 63
566 556
566 254
260 324
260 0
260 119
260 260
260 101
260 32
260 220
260 33
260 139
260 72
712 528
334 96
334 80
334 33
334 557
78 146
78 0
78 219
78 203
78 205
225 2
135 149
713 21
714 558
422 16
232 108
232 20
232 2
232 229
232 559
715 453
230 231
230 142
289 41
289 233
289 14
85 560
85 112
85 22
85 324
85 342
85 162
85 16
85 561
85 149
85 107
85 87
85 146
85 182
85 13
85 243
23 452
23 97
23 180
23 119
23 66
23 562
23 9
23 114
23 563
23 121
23 104
23 564
23 247
23 13
23 347
23 263
23 25
23 73
23 223
23 565
23 51
23 339
23 305
23 112
23 22
23 98
23 16
23 34
23 58
23 318
23 36
23 81
23 136
23 229
23 60
23 231
23 559
239 79
495 25
495 163
495 33
495 151
145 73
145 446
145 450
145 24
145 566
192 256
192 143
192 2
192 98
468 567
716 58
280 118
90 111
90 194
90 146
90 121
90 100
90 264
90 11
90 109
90 73
90 132
90 22
90 446
90 284
90 393
90 12
90 58
90 122
90 36
90 63
90 102
90 150
90 390
301 568
301 367
301 96
301 569
301 33
301 390
301 177
472 433
431 81
431 14
431 98
431 119
431 205
431 139
583 570
246 66
717 84
177 247
177 158
177 90
177 64
177 32
177 571
177 9
177 572
177 220
177 62
177 79
177 127
177 260
242 64
458 155
458 156
300 143
300 286
64 169
64 219
64 17
64 375
64 146
64 121
64 95
64 177
64 242
64 73
64 51
64 66
64 98
64 398
64 55
64 135
64 33
64 2
64 79
64 12
64 6
64 23
64 41
64 63
266 58
388 38
440 87
98 194
98 14
98 149
98 107
98 236
98 17
98 146
98 104
98 253
98 573
98 0
98 231
98 574
98 64
98 255
98 156
98 377
98 335
98 256
98 319
98 33
98 2
98 575
98 139
98 41
98 455
98 576
98 293
98 44
98 223
98 46
98 577
98 121
98 198
98 189
98 282
98 237
98 154
98 578
98 142
98 140
98 378
98 148
98 25
98 62
98 120
98 63
98 163
98 554
98 65
98 66
98 9
98 68
98 220
98 114
98 294
98 579
98 425
98 73
98 119
98 565
98 185
98 79
98 332
98 80
98 81
98 92
98 23
98 389
98 86
98 495
98 150
98 115
98 308
98 192
98 157
98 431
98 323
98 93
98 246
98 190
98 95
98 197
98 458
98 96
98 3
98 291
98 233
98 343
98 6
98 101
98 263
98 209
98 277
98 151
98 317
98 103
718 162
433 580
394 271
719 339
719 104
457 340
528 36
396 581
396 98
396 66
396 289
396 32
396 467
396 431
396 145
396 33
396 139
396 582
396 121
396 305
720 583
