224 0
225 1
26 2
85 3
85 4
85 5
85 6
85 7
85 8
85 9
85 10
85 11
85 12
62 13
62 14
62 15
62 16
62 17
41 18
83 19
83 20
83 21
83 22
83 23
83 24
226 0
227 25
58 17
149 13
149 26
149 16
37 4
37 27
37 28
37 29
37 30
37 31
37 32
228 33
228 34
229 35
230 36
204 37
204 28
147 38
31 39
31 40
18 41
4 13
4 14
4 30
4 42
4 43
134 1
134 44
231 23
88 45
88 46
88 15
118 15
99 47
232 48
123 49
123 50
123 10
217 51
233 52
234 53
235 54
235 55
236 56
218 51
218 57
218 9
195 58
102 59
102 60
102 61
96 13
96 62
96 63
96 58
96 56
96 17
104 17
104 64
104 65
104 66
104 30
121 67
237 68
19 69
19 70
34 71
34 72
34 24
34 73
2 55
2 27
2 74
2 75
2 76
2 71
238 77
77 78
77 71
77 79
77 80
77 9
173 16
157 13
183 28
183 50
183 29
24 81
24 82
24 83
239 84
239 27
10 85
10 6
10 37
10 48
10 17
10 86
10 87
10 88
10 28
10 89
10 43
10 71
10 90
10 59
10 91
10 58
10 92
10 16
10 93
10 13
10 51
10 94
10 95
10 23
56 51
56 67
56 96
56 50
56 97
97 56
97 98
97 99
97 50
97 100
97 43
97 71
97 97
97 101
198 36
212 52
60 102
60 103
60 23
30 104
30 99
30 105
30 28
30 29
30 95
30 43
240 4
241 13
150 74
150 106
150 34
150 107
150 108
242 107
72 109
125 79
125 47
125 110
125 48
125 4
196 13
158 23
158 92
158 9
109 55
109 109
243 86
101 97
152 17
152 111
152 112
0 71
119 113
119 98
119 114
119 115
119 15
119 116
119 117
61 102
244 5
15 88
15 118
15 119
15 120
15 42
15 121
15 115
15 122
39 8
39 12
49 13
49 123
49 101
245 124
17 62
17 125
17 58
17 126
17 127
17 71
17 48
17 128
129 57
197 10
86 10
57 129
160 77
160 19
160 60
160 115
89 88
89 10
165 71
246 66
180 130
247 131
247 105
247 132
247 133
247 50
182 51
182 29
162 71
65 104
65 27
222 134
222 126
55 71
55 135
55 51
66 104
66 51
248 23
249 45
249 31
3 5
3 85
3 136
7 13
7 85
7 27
7 15
46 88
78 85
78 51
78 52
78 135
78 34
78 137
78 77
148 95
167 138
167 23
167 85
167 79
120 139
120 140
120 75
120 141
250 74
98 142
110 143
44 134
190 85
190 144
190 97
175 13
251 26
94 145
8 39
8 4
40 28
9 106
9 85
9 44
9 51
9 146
9 17
9 10
221 115
22 17
23 22
23 34
23 48
23 83
23 60
179 56
179 147
179 105
179 29
32 148
32 106
32 16
252 149
74 150
74 107
74 136
253 17
133 28
108 120
159 28
159 111
159 107
159 119
159 151
254 28
255 124
45 152
45 88
45 29
45 47
45 153
45 87
127 154
127 27
161 71
184 155
132 22
132 154
132 29
38 147
38 156
11 29
114 36
114 74
114 157
114 27
114 10
223 158
223 136
71 85
71 39
71 58
71 159
71 48
71 17
71 31
71 160
71 161
71 162
71 134
71 163
71 164
71 83
71 165
71 166
71 55
71 59
71 91
71 52
71 2
71 97
71 167
71 168
71 10
71 93
71 169
71 170
71 109
71 32
143 13
112 56
112 152
256 171
257 84
188 91
90 113
90 10
73 34
128 17
100 56
258 172
258 85
20 83
135 71
135 165
151 51
151 16
151 58
151 87
259 10
16 4
16 69
16 149
16 71
16 173
16 10
93 74
93 71
93 48
93 2
93 10
93 23
93 12
13 159
13 106
13 174
13 57
13 143
13 175
13 149
13 7
13 71
13 49
13 96
13 176
13 136
13 166
13 95
13 177
13 10
154 74
154 132
154 111
29 178
29 79
29 44
29 179
29 74
29 30
29 180
29 153
29 181
29 182
29 147
29 183
42 15
63 118
155 184
170 71
67 132
260 23
153 29
201 28
201 185
95 13
95 30
95 92
95 167
95 12
95 186
95 10
187 28
187 51
187 187
205 4
115 188
115 160
115 97
12 189
12 118
12 39
12 95
12 85
12 111
12 10
82 51
144 190
50 191
50 123
50 177
50 110
50 97
261 29
262 71
5 30
5 45
263 82
216 13
216 192
216 23
200 0
200 161
48 193
48 125
48 64
48 95
107 79
107 4
107 5
107 58
107 194
107 159
107 150
107 107
107 195
137 78
264 134
264 44
265 126
80 196
80 158
193 197
106 118
106 66
106 50
106 97
106 198
106 1
211 91
28 199
28 132
28 51
28 43
28 200
28 158
28 151
28 201
28 77
28 187
28 10
163 78
75 2
87 106
87 8
87 48
87 95
87 45
87 120
87 202
87 10
111 152
111 131
111 6
111 58
111 159
111 203
111 18
111 12
177 168
113 90
113 119
113 191
113 151
113 204
113 198
113 111
36 17
36 198
36 79
27 36
27 55
27 31
27 205
27 206
27 28
27 207
27 114
27 84
27 6
27 34
27 2
27 208
27 209
27 167
27 157
27 127
27 65
27 131
27 7
27 210
138 0
91 211
59 51
59 10
266 0
267 68
194 107
79 125
79 48
92 95
92 3
92 158
52 71
52 212
70 197
268 71
189 12
105 71
105 167
105 79
105 91
105 29
269 213
51 82
51 4
51 214
51 56
51 215
51 136
51 17
51 216
51 106
51 28
51 217
51 71
51 176
51 218
51 55
51 219
51 66
51 59
51 7
51 2
51 77
51 115
51 10
51 37
51 110
51 197
51 22
51 131
270 28
185 201
185 79
185 220
126 66
126 136
126 221
126 17
126 222
126 4
191 223
64 104
168 135
43 30
43 28
43 51
43 56
43 49
43 97
43 10
131 71
131 51
