307 0
308 1
45 2
45 3
45 4
45 5
45 6
45 7
46 8
46 9
46 10
46 11
46 4
46 12
46 13
46 14
46 15
46 16
31 17
31 8
31 18
31 19
31 20
31 4
31 21
31 22
31 23
31 6
31 24
31 25
31 26
31 27
31 28
31 29
31 30
309 28
20 31
20 5
20 32
20 33
20 34
20 26
20 35
20 36
310 37
310 6
108 25
108 22
108 32
108 38
108 39
108 40
108 41
108 42
108 43
108 15
108 30
259 44
4 45
4 46
4 31
4 8
4 47
4 48
4 32
4 49
4 50
4 51
43 52
43 53
43 54
43 55
43 56
43 47
43 57
43 32
43 58
43 59
43 1
43 60
43 61
74 62
74 63
74 64
74 46
74 65
74 4
74 66
74 59
163 67
163 15
163 68
163 69
163 57
251 70
290 71
80 17
80 72
80 54
80 19
80 73
80 74
80 15
80 50
80 40
80 67
80 25
80 75
80 30
77 76
77 77
77 29
77 59
311 18
311 5
312 78
9 79
9 80
9 81
9 82
9 83
9 84
9 85
9 57
9 86
9 38
9 87
9 51
9 71
9 88
9 89
9 26
142 24
190 67
190 90
295 19
183 62
183 19
183 91
183 92
183 93
68 17
27 0
27 31
27 94
27 95
27 96
27 97
27 59
27 30
27 76
27 98
27 62
27 99
27 100
27 57
27 101
27 39
27 51
27 24
27 75
27 102
27 36
27 103
27 104
27 19
27 105
27 106
27 107
40 17
40 19
40 108
167 72
88 109
88 110
88 111
88 32
88 38
88 112
88 113
88 114
88 9
160 91
111 115
111 112
260 17
260 71
260 82
260 83
313 42
313 116
49 17
49 82
49 117
49 19
49 118
49 4
49 27
49 119
49 120
49 41
49 80
49 121
226 43
305 122
253 123
207 101
207 76
207 124
207 4
207 125
113 126
113 55
113 57
113 59
113 15
113 82
262 17
127 127
118 49
131 128
131 129
131 91
314 82
315 111
315 5
216 68
192 67
192 17
192 73
192 130
294 83
294 131
294 132
294 133
153 10
153 43
153 134
153 135
39 136
39 137
39 138
39 107
39 27
39 74
39 100
39 42
39 82
39 139
50 140
50 4
50 141
50 30
120 17
24 142
24 143
24 91
24 144
24 31
24 83
24 5
24 32
24 67
24 145
24 106
24 52
24 15
24 78
24 146
228 147
228 148
228 26
134 62
134 131
134 31
134 149
134 150
134 95
134 6
134 151
134 91
134 5
134 152
134 153
134 154
134 15
134 82
134 155
245 124
245 48
58 43
58 156
58 26
26 157
26 31
26 149
26 38
26 59
26 67
26 42
26 158
26 35
26 9
26 54
26 159
26 160
26 27
26 161
26 6
26 162
26 130
26 63
26 25
26 134
26 36
26 79
26 17
26 117
26 73
26 15
130 26
229 67
229 163
205 164
104 165
104 155
72 166
72 167
316 75
117 57
117 101
117 38
117 163
117 168
117 90
117 80
117 162
117 26
317 169
317 106
317 150
81 9
3 95
318 26
291 91
116 170
210 38
210 171
210 156
210 26
304 172
83 17
83 156
83 9
83 173
83 95
83 57
83 12
83 174
83 154
83 41
83 25
83 28
83 30
217 40
217 119
217 51
14 73
14 46
231 28
319 175
319 12
319 111
197 67
157 91
157 95
157 176
157 42
157 177
157 178
85 179
85 149
85 180
85 174
85 181
85 59
85 42
85 82
85 182
85 9
92 183
92 128
92 184
92 149
92 57
188 67
188 57
95 157
95 83
95 134
95 15
95 185
320 186
320 51
267 32
267 39
267 187
252 174
252 22
135 153
321 83
67 31
67 94
67 188
67 108
67 189
67 4
67 74
67 24
67 99
67 145
67 59
67 164
67 30
67 190
67 80
67 76
67 22
67 161
67 6
67 36
67 71
67 62
67 97
67 191
67 192
67 193
67 41
67 25
67 134
67 26
67 194
67 63
67 109
67 18
67 38
67 19
67 195
67 15
67 196
67 197
87 198
115 199
115 191
115 111
115 42
115 200
115 30
42 17
42 201
42 156
42 169
42 85
42 202
42 27
42 203
42 152
42 174
42 100
42 161
42 204
29 31
29 83
29 192
29 57
29 32
29 41
29 22
29 77
249 51
141 50
121 8
121 181
322 1
164 79
164 67
164 205
164 206
164 207
54 43
54 80
54 208
54 82
276 99
48 140
161 67
161 42
161 164
161 100
161 26
6 90
6 57
323 72
324 100
125 111
137 29
325 58
326 134
162 55
162 117
126 25
126 89
126 57
126 27
8 31
8 169
8 209
8 155
8 40
8 25
8 121
114 104
106 24
106 83
106 100
106 27
327 209
327 51
296 19
171 210
56 210
206 76
206 164
206 72
213 17
213 211
213 57
57 9
57 94
57 151
57 118
57 4
57 59
57 182
57 121
57 212
57 27
57 30
57 62
57 126
57 99
57 213
57 10
57 24
57 25
57 214
57 29
57 17
57 117
57 83
57 19
57 85
101 117
101 19
101 73
101 27
101 59
101 215
101 207
101 36
10 216
10 46
10 59
328 217
0 41
0 17
0 100
177 217
41 9
41 188
41 108
41 38
41 100
41 154
41 67
41 42
41 105
41 128
41 31
41 212
41 27
41 32
41 49
41 36
41 99
41 22
41 191
41 71
41 39
41 218
41 25
41 75
41 134
41 29
41 219
41 26
41 17
41 180
41 83
41 220
41 106
41 15
41 16
41 82
25 0
25 221
25 59
25 67
25 80
25 182
25 222
25 20
25 111
25 36
25 126
25 8
25 191
25 89
25 57
25 24
25 223
25 102
25 26
25 17
25 117
25 83
25 19
25 53
25 155
25 133
75 165
75 95
75 89
75 38
75 163
75 224
75 15
75 82
75 71
75 26
214 57
240 57
166 39
329 217
329 99
261 17
261 22
330 149
264 55
264 2
180 131
180 19
180 85
180 209
180 225
180 82
180 35
331 106
11 46
11 226
11 47
11 4
332 141
332 48
105 37
105 41
105 131
105 27
173 83
173 22
195 67
195 36
333 39
333 1
100 0
100 17
100 91
100 38
100 71
100 27
100 161
100 10
100 13
100 106
100 42
100 41
100 227
227 38
227 228
227 19
334 155
82 62
82 127
82 54
82 229
82 108
82 230
82 39
82 51
82 15
82 28
82 182
28 19
28 231
28 9
28 5
272 112
15 179
15 17
15 91
15 232
15 30
15 41
15 176
15 47
15 5
15 23
15 24
15 174
15 99
15 233
15 45
15 67
15 43
15 26
15 29
15 32
15 36
335 0
336 9
242 203
337 5
94 57
94 27
151 54
151 12
151 25
151 75
151 134
151 36
338 19
338 234
5 63
5 45
5 12
5 235
5 19
5 73
5 236
5 22
5 67
5 24
5 78
5 28
5 15
5 30
246 17
246 212
246 218
246 75
246 146
246 30
38 32
38 10
38 132
38 100
38 67
154 22
119 41
119 17
181 237
181 121
59 179
59 17
59 85
59 72
59 31
59 10
59 71
59 108
59 238
59 53
59 101
59 67
59 195
59 15
59 25
59 75
59 27
59 158
59 26
339 1
340 117
52 17
52 43
52 187
222 25
268 4
341 40
110 9
342 24
269 19
269 232
233 239
233 15
233 240
343 9
244 46
32 17
32 241
32 242
32 157
32 243
32 19
32 244
32 20
32 4
32 203
32 12
32 183
32 67
32 41
32 42
32 24
32 245
32 71
32 36
344 19
293 33
212 246
212 41
250 70
90 247
345 9
346 183
178 67
178 19
178 30
179 15
179 85
179 234
51 17
51 4
51 41
51 248
51 134
51 249
70 250
70 19
70 251
156 134
156 73
156 58
347 106
238 59
89 75
273 9
273 54
219 41
47 11
348 31
193 67
193 17
193 27
23 15
23 38
23 212
23 162
23 220
132 38
218 246
218 128
218 31
349 252
123 103
123 253
128 75
128 107
128 218
299 254
299 133
165 237
165 231
165 255
36 0
36 67
36 256
36 30
36 55
36 20
36 27
36 26
36 99
36 63
36 191
36 170
36 101
36 24
36 25
36 257
36 216
36 17
36 18
36 19
36 73
36 236
36 195
36 15
36 208
103 166
103 232
103 28
17 31
17 258
17 51
17 259
17 193
17 38
17 119
17 59
17 42
17 30
17 32
17 64
17 212
17 245
17 260
17 49
17 26
17 68
17 71
17 213
17 170
17 234
17 47
17 40
17 41
17 25
17 75
17 1
17 102
17 219
17 36
17 130
17 261
17 262
17 263
17 19
17 220
17 100
17 15
17 227
17 82
17 198
124 207
124 245
109 107
12 17
12 264
12 83
12 89
12 265
12 5
12 32
12 163
12 266
12 1
12 231
12 133
12 30
223 25
350 126
350 244
285 24
285 31
285 30
247 38
255 231
79 9
79 111
79 4
79 57
79 76
79 25
79 164
79 26
203 32
203 17
203 265
203 243
351 80
155 25
155 8
155 134
155 267
191 36
352 20
266 12
277 32
208 36
200 79
200 55
147 227
147 228
147 255
1 43
184 15
184 47
184 59
353 74
354 268
69 41
69 149
149 99
149 69
149 92
149 19
149 85
149 105
149 32
149 26
149 71
149 30
258 5
182 269
182 124
182 99
182 82
254 29
355 24
96 27
66 216
66 91
297 73
297 163
297 267
297 270
198 17
198 59
198 271
230 82
230 107
230 236
174 212
174 83
174 70
174 252
174 51
174 15
174 42
145 67
145 30
7 13
7 45
112 88
112 68
112 272
112 1
112 111
220 83
158 80
158 273
158 39
158 182
158 26
35 191
35 26
356 26
275 274
86 28
357 32
358 38
204 171
274 275
274 274
274 232
176 74
202 156
99 149
99 10
99 217
99 89
99 41
99 276
99 57
99 277
99 174
99 83
99 67
99 42
99 53
99 107
99 182
99 36
22 31
22 19
22 85
22 252
22 173
22 29
199 30
76 278
76 207
76 27
359 162
146 51
360 121
168 117
21 57
30 46
30 31
30 149
30 151
30 5
30 246
30 279
30 59
30 67
30 164
30 208
30 30
30 27
30 32
30 280
30 281
30 282
30 283
30 284
30 71
30 57
30 101
30 153
30 39
30 50
30 75
30 29
30 26
30 285
30 19
30 178
30 16
281 55
281 286
282 30
63 92
63 5
63 74
63 76
63 100
63 36
63 26
62 131
62 183
62 234
62 57
62 74
62 98
62 25
62 134
97 133
292 80
2 287
169 288
169 38
169 42
169 289
169 4
71 9
71 149
71 41
71 5
71 32
71 38
71 290
71 172
71 30
78 67
78 79
78 24
78 106
78 5
91 15
91 291
91 18
91 4
136 39
170 17
361 10
362 253
143 24
143 233
363 292
257 36
364 91
364 39
194 67
194 26
241 32
18 32
18 174
18 154
18 31
18 27
33 107
33 20
33 293
133 172
133 150
133 27
133 278
133 294
133 218
133 75
19 0
19 31
19 149
19 244
19 38
19 67
19 159
19 30
19 295
19 27
19 32
19 36
19 9
19 178
19 126
19 296
19 89
19 101
19 217
19 39
19 40
19 25
19 116
19 26
19 17
19 82
19 180
19 117
19 210
19 100
19 15
19 227
19 200
19 147
73 17
73 156
73 297
73 192
73 5
73 10
73 49
73 14
73 80
73 291
73 36
236 230
236 36
236 298
236 5
209 17
209 8
209 95
209 6
209 67
209 299
365 5
224 300
55 281
55 107
55 301
55 115
55 15
55 43
55 28
55 30
172 302
172 99
172 149
172 303
172 122
172 23
172 210
172 304
172 34
172 100
172 39
172 305
16 46
16 83
16 106
16 51
16 42
16 30
16 36
107 99
107 27
107 33
107 306
107 100
107 15
107 146
107 30
