660 0
97 1
97 2
97 3
97 4
97 5
97 6
97 7
161 8
161 9
241 10
241 11
241 0
241 12
241 13
241 14
241 15
241 16
241 17
241 18
241 19
241 20
241 21
241 22
241 23
241 24
380 25
380 26
704 27
704 28
704 29
174 30
174 31
174 32
174 33
174 5
174 34
174 35
174 36
174 37
174 38
174 39
174 4
174 40
174 41
174 42
174 43
174 44
174 45
174 46
174 47
174 48
174 49
174 50
174 51
174 52
174 53
174 54
174 55
174 56
174 12
174 57
174 14
174 58
174 21
174 59
174 60
174 61
174 62
174 63
777 26
439 64
439 65
439 50
439 66
706 20
706 50
296 67
296 56
296 68
296 69
296 58
296 27
296 70
296 71
296 72
767 47
379 73
379 74
379 75
379 76
765 58
765 77
778 5
284 33
598 78
598 27
598 79
23 80
23 81
23 70
23 47
23 32
23 27
23 35
23 82
23 20
779 38
85 83
85 84
85 85
85 86
85 87
85 60
85 88
85 89
437 90
437 50
437 91
369 92
369 93
369 94
369 40
369 8
369 95
369 50
369 96
618 27
339 97
339 47
339 98
339 99
339 58
339 100
339 101
339 102
28 68
28 103
28 36
28 99
28 104
28 105
28 4
28 40
28 27
28 45
28 47
28 64
28 106
28 107
28 108
28 109
28 50
28 110
28 111
28 112
28 113
28 3
28 114
28 115
28 60
28 57
28 116
28 117
451 118
451 16
451 22
451 119
451 120
95 14
95 65
95 121
267 31
267 122
239 54
239 123
239 46
239 124
239 125
239 122
239 126
239 50
239 65
193 0
193 33
193 16
193 127
193 70
193 105
193 15
193 128
193 129
193 130
193 131
193 43
193 47
193 86
193 51
193 132
193 54
193 56
193 14
193 133
193 134
193 135
193 20
193 136
689 137
689 138
689 40
417 47
417 56
417 139
417 140
417 27
417 141
417 50
417 18
417 20
417 142
417 143
759 80
759 144
177 67
177 145
177 46
780 36
781 146
251 118
251 147
251 148
251 149
251 150
251 58
251 151
251 152
251 36
251 61
251 153
527 154
158 155
158 156
158 157
158 158
158 159
9 81
9 160
9 161
9 45
9 58
9 162
9 163
782 164
782 165
401 166
401 45
783 167
454 116
784 27
784 118
784 4
784 70
168 103
168 168
168 100
67 30
67 169
67 170
67 171
67 172
67 47
67 173
67 14
67 8
67 174
67 16
67 145
67 50
67 175
67 176
67 51
67 25
67 177
762 122
785 150
604 36
634 14
634 79
538 178
124 179
124 180
124 119
124 112
124 173
124 13
124 14
124 181
124 124
37 38
37 182
37 33
37 5
37 174
37 183
37 147
37 27
37 184
37 185
37 186
37 46
37 60
37 47
37 187
37 48
37 50
37 157
37 8
37 188
37 14
37 58
37 189
37 18
37 144
37 190
128 191
128 31
128 47
128 186
128 192
128 16
128 184
128 193
368 8
368 70
786 194
786 50
508 195
309 54
309 196
309 197
309 198
309 199
309 200
309 4
309 201
309 202
309 203
309 204
309 205
787 206
457 207
788 118
788 208
131 193
131 24
131 126
131 209
753 94
789 148
490 126
262 210
387 211
340 212
340 4
340 213
93 214
93 27
93 215
93 35
93 106
93 15
474 216
474 81
474 217
191 4
191 128
375 209
686 218
686 43
686 219
686 220
686 173
447 221
447 53
51 30
51 123
51 222
51 32
51 223
51 16
51 68
51 224
51 203
51 37
51 75
51 122
51 69
51 4
51 225
51 27
51 226
51 102
51 67
51 80
51 164
51 227
51 228
51 126
51 202
51 50
51 229
51 230
51 193
51 51
51 231
51 232
51 53
51 54
51 28
51 89
51 233
51 234
51 112
51 235
51 236
51 237
51 140
51 58
51 6
51 20
51 65
51 238
51 239
307 81
307 160
307 240
307 241
307 70
790 242
667 58
667 243
667 244
667 245
233 246
233 155
233 47
233 247
233 248
233 4
233 122
233 68
233 126
233 50
233 202
233 249
233 203
233 204
233 250
233 14
791 146
153 251
153 252
175 67
60 253
60 94
60 254
60 31
60 182
60 90
60 33
60 150
60 79
60 16
60 68
60 255
60 127
60 88
60 36
60 256
60 104
60 257
60 173
60 85
60 4
60 258
60 40
60 27
60 184
60 259
60 99
60 260
60 261
60 262
60 263
60 264
60 265
60 50
60 266
60 232
60 54
60 80
60 267
60 55
60 174
60 268
60 8
60 269
60 151
60 20
60 234
60 65
792 36
792 261
792 126
364 270
364 47
364 271
364 27
364 103
364 272
333 273
333 274
333 188
682 173
258 14
258 81
258 64
258 241
258 119
258 275
258 276
258 277
258 278
258 65
258 279
751 280
282 54
282 68
33 195
33 281
33 282
33 100
33 70
33 283
33 36
33 105
33 15
33 284
33 285
33 4
33 40
33 27
33 184
33 286
33 81
33 45
33 47
33 287
33 288
33 193
33 53
33 54
33 289
33 207
33 14
33 268
33 20
33 89
33 290
367 8
367 180
793 81
150 81
150 291
150 170
150 40
150 36
150 292
150 53
393 293
393 37
393 112
393 12
393 27
393 20
393 294
393 116
393 295
68 182
68 282
68 186
68 70
68 296
68 297
68 298
68 122
68 69
68 4
68 201
68 299
68 178
68 115
68 300
68 24
68 228
68 50
68 301
68 53
68 14
68 302
68 60
68 20
68 303
567 81
631 304
794 305
795 48
337 58
774 155
774 126
338 58
577 27
577 39
577 31
577 261
577 79
306 306
616 81
616 70
616 307
481 308
481 150
201 202
201 247
201 309
201 122
796 60
314 4
314 310
314 182
530 258
530 37
748 91
11 241
11 140
227 51
227 53
227 99
681 14
681 311
571 208
571 312
571 313
310 314
556 133
52 174
52 315
52 19
52 27
52 316
52 317
52 301
52 318
566 40
54 31
54 119
54 282
54 319
54 81
54 150
54 174
54 68
54 320
54 127
54 193
54 106
54 126
54 38
54 321
54 83
54 26
54 122
54 4
54 322
54 323
54 40
54 324
54 325
54 16
54 33
54 25
54 178
54 67
54 326
54 45
54 327
54 47
54 293
54 287
54 286
54 65
54 307
54 90
54 137
54 145
54 50
54 239
54 328
54 223
54 231
54 329
54 232
54 53
54 80
54 330
54 155
54 331
54 112
54 234
54 12
54 268
54 21
54 259
54 151
54 60
54 20
54 136
54 290
797 50
443 27
443 251
443 332
443 121
443 18
188 333
3 334
570 27
570 83
389 335
389 277
798 293
58 182
58 247
58 33
58 174
58 336
58 255
58 70
58 46
58 337
58 154
58 338
58 27
58 184
58 43
58 81
58 45
58 339
58 340
58 275
58 86
58 28
58 341
58 112
58 9
58 342
58 100
58 343
58 344
58 115
58 57
58 334
58 345
799 27
115 68
35 346
35 31
35 0
35 79
35 16
35 347
35 261
35 36
35 295
35 348
35 124
35 119
35 122
35 40
35 349
35 350
35 351
35 352
35 45
35 47
35 93
35 182
35 145
35 50
35 23
35 232
35 53
35 173
35 58
35 344
35 189
234 353
234 123
234 276
234 119
234 354
234 204
234 36
234 298
234 122
234 355
234 2
234 356
234 357
234 45
234 6
234 47
234 126
234 202
234 50
234 51
234 250
234 232
234 80
234 60
234 20
505 284
505 81
505 160
505 31
505 79
505 151
505 358
505 359
471 57
471 68
471 27
471 99
290 87
290 81
290 248
290 14
290 268
290 126
290 27
290 50
290 360
290 37
290 53
800 361
98 48
98 362
801 363
271 364
802 173
101 70
101 40
317 365
317 366
317 52
317 317
317 40
8 195
8 31
8 322
8 32
8 367
8 70
8 99
8 37
8 368
8 192
8 40
8 369
8 205
8 370
8 81
8 295
8 47
8 80
8 181
8 50
8 23
8 289
8 292
8 20
8 65
8 371
103 339
103 38
103 186
103 372
103 373
103 374
103 364
103 232
209 375
279 202
321 376
580 54
580 57
580 100
580 377
580 378
562 33
562 105
562 379
26 54
26 56
26 164
26 192
26 380
26 99
26 27
26 66
26 49
26 70
26 381
26 382
26 53
69 32
69 383
69 68
69 296
69 297
69 37
69 47
69 122
69 4
69 40
69 384
69 197
69 159
69 107
69 50
69 385
69 207
69 21
69 120
69 173
69 386
69 274
69 137
69 65
531 224
531 222
325 133
211 80
211 4
211 387
211 388
335 389
803 390
572 53
25 391
25 31
25 182
25 287
25 79
25 27
25 50
25 70
25 43
25 140
804 192
804 154
351 35
179 27
179 47
370 38
805 14
45 392
45 33
45 393
45 394
45 36
45 298
45 15
45 395
45 58
45 173
45 84
45 4
45 40
45 27
45 184
45 396
45 287
45 121
45 397
45 398
45 50
45 399
45 400
45 54
45 80
45 56
45 234
45 9
45 57
45 122
45 401
45 402
45 344
45 175
45 316
45 403
806 261
583 27
583 105
7 57
7 100
7 5
446 404
446 388
446 232
542 217
542 126
289 57
289 136
289 232
289 40
289 15
807 38
171 67
171 230
202 234
202 182
202 200
202 94
202 201
202 50
202 70
202 51
202 231
202 250
202 205
617 81
617 344
431 339
431 43
431 73
691 320
327 105
426 31
426 15
528 32
808 405
353 81
353 119
353 122
353 33
353 344
353 6
353 91
353 65
353 329
353 121
809 16
420 104
420 45
810 237
383 69
383 60
16 406
16 38
16 0
16 407
16 32
16 16
16 408
16 70
16 36
16 40
16 298
16 241
16 409
16 128
16 122
16 69
16 192
16 410
16 27
16 404
16 219
16 91
16 102
16 67
16 340
16 287
16 411
16 412
16 222
16 375
16 145
16 413
16 50
16 193
16 51
16 23
16 376
16 414
16 54
16 28
16 341
16 92
16 120
16 14
16 415
16 119
16 416
16 60
16 20
16 65
34 4
811 36
590 184
590 417
448 418
515 54
515 258
515 182
515 122
515 342
515 14
515 116
515 232
348 27
348 14
348 419
104 420
104 112
104 275
104 27
104 17
104 18
104 20
104 14
473 353
473 54
473 0
473 47
473 28
473 421
473 422
473 68
473 423
473 88
473 36
473 424
409 16
812 323
285 33
285 417
285 36
4 400
4 425
4 32
4 174
4 68
4 103
4 70
4 36
4 309
4 323
4 40
4 27
4 184
4 25
4 81
4 45
4 46
4 340
4 287
4 228
4 191
4 20
4 314
4 50
4 51
4 329
4 232
4 53
4 54
4 28
4 188
4 14
4 94
4 34
4 344
4 60
4 116
4 426
90 58
90 47
90 6
90 427
656 184
324 54
324 50
548 48
30 51
43 428
43 28
43 81
43 429
43 40
43 430
43 57
43 14
43 431
43 140
43 73
43 36
43 301
43 105
43 64
43 254
43 53
647 80
647 267
647 119
647 122
647 34
647 50
647 91
647 25
452 184
452 432
452 59
452 53
421 105
354 124
354 396
354 234
354 69
354 165
354 27
354 184
354 103
354 398
354 115
354 144
260 16
260 32
260 433
260 182
260 173
715 112
813 295
813 434
813 182
814 435
64 80
64 160
64 261
64 258
64 436
64 437
64 438
64 439
64 277
64 224
64 82
64 440
64 50
64 51
64 65
64 441
64 442
330 54
330 122
330 68
330 50
330 20
330 231
330 298
388 315
388 443
388 300
388 56
388 243
388 15
388 27
388 211
388 50
388 60
388 47
388 444
388 445
388 136
388 102
388 446
815 447
730 48
730 258
730 51
730 105
730 121
816 58
817 323
818 448
506 49
120 0
120 449
120 16
120 224
120 450
120 182
120 173
120 69
120 27
120 384
120 451
120 205
120 452
120 398
120 50
120 51
120 267
120 207
120 234
120 453
120 344
120 454
120 65
120 455
120 426
12 54
12 80
12 354
12 89
12 112
12 261
12 122
12 393
12 105
178 68
178 50
178 411
170 150
220 456
624 81
148 251
148 457
148 133
148 27
148 60
148 458
148 59
20 258
20 195
20 459
20 182
20 282
20 32
20 33
20 174
20 16
20 68
20 203
20 67
20 295
20 298
20 15
20 348
20 106
20 75
20 122
20 4
20 460
20 323
20 40
20 27
20 286
20 43
20 178
20 102
20 54
20 354
20 60
20 91
20 228
20 222
20 264
20 181
20 145
20 398
20 50
20 444
20 393
20 23
20 329
20 232
20 461
20 411
20 330
20 92
20 112
20 13
20 14
20 173
20 237
20 79
20 8
20 6
20 263
20 89
20 59
20 462
701 320
701 70
332 182
332 47
332 126
123 80
123 463
123 167
123 26
123 464
123 69
123 186
123 465
123 342
123 16
123 384
123 128
123 60
123 466
123 51
123 144
123 31
557 40
182 271
182 33
182 150
182 467
182 468
182 408
182 277
182 70
182 469
182 106
182 433
182 154
182 37
182 4
182 40
182 27
182 184
182 299
182 99
182 126
182 202
182 314
182 50
182 470
182 112
182 68
182 14
182 120
182 320
182 6
182 334
182 332
182 471
640 352
640 397
640 70
640 472
819 473
819 134
820 48
216 27
216 474
216 475
216 112
622 81
684 277
445 205
445 388
445 234
445 122
821 160
298 45
298 234
298 119
298 122
298 287
298 19
298 173
298 476
298 40
298 16
298 68
298 145
298 398
298 50
298 70
298 91
298 20
298 204
298 106
298 477
298 376
822 290
561 18
10 478
10 453
10 241
10 479
549 480
549 51
654 89
734 27
734 70
823 136
308 481
360 278
360 344
360 99
824 482
252 64
252 483
252 154
396 354
396 47
396 57
396 161
396 484
396 69
825 485
24 486
24 50
24 91
648 14
826 126
126 487
126 31
126 182
126 5
126 79
126 174
126 468
126 70
126 36
126 481
126 488
126 309
126 298
126 489
126 181
126 122
126 479
126 4
126 112
126 40
126 384
126 205
126 490
126 186
126 316
126 293
126 78
126 64
126 262
126 126
126 48
126 202
126 415
126 50
126 491
126 51
126 250
126 53
126 196
126 492
126 315
126 233
126 198
126 56
126 68
126 140
126 493
126 494
126 495
126 17
126 302
126 60
126 332
126 471
126 290
827 496
49 30
49 182
49 208
49 35
49 47
828 234
231 54
231 497
231 330
231 94
231 75
231 498
231 47
231 32
231 499
231 500
231 15
231 501
231 91
231 502
231 51
231 126
231 503
231 232
231 504
231 38
429 254
429 376
92 31
92 148
92 94
92 79
92 16
92 17
92 342
92 20
268 28
268 14
268 79
268 184
268 70
268 505
829 0
829 340
830 36
830 315
301 27
301 43
301 52
724 162
136 289
136 0
136 182
136 90
136 287
136 403
136 173
136 506
136 27
136 100
136 507
136 116
136 56
136 400
136 329
136 31
652 344
462 80
462 195
462 287
462 489
462 50
462 20
462 51
462 295
723 152
723 50
195 122
195 14
195 508
195 40
195 144
195 509
195 20
195 334
195 114
195 53
831 176
831 140
553 15
210 473
210 510
210 210
210 40
832 28
692 70
294 4
294 122
127 193
127 14
127 511
127 512
127 126
378 184
378 195
378 47
378 334
469 275
469 50
469 18
469 182
297 50
297 513
297 68
833 147
834 514
835 27
769 47
283 33
836 380
642 397
232 258
232 182
232 32
232 79
232 16
232 122
232 204
232 296
232 36
232 515
232 298
232 516
232 106
232 173
232 4
232 290
232 91
232 46
232 47
232 289
232 228
232 181
232 473
232 517
232 50
232 157
232 193
232 51
232 23
232 329
232 400
232 54
232 28
232 315
232 234
232 94
232 237
232 140
232 136
232 224
32 518
32 276
32 38
32 322
32 16
32 519
32 463
32 231
32 122
32 520
32 69
32 4
32 40
32 27
32 521
32 522
32 523
32 6
32 524
32 91
32 525
32 50
32 51
32 526
32 232
32 53
32 54
32 8
32 527
32 56
32 9
32 14
32 118
32 163
32 60
32 466
32 334
32 166
32 528
356 27
356 234
837 81
96 277
96 50
472 342
472 56
472 53
754 94
326 54
326 86
46 54
46 300
46 392
46 69
46 4
46 263
46 50
46 239
46 178
838 174
838 427
275 469
275 258
275 31
275 112
275 27
839 361
107 424
107 70
113 112
145 54
145 411
145 47
145 0
145 165
145 529
145 50
145 35
145 203
145 126
145 177
190 433
190 14
190 58
190 384
190 36
190 37
190 530
444 174
444 531
444 323
444 532
444 211
444 18
444 533
444 20
444 36
643 534
671 479
671 535
671 315
400 155
400 47
400 173
400 14
400 17
400 50
400 536
400 136
400 4
400 537
840 30
840 347
468 27
57 28
57 45
57 396
57 174
57 133
57 27
57 296
57 320
57 20
841 50
841 237
841 538
602 226
140 80
140 232
140 69
140 15
140 27
140 181
140 51
140 417
529 50
529 55
529 122
189 80
189 485
189 342
189 58
189 50
189 35
189 57
189 51
189 37
189 299
18 58
18 21
18 33
18 76
18 539
18 40
18 48
18 73
18 16
18 286
18 469
18 444
116 497
116 136
116 128
116 122
116 4
116 344
116 99
116 264
116 155
116 540
116 541
217 20
217 444
217 14
217 542
382 543
382 94
382 50
842 544
346 545
346 93
346 94
346 35
615 546
615 81
558 547
558 315
558 47
558 275
558 184
558 548
558 60
558 205
465 38
465 119
108 28
108 295
38 54
38 16
38 354
38 47
38 549
38 32
38 152
38 14
38 174
38 27
38 103
38 550
38 89
38 244
38 31
843 174
843 27
532 80
385 69
844 50
716 114
716 112
716 47
106 54
106 28
106 551
106 552
106 174
106 398
106 457
106 20
106 298
15 353
15 38
15 119
15 33
15 76
15 8
15 70
15 261
15 37
15 553
15 182
15 4
15 323
15 27
15 360
15 554
15 45
15 47
15 555
15 193
15 556
15 208
15 53
15 112
15 140
15 404
15 60
15 20
15 117
15 426
550 91
550 45
550 53
479 550
479 552
479 47
460 4
460 91
40 195
40 557
40 31
40 0
40 558
40 32
40 33
40 146
40 223
40 76
40 139
40 79
40 174
40 68
40 60
40 559
40 335
40 35
40 70
40 317
40 36
40 105
40 560
40 561
40 106
40 562
40 119
40 26
40 520
40 69
40 4
40 274
40 323
40 27
40 185
40 43
40 81
40 563
40 549
40 28
40 164
40 64
40 564
40 182
40 107
40 50
40 193
40 565
40 417
40 232
40 566
40 53
40 492
40 112
40 14
40 529
40 8
40 567
40 302
40 18
40 116
40 424
215 480
249 233
607 36
187 37
187 99
242 28
845 152
261 258
261 463
261 254
261 47
261 261
261 12
261 64
261 94
261 81
261 140
261 568
261 60
261 223
261 53
212 212
212 340
543 80
83 45
83 122
83 569
83 570
83 320
83 224
83 91
83 470
552 50
846 150
157 193
157 37
157 158
266 173
847 516
847 4
744 27
312 185
312 571
461 20
461 480
848 199
848 14
848 309
848 237
848 572
849 573
850 233
650 80
477 298
476 32
476 298
500 574
500 231
851 50
546 58
66 119
404 16
852 105
334 27
334 3
334 341
334 504
334 143
853 39
853 56
853 99
238 16
238 60
238 234
238 122
545 346
129 27
129 133
254 81
254 52
254 562
254 60
254 47
254 436
254 79
254 184
254 50
254 70
254 261
254 43
254 126
254 31
254 376
254 38
31 428
31 575
31 174
31 576
31 36
31 154
31 577
31 27
31 578
31 81
31 287
31 126
31 20
31 50
31 232
31 53
31 54
31 80
31 136
31 14
31 8
31 579
31 137
31 89
31 426
5 97
5 45
5 498
5 261
5 456
5 33
5 306
5 580
5 126
5 27
5 100
5 163
5 378
5 195
5 362
5 581
854 342
855 38
651 274
651 344
612 582
105 282
105 32
105 444
105 76
105 79
105 8
105 100
105 36
105 121
105 104
105 40
105 43
105 583
105 47
105 275
105 86
105 472
105 584
105 52
105 585
105 251
105 496
105 118
105 20
105 65
856 36
121 558
359 106
359 485
359 340
359 427
450 558
450 120
450 100
450 472
450 102
450 205
489 462
489 122
374 103
857 586
614 81
184 0
184 32
184 33
184 587
184 16
184 478
184 70
184 36
184 311
184 588
184 182
184 355
184 4
184 27
184 444
184 205
184 589
184 590
184 126
184 53
184 591
184 251
184 56
184 268
184 140
184 60
858 36
858 261
22 353
22 81
22 14
22 592
22 451
22 515
511 470
244 588
244 593
244 245
244 384
244 417
244 38
523 67
523 166
859 50
593 244
670 253
860 27
860 14
291 252
291 150
291 126
412 0
776 16
776 487
776 397
776 594
181 20
181 107
181 14
181 50
181 400
861 595
861 167
413 16
413 64
413 102
601 56
428 81
428 31
428 76
428 73
428 43
428 36
328 54
328 387
110 315
318 270
318 64
318 52
318 596
541 80
541 27
541 408
541 50
541 18
541 116
541 473
362 98
362 5
55 261
55 40
55 60
55 597
55 472
55 79
55 381
55 400
169 67
668 118
668 569
862 277
773 47
118 407
118 80
118 598
118 65
118 182
118 173
118 344
118 16
118 599
118 35
118 70
118 451
118 105
118 600
118 27
863 511
163 315
163 56
163 9
163 32
163 19
163 5
163 449
163 27
163 184
163 601
163 36
205 445
205 94
205 50
205 112
466 54
466 80
466 31
466 32
466 34
466 51
458 148
458 67
458 80
166 32
166 25
166 70
166 523
455 341
455 120
455 602
455 455
750 269
180 80
180 31
180 596
180 525
180 70
180 362
133 47
133 56
133 32
133 342
133 129
133 70
133 603
133 193
133 36
133 556
133 148
864 27
633 89
633 0
865 37
183 27
183 37
496 83
496 195
496 32
496 14
496 68
496 18
496 53
288 181
288 14
288 33
36 428
36 31
36 174
36 604
36 105
36 47
36 184
36 285
36 605
36 606
36 40
36 27
36 384
36 607
36 43
36 608
36 102
36 609
36 610
36 81
36 42
36 261
36 50
36 444
36 110
36 53
36 54
36 28
36 251
36 315
36 21
36 114
36 133
36 140
36 20
36 89
516 122
866 36
130 193
256 27
582 611
582 612
185 40
535 33
299 27
299 342
299 408
299 182
42 514
42 608
42 613
42 47
42 40
609 334
609 36
432 320
432 339
432 15
81 428
81 258
81 614
81 254
81 31
81 119
81 136
81 32
81 150
81 28
81 174
81 478
81 320
81 255
81 82
81 36
81 99
81 121
81 615
81 526
81 217
81 4
81 129
81 616
81 40
81 27
81 289
81 617
81 299
81 16
81 22
81 511
81 67
81 618
81 261
81 464
81 474
81 275
81 68
81 480
81 15
81 50
81 619
81 39
81 509
81 53
81 54
81 80
81 315
81 620
81 56
81 9
81 57
81 14
81 388
81 621
81 622
81 58
81 623
81 624
81 18
81 486
81 65
81 345
81 59
867 100
78 598
78 287
78 126
78 625
78 60
78 626
78 608
745 506
745 40
539 18
264 258
264 341
264 562
264 264
264 58
264 50
264 60
264 20
264 232
257 513
257 300
257 60
257 173
868 58
869 627
729 1
729 36
729 628
729 629
39 28
39 14
39 81
39 36
480 32
480 81
480 630
870 33
345 80
345 81
345 195
345 58
345 184
345 417
345 27
134 631
62 81
871 10
872 68
2 284
2 97
2 427
518 70
76 379
76 15
76 316
79 180
79 598
79 60
79 92
79 56
79 632
79 164
79 505
79 268
79 633
79 79
79 393
79 408
79 50
79 634
79 40
79 138
79 53
467 635
277 27
277 164
277 45
323 54
323 258
323 45
323 293
323 4
323 323
323 27
323 50
323 91
323 20
323 444
873 27
874 86
738 27
731 27
731 20
731 160
731 277
132 193
75 76
75 91
245 81
430 80
456 220
603 58
434 14
434 50
484 636
484 50
484 396
484 60
484 419
875 637
876 638
544 639
544 182
544 188
636 50
636 484
352 640
357 202
357 641
357 234
186 123
186 128
186 78
186 589
186 27
186 68
186 50
186 40
411 54
411 411
411 67
411 16
411 145
411 50
411 20
411 529
411 25
411 538
697 574
697 362
697 70
697 47
697 500
630 33
630 60
397 45
397 285
397 94
397 237
397 642
397 36
397 250
265 27
203 20
203 454
203 198
230 16
230 69
230 184
584 36
470 470
470 643
470 88
526 81
240 81
674 14
377 241
377 56
591 184
80 258
80 615
80 0
80 644
80 33
80 244
80 32
80 76
80 31
80 532
80 224
80 297
80 28
80 241
80 122
80 285
80 4
80 510
80 112
80 27
80 645
80 211
80 646
80 91
80 184
80 102
80 543
80 647
80 81
80 45
80 47
80 293
80 64
80 648
80 126
80 48
80 568
80 649
80 50
80 318
80 232
80 54
80 80
80 65
80 207
80 21
80 173
80 650
80 148
80 94
80 237
80 140
80 12
80 8
80 189
80 60
80 20
80 458
80 166
80 89
80 345
677 214
740 27
703 163
344 289
344 45
344 551
344 234
344 147
344 322
344 617
344 192
344 651
344 50
344 118
344 58
344 320
344 360
344 157
344 384
344 136
344 652
344 35
316 630
316 76
316 312
877 20
877 4
89 38
89 633
89 100
89 35
89 88
89 653
89 654
89 85
89 655
89 27
89 656
89 411
89 80
89 50
89 293
89 112
89 342
89 657
89 259
89 57
89 20
89 89
89 462
358 505
878 134
879 658
559 30
559 27
559 655
559 40
0 485
0 633
0 16
0 70
0 36
0 659
0 40
0 27
0 607
0 91
0 43
0 145
0 50
0 193
0 53
0 280
0 14
0 660
0 661
0 116
0 65
0 144
214 93
214 70
880 261
596 152
596 318
596 662
342 58
342 81
342 133
342 55
342 0
342 80
342 180
342 510
342 14
342 286
342 192
342 79
342 27
342 189
342 36
342 663
342 472
342 52
342 664
342 89
727 193
696 70
881 232
82 36
82 81
82 23
82 64
82 14
882 472
882 262
882 99
680 251
300 257
300 46
300 388
295 27
295 274
295 50
295 112
154 27
154 408
154 527
154 168
154 665
154 47
154 103
154 264
154 58
154 369
154 381
520 315
520 40
442 65
510 35
510 210
883 666
883 51
507 27
507 14
507 136
507 47
226 602
690 146
690 188
742 27
286 54
286 33
286 139
286 18
286 91
286 25
578 14
578 53
350 35
884 312
381 55
381 26
302 302
302 56
302 173
302 27
302 175
302 89
302 542
755 94
885 667
147 27
524 32
569 668
600 118
600 251
600 408
886 38
263 46
228 68
228 50
228 239
228 183
887 318
672 84
756 47
376 54
376 321
376 429
376 16
376 274
376 259
376 60
376 254
376 669
196 339
196 50
196 233
196 572
196 250
196 309
293 50
293 122
293 224
293 232
293 91
315 81
315 670
315 558
315 388
315 27
315 70
315 110
315 20
315 334
315 36
315 52
315 671
84 85
84 672
84 649
14 31
14 16
14 70
14 88
14 673
14 37
14 38
14 104
14 489
14 43
14 674
14 675
14 647
14 534
14 80
14 676
14 181
14 677
14 50
14 193
14 53
14 174
14 330
14 20
14 182
14 32
14 36
14 298
14 124
14 515
14 47
14 299
14 348
14 67
14 24
14 648
14 126
14 480
14 663
14 51
14 39
14 250
14 89
14 21
14 268
14 144
14 661
14 301
14 136
14 258
14 195
14 33
14 393
14 68
14 100
14 395
14 577
14 434
14 27
14 287
14 288
14 190
14 678
14 679
14 400
14 28
14 267
14 55
14 342
14 116
14 65
14 471
14 354
14 8
14 82
14 241
14 680
14 588
14 122
14 510
14 40
14 578
14 45
14 261
14 681
14 232
14 293
14 237
14 117
173 30
173 682
173 38
173 558
173 683
173 655
173 16
173 496
173 684
173 70
173 36
173 298
173 459
173 124
173 685
173 686
173 687
173 69
173 510
173 27
173 271
173 96
173 444
173 102
173 213
173 636
173 33
173 65
173 45
173 665
173 257
173 50
173 176
173 193
173 400
173 54
173 80
173 341
173 331
173 112
173 120
173 57
173 453
173 94
173 162
173 404
173 302
173 20
173 334
173 136
173 471
236 492
237 80
237 233
237 182
237 32
237 14
237 237
237 492
237 145
237 649
237 50
237 60
237 298
237 232
237 53
386 258
386 89
386 232
6 353
6 97
6 47
6 198
6 182
6 27
6 50
6 6
6 234
6 329
6 53
61 47
61 99
403 45
888 285
408 541
408 688
408 112
408 119
408 173
408 69
408 600
408 79
408 16
408 299
408 105
408 154
459 119
459 0
322 27
322 573
322 32
322 94
322 222
322 40
322 8
322 344
322 60
322 232
192 30
192 689
192 617
192 40
192 344
192 137
192 136
192 53
889 8
146 173
146 4
146 40
146 690
146 259
146 50
146 232
17 94
17 241
17 435
17 53
320 54
320 174
320 81
320 578
320 83
320 431
320 354
320 134
320 27
320 478
320 691
320 692
320 693
320 332
320 15
224 54
224 80
224 694
224 92
224 21
224 64
224 529
224 50
224 224
224 20
224 277
224 65
224 177
70 180
70 268
70 31
70 0
70 518
70 33
70 633
70 76
70 79
70 320
70 70
70 204
70 296
70 36
70 106
70 298
70 695
70 228
70 497
70 580
70 368
70 483
70 362
70 4
70 112
70 40
70 27
70 184
70 696
70 101
70 544
70 214
70 81
70 47
70 275
70 697
70 126
70 107
70 202
70 84
70 50
70 104
70 193
70 51
70 208
70 312
70 53
70 698
70 699
70 207
70 56
70 14
70 65
70 100
70 58
70 21
70 700
70 60
70 701
70 166
70 89
70 424
597 689
597 55
653 25
653 99
204 50
204 51
204 298
204 122
165 145
165 50
165 702
639 605
639 81
639 544
639 59
639 43
890 60
463 32
551 344
891 16
248 375
248 122
605 639
407 16
407 118
407 94
892 27
893 184
486 216
486 24
486 81
513 50
513 257
513 335
513 425
646 80
646 396
646 384
29 84
213 340
213 703
355 58
355 184
355 306
534 704
574 5
574 500
390 102
390 705
894 480
415 27
398 45
50 254
50 31
50 146
50 174
50 439
50 224
50 706
50 204
50 707
50 4
50 437
50 184
50 513
50 145
50 300
50 28
50 181
50 155
50 50
50 491
50 193
50 362
50 53
50 16
50 330
50 120
50 20
50 454
50 708
50 119
50 644
50 694
50 36
50 298
50 124
50 83
50 47
50 654
50 129
50 164
50 205
50 67
50 81
50 126
50 51
50 411
50 89
50 233
50 661
50 60
50 462
50 282
50 79
50 68
50 100
50 335
50 323
50 469
50 297
50 709
50 182
50 577
50 434
50 27
50 32
50 91
50 636
50 46
50 197
50 287
50 630
50 397
50 710
50 400
50 54
50 80
50 267
50 234
50 198
50 94
50 529
50 344
50 189
50 116
50 65
50 290
50 0
50 237
50 35
50 203
50 15
50 122
50 165
50 286
50 25
50 178
50 45
50 147
50 464
50 212
50 232
50 711
50 196
50 293
50 699
50 56
50 14
50 173
50 388
50 404
50 6
50 712
491 126
895 111
895 332
208 15
208 54
208 571
208 232
208 90
414 16
53 651
53 160
53 31
53 182
53 425
53 15
53 5
53 150
53 393
53 174
53 68
53 103
53 195
53 73
53 224
53 70
53 36
53 295
53 121
53 241
53 395
53 492
53 128
53 26
53 69
53 4
53 177
53 192
53 40
53 27
53 222
53 43
53 572
53 400
53 102
53 122
53 81
53 47
53 28
53 35
53 713
53 227
53 228
53 126
53 202
53 50
53 619
53 250
53 53
53 8
53 267
53 233
53 207
53 198
53 57
53 14
53 94
53 621
53 237
53 336
53 58
53 714
53 6
53 3
53 20
53 462
585 214
112 31
112 119
112 216
112 408
112 295
112 104
112 182
112 167
112 16
112 91
112 715
112 47
112 80
112 583
112 126
112 50
112 53
112 54
112 28
112 89
112 12
112 65
114 27
114 195
114 716
114 40
114 58
114 184
114 28
114 717
114 362
114 59
336 58
336 53
402 443
274 69
274 53
259 432
259 146
259 471
259 376
772 99
772 47
772 290
579 31
427 90
427 3
427 2
427 36
427 718
427 359
427 143
710 50
453 173
59 20
59 81
59 114
896 471
199 204
199 47
160 195
160 47
160 70
119 353
119 392
119 16
119 68
119 408
119 224
119 295
119 15
119 497
119 122
119 40
119 27
119 451
119 47
119 719
119 50
119 55
119 54
119 234
119 112
119 66
119 720
119 137
683 136
683 173
897 584
897 68
897 315
897 588
694 50
898 347
899 562
497 28
497 500
497 126
699 70
156 38
156 158
225 261
384 123
384 45
384 69
384 244
384 126
384 58
384 36
533 427
485 0
522 32
304 704
900 50
246 50
901 39
901 56
665 51
761 176
761 721
761 381
761 581
761 722
719 119
589 181
589 136
589 50
589 151
589 186
137 443
137 69
137 689
137 484
223 497
223 50
223 261
223 40
717 717
441 36
441 64
331 327
21 54
21 80
21 81
21 300
21 47
21 199
21 723
21 201
21 145
21 16
21 91
21 204
21 65
21 241
568 65
87 33
87 86
162 724
162 70
162 9
599 118
599 65
151 151
536 400
200 233
200 50
200 309
200 47
200 202
902 725
371 8
371 27
371 716
63 81
666 50
666 103
666 250
666 481
276 362
903 15
904 81
905 50
906 26
498 397
907 25
907 646
737 353
737 27
100 0
100 33
100 5
100 633
100 326
100 100
100 726
100 70
100 450
100 122
100 27
100 205
100 354
100 261
100 252
100 400
100 207
100 14
100 134
100 727
100 20
100 136
908 58
908 470
908 728
576 31
909 20
909 237
909 247
395 14
395 53
41 31
702 27
628 27
628 729
768 56
99 81
99 339
99 181
99 26
99 640
99 227
99 27
99 384
99 189
99 653
99 472
27 97
27 31
27 443
27 130
27 16
27 34
27 255
27 70
27 730
27 296
27 105
27 38
27 104
27 598
27 502
27 731
27 184
27 319
27 43
27 732
27 214
27 354
27 300
27 28
27 628
27 64
27 398
27 50
27 503
27 193
27 110
27 733
27 53
27 251
27 68
27 148
27 453
27 120
27 427
27 20
27 73
27 280
27 114
27 59
27 180
27 160
27 702
27 392
27 638
27 216
27 468
27 36
27 561
27 124
27 734
27 256
27 185
27 299
27 131
27 81
27 735
27 539
27 49
27 51
27 736
27 92
27 268
27 144
27 302
27 60
27 301
27 136
27 371
27 123
27 33
27 210
27 393
27 737
27 100
27 559
27 277
27 738
27 306
27 99
27 32
27 507
27 444
27 102
27 693
27 46
27 293
27 288
27 314
27 584
27 23
27 400
27 54
27 739
27 267
27 740
27 342
27 133
27 602
27 140
27 58
27 206
27 115
27 741
27 116
27 65
27 471
27 573
27 0
27 618
27 8
27 82
27 295
27 15
27 173
27 40
27 742
27 25
27 699
27 743
27 45
27 47
27 583
27 86
27 744
27 504
27 289
27 315
27 56
27 364
27 14
27 154
27 388
27 455
27 6
392 46
392 119
392 122
910 745
504 334
73 428
73 47
73 380
73 40
73 181
73 73
73 18
73 43
73 36
73 126
73 102
73 53
91 258
91 182
91 32
91 16
91 68
91 746
91 323
91 36
91 204
91 298
91 83
91 0
91 173
91 460
91 437
91 747
91 25
91 178
91 687
91 748
91 81
91 47
91 293
91 24
91 286
91 181
91 145
91 50
91 491
91 51
91 232
91 54
91 80
91 112
91 202
91 122
91 550
91 91
91 20
91 65
91 462
272 364
102 80
102 668
102 182
102 173
102 388
102 237
102 16
102 274
102 413
102 50
102 70
102 46
102 36
71 296
138 119
138 689
138 381
138 47
138 79
287 97
287 31
287 33
287 492
287 103
287 298
287 10
287 588
287 122
287 25
287 749
287 45
287 78
287 50
287 51
287 53
287 54
287 16
287 207
287 386
287 60
287 462
911 12
222 20
222 90
222 344
222 126
269 750
176 124
176 119
399 207
366 317
152 152
152 723
152 251
152 596
912 20
913 699
280 27
280 417
280 751
221 447
341 16
341 173
341 33
341 264
341 752
341 102
914 16
207 10
207 70
207 47
207 120
207 287
207 577
207 58
207 32
207 509
207 457
207 116
207 53
198 202
198 126
198 233
198 6
198 203
688 408
757 258
94 346
94 241
94 407
94 532
94 17
94 204
94 173
94 4
94 322
94 747
94 753
94 754
94 205
94 755
94 354
94 45
94 261
94 287
94 202
94 397
94 50
94 756
94 53
94 92
94 14
94 60
94 20
621 81
621 339
621 187
621 79
621 189
621 70
621 37
621 377
657 88
687 54
687 529
687 91
501 122
501 231
501 126
13 27
13 293
13 354
13 38
65 258
65 241
65 16
65 70
65 295
65 173
65 125
65 71
65 222
65 267
65 50
65 239
65 51
65 54
65 80
65 341
65 112
65 120
65 757
65 14
65 60
65 116
65 65
144 758
144 123
144 105
144 46
144 92
144 0
144 173
144 186
144 182
144 335
144 759
144 193
144 760
144 37
144 241
144 530
144 11
573 582
573 322
247 58
247 233
247 21
915 43
916 33
482 30
547 192
139 241
139 94
139 40
139 18
139 286
139 417
139 561
917 761
492 492
492 69
492 297
492 237
492 91
918 27
509 81
509 207
919 20
662 596
920 342
921 228
488 150
488 126
122 353
122 195
122 119
122 90
122 762
122 68
122 496
122 501
122 746
122 763
122 204
122 515
122 298
122 83
122 106
122 248
122 20
122 4
122 510
122 323
122 32
122 91
122 205
122 45
122 250
122 80
122 287
122 516
122 126
122 202
122 50
122 454
122 51
122 392
122 54
122 293
122 330
122 267
122 100
122 386
122 66
122 151
122 764
122 294
122 65
250 666
250 234
250 53
19 27
19 734
19 481
19 118
19 509
19 52
19 71
922 70
77 275
77 765
923 27
923 432
923 484
924 268
925 254
926 275
743 27
743 5
743 638
743 105
47 160
47 459
47 182
47 766
47 32
47 33
47 38
47 150
47 393
47 16
47 100
47 73
47 70
47 415
47 767
47 154
47 756
47 417
47 124
47 37
47 388
47 128
47 122
47 768
47 69
47 295
47 20
47 507
47 27
47 769
47 234
47 214
47 91
47 53
47 452
47 67
47 81
47 47
47 79
47 309
47 222
47 770
47 15
47 145
47 50
47 193
47 233
47 23
47 231
47 208
47 771
47 54
47 80
47 251
47 171
47 506
47 112
47 716
47 332
47 14
47 133
47 496
47 58
47 772
47 18
47 773
47 105
47 301
47 61
47 65
47 364
632 79
164 103
164 26
164 40
164 79
159 69
159 56
927 70
86 27
155 32
155 346
155 50
155 158
155 774
711 50
56 241
56 79
56 100
56 70
56 26
56 355
56 484
56 27
56 775
56 102
56 624
56 81
56 159
56 776
56 50
56 446
56 56
56 133
56 772
56 302
56 60
56 144
928 27
928 4
712 529
712 50
712 145
712 548
929 65
343 320
521 53
117 58
117 14
117 73
