0 0
0 1
0 2
0 3
0 4
0 5
0 6
0 7
0 8
0 9
0 10
0 11
0 12
0 13
0 14
511 15
470 16
470 17
470 18
58 5
58 19
58 20
58 21
58 2
58 22
58 23
58 24
58 25
58 26
58 27
58 28
58 29
58 30
58 31
58 32
58 33
58 34
415 35
512 36
512 37
115 38
115 7
320 39
320 40
425 41
321 42
54 43
54 44
513 45
514 37
63 0
63 2
63 43
63 46
63 47
63 48
63 49
63 50
63 10
71 51
71 52
71 53
71 54
71 55
71 56
71 5
71 7
71 50
71 2
23 57
23 58
515 59
516 2
43 60
43 61
43 2
43 62
43 5
43 63
43 7
43 64
391 2
318 39
318 65
12 0
12 66
12 67
12 2
286 68
517 18
340 7
423 69
423 39
423 25
83 39
83 70
56 71
345 72
345 2
518 73
503 74
446 75
519 76
267 77
419 39
419 37
332 78
1 39
1 79
1 80
1 81
1 82
1 83
1 84
1 85
1 86
1 2
1 87
1 88
1 89
1 90
1 70
1 91
1 92
1 93
1 94
1 95
1 96
1 97
1 98
1 99
469 100
469 101
469 102
476 38
476 103
476 104
458 105
458 106
283 68
312 107
312 74
312 108
300 109
300 18
300 58
300 110
300 74
300 37
160 10
160 111
302 112
520 1
194 6
194 113
475 104
521 46
247 114
247 52
193 115
489 116
489 65
522 15
233 117
105 45
105 118
105 119
105 120
523 121
396 10
139 122
139 123
139 15
139 124
139 125
207 126
524 127
490 74
490 128
145 129
145 118
525 130
292 68
494 131
526 132
328 133
220 26
185 134
185 7
185 113
337 7
337 135
337 50
152 9
152 136
252 137
527 65
223 132
223 122
528 138
528 139
529 140
465 131
465 141
465 2
530 142
531 143
118 2
118 144
118 145
118 146
118 36
118 147
403 39
403 148
403 113
398 132
398 149
398 150
532 151
9 0
9 21
9 2
9 152
9 153
9 15
129 154
129 2
129 155
129 156
129 157
129 145
129 130
129 158
129 15
120 105
120 2
421 131
421 159
111 160
344 72
533 39
461 161
210 126
210 39
210 162
210 13
210 163
236 164
236 165
477 166
477 159
370 167
478 5
408 168
408 25
442 10
262 169
462 50
534 170
291 171
291 68
392 2
176 39
176 115
176 172
67 12
454 74
535 173
535 2
80 174
31 175
31 39
31 176
31 177
31 58
31 178
31 179
31 128
31 180
31 7
31 181
31 182
31 15
31 183
275 153
452 184
452 37
113 185
113 39
113 2
113 186
113 133
113 187
113 188
113 189
113 190
113 191
113 137
113 168
113 126
113 71
113 192
113 22
113 193
113 194
113 17
113 195
113 166
113 139
113 196
113 197
113 198
113 199
113 200
113 201
113 15
536 132
537 178
537 202
537 115
486 203
128 39
128 18
128 149
128 204
128 78
128 50
128 205
128 10
128 34
538 206
538 24
126 207
126 2
126 208
126 209
126 210
126 37
126 42
126 211
126 212
126 113
539 102
52 213
52 214
52 215
52 55
52 216
52 217
52 218
52 10
52 219
52 182
52 220
52 221
226 2
226 22
226 18
226 193
226 222
226 223
226 10
22 224
22 225
22 226
22 2
22 18
22 58
22 4
22 15
22 78
22 227
22 161
22 10
22 72
22 228
22 229
22 230
257 74
257 2
257 111
257 227
257 231
257 130
257 232
257 14
343 72
117 233
309 108
333 78
355 19
355 234
355 235
380 76
212 155
212 36
212 126
212 132
212 10
212 42
164 236
201 141
201 15
336 39
336 7
450 237
401 238
24 5
24 39
24 239
24 240
359 161
359 37
412 241
540 7
182 200
182 0
182 242
182 243
182 2
541 22
542 60
542 244
542 25
542 245
542 246
114 247
543 248
36 249
36 250
36 251
36 118
36 252
36 73
36 35
36 253
36 36
36 153
36 254
36 255
36 34
231 256
231 231
231 257
231 200
231 37
231 65
258 258
258 248
258 2
439 10
483 259
483 1
32 260
32 58
388 261
544 262
227 249
227 263
227 264
227 265
227 257
227 37
227 266
49 63
49 172
49 217
49 2
349 157
545 172
546 36
77 267
77 123
169 45
169 124
169 52
169 268
169 269
169 270
169 271
28 10
28 60
28 58
28 50
28 272
547 213
181 273
181 165
181 31
153 274
153 224
153 36
153 275
153 37
153 9
13 5
13 210
13 0
13 49
548 276
68 39
68 2
68 277
68 278
68 279
68 280
68 281
68 248
68 63
68 282
68 283
68 89
68 284
68 140
68 285
68 286
68 287
68 288
68 289
68 290
68 291
68 292
68 293
487 5
487 132
487 294
487 128
487 35
549 108
550 39
369 167
551 295
551 227
175 39
175 1
175 296
175 297
175 273
175 20
178 31
552 204
29 5
29 58
29 42
29 257
29 75
45 224
45 248
45 52
45 130
45 2
45 105
45 259
45 42
45 120
217 39
217 52
217 43
217 18
217 26
217 298
217 299
217 294
217 216
553 0
16 113
264 227
422 37
230 22
230 39
230 37
230 72
341 7
301 300
554 301
406 60
480 237
112 302
375 3
375 303
375 257
188 113
555 231
213 0
213 242
213 74
213 172
213 264
213 146
213 304
213 65
213 120
325 213
325 103
325 50
325 2
108 39
108 305
108 306
108 245
108 307
108 308
108 309
108 136
108 121
108 310
108 311
108 49
108 312
108 163
108 10
108 313
108 314
108 315
108 316
108 34
502 317
556 318
244 319
485 238
163 210
163 152
163 108
40 57
40 320
557 104
140 10
558 321
174 1
559 322
33 323
560 72
243 182
159 132
159 64
159 324
159 231
319 249
319 325
319 2
319 270
319 316
319 244
138 21
138 326
138 327
138 227
138 10
138 65
561 166
561 113
133 320
133 200
133 248
133 328
133 18
362 126
362 329
362 330
78 5
78 331
78 116
78 332
78 333
78 22
78 18
78 128
78 15
78 57
78 141
78 334
562 132
297 175
240 24
367 2
563 131
86 84
86 1
361 74
564 335
565 328
253 5
7 336
7 39
7 0
7 337
7 185
7 28
7 334
7 113
7 213
7 248
7 41
7 104
7 10
7 71
7 65
7 9
7 338
7 43
7 216
7 5
7 130
7 72
7 339
7 340
7 341
7 2
467 50
467 37
209 342
209 126
209 343
316 310
316 137
316 248
316 175
72 336
72 344
72 100
72 25
72 345
72 5
72 48
72 172
72 346
353 37
353 321
353 169
338 347
338 137
338 44
338 232
338 172
338 348
434 10
171 291
171 39
566 10
157 39
157 242
157 145
157 130
157 245
157 129
157 349
162 185
162 350
162 113
567 39
322 351
322 257
322 352
339 78
339 2
339 18
339 157
339 25
339 5
339 7
339 64
339 353
229 137
229 104
274 10
274 153
274 2
274 128
274 172
365 171
365 354
365 355
365 248
365 257
365 48
365 287
222 2
136 310
136 152
136 108
464 61
464 65
464 356
200 357
200 358
200 65
200 359
200 268
200 360
200 37
200 182
200 267
568 22
568 72
172 338
172 323
172 61
172 274
172 361
172 2
172 213
172 362
172 176
172 232
172 172
172 65
172 363
172 113
400 149
400 166
569 74
569 58
364 364
248 45
248 2
248 365
248 37
248 46
248 133
248 137
248 366
248 218
248 159
248 367
167 368
167 369
167 370
570 18
570 158
570 102
62 105
119 105
48 365
48 371
48 372
484 10
484 373
432 10
351 322
272 28
571 37
4 374
4 242
433 375
572 376
30 58
310 316
310 108
310 136
573 32
352 10
352 322
352 304
91 10
91 84
91 1
21 377
21 39
21 5
21 273
21 9
21 138
110 344
110 300
402 203
402 187
26 28
211 18
211 44
211 187
211 210
211 37
211 126
130 39
130 45
130 257
130 7
130 64
130 37
130 10
130 129
141 232
574 182
304 213
304 378
304 352
304 379
481 15
481 2
263 227
76 10
76 380
76 44
76 357
76 381
147 118
147 2
246 128
246 382
575 48
414 342
61 43
61 331
61 215
382 105
382 42
382 246
2 39
2 0
2 383
2 133
2 2
2 18
2 58
2 75
2 384
2 345
2 298
2 146
2 50
2 367
2 385
2 113
2 339
2 325
2 321
2 386
2 68
2 374
2 7
2 387
2 300
2 10
2 9
2 42
2 65
2 120
2 63
2 226
2 258
2 388
2 389
2 25
2 26
2 390
2 257
2 5
2 126
2 322
2 217
2 391
2 37
2 45
2 12
2 392
2 393
2 348
2 274
2 224
2 242
2 74
2 205
2 394
2 222
2 200
2 395
2 313
2 172
2 342
2 396
2 356
2 165
2 397
576 139
149 398
149 399
149 400
149 248
577 401
491 65
144 143
144 402
148 403
327 138
327 189
327 133
399 242
399 2
578 172
579 273
580 172
410 404
410 405
378 304
25 347
25 339
25 406
25 58
25 407
25 42
25 245
25 72
25 244
25 408
25 15
324 159
121 325
121 2
121 108
121 409
121 410
121 65
581 2
150 398
150 399
150 2
473 18
473 15
473 411
241 412
500 334
451 18
451 200
451 413
348 338
348 2
288 68
214 150
214 52
242 377
242 2
242 157
242 169
242 5
242 172
242 216
242 399
311 74
215 61
266 227
342 239
342 414
342 165
342 209
493 65
39 336
39 39
39 415
39 416
39 417
39 79
39 2
39 18
39 133
39 31
39 418
39 116
39 170
39 419
39 1
39 420
39 128
39 191
39 374
39 7
39 300
39 10
39 19
39 421
39 21
39 157
39 175
39 5
39 130
39 141
39 390
39 12
39 239
39 251
39 214
39 165
39 422
39 423
39 205
39 235
39 200
39 316
39 230
383 10
383 37
383 218
383 2
582 424
583 75
84 91
84 86
41 425
41 366
41 175
358 3
358 426
358 200
166 113
55 427
55 428
55 52
55 273
168 188
584 39
584 58
584 429
584 15
10 39
10 331
10 430
10 91
10 18
10 0
10 169
10 28
10 375
10 383
10 431
10 399
10 432
10 326
10 108
10 433
10 63
10 7
10 160
10 42
10 212
10 434
10 435
10 226
10 22
10 132
10 395
10 436
10 5
10 437
10 248
10 438
10 228
10 439
10 140
10 78
10 242
10 76
10 130
10 440
10 441
10 138
10 137
10 227
10 442
10 268
10 2
239 39
239 3
239 205
239 24
239 103
239 32
239 115
239 342
453 43
17 113
268 78
268 7
268 443
268 334
268 169
585 395
366 248
366 41
245 157
245 444
245 345
75 445
75 29
75 58
75 2
75 446
75 447
75 422
586 7
204 128
393 2
287 68
460 342
460 448
587 226
588 161
6 449
6 194
177 38
177 58
404 410
404 20
14 5
14 0
14 257
430 10
589 45
589 334
459 450
459 15
418 219
124 169
590 39
591 428
386 2
47 63
374 4
371 273
592 248
593 451
218 213
218 209
218 383
218 52
218 22
218 177
218 248
218 231
218 28
218 366
218 322
218 424
218 37
218 45
218 42
218 215
184 452
42 453
42 45
42 382
42 29
42 2
42 25
42 167
42 437
42 116
42 454
42 10
42 15
42 455
347 338
347 25
347 327
225 257
335 18
335 456
19 39
19 214
19 420
19 355
594 422
436 165
228 22
228 74
228 352
228 10
595 237
122 139
265 227
265 37
350 162
269 323
269 149
269 457
269 139
596 458
281 68
510 18
597 1
331 39
331 61
331 2
331 74
331 352
331 50
330 39
330 37
330 459
330 362
598 68
51 71
599 460
427 55
298 217
298 2
600 216
424 21
443 268
601 113
482 74
202 150
202 50
202 52
602 323
602 154
602 26
602 2
420 39
73 36
64 43
64 130
64 159
64 15
64 391
499 200
463 21
463 216
161 461
161 22
161 58
435 10
603 462
216 5
216 7
216 242
216 294
216 463
437 10
437 248
604 167
604 111
179 31
356 464
356 58
183 31
605 360
224 45
224 2
224 22
224 156
224 248
224 153
224 433
224 37
224 316
224 42
224 235
289 68
205 239
205 39
606 213
27 58
38 177
38 115
607 0
608 131
608 465
501 336
501 37
50 337
50 331
50 462
50 325
50 202
50 2
50 63
50 466
50 467
50 71
609 468
18 323
18 469
18 470
18 39
18 133
18 78
18 429
18 325
18 2
18 471
18 472
18 300
18 10
18 72
18 22
18 344
18 5
18 74
18 345
18 473
18 451
18 262
18 172
384 7
384 2
146 213
146 474
146 2
428 370
372 346
104 435
104 137
104 475
104 476
104 7
104 477
104 270
104 134
104 229
610 42
497 441
497 7
273 371
273 55
273 175
273 21
273 2
395 10
219 39
611 118
137 10
137 229
137 104
137 41
137 113
5 39
5 0
5 2
5 18
5 58
5 24
5 267
5 213
5 7
5 71
5 65
5 338
5 21
5 43
5 216
5 5
5 237
5 72
5 478
5 339
5 242
5 155
5 14
5 221
103 239
103 18
103 376
103 479
237 480
237 2
377 296
377 21
251 39
251 481
440 10
440 132
440 232
440 482
155 5
155 43
290 68
259 45
259 483
612 364
397 1
397 2
373 213
373 39
373 329
373 484
373 2
373 237
373 182
238 401
238 485
165 296
165 10
165 242
165 181
165 31
221 52
613 116
305 51
506 319
3 239
296 377
296 323
296 52
296 128
296 398
296 223
296 273
234 355
203 486
203 141
313 108
614 1
191 39
35 487
35 49
615 39
405 410
616 488
65 195
65 2
65 489
65 366
65 490
65 31
65 491
65 7
65 172
65 492
65 15
65 493
131 494
131 465
208 126
44 338
44 54
346 48
346 372
617 31
618 39
619 229
498 495
620 23
360 200
294 496
294 487
294 217
294 216
20 338
20 118
20 444
20 231
20 209
20 319
20 302
256 231
57 23
134 185
134 25
134 104
449 449
249 319
621 72
441 10
441 497
441 433
326 10
326 138
495 498
495 352
495 415
495 499
334 78
334 268
334 500
474 146
89 1
89 68
132 501
132 261
132 177
132 223
132 328
132 65
132 15
132 212
132 221
509 37
317 502
116 78
116 39
116 42
368 431
622 213
622 116
74 503
74 242
74 504
74 57
74 311
74 312
74 300
74 228
623 5
623 113
270 39
270 18
270 420
270 169
270 270
270 409
270 319
270 104
37 501
37 200
37 419
37 383
37 505
37 506
37 507
37 248
37 359
37 231
37 508
37 217
37 224
37 452
37 126
37 422
37 509
37 357
37 265
53 71
624 217
100 18
100 469
625 500
15 182
15 2
15 132
15 25
15 31
15 78
15 113
15 64
15 9
15 126
15 510
15 473
15 42
15 166
15 201
15 212
15 139
