324 0
513 1
23 2
23 3
23 4
23 5
23 6
23 7
23 8
23 9
23 10
23 11
23 12
23 13
23 14
23 15
23 16
23 17
23 18
419 19
153 20
153 21
478 22
478 14
17 23
110 24
414 25
111 26
111 27
307 28
119 7
119 29
119 30
119 31
119 32
106 29
106 33
106 34
106 1
145 35
145 26
145 36
145 37
145 14
145 38
41 39
358 40
39 40
39 41
39 42
180 43
180 44
180 45
180 46
180 47
180 48
180 49
180 50
180 51
514 52
11 53
11 54
11 4
11 55
11 37
201 56
201 57
201 58
201 59
201 13
131 60
131 61
131 62
132 63
132 64
132 65
132 66
132 67
132 68
132 15
132 69
132 70
202 71
202 72
183 47
515 73
515 74
516 5
365 2
365 75
365 5
517 14
263 76
263 77
263 78
263 79
263 80
263 81
489 36
483 21
345 82
341 83
46 84
46 2
46 24
46 85
46 86
46 87
46 88
46 89
503 13
213 21
320 86
38 67
38 90
38 85
38 91
38 92
425 93
281 94
281 95
281 51
518 96
229 97
229 98
229 99
229 100
229 101
236 57
236 91
236 102
8 103
8 104
8 97
8 5
8 59
8 105
8 37
8 106
8 107
451 35
519 73
24 108
24 109
24 46
24 87
24 24
24 57
24 70
24 110
377 111
377 54
484 112
520 113
521 114
508 115
508 116
508 42
522 7
285 97
458 53
458 117
458 118
458 119
327 120
327 121
327 122
523 70
178 123
178 124
178 125
289 109
289 126
524 127
524 23
333 128
373 123
373 129
373 130
322 86
322 34
525 131
526 117
526 14
67 31
67 132
67 38
67 121
67 133
166 134
430 135
210 117
210 59
210 5
210 4
210 13
280 136
280 137
280 97
280 138
280 139
280 15
280 132
280 118
293 57
293 140
293 5
443 141
362 26
362 142
362 92
362 5
26 143
26 30
26 59
26 144
26 29
26 22
26 145
26 146
26 147
527 90
12 15
12 23
12 148
12 51
465 22
274 149
274 77
274 150
274 151
318 86
318 152
318 153
318 10
318 154
318 15
318 20
66 132
369 105
20 155
20 5
212 5
212 6
212 23
212 156
212 90
212 30
212 51
249 157
528 80
422 158
422 159
109 7
109 59
109 160
109 24
109 161
109 15
109 162
330 37
144 7
144 163
144 34
144 94
208 4
449 53
449 104
449 164
452 35
452 22
306 115
306 165
134 166
134 167
399 117
378 168
378 5
490 142
529 169
188 53
188 60
188 97
188 155
188 22
326 170
199 171
199 0
199 172
376 138
69 173
69 63
69 174
69 175
69 176
69 24
69 177
69 15
69 132
530 178
530 179
47 117
47 5
47 180
47 181
47 182
47 34
47 22
47 15
47 183
47 184
531 185
60 186
60 142
60 187
60 188
60 189
60 190
60 191
60 89
60 192
532 193
72 194
72 195
72 13
72 181
72 84
72 176
72 86
72 196
72 197
72 71
72 198
72 199
72 200
72 15
72 201
72 202
72 203
4 204
4 205
4 206
4 207
4 208
4 209
4 210
4 211
4 212
4 121
181 72
181 125
181 196
181 53
181 213
181 60
181 15
308 214
308 73
308 215
308 211
308 5
253 216
253 217
253 142
391 218
82 219
238 141
238 37
238 64
195 220
195 35
195 87
195 130
195 221
258 222
258 157
502 13
314 223
384 214
384 5
424 224
148 67
148 225
148 22
148 226
313 223
237 104
237 34
237 89
533 60
533 91
9 227
9 23
9 117
534 228
33 106
101 229
101 230
101 98
413 7
413 59
413 231
535 232
194 233
194 234
194 235
194 12
91 35
91 236
91 237
91 238
91 239
91 214
91 38
536 119
32 240
32 241
32 119
177 69
331 185
331 37
537 242
354 43
354 243
354 244
354 245
354 246
312 86
312 40
312 247
312 164
436 160
436 10
538 248
538 249
270 250
270 187
197 72
107 184
107 251
200 72
200 34
77 138
77 22
411 59
58 201
58 157
539 33
184 104
184 107
184 34
184 252
184 47
216 253
216 5
344 86
344 254
157 255
157 256
157 257
157 258
157 220
157 48
157 81
157 121
157 259
157 57
157 249
157 225
219 260
433 57
85 261
85 104
85 5
85 262
85 46
85 96
85 80
85 121
85 89
76 263
540 3
541 85
542 138
542 264
196 265
196 234
196 99
196 266
372 135
372 267
372 241
481 151
481 268
481 269
481 70
543 37
191 260
191 60
187 270
187 271
187 272
506 145
544 171
138 77
138 7
138 167
138 102
138 273
138 34
138 274
138 132
138 118
138 100
545 48
98 275
98 157
98 229
98 101
98 268
98 42
98 118
292 15
292 116
387 276
374 99
309 247
471 277
427 135
427 278
427 279
427 214
427 141
427 280
342 71
342 204
546 132
51 137
51 281
51 180
51 12
51 282
51 98
51 38
128 131
128 283
97 284
97 285
97 229
97 129
97 286
97 287
97 214
97 190
97 15
97 104
97 288
97 280
126 114
126 141
126 289
150 180
150 227
150 290
150 7
400 261
400 49
400 291
250 270
250 292
510 70
510 293
329 294
329 104
329 119
547 40
124 178
339 23
339 96
339 51
176 73
176 295
171 199
548 296
416 214
468 7
468 65
468 213
468 169
468 142
549 70
336 169
336 297
169 214
169 15
169 248
49 298
49 299
49 26
401 300
401 105
401 117
440 141
485 240
161 109
161 1
57 301
57 302
57 63
57 22
57 5
57 73
57 84
57 303
57 157
57 37
57 115
57 24
57 304
57 305
57 53
57 15
57 236
57 293
30 306
30 5
30 7
30 307
30 308
30 32
30 160
30 119
30 34
550 309
136 310
136 280
136 44
136 311
551 215
164 53
164 196
164 312
223 313
223 165
223 114
223 65
223 46
223 314
223 315
223 51
392 316
392 222
392 317
86 104
86 318
86 7
86 46
86 102
86 21
86 319
86 320
86 94
86 133
86 291
86 15
86 141
86 312
86 72
86 321
86 247
86 36
86 173
86 322
86 65
86 73
86 323
86 99
86 87
86 280
86 70
86 293
48 324
48 325
48 81
48 89
48 15
48 141
552 117
553 144
170 326
554 327
346 111
37 103
37 328
37 8
37 63
37 329
37 65
37 11
37 37
37 57
37 330
37 238
37 15
37 331
37 145
37 332
37 333
80 334
80 4
80 181
80 143
80 263
80 244
80 85
80 144
80 15
80 57
80 335
80 242
149 254
291 86
291 117
246 29
246 246
555 336
15 337
15 117
15 137
15 72
15 5
15 28
15 7
15 23
15 50
15 338
15 12
15 85
15 181
15 121
15 22
15 122
15 16
15 280
15 203
234 99
234 5
95 281
95 34
95 4
95 13
556 81
556 339
557 340
558 49
559 13
496 81
332 127
332 37
83 341
83 342
83 290
361 343
254 118
254 344
560 345
299 216
299 49
299 47
368 346
368 154
368 5
382 10
382 73
382 5
561 59
562 20
562 346
87 347
87 46
87 223
14 103
14 65
14 7
14 348
14 23
14 59
14 349
14 142
14 122
14 350
14 351
14 16
14 5
563 352
337 117
337 90
172 10
172 5
172 199
172 1
244 234
244 104
244 7
244 80
244 278
244 353
244 211
244 354
564 189
565 23
40 355
40 39
40 4
40 73
40 356
40 81
40 203
40 357
40 57
40 225
40 358
566 294
367 114
459 223
379 359
394 63
394 360
394 352
394 29
394 240
394 361
168 362
168 117
168 97
133 86
133 173
133 5
133 363
133 67
133 48
133 81
133 121
133 15
133 147
220 195
567 157
42 98
42 42
42 90
42 212
42 364
42 70
350 14
568 141
2 59
2 365
2 23
2 205
2 46
2 34
2 366
96 339
569 7
569 59
225 40
225 70
225 157
56 201
570 367
154 194
154 368
154 369
36 145
36 98
36 121
571 42
572 216
573 370
573 23
574 371
574 176
575 194
390 227
505 100
576 372
123 373
123 178
123 70
441 141
577 40
99 86
99 127
99 374
578 145
5 362
5 26
5 172
5 8
5 375
5 5
5 7
5 23
5 71
5 22
5 376
5 351
5 125
5 276
5 377
5 378
5 168
5 47
5 133
5 32
5 119
5 121
5 214
5 15
5 4
5 142
5 308
5 10
5 60
5 54
5 154
5 20
5 132
5 379
5 365
5 380
5 381
5 73
5 65
5 368
5 382
5 383
5 81
5 353
5 384
5 57
5 293
497 7
579 385
494 375
115 59
115 71
115 57
115 386
115 364
115 110
74 7
74 89
276 119
276 5
276 34
276 387
295 147
295 176
94 388
94 31
94 144
580 59
580 162
227 389
227 104
227 94
227 388
227 59
227 187
227 390
218 391
581 120
222 118
222 258
222 392
290 83
290 54
418 97
418 352
175 69
412 23
412 59
122 45
122 327
122 393
122 14
122 15
122 70
360 394
360 34
456 395
456 22
163 144
143 396
143 397
143 26
417 352
364 115
63 141
63 180
63 37
63 21
63 6
63 29
63 69
63 125
349 125
311 136
439 63
209 104
434 398
117 35
117 337
117 7
117 168
117 189
117 47
117 399
117 400
117 34
117 401
117 53
117 15
117 141
117 402
137 15
366 2
366 205
90 337
90 137
90 63
90 142
90 73
90 403
90 404
90 272
90 189
90 405
90 14
90 406
90 212
504 340
504 89
44 180
262 388
262 85
426 407
426 408
426 409
426 410
59 26
59 411
59 301
59 8
59 109
59 84
59 2
59 70
59 71
59 201
59 121
59 139
59 98
59 147
59 412
59 413
25 414
25 277
214 415
214 97
214 91
214 5
214 308
214 169
214 22
214 384
214 351
214 416
352 394
352 417
352 418
352 121
352 142
29 394
29 137
29 63
29 106
139 227
139 59
139 280
139 225
139 65
19 419
272 26
272 5
272 117
272 37
272 102
272 271
272 420
272 90
272 421
159 153
159 422
415 34
73 223
73 5
73 37
73 382
73 176
73 423
73 90
73 57
73 222
582 424
583 182
93 181
93 425
409 426
135 104
135 427
135 428
135 429
135 190
135 430
135 22
243 246
243 354
359 379
75 431
75 365
105 10
105 120
102 104
102 64
102 169
102 432
102 15
102 222
120 144
120 327
395 35
304 433
398 434
512 435
512 70
251 107
160 109
160 322
160 436
448 437
185 331
190 60
190 81
190 4
34 104
34 5
34 7
34 237
34 85
34 103
34 138
34 47
34 121
34 34
34 106
34 60
34 15
34 211
34 203
34 95
34 438
34 13
34 2
34 360
34 10
34 144
34 49
34 374
34 322
34 65
34 6
34 26
34 155
34 81
34 439
34 70
34 184
141 117
141 440
141 63
141 91
141 238
141 441
141 442
141 86
141 48
141 114
141 190
141 432
141 22
141 60
141 214
141 259
141 443
584 168
584 444
302 57
64 288
64 15
64 132
64 102
64 238
585 63
1 445
453 10
453 15
453 5
207 118
6 212
388 262
388 204
388 186
586 446
112 133
273 138
247 86
247 312
247 309
587 14
215 308
588 447
297 336
45 180
437 448
71 72
71 4
71 5
71 59
71 115
71 213
71 198
71 449
71 450
203 234
203 73
203 133
203 34
203 15
203 421
495 375
35 117
35 44
35 451
35 145
35 240
35 452
589 138
473 130
473 5
590 48
241 453
241 372
241 59
338 15
591 372
28 454
28 455
28 138
28 12
28 227
28 15
53 65
53 7
53 142
53 188
53 86
53 456
189 86
189 60
189 63
189 452
189 90
507 81
479 420
118 61
118 457
118 167
118 458
118 138
118 459
118 85
118 207
118 460
118 98
118 280
118 222
108 24
165 118
165 388
165 366
165 129
165 223
462 155
462 100
381 5
287 347
287 97
100 229
100 461
100 375
100 462
431 59
147 26
147 40
147 463
162 109
592 464
217 253
22 26
22 135
22 7
22 369
22 465
22 214
22 148
22 452
593 466
7 26
7 375
7 117
7 21
7 86
7 74
7 33
7 104
7 467
7 103
7 262
7 8
7 206
7 119
7 34
7 106
7 370
7 15
7 468
7 13
7 109
7 92
7 77
7 54
7 65
7 14
323 23
278 57
278 469
278 382
278 154
594 317
151 119
151 5
151 274
151 22
151 157
206 7
206 4
294 262
294 329
595 4
596 470
277 73
277 185
277 471
277 143
597 96
275 98
321 86
321 180
321 51
321 5
10 104
10 172
10 13
10 180
10 109
10 23
10 5
10 105
10 436
10 382
10 21
10 453
10 47
10 165
10 201
10 121
10 145
10 472
10 153
10 377
10 65
31 67
31 126
130 373
130 117
130 461
130 195
130 473
463 163
463 474
463 147
463 329
463 133
598 176
284 73
284 286
284 475
284 179
284 476
480 104
65 72
65 65
65 7
65 13
65 81
65 477
65 34
65 57
65 69
65 132
348 478
348 199
420 104
420 8
420 479
420 272
155 15
155 154
155 5
599 133
104 21
104 135
104 137
104 26
104 7
104 23
104 237
104 244
104 85
104 69
104 143
104 317
104 8
104 125
104 119
104 53
104 234
104 4
104 142
104 227
104 89
104 449
104 480
104 420
104 209
104 184
269 481
363 376
282 60
282 51
21 86
21 309
21 63
21 159
21 357
21 482
21 153
21 176
21 10
21 483
21 202
600 136
445 484
240 35
240 306
240 186
240 358
240 5
240 394
240 464
240 133
240 32
240 485
240 486
240 487
240 57
240 236
240 293
467 86
259 157
114 367
114 224
114 50
84 488
84 59
84 46
303 57
252 101
125 104
125 165
125 5
125 155
125 7
121 10
121 352
121 59
121 5
121 133
121 157
121 327
121 85
121 67
121 273
121 489
121 34
121 306
121 15
121 242
50 15
370 15
370 7
255 23
255 157
301 57
601 35
142 362
142 490
142 366
142 352
142 253
142 190
142 14
142 53
142 90
142 141
316 392
491 385
167 134
167 138
602 100
603 53
603 65
16 15
16 23
146 26
511 70
54 290
54 7
54 11
54 377
604 109
205 244
205 491
205 366
205 38
205 4
605 492
605 19
224 23
224 424
127 35
127 99
127 37
127 79
156 57
606 362
606 493
152 318
375 26
375 5
375 7
375 296
375 494
375 100
375 242
375 495
375 452
305 57
92 362
92 26
92 496
92 7
92 139
92 143
319 86
174 69
198 72
288 497
288 498
288 499
351 5
351 14
607 49
103 435
103 7
103 8
103 500
608 70
609 372
204 4
610 449
611 501
612 151
226 132
470 10
613 14
13 15
13 502
13 95
13 72
13 503
614 103
615 67
89 504
89 104
89 65
89 237
89 505
89 85
89 131
89 74
89 60
89 506
89 70
242 375
173 86
61 131
61 118
61 85
616 228
616 117
325 48
325 8
81 194
81 496
81 365
81 5
81 23
81 157
81 263
81 176
81 48
81 507
81 81
81 63
81 508
81 70
386 115
386 509
70 510
70 123
70 511
70 59
70 86
70 24
70 81
70 42
70 89
70 512
