110 0
110 1
110 2
110 3
110 4
110 5
110 6
110 7
110 8
110 9
361 10
361 11
265 12
290 13
290 14
290 15
295 16
52 16
52 17
52 18
52 19
471 20
471 21
94 22
94 23
94 24
94 25
94 26
94 27
223 28
223 29
223 30
273 31
197 32
197 26
197 33
197 34
197 35
245 36
245 37
245 18
245 38
245 15
176 3
176 39
176 15
176 40
256 41
270 42
474 43
179 44
179 45
179 46
179 47
179 48
179 16
179 49
179 50
179 51
179 52
179 53
179 54
475 55
352 56
151 4
151 57
151 15
151 58
401 59
466 5
268 56
268 60
268 61
268 62
268 63
268 64
268 21
268 32
268 20
268 2
116 17
116 7
116 43
116 65
116 2
95 66
425 67
425 54
354 68
354 69
354 15
43 70
43 71
43 72
43 73
43 74
43 20
43 53
43 75
43 76
43 77
167 18
327 29
327 78
327 54
327 15
327 79
476 80
99 81
477 82
173 83
166 84
478 85
478 27
74 86
333 87
138 65
138 6
138 27
479 88
349 56
440 89
480 90
44 91
44 58
44 92
44 48
44 93
481 94
66 95
66 96
66 97
459 98
482 99
457 39
306 100
306 101
306 60
306 102
306 103
306 104
306 105
306 21
306 106
306 107
306 108
306 109
483 110
483 111
484 63
344 70
485 112
235 113
235 17
235 114
235 77
7 115
7 110
7 116
7 117
192 118
377 119
377 120
377 89
115 121
115 122
115 123
115 7
486 124
301 125
301 0
301 126
301 16
301 127
301 128
301 129
487 130
388 43
303 131
303 132
303 79
470 133
238 134
238 14
238 135
238 15
238 136
238 64
238 137
488 23
171 138
129 139
276 140
276 135
276 141
276 142
442 143
442 29
411 144
311 116
311 145
311 146
311 147
342 148
342 149
342 2
342 150
342 151
342 152
412 153
62 154
62 131
62 44
58 125
58 44
58 89
58 155
58 151
58 20
58 119
58 141
253 156
253 2
253 3
253 157
253 136
253 16
253 105
159 106
159 158
159 159
214 160
489 161
489 60
490 162
490 163
239 164
239 136
4 16
4 165
4 110
4 76
4 166
147 167
147 168
147 8
147 52
80 169
80 15
85 9
85 48
85 142
491 8
491 170
400 119
492 76
493 98
493 171
86 172
86 173
86 174
86 74
86 170
86 175
86 135
86 176
86 177
86 119
86 125
86 139
86 178
86 179
86 180
86 16
86 104
86 21
86 181
86 182
86 183
86 31
86 26
86 77
494 184
495 185
137 115
71 60
71 2
83 186
252 187
252 188
252 189
252 190
364 11
496 191
118 155
118 192
32 125
32 193
32 59
32 194
32 56
32 184
32 195
32 196
32 197
32 198
32 199
32 119
32 94
32 28
375 91
497 200
180 201
180 202
180 2
180 77
180 136
180 203
180 204
180 205
180 206
180 86
180 207
292 20
292 208
292 54
292 15
292 209
397 54
397 210
397 44
397 211
397 119
121 155
121 115
121 212
121 175
121 213
191 200
191 208
160 214
160 45
498 213
326 154
326 215
499 119
202 216
202 217
202 190
202 60
410 218
104 219
104 220
104 221
104 86
165 122
165 222
28 32
28 20
28 221
28 223
1 110
168 224
168 15
168 147
500 119
19 225
19 52
501 226
231 185
231 69
231 227
231 228
231 229
502 230
213 56
213 189
6 110
6 138
6 6
6 89
229 231
503 232
381 69
381 233
504 56
505 138
178 86
40 176
242 2
408 77
506 38
507 124
185 231
302 125
302 8
302 234
271 22
271 94
114 235
508 236
509 237
136 238
136 239
136 3
136 180
136 15
136 60
136 240
136 14
136 241
136 16
289 15
169 2
510 242
510 69
511 243
18 2
18 18
18 244
18 245
18 52
18 167
244 18
244 246
244 247
244 43
244 34
512 98
315 248
247 249
247 16
247 244
318 250
82 72
82 14
251 251
291 15
291 21
201 180
201 54
201 2
190 8
190 252
190 159
69 219
69 102
69 185
69 78
69 253
69 231
69 254
69 117
274 255
274 256
274 36
274 21
90 257
209 258
196 32
266 206
308 197
308 113
308 259
308 207
308 167
513 3
246 260
246 244
300 125
300 56
426 78
426 15
426 261
46 112
420 56
420 70
420 262
420 263
420 54
420 207
372 91
514 230
514 19
141 180
141 2
148 264
348 56
515 98
12 68
12 91
12 43
12 265
206 266
206 70
206 141
139 8
139 129
139 15
139 86
269 154
516 267
436 3
517 268
518 20
42 269
42 270
376 91
376 8
22 271
134 238
134 272
260 246
260 2
31 72
31 135
31 60
31 273
31 122
31 21
31 77
255 274
255 21
423 54
36 124
36 2
36 221
36 170
36 240
36 154
36 205
36 245
36 9
36 91
36 255
36 274
36 275
519 147
414 20
323 276
405 277
405 157
405 150
405 57
405 84
405 268
405 243
195 32
195 278
72 219
72 28
72 82
72 279
72 21
72 102
72 280
72 122
72 281
72 43
72 176
72 31
72 16
72 20
72 231
72 54
72 77
72 282
72 148
520 283
520 284
194 32
81 285
81 99
379 286
15 56
15 147
15 238
15 287
15 288
15 168
15 184
15 136
15 289
15 290
15 15
15 275
15 8
15 3
15 91
15 176
15 251
15 291
15 292
15 20
15 57
15 151
15 233
15 54
15 17
15 14
15 80
15 212
15 78
15 21
15 9
15 36
15 207
155 155
155 293
155 232
155 211
155 257
155 136
155 294
155 197
155 295
155 21
155 12
155 205
155 58
155 255
521 4
392 56
392 178
392 292
392 110
392 296
392 297
392 298
392 299
392 20
392 141
392 54
392 8
205 119
205 36
205 232
337 20
125 300
125 135
125 86
125 301
125 302
125 32
125 58
125 89
125 303
522 304
435 3
435 175
435 21
29 91
29 223
29 305
523 93
102 72
102 122
102 131
102 306
524 278
525 16
320 3
320 20
320 307
259 119
259 308
259 2
460 248
460 309
13 290
140 276
212 233
212 135
212 15
212 212
212 9
212 310
146 311
526 0
526 312
9 306
9 3
9 110
9 180
9 313
9 34
9 91
9 57
9 78
9 27
9 8
9 9
9 314
9 268
9 119
9 54
9 109
172 86
172 2
324 154
157 223
157 109
448 60
527 315
241 136
0 301
0 20
0 17
449 109
341 54
341 45
341 76
211 155
257 316
257 131
257 4
257 317
257 155
257 50
257 20
257 167
257 90
250 318
250 77
528 45
528 70
529 138
473 77
473 319
433 320
433 321
530 56
530 322
531 323
240 20
240 36
240 15
240 136
154 60
154 36
154 324
154 261
154 325
154 119
154 326
154 141
113 9
79 327
61 15
61 328
532 20
533 167
454 219
534 32
535 288
536 24
248 164
248 315
248 136
444 16
444 329
444 39
537 86
2 172
2 56
2 110
2 317
2 11
2 141
2 219
2 223
2 71
2 330
2 8
2 91
2 20
2 253
2 226
2 329
2 263
2 16
2 57
2 233
2 274
2 268
2 123
2 116
2 259
2 134
2 260
2 51
288 15
343 175
343 70
343 248
343 8
184 72
184 331
184 60
184 179
184 218
184 252
184 48
184 15
184 155
184 187
184 52
184 32
184 20
184 184
184 91
317 91
317 3
317 257
225 19
145 311
105 3
407 163
346 200
346 58
346 332
538 110
87 333
87 211
87 334
64 238
64 268
64 15
234 335
234 302
221 60
221 142
221 154
221 104
221 336
221 89
221 36
23 32
23 337
23 21
386 338
386 339
386 120
386 5
280 72
280 340
539 43
334 87
540 103
541 11
123 115
123 2
123 341
123 306
123 304
123 20
542 245
445 16
149 342
70 121
70 343
70 184
70 48
70 91
70 344
543 345
170 346
170 36
170 86
314 123
314 9
437 347
544 16
56 80
56 98
56 3
56 11
56 174
56 213
56 348
56 349
56 350
56 351
56 288
56 20
56 278
56 221
56 352
56 16
56 154
56 353
56 334
56 21
56 268
56 354
11 21
11 10
11 355
11 356
11 2
11 56
11 357
11 358
11 359
11 360
11 290
11 361
11 163
11 9
11 362
11 363
11 364
390 205
390 36
390 8
131 56
131 365
131 257
131 62
131 16
131 43
131 366
131 102
131 367
131 303
150 54
84 368
391 154
545 369
75 20
75 43
438 370
546 371
422 54
422 245
422 51
91 2
91 184
91 86
91 317
91 372
91 373
91 374
91 87
91 54
91 15
91 244
91 8
91 304
91 20
91 215
91 226
91 139
91 12
91 191
91 334
91 375
91 376
91 377
91 70
91 60
91 259
91 247
91 9
91 378
91 207
547 379
316 257
389 374
34 197
34 244
103 130
103 238
313 56
313 9
548 380
199 32
233 70
233 60
233 3
233 2
233 16
233 212
233 20
233 381
233 77
368 20
549 119
162 11
162 382
550 72
181 86
200 201
200 346
200 383
200 182
200 132
200 191
200 48
200 91
200 109
51 179
51 20
51 57
51 384
51 86
310 238
310 212
310 233
204 65
208 385
208 292
120 16
120 27
120 386
120 119
120 377
551 219
551 15
415 20
395 119
552 387
552 388
27 182
27 169
27 237
27 120
27 9
374 91
374 389
374 305
330 29
553 184
8 56
8 2
8 3
8 343
8 390
8 391
8 83
8 15
8 392
8 91
8 393
8 110
8 226
8 394
8 221
8 190
8 280
8 16
8 21
8 268
8 376
8 347
8 9
119 28
119 98
119 86
119 395
119 396
119 120
119 269
119 5
119 351
119 32
119 20
119 27
119 397
119 267
119 306
119 398
119 16
119 154
119 58
119 377
119 72
119 399
119 9
119 400
226 2
554 32
555 189
555 78
328 2
328 61
556 20
59 401
59 32
59 197
59 402
557 403
557 404
57 268
57 151
57 71
57 405
57 2
558 301
228 144
26 224
26 54
26 86
26 24
26 32
26 94
108 306
293 155
293 16
293 132
25 249
373 91
142 268
142 406
559 91
339 3
339 386
339 20
560 407
439 32
439 20
360 11
351 77
561 408
424 2
424 409
424 14
424 16
424 21
424 54
278 14
278 56
278 195
218 184
218 410
218 161
144 411
224 412
224 31
562 165
562 56
562 221
366 131
366 21
563 41
563 413
20 414
20 3
20 184
20 415
20 124
20 209
20 416
20 417
20 91
20 58
20 119
20 292
20 16
20 353
20 21
20 418
20 123
20 230
20 60
20 57
20 78
20 51
20 419
20 77
54 3
54 420
54 52
54 421
54 15
54 422
54 392
54 91
54 20
54 423
54 424
54 292
54 397
54 201
54 154
54 274
54 54
54 425
54 200
54 9
54 26
54 327
230 20
17 426
17 83
17 276
17 427
17 264
17 245
17 91
17 378
564 428
182 200
14 60
14 15
14 136
14 290
14 429
14 82
565 420
404 325
65 430
65 116
65 138
65 204
566 431
76 4
450 209
450 109
567 252
45 179
45 160
45 432
568 224
3 122
3 433
3 56
3 434
3 435
3 238
3 15
3 317
3 436
3 437
3 8
3 233
3 16
3 20
3 105
3 339
3 54
370 438
321 439
48 200
48 44
48 70
106 197
124 115
124 20
124 36
385 56
385 208
385 207
385 170
416 68
416 20
569 289
89 373
89 125
89 440
89 441
89 135
89 6
89 3
89 58
89 36
89 77
89 377
307 320
143 442
100 443
570 320
571 123
398 119
16 56
16 444
16 120
16 2
16 21
16 131
16 86
16 52
16 83
16 15
16 68
16 258
16 20
16 95
16 82
16 435
16 16
16 353
16 233
16 136
16 445
16 301
16 78
353 56
353 86
50 20
50 52
50 257
50 446
572 20
101 306
60 43
60 202
60 5
60 60
60 447
60 29
60 150
60 136
60 154
60 448
60 233
60 91
60 20
60 195
60 71
402 59
573 21
109 200
109 449
109 306
109 157
109 450
207 91
207 385
207 78
207 15
207 451
574 157
452 452
135 125
135 238
135 31
135 276
135 86
135 212
135 113
135 233
135 89
135 54
382 162
287 15
369 453
369 454
369 2
575 119
576 204
30 223
577 16
175 167
175 21
305 455
305 43
305 29
68 16
68 115
68 12
285 81
285 99
441 89
254 69
117 456
117 69
117 7
446 50
394 3
67 119
39 20
39 444
39 457
189 213
189 46
578 458
249 25
132 200
132 293
132 99
132 303
419 20
378 197
378 311
98 459
98 119
98 15
122 16
122 165
309 56
309 460
430 461
430 65
579 84
219 162
219 69
219 2
219 104
219 462
219 21
219 32
219 463
49 78
421 54
78 69
78 5
78 341
78 16
78 20
78 119
78 94
215 464
580 207
5 339
5 465
5 98
5 60
5 179
5 200
5 110
5 23
5 43
5 78
5 466
5 274
5 119
5 370
5 230
41 256
41 467
329 205
329 444
329 2
581 56
582 237
97 468
97 469
21 470
21 72
21 175
21 219
21 46
21 110
21 306
21 255
21 16
21 197
21 69
21 366
21 8
21 23
21 471
21 7
21 268
21 228
193 32
193 25
464 215
583 197
417 20
417 86
584 104
77 472
77 210
77 2
77 86
77 72
77 43
77 351
77 31
77 20
77 89
77 473
