1 0
1 1
279 2
279 3
116 4
116 5
116 6
116 7
116 8
116 9
116 10
116 11
116 12
116 13
116 14
116 15
116 16
116 17
116 0
116 18
116 19
116 20
116 21
116 22
116 23
116 24
116 25
116 26
116 27
116 28
116 29
116 30
116 31
116 32
116 33
116 34
116 35
116 36
5 37
5 3
5 6
5 7
5 14
5 38
5 39
5 25
5 40
5 0
5 41
5 19
5 42
646 43
675 44
675 45
565 46
151 19
151 47
151 48
151 49
151 50
151 51
151 0
151 52
151 53
151 54
151 55
151 36
344 56
344 57
344 58
344 59
344 60
344 61
344 62
344 63
344 64
260 65
260 38
355 12
355 66
624 67
478 68
258 7
258 69
258 70
258 71
437 14
437 72
437 45
214 73
214 74
214 14
214 23
214 75
214 38
214 76
214 77
214 78
214 79
214 80
214 0
214 81
214 41
214 19
214 6
214 82
631 83
470 0
309 27
309 14
309 41
309 84
65 85
65 4
65 6
65 86
65 57
65 38
65 87
65 7
65 88
65 89
65 90
110 91
217 6
217 92
217 8
217 9
217 93
217 0
217 94
217 43
217 89
676 95
677 96
237 97
134 98
179 99
179 17
179 100
678 101
678 102
201 91
201 31
201 42
201 6
201 23
201 25
201 17
201 0
201 103
201 43
414 57
414 104
414 105
414 106
195 107
195 91
195 69
195 108
195 109
195 0
195 88
195 110
679 17
428 111
391 25
391 112
391 43
117 4
117 113
117 31
117 114
117 115
117 74
117 38
117 116
117 0
117 117
117 118
272 0
272 119
272 14
272 120
573 21
573 121
573 116
573 0
573 18
573 122
137 123
540 0
352 124
352 125
516 126
516 38
680 127
681 128
13 129
509 130
509 3
509 131
682 0
683 25
683 6
630 14
630 83
200 132
200 19
684 133
98 134
98 135
98 136
98 38
98 17
123 137
123 138
123 139
170 25
170 91
170 140
170 38
481 0
481 141
388 89
452 142
452 143
452 144
222 8
222 69
222 145
222 146
222 9
685 147
49 21
49 148
49 14
49 149
49 150
49 151
686 93
209 152
209 153
25 91
25 5
25 32
25 154
25 155
25 6
25 7
25 156
25 116
25 4
25 133
25 150
25 8
25 157
25 158
25 9
25 159
25 160
25 44
25 161
25 162
25 127
25 163
25 14
25 74
25 164
25 38
25 65
25 165
25 131
25 17
25 166
25 167
25 0
25 18
25 19
25 88
25 36
25 110
25 168
25 169
25 20
25 170
25 171
25 23
25 172
25 90
25 173
25 174
25 175
25 176
25 177
25 153
25 178
25 52
25 179
25 42
25 64
25 180
25 181
25 58
25 182
25 43
25 92
25 31
25 57
25 183
25 184
25 185
25 186
25 93
25 187
25 188
25 189
25 105
25 89
25 190
30 91
30 92
30 191
30 116
687 124
687 58
192 192
192 25
192 50
192 126
192 193
192 36
434 91
688 194
109 56
109 195
109 41
109 9
109 196
240 197
240 14
240 198
240 199
240 200
240 201
277 202
277 2
277 65
689 161
231 203
231 135
231 204
656 31
690 12
57 161
57 205
57 206
57 207
57 208
57 0
57 19
57 65
57 183
567 153
236 18
236 209
236 4
236 39
590 92
590 210
691 2
149 49
149 211
149 212
149 210
78 3
78 59
78 184
78 213
78 38
78 27
78 214
78 26
382 0
382 215
382 31
382 4
382 211
520 216
9 57
9 6
9 116
9 8
9 217
9 218
9 14
9 69
9 38
9 219
9 145
9 208
9 220
9 0
9 64
9 221
9 222
9 25
9 141
9 223
9 224
9 225
9 226
9 227
9 228
9 184
9 66
9 109
9 229
692 230
693 108
140 181
140 170
694 231
641 27
695 4
696 232
61 233
176 0
176 25
176 111
176 38
176 209
417 234
431 4
431 235
431 31
431 111
431 91
88 4
88 6
88 236
88 7
88 27
88 155
88 151
88 3
88 14
88 38
88 17
88 200
88 0
88 86
88 237
88 238
88 174
88 25
88 52
88 93
88 239
88 181
197 59
197 93
197 240
197 160
114 3
114 31
114 241
114 14
114 187
114 103
697 7
697 242
697 23
551 0
551 3
427 93
698 6
311 94
26 12
699 116
568 243
496 0
496 217
700 244
700 29
401 245
701 246
351 41
72 247
349 60
468 248
468 249
468 32
468 61
468 9
468 181
193 250
34 25
34 116
34 251
34 58
34 6
212 25
212 14
212 58
702 114
416 105
703 233
703 252
99 82
280 18
280 253
280 23
634 254
634 58
421 255
421 256
421 27
421 257
421 0
421 131
642 4
38 5
38 258
38 6
38 74
38 259
38 150
38 157
38 9
38 10
38 12
38 260
38 3
38 261
38 14
38 262
38 100
38 65
38 17
38 0
38 18
38 88
38 161
38 21
38 263
38 23
38 172
38 115
38 93
38 84
38 264
38 25
38 176
38 132
38 265
38 146
38 266
38 126
38 267
38 64
38 58
38 184
38 98
38 268
38 33
38 59
38 269
38 270
38 160
38 271
38 40
38 117
38 272
704 25
199 14
199 240
705 273
458 88
2 274
2 275
2 148
2 23
2 32
2 214
2 276
2 277
2 18
2 278
2 19
2 279
517 62
706 280
500 6
44 263
44 45
44 25
44 281
44 0
44 18
171 282
171 215
171 38
171 283
171 25
171 276
171 284
171 0
171 18
171 19
171 285
171 286
263 91
263 29
263 6
263 44
263 160
263 18
263 287
263 201
707 9
172 91
172 288
172 289
172 31
172 142
172 183
172 4
172 290
172 291
172 25
172 292
172 17
172 160
172 293
172 294
172 295
611 0
632 48
412 191
412 120
412 184
412 7
412 32
412 38
412 150
412 146
412 296
412 179
264 274
264 297
264 298
264 38
708 299
239 300
239 29
239 88
239 148
239 58
664 3
295 188
295 301
295 201
295 295
475 23
475 6
475 69
475 233
475 302
475 0
227 208
227 196
531 0
531 42
206 0
206 205
709 303
256 6
354 91
354 66
354 39
332 18
332 92
332 43
332 304
332 39
467 93
362 18
362 40
362 305
501 6
532 4
532 33
532 266
190 25
190 159
381 306
381 18
381 31
710 65
710 111
710 268
666 113
247 72
247 242
41 56
41 27
41 41
41 307
41 109
41 214
41 60
41 308
41 309
41 94
711 208
312 94
312 33
155 23
155 27
155 157
155 0
155 217
155 88
365 14
365 83
365 160
547 0
547 6
94 41
94 310
94 128
94 32
94 83
94 311
94 39
94 281
94 312
94 270
94 313
94 0
94 217
94 188
94 14
94 314
96 6
712 148
712 17
713 12
713 315
345 64
345 91
345 316
345 317
345 92
345 318
345 319
345 40
345 320
714 17
165 321
165 14
165 322
165 323
165 324
165 325
399 50
449 18
436 295
604 159
194 326
145 163
145 9
328 102
328 327
328 328
400 12
715 18
715 14
715 9
327 211
327 327
327 329
369 0
369 330
369 38
369 17
369 6
268 331
268 38
268 332
268 175
268 281
268 155
268 0
268 287
268 333
310 14
310 218
310 334
132 36
132 200
265 0
265 116
654 31
39 5
39 335
39 236
39 336
39 258
39 332
39 337
39 338
39 339
39 340
64 62
64 6
64 341
64 7
64 342
64 343
64 9
64 344
64 345
64 346
64 347
64 38
64 348
64 153
64 0
64 19
64 43
64 349
64 21
64 350
64 84
64 25
64 210
64 125
64 351
64 110
125 208
125 352
125 353
37 5
66 253
66 354
66 355
66 9
66 356
66 357
638 58
580 19
580 3
185 25
185 161
586 6
586 23
716 116
451 256
451 18
451 31
451 183
451 23
474 358
457 359
457 360
457 4
74 23
74 25
74 214
74 225
74 0
74 117
74 105
300 239
305 0
305 361
305 362
305 363
717 25
10 116
10 10
10 223
10 38
10 6
718 200
152 219
333 268
480 12
570 364
655 365
655 31
719 361
720 298
542 366
542 367
15 106
438 368
438 14
438 32
438 219
466 93
17 32
17 369
17 23
17 88
17 14
17 69
17 38
17 370
17 25
17 33
17 371
17 196
17 0
17 18
17 372
17 26
17 98
17 131
167 4
167 6
167 38
167 25
167 225
167 0
167 110
544 225
585 14
498 6
408 18
507 373
374 374
374 128
374 375
374 376
374 43
374 377
336 25
336 378
238 379
238 154
238 38
353 18
353 125
353 235
353 6
482 4
180 380
180 0
180 23
180 58
721 38
722 381
215 382
129 26
546 383
546 384
546 0
323 165
323 91
613 4
89 282
89 385
89 386
89 95
89 349
89 387
89 101
89 65
89 388
89 389
89 27
89 390
89 391
89 225
89 0
89 18
89 392
89 25
89 347
89 314
723 393
453 56
453 91
453 149
453 222
453 394
453 17
464 93
95 395
95 32
95 396
566 397
157 398
157 23
157 261
157 25
157 157
157 153
157 87
157 131
158 6
158 182
158 58
158 0
158 231
158 393
50 399
50 14
50 151
465 93
12 400
12 73
12 31
12 182
12 90
12 92
12 401
12 38
12 214
12 0
12 26
12 42
12 116
205 57
205 206
205 6
205 153
205 0
205 402
205 36
273 403
724 32
392 404
392 40
188 25
188 161
188 405
188 36
440 14
584 23
725 0
471 4
471 7
471 406
471 0
471 81
471 43
283 171
726 245
726 269
726 407
443 27
443 408
443 409
443 410
226 0
226 191
253 4
253 31
253 280
253 66
253 58
506 219
506 39
589 28
589 411
727 308
728 408
405 124
729 412
187 263
187 6
187 92
187 135
187 174
187 395
187 413
187 40
187 160
187 208
187 240
730 325
730 6
105 161
105 414
105 6
105 7
105 232
105 415
105 416
105 214
105 235
105 0
105 38
731 417
492 32
492 201
554 7
554 418
554 240
732 159
733 99
733 396
733 377
379 211
394 7
394 116
394 26
394 419
394 18
575 100
8 4
8 3
8 420
8 421
8 116
8 139
8 38
8 25
8 9
8 35
8 0
8 422
8 94
8 220
8 36
734 184
735 183
111 423
111 424
111 2
111 7
111 425
111 38
111 426
111 176
111 427
111 428
111 429
111 0
111 143
111 19
111 201
63 392
736 319
736 17
91 430
91 258
91 262
91 356
91 345
91 273
91 14
91 6
91 0
91 309
91 431
91 110
91 369
91 263
91 23
91 432
91 433
91 412
91 25
91 18
91 223
91 187
91 201
91 3
91 58
91 434
91 186
91 35
91 49
325 165
325 192
286 0
286 435
286 436
85 6
163 0
163 43
163 25
163 145
163 14
364 233
364 308
364 31
14 91
14 5
14 4
14 7
14 116
14 272
14 50
14 9
14 94
14 12
14 346
14 14
14 437
14 165
14 199
14 438
14 17
14 15
14 0
14 18
14 439
14 88
14 168
14 440
14 441
14 25
14 208
14 365
14 43
14 67
14 19
14 398
14 31
14 184
14 220
14 32
14 33
14 362
14 442
14 103
14 231
14 118
45 44
45 437
410 443
368 444
368 445
368 116
368 192
368 219
368 438
479 32
479 135
479 192
574 441
574 110
460 0
460 69
629 446
18 381
18 4
18 447
18 6
18 236
18 116
18 8
18 280
18 422
18 151
18 344
18 12
18 197
18 448
18 69
18 38
18 449
18 450
18 17
18 338
18 200
18 2
18 408
18 263
18 84
18 25
18 0
18 353
18 52
18 253
18 58
18 332
18 59
18 14
18 36
18 451
144 452
144 36
144 225
56 4
56 453
56 454
56 455
56 0
56 89
56 344
321 165
737 344
738 4
594 456
594 269
560 0
360 25
360 457
360 458
473 459
739 432
271 184
271 0
271 14
271 17
271 460
267 12
267 75
267 153
267 183
294 172
740 93
741 14
274 218
274 447
289 172
742 69
182 175
182 25
182 158
489 0
489 157
489 461
489 17
489 7
59 18
292 172
292 462
292 6
292 58
79 214
79 463
93 4
93 464
93 6
93 78
93 159
93 102
93 217
93 465
93 38
93 281
93 466
93 0
93 275
93 148
93 23
93 25
93 427
93 58
93 92
93 467
93 93
93 89
743 201
181 0
181 468
377 461
377 43
377 374
744 332
745 6
746 469
419 17
747 18
406 470
406 471
406 472
276 2
276 473
276 38
276 3
40 345
40 356
40 362
40 7
40 403
40 116
40 38
40 219
40 25
40 276
40 210
40 146
40 160
40 365
40 392
54 151
556 0
556 2
358 233
358 474
358 466
358 14
616 184
472 57
69 258
69 43
69 17
69 475
69 460
164 25
164 7
494 93
529 4
529 43
281 161
281 44
281 268
16 281
16 104
16 38
16 263
495 0
495 6
371 302
371 476
371 17
68 477
68 478
68 102
68 197
748 329
543 0
135 231
135 219
135 479
135 18
135 208
135 187
135 98
636 27
636 153
636 58
537 0
233 364
233 395
233 143
233 0
233 52
233 475
141 4
141 41
141 23
141 184
141 480
141 116
141 481
141 412
141 9
141 196
141 0
141 482
141 128
80 214
52 430
52 25
52 238
52 6
52 23
52 31
52 151
52 14
52 200
52 233
52 483
52 35
52 0
52 18
52 88
287 0
287 263
287 268
245 25
245 401
749 327
497 484
497 43
750 485
270 0
270 348
270 38
751 486
505 0
505 82
505 415
118 119
118 29
118 487
118 185
118 0
118 14
259 4
259 38
32 479
32 488
32 489
32 281
32 478
32 412
32 25
32 116
32 60
32 438
32 367
32 490
32 468
32 2
32 491
32 94
32 201
32 14
32 492
32 396
539 0
539 2
539 143
6 91
6 5
6 4
6 116
6 150
6 158
6 220
6 9
6 10
6 159
6 217
6 493
6 461
6 494
6 219
6 65
6 438
6 153
6 167
6 0
6 18
6 495
6 88
6 200
6 131
6 20
6 369
6 256
6 263
6 23
6 90
6 128
6 93
6 174
6 25
6 187
6 38
6 201
6 475
6 64
6 119
6 31
6 496
6 43
6 58
6 497
6 33
6 498
6 184
6 499
6 500
6 160
6 501
6 229
6 181
6 313
6 34
752 29
752 17
177 25
177 14
285 28
285 69
285 211
562 25
370 17
102 327
102 502
102 197
102 7
102 14
102 240
102 93
102 503
102 0
102 328
363 305
614 7
211 4
211 379
211 91
211 504
211 215
211 327
211 285
211 149
211 382
211 357
211 505
662 3
97 506
97 58
97 6
346 14
335 0
335 39
373 507
198 217
657 14
47 25
47 170
47 151
47 95
47 110
621 125
621 508
621 31
130 509
334 0
334 195
587 64
587 195
587 510
587 43
587 23
572 413
572 511
70 258
22 512
221 0
221 9
221 93
432 91
432 31
432 58
432 513
432 33
432 0
160 514
160 119
160 263
160 6
160 172
160 14
160 365
160 38
160 25
160 292
160 40
160 240
160 0
160 187
160 376
160 324
75 515
75 267
75 23
545 0
545 92
545 148
249 468
126 3
126 23
126 128
126 38
126 516
126 517
126 201
753 38
754 331
755 156
398 0
398 495
398 217
756 518
242 519
242 247
242 520
757 521
758 0
302 522
302 371
106 191
106 17
104 31
189 523
189 97
189 524
189 69
189 33
189 25
189 525
189 0
189 18
189 526
313 14
313 94
313 6
376 374
376 160
759 0
759 39
4 91
4 6
4 7
4 116
4 382
4 159
4 217
4 527
4 528
4 14
4 219
4 529
4 173
4 0
4 18
4 431
4 88
4 131
4 23
4 530
4 233
4 308
4 294
4 274
4 531
4 253
4 58
4 184
4 65
4 31
4 160
4 239
4 532
191 533
191 281
191 471
476 371
760 278
760 21
760 417
760 534
761 64
762 25
404 392
0 5
0 1
0 91
0 116
0 406
0 155
0 94
0 44
0 505
0 535
0 201
0 69
0 214
0 281
0 470
0 495
0 371
0 536
0 250
0 369
0 268
0 310
0 245
0 537
0 233
0 141
0 132
0 265
0 52
0 287
0 42
0 64
0 29
0 184
0 158
0 33
0 538
0 195
0 185
0 270
0 117
0 272
0 451
0 56
0 539
0 6
0 7
0 4
0 150
0 540
0 503
0 102
0 541
0 217
0 221
0 335
0 542
0 17
0 543
0 200
0 544
0 220
0 334
0 408
0 374
0 481
0 432
0 545
0 412
0 25
0 119
0 58
0 546
0 143
0 106
0 189
0 89
0 57
0 41
0 461
0 547
0 95
0 548
0 27
0 382
0 9
0 12
0 549
0 74
0 219
0 205
0 550
0 188
0 131
0 20
0 471
0 84
0 551
0 552
0 305
0 553
0 8
0 31
0 496
0 88
0 105
0 554
0 555
0 212
0 556
0 156
0 133
0 124
0 557
0 286
0 161
0 163
0 3
0 421
0 14
0 38
0 100
0 329
0 460
0 208
0 18
0 19
0 558
0 263
0 23
0 128
0 559
0 560
0 561
0 225
0 475
0 43
0 73
0 228
0 206
0 92
0 82
0 269
0 93
0 271
0 181
0 183
0 314
600 159
131 4
131 421
131 7
131 38
131 150
131 25
131 223
131 0
131 159
255 421
255 84
21 12
21 91
21 7
21 441
21 562
21 2
21 218
21 298
21 36
623 7
350 64
350 40
174 58
174 6
441 14
441 42
763 93
764 563
235 306
235 431
235 268
235 31
235 564
46 7
46 565
146 233
146 128
146 412
146 40
146 58
266 43
266 532
266 332
765 89
765 254
765 334
397 566
397 89
426 161
426 180
316 345
445 23
766 126
35 8
35 52
767 8
767 64
767 41
103 567
103 31
103 114
103 14
103 153
103 201
243 568
768 569
156 0
156 25
156 14
156 113
156 58
415 105
415 183
124 570
124 352
124 33
124 405
124 81
124 475
224 64
224 31
367 542
367 32
367 31
367 74
359 457
372 8
372 14
372 17
372 6
122 571
769 572
121 573
527 531
207 25
770 574
771 14
100 575
772 91
772 576
773 531
774 93
348 3
329 577
329 3
329 23
329 142
329 327
329 578
329 230
329 353
491 32
19 5
19 6
19 463
19 111
19 44
19 579
19 151
19 232
19 214
19 329
19 200
19 2
19 18
19 148
19 23
19 25
19 0
19 235
19 26
19 64
19 29
19 301
19 580
19 143
186 91
186 251
147 581
625 582
625 17
275 2
275 583
275 65
275 93
635 58
23 91
23 74
23 116
23 4
23 157
23 280
23 155
23 503
23 44
23 148
23 409
23 14
23 6
23 38
23 549
23 542
23 329
23 196
23 0
23 19
23 388
23 17
23 584
23 22
23 2
23 303
23 128
23 75
23 214
23 25
23 141
23 210
23 126
23 52
23 201
23 475
23 180
23 585
23 58
23 445
23 92
23 184
23 93
23 271
23 393
23 586
23 451
128 126
128 496
128 29
128 25
128 23
559 161
559 0
559 447
559 149
559 82
510 587
510 7
322 165
640 588
640 230
640 7
413 119
413 413
413 572
413 187
319 550
319 4
561 0
402 205
339 0
411 589
73 214
775 281
775 472
775 93
330 369
330 153
92 91
92 6
92 590
92 40
92 102
92 217
92 38
92 165
92 17
92 320
92 0
92 495
92 23
92 101
92 591
92 25
92 353
92 332
92 326
92 93
92 592
92 89
499 6
337 39
776 94
269 480
269 593
269 374
269 594
269 595
269 225
269 596
269 597
564 235
296 412
777 92
778 446
779 25
619 33
619 598
396 120
396 95
396 31
396 32
396 599
396 214
396 131
159 4
159 95
159 6
159 156
159 600
159 601
159 602
159 44
159 603
159 14
159 361
159 604
159 173
159 605
159 220
159 131
159 606
159 25
159 607
159 608
159 609
159 93
159 610
159 190
780 25
674 25
674 4
674 435
535 0
577 31
424 27
424 168
502 531
42 366
42 5
42 531
42 7
42 25
42 563
42 407
461 6
461 611
461 116
461 327
461 183
461 27
461 0
461 422
461 39
461 89
461 377
781 612
338 18
782 14
637 58
536 0
536 613
250 282
250 94
250 38
783 92
784 614
504 615
785 31
175 25
175 0
175 182
175 4
208 57
208 4
208 14
208 31
208 150
208 235
208 227
208 9
208 125
208 0
208 187
208 94
786 240
786 82
786 87
786 38
787 558
142 69
142 329
142 452
485 225
29 57
29 346
29 184
29 43
29 128
29 38
29 563
29 478
29 0
29 19
29 44
29 116
788 159
184 4
184 29
184 69
184 374
184 31
184 14
184 6
184 38
184 25
184 78
184 616
184 131
284 617
456 116
463 618
33 6
33 184
33 116
33 619
33 38
33 620
33 361
33 405
33 312
33 17
33 0
33 18
519 246
519 242
508 621
36 57
36 21
36 622
36 192
36 219
36 132
36 225
36 18
36 297
36 19
36 105
36 144
789 38
127 461
7 91
7 5
7 6
7 548
7 116
7 4
7 111
7 40
7 159
7 102
7 217
7 614
7 14
7 258
7 164
7 38
7 168
7 0
7 19
7 65
7 131
7 21
7 623
7 471
7 510
7 210
7 42
7 295
7 64
7 58
7 88
7 367
251 186
251 34
290 172
67 214
67 92
67 76
67 624
582 625
76 67
422 18
422 626
422 461
422 225
218 274
218 627
218 310
218 285
218 184
218 223
218 9
218 628
541 25
541 92
541 43
541 38
790 27
790 114
282 91
282 89
347 64
347 18
361 214
361 435
361 33
361 305
173 25
324 252
324 165
324 225
324 160
791 571
579 629
579 19
792 228
139 8
83 630
83 631
234 249
793 38
48 632
223 116
223 9
223 93
223 633
223 218
223 617
223 131
794 7
597 269
597 193
119 0
119 116
119 58
119 21
119 160
58 91
58 212
58 6
58 7
58 4
58 133
58 634
58 94
58 44
58 344
58 161
58 14
58 262
58 38
58 549
58 17
58 156
58 18
58 43
58 369
58 635
58 197
58 23
58 432
58 636
58 25
58 223
58 637
58 414
58 253
58 58
58 306
58 31
58 638
58 538
58 292
58 239
58 34
306 381
306 235
306 14
645 43
512 22
143 0
143 233
143 19
143 539
143 451
340 639
340 39
115 16
115 38
81 214
610 159
795 239
82 3
82 263
82 106
82 0
82 44
82 505
393 306
393 23
430 52
430 91
588 640
588 563
796 167
548 4
548 263
548 448
548 132
548 9
548 0
548 14
342 64
299 8
27 424
27 421
27 141
27 31
27 182
27 184
27 116
27 240
27 78
27 41
27 84
27 25
27 443
27 16
27 641
27 320
27 309
27 26
27 88
27 89
196 141
196 227
196 23
659 50
418 554
663 270
797 571
232 15
232 19
219 6
219 135
219 642
219 368
219 438
219 9
219 0
219 152
549 57
549 148
549 263
549 58
549 643
549 0
549 171
153 4
153 567
153 21
153 6
153 90
153 31
153 636
153 46
153 355
153 25
153 157
153 644
153 209
153 103
153 267
153 44
153 205
252 324
252 225
550 0
550 319
43 400
43 91
43 29
43 192
43 56
43 374
43 57
43 90
43 14
43 541
43 645
43 646
43 150
43 529
43 266
43 0
43 64
43 217
43 201
798 586
20 57
20 647
20 6
20 648
20 116
20 33
20 25
20 60
20 0
20 239
20 451
148 3
148 545
148 549
148 146
148 93
148 18
148 649
303 245
303 3
303 23
303 6
303 178
303 102
591 18
599 236
599 64
599 530
599 150
84 64
84 447
84 14
84 35
84 25
84 240
84 18
799 650
592 92
210 274
210 64
210 651
210 21
210 23
210 184
210 7
210 92
210 590
210 4
210 149
210 25
210 351
210 40
210 2
210 181
210 6
210 183
210 451
800 118
150 161
150 366
150 148
150 6
150 184
150 652
150 116
150 32
150 599
150 38
150 25
150 141
150 49
150 7
150 208
150 653
150 43
150 131
357 66
596 269
609 159
609 190
31 381
31 191
31 146
31 6
31 116
31 27
31 262
31 396
31 155
31 654
31 12
31 162
31 480
31 421
31 14
31 655
31 153
31 432
31 0
31 431
31 621
31 268
31 114
31 160
31 510
31 25
31 235
31 132
31 104
31 224
31 52
31 201
31 562
31 180
31 253
31 184
31 93
31 103
31 656
31 36
86 88
651 91
651 125
651 4
651 506
442 236
442 103
442 657
278 128
154 25
447 25
447 18
447 559
447 84
447 274
262 58
262 658
262 38
262 31
503 0
503 659
503 398
503 113
503 23
133 496
366 542
366 22
220 0
220 8
220 448
220 9
220 159
557 208
11 116
801 660
801 92
802 548
803 661
161 281
161 38
162 25
162 31
3 580
3 662
3 8
3 148
3 114
3 5
3 46
3 38
3 27
3 78
3 301
3 276
3 329
3 663
3 126
3 664
3 82
3 0
213 69
804 431
384 246
384 546
87 157
90 65
90 665
90 362
90 160
120 272
120 631
113 666
113 117
113 456
433 368
433 667
658 262
24 18
24 116
77 214
308 4
308 460
308 668
308 669
225 579
225 422
225 74
225 252
225 448
225 89
225 544
225 14
225 36
805 670
639 263
28 100
228 0
228 9
228 38
228 36
228 671
669 308
246 145
246 242
246 672
446 629
435 673
435 674
668 308
806 0
807 39
183 172
183 25
183 183
183 0
314 0
314 89
552 44
