571 0
572 1
572 2
572 3
106 4
106 5
106 6
106 7
106 8
106 9
106 10
106 11
106 12
106 13
106 14
106 15
106 16
106 17
106 18
106 19
106 20
106 21
106 3
106 22
106 23
106 24
106 25
106 26
106 27
106 28
106 29
130 30
130 18
409 31
34 32
34 33
34 34
573 35
424 17
424 18
195 36
195 37
195 38
195 39
195 17
195 40
195 41
195 42
574 43
145 44
145 45
92 16
309 46
309 47
309 48
309 42
372 49
372 50
283 51
283 16
193 52
193 53
575 54
42 55
42 31
42 56
42 57
42 58
42 14
42 59
42 60
42 61
42 62
42 63
42 64
42 65
576 66
576 49
425 67
396 68
396 16
577 69
397 70
397 71
282 72
282 73
282 74
282 75
282 76
282 77
282 78
578 68
407 54
407 79
407 80
407 16
407 31
84 81
84 82
84 83
84 84
84 85
84 86
85 87
85 31
85 88
85 89
85 90
85 91
85 7
85 92
85 82
85 78
85 93
85 94
85 95
85 96
85 97
85 84
85 98
85 99
124 100
124 89
124 101
124 102
124 103
124 104
124 105
124 7
579 58
219 54
219 106
219 82
219 107
538 32
104 108
104 11
477 19
477 103
477 109
477 110
103 36
103 111
103 7
103 112
103 56
103 83
103 113
103 114
103 115
103 116
103 117
103 118
103 119
103 120
103 121
103 37
103 122
103 19
103 123
103 124
103 125
103 89
103 126
103 127
103 128
173 4
173 106
173 129
173 130
173 3
303 131
303 35
303 7
488 118
488 132
488 133
488 134
289 17
289 106
289 135
289 136
289 75
580 137
581 32
495 136
149 31
149 138
60 139
60 7
60 18
60 42
582 42
517 68
517 78
583 61
435 87
435 140
435 141
435 68
435 142
435 96
435 143
45 87
45 32
45 144
45 145
45 44
45 146
45 147
45 148
45 142
45 100
584 149
326 150
440 151
440 152
440 43
440 8
440 153
440 86
585 154
43 129
166 7
194 155
586 156
586 2
458 157
458 158
458 159
458 160
530 161
412 14
412 162
344 39
587 163
550 164
101 17
101 141
101 165
101 80
101 162
101 166
101 167
101 168
101 124
588 169
207 131
207 170
147 171
147 45
147 172
147 173
147 174
147 175
147 176
589 177
590 86
284 74
284 118
284 178
543 179
355 106
355 21
69 36
69 16
69 180
69 44
69 181
69 182
399 68
238 183
238 184
238 161
238 7
200 185
200 82
200 83
200 52
200 186
200 119
200 187
200 188
200 189
76 190
76 128
76 191
507 6
591 192
456 48
456 164
456 7
592 106
592 61
4 4
4 7
4 80
4 68
4 173
4 193
155 194
155 136
155 195
155 16
242 196
373 197
373 198
373 199
83 31
83 81
83 16
83 102
83 82
83 200
83 201
83 27
83 77
83 14
83 84
83 98
83 202
83 182
593 203
174 87
174 59
174 204
174 180
174 205
174 101
174 206
174 207
174 208
174 19
174 209
174 167
174 210
174 211
174 212
594 4
368 100
368 131
368 7
368 17
368 124
368 207
368 105
368 213
533 214
462 105
462 215
222 22
222 86
411 216
411 217
411 18
107 218
107 179
107 219
98 36
98 220
98 152
98 73
98 23
98 17
98 18
98 221
98 49
98 82
98 83
98 222
98 19
98 223
98 35
98 224
98 225
98 85
98 86
98 226
300 35
300 23
129 4
129 227
129 19
129 228
129 14
129 203
129 22
129 182
129 229
524 31
243 131
243 16
243 19
243 77
243 196
243 230
243 42
95 157
95 231
3 232
3 233
3 106
3 234
3 83
3 162
3 68
3 235
3 236
3 136
390 237
388 108
595 238
595 239
196 5
196 36
196 240
196 54
196 241
196 11
196 166
196 242
196 77
196 196
196 206
196 190
196 98
196 73
196 243
196 244
196 19
196 245
196 134
196 32
196 23
196 246
196 247
196 248
439 131
439 249
439 250
23 251
23 106
23 58
23 104
23 168
23 116
23 11
23 252
23 253
23 14
23 98
23 129
23 254
23 32
23 140
23 102
23 255
23 19
23 177
23 256
23 226
23 257
23 88
23 89
23 258
23 23
23 75
23 35
23 259
23 86
596 260
354 261
354 184
354 262
354 263
247 196
264 17
264 220
264 202
264 264
539 179
447 265
447 170
447 258
597 62
369 266
369 7
369 62
267 36
267 35
308 36
308 267
63 170
63 73
63 268
63 269
63 270
63 271
63 7
63 42
547 164
280 20
598 59
80 31
80 272
80 7
80 240
80 54
80 146
80 273
80 266
80 68
80 160
80 36
80 261
80 45
80 3
80 274
80 275
80 253
80 276
80 136
80 277
80 16
80 101
80 17
80 244
80 278
80 21
80 250
80 39
80 165
80 75
80 161
471 184
471 170
599 279
515 24
515 54
515 30
515 280
515 36
190 32
190 73
190 17
190 54
190 80
190 75
190 68
190 211
190 179
190 196
190 281
190 14
281 190
281 150
189 200
189 86
74 282
74 36
74 6
74 7
74 54
74 244
74 75
74 122
74 283
74 284
74 285
74 179
342 31
342 286
342 287
73 73
73 62
73 18
73 244
73 80
73 0
73 282
73 63
73 190
73 14
17 36
17 288
17 7
17 106
17 31
17 56
17 9
17 104
17 50
17 195
17 289
17 270
17 80
17 118
17 264
17 190
17 14
17 98
17 42
17 121
17 290
17 64
17 225
17 124
17 87
17 68
17 89
17 23
17 231
17 86
17 128
17 291
208 292
208 16
208 243
208 270
208 18
208 293
208 50
208 174
208 294
208 86
600 242
600 240
404 31
404 295
404 7
404 296
404 18
404 86
542 179
476 109
448 297
125 103
156 298
156 287
265 299
265 99
265 219
417 100
234 3
234 11
234 23
35 23
35 300
35 301
35 75
35 68
35 267
35 30
35 98
35 302
35 303
29 106
323 157
323 54
323 18
323 304
601 305
36 306
36 36
36 111
36 7
36 206
36 106
36 56
36 83
36 307
36 9
36 151
36 308
36 182
36 11
36 295
36 80
36 309
36 77
36 196
36 310
36 14
36 136
36 15
36 311
36 17
36 74
36 18
36 19
36 312
36 68
36 223
36 218
36 313
146 150
146 45
146 80
146 42
273 105
273 314
273 315
602 316
230 6
230 16
316 317
316 207
316 196
394 32
394 318
394 319
394 205
376 320
376 89
376 42
46 39
46 309
46 300
46 46
337 167
183 141
183 321
183 238
183 27
500 322
496 136
603 323
604 190
604 85
120 324
120 103
120 37
150 146
150 72
150 325
150 7
150 270
150 232
150 326
245 327
245 86
605 328
224 51
224 98
224 329
224 224
256 253
256 56
256 23
522 179
522 15
302 35
321 183
321 87
321 18
321 321
321 7
87 217
87 11
87 7
87 167
87 85
87 3
87 244
87 19
87 330
87 59
87 21
87 250
87 45
87 105
87 110
87 331
87 251
87 215
362 221
362 86
606 332
139 333
387 128
335 334
335 89
335 335
167 87
167 336
167 337
167 75
167 250
294 86
339 338
339 6
339 339
339 340
554 164
607 187
391 128
391 341
395 68
206 36
206 16
206 174
566 86
566 236
566 23
8 14
8 106
8 170
8 16
8 250
39 46
39 31
39 342
39 343
39 271
39 344
39 7
39 80
39 82
39 19
39 35
39 345
39 164
39 195
608 15
10 106
10 170
10 250
210 174
472 84
472 88
472 78
285 190
285 6
359 346
359 347
241 5
609 43
386 242
386 128
509 348
429 349
330 218
330 87
330 86
330 78
77 192
77 81
77 73
77 243
77 80
77 83
77 18
77 52
77 59
77 282
77 196
77 30
379 27
379 113
561 35
561 250
563 223
350 128
350 350
191 76
610 300
610 101
551 164
152 31
152 232
152 17
152 351
152 80
152 223
122 352
122 353
122 54
122 19
122 10
122 284
299 7
21 87
21 354
21 106
21 270
21 80
21 68
21 355
21 356
21 357
483 168
483 196
416 36
416 147
375 31
375 82
223 36
223 289
223 54
223 358
223 282
223 27
223 98
223 86
347 359
202 310
202 223
202 264
202 83
202 54
291 346
611 0
171 200
171 360
171 171
171 27
81 81
81 82
81 83
81 35
81 84
81 137
81 86
612 31
612 361
612 142
446 19
613 202
287 156
307 36
307 270
307 250
418 362
418 336
418 80
418 363
418 263
418 14
418 25
333 56
457 364
457 365
457 56
457 147
457 340
457 119
457 366
457 367
114 103
100 86
100 82
100 250
100 368
266 369
266 61
521 331
430 270
614 358
389 108
452 179
615 206
276 14
276 266
276 98
466 68
466 159
466 0
497 223
497 136
51 370
51 102
513 371
49 66
49 98
49 372
49 7
162 101
20 280
20 24
20 166
20 164
20 310
20 182
211 190
211 7
437 240
257 23
616 179
197 373
617 106
374 374
569 375
431 270
27 320
27 171
27 376
27 7
27 223
27 54
27 334
27 270
27 377
27 183
27 278
27 68
27 235
27 378
27 61
27 379
27 380
27 187
27 381
27 382
128 36
128 219
128 7
128 17
128 383
128 151
128 384
128 363
128 385
128 68
128 386
128 387
128 167
128 76
128 250
128 334
128 22
128 86
128 189
108 388
108 220
108 155
108 54
108 101
108 389
108 279
108 14
108 179
419 14
237 390
55 68
55 363
55 270
55 73
55 391
618 392
319 393
319 23
319 394
319 349
319 22
319 291
68 4
68 31
68 81
68 7
68 395
68 106
68 307
68 36
68 55
68 392
68 80
68 396
68 196
68 190
68 98
68 136
68 142
68 184
68 16
68 37
68 207
68 62
68 397
68 19
68 22
68 398
68 399
68 400
68 75
68 35
68 27
68 86
619 80
534 166
620 69
512 401
621 402
295 36
295 403
295 270
295 83
295 404
295 3
295 136
622 45
82 36
82 81
82 89
82 343
82 54
82 354
82 23
82 405
82 18
82 83
82 154
82 39
82 77
82 164
82 279
82 250
82 84
82 105
82 85
82 178
453 5
453 7
253 257
253 81
253 17
253 170
253 80
253 253
253 37
253 177
253 406
253 86
363 55
363 200
363 7
363 103
363 334
363 392
363 19
363 283
363 263
363 407
363 128
623 14
623 351
623 32
53 187
624 78
310 408
310 66
310 36
310 49
310 157
310 20
310 302
310 202
310 357
14 306
14 36
14 31
14 106
14 83
14 409
14 195
14 35
14 410
14 411
14 190
14 276
14 412
14 413
14 129
14 220
14 414
14 73
14 415
14 17
14 286
14 18
14 162
14 370
14 0
14 416
14 131
14 362
14 89
14 23
14 417
14 170
14 78
14 418
14 108
14 86
14 419
531 215
72 19
72 190
72 104
72 146
72 420
220 322
220 75
220 19
220 421
220 422
220 14
220 98
220 136
220 264
126 98
37 253
37 120
37 68
37 195
18 323
18 68
18 54
18 16
18 180
18 7
18 140
18 82
18 208
18 423
18 56
18 201
18 404
18 77
18 60
18 411
18 424
18 14
18 98
18 203
625 19
185 187
232 408
232 106
232 3
232 150
67 425
626 86
626 83
131 290
131 382
131 305
131 54
131 207
131 250
131 426
131 78
131 19
131 427
131 422
131 303
131 321
131 368
460 376
71 70
165 80
75 16
75 7
75 240
75 74
75 80
75 68
75 35
75 167
75 282
75 190
116 428
116 75
627 7
349 44
349 429
349 111
349 73
313 36
62 369
62 421
62 152
62 62
270 55
270 225
270 16
270 430
270 7
270 17
270 208
270 431
270 60
270 27
270 63
628 182
272 246
272 80
392 56
251 87
251 52
251 77
532 306
532 432
403 295
501 11
629 230
304 323
304 372
630 88
558 433
485 187
631 434
143 435
217 87
217 436
217 411
217 437
217 101
346 438
346 439
346 80
346 440
252 190
252 441
252 23
632 14
59 87
59 16
59 147
59 52
59 442
59 174
59 443
59 109
59 129
633 14
633 444
634 16
634 331
635 303
510 348
178 82
636 17
44 17
44 145
102 44
102 445
351 218
351 152
244 54
244 73
244 23
70 71
201 266
201 88
201 446
201 18
201 83
201 174
201 69
226 98
88 87
88 16
88 103
88 174
88 85
88 86
258 243
258 447
383 155
246 196
246 142
637 376
26 68
26 106
638 15
127 103
297 448
111 36
170 31
170 449
170 8
170 10
170 179
170 447
170 14
170 63
170 303
639 329
7 5
7 36
7 6
7 17
7 450
7 31
7 54
7 106
7 271
7 319
7 451
7 369
7 318
7 60
7 452
7 174
7 63
7 169
7 195
7 368
7 116
7 124
7 270
7 80
7 453
7 238
7 363
7 120
7 206
7 39
7 66
7 131
7 16
7 150
7 37
7 454
7 38
7 74
7 49
7 244
7 397
7 18
7 19
7 404
7 211
7 179
7 250
7 225
7 85
7 455
7 321
7 87
7 68
7 23
7 299
7 78
7 103
7 371
7 313
7 128
7 456
370 14
370 457
151 352
151 16
151 73
151 54
151 199
151 19
151 458
151 190
151 128
151 459
56 36
56 146
56 460
56 17
56 392
56 18
56 103
56 457
56 14
56 42
56 61
172 164
640 19
461 461
461 16
105 87
105 343
105 296
105 273
105 80
105 462
105 82
105 124
105 182
105 368
641 458
260 258
169 334
169 119
169 463
169 7
642 17
642 464
642 18
13 106
13 33
159 465
159 466
159 458
94 85
643 98
467 467
48 309
48 456
48 212
184 468
184 266
184 469
184 183
184 470
184 238
184 471
184 472
184 54
481 31
644 68
473 352
473 473
473 238
473 465
434 19
434 328
434 230
552 174
278 27
328 17
328 38
328 474
328 224
328 434
328 117
328 475
527 164
645 80
568 86
523 239
109 476
109 174
110 477
89 31
89 478
89 376
89 384
89 18
89 336
89 82
89 335
89 103
89 418
89 33
89 312
89 479
89 168
89 85
89 124
314 273
293 480
293 9
293 208
422 131
422 220
213 352
31 192
31 481
31 89
31 170
31 83
31 407
31 179
31 375
31 482
31 190
31 14
31 85
31 124
318 154
318 161
318 394
318 238
318 7
505 6
141 19
410 14
410 86
360 354
168 89
168 483
168 101
499 322
275 190
275 192
275 484
228 129
30 35
30 170
30 77
30 16
30 319
646 20
142 19
142 36
142 80
277 19
277 170
121 5
121 376
121 17
121 80
121 369
121 65
121 485
121 16
393 156
393 319
555 135
236 87
236 259
647 342
648 346
263 486
263 473
263 67
263 487
263 113
134 488
134 489
134 196
535 85
157 190
157 39
157 490
649 305
650 306
651 80
652 131
652 36
652 491
489 39
489 134
181 69
204 19
353 136
353 353
353 122
382 39
382 73
445 102
445 11
465 155
465 159
465 325
465 473
298 156
451 7
653 174
254 23
254 343
336 89
336 384
336 170
336 418
336 167
336 119
654 434
91 35
91 16
138 31
138 149
494 492
494 493
493 494
117 68
117 328
117 59
655 100
655 11
656 43
136 155
136 220
136 353
136 11
136 295
136 446
136 289
136 336
136 80
136 68
136 495
136 126
136 457
136 163
136 3
136 36
136 496
136 19
136 182
136 497
99 85
99 265
657 437
478 190
478 89
415 14
216 217
216 411
658 33
659 170
659 411
660 387
225 7
322 220
322 498
322 499
322 80
322 418
322 500
322 182
11 87
11 36
11 16
11 223
11 54
11 106
11 501
11 104
11 18
11 19
11 338
11 35
11 196
11 421
11 14
11 331
661 182
341 45
341 268
341 391
341 502
341 402
341 503
334 7
334 151
334 27
334 18
334 335
334 159
334 211
334 250
334 479
334 128
221 362
221 167
221 23
662 440
520 14
97 85
5 9
5 106
6 504
6 230
6 505
6 7
6 506
6 256
6 74
6 75
6 154
6 39
6 118
6 507
6 508
6 339
663 183
567 86
50 270
50 371
50 208
50 372
50 304
475 328
144 45
664 5
377 68
377 179
377 27
665 106
665 15
665 147
348 509
348 510
163 391
119 479
119 52
119 511
119 336
119 103
479 155
479 89
479 16
479 3
562 256
666 253
140 17
140 54
140 18
140 23
112 164
315 273
405 68
401 512
667 35
0 73
0 8
371 513
371 128
371 514
371 7
345 39
203 15
203 18
203 129
22 4
22 106
22 244
22 68
22 179
22 128
22 15
22 459
192 31
192 17
192 19
192 77
192 250
192 86
24 20
24 515
668 250
93 85
78 131
78 88
78 516
78 219
78 7
78 282
78 14
78 517
218 518
218 36
218 394
218 61
218 196
669 361
25 205
65 121
65 0
65 270
65 378
65 42
66 49
66 7
670 519
54 323
54 31
54 81
54 7
54 106
54 80
54 11
54 82
54 59
54 196
54 283
54 515
54 73
54 18
54 244
54 235
54 131
54 192
54 219
54 23
54 223
54 334
54 520
54 202
671 72
33 121
484 323
420 72
331 36
331 11
331 16
331 521
317 522
317 316
268 63
672 284
673 424
160 458
160 78
160 69
352 473
352 239
352 19
352 523
352 122
352 213
61 266
61 178
61 218
61 38
61 56
61 19
61 179
61 164
61 27
61 129
61 195
61 86
61 42
511 119
311 200
674 218
674 51
674 86
537 85
675 3
255 23
19 31
19 204
19 36
19 79
19 141
19 83
19 58
19 68
19 174
19 317
19 7
19 363
19 196
19 524
19 136
19 477
19 142
19 61
19 131
19 220
19 16
19 17
19 147
19 122
19 179
19 385
19 87
19 32
19 343
19 218
19 23
19 103
19 525
19 21
19 519
19 277
177 80
177 23
312 36
312 526
312 89
312 343
312 270
312 271
312 402
312 527
312 15
32 72
32 31
32 528
32 529
32 23
32 13
32 80
32 462
32 19
32 0
32 196
32 190
32 91
32 129
676 179
47 309
52 193
52 251
525 19
380 106
259 32
259 23
357 21
357 176
161 178
161 80
161 238
161 18
161 519
161 530
161 213
161 16
215 87
215 16
215 106
215 462
215 77
215 531
306 532
214 533
677 57
677 411
274 534
516 78
90 85
90 535
90 35
90 113
678 339
58 17
58 19
358 223
279 108
279 82
279 27
679 16
680 33
249 68
249 439
325 150
180 16
180 230
180 18
180 174
180 69
301 35
154 6
154 82
536 536
536 7
118 488
118 120
118 435
118 6
118 103
118 17
118 369
118 284
118 96
118 143
118 110
427 537
427 131
15 522
15 36
15 106
15 60
15 22
176 51
176 357
681 281
681 538
16 155
16 88
16 16
16 243
16 151
16 170
16 162
16 235
16 0
16 59
16 461
16 447
16 479
16 11
16 229
16 86
16 69
384 36
384 384
384 354
384 197
384 336
384 54
384 128
38 82
38 7
38 244
38 61
153 440
153 263
179 31
179 539
179 7
179 540
179 61
179 190
179 107
179 136
179 66
179 290
179 74
179 541
179 14
179 542
179 543
179 522
179 22
179 544
179 398
179 545
179 546
179 442
179 62
179 179
164 376
164 106
164 112
164 172
164 39
164 336
164 547
164 548
164 549
164 82
164 61
164 72
164 550
164 551
164 552
164 20
164 527
164 553
164 103
164 60
164 456
164 554
187 200
187 485
137 81
212 16
135 289
135 364
135 555
135 35
135 361
135 25
343 254
343 116
343 17
343 54
343 139
343 92
343 82
343 238
343 19
343 312
343 276
343 292
682 23
463 200
463 31
683 243
519 31
229 16
684 19
498 556
288 17
288 207
288 376
428 116
240 196
231 17
231 82
685 129
685 23
271 63
271 38
271 61
271 382
433 557
433 489
433 455
433 558
686 310
686 122
687 250
688 559
518 521
96 435
96 118
689 82
690 180
691 77
692 7
182 105
182 136
182 82
182 83
182 182
693 89
694 334
695 80
413 14
413 124
413 82
408 310
696 560
290 131
290 17
290 7
697 180
698 203
250 7
250 307
250 10
250 82
250 167
250 561
250 562
250 69
250 563
250 131
250 16
250 226
250 87
250 192
250 439
250 78
250 200
250 35
250 126
250 173
250 128
250 202
443 59
235 77
235 3
235 353
235 270
235 343
296 105
296 404
12 564
699 296
340 565
700 122
86 31
86 566
86 68
86 567
86 168
86 100
86 440
86 410
86 222
86 330
86 61
86 14
86 189
86 16
86 17
86 208
86 245
86 95
86 568
86 88
86 362
86 89
86 23
86 569
86 128
86 570
701 61
