606 0
25 1
25 2
25 3
25 4
25 5
25 6
25 7
25 8
25 9
25 10
25 11
25 12
25 13
25 14
25 15
25 16
25 17
25 18
25 19
25 20
25 21
25 22
607 23
1 24
1 25
1 26
1 27
608 28
609 29
517 30
200 31
326 32
326 33
326 34
111 35
111 36
111 37
390 38
390 39
294 18
294 38
294 40
294 41
603 42
603 43
610 44
32 45
32 46
32 47
23 48
405 49
405 50
405 51
405 52
94 17
94 53
595 54
71 55
71 56
71 57
71 58
142 59
142 60
611 61
611 62
543 17
543 7
612 62
356 63
356 64
356 65
154 17
309 66
309 67
309 68
309 69
309 70
309 71
309 72
298 73
298 61
298 72
298 74
298 75
63 76
63 77
63 78
63 79
152 49
152 59
152 72
152 80
152 61
209 81
209 25
209 82
209 83
209 84
209 85
587 7
327 86
327 36
327 38
156 49
156 32
156 87
128 36
128 88
128 89
128 4
128 90
128 91
128 92
128 93
128 28
128 94
128 95
128 60
128 96
128 97
128 17
128 98
128 45
128 99
128 100
128 58
128 34
128 101
128 102
128 103
128 61
128 104
613 39
498 72
614 105
319 106
5 25
160 87
160 107
160 50
397 75
360 60
615 108
586 109
616 36
144 104
557 110
37 111
353 112
353 113
353 90
212 114
245 115
245 116
245 117
245 118
245 18
245 49
245 119
617 120
618 121
176 83
619 40
240 122
240 72
240 123
206 124
206 112
206 50
206 125
206 123
206 126
206 91
206 49
206 61
206 72
321 75
321 4
321 71
321 127
321 43
561 29
45 128
45 61
229 129
229 127
229 80
229 130
229 131
229 123
229 126
229 74
317 132
604 43
322 133
600 134
481 135
216 136
216 42
216 39
216 26
198 24
198 137
60 138
60 36
60 139
60 140
60 141
60 43
60 11
60 142
620 143
104 75
104 123
104 144
104 128
328 145
328 146
458 123
458 147
59 148
59 149
59 21
59 17
59 150
59 87
59 61
59 151
59 152
59 119
582 26
444 18
444 153
621 154
87 127
87 55
87 155
87 156
87 46
87 17
87 157
87 158
87 159
87 139
87 123
87 49
87 160
87 105
261 82
261 123
622 161
623 162
300 163
300 164
432 165
432 90
432 166
432 120
432 167
8 168
8 145
8 169
8 123
8 170
8 171
8 172
8 173
8 174
8 75
8 25
8 175
83 99
83 36
83 176
83 24
83 177
83 178
272 157
272 179
272 42
426 180
95 128
95 74
95 89
180 148
180 61
180 181
453 93
167 56
167 11
313 182
35 111
35 183
35 75
35 49
35 184
35 152
318 185
318 186
318 112
318 90
318 187
318 87
318 188
318 189
318 119
318 46
318 111
318 190
318 191
318 49
318 75
318 192
318 11
318 193
318 194
318 195
318 27
318 61
307 163
307 139
307 65
9 146
354 4
624 4
341 196
341 197
341 72
341 44
137 24
137 198
256 164
256 78
256 123
257 199
257 200
392 201
392 202
392 203
392 204
392 205
450 206
450 207
56 71
56 167
482 11
465 208
465 209
337 36
337 210
337 132
337 211
337 103
114 99
114 212
114 123
449 18
382 17
131 213
131 123
625 99
528 106
528 131
528 214
358 124
358 90
358 134
263 110
263 36
263 29
263 123
263 215
263 49
583 26
483 216
395 75
461 217
157 148
157 218
157 219
157 4
157 220
157 221
157 61
157 222
594 223
594 29
123 22
123 224
123 136
123 4
123 225
123 90
123 25
123 226
123 112
123 214
123 44
123 227
123 228
123 114
123 229
123 230
123 53
123 36
123 200
123 86
123 231
123 232
123 233
123 234
123 235
123 236
123 237
123 238
123 239
123 7
123 8
123 49
123 75
123 72
123 240
123 241
123 222
123 26
123 242
123 115
123 243
123 11
123 74
123 244
123 50
123 24
123 245
123 246
123 203
123 247
123 248
123 17
123 249
123 140
123 250
123 251
123 215
123 65
123 252
123 253
123 254
123 255
123 256
123 257
123 108
123 15
123 258
123 127
123 259
123 27
123 125
123 260
123 21
123 261
123 34
123 262
123 263
123 206
123 264
626 49
249 265
249 266
249 123
249 199
249 267
249 49
249 75
249 268
627 269
179 195
179 270
179 25
179 42
179 214
179 17
179 271
179 61
179 272
179 84
179 58
413 17
413 18
413 235
24 273
24 1
24 209
24 123
24 17
24 15
24 75
24 70
24 83
79 63
79 274
361 275
361 276
484 277
484 278
129 229
129 195
284 279
284 38
628 140
385 15
155 232
22 280
22 25
22 281
22 282
22 49
22 283
629 112
629 222
279 28
279 284
279 17
279 255
287 285
345 253
345 58
345 286
273 24
323 57
323 7
323 177
448 36
630 49
285 195
285 46
285 80
285 24
285 38
285 123
285 150
285 198
285 65
285 287
285 84
285 108
631 7
389 90
389 54
389 50
389 112
632 200
632 270
633 288
634 289
451 290
451 243
635 291
636 7
41 292
41 25
41 293
41 294
41 126
41 40
41 230
41 214
238 36
238 4
238 166
238 123
238 17
238 295
238 49
238 119
239 53
239 164
239 72
239 8
246 75
246 296
637 49
637 61
637 152
336 297
438 298
105 299
105 87
105 75
315 214
638 36
639 75
221 98
221 39
40 29
40 300
40 126
226 148
99 110
99 15
99 29
99 128
99 301
99 302
99 274
99 303
99 17
99 304
99 305
99 238
99 114
99 43
99 83
99 306
99 60
400 307
400 75
400 308
66 309
145 310
145 8
640 7
332 182
332 26
349 17
349 44
349 64
349 110
383 208
268 249
268 62
268 311
268 312
2 138
270 313
270 214
225 123
334 112
334 169
641 70
214 182
214 110
214 314
214 179
214 315
214 90
214 25
214 234
214 123
214 39
214 41
214 73
214 91
214 197
214 216
214 316
214 17
214 288
214 317
76 308
76 17
76 82
76 28
76 126
76 262
106 265
106 195
106 120
106 219
106 318
106 21
106 319
106 289
106 43
106 72
106 189
642 49
642 320
642 321
188 110
188 197
188 7
476 49
476 75
440 195
16 25
16 26
16 322
266 249
434 82
177 323
150 59
150 303
150 324
150 39
150 49
150 75
57 325
57 18
57 234
57 65
57 75
410 326
410 25
410 327
410 118
410 87
410 17
146 9
146 44
146 123
146 328
146 182
569 36
516 329
182 195
182 330
182 331
182 39
182 214
182 332
182 208
182 146
182 75
182 286
182 262
169 18
169 333
169 169
169 39
169 334
169 49
169 57
169 309
169 335
429 84
541 17
541 80
244 123
244 241
14 25
14 329
297 336
316 214
643 61
210 337
568 25
299 75
299 105
81 67
521 234
521 39
644 338
370 339
370 317
457 340
457 317
598 80
598 170
576 36
645 341
62 86
62 112
62 286
62 39
62 172
62 61
62 108
139 307
139 342
139 87
88 164
88 43
466 72
466 78
232 36
232 112
232 80
232 123
417 343
286 182
286 36
286 62
286 344
286 39
286 103
286 345
286 335
44 346
44 347
44 348
44 349
44 146
44 341
44 49
646 95
646 74
647 322
648 60
496 249
375 350
375 61
375 72
375 152
375 93
113 284
113 351
113 352
113 353
113 49
113 354
113 72
330 182
649 355
572 36
78 356
381 288
379 61
497 244
650 357
651 358
556 110
652 17
652 72
55 49
55 71
55 87
250 123
253 93
253 193
253 123
253 205
253 249
253 359
548 17
276 283
276 360
276 361
401 11
108 15
108 285
108 362
108 135
108 363
108 111
108 364
108 197
108 365
108 366
108 49
108 75
108 84
108 367
108 368
364 108
653 318
505 50
97 112
97 369
97 209
97 4
97 370
97 29
97 34
97 61
97 331
97 354
97 371
97 372
61 36
61 270
61 25
61 59
61 48
61 187
61 87
61 373
61 189
61 374
61 375
61 157
61 38
61 7
61 49
61 75
61 376
61 271
61 179
61 140
61 318
61 206
61 103
61 17
61 45
61 298
61 152
61 377
61 378
61 58
61 73
61 128
61 97
61 379
61 42
288 36
288 195
288 380
288 112
288 163
288 43
288 61
288 381
288 64
117 245
654 216
314 214
348 44
499 72
91 191
91 382
91 214
91 206
91 362
227 127
227 123
227 362
474 49
474 145
474 87
374 61
374 374
452 53
255 123
255 39
255 187
255 383
255 75
255 212
301 384
38 36
38 385
38 386
38 25
38 153
38 39
38 76
38 87
38 387
38 388
38 389
38 80
38 390
38 38
38 82
38 7
38 49
38 391
38 362
38 17
38 55
38 65
38 284
38 15
38 29
38 2
38 156
38 158
38 135
38 262
236 123
655 24
655 30
655 41
655 182
196 341
656 182
584 74
205 189
205 43
205 341
205 249
205 135
205 42
205 392
28 11
28 50
28 34
28 128
28 279
28 82
75 273
75 36
75 393
75 300
75 141
75 39
75 308
75 394
75 298
75 395
75 119
75 80
75 255
75 396
75 234
75 123
75 228
75 397
75 275
75 26
75 8
75 249
75 377
75 108
75 271
75 398
75 399
75 140
75 24
75 318
75 195
75 17
75 49
75 267
75 61
75 299
75 400
75 401
75 29
75 11
75 402
75 58
75 27
75 73
75 184
75 403
75 105
75 104
464 404
51 405
51 241
51 39
657 195
277 49
658 123
578 394
267 27
267 21
267 187
267 49
267 406
267 249
479 68
479 17
479 208
479 353
479 49
479 161
181 407
181 180
181 42
181 74
181 16
408 230
408 408
408 409
659 271
148 318
148 59
148 17
148 410
148 8
148 230
411 411
363 15
660 412
660 144
661 182
661 4
197 36
197 243
197 413
197 4
197 414
197 220
197 415
197 214
197 17
197 349
197 416
197 188
197 108
343 417
103 418
103 419
103 15
103 137
103 74
103 29
103 420
103 195
103 128
103 394
103 26
103 286
103 337
149 421
149 17
149 59
472 49
472 36
662 270
459 12
459 371
580 422
296 246
141 75
141 25
141 8
305 423
596 424
596 54
596 119
596 425
421 426
421 36
421 82
421 38
554 323
554 42
554 74
115 245
419 75
419 427
419 8
84 428
84 1
84 429
84 209
84 430
84 50
84 206
84 39
84 431
84 49
84 285
84 108
166 100
166 238
166 127
166 432
663 408
664 309
664 193
664 133
211 337
82 15
82 433
82 434
82 67
82 123
82 39
82 38
82 76
82 435
82 341
82 28
665 84
377 75
477 54
477 93
407 218
13 436
13 4
13 25
13 50
13 216
13 75
13 362
13 200
303 15
303 150
303 65
303 302
303 437
303 335
172 36
172 90
172 363
172 353
172 388
172 91
172 384
172 8
172 409
172 230
172 402
172 58
251 86
251 438
215 332
215 123
215 263
295 241
585 74
585 80
666 286
195 182
195 179
195 140
195 318
195 290
195 234
195 439
195 106
195 7
195 103
195 440
195 285
195 241
553 384
553 42
553 7
597 80
241 318
241 15
241 349
241 51
241 195
282 441
282 442
282 443
282 248
506 50
667 210
507 323
507 50
153 271
153 444
153 38
668 17
4 116
4 112
4 39
4 87
4 445
4 446
4 157
4 234
4 123
4 238
4 7
4 49
4 335
4 447
4 321
4 17
4 18
4 26
4 354
4 232
4 128
4 197
669 448
670 449
68 309
68 103
118 116
118 245
118 410
671 106
207 450
207 195
290 195
290 451
672 99
672 452
672 29
93 453
93 375
93 362
93 189
93 234
93 67
93 253
93 402
168 36
168 26
168 8
599 193
362 86
362 36
362 91
362 93
362 454
362 13
362 216
362 54
362 227
362 384
362 406
362 49
362 122
485 455
171 456
171 61
171 50
171 8
340 457
340 43
673 458
259 332
259 195
416 74
10 40
544 17
442 403
442 282
547 17
430 84
77 63
77 170
77 26
77 313
77 42
409 17
409 408
409 43
409 103
248 123
674 127
254 110
254 235
254 123
371 36
371 459
371 306
310 145
310 164
310 180
675 460
127 318
127 166
127 141
127 321
127 123
127 55
127 87
127 49
127 229
127 402
127 222
564 82
514 58
159 87
592 369
592 31
592 193
592 247
217 99
217 461
574 74
493 405
289 439
676 162
112 110
112 62
112 50
112 90
112 123
112 462
112 463
112 232
112 262
112 389
393 15
677 50
404 464
208 182
208 465
208 17
526 90
526 39
52 405
230 124
230 172
230 408
230 41
230 466
359 253
359 7
132 337
570 36
136 458
136 110
136 27
136 123
136 216
136 238
136 7
136 467
136 84
136 388
228 75
228 468
275 29
275 135
275 189
275 431
275 128
275 341
275 469
275 75
275 470
275 108
275 471
49 472
49 112
49 205
49 126
49 36
49 90
49 43
49 39
49 214
49 163
49 410
49 473
49 394
49 474
49 34
49 87
49 9
49 445
49 338
49 261
49 44
49 388
49 64
49 182
49 408
49 80
49 232
49 475
49 476
49 362
49 369
49 38
49 55
49 238
49 150
49 259
49 57
49 271
49 54
49 8
49 249
49 75
49 72
49 108
49 245
49 477
49 7
49 243
49 50
49 35
49 318
49 478
49 169
49 277
49 195
49 247
49 156
49 17
49 18
49 267
49 354
49 215
49 479
49 123
49 63
49 84
49 152
49 480
49 199
49 15
49 127
49 29
49 130
49 135
49 69
49 327
49 22
49 263
49 481
49 128
49 359
49 61
49 4
49 262
49 161
258 21
258 258
258 243
222 127
222 123
11 167
11 27
11 90
11 134
11 482
11 123
11 214
11 17
11 31
11 63
11 25
231 74
231 123
478 49
406 17
406 184
406 15
406 60
406 362
189 93
189 219
189 483
189 106
189 205
189 249
18 49
18 245
18 25
18 444
18 29
98 403
98 221
678 195
678 57
678 87
518 367
252 123
447 65
447 4
679 484
550 17
550 485
143 439
680 39
339 370
339 486
339 339
339 487
355 234
355 364
355 17
355 7
355 165
355 488
403 98
403 197
403 102
403 103
403 75
403 119
681 11
602 134
264 123
682 90
186 163
186 318
186 195
186 38
278 230
420 80
420 50
420 103
420 489
420 490
420 409
420 491
48 492
48 458
48 493
48 23
48 49
48 61
48 494
100 427
683 187
683 417
590 17
590 67
590 27
372 122
372 495
372 318
684 97
73 195
73 39
73 61
73 54
73 7
73 298
73 249
73 75
73 214
73 271
504 199
504 50
380 128
380 33
380 11
380 288
685 2
396 75
396 396
191 91
271 73
271 153
271 65
271 496
271 318
271 123
271 39
271 126
271 17
271 18
271 158
271 49
271 26
271 87
271 61
271 249
271 75
271 72
271 497
271 34
271 179
686 309
72 458
72 466
72 498
72 499
72 106
72 9
72 500
72 375
72 113
72 239
72 7
72 501
72 49
72 75
72 243
72 502
72 240
72 206
72 69
72 17
72 249
72 384
72 341
72 309
72 298
72 152
72 378
72 503
72 60
72 61
72 262
243 36
243 451
243 123
243 34
243 462
243 197
243 384
243 144
243 49
235 254
235 246
235 123
235 413
235 90
50 36
50 4
50 25
50 112
50 208
50 320
50 394
50 189
50 46
50 219
50 123
50 171
50 28
50 49
50 206
50 13
50 405
50 215
50 504
50 84
50 317
50 15
50 172
50 29
50 505
50 506
50 31
50 507
50 368
369 335
508 265
508 508
687 106
164 509
164 7
164 239
164 88
164 50
688 245
199 504
199 510
199 249
199 384
199 511
199 49
199 257
689 512
346 44
573 36
529 90
690 152
691 513
58 458
58 36
58 15
58 84
58 179
58 331
58 289
58 58
58 514
58 38
58 113
58 172
58 271
58 410
58 318
58 71
58 135
58 26
58 80
237 123
102 403
102 98
566 515
329 17
329 14
329 516
342 139
692 320
311 268
456 171
693 134
540 82
694 50
511 57
511 402
366 321
46 50
46 318
46 123
46 34
46 32
46 87
30 24
30 517
367 301
367 108
367 518
367 4
234 195
234 93
234 235
234 74
234 29
234 519
234 520
234 134
234 174
234 123
234 75
234 369
234 106
234 43
234 355
234 521
234 84
234 4
234 388
695 195
695 439
696 341
302 99
302 303
697 27
698 75
698 275
699 437
562 182
562 42
562 27
700 402
700 60
555 110
15 99
15 36
15 393
15 398
15 4
15 50
15 27
15 331
15 135
15 363
15 29
15 522
15 123
15 144
15 17
15 24
15 97
15 103
15 49
15 523
15 108
701 128
701 524
701 66
701 25
701 119
70 309
70 24
70 195
439 195
439 525
439 289
439 43
178 83
39 112
39 195
39 521
39 318
39 390
39 169
39 321
39 216
39 49
39 526
39 271
39 28
39 75
39 84
39 51
39 388
39 527
523 528
702 29
85 209
703 239
703 255
19 400
19 193
19 67
19 17
19 433
19 416
19 7
19 25
130 49
130 17
130 433
130 426
130 126
473 34
34 36
34 195
34 243
34 228
34 473
34 271
34 97
34 28
34 78
489 407
489 36
489 15
489 402
575 36
283 281
283 22
283 276
402 182
402 93
402 127
402 67
402 511
402 75
402 7
218 106
443 282
90 112
90 270
90 300
90 214
90 526
90 358
90 230
90 388
90 389
90 419
90 257
90 301
90 234
90 228
90 150
90 26
90 78
90 7
90 11
90 172
90 65
90 43
90 529
90 195
90 27
90 433
90 263
90 128
704 201
531 21
531 111
122 240
122 372
122 54
338 49
338 31
338 349
338 7
53 530
53 452
53 350
53 134
53 322
53 123
53 17
53 531
53 239
53 72
53 532
388 112
388 15
388 74
388 90
388 38
388 39
388 49
64 49
64 356
64 140
281 283
281 235
281 22
454 17
519 357
519 234
519 416
357 106
357 82
705 533
509 534
509 38
509 300
7 124
7 445
7 136
7 535
7 4
7 90
7 25
7 214
7 163
7 106
7 62
7 188
7 140
7 38
7 49
7 75
7 72
7 536
7 335
7 74
7 50
7 164
7 67
7 19
7 17
7 18
7 123
7 65
7 298
7 152
7 195
7 58
7 73
7 323
7 61
7 402
706 91
475 49
475 126
707 500
158 224
158 209
158 130
158 38
158 249
158 158
158 537
158 43
158 253
593 31
96 17
96 128
96 36
125 538
125 55
125 123
415 197
69 309
17 36
17 539
17 4
17 25
17 540
17 123
17 187
17 208
17 394
17 34
17 87
17 188
17 122
17 53
17 189
17 119
17 541
17 182
17 542
17 80
17 140
17 38
17 24
17 57
17 26
17 406
17 49
17 94
17 377
17 543
17 544
17 545
17 7
17 197
17 91
17 546
17 547
17 413
17 110
17 351
17 318
17 245
17 355
17 203
17 303
17 18
17 154
17 250
17 422
17 61
17 59
17 548
17 342
17 214
17 382
17 175
17 317
17 99
17 549
17 15
17 72
17 148
17 550
17 528
17 130
17 21
17 263
17 437
17 410
17 279
17 349
17 19
17 409
17 551
17 403
17 468
17 552
384 1
384 553
384 362
384 301
384 113
384 17
384 172
384 15
384 63
384 554
107 160
110 99
110 110
110 15
110 235
110 148
110 112
110 555
110 188
110 556
110 292
110 17
110 557
110 558
110 26
110 559
110 560
110 254
110 36
110 561
110 222
0 165
0 41
27 36
27 1
27 90
27 230
27 119
27 136
27 123
27 487
27 75
27 562
27 74
27 313
27 318
27 195
27 267
27 65
27 232
27 563
27 148
27 15
27 280
27 58
27 431
27 165
27 564
708 123
708 317
503 72
304 144
47 75
47 32
515 565
515 549
515 566
515 567
559 158
512 568
135 49
135 80
135 262
262 182
262 112
262 140
262 135
262 134
262 123
262 38
262 76
262 36
262 49
262 402
368 206
368 494
368 108
368 123
368 247
124 230
124 450
36 445
36 448
36 131
36 38
36 388
36 569
36 168
36 396
36 570
36 140
36 123
36 571
36 421
36 238
36 7
36 49
36 75
36 572
36 108
36 50
36 96
36 195
36 17
36 172
36 384
36 573
36 574
36 450
36 15
36 575
36 21
36 327
36 34
36 262
36 489
36 128
36 197
36 60
36 576
36 61
36 288
36 337
709 377
535 577
445 49
445 36
445 7
445 4
331 182
331 58
331 195
331 15
546 162
308 76
308 75
308 26
163 186
163 17
163 65
163 300
163 49
163 288
163 42
710 282
394 50
394 67
394 17
394 578
394 49
394 75
394 367
558 110
711 84
525 579
422 17
422 580
422 27
422 171
422 424
422 425
219 157
219 106
219 189
581 581
581 43
292 110
292 323
292 137
292 41
292 29
26 216
26 168
26 4
26 77
26 58
26 103
26 582
26 308
26 17
26 54
26 29
26 271
26 583
26 90
26 110
26 332
26 16
26 402
26 74
325 317
712 62
713 62
714 21
320 49
320 163
320 243
320 123
320 50
183 35
74 182
74 231
74 27
74 191
74 416
74 26
74 103
74 181
74 584
74 574
74 388
74 585
109 586
140 36
140 195
140 62
140 587
140 164
140 241
140 17
140 394
140 7
140 588
140 75
140 258
140 262
140 64
140 589
67 82
67 81
67 93
67 533
67 19
67 166
67 38
67 394
67 7
67 590
67 309
170 8
170 591
170 103
170 77
170 355
365 24
365 108
31 338
31 200
31 592
31 593
31 50
715 210
715 51
29 323
29 4
29 308
29 54
29 93
29 594
29 234
29 38
29 7
29 9
29 75
29 49
29 50
29 103
29 199
29 18
29 102
29 215
29 300
29 84
29 284
29 15
29 249
29 21
29 481
29 197
29 97
29 507
716 94
717 408
21 219
21 29
21 25
21 293
21 247
21 20
21 106
21 406
21 249
21 75
21 258
54 362
54 595
54 73
54 596
54 537
54 309
54 78
184 75
601 134
579 243
433 130
433 75
433 158
116 245
116 243
116 320
3 25
126 15
126 280
126 55
126 206
126 76
126 49
126 229
126 405
126 475
187 17
187 318
187 255
187 432
194 318
436 298
718 75
437 17
437 292
86 549
86 410
86 362
80 135
80 597
80 318
80 58
80 17
80 229
80 49
80 75
80 285
80 152
80 598
80 585
190 49
190 186
190 123
274 99
274 138
274 11
274 79
119 414
119 245
119 25
502 72
174 123
193 49
193 599
193 494
193 592
193 127
391 38
65 163
65 285
65 318
65 447
65 303
65 17
65 7
65 165
65 38
65 33
65 317
719 139
552 17
552 349
134 195
134 234
134 600
134 100
134 358
134 8
134 601
134 602
462 503
462 243
247 21
247 592
43 99
43 88
43 30
43 90
43 60
43 417
43 321
43 603
43 340
43 604
43 158
43 57
43 7
43 409
43 49
43 377
43 288
43 143
720 121
721 519
721 49
280 27
280 22
280 126
722 25
722 288
723 73
520 234
724 214
724 97
165 165
165 98
165 355
165 65
165 27
42 216
42 9
42 605
42 354
42 75
42 181
42 61
42 272
42 368
468 17
468 228
468 200
