184 0
184 1
184 2
184 3
273 4
144 5
144 6
144 7
144 8
144 9
144 10
144 11
144 12
144 13
144 14
144 15
144 16
144 17
144 18
144 19
144 20
21 21
21 22
236 23
236 24
236 25
26 26
378 27
378 28
29 29
411 30
411 31
411 32
35 33
35 34
35 35
35 36
35 37
35 38
35 17
35 39
35 40
44 41
44 42
44 43
44 44
44 45
44 46
44 47
358 48
358 49
222 2
138 41
138 50
45 51
45 44
45 52
45 53
45 3
45 54
45 55
45 56
45 57
403 33
403 55
469 58
395 59
395 60
365 33
367 61
83 62
83 63
83 64
83 65
83 66
83 67
83 68
83 60
83 69
83 70
83 71
83 38
83 72
83 73
83 74
83 75
83 76
83 77
83 78
83 40
105 79
105 80
105 81
168 67
168 3
168 82
76 83
76 84
76 85
76 11
76 86
76 87
6 88
6 89
6 90
6 7
6 91
6 32
6 92
6 93
6 94
6 95
352 33
352 96
352 97
63 17
63 98
63 95
63 81
268 99
268 100
276 17
276 101
276 86
276 102
276 103
252 102
259 104
259 105
470 40
284 106
275 107
275 108
471 109
472 110
57 18
57 45
319 111
319 112
319 113
319 114
319 33
473 115
305 100
305 113
305 116
474 117
475 118
380 17
380 119
476 29
238 120
477 3
54 45
478 86
416 17
416 121
47 120
47 33
47 122
47 19
47 3
47 123
47 124
47 17
10 125
10 126
10 3
263 127
479 33
480 81
244 128
244 129
244 130
253 17
253 131
253 21
253 14
481 132
287 133
410 60
13 134
299 135
299 136
299 121
299 137
299 138
299 139
299 46
299 140
379 17
379 2
306 18
409 86
409 141
409 60
409 46
482 142
149 143
149 119
149 69
149 100
149 144
149 46
149 145
149 19
149 16
149 87
149 15
87 146
87 33
87 147
87 148
87 149
87 76
87 150
87 47
339 151
19 62
220 17
220 33
220 152
220 38
220 153
445 154
445 155
445 156
445 157
445 158
120 83
120 47
120 98
120 105
120 95
158 159
158 160
158 161
158 41
158 144
158 60
158 162
158 163
405 164
405 155
405 95
467 95
391 165
483 105
483 166
313 167
82 168
82 169
484 170
188 171
188 172
188 173
188 3
188 174
188 175
188 176
188 177
338 21
338 178
338 22
338 179
338 17
338 180
256 104
256 181
256 182
346 7
346 183
346 153
3 33
3 184
3 41
3 185
3 186
3 187
3 188
3 189
3 81
3 190
3 61
3 118
3 169
3 191
3 192
3 3
3 193
3 194
3 102
3 45
3 17
3 39
3 52
3 195
3 196
3 141
3 64
3 83
3 197
3 164
3 198
3 11
3 199
3 200
3 121
3 180
3 60
3 125
3 98
3 201
3 10
3 153
3 202
3 14
3 203
3 163
3 204
3 95
125 205
125 3
125 10
125 206
125 207
125 16
125 17
125 39
125 47
353 208
280 14
280 209
280 210
127 80
127 90
127 119
127 211
127 152
127 14
127 166
127 176
192 212
192 213
41 196
41 28
41 33
41 44
41 100
41 53
41 214
41 17
41 215
41 216
41 141
41 217
41 218
41 219
41 220
41 165
41 47
450 180
2 11
2 111
2 221
2 3
2 222
223 223
223 224
332 225
332 226
332 43
426 129
485 17
486 227
228 96
228 228
228 229
316 230
351 96
351 231
487 96
488 206
419 232
419 129
419 233
404 155
265 17
265 234
265 153
265 81
489 7
490 186
490 235
23 236
432 11
491 51
414 60
91 33
91 237
91 238
91 183
91 17
91 6
91 239
250 125
250 117
492 240
493 241
428 242
428 153
128 243
128 244
128 46
356 86
164 245
164 33
164 246
164 247
147 248
200 249
117 250
136 61
212 249
212 251
212 14
212 62
212 252
494 53
495 253
496 254
497 231
186 255
186 233
104 256
104 100
104 257
104 258
104 259
104 260
498 261
249 51
249 212
249 24
437 83
437 62
437 45
499 212
499 3
431 11
81 249
81 143
81 134
81 262
81 33
81 24
81 233
81 3
81 263
81 264
81 105
81 81
81 17
81 265
363 33
271 86
271 203
271 127
304 266
304 85
214 41
214 267
214 268
214 269
214 270
86 17
86 100
86 180
86 3
86 271
500 95
402 272
501 273
5 17
5 267
5 144
327 130
108 191
108 264
108 274
108 275
108 260
341 109
446 147
446 276
277 83
277 277
285 8
93 61
93 278
93 6
93 279
345 11
99 11
99 110
99 280
99 165
51 281
51 248
51 249
51 215
51 129
51 45
51 98
51 282
502 199
371 283
503 77
103 276
143 33
292 210
504 83
135 95
0 184
106 284
159 158
349 68
505 127
8 7
8 144
8 285
8 100
8 125
8 286
454 65
66 33
66 140
133 287
289 288
289 289
161 158
506 290
210 11
210 291
210 292
210 3
251 293
449 294
449 158
234 265
46 33
46 295
46 296
46 100
46 121
46 297
46 153
46 44
46 298
46 115
46 299
46 58
46 17
46 149
46 95
74 205
74 300
74 7
74 144
74 104
74 301
507 274
183 17
183 302
183 283
183 258
183 91
107 275
355 40
211 247
85 33
85 104
85 303
85 18
85 304
85 121
85 16
85 57
245 164
245 17
113 305
296 46
58 17
58 70
58 46
58 90
24 155
24 98
24 306
24 307
24 81
24 308
193 111
193 3
194 155
194 309
194 267
194 310
194 311
194 121
194 17
194 76
333 104
167 312
167 231
167 313
166 314
166 60
166 134
301 110
301 144
301 16
301 163
301 315
301 180
508 110
381 241
381 95
230 316
230 33
230 100
230 3
230 17
230 76
230 95
314 39
198 61
198 127
509 190
207 125
207 33
207 100
207 248
207 16
317 317
317 318
114 319
510 135
510 86
350 320
511 321
152 17
152 127
16 322
16 323
16 301
16 324
16 125
16 144
242 240
77 70
343 127
512 270
513 10
303 115
303 325
429 301
429 247
429 267
429 279
430 95
514 132
515 11
515 166
515 326
130 130
130 327
344 119
131 61
131 121
516 325
115 328
115 262
115 241
115 325
115 303
387 101
233 329
233 119
233 330
233 14
233 186
517 331
293 251
226 332
518 199
342 47
342 119
300 74
300 314
300 33
84 333
279 262
279 334
267 5
37 247
519 100
392 219
392 3
520 207
53 41
53 2
53 335
521 181
521 119
433 11
433 336
70 83
70 65
70 337
178 338
178 339
522 116
523 340
241 115
442 153
109 341
119 111
119 33
119 98
119 280
119 342
119 343
119 49
119 144
119 233
119 17
119 149
119 344
7 41
7 100
7 247
7 62
7 345
7 346
7 74
7 347
7 6
524 17
524 348
525 62
68 349
68 68
68 11
68 101
68 324
68 39
68 224
68 40
526 350
80 158
527 245
527 67
232 2
96 351
96 352
96 3
96 228
383 145
182 256
42 171
208 275
208 73
208 353
366 105
528 301
528 193
321 309
529 206
455 354
455 38
282 51
40 355
40 180
40 68
40 356
98 120
98 33
98 51
98 63
98 119
98 17
98 15
323 357
530 299
531 358
140 272
140 33
140 359
163 301
163 11
163 158
532 33
9 360
331 219
33 33
33 143
33 119
33 100
33 361
33 362
33 363
33 319
33 3
33 41
33 364
33 125
33 87
33 365
33 300
33 366
33 207
33 121
33 325
33 66
33 47
33 98
33 60
33 95
33 169
33 62
33 220
22 328
22 294
22 338
22 74
92 95
533 17
466 95
466 90
386 196
61 131
61 136
61 367
61 368
61 318
61 83
61 369
61 370
61 3
61 371
61 101
61 372
61 21
61 373
61 167
61 121
61 17
61 76
61 39
61 374
239 91
534 99
191 74
191 108
191 3
535 295
17 33
17 184
17 265
17 375
17 119
17 100
17 144
17 104
17 81
17 245
17 5
17 209
17 61
17 313
17 376
17 377
17 378
17 111
17 338
17 110
17 191
17 58
17 64
17 379
17 3
17 41
17 14
17 364
17 125
17 380
17 172
17 196
17 381
17 382
17 383
17 90
17 164
17 360
17 208
17 2
17 11
17 384
17 200
17 230
17 121
17 248
17 47
17 288
17 51
17 98
17 43
17 276
17 152
17 212
17 62
17 46
17 385
17 241
17 220
224 104
196 17
196 41
196 272
196 3
196 386
536 328
286 8
384 17
384 375
438 197
438 62
438 153
206 125
28 41
28 301
28 378
49 381
49 119
49 100
49 387
49 3
49 388
49 389
537 119
165 115
165 390
165 56
165 99
165 95
165 391
538 113
219 392
219 41
219 121
219 17
219 75
219 331
219 20
255 186
320 100
320 393
394 168
394 394
452 11
452 295
452 94
209 280
315 301
64 17
64 83
64 3
424 111
424 129
59 395
102 69
102 333
102 396
39 111
39 294
39 35
39 397
39 78
39 3
39 17
39 125
39 61
39 18
359 100
359 140
460 398
460 399
539 33
540 62
318 61
318 317
330 58
330 233
330 81
335 53
335 36
34 196
370 61
31 68
30 190
264 83
264 67
264 178
264 81
264 132
264 220
329 233
56 7
56 399
56 11
56 129
56 45
56 165
541 14
308 24
171 42
171 377
171 91
118 110
118 3
248 282
248 207
248 51
101 61
101 89
375 301
375 33
375 144
375 384
375 95
468 6
468 95
141 41
141 33
141 307
141 339
542 400
543 257
544 401
272 196
272 402
272 10
340 147
309 90
55 100
55 403
55 180
55 47
545 158
155 294
155 127
155 19
155 14
155 404
155 405
155 87
546 406
262 101
262 81
262 407
148 249
60 33
60 408
60 83
60 100
60 158
60 3
60 60
60 409
60 69
60 166
60 17
60 25
60 410
60 395
32 411
32 6
69 412
69 102
69 345
69 60
246 413
463 322
463 414
547 14
547 10
172 246
172 188
311 194
311 415
100 316
100 33
100 100
100 305
100 230
100 86
100 125
100 328
100 380
100 17
100 41
100 416
100 11
100 8
100 207
100 105
100 417
100 12
100 418
100 60
100 301
100 62
100 218
274 129
1 419
1 44
1 420
1 412
213 192
190 421
283 371
408 60
548 9
434 111
549 100
549 3
550 422
129 51
129 423
129 424
129 37
129 425
129 121
129 149
129 426
129 56
551 294
427 427
151 3
151 339
552 428
553 100
553 248
11 33
11 284
11 100
11 144
11 429
11 430
11 431
11 56
11 432
11 3
11 215
11 7
11 125
11 39
11 433
11 2
11 423
11 11
11 17
11 345
11 258
11 155
11 295
11 210
11 62
11 163
11 105
139 434
38 83
38 247
38 435
38 430
38 35
417 100
12 100
12 144
12 2
12 433
18 212
18 417
288 17
288 436
43 111
43 44
43 246
43 17
554 366
169 33
169 82
62 33
62 7
62 43
62 437
62 62
62 438
62 100
62 439
62 270
50 301
50 138
50 440
50 206
50 100
153 265
153 127
153 346
153 441
153 220
153 354
153 307
153 438
153 186
153 110
153 442
555 144
225 443
225 444
154 445
154 14
187 3
175 188
348 3
337 70
310 194
75 83
556 1
444 225
134 365
134 13
134 446
134 166
257 260
257 223
257 166
240 291
240 242
291 210
132 35
132 119
132 328
132 447
132 125
132 448
78 11
195 144
195 3
294 449
557 158
90 3
90 309
90 46
90 17
90 61
90 180
558 11
558 383
180 301
180 450
180 3
180 60
180 451
295 11
295 49
295 452
295 94
559 125
559 108
559 453
559 220
260 136
260 115
260 104
260 3
260 247
260 454
260 258
560 115
560 24
270 3
4 347
4 273
302 323
435 38
435 455
122 47
385 17
561 283
561 129
111 319
111 456
111 43
111 457
111 2
111 58
111 81
111 39
243 128
243 56
462 458
462 407
459 86
459 459
459 3
399 56
399 460
364 17
364 33
364 394
440 100
440 35
15 144
15 98
562 3
258 256
258 19
258 104
258 11
258 215
258 242
258 333
258 461
307 76
307 24
307 141
307 121
121 131
121 98
121 194
121 1
121 307
121 46
121 219
121 95
123 47
458 462
94 295
94 215
94 452
94 3
563 463
14 33
14 21
14 35
14 119
14 49
14 464
14 3
14 85
14 276
14 17
14 130
124 47
218 301
218 100
218 67
218 465
218 121
95 135
95 381
95 466
95 63
95 33
95 230
95 375
95 467
95 430
95 249
95 468
95 120
95 121
95 405
95 75
95 434
