108 0
108 1
108 2
108 3
108 4
170 5
170 6
170 7
37 8
37 9
37 10
37 11
37 12
37 13
37 14
37 6
37 15
37 16
37 17
37 18
37 19
37 20
37 21
37 22
37 23
37 24
37 25
37 26
181 16
181 27
224 28
224 29
224 30
224 31
224 32
224 33
505 34
196 35
196 36
506 37
214 38
507 39
507 40
507 41
338 8
102 42
102 43
102 44
102 45
102 46
77 47
77 9
77 48
77 49
508 50
509 51
509 52
509 53
509 12
225 54
225 55
225 56
225 28
225 57
225 17
225 2
225 58
225 59
269 17
269 14
269 8
104 28
420 60
62 61
62 62
62 63
292 64
292 12
259 65
423 16
423 66
191 58
191 67
191 68
25 69
25 35
25 70
25 37
25 71
25 4
25 72
25 40
391 22
391 73
391 12
283 74
47 75
47 8
47 10
47 76
47 77
47 78
442 79
510 17
510 49
398 80
511 81
274 82
274 83
274 84
274 85
274 12
252 86
252 6
428 37
361 8
361 87
361 88
361 89
228 16
228 90
236 91
236 44
512 72
513 21
26 92
454 93
514 94
489 6
489 95
266 16
266 75
266 96
320 97
515 98
313 99
313 100
313 101
472 102
472 103
472 104
341 105
78 23
516 98
131 106
131 12
271 17
281 107
517 108
123 109
123 72
340 110
46 111
46 112
46 6
46 113
46 114
46 115
46 29
46 116
46 117
46 118
46 119
46 120
46 121
518 122
481 80
143 80
143 28
143 123
519 124
212 125
106 8
106 126
106 127
106 115
106 128
106 29
106 129
106 30
106 130
106 39
106 11
106 131
106 132
249 18
326 133
326 134
520 135
521 69
522 72
473 136
473 137
473 12
473 138
473 29
523 81
113 139
113 140
113 141
113 12
113 28
113 46
113 16
113 142
113 14
113 143
221 1
221 144
221 133
221 145
221 146
221 147
354 148
354 111
354 149
354 150
175 151
175 37
175 28
175 152
175 153
175 154
175 98
175 50
175 23
175 155
175 40
59 23
402 141
438 11
438 40
524 156
184 157
184 158
251 23
457 111
162 159
162 160
162 161
162 162
100 163
187 12
187 14
187 164
187 165
187 154
187 166
187 155
316 23
316 167
316 168
7 169
7 12
7 170
7 171
50 172
50 8
50 173
50 37
50 52
50 28
50 174
50 98
50 175
50 35
50 40
50 74
50 176
334 177
525 175
525 178
203 179
203 63
27 180
27 181
27 182
467 35
444 14
444 6
526 183
273 157
273 184
390 185
159 162
254 186
254 187
254 63
254 188
254 102
254 189
254 2
254 155
527 190
527 35
528 155
67 3
67 191
67 192
67 74
383 35
383 9
383 193
529 186
63 35
63 194
63 12
63 14
63 44
63 195
63 172
63 196
63 197
63 185
63 198
63 199
63 158
63 160
63 130
63 58
63 200
63 62
63 109
63 15
63 110
63 16
63 81
63 201
63 202
63 121
63 203
63 9
63 115
63 204
63 174
63 65
63 205
63 162
63 74
179 203
179 192
344 12
322 206
72 8
72 115
72 207
72 205
72 208
72 209
72 210
72 2
72 211
72 23
72 58
125 16
125 212
125 213
38 214
38 176
38 110
38 115
530 14
235 54
235 215
235 112
235 16
235 145
235 72
97 216
97 8
97 217
97 83
97 115
97 218
97 15
97 46
97 10
97 34
97 219
97 220
97 221
97 175
97 155
97 22
97 23
97 78
97 222
531 223
28 35
28 8
28 113
28 224
28 152
28 175
28 50
28 22
28 225
28 173
28 197
28 143
532 226
533 12
534 157
348 8
348 12
55 21
55 227
55 228
55 225
535 229
419 230
419 231
536 228
449 232
449 11
449 233
449 234
190 233
488 106
488 74
215 235
44 236
44 160
44 237
44 238
44 108
44 63
44 129
44 102
44 81
44 239
44 240
44 23
44 45
44 241
44 143
293 236
293 242
293 243
293 145
216 12
173 21
173 203
173 244
173 35
173 50
537 169
318 113
318 45
223 245
223 246
223 247
538 248
18 60
18 14
18 37
18 249
18 250
396 110
470 35
346 16
346 251
346 12
346 29
86 114
86 181
86 252
151 102
151 15
151 175
539 60
186 253
186 192
186 41
186 254
503 74
463 115
355 111
355 255
68 23
68 256
68 218
68 257
68 12
161 162
94 258
349 12
69 25
453 111
501 74
301 96
157 74
65 259
244 80
244 81
244 173
244 260
244 261
459 111
459 36
459 98
194 6
194 63
91 148
91 236
376 11
540 143
160 262
160 242
160 263
160 162
247 223
268 264
268 265
268 12
75 266
541 50
542 267
270 17
270 244
270 141
270 11
270 12
265 253
265 268
253 51
17 215
17 111
17 269
17 270
17 80
17 225
17 143
17 271
153 272
153 273
153 110
153 175
153 98
401 149
427 1
427 72
427 16
427 15
427 8
345 6
345 12
543 274
310 10
310 275
544 276
544 205
500 74
380 220
380 79
545 103
545 115
546 277
237 12
237 14
237 44
237 180
237 278
237 23
237 85
296 165
255 60
255 141
255 206
255 45
448 279
176 22
176 280
176 38
176 50
107 219
107 281
547 13
547 14
547 12
117 282
117 113
117 2
117 46
300 21
298 14
298 8
298 118
548 283
464 282
464 55
227 21
227 55
549 80
98 203
98 284
98 285
98 286
98 175
98 50
98 146
550 287
551 288
370 141
370 286
370 220
370 171
195 289
132 1
132 54
132 11
132 106
132 37
132 6
410 280
504 290
504 14
504 74
504 291
64 292
64 210
492 239
462 293
462 115
70 58
70 237
70 25
34 23
34 274
34 115
201 113
201 294
201 192
374 8
374 4
290 8
290 112
290 295
290 164
290 296
290 260
290 22
204 81
204 158
552 34
552 114
483 58
443 14
443 143
32 224
118 8
118 297
118 11
118 115
118 298
118 37
118 299
118 121
21 35
21 227
21 300
21 279
21 40
21 14
21 160
21 37
21 287
21 240
21 63
21 16
21 7
21 101
21 173
21 166
96 126
96 228
96 301
375 4
136 29
126 106
553 302
385 8
554 303
353 97
353 304
353 115
353 150
353 127
555 97
129 163
129 44
342 262
556 305
312 207
312 101
557 306
164 8
164 307
164 308
164 208
164 309
164 164
164 187
164 58
10 35
10 36
10 97
10 275
10 10
10 310
260 290
260 311
260 244
260 158
260 12
558 79
328 145
101 151
101 312
101 180
101 313
101 314
101 315
101 191
333 35
333 206
333 36
333 12
333 230
333 170
333 23
333 58
333 316
23 1
23 35
23 129
23 309
23 11
23 237
23 317
23 37
23 115
23 113
23 16
23 318
23 294
23 68
23 72
23 251
23 319
23 45
23 197
360 16
360 320
360 11
360 267
347 37
347 6
347 112
206 321
206 322
206 255
61 62
15 323
15 36
15 226
15 324
15 63
15 174
15 325
15 7
15 58
15 96
257 68
421 74
421 175
155 12
155 187
155 128
155 166
155 175
155 205
155 58
155 245
155 241
559 282
559 28
455 111
455 121
560 8
134 326
134 74
561 12
82 111
82 274
82 45
562 102
145 282
145 55
145 127
145 299
145 327
145 110
145 30
145 221
145 328
145 12
563 37
564 181
474 50
565 296
486 44
52 50
566 299
567 159
567 329
567 280
567 35
264 330
264 268
568 27
147 41
147 221
368 102
368 297
466 35
426 1
426 331
426 6
426 332
426 4
426 333
278 237
122 334
122 29
305 8
305 142
305 230
305 305
305 240
199 14
199 37
569 117
570 148
571 159
20 335
20 336
572 16
128 182
128 12
128 115
128 209
128 14
128 337
128 6
128 338
128 9
128 320
128 205
128 155
128 339
128 340
363 148
3 14
3 108
3 341
573 201
154 187
154 110
154 175
31 14
31 224
217 97
217 279
315 21
9 50
284 98
574 40
412 108
389 185
33 8
33 23
33 224
33 12
12 8
12 219
12 113
12 14
12 37
12 44
12 224
12 342
12 145
12 343
12 216
12 155
12 253
12 6
12 344
12 292
12 260
12 230
12 345
12 225
12 45
12 131
12 41
12 346
12 347
12 127
12 299
12 109
12 187
12 208
12 128
12 240
12 16
12 34
12 166
12 68
12 268
12 348
12 349
12 112
12 56
12 205
12 174
12 4
12 21
12 33
12 7
114 8
114 350
114 242
114 351
114 3
356 352
356 112
150 8
150 11
150 164
150 353
150 150
150 354
150 355
150 287
180 356
180 237
180 27
180 16
180 3
180 101
180 58
180 74
314 357
314 145
314 358
314 74
314 101
177 359
177 334
87 360
87 115
87 361
87 87
87 104
87 146
87 271
575 40
245 63
395 110
479 244
479 296
359 98
576 12
364 148
577 155
440 174
24 230
148 362
148 91
148 122
148 363
148 364
148 354
148 365
148 366
148 367
297 98
297 368
578 34
578 87
42 369
42 43
42 196
42 102
42 35
4 370
4 16
4 12
4 8
4 371
4 272
4 372
4 373
4 374
4 25
4 375
275 10
392 277
579 12
580 112
433 121
261 244
11 360
11 111
11 36
11 106
11 376
11 97
11 37
11 15
11 46
11 150
11 200
11 377
11 72
11 132
324 15
381 378
381 99
381 9
381 379
381 299
381 313
381 328
76 19
493 303
5 22
220 380
220 97
220 164
220 381
220 292
220 175
220 45
220 74
8 114
8 209
8 210
8 14
8 37
8 116
8 142
8 382
8 383
8 384
8 6
8 338
8 305
8 371
8 230
8 385
8 72
8 45
8 104
8 97
8 28
8 386
8 50
8 88
8 111
8 112
8 269
8 11
8 205
8 47
8 174
8 387
8 145
8 21
8 74
379 14
379 381
379 12
13 208
343 12
246 388
246 287
185 22
185 389
185 63
185 390
581 143
6 347
6 112
6 36
6 12
6 14
6 37
6 128
6 8
6 252
6 345
6 145
6 58
6 132
294 23
294 201
365 148
22 16
22 391
22 37
22 28
22 290
22 3
22 73
22 176
22 5
22 152
22 185
277 392
277 44
429 74
446 393
446 394
446 245
446 237
446 143
240 23
240 44
240 166
240 12
110 8
110 395
110 115
110 207
110 187
110 237
110 263
110 153
110 154
110 396
110 397
110 398
110 38
43 102
43 317
582 399
267 360
267 130
248 400
248 287
307 72
307 3
307 401
307 40
307 164
272 72
141 360
141 113
141 402
141 255
141 16
141 403
141 244
141 404
141 230
141 175
120 46
425 405
425 303
146 360
146 87
146 98
219 97
219 406
219 12
238 44
238 238
263 160
263 44
263 21
263 218
263 8
188 254
116 8
116 407
116 46
482 40
482 353
207 14
583 298
583 408
230 35
230 12
230 14
230 63
230 129
230 142
230 245
230 173
230 409
230 164
230 305
230 410
230 333
230 24
230 325
230 15
230 28
230 72
230 411
230 1
230 115
230 141
230 412
45 44
45 8
45 93
45 220
45 209
45 12
45 240
45 46
45 290
45 413
45 219
45 414
45 23
45 35
45 246
45 273
45 415
431 14
431 40
480 88
480 416
299 145
299 12
299 381
299 287
218 417
218 252
233 232
233 418
233 267
233 190
468 35
169 14
386 8
339 128
584 111
585 230
585 33
471 378
471 113
484 112
484 15
280 141
280 410
280 176
586 35
586 8
48 274
231 97
231 419
60 58
60 420
60 115
60 255
587 421
588 225
491 422
152 291
152 175
152 12
589 250
66 423
39 106
222 97
222 72
222 222
222 176
378 424
378 381
36 8
36 11
36 6
36 15
36 333
36 226
377 11
590 37
405 425
1 426
1 133
1 221
1 29
1 427
1 145
591 428
83 97
592 429
593 63
593 74
286 370
286 244
165 154
149 40
149 354
149 401
149 11
388 430
594 75
121 431
121 35
121 12
121 14
121 208
121 432
121 63
121 46
121 433
121 118
121 4
121 23
121 434
51 253
51 435
51 436
450 437
450 12
595 438
174 8
174 127
174 115
174 439
174 440
174 15
174 301
174 158
174 50
174 58
174 45
174 35
174 74
174 390
258 94
192 237
172 105
172 63
193 383
400 248
596 143
14 35
14 12
14 114
14 37
14 8
14 18
14 98
14 370
14 317
14 63
14 313
14 160
14 441
14 23
14 41
14 237
14 111
14 187
14 128
14 16
14 31
14 7
14 121
14 55
14 115
14 442
14 443
14 444
597 50
598 12
599 6
332 4
384 8
600 115
601 12
602 28
371 8
200 72
200 16
200 63
200 445
200 74
393 446
321 206
399 37
279 15
279 217
279 447
279 448
279 4
279 21
336 34
336 20
311 260
183 175
109 123
109 205
109 12
109 63
109 449
109 234
16 113
16 14
16 44
16 29
16 148
16 346
16 72
16 130
16 58
16 125
16 360
16 235
16 70
16 187
16 237
16 81
16 267
16 66
16 121
16 450
16 141
16 134
16 145
16 21
16 74
81 204
81 273
81 244
81 63
81 451
2 16
2 225
2 237
2 72
84 274
111 452
111 453
111 11
111 17
111 210
111 354
111 454
111 149
111 248
111 455
111 82
111 2
111 355
111 456
111 457
111 458
111 459
111 460
115 60
115 126
115 14
115 29
115 461
115 87
115 230
115 72
115 23
115 38
115 462
115 97
115 187
115 110
115 433
115 34
115 154
115 463
115 106
115 115
115 464
115 118
115 397
603 122
603 12
604 7
605 283
366 465
606 418
606 296
54 225
35 121
35 466
35 467
35 127
35 42
35 163
35 63
35 468
35 383
35 46
35 23
35 196
35 333
35 230
35 50
35 469
35 21
35 45
35 25
35 74
35 470
182 16
182 27
182 192
607 370
607 14
210 471
210 230
451 287
29 1
29 136
29 9
29 106
29 224
29 16
29 102
29 137
29 472
29 251
29 473
73 22
73 37
73 391
142 113
142 8
142 240
142 305
142 230
142 143
608 74
352 356
144 221
209 72
209 8
209 128
209 45
209 74
447 279
158 204
158 474
158 174
158 260
158 130
158 475
158 277
133 342
133 383
441 14
441 112
441 399
441 297
80 8
80 123
80 476
80 17
80 477
80 143
40 8
40 409
40 307
40 21
40 175
40 50
40 478
105 341
127 106
127 111
127 12
127 15
127 353
127 145
127 72
127 74
317 479
317 14
317 23
317 36
317 422
208 13
208 272
208 112
208 72
208 121
609 45
166 112
166 12
166 187
166 240
166 21
166 155
88 8
88 480
88 174
58 60
58 8
58 92
58 481
58 180
58 6
58 164
58 207
58 72
58 225
58 40
58 271
58 482
58 70
58 208
58 15
58 46
58 16
58 333
58 287
58 191
58 483
58 484
58 485
610 486
610 174
56 12
163 35
163 180
163 369
163 487
163 23
163 488
256 68
434 121
95 489
95 490
422 317
422 491
119 202
119 74
611 128
611 492
226 15
350 114
612 483
92 26
407 17
407 116
358 314
285 98
458 111
613 342
234 72
197 63
197 28
197 115
282 464
303 275
303 257
303 493
303 425
303 23
303 494
325 230
325 15
325 115
424 378
614 162
19 163
456 111
456 127
130 16
130 113
130 250
130 63
85 72
85 8
615 74
309 23
309 164
309 74
616 41
461 101
461 115
617 220
287 495
287 496
287 12
287 451
287 123
287 248
287 204
287 21
287 72
287 246
287 58
287 45
287 25
202 36
430 93
323 15
112 347
112 497
112 227
112 495
112 12
112 8
112 14
112 356
112 6
112 208
112 110
112 290
112 441
112 498
112 166
112 22
112 499
112 27
112 46
138 473
618 499
502 74
74 35
74 500
74 501
74 502
74 503
74 134
74 157
74 8
74 180
74 220
74 200
74 314
74 119
74 23
74 504
74 16
74 429
53 14
53 40
53 316
