431 0
431 1
679 2
679 3
679 4
105 5
105 6
105 7
105 8
105 9
105 10
105 11
105 12
105 13
105 14
105 15
105 16
105 17
105 18
105 19
105 20
105 21
105 22
105 23
105 24
105 25
105 26
105 27
105 28
105 29
105 30
105 31
105 32
105 33
105 34
105 35
105 36
105 37
105 38
105 39
105 40
105 41
105 42
105 43
105 44
105 45
105 46
105 47
105 48
105 49
105 50
105 51
105 52
105 53
105 54
105 55
105 56
105 57
105 0
105 58
70 27
70 59
70 60
70 61
70 62
680 63
416 64
416 47
416 8
416 65
416 51
416 66
416 67
416 68
416 27
416 69
61 70
61 71
681 72
106 27
106 38
106 41
338 73
338 74
338 41
338 75
338 35
94 76
94 77
94 78
94 47
94 51
94 27
94 79
94 29
682 80
404 81
404 82
404 83
88 84
88 80
88 57
88 85
88 41
88 86
157 87
157 88
157 32
157 58
167 89
163 90
163 91
163 51
163 92
163 83
163 93
163 86
163 94
683 95
66 96
66 97
66 84
66 47
66 98
66 29
66 99
66 52
66 23
66 35
66 27
66 100
66 101
396 102
396 80
396 84
396 103
13 70
13 104
13 105
28 27
28 11
28 106
28 19
28 75
29 90
29 107
29 108
29 10
29 105
29 109
29 110
29 68
29 111
29 82
29 112
29 113
29 66
29 25
29 114
29 27
29 115
29 80
29 116
29 117
29 118
29 119
29 120
29 121
29 38
29 122
29 47
29 81
29 6
29 50
29 123
29 124
671 125
30 38
30 126
30 127
30 29
30 128
412 129
576 130
576 35
576 131
576 132
576 80
133 133
351 134
351 67
351 35
307 135
307 80
307 136
307 8
307 137
307 138
307 139
179 140
380 141
684 142
258 68
548 143
119 90
119 144
119 48
119 19
261 68
685 145
419 18
419 5
419 146
419 142
419 20
419 147
419 99
419 148
419 149
419 27
419 150
419 151
419 114
419 152
419 153
419 32
419 154
419 155
419 156
686 14
386 81
58 157
687 27
337 158
688 50
550 27
422 159
485 160
485 105
485 161
652 6
652 162
472 163
102 72
251 38
251 5
251 8
689 84
89 164
89 165
89 166
89 140
89 167
89 168
89 169
89 170
89 171
89 172
89 173
89 100
89 82
89 174
651 175
651 176
651 177
651 59
651 160
82 178
82 179
82 89
82 180
82 181
82 80
82 81
82 182
82 8
82 183
82 184
82 68
82 185
82 186
82 187
82 29
82 188
405 97
405 99
507 27
507 15
507 189
507 77
138 27
138 162
138 75
138 190
219 38
219 27
219 40
219 75
219 191
524 84
524 62
690 83
399 90
399 17
399 50
399 192
399 47
190 193
190 38
190 194
190 132
190 138
190 195
109 164
109 196
109 45
109 29
691 35
503 197
503 10
503 198
503 6
503 103
481 18
481 23
195 190
355 199
355 200
355 75
355 201
38 135
38 68
38 202
38 8
38 108
38 10
38 105
38 203
38 204
38 205
38 206
38 207
38 75
38 22
38 111
38 32
38 16
38 101
38 18
38 208
38 162
38 209
38 210
38 141
38 23
38 211
38 212
38 213
38 214
38 138
38 27
38 185
38 48
38 215
38 84
38 115
38 181
38 80
38 216
38 217
38 218
38 190
38 38
38 183
38 219
38 152
38 5
38 220
38 221
38 201
38 222
38 56
38 223
38 47
38 59
38 224
38 90
38 50
38 35
38 225
38 226
38 175
46 164
46 105
46 142
46 52
57 135
57 88
57 161
57 22
57 105
57 80
57 38
57 47
57 213
57 93
57 15
57 197
57 227
57 228
692 27
444 229
53 164
53 15
53 105
521 8
31 230
31 231
319 232
319 233
693 234
693 235
693 236
693 75
693 237
693 82
450 2
450 27
450 238
450 239
90 240
90 10
90 241
90 2
90 242
90 69
90 243
90 244
90 245
90 29
90 84
90 80
90 38
90 23
90 246
90 247
90 47
90 81
90 248
90 249
90 53
90 150
90 35
90 250
694 251
474 27
474 35
205 135
205 84
205 252
205 38
205 253
205 254
205 255
303 256
695 15
695 48
68 5
68 135
68 10
68 105
68 257
68 11
68 256
68 258
68 82
68 23
68 113
68 259
68 260
68 25
68 27
68 190
68 38
68 233
68 220
68 164
68 261
68 47
68 262
68 50
68 56
68 187
645 47
696 263
500 214
697 264
697 8
698 84
698 75
243 90
243 265
264 27
264 164
264 249
699 93
649 68
362 84
26 27
26 183
26 40
26 107
26 105
523 5
523 235
523 161
523 266
523 267
523 268
523 269
523 270
523 56
185 47
185 108
185 271
185 23
185 272
185 273
185 2
185 274
185 27
185 275
185 82
347 276
347 213
347 277
584 27
584 22
700 148
701 278
702 279
703 47
493 6
493 280
493 85
297 281
297 84
297 282
297 10
297 283
297 56
297 284
297 27
297 285
297 75
297 35
297 286
297 107
297 287
297 228
704 288
318 5
318 210
318 230
669 80
669 19
669 35
305 289
595 290
705 291
460 93
460 110
460 292
414 293
414 294
414 99
706 72
354 295
354 35
540 296
540 163
283 297
283 84
300 298
300 81
300 11
300 299
300 93
300 187
300 300
563 27
707 176
256 76
256 224
256 301
256 51
256 302
256 303
256 154
256 82
344 252
344 304
289 305
289 306
137 27
137 307
364 235
364 84
364 244
364 8
127 105
127 84
184 82
184 75
14 105
14 224
14 308
144 27
144 59
144 309
139 310
572 311
309 144
566 27
566 6
23 135
23 90
23 10
23 120
23 312
23 68
23 2
23 76
23 210
23 8
23 66
23 313
23 216
23 27
23 185
23 314
23 29
23 315
23 316
23 317
23 38
23 318
23 319
23 26
23 287
23 164
23 266
23 59
23 47
23 320
23 124
23 267
23 321
23 322
708 75
212 27
212 323
212 77
286 266
286 105
286 323
286 324
286 325
286 317
286 27
286 242
286 82
286 326
709 27
315 286
315 23
230 18
230 135
230 327
230 84
230 10
230 202
230 318
230 40
230 31
230 27
230 0
230 328
710 27
180 329
180 5
180 107
180 105
180 330
180 38
180 150
180 25
180 27
180 82
77 5
77 19
77 80
77 8
77 331
77 6
77 51
77 202
77 332
77 183
77 333
77 47
77 75
77 334
77 335
77 266
158 336
158 337
552 27
36 105
36 338
711 77
711 191
486 38
486 339
486 340
712 80
100 164
100 84
100 19
100 182
100 66
100 89
100 82
194 190
403 259
403 68
495 341
165 89
165 77
165 6
165 52
165 220
165 191
647 47
542 135
342 342
342 343
342 80
304 344
263 345
64 27
64 266
619 27
619 10
713 98
713 346
244 81
244 10
244 6
244 188
244 90
276 5
276 347
16 208
16 23
16 27
16 348
16 82
16 72
17 27
534 41
134 349
134 350
134 351
145 145
298 202
522 352
517 8
199 164
199 353
199 354
199 95
199 286
199 355
313 356
714 357
602 358
454 359
715 360
84 90
84 344
84 8
84 206
84 353
84 75
84 18
84 201
84 19
84 244
84 361
84 213
84 362
84 297
84 27
84 197
84 48
84 54
84 77
84 22
84 363
84 190
84 38
84 286
84 88
84 274
84 62
84 364
84 365
84 290
84 47
84 320
84 150
84 366
84 367
84 368
22 90
22 84
22 8
22 81
22 282
22 369
22 6
22 249
22 38
388 370
716 371
42 325
42 47
358 266
494 18
717 27
717 350
164 372
164 109
164 373
164 206
164 68
164 374
164 89
164 19
164 23
164 332
164 375
164 39
164 48
164 80
164 297
164 27
164 376
164 45
164 164
164 46
164 266
164 278
164 377
164 35
164 100
164 368
515 323
331 76
331 15
624 213
624 51
533 266
52 18
52 165
52 46
52 8
52 266
52 226
52 38
52 66
52 200
52 245
52 27
52 378
52 191
267 129
267 209
267 101
267 23
718 84
508 164
508 183
604 147
604 152
368 27
368 164
141 135
141 47
141 306
141 40
141 379
141 380
420 381
332 164
332 382
332 383
332 75
332 77
120 76
120 50
120 23
120 384
120 286
120 385
120 328
120 29
384 5
384 353
384 386
384 387
384 160
370 388
370 19
370 75
378 10
378 372
378 80
378 52
719 306
357 150
357 54
720 389
720 90
720 175
720 390
673 391
136 307
21 105
21 314
80 135
80 57
80 90
80 373
80 392
80 393
80 394
80 75
80 102
80 82
80 76
80 395
80 19
80 223
80 210
80 23
80 264
80 396
80 297
80 27
80 93
80 29
80 397
80 143
80 77
80 398
80 399
80 400
80 307
80 38
80 319
80 255
80 164
80 281
80 47
80 224
80 6
80 401
80 150
80 41
429 402
511 372
511 377
259 403
721 105
83 252
83 404
83 105
83 405
83 406
83 27
83 407
83 403
216 408
216 47
216 42
216 216
216 27
216 220
465 37
76 135
76 6
76 331
76 80
76 409
76 56
76 410
76 11
76 35
76 75
76 317
76 93
76 339
76 277
33 164
33 224
33 411
33 105
118 412
118 47
118 105
118 37
118 413
118 83
118 27
118 29
118 156
722 160
722 399
722 20
1 83
99 135
99 286
99 405
99 414
99 66
99 27
99 28
99 111
99 197
99 58
99 415
67 416
67 371
67 417
220 27
220 165
220 38
220 68
220 362
723 418
553 27
247 161
724 163
255 390
255 205
255 54
255 80
188 47
188 10
188 266
188 244
188 37
188 11
155 419
155 48
155 8
381 420
327 84
327 266
327 230
327 421
327 27
327 8
142 39
142 93
142 197
142 32
142 213
654 27
159 422
11 81
11 105
11 300
11 27
11 28
11 15
11 73
11 188
12 423
725 403
593 31
519 396
519 8
539 66
539 50
162 209
162 138
223 80
223 110
223 38
223 176
223 27
223 0
653 6
726 371
627 424
627 425
24 281
24 426
727 427
561 312
557 27
728 287
728 47
729 428
390 429
551 27
551 47
597 430
730 75
95 244
43 105
43 256
385 5
385 120
385 266
246 90
246 431
246 5
246 81
246 59
246 35
246 27
246 0
246 432
637 433
222 38
222 6
363 84
435 340
340 434
340 6
340 435
340 80
231 234
231 19
231 436
231 31
231 27
231 48
635 395
635 437
635 324
635 438
635 150
635 439
124 29
124 23
124 440
270 38
207 27
207 176
0 431
0 281
0 441
0 219
0 223
0 8
0 10
0 210
0 230
0 96
0 110
0 442
0 413
0 213
0 256
0 152
0 27
0 93
0 246
0 314
0 132
353 84
353 130
353 384
353 27
353 48
353 54
583 443
182 47
182 396
182 35
182 27
182 100
182 82
229 444
731 152
487 75
564 27
204 32
204 49
204 105
204 6
204 38
204 445
204 35
204 27
204 446
204 367
392 90
392 8
392 80
392 273
392 317
392 27
732 245
379 447
379 281
379 47
379 448
379 141
379 38
379 93
379 160
379 152
379 449
379 339
2 450
2 90
2 23
2 129
2 27
2 185
2 451
407 105
407 83
336 158
210 164
210 5
210 6
210 38
210 452
210 453
210 35
226 226
226 52
359 40
359 454
333 18
333 455
333 10
333 40
333 52
333 456
333 403
445 204
189 102
589 14
129 211
129 6
129 457
129 458
129 10
129 255
129 323
129 110
129 2
129 267
129 377
129 27
129 37
129 156
129 72
93 372
93 8
93 379
93 76
93 163
93 243
93 211
93 27
93 80
93 198
93 1
93 38
93 219
93 459
93 290
93 460
93 57
93 461
93 284
93 462
93 463
93 56
93 277
626 464
672 117
98 66
98 465
37 466
37 84
37 105
37 118
37 392
37 38
37 129
37 35
37 286
37 188
733 425
208 16
208 244
153 84
186 35
45 164
45 467
45 123
45 105
45 92
45 317
45 27
201 27
201 90
201 18
201 38
201 35
227 10
227 468
227 469
227 277
470 470
123 18
123 32
123 47
123 123
123 105
123 45
301 50
301 295
301 471
734 465
607 47
462 27
462 5
462 320
537 472
537 473
35 90
35 8
35 474
35 10
35 105
35 204
35 475
35 476
35 82
35 15
35 338
35 255
35 19
35 101
35 210
35 477
35 25
35 478
35 27
35 479
35 29
35 54
35 480
35 115
35 80
35 297
35 230
35 481
35 38
35 13
35 42
35 482
35 201
35 164
35 266
35 483
35 224
35 47
35 150
35 35
35 186
35 182
366 318
350 38
350 349
209 162
209 52
209 183
209 256
209 27
209 29
372 164
372 245
372 375
372 27
372 93
372 378
372 48
107 297
107 227
107 180
107 484
107 56
371 27
735 135
735 10
736 77
736 47
644 35
737 27
160 5
160 47
160 485
160 328
160 38
160 27
160 456
160 486
160 187
160 29
75 135
75 487
75 327
75 68
75 44
75 488
75 75
75 489
75 15
75 338
75 18
75 88
75 85
75 332
75 138
75 76
75 84
75 180
75 77
75 80
75 297
75 423
75 308
75 47
75 307
75 152
75 287
75 403
75 355
75 266
75 311
75 331
75 57
75 150
75 413
75 56
101 38
101 150
101 110
101 35
335 480
335 490
661 334
252 27
252 83
252 205
610 150
467 45
492 147
492 10
492 491
492 27
491 38
491 297
491 6
491 185
491 492
85 88
85 287
85 493
85 47
588 66
361 494
361 495
456 185
456 333
456 160
456 496
498 497
498 498
245 90
245 372
245 52
245 75
245 44
670 19
214 38
214 499
214 500
214 345
214 23
310 27
310 224
197 501
197 84
197 77
197 480
197 57
197 99
197 502
197 66
197 50
197 503
197 114
197 27
738 84
600 504
178 82
116 116
116 29
116 287
547 27
218 38
442 505
442 48
442 0
442 54
442 56
183 209
183 506
183 77
183 8
183 82
183 135
183 38
183 507
183 103
183 508
183 188
183 355
739 227
740 318
740 405
221 38
221 27
221 255
221 52
228 27
228 57
455 509
281 142
281 80
281 297
281 379
281 0
281 71
741 105
49 105
49 206
49 204
49 47
657 27
742 82
461 93
461 510
284 297
284 93
341 495
341 266
743 348
520 266
377 164
377 511
377 512
262 156
744 182
745 29
746 513
96 460
96 66
96 354
96 514
96 47
323 129
323 515
323 212
323 235
323 111
8 90
8 5
8 108
8 480
8 105
8 364
8 273
8 416
8 32
8 82
8 335
8 18
8 208
8 19
8 516
8 517
8 213
8 10
8 27
8 93
8 518
8 48
8 349
8 519
8 84
8 33
8 22
8 307
8 38
8 183
8 520
8 455
8 197
8 47
8 6
8 52
8 521
8 150
8 35
8 0
8 187
8 155
382 332
382 409
346 480
346 326
346 203
373 164
373 16
352 164
352 90
352 522
352 150
352 75
352 314
352 350
273 47
268 523
268 524
268 142
268 525
111 526
111 81
111 99
111 205
111 38
111 66
111 527
111 27
111 29
15 84
15 57
15 307
15 75
15 35
15 528
747 529
72 281
72 386
72 238
72 282
72 16
72 72
748 403
748 77
509 455
509 387
509 7
509 193
509 190
509 211
509 339
509 187
97 90
97 66
648 319
648 51
648 47
606 81
606 264
516 38
295 512
295 301
295 377
202 6
202 298
202 77
202 530
202 230
202 38
202 10
113 27
113 299
113 29
113 68
113 152
265 27
749 531
156 10
156 262
156 83
156 191
397 84
397 532
397 80
161 247
161 270
147 492
530 6
530 202
41 519
41 88
41 142
41 80
41 98
41 424
41 8
41 141
41 23
41 266
41 299
41 533
41 6
41 213
41 105
41 35
41 27
41 187
41 110
41 48
41 534
400 105
292 460
750 27
750 214
596 535
596 536
473 537
558 164
558 10
558 224
558 27
469 227
78 27
483 27
483 182
483 538
483 35
168 89
50 502
50 10
50 399
50 6
50 197
50 233
50 68
50 27
50 539
50 29
632 5
579 25
613 306
463 163
296 540
751 165
751 213
751 23
423 38
423 526
451 2
135 141
135 10
135 110
135 76
135 8
135 23
135 83
135 138
135 27
135 93
135 77
135 37
135 38
135 183
135 541
135 47
135 542
135 57
135 341
135 543
135 367
135 417
641 266
641 544
641 23
641 148
752 545
394 490
394 80
339 76
339 40
339 546
753 464
640 6
640 509
603 339
532 15
121 29
477 35
754 84
27 64
27 372
27 371
27 135
27 105
27 160
27 75
27 137
27 16
27 101
27 335
27 94
27 18
27 252
27 78
27 157
27 492
27 66
27 498
27 214
27 28
27 310
27 197
27 29
27 83
27 84
27 133
27 230
27 307
27 286
27 40
27 547
27 93
27 548
27 39
27 228
27 164
27 49
27 312
27 51
27 52
27 150
27 549
27 367
27 368
27 231
27 8
27 10
27 550
27 551
27 206
27 273
27 106
27 2
27 15
27 378
27 115
27 208
27 17
27 511
27 285
27 213
27 507
27 216
27 552
27 466
27 33
27 328
27 38
27 220
27 553
27 247
27 111
27 266
27 57
27 50
27 554
27 31
27 250
27 71
27 555
27 450
27 90
27 556
27 474
27 152
27 205
27 110
27 11
27 353
27 68
27 519
27 539
27 162
27 211
27 264
27 325
27 26
27 523
27 48
27 557
27 32
27 297
27 558
27 559
27 318
27 219
27 560
27 535
27 47
27 460
27 561
27 6
27 104
27 55
27 0
27 182
27 562
27 563
27 256
27 564
27 204
27 253
27 200
27 343
27 192
27 565
27 144
27 131
27 19
27 566
27 411
27 23
27 212
27 95
27 129
27 434
27 138
27 180
27 80
27 117
27 99
27 37
27 151
27 203
27 45
27 201
27 227
27 415
27 265
27 224
27 567
27 35
27 187
27 568
54 442
54 353
54 84
54 35
32 164
32 526
32 84
32 8
32 105
32 266
32 37
32 183
32 569
32 213
32 27
32 395
32 570
32 202
32 54
755 111
308 201
756 319
176 223
176 207
757 93
453 187
560 27
560 571
257 27
257 187
758 10
253 438
253 27
311 311
311 135
311 572
311 84
311 93
759 266
437 438
437 6
320 84
320 23
320 54
760 27
760 308
760 211
104 13
104 47
55 27
55 18
55 105
55 573
56 105
56 75
570 105
570 266
79 94
7 509
480 346
480 533
480 213
480 574
480 35
480 197
480 335
480 350
546 339
546 554
269 523
664 275
343 27
343 342
192 27
489 575
489 75
489 219
489 77
761 125
130 576
130 130
130 353
762 577
763 478
92 578
92 338
764 536
25 97
25 180
25 29
25 105
25 51
25 579
25 503
25 68
25 35
25 287
25 19
398 580
398 301
398 80
314 0
314 21
314 61
314 23
314 152
4 314
4 84
4 581
582 443
765 59
198 164
198 40
198 105
198 503
198 190
217 38
217 32
443 164
443 27
443 582
443 583
151 164
151 27
151 584
151 549
766 585
767 56
365 27
365 93
290 84
609 586
609 587
609 588
623 389
623 37
224 515
224 208
224 181
224 33
224 266
224 589
224 152
224 23
224 38
224 35
224 68
224 0
224 93
224 310
224 423
224 590
324 591
324 442
324 402
324 286
324 242
324 592
324 15
324 593
567 81
675 152
616 306
616 368
187 77
187 594
187 8
187 66
187 68
187 27
187 509
187 29
187 94
768 164
62 70
282 22
411 27
411 33
73 27
73 219
18 545
18 8
18 105
18 75
18 32
18 66
18 27
18 573
18 84
18 230
18 148
18 481
18 38
18 152
18 548
18 201
18 281
18 47
18 123
18 6
18 52
18 413
18 55
18 367
395 32
112 29
112 504
140 179
345 595
345 105
345 47
345 201
345 427
9 93
655 38
655 297
655 6
375 164
375 372
114 110
535 536
535 596
535 597
535 27
535 423
535 598
535 86
215 38
769 84
769 427
573 55
143 548
143 80
504 519
504 90
504 599
504 82
504 600
409 409
317 601
317 84
317 10
317 23
317 392
317 356
317 286
317 45
317 602
40 84
40 141
40 508
40 198
40 26
40 411
40 359
40 226
40 38
40 339
40 152
40 603
40 48
40 604
40 333
299 113
356 350
287 372
287 8
287 116
287 85
287 23
287 38
287 93
287 184
287 321
287 523
287 0
287 48
536 605
536 273
536 264
536 596
536 266
81 110
81 404
81 201
81 371
81 78
81 5
81 59
81 606
81 22
81 244
81 607
81 27
81 608
81 111
81 386
81 29
81 188
81 48
586 609
249 90
249 399
278 93
401 164
401 80
150 90
150 610
150 84
150 180
150 47
150 59
150 8
150 611
150 213
150 68
150 27
150 294
150 101
306 167
306 612
306 141
306 289
306 613
306 614
306 615
306 616
175 617
367 524
367 84
367 204
770 182
506 183
628 618
10 135
10 502
10 80
10 8
10 379
10 619
10 378
10 82
10 191
10 18
10 492
10 491
10 23
10 244
10 202
10 259
10 213
10 317
10 39
10 84
10 516
10 38
10 27
10 119
10 235
10 266
10 6
10 51
10 150
10 35
10 71
10 277
349 134
349 8
646 47
488 75
476 35
51 164
51 450
51 620
51 19
51 10
51 621
51 105
51 243
51 622
51 25
51 295
51 256
51 35
51 17
51 94
242 38
242 286
242 211
389 623
69 90
771 200
302 209
302 544
302 82
772 33
285 27
213 209
213 281
213 32
213 142
213 516
213 48
213 624
213 90
213 37
213 84
213 150
213 413
213 625
213 10
213 27
213 0
213 347
213 211
213 38
213 3
272 185
430 597
3 516
466 27
466 105
773 89
774 626
774 48
425 402
425 627
775 50
328 27
328 230
328 48
328 120
639 514
608 275
608 28
608 538
608 132
608 47
531 13
618 628
447 447
266 64
266 90
266 327
266 10
266 441
266 533
266 270
266 75
266 341
266 17
266 519
266 457
266 286
266 524
266 29
266 32
266 77
266 37
266 442
266 27
266 45
266 570
266 164
266 536
266 238
266 266
266 224
266 301
266 248
266 52
266 31
266 187
266 188
266 629
776 27
554 27
554 599
554 546
250 27
250 90
225 38
598 535
555 419
555 630
277 76
277 27
277 347
277 227
427 348
427 163
427 47
5 135
5 631
5 180
5 273
5 66
5 419
5 105
5 8
5 632
5 38
5 318
5 233
5 527
5 633
5 68
5 5
5 385
5 48
5 210
556 27
556 634
777 164
777 135
777 84
108 38
108 93
108 8
108 68
108 185
636 264
203 38
203 27
203 118
203 47
110 135
110 88
110 223
110 460
110 29
110 57
110 211
110 114
110 10
110 129
110 195
110 101
438 437
438 54
438 75
438 635
393 129
393 636
393 393
393 80
778 77
132 576
132 135
132 190
132 0
132 31
248 90
191 165
191 93
779 84
779 148
433 637
780 349
781 152
211 135
211 266
211 390
211 110
211 38
211 27
211 213
211 129
211 93
211 287
782 150
782 413
325 638
325 27
325 127
325 42
325 286
325 294
783 425
39 164
39 142
39 51
446 105
784 38
676 237
514 639
34 10
34 640
34 345
34 6
65 19
148 18
148 641
449 642
449 481
376 599
376 164
103 503
103 396
785 135
294 325
206 27
206 38
206 84
206 643
786 644
787 38
787 20
638 54
638 565
614 123
614 306
47 135
47 96
47 645
47 8
47 105
47 646
47 85
47 273
47 160
47 416
47 75
47 32
47 16
47 94
47 18
47 181
47 647
47 648
47 141
47 23
47 211
47 66
47 649
47 138
47 27
47 93
47 29
47 117
47 54
47 519
47 84
47 33
47 80
47 399
47 95
47 216
47 1
47 650
47 38
47 42
47 203
47 162
47 387
47 49
47 6
47 90
47 324
47 607
47 104
47 35
47 188
47 367
47 427
59 76
59 70
59 651
59 81
59 23
59 51
59 38
59 150
59 144
6 437
6 141
6 10
6 105
6 204
6 379
6 533
6 652
6 68
6 82
6 18
6 640
6 493
6 20
6 653
6 210
6 8
6 23
6 244
6 202
6 654
6 491
6 655
6 213
6 656
6 129
6 93
6 29
6 143
6 77
6 22
6 530
6 41
6 27
6 47
6 358
6 287
6 48
6 165
6 222
6 266
6 657
6 658
6 50
6 566
6 35
6 340
788 659
527 579
527 5
527 490
630 27
348 16
348 427
468 27
562 77
502 10
502 50
545 18
545 90
545 47
545 135
545 660
334 77
334 661
241 90
241 117
241 266
599 662
599 504
599 266
599 6
599 663
599 376
599 152
599 286
599 245
200 298
200 355
275 238
275 78
275 33
275 11
275 664
275 185
131 329
131 576
131 57
131 360
131 150
131 27
131 505
87 665
789 287
19 164
19 327
19 84
19 77
19 80
19 666
19 231
19 51
19 52
19 60
19 667
19 668
19 25
19 27
19 89
19 669
19 82
19 429
19 670
20 6
413 118
413 75
172 89
128 599
128 79
424 41
125 671
115 27
115 66
115 29
621 17
117 266
117 327
117 672
117 47
391 673
374 164
374 336
790 105
152 113
152 281
152 387
152 224
152 150
152 674
152 379
152 27
152 40
152 675
152 314
152 82
152 86
237 266
237 287
237 676
48 64
48 289
48 353
48 68
48 72
48 208
48 227
48 199
48 27
48 48
48 662
48 84
48 516
48 390
48 399
48 230
48 217
48 442
48 40
48 548
48 287
48 164
48 677
48 50
48 187
48 155
791 42
792 678
674 54
658 52
622 51
793 84
794 213
406 83
795 615
568 27
326 286
