143 0
681 1
106 2
106 3
106 4
106 5
106 6
106 7
106 8
106 9
106 10
106 11
106 12
106 13
106 14
106 15
106 16
106 17
106 18
106 19
106 20
106 21
106 22
106 23
106 24
106 25
106 26
106 27
106 28
106 29
106 30
106 31
106 32
106 33
106 34
106 35
106 36
106 37
106 38
106 39
572 27
40 40
382 9
632 41
632 42
632 31
632 43
632 44
632 45
319 46
319 47
319 48
682 16
683 49
254 50
254 51
254 52
166 53
166 54
166 55
166 56
166 38
166 57
166 31
166 36
166 58
166 59
166 60
216 61
216 62
216 8
216 63
216 16
216 31
216 64
216 65
216 66
155 50
155 14
155 67
155 16
155 68
583 69
583 70
571 71
240 72
240 73
81 70
81 74
81 75
81 8
81 76
81 77
81 78
81 79
81 80
81 31
81 81
81 20
81 19
81 28
81 82
81 83
81 84
81 85
684 86
305 87
19 88
19 89
19 90
19 91
19 81
19 92
19 20
19 93
19 94
19 95
19 57
19 31
19 96
19 59
19 34
19 97
19 9
19 98
19 38
19 99
19 100
19 101
140 102
140 103
676 59
633 31
633 48
633 45
633 104
599 12
599 105
599 106
599 107
23 106
685 108
448 109
448 110
448 30
306 69
306 111
306 31
306 112
306 83
306 113
111 114
111 115
111 75
111 27
111 4
111 116
111 106
111 117
111 9
111 118
111 96
111 119
111 120
111 121
111 38
111 30
111 122
111 11
111 123
78 124
78 70
78 125
78 31
78 81
78 126
78 127
686 128
686 129
411 47
411 130
608 31
608 131
157 132
157 21
157 8
157 133
220 4
220 29
220 134
220 135
613 136
373 137
348 70
612 70
568 31
568 138
412 53
451 20
336 139
336 28
103 4
103 140
103 3
162 10
162 17
687 141
688 8
0 142
0 143
0 26
0 144
0 145
0 146
0 147
0 148
0 16
0 31
0 43
0 149
0 20
0 47
0 8
0 150
0 22
0 151
187 152
187 153
187 20
689 31
689 77
637 31
14 154
14 90
14 107
14 155
535 156
132 157
366 158
366 159
690 57
256 160
256 20
10 161
10 162
10 106
10 70
10 16
10 36
10 163
10 164
10 44
10 165
146 114
146 146
146 22
146 70
146 4
146 166
146 106
146 59
146 167
146 77
146 31
146 0
146 168
146 17
146 169
146 122
146 170
222 142
222 171
222 172
222 9
222 118
222 36
222 0
222 173
222 17
222 20
222 109
222 106
231 174
231 175
231 176
231 16
231 177
231 178
231 179
231 127
691 12
367 180
367 20
367 181
367 173
692 182
692 109
623 183
693 36
694 38
631 125
269 47
269 53
269 84
269 184
269 16
482 20
276 8
276 185
276 133
276 186
276 9
276 187
276 59
276 188
148 0
148 65
695 189
560 190
560 28
353 191
353 38
468 192
468 6
197 193
197 26
197 144
197 194
197 77
197 172
197 42
197 195
197 31
197 158
197 110
197 95
197 127
197 109
696 107
651 196
195 197
195 113
195 198
195 40
195 57
350 199
350 200
350 201
350 44
350 19
350 83
350 202
191 72
191 26
191 69
291 82
291 203
543 47
174 26
224 204
224 205
224 206
224 207
224 69
224 208
224 79
224 147
224 82
224 20
224 209
224 8
224 27
224 31
224 210
224 44
224 211
224 107
224 180
224 212
224 213
224 214
438 210
697 215
697 77
63 216
63 217
63 218
63 36
63 219
573 203
698 149
134 220
699 22
173 221
173 8
173 31
173 222
173 28
173 22
700 223
701 224
444 20
444 69
79 47
79 224
79 166
79 81
470 48
470 149
478 171
478 225
478 226
585 70
585 69
585 227
313 228
313 2
313 26
313 229
313 31
313 230
313 11
127 31
127 231
127 197
272 12
272 199
272 26
272 232
272 16
272 233
272 149
272 83
273 16
702 234
323 8
323 4
323 235
323 9
323 26
323 119
331 236
331 237
331 107
331 4
331 106
331 238
331 42
331 83
331 239
331 43
331 18
331 20
331 82
331 7
331 125
331 119
516 90
516 70
72 33
72 240
72 191
703 20
704 241
481 242
481 243
481 38
347 237
347 8
415 244
415 245
415 208
415 204
415 246
415 247
648 180
648 248
648 77
648 4
648 242
648 237
648 16
648 9
648 192
648 70
648 249
453 20
705 81
705 41
705 224
705 165
706 237
486 179
303 2
303 250
303 251
455 20
129 252
505 16
707 12
707 69
51 4
51 253
51 254
214 255
708 192
39 106
301 9
160 256
160 33
433 255
440 20
308 257
308 258
308 259
308 128
308 149
308 260
413 53
413 26
404 47
404 31
404 88
168 165
168 22
168 27
168 77
126 261
625 262
296 53
296 263
296 26
296 11
296 71
614 264
76 31
76 81
76 265
16 2
16 224
16 192
16 266
16 43
16 149
16 38
16 183
16 166
16 12
16 216
16 137
16 267
16 10
16 268
16 269
16 52
16 270
16 271
16 17
16 47
16 20
16 272
16 21
16 273
16 1
16 274
16 71
16 236
16 275
16 8
16 200
16 27
16 276
16 277
16 278
16 279
16 31
16 82
16 128
16 59
16 280
16 281
16 85
16 107
16 180
16 142
16 33
16 248
16 133
16 70
16 282
16 237
16 97
16 283
16 36
16 0
16 284
16 285
16 83
16 286
574 27
629 287
626 11
626 165
58 8
82 12
82 180
82 15
82 288
82 289
82 16
82 9
82 290
82 81
82 291
82 20
82 292
82 85
709 210
84 81
84 29
84 293
541 143
541 294
541 123
541 27
329 135
329 164
329 1
267 142
267 8
267 145
267 26
267 125
267 95
267 295
267 163
267 158
267 59
267 296
267 119
267 297
342 226
617 298
57 299
57 33
57 26
57 282
57 56
57 237
57 133
57 300
57 158
57 43
57 301
57 19
57 137
57 1
532 2
710 302
250 303
512 50
512 304
512 194
55 166
436 8
436 149
436 267
436 301
436 60
436 204
436 54
436 49
436 36
436 305
436 92
436 19
436 166
436 11
711 306
712 8
420 190
260 307
260 31
260 308
375 180
311 97
311 113
345 309
345 8
345 68
502 237
502 310
502 165
218 63
325 203
325 311
618 118
255 47
255 4
255 214
255 79
255 20
713 312
230 313
230 83
114 111
114 314
114 146
114 279
74 315
74 316
4 224
4 317
4 3
4 318
4 319
4 97
4 149
4 202
4 12
4 69
4 146
4 320
4 321
4 322
4 20
4 22
4 8
4 323
4 57
4 31
4 59
4 220
4 324
4 70
4 77
4 325
4 326
4 9
4 95
4 51
4 327
714 237
164 180
164 328
164 329
164 31
164 330
164 59
164 83
164 21
164 10
621 287
45 31
45 331
45 41
567 332
567 333
567 71
511 224
677 59
715 16
13 2
13 27
13 70
13 31
13 178
13 166
13 281
13 165
554 334
554 22
554 43
554 335
217 252
217 165
139 163
139 336
139 149
163 139
163 22
163 10
163 119
163 267
368 180
1 331
1 9
1 16
1 97
1 77
8 337
8 224
8 338
8 4
8 106
8 59
8 226
8 16
8 0
8 330
8 339
8 9
8 166
8 340
8 69
8 13
8 245
8 341
8 91
8 154
8 321
8 270
8 81
8 17
8 58
8 342
8 47
8 20
8 21
8 22
8 343
8 119
8 344
8 275
8 26
8 323
8 331
8 285
8 258
8 278
8 345
8 31
8 346
8 196
8 44
8 347
8 157
8 33
8 225
8 223
8 348
8 70
8 201
8 15
8 197
8 97
8 349
8 350
8 36
8 210
8 351
8 38
8 352
8 110
200 350
200 69
200 353
200 16
200 191
15 354
15 8
15 106
15 16
15 355
15 82
15 11
435 92
716 356
716 8
716 357
716 70
717 4
717 22
717 204
717 3
128 358
128 59
110 356
110 359
110 360
110 308
379 9
428 361
718 362
609 363
180 224
180 86
180 88
180 332
180 4
180 363
180 333
180 149
180 364
180 166
180 365
180 366
180 16
180 367
180 82
180 368
180 369
180 115
180 8
180 370
180 331
180 125
180 32
180 31
180 371
180 372
180 41
180 373
180 374
180 142
180 375
180 70
180 9
180 118
180 292
644 47
644 376
587 69
569 290
569 377
569 9
477 62
477 26
477 378
477 202
9 114
9 224
9 379
9 380
9 3
9 4
9 106
9 2
9 222
9 299
9 381
9 382
9 205
9 330
9 301
9 12
9 383
9 172
9 16
9 384
9 322
9 82
9 20
9 334
9 385
9 22
9 125
9 119
9 47
9 276
9 8
9 323
9 331
9 386
9 275
9 131
9 133
9 31
9 19
9 358
9 44
9 387
9 388
9 180
9 33
9 389
9 36
9 390
9 38
9 292
659 391
154 8
154 69
544 77
99 19
99 200
100 19
121 111
121 392
494 346
494 393
719 31
492 394
363 93
363 166
636 191
720 395
720 396
603 397
309 321
48 31
48 302
48 27
48 104
48 254
206 337
206 224
206 31
430 152
430 95
721 277
172 180
172 194
172 197
172 9
172 222
172 50
172 54
172 398
722 111
722 8
445 20
445 203
445 125
445 2
723 145
425 399
425 27
565 400
194 8
194 267
194 77
194 111
194 17
194 38
194 20
194 173
194 71
724 3
725 9
725 329
725 401
278 183
278 33
278 278
278 168
278 44
278 10
726 149
656 144
387 402
727 50
728 8
454 20
253 51
193 403
193 197
193 70
161 26
161 43
116 111
116 77
41 180
41 41
41 63
41 404
41 31
41 405
41 47
41 45
326 334
326 326
606 270
358 338
358 406
358 16
358 28
102 275
487 407
487 179
487 69
171 210
171 199
171 10
171 137
171 171
729 408
153 409
153 26
153 69
153 410
153 146
153 262
153 411
302 199
302 8
302 42
178 53
178 13
178 79
178 149
178 238
178 20
178 165
642 31
545 26
53 12
53 201
53 106
53 91
53 412
53 109
53 413
53 158
53 410
53 296
53 359
457 133
107 119
107 97
107 70
730 414
109 53
208 224
208 415
42 62
42 416
42 302
42 197
42 31
42 81
42 319
42 203
731 417
85 62
85 418
85 282
85 152
85 16
85 81
85 82
85 123
421 170
622 419
190 420
170 81
170 75
170 146
170 421
170 165
732 422
5 423
5 106
410 53
410 20
410 424
410 16
410 97
399 425
277 16
277 69
196 26
733 289
372 180
372 42
372 321
372 319
372 210
372 426
339 427
402 92
734 297
485 27
423 5
423 29
423 11
553 47
553 133
361 428
735 429
735 404
735 347
266 12
266 33
266 155
736 117
95 430
95 86
95 431
95 26
95 3
95 27
95 79
95 97
95 321
95 31
95 237
95 197
95 19
83 86
83 26
83 69
83 306
83 16
83 30
83 350
83 210
83 112
83 164
83 44
83 28
83 47
83 20
83 252
83 230
673 111
54 104
54 27
54 383
54 16
54 145
533 2
533 432
533 70
537 271
737 59
738 16
738 9
246 183
246 415
246 3
246 97
246 9
441 26
441 98
739 334
523 47
740 30
741 50
589 212
589 433
742 118
245 415
245 8
743 241
650 338
167 322
167 70
384 9
655 434
744 38
92 227
92 435
92 77
92 204
92 158
92 436
92 19
92 437
210 20
210 427
210 438
210 10
210 65
20 439
20 2
20 171
20 338
20 4
20 106
20 124
20 440
20 441
20 187
20 331
20 442
20 69
20 443
20 145
20 256
20 444
20 16
20 234
20 81
20 445
20 322
20 147
20 19
20 446
20 21
20 447
20 351
20 47
20 12
20 448
20 8
20 27
20 410
20 367
20 57
20 30
20 31
20 82
20 128
20 151
20 44
20 83
20 133
20 449
20 450
20 451
20 452
20 453
20 224
20 454
20 9
20 118
20 239
20 455
20 255
20 456
20 213
20 165
20 3
20 294
564 18
94 19
94 27
471 236
471 149
745 57
670 427
670 38
746 381
542 77
133 12
133 224
133 457
133 26
133 311
133 57
133 59
133 20
133 458
594 459
252 12
252 222
252 69
252 77
252 460
252 204
252 217
252 129
252 461
252 252
252 274
578 27
122 4
122 146
122 70
449 270
449 20
449 31
680 462
680 463
175 464
175 16
175 119
175 349
241 152
241 224
241 149
241 3
747 11
748 224
749 108
359 53
359 27
359 110
359 70
165 13
165 70
165 226
165 31
165 47
165 20
165 11
439 20
493 346
465 465
465 80
530 304
530 2
530 466
530 69
596 12
491 467
491 422
491 3
538 47
750 1
6 468
6 122
6 26
6 344
6 68
149 224
149 465
149 469
149 139
149 4
149 333
149 308
149 48
149 69
149 16
149 470
149 270
149 271
149 47
149 471
149 472
149 26
149 473
149 27
149 257
149 331
149 131
149 31
149 372
149 474
149 110
149 475
149 401
149 70
149 241
149 97
149 9
149 118
149 359
149 476
751 97
202 12
202 477
752 354
752 42
135 356
340 8
365 180
753 478
68 2
68 479
68 155
68 345
68 262
68 6
68 480
68 38
68 47
68 378
56 237
56 166
56 11
242 481
242 242
242 331
528 31
668 2
668 33
668 357
668 145
215 482
215 215
754 483
754 484
754 485
179 29
179 394
179 486
179 97
179 270
179 487
619 118
93 50
93 4
93 36
93 31
396 41
755 26
615 282
756 20
531 2
531 488
531 217
275 26
275 489
275 490
275 102
275 491
275 16
275 9
275 38
275 47
275 8
275 22
757 492
30 111
30 20
30 106
346 493
346 8
346 194
346 3
346 167
346 204
346 358
346 297
346 26
346 494
758 31
158 366
158 69
158 267
158 70
158 495
158 197
158 496
158 158
158 59
158 92
158 20
602 16
169 146
658 131
759 465
760 127
33 72
33 26
33 153
33 363
33 331
33 497
33 119
33 44
33 92
33 82
33 20
33 459
33 123
431 292
431 95
761 31
227 47
227 498
227 77
762 183
763 256
653 280
653 16
653 123
498 499
498 197
513 50
292 369
292 82
330 8
330 31
330 164
330 129
330 26
330 123
332 47
86 180
86 8
86 500
86 146
86 52
86 158
86 149
86 95
86 313
86 20
86 159
237 501
237 306
237 502
237 54
237 57
237 16
237 31
237 56
237 22
237 247
237 331
237 494
3 2
3 103
3 4
3 491
3 503
3 50
3 26
3 173
3 12
3 306
3 504
3 20
3 22
3 8
3 267
3 27
3 95
3 232
3 31
3 346
3 59
3 188
3 324
3 70
3 241
3 36
3 505
3 38
3 462
3 356
46 319
46 8
318 2
318 317
318 161
519 114
519 506
519 16
519 47
519 436
519 166
223 8
223 507
223 125
223 508
223 205
223 509
223 510
764 14
764 511
461 82
50 21
50 155
50 70
50 131
50 148
50 512
50 59
50 513
50 22
50 514
50 515
466 3
765 20
90 19
90 516
90 14
638 47
539 47
766 47
497 33
584 376
293 302
293 84
767 2
552 96
322 75
322 152
322 28
322 517
322 488
322 59
322 20
322 9
147 20
147 517
147 224
768 518
768 322
768 519
159 366
769 109
360 110
394 179
394 492
394 88
394 520
257 149
257 308
507 507
507 521
507 522
289 24
289 153
289 27
289 152
289 106
289 1
289 118
289 36
289 523
289 82
289 524
232 2
232 272
232 3
601 12
601 183
601 252
601 525
770 282
628 31
238 331
639 31
281 16
432 29
771 16
124 11
666 70
506 362
506 519
315 111
315 445
315 98
315 57
315 69
177 270
177 462
65 210
65 332
65 59
65 148
65 11
772 108
773 247
774 526
2 527
2 3
2 89
2 318
2 205
2 97
2 459
2 528
2 529
2 445
2 313
2 20
2 530
2 531
2 289
2 232
2 532
2 47
2 110
2 180
2 70
2 533
2 303
2 9
2 436
75 27
75 111
75 131
75 371
75 300
75 81
75 170
75 50
75 322
259 534
259 70
259 149
259 308
775 472
605 270
378 17
442 20
442 302
442 11
442 97
199 31
199 171
199 350
199 505
199 59
199 272
199 11
450 20
450 130
450 78
416 42
416 535
243 536
520 33
520 8
520 206
295 12
295 267
776 247
271 537
271 149
777 12
47 332
47 153
47 376
47 2
47 4
47 106
47 519
47 538
47 404
47 319
47 92
47 149
47 183
47 8
47 14
47 12
47 188
47 539
47 13
47 68
47 146
47 16
47 305
47 540
47 20
47 119
47 442
47 25
47 541
47 473
47 27
47 275
47 131
47 542
47 314
47 31
47 411
47 338
47 41
47 260
47 180
47 133
47 70
47 227
47 138
47 9
47 36
47 0
47 83
47 543
778 408
119 175
119 33
119 8
119 107
119 79
119 9
119 163
119 17
119 47
119 140
119 165
26 62
26 3
26 4
26 106
26 433
26 488
26 544
26 43
26 545
26 296
26 84
26 535
26 12
26 199
26 383
26 473
26 47
26 127
26 546
26 191
26 275
26 267
26 323
26 111
26 331
26 95
26 131
26 196
26 31
26 547
26 59
26 548
26 33
26 549
26 304
26 477
26 97
26 9
26 550
26 36
26 297
26 28
26 83
26 123
370 180
779 77
460 252
508 551
508 535
508 314
780 36
96 300
96 106
96 552
96 333
226 4
226 342
226 165
226 54
226 77
44 338
44 8
44 69
44 27
44 3
44 553
44 77
44 224
44 215
44 9
44 350
44 278
44 20
44 252
335 554
503 3
503 38
503 322
503 165
524 69
524 138
452 555
452 20
381 556
381 113
225 22
225 478
225 8
225 149
304 557
304 8
304 106
304 59
304 558
304 512
304 417
304 559
201 12
201 350
317 318
317 220
317 3
595 459
595 123
781 338
782 542
28 142
28 26
28 27
28 106
28 177
28 81
28 358
28 560
28 344
28 59
28 84
28 22
28 173
28 119
783 561
298 69
352 337
784 562
501 319
18 563
18 106
18 522
18 31
18 564
18 476
400 4
400 59
400 565
400 20
204 338
204 415
204 97
204 346
204 92
204 436
204 566
204 567
138 47
138 57
138 568
785 356
785 3
786 183
787 521
787 106
788 272
788 133
592 108
592 14
592 88
364 180
671 38
290 569
789 12
790 367
490 275
575 224
575 27
791 297
792 476
71 26
71 570
71 194
71 571
71 16
71 9
71 270
71 50
71 296
71 451
71 567
21 8
21 69
21 106
21 59
21 16
21 164
21 157
21 169
21 20
21 10
21 202
447 20
793 304
207 224
207 377
207 59
25 106
25 394
229 313
570 71
27 224
27 572
27 438
27 3
27 152
27 106
27 573
27 488
27 168
27 149
27 11
27 69
27 13
27 208
27 16
27 574
27 575
27 576
27 305
27 4
27 47
27 20
27 191
27 26
27 357
27 27
27 577
27 38
27 289
27 80
27 425
27 44
27 59
27 578
27 485
27 579
27 48
27 580
27 9
27 350
27 36
27 28
27 158
27 359
27 581
386 192
386 70
80 354
80 81
80 465
80 209
80 582
547 174
69 224
69 153
69 106
69 166
69 583
69 444
69 408
69 584
69 585
69 20
69 21
69 530
69 8
69 200
69 27
69 516
69 586
69 31
69 371
69 70
69 158
69 59
69 524
69 587
69 227
69 77
69 118
69 154
69 362
69 191
69 298
69 487
137 53
137 338
137 171
137 588
137 142
137 16
137 9
137 36
137 149
137 414
137 373
604 270
794 208
328 8
328 26
328 164
212 31
212 224
212 158
212 589
212 59
392 122
392 17
392 121
422 331
181 20
536 243
561 590
561 331
561 591
561 177
561 31
561 92
417 304
417 26
108 592
213 462
213 106
213 28
101 19
795 334
796 373
797 9
459 414
459 33
459 593
459 594
459 595
12 3
12 4
12 106
12 596
12 597
12 130
12 53
12 68
12 408
12 16
12 295
12 318
12 82
12 598
12 599
12 27
12 600
12 57
12 601
12 47
12 602
12 20
12 252
12 133
12 175
12 70
12 201
12 83
62 26
62 477
62 603
62 164
62 59
62 85
403 193
383 287
383 54
383 306
678 212
678 22
341 12
408 12
408 125
270 207
270 604
270 605
270 4
270 16
270 177
270 71
270 149
270 152
270 449
270 11
270 606
504 3
344 8
344 607
649 67
649 149
649 608
540 36
540 131
385 12
385 601
385 57
385 9
369 180
369 609
115 180
473 26
473 69
473 4
473 9
473 275
473 52
473 314
473 149
473 206
473 210
473 220
473 470
611 610
611 137
611 22
611 611
634 31
634 231
634 268
634 16
627 17
32 20
798 612
474 158
136 613
136 26
598 12
799 26
324 31
324 33
324 3
635 31
29 476
251 303
264 614
282 615
282 346
282 616
282 57
282 85
800 77
97 2
97 465
97 4
97 204
97 43
97 149
97 26
97 442
97 107
97 16
97 47
97 556
97 22
97 1
97 8
97 267
97 27
97 231
97 617
97 289
97 19
97 158
97 524
97 142
97 49
97 95
97 298
118 180
118 149
118 227
118 111
118 77
118 618
118 619
118 20
118 475
118 1
118 69
36 3
36 4
36 106
36 164
36 620
36 166
36 16
36 163
36 210
36 93
36 27
36 275
36 289
36 31
36 59
36 137
36 33
36 533
36 197
36 9
36 222
36 83
36 165
274 252
274 26
274 16
274 406
495 158
414 137
414 44
414 153
414 118
414 619
414 621
414 459
419 622
123 338
123 505
123 111
123 595
123 330
123 149
123 20
183 47
183 224
183 334
183 623
183 16
801 12
152 430
152 461
152 241
152 289
152 270
152 358
152 322
152 149
152 59
152 85
152 165
333 180
333 153
333 304
333 300
333 597
333 96
333 38
333 82
333 165
802 120
802 624
802 183
24 106
262 86
262 153
262 625
526 50
203 31
203 331
203 325
203 38
616 282
803 59
11 442
11 423
11 199
11 15
11 111
11 56
11 106
11 27
11 91
11 57
11 441
11 141
11 626
11 338
11 313
11 31
145 267
233 381
233 272
576 59
17 31
17 371
17 627
17 194
17 162
437 92
334 628
334 183
334 326
334 9
510 510
234 20
287 383
287 63
287 629
287 630
287 621
287 487
312 491
125 631
125 445
125 27
125 9
804 616
805 498
156 535
31 114
31 338
31 106
31 382
31 632
31 330
31 149
31 84
31 166
31 216
31 188
31 528
31 81
31 633
31 180
31 306
31 15
31 634
31 275
31 324
31 635
31 568
31 9
31 123
31 3
31 318
31 636
31 109
31 266
31 97
31 206
31 637
31 14
31 11
31 130
31 90
31 638
31 145
31 146
31 17
31 78
31 95
31 628
31 639
31 142
31 77
31 640
31 197
31 641
31 224
31 171
31 642
31 173
31 442
31 199
31 520
31 260
31 4
31 47
31 127
31 22
31 119
31 643
31 434
31 26
31 331
31 96
31 41
31 70
31 0
31 28
31 83
31 503
31 441
31 69
31 76
31 16
31 55
31 20
31 472
31 27
31 600
31 425
31 59
31 449
31 85
31 618
31 213
376 644
376 645
665 70
806 19
517 374
517 322
517 646
142 180
142 338
142 26
142 194
142 16
142 97
142 31
142 322
142 137
142 643
807 544
77 224
77 4
77 106
77 226
77 544
77 69
77 146
77 408
77 81
77 647
77 147
77 648
77 22
77 1
77 26
77 288
77 117
77 131
77 542
77 31
77 220
77 180
77 336
77 197
77 54
67 649
67 155
808 8
239 20
672 0
672 69
672 38
356 146
356 110
327 371
581 27
354 38
338 24
338 142
338 604
338 54
338 166
338 106
338 650
338 57
338 651
338 31
338 358
338 110
338 82
338 20
338 137
338 22
338 123
418 85
89 19
89 2
299 331
299 57
299 9
192 468
192 101
192 16
192 9
60 16
488 27
809 304
664 70
43 632
43 442
43 161
43 331
43 57
43 97
43 16
43 626
43 0
43 149
43 26
43 554
43 123
810 301
7 652
280 653
443 20
321 8
321 70
321 4
321 3
321 322
321 252
300 472
300 267
300 70
300 386
300 131
300 204
300 57
300 300
300 96
300 110
300 1
300 475
300 333
407 487
515 71
397 224
397 166
397 654
397 603
141 442
141 88
209 180
209 74
434 31
434 655
144 656
406 2
406 358
406 106
406 59
117 538
117 41
117 77
131 197
131 8
131 149
131 77
131 38
131 81
131 657
131 300
131 528
131 75
131 608
131 540
131 47
131 658
131 45
131 209
391 659
37 141
37 106
37 660
37 661
811 106
811 92
548 86
812 662
813 20
813 150
475 118
475 300
475 386
388 663
388 123
388 9
814 194
70 224
70 3
70 106
70 308
70 664
70 149
70 50
70 10
70 12
70 69
70 13
70 583
70 56
70 146
70 167
70 321
70 81
70 271
70 20
70 22
70 8
70 323
70 386
70 275
70 31
70 158
70 665
70 59
70 16
70 122
70 449
70 180
70 348
70 279
70 282
70 533
70 227
70 359
70 666
70 165
566 77
566 26
566 204
566 27
815 106
815 667
657 131
816 44
817 250
818 488
150 0
150 22
286 20
286 205
286 322
286 16
294 20
294 541
337 8
337 237
337 352
337 167
337 206
88 180
88 77
88 4
88 141
88 19
88 404
88 425
88 592
380 9
819 48
652 7
205 224
205 197
205 9
820 197
268 16
268 30
821 69
822 30
357 29
357 59
357 668
357 27
674 59
823 70
646 220
646 517
529 2
349 8
824 69
236 11
236 16
236 471
825 669
826 594
661 583
38 374
38 670
38 8
38 194
38 13
38 3
38 267
38 60
38 106
38 671
38 36
38 313
38 358
38 672
38 149
38 19
38 20
38 673
38 166
38 54
38 354
151 0
151 59
151 145
279 114
279 70
279 106
279 16
279 9
279 31
59 62
59 3
59 152
59 400
59 576
59 168
59 592
59 526
59 203
59 166
59 207
59 199
59 69
59 674
59 16
59 300
59 217
59 675
59 26
59 4
59 19
59 20
59 676
59 21
59 22
59 677
59 448
59 8
59 27
59 128
59 158
59 151
59 41
59 33
59 70
59 304
59 534
59 580
59 9
59 36
59 255
59 65
59 164
59 165
307 224
827 278
22 189
22 171
22 88
22 3
22 4
22 106
22 433
22 168
22 50
22 84
22 173
22 69
22 678
22 146
22 163
22 598
22 8
22 611
22 275
22 131
22 31
22 59
22 225
22 77
22 237
22 97
22 9
371 180
371 69
534 670
534 82
828 12
297 237
297 26
284 16
462 124
462 679
462 491
462 299
462 463
462 20
462 213
462 680
476 149
829 188
