308 0
418 1
418 2
35 3
35 4
35 5
35 6
35 7
35 8
35 9
35 10
35 1
35 11
35 0
35 12
35 13
35 14
35 15
35 16
35 17
35 18
35 19
35 20
35 21
35 22
35 23
35 24
35 25
35 26
395 27
405 28
405 29
405 30
129 31
129 32
129 33
129 34
609 22
508 10
6 35
631 36
306 37
306 38
306 21
306 39
306 40
306 10
306 41
306 8
97 42
303 10
303 43
303 44
437 45
437 46
316 47
24 12
24 48
24 49
24 50
24 16
24 51
24 23
24 52
24 53
24 54
24 21
24 55
24 56
24 57
24 58
24 10
24 59
24 35
235 60
454 21
454 51
454 61
409 62
409 31
409 63
632 64
633 65
340 12
386 21
386 66
386 41
634 12
59 67
59 68
59 24
19 69
19 70
19 35
19 71
19 72
19 7
19 21
19 73
19 74
19 10
19 1
19 75
272 50
272 13
272 76
272 77
272 78
272 7
272 10
272 79
188 80
635 81
192 50
426 82
415 83
373 5
373 84
451 12
451 31
451 3
451 85
451 86
451 87
451 88
451 23
451 89
451 90
451 91
451 92
451 10
451 13
451 93
636 83
502 94
502 95
502 43
502 47
502 10
502 38
637 47
229 10
229 7
229 96
42 97
42 98
42 51
108 99
638 2
173 48
173 100
85 101
85 102
85 103
85 104
81 105
313 78
313 106
313 107
313 63
471 21
99 10
99 108
329 109
329 63
639 110
640 111
505 112
162 53
162 113
162 114
162 115
162 116
162 117
162 47
162 118
162 119
162 1
162 120
162 81
162 121
641 73
61 101
61 48
61 86
61 122
61 123
61 124
61 125
61 126
61 127
61 128
61 129
61 130
61 131
61 132
61 7
61 133
61 134
61 135
61 10
61 136
61 137
61 138
61 73
61 139
61 42
61 140
61 30
61 141
61 142
61 143
61 144
61 115
61 75
61 145
61 146
61 70
61 23
61 51
61 147
61 148
61 149
61 150
642 151
190 121
643 10
336 12
336 21
336 152
336 7
336 23
482 31
482 153
482 154
482 21
482 24
482 155
644 41
645 156
645 2
646 157
646 149
317 135
417 141
507 10
507 31
257 7
257 158
257 28
257 10
257 41
257 38
647 159
448 3
53 160
53 161
53 24
53 162
301 10
301 12
301 132
301 163
551 164
321 10
321 5
321 165
321 166
321 167
248 83
248 158
248 168
244 12
335 12
335 65
335 47
335 169
48 22
48 170
48 171
48 172
48 23
48 24
48 86
48 25
48 141
48 53
48 173
48 10
48 1
48 174
48 175
648 176
649 25
439 177
4 50
4 178
4 179
4 18
125 61
650 180
80 181
80 103
80 182
80 183
80 184
80 132
80 185
80 186
80 187
80 188
80 174
121 189
121 190
121 191
121 192
121 193
121 194
121 195
121 196
121 197
121 198
121 199
121 179
121 200
121 162
121 10
121 1
366 201
366 40
594 50
594 202
594 203
594 204
594 205
594 21
651 206
622 60
622 207
622 174
118 31
118 208
118 209
118 210
118 184
118 211
118 113
118 5
119 212
119 118
119 7
119 213
119 214
119 215
119 120
420 21
420 1
420 216
370 12
370 48
370 217
370 218
370 219
370 10
370 1
370 220
494 10
494 221
494 102
494 222
494 223
195 134
652 224
619 218
619 23
619 225
14 221
14 51
14 13
14 226
14 227
14 35
14 52
14 21
14 152
14 73
14 39
14 41
14 38
14 228
516 10
516 12
96 10
96 229
653 161
654 230
655 35
237 231
237 232
403 233
403 10
403 25
403 234
403 31
60 21
60 207
60 235
656 31
657 7
658 132
474 236
474 237
539 238
196 50
196 86
196 184
196 132
196 239
196 240
196 21
196 149
196 10
196 1
196 241
196 242
196 243
659 237
660 83
660 86
661 244
462 245
662 14
561 105
396 150
472 246
311 247
663 241
663 248
486 50
7 232
7 31
7 3
7 249
7 250
7 35
7 251
7 50
7 252
7 115
7 47
7 253
7 254
7 255
7 8
7 202
7 256
7 94
7 257
7 75
7 161
7 258
7 259
7 260
7 78
7 0
7 73
7 118
7 10
7 261
7 120
7 262
7 61
7 12
7 229
7 263
7 63
7 195
7 86
7 71
7 264
7 112
7 205
7 265
7 1
7 266
7 267
7 200
7 268
7 214
7 269
7 270
7 33
7 271
7 21
7 272
7 273
7 23
7 274
7 275
7 25
7 276
7 277
7 223
7 155
7 278
7 279
7 280
7 281
7 282
7 26
7 283
664 284
102 10
102 85
102 38
562 285
665 168
273 286
273 13
273 287
273 35
273 80
273 200
273 10
273 120
666 288
667 95
398 10
398 156
398 3
398 289
398 18
378 66
378 10
378 167
378 290
378 291
15 292
15 293
15 35
15 25
15 294
15 109
15 10
15 75
15 275
477 16
477 295
525 31
525 47
203 3
203 296
203 83
203 1
203 47
203 74
203 10
203 280
203 297
526 10
205 160
205 48
205 298
205 33
205 50
205 299
205 185
205 7
205 300
205 116
205 301
205 31
205 164
205 302
205 283
44 303
44 1
44 304
668 50
668 305
595 29
549 306
464 307
669 24
20 292
20 308
20 23
20 309
20 239
20 10
20 41
328 175
557 310
247 35
247 311
247 232
670 312
671 178
671 176
672 219
107 313
673 41
673 211
673 314
673 315
673 29
673 316
673 255
467 51
467 317
467 318
342 12
406 28
406 75
281 7
281 149
568 141
428 21
428 319
428 294
428 157
251 7
165 320
165 23
165 14
165 232
165 47
165 321
165 10
165 280
323 322
323 323
259 21
259 1
259 22
259 7
674 256
400 72
400 306
400 276
400 26
400 155
675 276
676 312
583 21
583 324
407 8
407 242
677 325
678 272
587 21
587 23
312 172
267 326
267 261
267 327
267 7
267 232
109 328
109 329
109 330
109 15
109 206
109 331
109 222
260 25
260 332
679 333
49 10
49 334
12 335
12 31
12 185
12 184
12 52
12 253
12 66
12 130
12 336
12 7
12 337
12 10
12 1
12 24
12 263
12 63
12 338
12 74
12 339
12 158
12 340
12 269
12 22
12 23
12 41
12 25
12 341
12 26
12 149
12 342
12 150
12 244
55 341
55 24
55 219
55 63
680 343
680 255
277 7
681 344
341 55
341 345
341 149
682 346
254 28
254 331
254 141
254 64
227 14
227 47
243 1
217 273
217 1
217 241
217 113
183 80
683 41
115 347
115 231
115 348
115 25
115 21
115 113
115 349
115 10
326 154
326 41
326 7
326 63
684 267
684 349
436 292
58 350
58 184
58 351
58 115
58 28
58 352
58 58
58 21
58 19
58 24
503 10
623 124
623 135
186 80
186 353
685 19
447 354
447 41
47 21
47 32
47 355
47 237
47 203
47 35
47 25
47 7
47 356
47 232
47 265
47 357
47 162
47 238
47 358
47 19
47 165
362 160
686 10
686 119
686 152
686 359
686 149
687 10
688 104
180 10
180 31
180 360
160 160
160 210
160 361
160 100
160 35
160 205
160 21
160 294
160 47
160 362
160 1
160 10
160 280
160 345
160 363
347 113
347 115
689 306
455 265
455 364
171 21
171 31
171 105
171 361
171 43
112 50
112 65
424 11
17 35
17 41
17 219
144 61
144 365
157 48
475 178
475 58
475 208
475 149
70 10
70 19
70 61
130 50
130 132
130 346
130 7
201 366
690 367
309 20
249 7
219 50
219 28
219 231
219 368
219 369
219 47
219 10
219 1
219 370
219 371
219 30
219 372
219 21
219 59
219 55
219 191
219 202
219 23
219 373
219 374
219 375
219 282
691 28
574 113
553 63
692 234
692 187
692 376
512 10
512 7
293 10
293 50
293 15
293 77
397 10
397 68
397 25
397 132
397 325
104 280
104 178
104 25
346 377
346 346
346 130
291 10
291 378
291 379
602 153
602 232
604 234
693 343
693 258
94 83
94 63
334 21
334 75
334 380
334 49
694 269
365 279
297 203
297 306
297 381
297 104
297 382
528 10
528 153
528 345
528 41
528 23
461 113
695 29
696 59
240 306
240 23
95 50
95 22
95 94
402 10
402 210
402 63
402 300
402 1
187 383
187 353
187 186
187 234
187 384
187 10
187 272
517 10
111 160
111 31
111 171
111 25
111 232
111 385
111 386
111 349
111 126
111 215
111 1
111 221
111 282
274 236
274 7
69 48
589 21
697 205
576 380
576 81
698 52
550 63
68 59
699 10
699 80
280 3
280 104
280 387
280 116
280 165
280 255
280 388
280 7
280 389
280 73
280 343
280 390
280 391
280 168
280 203
280 363
280 21
280 10
280 292
280 51
280 392
280 393
280 394
280 242
27 395
150 12
150 361
150 184
150 396
150 21
150 10
150 397
150 398
26 12
26 31
26 35
26 7
26 158
26 399
26 400
26 10
26 401
26 5
700 333
521 10
300 31
300 402
300 10
300 1
300 403
300 174
28 75
28 210
28 257
28 404
28 405
28 51
28 25
28 219
28 202
28 21
28 10
28 254
28 73
28 200
28 58
28 343
28 1
28 406
28 232
28 41
459 113
459 51
84 373
8 407
8 306
8 132
8 408
8 7
212 119
701 31
62 31
62 409
132 271
132 410
132 397
132 63
132 411
132 25
132 246
132 7
132 83
132 301
132 68
132 412
132 137
132 164
132 8
132 357
168 31
168 236
168 413
168 21
168 414
168 215
168 280
168 248
211 10
211 21
211 1
211 211
211 184
83 50
83 141
83 203
83 415
83 132
83 408
83 296
83 158
83 83
83 248
538 50
538 63
597 416
496 417
496 305
496 1
496 23
343 3
343 168
343 184
343 300
343 10
343 280
343 81
343 38
343 61
1 50
1 71
1 418
1 48
1 184
1 35
1 4
1 232
1 28
1 291
1 255
1 259
1 151
1 239
1 217
1 211
1 419
1 115
1 203
1 162
1 10
1 420
1 370
1 120
1 41
1 0
1 82
1 63
1 421
1 37
1 402
1 294
1 422
1 16
1 19
1 210
1 75
1 21
1 23
1 51
1 202
1 276
1 300
1 423
1 394
11 424
544 425
82 10
82 1
82 426
82 7
82 38
327 267
327 47
327 77
548 3
548 104
702 14
449 427
449 304
449 283
294 1
294 23
294 7
294 428
294 113
612 18
241 21
241 429
241 207
241 22
241 217
703 208
703 257
411 132
41 12
41 20
41 430
41 431
41 75
41 154
41 432
41 21
41 113
41 433
41 17
41 18
41 434
41 343
41 1
41 326
41 255
41 282
292 435
292 23
292 14
292 21
292 436
292 10
292 280
292 129
704 286
704 343
536 100
610 18
46 43
46 437
275 21
275 10
206 345
206 200
705 434
488 438
488 439
488 50
440 178
440 440
440 163
149 441
149 442
149 443
149 175
149 204
149 307
149 21
149 444
149 322
149 341
149 196
149 445
149 281
149 282
149 61
279 310
279 3
279 153
279 132
279 7
279 365
279 446
375 12
375 50
375 184
375 219
375 324
375 447
375 345
250 22
250 7
3 10
3 35
3 448
3 398
3 7
706 30
404 28
304 449
304 51
52 12
52 14
52 441
253 12
253 184
253 132
253 450
498 10
126 234
126 241
126 111
126 61
87 451
87 169
209 141
231 115
231 237
458 113
383 187
383 452
707 43
314 322
453 453
489 50
572 14
572 360
708 295
298 199
284 200
543 157
616 25
204 21
204 50
204 454
204 153
204 149
176 325
265 10
265 455
265 364
265 50
113 69
113 31
113 191
113 456
113 217
113 457
113 42
113 118
113 48
113 360
113 115
113 10
113 294
113 30
113 162
113 273
113 458
113 459
113 460
113 2
113 461
245 245
245 462
422 1
422 345
422 176
422 73
422 184
214 10
214 47
57 10
57 24
5 12
5 153
5 63
5 118
5 373
5 463
5 21
5 134
5 321
5 10
5 26
709 233
32 129
114 199
114 73
114 162
570 50
307 160
307 31
307 441
307 208
307 204
307 135
307 464
446 465
710 466
282 41
282 174
282 7
282 219
282 21
282 151
71 1
71 19
71 7
71 219
318 467
86 31
86 344
86 468
86 469
86 63
86 48
86 7
86 470
86 73
86 74
86 10
711 61
711 41
711 149
387 280
246 50
246 471
246 184
246 472
246 473
246 10
45 276
45 47
45 59
45 437
45 259
45 325
712 63
713 474
445 149
714 160
714 431
178 475
178 116
178 175
178 41
178 440
290 378
715 48
504 10
504 345
504 476
504 158
295 132
295 477
716 12
134 10
134 1
134 478
134 61
717 479
530 255
2 418
718 160
263 12
719 171
720 291
363 160
363 280
721 99
600 31
379 291
266 7
179 18
179 4
179 121
441 21
441 307
441 480
478 134
270 481
270 1
722 162
723 361
153 482
153 185
153 5
276 21
276 63
276 218
276 184
276 45
276 193
276 72
276 53
276 7
276 234
276 483
276 484
509 10
509 182
509 31
509 306
724 187
535 40
535 202
495 358
325 45
325 397
50 485
50 184
50 246
50 80
50 471
50 486
50 122
50 10
50 1
50 120
50 0
50 42
50 476
50 205
50 112
50 21
50 113
50 487
50 272
50 265
50 192
50 23
50 51
50 488
50 223
50 262
50 489
236 87
236 13
236 490
236 168
236 41
236 417
236 10
236 274
236 64
193 276
193 121
296 83
296 203
296 141
296 491
564 204
564 492
564 493
533 159
221 14
221 111
221 494
490 195
490 236
725 306
239 20
239 208
239 196
239 223
239 200
239 279
239 1
239 255
124 135
358 25
358 89
358 301
358 47
358 495
358 119
358 222
358 26
305 67
305 154
305 496
302 205
726 497
10 308
10 3
10 50
10 35
10 498
10 499
10 165
10 19
10 310
10 361
10 257
10 75
10 161
10 152
10 432
10 306
10 24
10 500
10 15
10 466
10 265
10 113
10 109
10 57
10 5
10 272
10 12
10 55
10 141
10 501
10 277
10 502
10 222
10 96
10 485
10 229
10 246
10 115
10 58
10 503
10 504
10 345
10 99
10 76
10 259
10 134
10 73
10 505
10 175
10 61
10 506
10 72
10 171
10 339
10 43
10 21
10 450
10 20
10 507
10 210
10 70
10 153
10 202
10 508
10 48
10 509
10 219
10 301
10 369
10 321
10 29
10 510
10 511
10 31
10 512
10 293
10 397
10 513
10 193
10 352
10 378
10 121
10 320
10 86
10 233
10 370
10 494
10 10
10 292
10 13
10 100
10 514
10 168
10 515
10 264
10 516
10 402
10 187
10 18
10 517
10 205
10 23
10 41
10 25
10 518
10 519
10 520
10 74
10 319
10 150
10 51
10 26
10 468
10 521
10 28
10 472
10 522
10 238
10 380
10 289
10 8
10 208
10 182
10 132
10 7
10 83
10 523
10 524
10 425
10 273
10 1
10 137
10 398
10 82
10 355
10 525
10 63
10 203
10 526
10 476
10 37
10 200
10 527
10 481
10 22
10 191
10 344
10 528
10 275
10 300
10 223
10 343
10 166
10 279
727 298
0 308
0 3
0 123
0 7
0 207
0 80
0 1
0 529
0 398
484 276
13 400
13 482
13 58
13 530
13 10
13 134
13 149
13 273
13 1
13 406
9 482
9 35
514 78
158 22
158 504
158 320
158 257
78 272
78 222
78 514
78 158
438 488
65 112
65 252
143 10
143 61
72 531
72 276
72 439
72 501
72 425
72 237
64 236
64 493
728 532
617 48
159 48
159 533
159 534
88 451
40 306
40 535
40 39
40 366
394 280
394 536
394 1
575 22
729 73
408 83
408 511
468 10
468 86
384 187
730 505
730 537
67 28
67 59
67 7
67 74
731 41
522 10
169 184
169 24
255 12
255 293
255 150
255 196
255 7
255 538
255 1
255 528
238 10
238 539
90 451
90 88
90 184
288 540
732 280
369 50
369 35
369 25
369 7
369 265
369 10
369 511
413 21
413 31
413 541
413 168
152 14
425 542
425 543
425 63
425 185
425 72
425 7
425 298
425 73
425 237
425 10
425 11
425 544
120 23
120 7
120 273
120 18
120 162
120 119
120 1
177 439
66 545
66 12
66 386
66 378
355 10
355 47
355 466
63 232
63 48
63 25
63 86
63 184
63 237
63 115
63 326
63 417
63 395
63 31
63 546
63 514
63 538
63 547
63 132
63 7
63 305
63 484
63 496
63 10
63 1
63 425
63 100
63 506
63 210
63 548
63 409
63 339
63 402
63 549
63 258
63 16
63 5
63 269
63 94
63 12
63 55
63 23
63 545
63 281
63 51
63 147
63 276
63 550
63 551
63 552
63 61
63 553
63 38
476 10
476 50
476 504
588 306
142 61
733 293
734 273
527 10
527 527
527 202
256 7
497 63
497 242
497 356
497 23
208 31
208 377
208 239
208 307
208 475
208 118
208 10
208 269
271 345
271 7
271 23
735 215
116 23
116 276
116 475
116 273
116 1
116 5
116 38
191 10
191 113
191 121
51 50
51 397
51 272
51 63
51 31
51 14
51 168
51 304
51 7
51 219
51 24
51 21
51 134
51 459
51 1
51 280
51 111
51 222
51 554
147 310
147 63
147 61
374 184
374 35
559 555
736 1
627 21
737 39
286 29
738 89
77 293
77 272
473 246
345 271
345 160
345 184
345 556
345 25
345 7
345 306
345 73
345 39
345 528
345 422
310 12
310 557
310 184
310 339
310 540
310 135
310 58
310 10
170 155
361 10
361 111
361 171
361 150
361 224
421 255
421 63
376 41
161 292
161 41
161 184
161 132
161 63
161 7
161 277
161 21
161 10
161 178
161 81
598 31
739 558
603 41
603 232
555 21
555 280
555 559
429 560
740 187
443 234
443 389
443 4
500 10
586 21
542 561
542 93
542 425
285 449
285 210
285 562
545 273
545 66
545 10
545 63
154 563
154 482
154 326
154 305
154 47
154 41
493 564
493 64
252 65
16 1
16 24
223 50
223 239
223 494
223 7
223 23
741 565
75 28
75 49
75 566
75 184
75 334
75 7
75 21
75 233
75 10
75 1
75 406
75 75
141 567
141 568
141 273
141 569
141 296
141 83
141 10
141 450
141 80
141 417
141 254
141 243
501 72
742 10
742 570
742 208
360 67
360 22
360 165
360 7
360 571
360 73
360 572
591 21
591 208
591 52
591 116
591 331
591 0
218 63
218 99
218 234
218 39
218 1
218 370
105 171
105 561
743 41
552 168
552 63
222 10
222 1
222 24
222 78
155 170
155 573
155 7
744 343
156 398
184 50
184 25
184 246
184 80
184 310
184 132
184 7
184 118
184 10
184 1
184 0
184 380
184 63
184 70
184 21
184 422
184 237
184 75
184 12
184 22
184 185
184 276
184 90
184 574
184 375
184 575
123 301
123 319
745 7
79 272
98 42
746 80
76 10
76 78
133 31
299 10
299 314
299 7
73 292
73 165
73 576
73 35
73 7
73 360
73 21
73 321
73 10
73 345
331 3
331 41
331 0
331 39
331 109
460 113
442 577
442 149
199 374
199 23
747 72
747 578
748 579
339 310
339 23
21 580
21 50
21 3
21 579
21 31
21 581
21 184
21 35
21 200
21 582
21 521
21 211
21 28
21 47
21 58
21 259
21 160
21 403
21 471
21 33
21 566
21 413
21 334
21 7
21 221
21 115
21 583
21 152
21 584
21 73
21 10
21 1
21 585
21 24
21 210
21 12
21 586
21 100
21 587
21 195
21 14
21 171
21 30
21 176
21 588
21 21
21 168
21 109
21 420
21 441
21 454
21 75
21 41
21 292
21 589
21 590
21 480
21 202
21 218
21 196
21 556
21 23
21 276
21 300
21 219
21 60
21 591
21 488
21 312
21 592
21 149
21 280
21 38
450 141
450 253
450 374
450 254
450 450
450 38
749 79
750 23
751 593
210 160
210 28
210 285
210 63
210 184
210 402
210 118
210 10
210 1
210 21
210 38
167 321
202 276
202 7
202 219
202 594
202 21
202 10
202 535
202 1
202 233
202 527
624 175
624 439
752 306
571 132
571 360
385 111
29 286
29 23
29 25
29 37
29 595
29 47
29 10
29 405
29 357
510 292
510 10
38 257
38 21
38 306
38 102
38 450
38 343
38 502
511 10
511 50
511 86
511 596
416 597
31 31
31 300
31 129
31 160
31 170
31 171
31 413
31 62
31 168
31 7
31 307
31 306
31 598
31 118
31 10
31 398
31 599
31 477
31 525
31 63
31 409
31 600
31 43
31 21
31 113
31 18
31 258
31 111
31 403
31 292
31 210
31 51
31 25
31 509
31 451
31 577
31 26
31 283
103 37
569 48
431 41
200 284
200 529
200 239
200 7
200 44
200 53
200 601
200 1
200 10
200 527
200 319
232 224
232 320
232 7
232 28
232 602
232 603
232 1
232 165
232 528
232 262
234 218
234 99
234 276
234 246
234 300
234 45
234 306
234 126
234 10
234 5
234 443
234 604
753 239
754 605
435 222
435 7
435 180
33 48
33 32
33 208
33 587
33 72
33 7
33 205
33 213
33 241
33 129
320 10
320 232
755 51
755 276
163 440
584 21
92 187
92 222
92 210
43 160
43 10
43 412
410 132
481 10
481 270
599 31
599 606
599 14
380 10
380 184
756 310
322 314
264 7
372 219
233 607
74 12
74 50
74 566
74 187
74 203
74 86
74 67
74 182
74 425
74 10
74 19
18 50
18 608
18 345
18 361
18 609
18 610
18 31
18 281
18 3
18 4
18 470
18 179
18 611
18 612
18 10
18 458
18 120
18 613
18 398
18 41
470 86
470 18
470 446
269 234
269 208
269 7
174 31
174 48
174 276
174 300
174 282
174 207
174 80
174 614
757 132
757 23
344 86
23 50
23 48
23 35
23 246
23 116
23 164
23 604
23 310
23 130
23 566
23 496
23 10
23 1
23 528
23 61
23 292
23 63
23 199
23 14
23 158
23 31
23 75
23 20
23 328
23 25
23 219
23 451
23 149
23 29
23 222
93 451
25 31
25 397
25 184
25 35
25 260
25 115
25 358
25 345
25 208
25 132
25 615
25 484
25 616
25 10
25 41
25 454
25 14
25 15
25 237
25 111
25 403
25 12
25 480
25 202
25 23
25 38
25 26
25 511
758 326
492 617
434 10
434 618
434 41
759 528
393 203
393 280
393 41
319 1
319 345
319 7
760 50
283 7
452 383
172 312
172 48
172 606
172 471
531 72
524 275
225 619
225 210
225 304
213 83
761 620
761 621
289 398
546 63
762 133
762 293
762 464
762 86
430 41
506 63
388 280
606 599
207 416
207 50
207 60
207 4
207 622
207 219
207 1
207 241
581 21
581 208
135 317
135 61
135 623
135 124
135 149
39 218
39 14
39 21
39 306
39 40
39 331
39 41
261 267
261 7
189 121
175 48
175 328
175 624
175 175
175 152
175 14
175 10
175 178
37 10
37 1
37 103
37 29
215 119
215 625
215 293
215 626
215 168
763 13
465 470
465 446
258 279
258 10
630 22
580 627
580 237
764 1
22 12
22 609
22 95
22 626
22 628
22 250
22 184
22 35
22 48
22 158
22 629
22 45
22 450
22 630
22 575
22 259
185 205
337 12
182 370
182 346
182 509
182 74
242 407
242 196
242 497
765 21
765 25
765 219
