123 0
123 1
123 2
217 3
87 4
145 5
199 6
199 7
218 8
54 9
54 10
116 11
142 12
142 13
219 14
220 15
221 16
134 17
63 18
63 19
129 20
129 21
129 22
92 23
92 24
92 25
92 26
92 9
222 27
44 28
44 29
44 15
27 30
27 31
27 14
27 32
27 33
27 34
27 35
27 36
27 37
32 27
209 38
209 39
138 40
138 41
138 42
138 43
0 1
28 44
35 45
35 27
160 25
109 12
109 16
109 46
109 47
109 48
191 49
214 26
204 45
103 50
103 51
112 21
223 52
47 53
47 54
47 12
47 14
47 55
47 11
47 25
47 56
47 57
47 58
47 59
224 60
187 61
225 58
37 14
37 62
37 27
226 22
174 2
19 63
19 64
19 65
227 16
79 66
79 45
94 58
94 26
143 12
75 67
195 68
195 69
195 70
228 71
13 72
13 17
13 11
67 73
67 26
67 21
67 74
67 75
67 76
45 77
45 78
45 79
229 80
230 21
231 7
101 72
101 14
101 81
101 18
101 82
101 21
232 83
85 3
22 20
22 58
22 84
22 2
108 21
108 83
3 85
3 37
3 86
3 83
118 58
118 60
233 12
233 59
4 87
234 88
135 89
135 90
80 91
26 92
26 13
26 23
26 70
26 93
26 94
46 0
46 95
46 21
46 96
34 27
161 97
190 20
111 21
111 98
235 99
236 100
236 67
203 77
188 52
81 101
120 102
50 103
152 104
152 105
36 27
198 67
110 21
237 0
237 106
131 51
215 74
21 47
21 9
21 29
21 107
21 73
21 12
21 108
21 109
21 110
21 111
21 46
21 112
21 101
21 113
21 82
21 114
21 58
21 51
21 17
21 22
5 100
93 26
105 14
53 47
53 73
11 13
11 115
11 116
11 58
11 47
11 15
238 16
148 117
148 14
148 25
102 118
102 26
102 119
102 120
102 121
239 57
58 47
58 11
58 96
58 122
58 64
58 94
58 21
58 22
24 92
1 123
1 124
1 125
1 14
1 11
1 2
1 0
1 126
1 127
1 128
1 129
1 21
181 124
51 30
51 117
51 84
51 130
51 20
51 16
51 21
51 126
51 15
51 131
51 132
51 60
51 45
51 57
72 133
99 134
159 25
90 135
196 20
196 18
16 12
16 136
16 15
16 78
16 51
43 137
43 20
43 138
240 139
150 140
150 98
12 112
12 47
12 125
12 141
12 16
12 78
12 52
12 96
12 142
12 45
12 29
12 143
12 144
12 59
122 58
14 47
14 27
14 145
14 29
14 146
14 147
14 96
14 148
14 25
14 149
14 133
14 1
14 59
14 98
133 14
133 25
98 150
153 151
104 152
151 153
241 154
241 7
241 155
242 156
95 72
95 157
243 14
244 1
172 40
172 158
172 70
41 45
125 78
25 92
25 159
25 47
25 141
25 95
25 160
97 161
157 162
157 73
245 12
245 25
62 37
62 70
207 144
184 133
184 163
246 77
23 92
23 67
23 98
247 25
247 2
248 154
177 89
177 164
213 165
48 109
249 148
250 96
251 77
251 166
30 27
30 51
252 98
73 9
73 53
73 167
141 72
141 14
141 2
141 25
141 16
141 132
141 144
141 168
141 98
83 169
83 170
83 108
83 84
70 9
70 132
70 26
70 171
70 172
64 58
212 9
149 14
113 9
119 102
253 126
2 173
2 174
2 85
2 39
2 123
254 115
254 22
158 175
158 42
158 176
175 158
89 135
89 177
197 70
40 112
40 12
40 172
40 178
40 179
40 18
40 180
124 96
124 181
117 182
170 83
42 138
163 183
163 184
86 185
147 105
255 186
61 187
256 119
52 188
205 33
205 171
201 77
140 82
20 77
20 189
20 22
20 129
20 190
49 191
49 192
257 86
258 16
78 12
78 26
78 45
78 79
259 21
259 193
146 194
56 125
56 47
68 195
68 98
18 196
18 101
260 197
17 38
17 198
261 130
156 77
29 14
7 199
7 200
130 146
130 13
130 101
130 51
77 201
77 202
77 156
77 39
77 203
77 204
77 45
262 21
33 205
33 27
121 102
263 47
107 206
107 21
96 72
96 47
96 204
96 14
96 0
96 148
96 83
96 58
96 1
96 17
96 98
144 12
144 207
59 115
59 14
59 47
59 13
82 150
82 208
82 101
82 21
264 12
265 17
84 83
84 1
84 22
266 20
267 66
183 184
128 96
216 108
38 17
268 19
39 173
39 77
39 209
39 156
39 210
39 2
269 89
270 72
132 141
132 51
132 70
132 74
60 51
76 67
271 77
114 21
9 92
9 47
9 54
9 23
9 211
9 70
9 212
9 113
272 96
165 213
115 2
115 11
178 40
137 103
74 119
74 214
74 215
74 44
74 216
15 16
15 67
15 44
15 51
