165 0
165 1
165 2
165 3
165 4
165 5
32 6
32 7
158 8
158 9
158 10
216 11
216 12
216 7
116 13
116 14
144 15
144 16
144 17
144 18
144 19
144 20
144 21
144 22
144 23
144 3
242 24
243 25
104 26
104 27
104 28
244 29
244 30
244 31
6 32
6 33
6 34
6 35
99 36
99 37
215 38
215 39
224 40
224 41
20 16
20 42
20 43
20 15
20 44
20 24
222 45
166 0
166 46
105 47
105 48
59 49
59 50
59 37
59 51
59 52
59 53
4 54
245 55
246 56
246 57
246 58
49 49
49 59
49 12
49 60
49 61
87 62
87 63
12 49
12 64
12 61
247 65
61 66
61 49
61 12
61 67
61 31
61 68
61 69
61 70
61 7
61 71
199 72
241 73
162 54
162 74
248 75
249 76
249 77
213 78
213 79
193 80
193 71
169 81
57 82
57 83
145 35
39 62
142 84
151 73
151 85
228 86
46 87
46 88
46 89
46 47
46 90
46 91
46 92
46 81
46 55
46 36
46 93
46 68
46 94
46 95
46 71
92 46
160 45
229 96
36 66
36 97
36 98
36 46
36 48
36 99
36 100
36 80
36 101
36 102
47 66
47 103
47 46
47 104
47 45
47 27
47 28
47 105
47 106
123 98
123 107
123 108
123 68
250 59
27 109
27 82
27 42
27 110
27 111
251 107
100 38
100 112
100 113
252 114
14 115
14 116
14 117
108 103
108 98
108 118
108 61
108 76
108 119
108 120
108 121
108 122
108 111
108 38
108 123
108 101
108 22
108 78
108 80
108 124
108 26
124 108
42 20
42 27
253 15
253 125
159 126
254 41
233 127
117 115
117 14
194 6
69 128
69 129
69 130
69 22
69 61
102 36
102 131
227 63
180 14
180 111
71 36
71 10
71 132
71 133
71 15
71 96
71 54
71 22
71 134
37 99
37 47
37 59
37 38
37 133
7 135
255 33
146 63
146 136
256 137
152 138
152 139
152 85
257 140
258 141
259 132
240 76
240 133
235 127
84 142
189 143
17 15
17 144
17 145
260 15
201 33
201 107
201 146
179 74
149 68
30 76
30 59
94 147
261 126
261 148
261 149
262 71
188 150
188 33
263 122
264 13
264 120
264 116
85 151
85 152
137 144
265 15
266 76
266 153
55 154
55 155
55 103
55 28
267 13
267 10
267 18
68 46
68 61
28 76
28 47
28 156
28 129
156 28
204 46
101 36
101 78
101 54
101 157
10 154
10 158
10 71
126 33
126 159
126 72
268 107
268 123
31 61
45 160
45 161
54 78
54 162
225 76
269 36
83 57
83 163
50 59
128 164
128 27
128 69
270 59
0 165
0 76
0 34
0 107
0 149
0 166
0 108
95 120
95 46
53 59
53 71
13 76
13 36
13 116
13 167
103 141
103 120
103 55
103 68
161 132
89 94
89 46
78 98
78 46
78 121
78 80
78 101
78 68
78 168
78 82
78 108
78 75
178 148
178 169
178 170
271 84
81 169
207 54
272 13
272 171
9 172
9 158
40 165
40 3
40 54
40 173
40 174
273 175
273 176
177 96
177 70
232 120
16 20
63 36
63 62
63 87
63 146
70 61
70 177
56 178
56 35
56 79
56 179
130 69
167 13
111 180
111 181
111 182
111 27
111 135
211 154
211 48
44 20
107 125
107 183
107 184
107 134
107 185
274 14
170 154
187 88
139 24
275 10
276 96
276 12
276 31
238 186
238 90
277 99
88 46
88 187
278 161
279 172
138 51
138 146
1 71
280 52
281 15
281 16
43 43
43 20
150 188
150 126
282 47
283 189
80 190
80 191
80 78
80 115
80 36
80 192
80 168
80 193
80 181
80 108
33 194
33 188
33 195
33 46
33 196
33 126
33 197
33 125
33 198
33 150
33 199
33 200
33 201
33 202
33 203
33 204
33 146
134 172
163 205
66 36
66 61
66 15
66 47
66 28
66 175
284 4
34 170
148 81
110 27
285 206
132 59
132 19
132 170
132 58
132 71
197 76
197 33
197 207
286 80
287 161
287 208
118 10
288 155
3 36
3 209
3 165
3 10
3 40
154 210
154 10
154 55
154 211
154 212
154 170
79 213
289 158
289 214
290 126
38 215
223 78
223 52
223 197
223 190
136 146
21 144
21 24
11 216
291 217
292 76
292 61
48 36
48 46
48 218
48 219
48 48
48 211
48 69
48 105
48 220
18 144
18 221
18 222
18 137
18 0
18 71
51 132
293 97
192 80
294 12
62 63
52 59
52 45
295 13
190 223
67 61
74 15
74 162
296 133
96 172
96 137
96 146
96 177
96 71
208 76
208 46
297 26
186 133
41 224
29 30
231 198
298 161
298 45
210 154
299 46
82 27
237 129
230 80
230 221
125 33
125 107
182 111
300 13
301 152
302 36
302 13
302 133
76 13
76 216
76 98
76 129
76 30
76 10
76 26
76 69
76 133
76 197
76 111
76 225
76 226
76 28
76 227
76 71
86 228
303 227
184 227
184 107
304 188
305 31
306 229
206 76
206 25
5 165
185 107
174 40
155 13
155 203
155 0
155 55
98 123
98 35
98 78
135 33
221 46
221 230
221 120
221 18
221 137
221 231
307 0
119 42
119 108
120 232
120 103
120 233
120 44
120 234
120 95
2 165
2 160
19 82
19 208
308 190
309 168
22 98
22 144
22 221
22 20
22 146
22 71
209 3
209 173
310 137
181 193
311 54
127 235
191 133
129 76
129 146
129 236
129 237
129 28
112 100
312 47
90 238
93 239
93 33
93 46
133 76
133 240
133 238
73 36
73 151
73 241
313 74
35 6
35 56
35 216
314 165
24 79
24 59
24 22
24 242
212 154
203 126
203 33
203 72
315 82
8 172
316 118
