193 0
239 1
239 2
87 3
87 4
87 5
47 6
47 7
47 8
47 9
47 5
47 10
35 11
35 12
35 13
35 14
35 15
35 16
147 17
147 18
76 19
76 20
76 21
76 22
76 13
76 5
176 1
176 23
89 24
89 25
89 26
89 27
89 28
89 29
89 30
241 31
16 19
16 32
16 33
16 34
16 35
16 14
16 36
42 37
42 38
42 39
42 40
42 41
38 42
38 43
205 44
205 45
242 46
8 47
126 48
126 49
144 50
144 51
243 45
244 52
56 53
56 54
56 55
56 56
56 5
56 57
56 58
92 5
170 13
170 59
127 60
133 61
133 0
133 62
146 63
146 64
146 65
146 66
146 30
146 16
15 28
15 13
15 50
15 67
15 68
238 69
19 70
19 71
19 72
19 73
19 28
19 74
19 75
19 5
19 76
19 15
19 16
72 1
72 77
72 13
72 19
72 68
86 78
86 19
86 79
183 29
130 80
130 74
130 81
130 28
78 80
78 82
78 13
78 5
78 83
9 37
9 47
9 84
9 75
191 85
79 86
5 7
5 87
5 47
5 34
5 88
5 76
5 89
5 90
5 91
5 92
5 13
5 18
5 93
5 63
5 94
5 95
5 85
5 78
5 96
5 97
5 83
5 98
5 99
5 74
5 100
5 57
5 101
5 102
5 103
162 104
6 27
6 78
6 105
218 106
232 107
210 103
153 36
153 11
245 40
245 103
164 105
40 42
185 93
185 108
185 109
185 110
189 111
189 112
246 72
158 43
207 113
207 114
22 115
22 76
22 83
84 23
84 44
84 51
84 9
100 25
100 5
57 56
57 116
165 33
165 117
134 61
134 118
134 18
10 119
10 54
10 91
10 5
10 120
10 18
124 63
103 5
247 77
248 77
177 87
177 13
177 121
177 36
54 93
54 122
49 123
49 124
49 125
49 17
49 126
83 23
34 101
34 127
34 7
34 5
34 16
28 93
28 38
28 128
28 19
28 129
28 115
28 130
28 32
28 49
28 131
28 81
28 5
28 132
28 89
28 10
28 103
75 19
75 49
12 35
249 29
61 133
61 124
61 134
61 135
196 96
129 28
217 38
217 136
128 28
250 78
53 56
198 96
182 137
173 23
173 138
173 139
67 13
67 15
67 5
67 28
67 140
206 50
91 23
91 7
91 141
91 5
91 10
91 142
251 33
252 143
231 17
51 144
51 145
51 29
51 63
51 33
253 13
18 146
18 147
18 11
18 27
18 2
18 91
18 134
18 5
18 60
18 133
18 148
160 104
94 5
64 146
254 115
192 19
192 149
192 11
192 15
119 63
220 82
187 93
37 42
37 9
37 34
13 93
13 7
13 67
13 35
13 150
13 15
13 16
234 56
14 16
14 151
14 152
14 153
14 136
77 77
77 72
255 114
154 1
0 96
0 18
256 154
140 67
1 72
1 47
1 152
1 5
1 154
1 45
257 136
71 19
116 57
48 1
48 113
48 155
48 156
48 103
43 157
43 38
43 158
43 159
104 160
104 48
104 161
104 162
104 163
104 103
201 96
105 164
33 165
33 166
33 167
33 16
74 19
74 5
74 90
184 1
184 19
184 28
184 168
184 29
184 51
143 169
152 1
101 13
101 5
258 33
258 16
259 170
121 11
260 113
73 63
73 171
224 172
224 34
224 135
224 35
194 96
261 103
262 118
139 173
60 18
178 174
36 175
36 176
36 96
36 177
36 16
174 178
3 87
3 141
216 179
227 180
263 58
263 105
204 111
138 89
138 40
138 173
115 22
115 136
115 181
115 96
115 176
115 173
137 182
118 166
118 34
118 134
159 43
120 10
29 83
29 183
29 184
29 18
264 30
110 185
93 186
93 185
93 28
93 187
93 83
93 13
93 62
93 5
93 18
125 188
125 49
166 118
65 65
59 13
59 170
265 126
113 145
113 48
113 189
113 190
113 17
113 18
95 5
85 63
85 7
85 115
85 191
85 5
85 90
149 192
96 111
96 193
96 115
96 194
96 195
96 83
96 196
96 36
96 197
96 198
96 182
96 199
96 127
96 200
96 146
96 201
96 5
96 0
96 1
96 202
96 32
96 203
266 204
68 1
68 55
150 13
44 205
44 63
44 84
102 83
50 63
50 27
50 206
50 144
50 17
50 15
142 91
142 18
30 89
30 146
267 152
97 5
112 189
20 13
20 196
114 207
151 62
151 28
151 14
32 96
32 15
32 13
32 30
32 16
175 36
268 208
223 209
148 210
148 18
211 211
211 68
23 97
23 28
23 91
23 47
23 84
23 176
23 155
23 103
219 212
219 82
219 114
219 213
219 176
236 214
7 63
7 141
7 215
7 85
7 91
7 34
7 5
7 90
7 16
58 5
24 216
24 89
21 76
269 115
269 75
109 13
237 69
31 5
136 217
136 126
270 96
106 83
106 218
106 19
106 5
240 205
240 122
88 13
88 5
82 78
82 80
82 219
82 220
271 30
26 89
190 208
90 93
90 99
90 85
272 221
273 62
171 167
80 80
80 78
80 130
66 222
66 146
181 115
215 7
141 3
141 120
141 10
141 91
155 23
155 27
155 48
155 91
155 33
155 165
155 142
274 194
163 104
200 115
200 96
63 10
63 119
63 7
63 223
63 124
63 5
63 50
275 35
209 223
276 196
277 176
172 224
278 225
279 226
279 28
279 224
41 42
213 114
81 28
62 151
180 227
280 144
280 6
280 228
280 229
2 210
2 230
235 27
135 172
135 61
135 190
135 224
281 77
17 113
17 50
17 231
282 63
197 96
197 18
222 66
145 1
145 113
145 136
145 13
145 118
145 0
145 51
145 15
11 121
11 27
11 35
11 153
11 30
11 18
156 48
283 19
39 42
107 232
27 6
27 233
27 11
27 234
27 235
27 89
27 155
27 50
27 18
99 5
99 90
284 13
284 61
284 236
55 56
226 58
69 237
69 238
69 239
45 1
45 176
45 29
122 54
122 240
