193 0
216 1
216 2
217 3
218 4
50 5
50 6
50 7
174 5
59 8
94 9
103 10
139 11
219 12
69 13
69 14
156 15
124 16
124 17
28 6
28 18
28 19
28 20
28 21
28 22
28 23
95 24
95 25
104 26
104 6
104 27
18 28
18 29
18 30
18 21
18 31
18 32
18 33
177 34
177 35
177 27
220 36
221 37
192 5
222 38
222 21
222 4
43 39
223 30
184 40
224 41
224 42
39 43
39 6
39 44
0 45
190 5
190 20
190 14
41 6
41 46
41 47
41 4
41 8
41 48
46 12
225 6
116 49
171 50
171 8
30 51
30 52
102 53
8 54
8 55
8 56
8 41
8 57
8 58
8 20
8 6
8 59
8 60
8 12
8 14
8 61
8 25
8 32
226 38
227 16
227 62
227 63
71 64
71 32
105 65
81 41
81 64
82 64
62 66
53 67
99 5
99 54
13 68
13 21
13 20
13 42
13 69
228 70
122 71
122 72
122 73
122 16
122 8
229 74
149 75
58 76
138 77
78 39
78 78
17 79
17 14
64 80
64 81
64 5
64 82
64 16
64 83
64 84
64 2
64 85
64 14
230 86
45 0
231 87
106 88
106 65
20 81
20 36
20 38
20 14
20 20
20 89
20 4
20 90
20 21
20 91
20 92
20 13
20 8
20 93
20 25
90 20
232 94
24 95
24 52
206 93
233 96
234 97
179 98
179 99
235 100
150 79
150 101
236 39
237 65
47 41
67 16
67 102
67 53
67 4
83 103
83 100
181 10
181 104
181 12
181 99
92 20
65 0
65 105
65 6
65 106
65 107
65 108
65 12
65 33
238 16
238 6
114 76
114 109
77 110
77 111
60 38
32 71
32 17
32 6
32 18
32 5
32 53
32 112
32 72
32 113
32 12
32 8
32 114
32 14
32 115
239 116
133 117
133 118
240 119
16 120
16 64
16 110
16 38
16 121
16 122
16 123
16 124
186 125
51 72
134 126
154 127
154 128
154 109
154 21
107 6
160 4
241 129
242 130
147 35
147 131
147 132
31 0
31 65
31 8
117 133
243 6
243 20
27 12
27 104
27 10
27 4
54 134
54 8
54 99
56 135
56 8
244 136
84 26
84 137
49 138
49 139
49 4
49 116
49 36
245 127
246 72
40 5
40 1
40 140
21 6
21 141
21 28
21 76
21 20
21 4
21 91
21 142
21 13
21 109
21 8
21 143
21 33
159 129
247 65
247 4
248 14
135 58
100 35
70 49
249 72
249 95
249 144
153 145
202 146
202 147
202 6
202 2
202 48
127 0
250 148
183 148
183 149
79 6
79 150
29 6
22 28
22 114
63 71
251 151
42 13
145 152
145 153
128 154
252 4
113 32
113 155
113 4
57 85
57 8
143 21
178 156
178 157
178 12
198 0
198 29
198 6
253 20
23 28
167 120
167 144
61 8
254 116
255 158
120 16
7 50
173 38
173 4
256 77
129 159
4 6
4 38
4 20
4 10
4 112
4 67
4 160
189 14
189 148
189 161
257 162
201 114
258 163
259 20
259 4
260 37
140 40
140 6
109 154
261 164
136 55
136 4
74 165
74 166
74 167
262 78
26 5
26 84
26 104
26 168
26 42
263 20
97 169
187 170
264 65
25 151
25 6
25 81
25 5
25 126
25 20
25 171
25 8
25 123
110 77
19 20
19 172
19 28
98 6
98 12
38 54
38 6
38 173
38 131
38 5
38 20
38 4
38 21
38 12
265 10
158 131
158 174
158 14
158 175
197 176
182 50
266 177
12 104
12 178
12 8
12 38
12 179
12 99
12 180
12 181
12 29
12 65
12 112
12 182
12 46
12 32
12 27
267 16
68 81
68 36
68 4
68 59
68 122
68 13
148 6
148 37
148 183
148 184
268 37
151 185
151 25
125 186
170 90
170 111
170 187
131 38
131 9
269 188
161 189
5 6
5 190
5 81
5 191
5 38
5 106
5 192
5 99
5 40
5 26
5 64
5 25
5 50
130 13
76 58
108 193
108 91
108 65
108 172
108 194
175 158
85 57
85 14
85 64
123 195
33 0
33 21
33 148
33 25
33 8
270 8
210 14
210 196
271 197
6 54
6 79
6 104
6 142
6 41
6 5
6 25
6 50
6 20
6 4
6 99
6 181
6 21
6 65
6 12
6 198
6 8
6 199
6 31
6 14
6 32
142 29
272 31
209 19
273 0
274 10
274 8
157 148
10 103
10 200
10 4
10 27
9 38
275 74
276 8
91 0
141 201
146 202
112 177
112 4
112 32
277 203
277 130
277 4
277 204
278 205
93 20
93 206
52 30
52 41
137 172
137 48
34 207
34 177
279 41
279 4
168 72
168 42
280 5
101 150
66 62
281 208
282 10
55 136
55 28
55 8
55 33
11 139
180 12
180 8
2 202
2 40
2 6
172 137
172 209
172 136
172 19
172 20
172 89
172 32
1 40
3 178
14 210
14 17
14 190
14 64
14 20
14 211
14 172
14 8
14 69
14 12
14 85
14 32
211 212
48 6
48 41
48 213
48 214
48 202
48 215
