98 0
148 1
62 2
62 3
62 4
62 5
164 6
164 7
29 2
29 8
29 9
29 10
29 11
89 12
218 13
24 14
24 15
94 16
219 17
32 18
101 19
101 2
101 20
101 0
101 21
101 22
182 23
182 15
182 24
180 25
180 15
205 26
34 11
216 27
11 28
11 3
11 29
11 30
11 31
11 32
11 33
11 34
11 35
11 36
11 37
11 18
11 2
11 20
11 38
11 15
11 39
11 8
11 40
11 41
11 42
11 0
11 43
11 44
11 45
97 46
97 47
97 48
97 49
220 50
221 27
222 28
217 51
208 52
96 53
145 54
113 55
223 56
223 57
4 58
4 59
4 60
4 28
4 61
4 62
4 3
4 15
4 63
4 25
4 64
4 27
4 65
4 66
4 67
4 68
4 69
4 70
162 28
162 3
162 71
171 64
224 17
174 16
129 72
129 73
151 74
151 43
225 75
225 76
60 77
60 78
60 1
60 79
60 80
121 27
121 69
121 13
226 81
66 82
66 83
66 44
66 84
67 85
67 4
67 33
67 3
67 86
67 27
67 87
40 11
42 11
227 15
168 88
168 89
168 90
168 91
8 92
8 93
8 62
8 84
8 15
8 11
8 29
185 94
118 95
53 96
48 97
228 27
0 98
0 99
0 71
0 20
0 3
0 100
0 15
0 86
0 64
0 27
0 13
0 17
0 101
229 22
104 77
153 46
153 102
153 103
44 45
44 66
159 25
159 104
159 64
159 16
159 105
159 78
159 27
159 52
12 50
12 4
188 106
192 27
82 1
82 66
114 26
114 3
114 107
126 27
126 21
3 99
3 73
3 108
3 11
3 33
3 71
3 24
3 28
3 109
99 58
99 21
99 0
99 22
99 64
99 110
99 17
99 111
230 112
231 113
31 11
65 114
122 69
232 115
233 68
179 25
234 17
234 71
235 3
236 28
236 109
236 18
237 116
238 117
239 76
81 118
158 64
158 119
158 71
240 120
241 15
184 15
184 67
95 118
69 4
69 59
69 50
69 0
69 15
69 1
69 28
69 86
69 121
69 122
69 123
69 101
70 124
70 15
70 22
70 54
70 109
70 17
18 61
18 3
18 109
18 125
21 126
2 41
2 66
2 75
2 2
2 61
2 62
2 124
2 1
2 127
2 128
2 79
2 20
2 106
2 50
2 82
214 129
214 72
242 130
243 86
86 131
86 2
86 124
86 11
86 67
86 17
86 111
147 50
147 132
244 133
213 68
245 0
246 25
247 134
194 39
194 27
194 135
248 119
248 136
248 137
61 132
61 4
61 18
61 25
61 77
61 138
61 0
61 84
61 139
61 15
61 28
61 105
61 55
61 78
61 140
61 2
61 50
61 70
173 141
131 86
124 2
124 86
124 142
124 12
124 70
54 143
54 144
54 70
54 145
54 11
127 146
156 50
22 99
22 147
22 118
22 11
22 148
22 149
22 0
22 28
22 64
22 27
22 20
22 101
22 109
22 17
22 70
43 150
43 11
43 151
43 152
167 120
167 15
249 100
250 15
49 71
102 153
102 154
163 46
163 71
92 15
50 37
50 155
50 71
50 3
50 156
50 69
193 27
251 50
252 157
64 99
64 25
64 20
64 0
64 15
64 158
64 156
64 22
64 64
64 159
64 17
215 160
215 109
215 161
46 100
46 162
46 163
46 71
46 15
46 24
46 97
253 28
7 164
120 165
120 21
120 151
120 24
120 166
120 23
120 167
172 99
91 159
91 168
91 96
189 58
155 50
212 169
254 170
254 171
254 157
254 172
254 173
123 69
123 7
255 11
16 78
16 174
16 27
16 44
16 175
36 80
90 110
90 168
176 169
176 176
111 86
111 109
37 50
37 11
37 3
144 177
256 127
257 11
197 178
25 179
25 4
25 180
25 18
25 181
25 15
25 128
25 23
25 27
25 79
25 159
25 63
25 52
258 15
15 8
15 182
15 180
15 181
15 50
15 61
15 0
15 3
15 1
15 24
15 183
15 11
15 64
15 46
15 184
15 109
15 69
15 17
15 70
84 22
84 159
84 66
84 61
203 109
79 25
79 88
79 185
79 177
79 181
79 186
79 60
259 118
143 25
143 187
143 24
260 31
261 173
63 25
63 105
63 15
58 188
58 189
58 27
58 4
58 1
88 79
262 118
211 169
76 190
263 13
128 25
128 191
107 114
27 192
27 99
27 4
27 58
27 25
27 193
27 0
27 22
27 154
27 121
27 153
27 67
27 78
27 184
27 194
264 195
210 80
265 88
137 132
137 62
137 15
137 11
137 86
137 115
137 196
132 147
132 137
83 66
178 197
266 92
267 46
28 198
28 162
28 22
28 3
28 11
28 17
135 135
135 194
200 11
200 15
268 37
74 151
74 17
269 11
270 199
78 109
78 200
78 166
78 201
78 22
78 16
78 159
78 45
78 27
78 202
78 17
196 137
109 203
109 204
109 3
109 15
109 22
73 27
73 3
117 150
181 25
181 79
33 28
33 66
33 67
26 205
71 49
71 120
71 110
71 162
71 163
71 200
71 3
71 121
71 119
71 158
71 46
271 206
125 3
125 18
125 142
35 207
190 76
106 188
52 28
52 110
52 25
52 208
93 8
272 2
20 28
273 22
38 137
1 58
1 82
1 60
1 148
1 15
1 2
1 78
1 142
274 43
68 15
68 209
45 11
45 44
45 78
275 22
119 198
276 61
80 60
80 210
80 177
80 17
169 211
169 212
72 213
72 54
72 214
72 78
17 99
17 11
17 28
17 0
17 22
17 86
112 79
277 81
160 215
146 127
23 25
23 11
23 120
115 137
13 0
13 121
13 216
39 194
110 52
142 64
142 125
142 124
51 217
278 50
