56 0
56 1
56 2
56 3
203 4
203 5
203 6
167 7
167 8
235 9
235 10
236 1
199 11
70 12
70 13
70 14
70 15
70 16
26 17
237 3
201 11
175 1
175 17
175 18
175 19
44 13
44 1
44 20
44 21
44 22
23 23
23 24
23 25
238 26
48 9
48 27
48 28
127 29
127 30
127 31
127 32
215 33
21 34
21 35
21 36
21 37
220 38
114 39
62 40
62 41
62 3
62 18
62 42
239 33
22 43
22 17
22 44
22 45
22 46
22 47
22 16
9 48
124 49
67 15
67 50
67 51
67 52
67 53
67 54
67 55
3 56
3 57
3 58
3 59
3 60
3 61
3 62
3 63
3 64
3 65
15 66
15 67
15 68
15 69
15 70
15 71
15 10
15 72
15 73
15 74
7 17
7 2
7 58
7 11
7 10
7 75
7 1
202 76
240 77
240 78
106 79
106 80
106 81
106 82
187 83
187 17
241 59
52 84
52 67
52 11
52 85
52 16
242 86
242 10
160 87
160 88
243 89
244 1
43 90
43 22
107 91
107 92
107 62
107 93
24 94
24 23
95 86
95 95
95 96
95 97
95 98
95 91
35 17
35 7
35 93
35 78
35 49
35 21
35 99
183 100
120 52
120 101
120 102
120 93
120 13
245 7
105 103
105 104
103 105
246 106
150 30
150 107
150 10
163 87
163 11
247 81
170 108
170 109
170 93
170 30
65 25
179 110
157 111
157 11
248 112
248 113
185 30
39 113
39 114
125 17
125 115
125 116
125 58
125 46
33 18
249 117
249 118
102 56
102 92
102 7
102 12
102 119
102 11
102 120
102 121
102 72
102 90
102 122
212 123
212 90
72 15
72 73
49 87
49 17
49 124
250 18
251 58
46 125
46 22
31 66
31 126
31 127
31 128
31 129
31 62
31 118
31 130
116 125
116 58
28 48
28 78
28 91
28 30
28 131
28 132
28 41
28 133
28 74
138 41
233 84
161 125
161 87
161 88
161 134
135 135
135 136
135 137
135 81
135 78
60 3
19 17
19 7
19 86
19 85
19 59
19 126
19 18
19 138
19 99
252 43
123 90
148 139
148 118
148 30
118 140
118 56
118 31
118 107
118 115
118 93
118 30
118 1
118 141
118 142
118 85
118 18
118 143
118 144
118 145
118 133
118 146
118 147
118 148
118 149
118 25
16 52
16 61
16 2
16 75
16 22
82 106
92 147
92 107
92 75
92 150
92 133
92 88
57 151
57 3
57 152
57 153
57 85
91 154
91 38
91 155
91 29
91 98
91 118
79 106
253 87
253 156
142 86
142 157
142 3
254 44
155 86
155 91
155 158
171 71
171 86
171 110
171 30
137 93
194 109
255 1
256 17
87 66
87 159
87 160
87 149
87 131
87 102
87 11
87 161
87 134
87 49
87 75
87 162
87 163
87 64
87 88
219 164
219 64
219 11
75 1
75 165
75 85
75 97
232 58
122 43
122 13
122 166
122 41
257 167
258 168
159 87
216 13
30 126
30 127
30 169
30 11
30 170
30 171
30 18
30 150
30 4
30 133
45 22
59 10
59 3
59 142
59 172
207 93
10 173
10 13
10 17
10 15
10 139
10 86
10 168
10 2
10 142
10 59
10 135
10 109
10 174
10 162
10 99
10 175
143 109
143 176
143 177
143 178
143 93
73 179
73 30
73 72
73 15
259 86
29 17
29 127
180 180
260 4
145 117
145 13
261 181
172 75
222 182
222 41
262 107
234 178
100 183
100 38
71 71
71 165
195 126
195 184
18 185
18 93
18 186
18 12
18 30
18 19
18 187
18 188
18 62
18 162
18 164
18 158
18 25
18 175
263 189
264 4
97 190
97 17
97 69
97 78
97 63
97 191
265 192
265 71
266 104
190 78
2 193
2 10
2 40
2 7
2 93
109 170
109 143
109 194
267 10
191 97
268 11
206 14
96 95
223 158
133 166
133 17
133 28
40 2
74 48
68 15
69 97
69 64
269 10
78 190
78 3
78 13
78 135
78 192
78 1
78 158
126 176
126 31
126 195
126 125
126 30
126 11
126 126
126 86
126 192
126 41
126 25
154 91
77 196
77 181
77 197
77 192
77 134
11 157
11 7
11 52
11 184
11 126
11 77
11 102
11 198
11 21
11 199
11 200
11 195
11 40
11 201
76 158
76 202
193 2
83 187
270 26
129 17
4 30
4 203
156 88
64 139
64 3
64 69
104 204
104 205
104 15
104 23
271 199
272 13
14 206
93 2
93 137
93 35
93 120
93 207
93 18
93 143
93 118
208 208
119 102
85 19
85 52
85 171
85 81
85 75
85 87
85 1
85 88
139 10
139 72
139 148
139 64
61 16
273 41
146 118
211 209
211 176
211 210
211 177
211 87
211 41
211 211
90 212
90 102
90 213
90 141
149 87
81 214
81 171
81 106
81 11
13 44
13 15
13 10
13 102
13 215
13 120
13 155
13 145
13 216
13 87
13 217
274 218
184 219
86 126
86 132
86 214
86 117
86 177
86 1
86 95
227 98
38 91
38 220
38 88
205 104
34 21
169 30
41 17
41 28
41 115
41 126
41 10
41 221
41 62
41 29
41 138
41 211
41 222
41 88
275 126
162 66
162 10
162 18
158 48
158 102
158 11
158 76
158 18
158 1
158 223
158 97
158 32
276 109
209 211
196 77
277 16
12 70
12 110
12 102
12 19
278 17
1 86
1 75
1 78
165 13
165 28
165 126
165 71
165 75
165 224
165 225
140 118
140 85
213 61
213 141
121 102
210 211
221 41
279 208
98 226
98 91
98 2
98 227
98 158
47 22
25 126
25 103
25 19
25 30
25 63
66 67
66 87
66 162
17 13
17 98
17 172
17 126
17 125
17 35
17 58
17 187
17 10
17 228
17 49
17 133
17 219
17 101
280 192
20 44
6 11
6 203
281 229
230 230
58 3
58 7
58 125
58 231
58 110
58 217
58 158
134 87
134 161
134 1
214 132
214 81
282 4
128 31
224 165
147 118
283 113
80 106
174 10
152 57
284 44
285 232
286 30
131 87
132 132
287 11
287 78
198 171
198 11
0 102
200 11
84 233
177 211
177 143
177 75
177 234
63 97
88 87
88 92
88 38
88 161
88 160
99 10
99 19
32 158
