263 0
145 1
145 2
230 3
230 4
230 5
202 6
202 7
202 8
202 9
13 10
264 11
10 12
10 13
10 14
10 1
10 15
10 16
10 8
140 17
140 18
1 19
1 20
1 21
1 10
1 22
265 15
265 23
265 24
28 25
28 26
28 27
28 20
28 28
28 9
28 29
157 3
157 30
157 4
138 31
138 32
266 33
207 3
207 15
216 6
82 34
82 35
82 27
82 36
82 9
82 37
8 38
8 26
8 39
8 40
8 10
8 41
8 11
8 42
8 43
267 44
95 45
105 6
105 20
105 2
127 46
127 33
127 47
188 25
65 6
65 48
65 49
65 47
104 20
141 50
76 33
76 51
52 52
14 53
14 25
14 10
14 54
14 55
14 35
14 27
14 6
14 56
14 57
14 58
14 29
14 59
14 60
14 61
14 62
120 38
107 38
268 37
132 63
49 25
49 26
49 5
49 20
49 64
49 65
49 15
49 9
86 66
178 67
178 68
178 2
178 69
224 70
224 71
224 72
224 73
74 74
74 75
167 76
167 77
167 22
167 78
37 70
37 79
37 80
37 47
37 81
37 82
269 26
106 3
106 83
106 84
106 51
88 85
88 17
88 15
88 69
88 56
66 48
66 86
219 87
148 26
67 26
175 15
192 27
192 22
270 88
270 37
271 89
271 10
271 90
271 85
271 91
271 92
261 93
261 15
261 51
164 41
158 94
158 75
45 95
45 96
114 40
114 46
272 0
235 97
185 9
20 25
20 10
20 98
20 49
20 27
20 6
20 3
20 29
20 99
20 100
20 101
20 17
20 28
20 62
20 9
20 102
20 103
20 104
20 0
20 105
83 6
83 26
83 106
83 2
83 80
244 107
244 108
244 75
273 15
274 109
274 9
133 69
133 110
239 101
121 111
121 112
121 47
23 65
23 113
23 62
23 9
23 47
166 114
92 115
116 116
116 62
116 2
56 14
33 25
33 117
33 9
38 118
38 19
38 119
38 17
38 15
38 47
38 30
38 120
112 62
112 121
174 41
174 55
275 122
46 123
46 26
46 124
46 125
46 71
46 126
46 114
46 127
99 20
99 60
182 9
63 128
63 66
63 129
63 130
63 57
63 17
63 131
63 132
110 58
110 39
110 97
110 133
110 134
110 1
110 64
110 28
110 9
110 135
223 58
276 136
32 31
32 137
32 138
277 139
18 140
18 32
77 33
278 141
39 80
279 25
252 58
280 142
280 15
280 127
79 143
79 78
79 144
281 145
281 6
281 26
281 146
26 116
26 27
26 6
26 46
26 15
26 8
26 136
26 49
26 0
26 58
26 147
26 148
26 67
26 80
26 9
26 69
26 149
26 25
26 5
26 83
26 150
26 151
36 82
36 51
256 152
256 62
134 145
134 10
134 106
134 110
134 153
162 26
162 69
162 6
162 17
162 29
162 8
282 154
30 58
30 155
30 38
30 156
30 59
30 15
30 157
30 49
30 158
30 159
30 74
30 160
30 75
283 150
284 9
0 161
0 10
0 6
0 88
0 76
0 162
0 101
0 53
0 26
0 55
0 163
0 67
0 9
0 69
0 62
0 25
0 40
0 20
0 17
0 150
0 159
0 4
75 164
75 136
75 2
75 41
75 9
75 8
75 74
75 165
285 68
78 166
78 167
78 79
208 118
208 168
208 22
208 41
208 15
208 169
3 26
3 88
3 9
3 40
3 6
3 3
3 64
3 170
3 171
3 57
3 15
3 13
3 157
3 150
3 47
286 26
180 58
180 172
171 84
171 147
171 3
171 162
171 150
171 151
171 173
171 37
41 26
41 60
41 164
41 174
41 37
41 2
41 80
41 11
41 9
41 96
41 75
41 62
41 38
243 30
243 175
2 57
2 55
2 145
2 6
2 83
2 176
2 177
2 110
2 105
2 9
2 29
2 178
2 69
2 62
287 57
287 179
172 53
172 180
226 22
288 181
221 25
221 10
9 27
9 182
9 183
9 15
9 23
9 82
9 136
9 40
9 49
9 47
9 37
9 26
9 51
9 3
9 96
9 181
9 2
9 41
9 184
9 160
9 25
9 11
9 79
9 19
9 185
9 20
9 5
9 119
9 57
9 17
9 110
9 186
9 187
9 28
9 75
9 33
160 25
160 93
160 170
160 64
160 9
25 188
25 26
25 20
25 64
25 2
25 189
25 41
25 71
25 11
25 9
25 96
25 59
25 0
289 99
290 136
118 113
118 51
80 37
209 15
187 60
187 9
187 5
225 190
225 160
225 62
119 58
119 44
119 19
119 6
119 67
119 191
119 151
119 62
17 192
17 170
17 193
17 38
17 27
17 20
17 64
17 88
17 194
17 195
17 162
17 9
17 47
17 85
17 69
17 61
17 62
199 196
150 197
150 136
150 3
150 171
150 198
150 11
150 9
150 4
150 0
150 62
150 75
291 199
159 0
4 15
4 150
113 118
113 12
113 22
113 147
113 97
113 57
113 200
113 62
111 121
111 26
111 69
111 28
111 47
170 3
170 17
170 15
170 160
170 103
170 62
70 58
70 37
70 201
70 153
292 56
35 25
35 14
35 41
35 151
35 82
35 74
35 62
6 84
6 202
6 203
6 64
6 28
6 14
6 162
6 0
6 26
6 3
6 2
6 171
6 142
6 69
6 62
6 25
6 20
6 83
6 119
6 15
6 4
6 166
6 204
293 36
191 25
191 26
191 119
189 136
189 205
129 95
15 170
15 206
15 38
15 196
15 27
15 13
15 175
15 64
15 102
15 207
15 49
15 58
15 26
15 30
15 155
15 208
15 3
15 197
15 9
15 209
15 177
15 69
15 149
15 25
15 118
15 210
15 151
15 4
29 211
29 68
29 20
29 23
29 14
29 64
29 162
29 2
29 28
29 69
29 212
29 98
201 70
201 213
59 14
247 214
12 10
12 113
12 62
94 158
69 53
69 26
69 110
69 145
69 6
69 97
69 14
69 133
69 88
69 17
69 15
69 162
69 2
69 29
69 62
69 178
69 28
69 93
69 0
69 215
294 216
168 208
168 217
295 218
295 65
87 58
87 219
87 220
296 221
297 6
220 87
84 6
84 162
84 30
84 171
31 138
298 15
205 189
299 186
176 2
144 222
58 26
58 70
58 40
58 180
58 17
58 15
58 223
58 224
58 82
58 137
58 87
300 25
44 119
190 225
301 226
227 227
163 228
163 94
163 156
163 216
255 229
255 230
255 147
47 117
47 65
47 60
47 38
47 197
47 231
47 3
47 17
47 111
47 37
47 23
47 232
47 9
47 121
47 62
47 68
47 7
47 233
47 127
181 13
181 142
181 75
245 136
245 41
245 234
302 62
303 101
304 9
242 184
153 134
197 26
197 8
197 6
197 3
197 119
197 48
197 197
197 47
197 28
197 60
305 152
305 22
156 30
306 161
306 65
237 142
237 3
237 64
237 28
50 141
307 85
117 2
250 204
97 69
97 113
97 162
97 62
97 235
210 15
57 129
57 26
57 62
57 14
308 48
64 188
64 25
64 236
64 5
64 3
64 189
64 122
64 110
64 160
64 49
64 29
64 212
64 237
309 184
139 41
126 46
222 144
161 40
161 238
161 239
161 0
161 11
213 201
34 58
34 240
34 82
34 241
34 180
16 10
16 101
22 26
22 30
22 10
22 167
22 226
22 113
22 21
22 62
196 25
196 6
196 15
196 199
27 25
27 26
27 9
27 109
27 64
27 192
27 15
27 197
27 164
27 59
27 153
100 20
100 225
310 75
251 185
311 119
312 111
71 64
71 224
169 208
169 242
313 110
55 15
55 174
55 14
55 0
68 231
68 2
21 113
21 75
21 127
314 243
108 244
315 27
40 26
40 243
40 12
40 5
40 10
40 101
40 28
40 98
40 9
40 0
40 62
5 40
5 64
5 60
136 25
136 26
136 150
136 245
136 246
136 11
136 9
214 247
125 248
316 249
316 151
317 35
42 8
61 88
61 14
61 57
61 17
61 4
61 215
101 40
101 20
101 48
101 239
101 16
98 40
98 100
98 20
98 29
186 189
186 250
186 9
53 14
53 172
53 59
53 69
53 61
53 0
318 129
217 168
51 41
51 106
51 9
51 62
51 76
124 251
147 26
147 113
147 252
147 69
147 40
147 20
147 171
147 17
147 28
147 137
147 160
206 57
206 14
319 253
151 26
151 15
151 119
236 64
320 88
234 136
234 41
198 93
198 115
48 205
103 85
103 170
103 254
103 255
177 15
96 216
96 41
96 15
96 9
96 75
149 15
62 170
62 12
62 6
62 15
62 23
62 14
62 256
62 47
62 0
62 58
62 26
62 29
62 2
62 198
62 41
62 257
62 69
62 165
62 25
62 40
62 20
62 57
62 64
62 150
62 85
62 113
62 238
321 198
322 159
11 41
11 174
11 150
143 79
228 258
228 13
228 259
228 260
228 15
228 165
19 1
19 62
19 9
19 119
93 198
93 261
93 160
135 19
212 64
246 136
323 262
200 113
200 80
241 34
102 20
102 15
60 41
60 5
60 9
60 14
60 47
324 25
85 103
85 41
85 62
325 22
232 47
