95 0
95 1
95 2
95 3
95 4
95 5
233 6
44 7
44 8
161 9
161 10
22 11
110 6
110 12
77 13
86 14
235 15
50 16
50 17
50 18
50 19
50 6
50 20
140 0
140 21
140 11
140 22
140 23
140 24
5 6
5 25
5 26
5 27
5 28
58 0
58 6
58 29
58 30
58 31
58 32
58 33
58 5
236 34
146 35
176 36
176 37
237 38
207 39
118 0
118 40
118 6
118 41
7 10
7 42
7 43
7 44
7 8
162 6
206 45
134 10
134 46
134 21
134 47
238 21
64 48
17 49
17 50
17 21
17 42
17 51
15 52
15 6
15 53
15 54
15 55
88 56
76 6
76 4
33 0
33 42
33 21
33 57
33 6
33 58
33 59
239 23
224 35
43 42
43 60
43 61
43 62
43 63
43 64
43 6
43 40
217 65
126 66
102 39
102 67
102 68
203 69
240 70
2 42
2 71
2 62
2 72
2 4
2 73
2 74
2 68
2 75
2 38
2 76
2 77
2 40
2 50
2 24
2 78
80 79
80 80
241 57
71 2
71 6
242 81
242 8
243 82
175 21
244 83
244 84
244 85
14 86
142 75
107 87
177 29
56 88
245 15
133 89
185 90
91 91
91 92
246 0
70 35
4 93
4 35
4 85
4 94
4 95
4 2
4 76
4 96
214 18
247 10
247 97
248 98
154 99
154 4
53 15
165 26
249 100
141 75
128 92
128 55
250 100
152 35
160 101
114 102
114 103
114 104
114 75
114 38
114 21
23 22
23 89
219 105
87 106
87 107
87 103
87 21
120 3
200 10
200 8
145 6
145 108
193 109
12 110
96 4
251 111
251 5
137 49
137 112
252 0
84 112
104 113
104 6
104 114
104 115
41 116
41 117
41 118
34 119
3 95
3 120
183 100
253 121
254 122
30 91
30 2
30 42
30 123
255 4
157 124
157 125
66 126
92 42
92 127
92 128
92 103
92 62
92 94
92 129
92 91
92 21
92 54
92 130
196 131
196 68
89 23
89 132
89 133
256 50
231 10
231 2
46 134
112 135
112 136
112 94
112 137
112 67
112 2
112 35
112 138
73 34
73 57
19 21
19 139
19 115
19 50
19 140
19 43
75 141
75 142
75 67
75 143
75 113
75 144
75 104
75 2
75 97
75 35
75 24
257 91
108 145
13 77
13 41
258 77
184 109
119 34
119 128
35 146
35 147
35 148
35 136
35 94
35 149
35 6
35 70
35 112
35 150
35 151
35 152
35 24
35 153
35 154
204 18
259 2
27 5
124 155
124 156
124 157
124 158
124 159
40 118
40 43
260 38
208 2
208 94
261 30
261 33
202 153
202 136
202 158
202 21
202 116
6 53
6 119
6 160
6 161
6 22
6 110
6 50
6 145
6 123
6 118
6 96
6 7
6 162
6 104
6 15
6 33
6 43
6 42
6 21
6 25
6 68
6 163
6 26
6 4
163 6
262 164
26 165
26 6
26 18
26 2
26 166
26 167
26 5
263 39
220 168
111 13
192 109
221 169
198 167
264 170
264 171
264 15
125 157
182 115
182 172
182 17
180 0
180 61
180 6
180 17
180 67
180 41
180 31
180 161
180 173
180 40
180 111
180 166
180 174
180 175
180 43
37 176
29 42
29 21
29 17
29 177
29 33
29 92
265 178
266 179
266 21
155 124
74 42
74 28
267 9
267 180
267 181
52 29
52 15
268 15
172 182
269 116
269 50
269 35
100 183
100 100
227 184
227 148
227 35
195 105
270 35
147 35
271 6
271 42
271 43
271 115
139 21
48 64
90 185
28 5
272 103
222 186
166 91
166 15
166 26
148 136
20 50
190 187
0 145
0 42
0 21
0 128
0 158
0 33
0 40
0 140
0 127
0 188
0 58
0 43
273 112
205 189
223 21
223 43
274 0
101 160
109 190
109 123
109 191
109 103
109 97
109 184
109 192
109 193
109 194
143 2
143 21
275 136
67 0
67 102
67 180
67 41
67 39
67 78
276 42
276 15
276 174
55 195
55 60
55 128
55 6
55 15
55 33
215 1
277 2
277 196
277 24
277 197
167 171
167 50
167 15
167 198
167 26
278 199
279 155
280 4
8 10
8 68
8 200
212 68
281 201
60 140
60 91
191 109
72 63
57 29
57 42
57 57
57 21
57 2
144 115
11 140
11 22
226 124
158 103
158 0
158 124
158 202
69 203
123 128
54 31
282 2
282 17
47 103
47 17
229 116
229 189
78 67
283 40
283 130
284 204
285 10
285 68
135 115
135 112
135 135
18 83
18 50
18 25
18 118
18 205
122 100
45 206
209 21
68 6
68 2
286 26
287 28
94 99
94 207
94 208
94 112
94 35
94 4
94 130
94 92
288 94
21 29
21 209
21 68
21 114
21 202
21 87
21 140
21 24
21 210
21 211
21 5
21 33
21 42
21 21
21 109
21 143
21 25
21 175
21 212
21 17
21 57
21 6
21 156
21 26
21 192
24 0
24 75
24 197
24 35
24 213
174 180
213 21
289 204
289 214
290 118
199 215
211 21
211 133
218 216
159 124
189 25
65 217
65 210
38 114
187 55
216 218
216 99
216 97
105 219
105 148
105 4
169 220
169 221
186 222
42 0
42 21
42 7
42 2
42 223
42 29
42 30
42 57
42 6
42 33
42 55
42 77
42 138
42 127
42 5
42 92
42 59
42 43
153 202
153 35
127 0
127 42
127 92
291 104
292 144
62 2
62 30
62 92
293 68
25 18
25 6
25 5
150 75
150 224
16 109
97 109
138 78
138 42
79 80
151 35
59 42
59 91
59 33
59 30
168 21
168 5
168 225
129 0
83 18
83 226
83 72
83 39
197 24
136 227
136 202
136 148
136 112
294 228
295 146
116 67
116 41
116 229
116 202
116 50
116 43
103 109
103 158
103 114
296 156
49 137
49 17
297 230
297 156
115 29
115 91
115 182
115 19
10 231
10 134
10 7
10 8
298 232
194 109
194 233
299 234
