214 0
214 1
214 2
302 3
261 4
303 5
304 6
195 0
244 6
244 7
300 8
127 9
127 10
127 11
127 12
127 13
127 14
127 15
127 16
127 17
127 18
305 19
305 20
103 21
103 22
211 23
211 24
211 25
211 26
211 27
211 28
211 22
211 19
211 29
211 30
211 31
251 32
251 33
45 34
45 35
45 36
291 37
93 38
93 39
93 5
93 40
93 41
93 15
93 29
93 42
93 33
35 43
35 44
35 1
35 45
182 46
306 47
306 48
187 49
187 50
187 51
187 46
187 52
307 53
308 54
286 49
55 55
55 56
55 57
55 15
55 58
55 59
60 15
60 60
60 61
245 62
245 52
120 63
264 64
309 65
310 0
310 65
311 66
312 52
275 67
275 19
275 68
59 55
59 69
71 70
71 65
70 43
70 71
70 72
70 73
70 18
70 74
70 75
70 76
70 55
70 77
70 1
70 59
70 63
70 19
70 78
70 45
70 79
141 19
141 80
141 81
141 23
141 78
196 82
196 83
196 84
196 85
196 86
196 73
196 87
196 88
196 5
196 89
196 90
196 0
196 1
196 33
196 56
196 46
196 91
313 19
40 92
40 93
94 58
94 94
92 43
92 95
92 59
92 22
92 78
92 96
92 72
314 39
314 97
172 98
172 99
57 55
57 100
22 101
22 49
22 19
22 94
22 0
22 102
22 103
225 104
225 105
225 106
225 34
225 19
225 107
225 48
132 5
132 13
315 108
315 109
140 110
316 111
317 112
139 113
139 114
220 1
146 21
146 74
146 115
146 116
199 117
199 0
246 62
277 24
128 1
128 118
128 119
128 120
128 64
318 38
201 0
14 10
14 21
14 5
14 66
14 18
14 79
41 15
41 1
266 74
266 121
319 66
237 1
237 95
122 122
122 123
186 50
186 124
186 56
186 125
186 15
186 0
186 22
186 19
186 78
186 46
186 126
80 0
80 36
80 46
11 127
11 128
11 129
11 15
11 16
11 26
11 10
11 18
254 130
144 131
144 0
144 81
144 59
184 132
184 0
184 29
184 133
184 117
213 116
320 134
135 15
135 135
135 72
321 34
322 136
322 137
160 138
23 139
23 140
23 70
23 141
23 142
23 143
23 59
23 93
23 15
23 0
23 1
23 65
23 58
23 138
23 144
23 46
23 33
23 23
115 145
115 146
115 46
115 33
13 147
13 0
13 34
143 21
143 148
143 149
143 19
36 150
36 36
36 1
36 19
36 45
36 151
36 109
36 152
36 153
36 46
36 91
36 50
36 154
36 155
36 0
36 156
36 157
36 29
36 116
36 158
36 98
36 31
236 134
323 46
76 70
76 159
76 78
273 21
138 58
138 0
138 160
138 23
137 161
137 19
137 136
137 55
68 162
68 163
68 104
68 164
242 43
242 118
324 165
324 166
292 167
292 168
325 50
325 169
175 170
20 29
326 13
255 46
151 117
204 13
98 171
98 56
98 172
98 10
98 98
131 0
179 46
179 62
282 173
153 111
153 36
153 174
153 8
129 11
129 15
161 15
161 137
161 149
227 175
227 176
227 97
46 6
46 115
46 177
46 73
46 36
46 1
46 119
46 166
46 19
46 23
46 178
46 151
46 179
46 49
46 74
46 180
46 33
46 50
46 82
46 5
46 181
46 182
46 183
46 184
46 30
46 15
46 185
46 186
46 80
46 107
46 187
78 43
78 188
78 70
78 15
78 74
78 5
78 94
78 92
78 0
327 120
203 189
328 58
222 54
222 1
329 15
329 135
329 78
330 178
301 15
331 15
331 168
224 109
224 190
224 36
224 191
224 58
224 107
197 0
197 1
197 192
155 36
155 5
0 83
0 193
0 73
0 36
0 82
0 13
0 1
0 131
0 23
0 117
0 194
0 186
0 195
0 62
0 196
0 78
0 197
0 198
0 22
0 138
0 144
0 199
0 200
0 201
0 15
0 77
0 148
0 69
0 107
0 79
26 82
26 10
26 11
26 202
26 203
26 153
26 97
26 204
26 53
26 127
26 63
26 19
26 129
26 184
26 18
218 19
218 21
241 21
241 82
241 42
241 205
44 35
44 52
29 206
29 207
29 208
29 93
29 42
29 36
29 82
29 209
29 59
29 210
29 211
29 112
29 184
29 212
332 36
332 186
332 159
116 50
116 117
116 146
116 127
116 21
116 36
116 5
116 14
116 179
116 213
116 52
116 30
43 214
43 1
43 119
281 178
288 161
288 215
108 216
142 139
142 217
285 49
21 50
21 82
21 23
21 62
21 142
21 143
21 150
21 5
21 14
21 75
21 1
21 34
21 173
21 218
21 219
21 116
1 214
1 83
1 23
1 220
1 34
1 19
1 131
1 109
1 74
1 221
1 46
1 33
1 82
1 70
1 222
1 38
1 196
1 5
1 0
1 64
1 138
1 128
1 97
1 223
1 15
1 65
1 192
1 107
1 79
107 224
107 73
107 197
107 15
107 225
107 226
107 79
333 68
333 104
97 170
97 227
97 15
97 38
97 73
97 228
97 93
191 173
191 52
15 193
15 189
15 1
15 229
15 93
15 158
15 129
15 60
15 67
15 46
15 33
15 59
15 82
15 5
15 230
15 231
15 0
15 52
15 232
15 43
15 14
15 97
15 15
15 16
15 186
15 78
15 107
47 38
47 15
47 5
334 52
148 0
148 158
65 170
65 71
65 6
65 15
74 233
74 117
74 70
74 234
74 235
74 128
74 15
74 1
74 46
335 15
18 67
18 11
18 16
134 236
10 73
10 98
10 26
10 19
336 37
83 0
83 120
83 78
85 50
85 19
85 196
85 73
337 15
260 4
73 175
73 82
73 70
73 56
73 189
73 97
73 0
73 237
73 238
73 2
125 29
164 68
263 239
338 19
338 63
16 11
16 240
16 129
16 15
16 127
16 66
16 18
205 241
119 43
119 242
119 46
166 243
166 117
166 196
238 108
111 192
111 188
111 18
6 244
6 82
6 146
62 245
62 246
62 21
62 15
62 1
62 58
117 50
117 24
117 247
117 199
117 248
117 74
117 36
117 76
117 249
117 218
117 184
117 116
339 250
33 115
33 4
33 46
33 15
33 1
33 105
33 251
33 252
340 46
340 129
90 196
152 58
152 11
235 135
235 2
274 171
274 19
274 253
130 254
130 113
341 255
105 33
72 70
72 135
91 34
212 170
212 29
50 43
50 256
50 70
50 85
50 222
50 21
50 36
50 107
50 15
50 0
50 257
50 22
50 187
50 30
50 258
50 116
298 259
149 223
149 143
149 80
4 260
4 34
4 5
4 261
4 33
38 34
38 262
239 263
295 5
216 108
342 1
342 118
210 29
210 135
64 264
64 1
64 79
52 104
52 15
52 240
52 55
52 245
52 73
52 58
52 44
52 165
52 187
99 172
99 70
99 19
58 70
58 152
58 94
58 265
58 1
58 148
58 52
58 138
58 266
58 211
343 3
219 267
89 268
89 196
89 26
232 56
232 269
232 265
284 29
82 73
82 70
82 21
82 133
82 15
82 83
82 79
82 241
82 59
82 107
82 46
82 78
344 252
170 175
170 65
54 222
240 18
176 227
345 178
268 89
209 29
346 26
347 270
192 15
192 1
2 1
30 50
30 211
30 48
30 46
123 122
123 187
348 19
348 271
256 170
349 272
9 170
9 26
9 33
9 4
193 131
350 42
350 68
177 177
56 49
56 273
56 0
56 70
56 186
202 26
202 14
290 112
290 46
150 21
150 36
150 55
189 0
189 18
189 78
351 65
352 53
88 59
34 43
34 23
34 4
34 38
34 21
34 173
34 111
34 1
34 34
34 19
34 45
5 4
5 1
5 21
5 196
5 155
5 47
5 69
5 79
5 78
5 116
19 36
19 1
19 34
19 42
19 141
19 208
19 55
19 274
19 275
19 137
19 50
19 25
19 70
19 10
19 22
19 225
19 218
19 43
19 46
19 276
19 21
19 277
19 14
19 97
19 15
19 107
293 70
101 22
32 251
42 19
42 29
42 278
353 279
354 280
159 76
178 281
178 46
208 19
208 29
173 82
173 118
173 111
173 21
173 189
173 282
173 283
173 191
173 284
173 34
173 29
287 49
287 222
109 36
49 285
49 286
49 263
49 56
49 22
49 287
49 183
49 46
49 187
248 117
154 168
75 132
283 173
355 288
356 117
357 70
262 38
262 289
112 290
112 29
96 263
258 50
258 19
358 15
69 59
359 266
188 78
95 237
37 78
37 194
37 291
37 187
114 139
3 15
3 107
168 154
168 36
168 94
168 0
168 148
168 52
168 58
168 292
168 184
168 78
7 244
230 15
223 293
223 288
223 184
223 1
223 149
215 288
360 70
360 62
360 294
102 22
181 46
361 82
163 68
183 46
362 19
271 268
61 15
61 60
363 74
363 117
118 242
158 111
158 11
158 295
158 15
158 148
158 296
158 211
158 271
364 97
228 97
365 297
259 298
39 299
233 74
233 183
8 53
8 300
198 0
53 58
53 8
53 0
63 70
366 236
367 301
81 141
252 171
252 172
252 33
104 104
104 52
79 82
79 70
79 14
79 15
79 0
79 1
79 107
