169 0
169 1
169 2
169 3
169 4
105 5
105 6
105 7
105 8
105 9
105 10
105 11
105 12
105 13
91 14
91 15
91 9
91 16
181 17
180 18
182 19
44 20
44 21
183 22
178 23
184 2
149 24
149 25
108 11
31 26
31 27
31 28
185 29
28 30
28 31
28 32
102 2
125 33
125 34
125 35
134 36
134 37
134 38
114 39
9 38
109 13
141 40
141 11
93 38
93 41
93 11
93 42
186 43
21 44
21 45
21 46
21 47
90 11
90 23
73 48
115 49
57 0
57 50
57 6
57 38
57 23
57 51
57 52
57 53
187 0
163 8
20 44
20 54
20 21
110 55
52 56
52 57
52 47
52 52
52 58
52 53
52 59
52 13
84 60
188 61
188 27
150 24
59 0
59 62
59 15
59 32
59 63
59 42
59 64
15 0
119 30
119 65
116 66
189 67
190 68
191 69
153 17
153 70
153 71
48 72
48 73
48 47
53 74
53 75
53 50
53 76
53 77
53 78
53 79
53 80
53 81
53 82
53 83
53 30
53 52
53 84
53 85
53 86
53 87
192 88
164 28
193 89
58 90
58 52
58 91
56 52
56 92
56 67
42 93
42 94
42 59
38 95
38 96
194 77
104 14
104 97
104 57
104 98
104 89
104 38
104 48
104 99
154 100
154 77
154 13
118 101
146 47
195 102
195 103
168 43
168 0
6 11
6 104
6 105
6 57
196 64
197 56
117 106
117 38
117 68
140 74
112 64
11 0
11 10
11 4
11 90
11 107
11 58
11 108
11 27
11 16
16 11
16 91
13 105
13 32
13 64
13 52
13 25
13 109
13 85
7 105
55 110
155 111
64 112
64 59
64 13
170 0
147 113
147 72
39 49
39 15
39 114
39 115
10 77
10 105
10 4
10 26
10 31
10 11
66 10
66 116
106 117
41 93
62 118
65 8
65 49
65 119
65 120
198 121
198 0
198 60
198 122
199 121
199 123
4 124
4 50
4 90
4 31
34 125
34 126
34 127
200 128
139 74
156 77
135 129
126 34
103 74
103 77
103 130
47 131
47 38
47 68
174 132
174 29
161 43
161 65
94 68
145 98
201 17
85 13
2 133
202 21
97 104
36 134
157 77
203 74
129 128
129 135
129 136
129 84
129 23
160 128
49 107
49 137
99 138
74 103
74 139
74 43
74 107
74 84
74 140
40 141
40 142
67 17
67 143
67 56
67 144
98 38
98 104
98 145
89 138
89 88
204 38
45 21
51 57
173 0
27 8
27 31
27 11
5 105
159 128
205 57
205 146
205 47
148 77
72 48
72 147
24 74
24 6
24 60
24 148
24 58
24 149
24 150
88 89
88 52
88 77
12 105
12 12
14 151
14 97
14 77
14 138
37 134
206 129
137 152
137 49
17 153
17 154
17 59
17 143
17 0
207 38
143 67
70 153
111 155
123 89
123 77
172 0
172 21
208 84
101 118
77 14
77 156
77 157
77 89
77 94
77 144
77 125
77 152
77 154
77 87
95 64
122 158
128 62
128 159
128 129
128 55
128 39
128 160
100 106
100 154
209 84
43 74
43 161
43 162
8 120
8 71
8 163
8 164
8 165
8 12
8 105
25 38
25 149
25 18
35 125
26 10
26 31
19 48
87 53
87 77
210 77
130 103
50 53
50 4
50 158
50 57
132 29
211 11
211 16
212 77
213 136
214 166
151 68
68 94
68 47
215 89
60 24
216 167
0 74
0 168
0 169
0 57
0 17
0 32
0 59
0 170
0 171
0 172
0 173
0 21
175 174
29 174
29 175
29 176
32 68
32 177
32 28
32 13
80 53
80 13
142 40
23 4
23 90
23 129
23 178
23 57
30 179
30 28
30 84
30 48
107 74
107 89
107 49
107 11
217 77
18 145
18 25
18 180
218 47
