134 0
68 1
209 2
217 3
227 4
228 5
117 6
111 7
111 8
111 9
111 10
111 11
223 12
223 13
78 14
78 15
78 16
78 17
229 18
135 19
179 20
45 21
45 22
45 4
45 23
45 24
63 25
63 26
63 27
63 28
63 29
185 30
185 31
34 32
34 33
34 34
34 35
34 36
34 37
34 38
34 39
34 40
182 41
182 42
182 43
230 44
22 45
190 46
190 47
174 32
174 48
174 49
174 20
174 50
174 4
231 51
165 52
232 53
233 54
160 55
206 3
71 56
71 57
71 58
71 23
71 29
71 24
234 59
234 60
220 12
149 61
114 62
235 38
235 63
222 12
6 64
6 65
6 66
6 67
1 68
39 69
39 8
39 70
39 71
39 72
5 73
16 56
16 74
16 63
16 75
16 38
16 76
16 13
16 77
16 71
16 78
204 79
133 80
236 81
236 82
237 83
238 82
58 84
58 71
115 85
216 23
169 86
64 87
64 88
64 6
64 89
64 90
64 91
175 92
175 36
175 93
239 94
239 95
239 22
199 96
199 97
240 98
210 36
210 99
24 45
24 71
24 100
24 101
24 102
24 40
241 99
136 103
242 78
13 63
13 104
13 105
13 14
13 50
243 106
243 107
243 108
243 109
243 110
244 111
245 26
245 63
137 112
137 113
195 77
246 114
247 62
87 40
197 56
85 115
248 116
249 117
9 111
127 118
127 119
250 108
251 81
251 120
252 74
253 94
162 121
254 44
44 122
44 26
44 76
44 123
44 23
44 124
44 78
218 82
218 23
255 125
2 126
256 94
38 12
38 96
38 16
257 14
118 119
118 127
258 13
259 71
259 40
156 12
156 128
156 116
156 129
29 130
29 131
29 15
29 62
158 56
158 132
158 95
80 133
224 12
147 100
147 50
141 100
141 74
141 71
69 39
69 134
69 102
69 135
69 136
260 137
261 94
262 138
170 139
170 140
75 21
75 81
75 42
100 141
100 56
100 3
100 142
100 143
100 20
100 83
100 144
100 14
100 29
100 50
100 23
100 145
100 24
100 146
100 147
263 148
61 149
61 150
219 12
21 74
21 51
21 75
21 26
21 76
21 20
21 83
21 151
21 22
21 16
264 34
62 152
62 153
124 154
265 155
116 156
4 26
4 82
4 20
266 29
101 24
101 157
267 158
267 86
150 61
103 136
76 74
76 71
76 75
76 81
76 13
76 151
76 21
76 159
76 23
76 16
76 77
76 44
76 160
27 161
121 162
125 13
144 163
226 164
81 74
81 45
81 26
81 81
81 82
81 79
221 12
52 165
52 3
129 166
129 156
89 64
17 167
268 137
102 168
102 48
86 72
86 169
131 170
131 29
269 55
53 56
53 171
53 172
166 142
166 113
32 26
130 29
187 51
49 173
49 174
49 146
270 14
142 100
142 175
142 176
88 12
88 64
88 177
88 168
271 178
20 74
20 63
20 178
20 26
20 100
20 21
20 4
20 179
272 20
272 180
272 181
41 182
14 183
14 100
14 36
14 184
14 112
14 78
14 24
14 146
55 15
55 160
84 168
30 185
30 31
273 186
273 187
72 86
72 39
72 169
47 12
26 188
26 4
26 51
26 19
26 178
26 142
26 182
26 20
26 189
26 12
26 190
26 81
26 23
26 106
26 191
26 80
26 177
33 34
215 20
215 192
274 193
274 20
275 177
276 194
201 50
119 127
37 26
37 160
155 74
155 71
155 54
191 26
77 106
77 195
82 53
82 100
277 144
277 15
278 12
278 196
56 197
56 100
56 125
56 198
56 16
56 158
279 139
188 171
46 190
280 160
281 150
282 9
104 156
104 13
97 96
97 199
157 101
66 6
66 200
50 100
50 201
50 174
50 13
50 147
92 175
51 71
51 21
51 202
51 23
51 16
283 74
196 203
213 168
43 182
284 181
285 204
189 205
159 155
159 76
159 160
3 187
3 48
3 87
3 206
3 23
3 207
79 204
79 12
79 81
79 82
79 84
286 23
287 142
74 155
74 71
74 51
74 20
74 208
74 21
74 23
74 209
288 210
289 13
289 211
183 111
183 14
8 111
36 26
36 212
36 34
36 130
36 9
36 61
36 6
83 130
83 21
140 144
140 170
112 14
96 38
96 15
96 97
96 199
290 26
291 210
106 77
292 213
90 64
146 100
146 14
151 76
151 214
151 23
151 16
293 132
294 87
192 215
23 168
23 74
23 45
23 71
23 51
23 3
23 21
23 26
23 76
23 20
23 216
23 217
23 77
23 16
23 23
23 177
23 44
295 55
296 111
168 84
168 88
168 23
168 29
168 102
168 218
12 56
12 219
12 71
12 26
12 220
12 221
12 88
12 222
12 21
12 156
12 29
12 223
12 224
15 26
15 55
15 16
15 29
297 71
172 53
40 177
225 225
298 82
164 226
164 34
164 207
