927 0
927 1
316 2
316 3
316 4
316 5
316 6
316 7
316 8
316 9
316 10
316 11
316 12
316 13
316 14
761 15
761 3
182 16
182 17
182 18
182 19
182 20
182 21
182 22
182 23
182 24
182 25
182 26
30 27
30 28
30 29
30 30
30 31
867 32
867 33
752 34
948 35
948 36
948 37
1258 38
517 39
517 40
517 41
1259 8
711 42
1260 43
1261 44
266 45
969 46
1023 35
1262 47
1263 48
551 49
1264 50
375 51
375 52
375 53
375 54
375 55
375 56
375 13
375 57
1047 3
1248 58
1248 59
1248 60
158 61
158 62
158 63
1265 64
1265 65
1266 66
1266 67
1080 68
801 69
801 70
922 71
922 72
876 73
876 35
876 74
876 75
876 76
876 77
876 78
196 79
196 80
58 71
58 81
58 82
1267 83
218 84
218 85
218 86
218 87
218 88
218 89
218 90
218 91
218 92
218 93
218 94
218 95
218 96
218 97
218 98
218 99
687 8
687 100
687 101
1268 102
1268 103
913 104
913 105
913 106
1241 107
694 44
352 7
352 35
1269 108
1111 8
1111 109
1111 110
642 111
642 112
642 113
642 114
642 115
642 116
642 117
41 118
41 3
41 35
41 119
41 120
41 121
41 122
41 123
998 14
265 124
265 125
265 126
265 127
265 128
265 129
270 130
270 131
270 117
270 132
283 133
283 134
1270 135
721 136
1271 137
1034 138
616 139
616 3
616 140
321 141
321 142
321 143
321 144
321 145
321 15
321 146
321 147
321 148
321 149
321 150
471 151
471 62
471 152
471 153
471 154
471 155
594 129
493 156
803 157
803 158
803 159
374 160
374 161
374 162
374 163
374 164
374 165
374 166
374 126
374 167
374 168
374 169
374 170
374 171
374 172
374 173
374 174
374 49
374 52
374 175
374 14
374 176
522 177
522 178
522 15
522 30
1272 179
1132 167
211 26
645 117
423 180
423 181
423 146
1273 182
1274 183
1275 184
1051 3
1051 59
624 185
624 186
193 187
193 188
193 189
193 49
885 190
885 161
1276 63
579 191
579 192
579 193
901 187
901 194
901 195
80 73
80 34
80 196
80 197
80 198
80 75
80 199
80 200
80 201
80 135
80 202
80 79
80 203
80 204
80 205
80 206
573 207
884 208
884 209
1277 210
1278 211
875 75
875 212
1279 213
981 214
88 215
88 87
88 216
88 217
88 218
88 219
382 220
382 221
382 222
1032 118
1032 223
1280 63
418 224
418 225
418 226
1281 227
89 228
89 218
89 30
89 99
1282 229
1282 73
289 24
289 230
289 182
1283 214
245 231
245 232
245 233
245 202
953 234
953 59
953 51
1284 235
1285 181
889 236
1286 126
151 237
956 238
956 162
1233 239
1233 83
570 240
570 241
135 3
135 242
135 243
135 244
233 245
1287 246
1288 247
1289 165
796 172
260 248
260 249
260 250
260 251
260 252
260 75
260 3
260 253
260 122
122 254
122 255
122 256
122 257
122 198
122 7
122 258
122 259
122 3
122 260
122 96
1110 236
1110 109
1110 196
1204 261
1204 56
1290 262
1291 263
1118 264
128 13
128 265
45 63
45 266
928 267
928 268
299 13
299 161
299 59
754 34
754 269
750 34
750 270
340 271
340 272
340 273
340 48
340 274
340 246
340 275
1170 276
219 151
219 34
219 277
219 278
219 226
957 123
314 279
314 280
314 281
314 282
1292 283
1247 24
705 160
705 219
705 284
1293 285
358 286
358 287
358 209
358 288
358 226
230 24
230 289
560 3
560 290
1128 291
1128 292
1128 37
877 293
1294 294
844 295
844 296
132 297
132 298
575 299
575 300
586 301
85 302
85 303
85 226
20 304
20 305
20 306
20 182
20 307
20 308
1295 309
795 172
1296 310
637 311
637 206
368 312
1297 313
1298 111
16 182
5 314
5 315
5 316
66 317
66 318
66 319
1185 32
1185 320
1185 214
79 80
79 196
79 202
1299 71
1299 321
1299 322
1299 149
1299 119
1300 162
936 323
346 3
346 324
346 325
346 326
346 298
346 327
346 328
346 329
346 330
1301 331
130 332
130 323
130 333
130 292
130 334
130 335
130 52
130 120
130 336
130 337
815 165
50 338
50 339
376 83
1063 340
1063 341
1063 59
73 342
73 128
73 175
73 177
248 260
69 283
69 343
69 344
610 39
1040 184
825 165
1201 261
1302 345
325 346
102 347
102 348
102 349
1303 3
668 294
668 350
1304 323
1174 52
799 351
799 284
1305 272
7 352
7 10
7 353
7 354
7 331
7 355
7 356
7 83
7 316
7 96
7 357
7 226
288 358
288 359
52 130
52 360
52 361
52 59
52 136
52 161
52 173
52 362
52 82
52 338
52 202
52 174
52 357
52 363
52 226
52 364
341 365
341 333
341 165
341 166
341 99
341 117
462 366
462 278
462 367
462 7
462 331
462 338
1306 368
1306 369
722 370
722 136
279 247
629 371
629 34
629 126
1307 214
1129 179
1129 372
56 373
56 374
56 3
56 375
56 318
56 376
56 54
56 217
1238 83
319 56
319 377
319 66
319 378
319 379
1308 380
96 147
785 80
1309 292
900 187
900 35
900 214
1152 381
220 382
220 383
281 52
281 106
281 286
914 37
861 22
604 384
604 385
65 64
1310 386
1310 33
277 387
277 129
277 388
451 389
1311 390
249 260
278 160
278 391
278 3
278 35
278 392
278 126
278 168
278 194
278 96
278 219
278 226
481 27
481 265
481 393
481 150
475 285
475 49
475 181
475 394
525 151
525 3
763 395
1025 396
258 247
1312 397
654 398
654 259
654 3
967 399
1313 221
1314 299
567 400
567 236
567 401
567 402
1011 35
646 97
646 117
1315 403
663 271
843 404
843 376
843 405
843 406
6 407
1316 408
1163 409
636 293
636 57
636 206
1317 410
226 411
226 160
226 412
226 360
226 278
226 413
226 324
226 414
226 273
226 7
226 415
226 416
226 338
226 52
226 106
226 54
226 27
226 417
226 418
226 177
226 63
181 419
181 420
181 421
181 381
181 422
181 423
938 279
938 424
561 425
910 426
1318 427
1319 428
819 165
819 429
819 430
819 222
1320 33
455 208
455 431
824 165
638 432
638 206
247 5
247 360
247 433
247 182
247 279
1321 434
1059 435
1059 436
244 437
244 438
244 135
244 242
244 439
1322 47
332 80
29 3
29 440
29 59
29 441
29 10
29 442
29 321
29 443
29 37
29 444
29 445
29 446
29 184
29 447
29 448
29 449
29 417
29 14
29 198
1038 450
1038 135
1038 451
1162 452
1323 182
1324 172
430 165
1325 453
1121 454
1121 455
1121 456
848 457
848 458
848 296
848 125
848 459
848 379
338 460
338 461
338 50
338 462
338 15
338 52
338 463
338 464
338 226
648 465
648 299
1326 413
254 466
254 122
254 467
254 410
1327 221
775 400
775 468
1002 37
1002 469
153 470
153 471
153 38
408 472
1029 473
1029 474
1029 162
1029 475
1029 150
1328 476
724 477
724 478
724 479
724 480
724 106
724 180
743 481
1329 482
1257 483
1257 129
1257 484
1257 275
845 294
845 133
1126 485
777 347
777 52
777 179
777 486
548 487
508 3
508 217
508 173
550 488
550 489
550 490
550 214
550 243
1148 491
1148 492
996 14
996 35
996 37
156 102
156 493
156 3
156 494
447 165
1105 223
1330 495
1331 496
82 497
82 498
82 347
82 81
82 499
82 185
82 225
82 52
82 500
82 501
82 502
1332 206
794 272
446 29
621 271
1093 121
217 503
217 504
217 202
217 505
217 80
217 458
217 506
217 507
217 374
217 88
217 186
217 508
217 509
217 126
217 510
217 353
217 511
217 171
217 512
217 513
217 56
217 69
1333 514
1334 31
74 411
74 475
74 35
74 515
74 516
74 49
74 15
74 53
74 284
74 517
74 518
414 381
414 519
414 520
1335 166
222 39
222 521
222 14
222 382
222 165
178 522
1336 523
305 20
1084 524
64 265
64 126
64 127
64 65
64 52
64 226
798 525
798 526
1079 34
1079 126
1079 527
832 317
832 318
832 217
1337 344
515 63
515 206
515 38
515 74
515 110
298 324
298 37
298 326
298 132
298 346
298 384
298 285
298 528
1338 529
1338 530
1339 125
986 214
137 336
718 531
718 532
718 59
589 533
589 83
589 534
1340 535
1340 257
693 177
693 536
693 3
693 537
385 538
385 539
385 540
385 541
385 542
385 543
385 544
385 39
385 386
385 545
385 546
385 249
769 39
1341 453
1342 94
1343 521
407 310
407 6
179 107
179 265
179 126
179 312
1344 59
1345 423
679 318
1151 381
448 547
448 29
448 186
448 125
364 14
364 174
364 161
364 3
364 271
487 548
490 549
490 550
490 32
490 272
1346 210
415 226
49 551
49 552
49 553
49 186
49 193
49 27
49 476
49 554
49 176
888 229
888 38
357 555
357 3
357 556
357 557
357 466
357 172
357 83
357 558
357 71
357 559
357 560
357 57
1145 3
1347 561
1042 3
532 188
1348 504
155 471
1349 322
1349 562
303 106
391 278
38 563
38 127
38 515
38 444
413 411
413 59
413 257
413 7
413 544
413 356
413 564
413 106
413 344
413 565
413 226
413 57
194 566
951 565
402 102
402 567
1058 568
1350 173
1350 385
188 532
188 37
390 438
390 165
591 536
1351 569
1352 123
240 570
240 48
240 361
240 571
572 572
1353 135
152 63
932 105
1123 456
1354 573
1164 409
114 285
114 476
300 133
300 81
300 574
300 575
300 502
300 576
300 577
192 578
192 579
192 580
192 405
880 174
1169 95
1169 581
1355 582
937 280
937 323
937 583
937 226
301 584
301 345
301 167
301 585
301 80
301 202
301 586
1356 37
1357 71
501 82
818 165
1358 587
292 588
479 500
534 589
534 83
534 415
1359 590
1360 536
1360 591
959 592
97 593
97 117
129 594
129 277
732 107
732 226
732 595
1361 262
699 596
699 597
699 186
699 214
699 275
598 598
598 599
472 127
472 600
472 408
470 601
470 153
1362 210
1362 602
1018 35
952 149
384 603
384 40
384 604
384 298
384 181
384 340
384 605
84 606
84 607
1066 200
1363 11
1363 400
39 34
39 162
39 35
39 608
39 271
39 609
39 222
39 225
39 610
39 611
39 612
39 613
39 83
39 376
39 614
39 95
39 417
39 232
39 26
39 615
139 616
787 423
787 123
787 617
658 618
658 25
658 619
442 114
442 29
1364 57
434 476
434 125
833 592
1365 620
232 621
232 622
232 271
186 223
186 623
186 624
186 217
186 625
1366 626
439 246
1184 112
1367 627
1368 34
1368 596
855 63
855 214
126 265
126 578
126 278
126 59
126 125
126 398
126 628
126 629
126 630
126 64
126 172
126 631
126 174
126 632
126 633
444 187
444 592
444 35
444 634
444 38
1369 635
206 404
206 515
206 80
206 636
206 637
206 638
206 381
206 639
206 640
206 150
1370 176
207 293
1371 50
872 8
808 165
1372 177
405 192
1373 620
689 641
954 234
117 34
117 642
117 643
117 544
117 644
117 341
117 645
117 97
117 646
117 647
520 271
170 59
465 299
465 648
1374 432
28 299
330 346
330 613
1181 27
1181 649
902 650
173 52
1375 651
12 15
12 3
12 129
759 271
398 652
398 188
398 126
398 653
398 654
398 655
1376 63
725 656
725 165
13 299
13 126
13 375
853 657
853 658
554 126
554 54
554 659
554 660
1179 661
734 578
734 59
734 662
734 198
734 47
734 174
1377 183
1378 271
343 70
343 663
343 664
343 665
1379 666
916 180
916 202
1380 667
310 668
1100 669
250 260
62 670
62 60
1381 671
1382 353
1173 71
185 624
185 82
185 672
1108 673
1108 195
1244 674
1244 123
866 607
401 567
612 39
612 148
612 82
1383 675
1384 50
1385 676
318 314
318 160
318 258
318 255
318 453
318 347
318 403
318 66
318 677
318 678
318 679
318 680
318 502
318 56
286 281
286 18
286 138
286 126
286 370
286 123
286 286
150 606
150 681
150 296
150 59
150 481
150 682
150 683
150 174
150 27
150 275
150 206
1386 684
834 685
834 110
834 686
834 565
834 95
834 687
834 180
834 30
1387 688
331 462
1388 689
1389 690
177 522
177 177
177 691
177 692
177 3
177 282
177 128
177 693
177 226
1390 202
1391 52
1083 161
1069 44
1069 694
1392 434
1392 35
1393 695
751 323
212 75
212 315
212 696
356 83
731 697
731 698
1394 357
695 15
909 426
581 699
420 700
420 181
1395 701
1135 379
760 71
760 702
760 9
664 343
54 703
54 704
54 56
54 554
54 226
160 374
160 318
160 705
160 226
160 278
786 210
625 151
625 127
625 186
1098 706
1098 476
1396 346
1397 333
1398 459
1399 282
943 707
943 708
333 130
333 81
333 709
333 469
1400 271
630 126
1401 482
1402 710
692 177
970 46
42 84
42 711
175 73
175 374
175 59
175 712
977 713
26 211
26 39
26 182
1403 122
1404 714
171 374
171 361
171 217
171 576
171 715
841 473
841 716
841 59
841 698
841 717
841 274
841 106
841 27
531 718
531 661
136 367
136 719
136 720
136 14
136 721
136 722
1405 172
1406 723
1407 34
1407 724
503 456
503 725
503 217
503 726
503 374
40 384
60 162
60 61
60 525
60 727
60 127
60 726
1131 202
696 75
696 728
1223 15
1408 96
1408 299
1189 182
1189 729
839 730
1409 731
1409 29
1409 226
595 732
878 733
578 210
578 734
578 273
578 126
578 728
1410 37
1411 642
1065 735
1065 148
1065 736
1065 510
1065 737
892 633
673 195
1412 738
241 3
1413 102
1414 739
1415 740
780 347
61 60
269 34
1060 184
1060 59
1416 741
425 34
1099 742
1099 743
1099 119
1099 631
1099 182
1099 744
1417 745
672 185
685 432
1418 172
1196 50
1419 451
1045 3
1045 746
1045 286
1420 138
707 143
707 322
1421 34
1039 450
1229 202
1422 214
1423 38
34 80
34 747
34 748
34 749
34 269
34 750
34 146
34 751
34 687
34 752
34 425
34 186
34 524
34 661
34 753
34 629
34 409
34 39
34 181
34 754
34 561
34 755
34 756
34 757
34 758
34 323
271 606
271 621
271 759
271 760
271 202
271 340
271 381
271 761
271 364
271 520
1175 202
395 762
395 763
395 18
1424 316
771 764
857 63
315 212
315 138
315 765
315 766
315 5
315 767
315 157
1425 448
1177 768
1426 3
899 10
899 74
899 517
366 769
366 3
366 136
366 770
366 462
366 198
366 771
366 772
366 383
366 81
366 773
366 148
366 502
366 176
1427 450
70 271
1428 647
1068 63
1068 126
1068 44
1429 179
1430 224
1431 3
1037 98
1037 774
1037 570
1037 284
1037 379
614 39
400 366
400 436
400 165
400 236
400 775
400 226
1432 414
527 90
347 776
347 82
347 777
347 778
347 779
347 780
347 781
347 318
347 121
347 202
347 102
347 782
347 783
347 647
1433 15
1433 784
1433 785
1433 786
617 787
617 123
242 135
452 283
452 256
790 151
790 788
313 318
1434 789
788 790
1095 12
789 71
789 165
1136 791
1435 792
1436 35
676 793
272 202
272 794
272 490
1183 765
1183 214
505 217
145 63
145 321
1437 38
172 733
172 795
172 796
172 554
327 473
327 346
327 329
934 81
934 797
559 357
559 789
526 798
1438 182
304 450
304 799
304 609
304 510
304 800
304 52
304 376
304 284
1439 323
1440 125
225 366
225 418
225 82
93 63
93 218
830 98
43 704
119 801
781 347
781 108
781 41
1190 380
1441 63
159 63
159 802
159 803
159 804
1049 3
165 805
165 806
165 807
165 725
165 400
165 808
165 809
165 810
165 374
165 811
165 789
165 714
165 543
165 812
165 341
165 222
165 813
165 814
165 815
165 447
165 816
165 390
165 817
165 429
165 818
165 755
165 339
165 819
165 820
165 821
165 822
165 823
165 824
165 430
165 825
165 615
558 450
558 826
1215 37
411 687
411 565
411 226
1442 827
1443 828
1075 24
1075 127
1075 385
1075 736
1075 432
1444 130
1444 318
925 48
506 217
603 829
603 40
603 68
1445 18
590 830
543 831
543 385
850 353
846 63
422 593
422 683
1446 59
317 66
317 832
1447 63
592 833
592 35
592 74
836 432
836 834
836 835
836 274
836 836
836 837
836 838
836 102
730 839
513 148
1072 377
1448 358
1449 829
827 424
827 122
1450 162
821 165
1195 492
1451 826
167 840
167 301
167 174
739 13
717 841
1452 736
500 479
500 842
500 379
1453 843
133 593
133 844
133 845
133 283
133 846
458 457
458 847
458 755
458 848
458 318
458 217
1454 849
1455 283
353 850
353 851
1456 453
92 63
92 852
92 218
1457 247
1457 853
253 162
1458 854
1459 162
63 373
63 142
63 855
63 138
63 856
63 857
63 92
63 152
63 773
63 858
63 45
1024 859
1024 325
1024 136
1117 647
1117 466
1460 271
1461 486
912 138
1208 860
1462 80
22 861
607 862
607 863
607 864
607 865
607 866
607 366
607 202
607 448
363 52
31 459
32 867
1101 868
131 213
1463 869
388 52
1464 80
601 470
1019 870
1019 3
1019 35
8 384
8 871
8 872
8 738
389 274
881 174
862 8
862 607
862 154
862 687
862 122
862 574
530 863
571 240
571 83
571 133
1465 172
1466 873
75 73
75 527
75 696
75 80
75 874
75 173
75 875
75 876
486 223
486 164
486 95
486 154
293 207
293 3
293 468
293 877
293 878
293 879
293 636
174 202
174 167
174 126
174 15
174 52
174 106
174 372
174 880
174 881
174 238
174 286
174 150
1125 182
1125 275
811 789
811 812
811 165
115 642
295 844
295 318
295 202
295 102
295 14
295 569
1143 882
1467 414
1468 578
1468 70
944 27
944 883
944 122
208 778
208 505
208 884
800 3
1469 52
190 885
1470 779
1071 409
1071 378
1071 886
1471 125
1472 349
1472 226
1473 181
613 661
613 329
613 330
396 94
779 347
779 161
1155 887
1155 640
1155 663
704 35
704 54
709 333
709 165
971 177
971 183
971 15
971 888
971 127
1474 889
1150 381
1150 637
1150 890
1150 170
1150 385
736 138
736 200
600 472
488 550
335 130
1475 891
580 579
580 192
896 35
896 37
1167 95
1167 83
124 265
124 304
124 126
124 892
124 882
124 3
124 893
587 894
587 895
587 37
587 768
1005 162
749 34
1476 271
1232 126
1477 896
691 226
538 392
538 385
1478 138
1478 94
1168 95
348 102
348 768
348 536
545 385
1479 210
1479 63
215 66
662 734
662 99
626 130
511 897
511 25
511 3
1217 37
535 535
535 37
306 518
1480 898
1481 148
10 255
10 581
10 7
10 29
10 899
10 275
10 25
820 165
187 900
187 138
187 901
187 444
187 701
187 106
879 733
879 902
383 366
1048 3
1482 247
1482 657
1482 3
1483 318
1484 156
923 59
923 698
1485 417
1486 903
4 904
4 13
4 316
4 106
4 275
681 150
168 374
168 502
168 905
168 278
997 14
997 35
997 906
297 165
1134 379
947 49
634 444
634 876
1487 380
197 907
1488 97
1489 908
992 14
1144 377
91 218
945 52
945 399
1490 162
426 613
426 909
426 792
426 910
1491 882
1492 527
1492 275
441 226
865 890
682 911
682 150
359 288
106 473
106 912
106 218
106 174
106 13
106 182
106 913
106 68
106 914
106 37
106 214
106 277
106 915
106 75
106 413
106 4
106 874
106 105
106 95
106 916
106 917
106 841
106 450
106 35
106 187
106 576
702 760
1097 918
113 642
113 919
1493 550
1493 920
365 59
1494 182
1026 35
1197 492
1222 37
111 381
111 921
263 645
263 661
263 922
263 923
851 136
166 924
48 925
919 113
1495 926
1496 927
1496 928
72 922
72 161
262 929
915 772
738 231
738 15
738 3
738 467
738 202
774 518
1077 366
1077 400
1035 632
1035 23
1035 930
1035 931
457 458
457 511
1497 674
213 699
714 165
714 758
714 125
105 63
105 162
105 718
105 432
105 260
105 932
105 161
105 337
710 811
1088 933
349 102
349 295
1498 197
1498 934
1498 419
540 385
1225 15
1499 935
1500 796
1003 409
323 279
323 227
323 3
323 698
323 936
323 937
323 758
323 908
323 284
323 938
1501 939
360 247
360 135
360 202
360 125
101 687
1502 403
210 409
210 578
210 318
210 321
210 846
1503 6
1503 278
287 358
287 698
596 361
965 940
424 12
110 63
110 941
110 515
110 37
110 59
1140 275
1504 942
1504 286
228 89
228 162
228 182
228 106
1250 903
1505 44
562 943
27 13
27 944
27 574
27 226
27 49
399 945
399 1
1506 844
120 436
1507 126
1211 37
619 321
619 658
667 946
1182 727
1508 811
1509 247
285 114
285 126
285 298
285 475
285 947
367 462
367 136
367 275
36 56
36 35
36 444
36 948
259 691
259 122
259 654
259 3
1112 949
436 228
436 789
436 950
436 186
436 728
436 120
436 393
436 951
436 400
436 241
436 952
146 321
146 37
1041 12
1041 3
77 3
77 33
77 874
1010 35
1510 337
234 265
234 953
234 954
234 202
1511 955
1512 41
1513 581
294 381
11 15
11 3
11 760
238 956
238 174
464 338
1514 957
1046 3
157 63
157 315
157 37
157 803
157 90
157 381
1515 958
1516 109
1516 959
499 82
100 687
946 667
863 3
863 468
863 855
863 530
863 59
863 607
863 960
1517 961
1518 105
324 346
324 80
324 326
1519 8
665 343
797 934
1520 530
147 96
209 962
209 358
209 963
209 884
209 712
419 964
768 348
768 37
768 59
768 641
1521 965
1522 966
887 70
1251 518
1523 967
1154 246
1154 486
684 146
684 214
46 968
46 969
46 970
1524 80
1524 689
1524 202
17 92
1525 127
1525 971
982 972
982 214
489 973
489 974
489 214
755 975
755 34
755 458
755 14
755 165
553 634
553 49
280 314
280 166
280 937
280 225
697 731
1526 202
1243 113
180 32
180 976
180 135
180 95
180 97
180 423
1078 135
1078 282
1104 223
974 484
713 977
1527 39
1527 263
1200 641
1528 699
557 357
557 35
557 284
1212 37
1529 978
1530 393
214 979
214 855
214 980
214 981
214 669
214 982
214 983
214 984
214 550
214 684
214 106
214 489
214 985
214 986
154 486
677 987
677 732
677 641
1531 219
1532 988
14 299
14 989
14 990
14 991
14 992
14 316
14 993
14 102
14 994
14 554
14 374
14 995
14 295
14 29
14 169
14 924
14 15
14 996
14 483
14 364
14 44
14 677
14 966
14 997
14 14
14 998
14 86
14 755
14 136
14 222
14 236
14 999
14 1000
766 3
766 315
766 333
766 568
766 1001
766 444
766 312
766 265
766 105
766 202
1533 632
1534 52
1534 890
1000 14
469 722
469 333
469 1002
498 82
1226 214
1535 928
1536 130
1044 3
1044 1003
1044 202
308 20
308 18
987 635
987 620
987 647
987 1004
678 318
1537 765
1021 12
1021 35
593 97
1538 949
1538 858
1538 689
162 1005
162 39
162 565
162 202
162 60
81 333
1253 544
1253 450
1253 695
94 1006
94 851
1539 294
1540 299
1541 5
35 1007
35 74
35 900
35 320
35 1008
35 1009
35 704
35 1010
35 1011
35 1012
35 1013
35 1014
35 1015
35 1016
35 352
35 1017
35 362
35 1018
35 106
35 996
35 1019
35 50
35 278
35 592
35 948
35 444
35 39
35 127
35 896
35 41
35 997
35 1020
35 1021
35 1022
35 1023
35 1024
35 1025
35 1026
35 23
35 1027
1542 203
1543 635
893 124
1124 1028
1544 162
0 247
473 1029
473 7
473 327
473 841
656 778
656 725
656 581
1545 1030
1546 80
449 987
268 1031
118 398
118 1032
118 417
1547 59
164 374
164 3
164 486
1548 713
1220 37
1549 239
1171 24
1171 1033
1165 409
1550 128
1550 1034
1551 887
1551 974
930 1035
1552 1036
564 59
98 34
98 710
98 296
98 1037
98 173
905 479
905 502
905 497
905 168
1553 450
57 636
57 12
57 357
57 652
57 413
1142 151
450 304
450 125
450 1038
450 1039
450 558
450 1040
450 106
3 177
3 616
3 293
3 1041
3 459
3 366
3 699
3 1042
3 316
3 202
3 223
3 25
3 1043
3 374
3 1044
3 68
3 640
3 29
3 346
3 135
3 1045
3 11
3 560
3 1046
3 156
3 1019
3 278
3 1047
3 1048
3 796
3 260
3 41
3 122
3 56
3 904
3 655
3 841
3 63
3 1049
3 654
3 38
3 766
3 1050
3 259
3 1051
3 1052
3 1053
3 226
3 275
3 357
3 180
3 576
1157 1054
650 613
1554 768
1555 1055
698 287
698 841
622 232
622 410
392 278
1556 15
964 419
1557 59
1206 1056
1206 202
1558 709
1558 161
733 172
273 766
273 1057
239 316
328 346
328 372
611 39
962 108
1559 11
568 766
568 1058
509 1038
509 217
47 550
47 734
47 379
59 1059
59 299
59 768
59 841
59 724
59 83
59 202
59 223
59 687
59 869
59 1060
59 315
59 1061
59 197
59 734
59 1062
59 52
59 110
59 1063
59 552
59 126
59 796
59 381
59 1064
59 564
59 285
59 387
59 150
59 365
59 175
59 380
59 357
59 123
856 63
728 949
728 661
728 578
728 696
728 426
1086 476
200 335
200 1065
200 80
200 1066
1187 83
1187 186
44 1067
44 1068
44 14
44 713
44 1069
1560 1070
886 361
886 1071
670 381
670 62
274 836
274 841
378 510
378 475
378 1072
378 1024
1561 629
659 1073
116 642
116 112
116 162
116 97
1562 1069
1064 83
1064 59
127 141
127 971
127 472
127 1074
127 625
127 1075
127 60
127 64
127 104
127 23
127 1076
127 576
127 35
282 314
282 177
282 578
282 1077
282 5
282 1078
282 586
282 29
282 121
282 1079
282 95
282 417
282 226
1096 373
655 398
1022 165
68 635
68 1080
68 603
68 3
68 106
236 299
236 49
236 519
236 1081
236 567
236 483
1563 1082
161 72
161 374
161 299
161 333
161 779
161 1083
161 1084
161 366
161 52
161 1085
161 105
161 885
161 502
929 699
504 323
1564 80
1565 43
1566 309
1567 49
482 37
1568 908
1569 8
1106 417
933 1086
933 1087
933 89
933 246
933 1088
1014 35
1570 107
478 448
478 3
478 651
478 125
445 29
1571 285
1031 1028
467 254
467 202
894 587
894 825
51 13
51 953
51 263
51 172
51 375
1160 1089
1172 1090
547 448
547 3
547 372
547 202
1572 448
460 1091
460 202
898 1
121 111
121 119
121 1092
121 1093
121 282
121 418
90 1094
90 381
90 527
90 157
633 126
373 551
373 63
373 39
373 1095
373 12
373 647
373 1096
524 34
524 502
524 225
524 105
719 136
918 1097
918 671
329 346
329 613
329 327
329 63
706 209
706 1098
1234 83
742 1099
497 502
497 82
497 905
476 52
618 658
669 1100
1573 1101
541 338
541 542
1574 186
223 1102
223 1103
223 3
223 59
223 165
223 4
223 1104
223 1105
223 486
223 186
223 1032
223 120
417 118
417 531
417 29
417 282
417 1106
1575 1107
1576 182
1102 347
163 374
163 246
1015 177
1015 184
1015 35
1015 23
18 39
18 395
18 202
1577 138
1577 796
924 14
1578 165
1578 350
1578 206
812 165
1579 8
753 661
753 200
536 620
536 591
195 1108
195 566
195 673
1580 275
216 80
1581 343
1207 226
1207 940
1076 127
1076 819
1076 60
1582 1109
1582 1106
1583 836
109 1110
109 1111
1584 71
1053 130
1585 1112
647 373
647 1113
647 1114
647 347
647 179
647 225
647 771
647 1115
647 1116
647 466
647 1117
647 307
647 994
647 387
647 117
264 452
264 3
264 1118
264 1119
989 14
712 1120
712 175
712 209
456 503
456 3
456 946
456 1121
456 331
456 186
456 171
456 731
456 172
456 83
456 607
456 1122
456 1123
456 27
519 236
519 414
519 52
519 59
519 375
1586 77
1028 1124
1028 1031
653 398
653 206
700 420
700 159
1252 5
1252 1125
25 3
25 658
25 994
25 511
25 10
25 182
686 834
1587 607
1588 318
1589 962
1227 4
1227 685
1133 379
1004 476
1004 432
485 1126
485 1127
1590 96
782 347
339 165
339 246
339 161
339 123
339 50
257 95
942 117
758 714
758 908
758 34
758 323
291 1128
291 687
291 292
767 519
767 315
897 143
897 141
897 511
776 347
1591 940
108 962
529 216
1592 49
372 1129
372 547
372 929
372 174
141 735
141 127
141 15
141 952
256 452
256 283
256 738
1114 647
1017 35
1593 1130
1593 827
1594 1131
666 77
666 80
410 622
410 1132
410 202
427 933
284 5
284 882
284 370
284 799
1020 35
1239 83
1070 35
1595 189
1595 468
904 3
1596 172
1596 162
1119 264
1597 1018
1597 746
87 34
87 218
1178 661
379 1133
379 3
379 926
379 590
379 1134
379 47
379 848
379 75
379 318
379 1135
726 60
412 226
973 489
1598 876
1 741
1 52
852 92
852 35
852 874
762 395
99 734
99 89
99 341
99 662
791 1136
652 1137
652 1138
652 438
652 795
652 529
652 1139
652 465
652 1095
652 881
652 357
652 1140
652 1141
652 57
609 39
609 105
609 304
609 891
720 126
720 136
243 550
243 179
1186 317
1186 186
1186 379
868 723
134 283
1116 347
428 724
675 141
1009 35
869 15
869 37
1599 1068
1600 165
859 500
149 952
1601 896
1602 1142
588 292
778 208
778 656
1603 486
835 836
1255 67
917 106
1604 80
1219 37
882 632
882 52
882 1143
882 351
377 1072
377 125
377 483
377 1144
377 313
377 1145
377 319
377 95
377 640
377 283
377 117
657 853
251 162
251 260
1605 1146
1605 1147
1605 417
747 333
563 38
757 687
491 23
491 35
491 1148
381 1094
381 111
381 1149
381 59
381 1150
381 414
381 271
381 670
381 1151
381 135
381 181
381 294
381 1152
381 90
381 157
381 640
381 206
640 903
640 1153
640 1154
640 405
640 753
640 347
640 343
640 1155
640 1156
640 607
640 192
640 42
640 381
640 661
640 1019
640 653
640 206
1054 1157
623 186
840 867
334 130
644 117
1224 15
336 130
1205 261
1205 37
1606 1158
1606 35
1607 903
1607 768
1608 600
1609 130
311 3
1610 304
584 301
584 586
984 214
941 110
565 411
565 834
362 52
1611 1159
1612 1065
1198 492
620 174
468 71
468 863
468 293
468 775
468 149
805 806
805 165
1089 1160
1089 260
1089 226
1613 1161
1614 385
1615 1162
1615 95
1616 75
510 217
510 378
510 736
510 125
409 173
409 1163
409 753
409 1164
409 1165
33 77
33 320
33 32
33 1166
33 214
95 1167
95 361
95 257
95 1168
95 202
95 218
95 1169
1218 37
608 39
608 148
608 576
741 874
741 585
963 271
276 1170
1109 122
1033 1171
1033 193
783 347
1090 1172
950 71
950 949
950 1173
502 82
502 300
502 366
502 524
502 318
502 905
502 161
76 408
191 989
701 187
701 271
202 374
202 937
202 3
202 360
202 1174
202 59
202 272
202 1175
202 18
202 1176
202 1136
202 925
202 1177
202 246
202 217
202 79
202 448
202 888
202 1044
202 245
1617 130
809 165
1085 161
661 531
661 34
661 263
661 1178
661 728
661 613
661 1179
661 1087
661 640
1618 616
1619 1180
1620 587
649 1181
649 765
649 753
649 202
199 80
772 477
143 71
1621 321
1622 408
1192 432
1137 214
727 1182
727 60
1120 712
606 949
404 206
1623 1183
112 642
112 1184
320 1185
320 83
320 35
320 214
320 1186
351 52
350 202
255 160
255 10
255 122
864 607
1624 114
1087 66
1087 661
1087 51
1625 1187
1626 799
1627 971
1627 186
1115 647
397 684
397 1188
1628 143
806 805
806 165
639 653
831 543
78 876
342 73
708 943
237 151
237 293
854 172
729 1189
978 184
895 587
895 37
895 535
895 948
1629 172
1188 397
773 226
773 1075
1630 453
1631 236
296 844
296 615
296 825
296 146
296 150
1055 1190
891 609
574 1191
574 300
574 874
1632 37
926 476
432 450
432 1004
432 556
432 38
432 836
432 685
432 105
432 1192
1633 27
23 491
23 35
23 1193
23 127
23 1035
23 182
1634 486
1635 378
492 3
492 1194
492 1195
492 1196
492 39
492 1197
492 1198
641 768
641 1199
641 138
641 677
641 689
641 1200
261 1201
261 475
261 1202
261 1176
261 459
261 1203
261 1204
261 1205
261 129
138 187
138 63
138 912
138 736
138 174
1056 52
1056 1206
1636 491
940 1207
940 965
1637 110
1638 262
860 1208
37 1209
37 469
37 1210
37 29
37 532
37 940
37 869
37 1211
37 914
37 1212
37 676
37 895
37 948
37 106
37 110
37 996
37 1213
37 1214
37 1215
37 188
37 1216
37 1217
37 896
37 535
37 1218
37 20
37 1219
37 187
37 1220
37 1221
37 1002
37 1222
37 181
37 357
37 1205
15 1060
15 869
15 1223
15 321
15 1224
15 11
15 12
15 695
15 14
15 1225
15 738
1639 182
1640 668
1640 621
1640 271
307 553
307 647
307 518
1213 37
921 111
1641 1067
1642 773
1643 892
125 377
125 265
125 360
125 249
125 1134
125 714
125 43
125 478
125 848
125 892
125 217
125 202
125 448
125 126
125 450
125 738
817 165
1644 148
1645 241
979 214
979 1226
184 1227
184 667
756 414
1646 1228
533 589
533 662
826 3
826 1229
1122 456
1122 946
1122 974
615 39
615 385
615 165
1199 641
542 174
542 541
542 385
1647 83
1647 174
1648 353
386 385
83 1187
83 1230
83 80
83 1231
83 83
83 871
83 1232
83 1233
83 1125
83 752
83 1150
83 15
83 1234
83 677
83 39
83 1064
83 376
83 1235
83 1236
83 1237
83 534
83 1238
83 1239
83 415
83 1240
83 357
1649 1015
344 565
344 605
871 1187
871 8
871 83
871 181
871 677
528 298
107 1241
107 179
1650 89
995 177
995 14
651 1242
1651 290
1149 381
1149 80
723 868
723 1074
976 44
976 180
976 1243
1652 174
569 295
716 643
716 841
792 426
123 44
123 578
123 50
123 59
123 1191
123 665
123 882
123 1244
123 192
123 41
123 787
703 54
1092 82
246 933
246 340
246 1154
246 439
576 127
576 3
576 106
576 608
1653 39
1654 993
1654 405
1254 251
1254 1245
715 171
715 500
1655 1246
764 771
201 874
24 1247
24 289
24 1075
1656 1248
748 34
748 481
903 640
903 1249
903 1250
518 774
518 1251
518 74
870 1019
221 102
221 1252
221 125
544 544
544 1253
544 385
544 117
544 413
983 214
1657 874
144 321
370 284
176 366
176 126
549 490
599 598
198 612
198 80
198 734
198 29
198 366
198 275
198 96
198 148
198 122
1245 1254
1062 59
1658 826
67 690
67 1255
371 629
387 63
387 647
387 277
387 1256
387 59
1659 1139
275 3
275 296
275 136
275 4
275 10
275 198
275 66
275 49
275 993
275 340
275 1257
275 367
275 1125
275 150
1660 340
1660 8
