1576 0
713 1
1577 2
235 3
235 4
235 5
235 6
235 7
235 8
235 9
235 10
235 11
235 12
235 13
235 14
235 15
235 16
235 17
235 18
235 19
235 20
235 21
235 22
235 23
235 24
235 25
235 26
235 27
235 28
235 29
235 30
235 31
235 32
235 33
235 34
235 35
235 36
235 37
235 38
235 39
235 40
235 41
235 42
235 43
235 44
235 45
235 46
235 47
235 48
235 49
235 50
235 51
235 52
235 53
235 54
235 55
235 56
1578 57
63 58
63 59
63 60
63 61
63 62
63 63
1579 14
549 64
549 65
549 66
549 67
549 68
1034 69
1034 70
1034 71
112 72
112 73
112 74
1580 75
465 76
465 77
465 78
465 79
465 80
1581 81
1581 82
1581 83
1543 84
620 85
1582 86
1483 87
1401 88
1340 89
1583 90
1583 91
284 92
284 93
284 94
284 95
284 96
284 97
1584 98
1320 99
1320 100
1320 101
1585 102
1586 103
923 104
923 105
130 106
534 107
534 108
1587 109
1588 110
1589 58
74 111
74 112
1590 113
1591 114
1194 115
1146 116
1592 117
152 118
152 119
152 120
152 110
152 121
152 122
152 123
152 50
421 110
551 15
551 124
551 125
551 126
1593 127
1479 128
1479 104
1479 129
1594 119
277 130
277 18
277 131
277 132
277 133
277 90
586 134
1595 135
1596 136
1597 137
1598 138
1599 139
928 140
928 141
166 142
166 143
166 144
1600 81
864 70
864 132
864 23
1601 145
743 146
122 147
122 148
122 149
122 150
122 8
122 151
122 152
122 153
122 154
122 155
122 156
122 157
122 158
122 159
122 160
122 161
122 14
1061 157
1391 86
144 162
144 163
144 164
144 165
144 166
144 141
1457 69
1457 113
1457 167
1457 28
1457 168
443 72
443 169
443 18
443 170
443 171
443 172
443 173
443 174
443 175
443 176
443 177
443 178
443 179
443 180
443 181
443 182
443 183
443 184
443 185
443 186
1602 187
306 188
972 189
1603 190
661 191
630 192
68 193
68 15
68 194
68 119
68 131
68 195
68 196
68 197
68 198
68 104
68 199
68 62
68 200
68 201
68 202
68 203
510 204
510 128
510 200
510 27
825 205
296 206
296 207
1604 208
58 63
1605 209
1606 75
902 18
902 210
902 211
902 212
902 213
902 214
902 215
942 216
351 15
351 217
351 127
351 218
351 219
351 220
351 83
351 39
776 221
1353 222
1353 223
1353 224
1204 199
732 225
1519 226
8 227
8 228
8 218
8 52
8 229
8 230
8 231
8 232
8 69
8 233
8 234
8 235
8 236
8 101
8 237
8 71
8 161
8 238
8 97
342 239
1607 141
1608 57
370 221
1131 240
1609 241
1610 242
1191 243
886 244
729 245
729 87
729 246
750 220
750 247
1611 248
1612 249
560 250
1613 251
1364 252
605 253
1614 254
1553 15
1257 215
1615 255
1615 256
1230 68
1572 174
1572 257
164 144
986 258
907 259
907 260
1616 261
659 262
1563 101
339 263
339 83
339 264
339 203
61 265
61 266
61 267
61 268
61 269
61 270
61 271
61 272
61 273
61 27
61 274
61 275
61 276
132 277
132 278
132 279
845 280
845 47
915 104
93 281
93 16
93 282
93 234
93 283
93 284
93 121
93 285
93 23
93 274
93 286
93 235
93 264
93 287
93 288
1355 222
1317 289
1487 222
1487 50
1487 290
1063 163
1617 291
206 292
206 293
206 294
206 295
206 207
206 296
98 297
1618 298
188 76
188 299
188 222
188 18
188 300
188 301
188 302
188 86
188 303
188 304
188 305
188 104
188 81
188 306
188 161
461 307
461 308
461 309
264 310
264 222
264 311
264 312
264 83
264 313
264 314
264 315
264 316
264 317
264 318
264 319
264 320
1158 57
1158 231
1158 321
1619 322
873 323
1028 69
1028 324
1028 252
49 325
331 326
331 280
1620 327
268 61
677 328
1621 252
1622 222
1623 329
1624 330
1625 331
1217 332
1626 333
1627 83
1628 122
426 116
426 127
426 334
426 301
426 335
426 110
426 336
426 337
83 338
83 289
83 339
83 340
83 341
83 220
83 342
83 343
83 344
83 345
83 15
83 346
83 347
83 348
83 301
83 349
83 350
83 351
83 352
83 215
83 353
83 354
83 355
83 356
83 357
83 358
83 359
83 360
83 203
83 222
83 361
83 362
83 363
83 364
83 142
83 50
83 224
83 365
83 161
83 366
83 367
736 225
736 131
221 222
221 368
221 243
221 369
221 370
221 371
221 372
221 373
221 374
221 375
221 336
221 376
985 88
985 377
201 378
201 379
201 380
201 83
201 381
201 382
201 187
201 383
201 50
201 384
201 62
201 385
201 386
201 141
201 387
201 68
1629 250
44 388
44 389
44 390
44 61
44 260
44 107
44 391
44 235
44 392
44 393
324 394
324 395
324 274
324 233
324 396
324 134
313 397
313 398
313 264
1630 399
900 81
900 400
900 251
900 56
1631 401
798 402
798 403
952 200
338 83
1632 110
1632 404
1633 405
1634 168
1635 131
1636 101
193 16
193 169
193 294
193 49
193 87
193 406
193 407
193 68
330 408
1637 152
110 409
110 410
110 411
110 412
110 413
110 258
110 414
110 415
110 416
110 417
110 418
110 419
110 420
110 421
110 28
110 422
110 423
110 424
110 425
110 426
110 427
110 428
110 429
110 430
110 431
110 432
110 433
110 67
110 434
110 435
110 200
110 436
110 437
967 438
1638 439
475 199
1639 387
1334 195
1224 293
1224 309
441 440
323 141
1640 68
440 441
440 442
1641 280
180 443
1243 139
360 83
203 339
203 8
203 83
203 23
203 444
203 68
884 445
884 114
884 446
884 295
855 447
1642 141
1643 448
1644 197
1644 449
1644 447
1198 450
1198 313
1198 451
1438 353
797 452
797 453
1226 271
7 235
1502 454
1502 18
1502 294
1502 455
1502 196
1502 456
1645 60
382 201
1646 125
237 69
237 86
243 208
243 457
243 415
243 458
243 221
243 161
1647 459
1648 293
485 460
307 461
307 462
307 11
442 440
466 388
466 463
1476 55
401 464
77 465
463 388
463 466
463 139
463 467
463 468
463 69
463 469
463 374
523 470
1649 62
1649 15
435 110
1045 471
1464 472
254 473
254 474
1249 224
1249 315
1249 125
1249 139
879 475
879 476
1270 477
865 478
865 479
865 480
865 481
1650 482
1650 28
1651 483
460 484
460 115
460 410
460 485
1387 486
1387 487
1252 238
1252 202
524 113
1413 488
1413 489
1652 234
380 201
380 139
380 490
380 491
380 492
380 493
380 494
380 50
380 495
21 410
21 335
21 250
21 235
21 157
1074 496
1074 497
1074 498
1545 462
829 499
27 76
27 500
27 501
27 502
27 503
27 504
27 406
27 505
27 506
27 507
27 508
27 235
27 481
27 63
27 437
27 509
27 510
27 511
1026 69
857 512
857 513
857 514
857 515
857 447
857 96
405 36
405 235
405 516
405 517
1246 518
1653 271
1277 222
1277 200
1121 519
316 39
316 520
316 521
316 522
1654 443
1655 523
1655 524
1656 390
129 525
129 526
1380 527
1657 57
412 432
412 110
105 528
1376 529
1376 169
1376 530
1376 531
1658 130
1216 354
1216 352
1659 532
321 8
321 224
875 388
1660 533
107 534
459 535
1310 536
1661 420
1347 537
1662 538
1169 222
1169 497
294 539
294 196
294 540
294 222
294 541
294 161
294 206
294 542
294 83
294 123
294 543
294 142
294 392
294 544
294 545
899 546
899 547
899 94
899 124
899 548
899 63
899 549
1663 544
34 399
34 550
34 235
34 224
126 551
126 552
126 202
1664 553
1664 18
947 554
947 555
947 141
250 556
250 557
250 145
250 18
250 558
250 559
250 560
250 561
250 111
250 154
250 562
250 235
250 262
997 563
997 564
725 274
1272 110
1272 565
1054 119
1054 8
1054 566
1054 264
1665 567
1666 313
1383 568
1383 569
1383 101
1667 570
1668 104
1042 62
1130 406
619 571
619 305
619 67
619 294
619 572
619 573
619 574
619 575
619 576
619 260
619 577
619 101
619 578
619 280
619 431
619 579
619 580
619 581
1669 582
173 181
173 443
101 301
101 8
101 52
101 23
101 91
1426 583
249 99
249 224
562 336
562 250
562 104
562 584
134 88
134 585
134 586
134 587
134 588
134 589
134 590
134 591
134 592
134 569
134 593
134 594
134 544
134 595
134 498
134 378
134 596
134 280
134 597
134 68
134 143
134 62
1395 86
1670 254
1671 598
1013 599
851 88
851 600
1672 271
228 233
228 52
228 601
266 159
1339 602
1023 309
1023 580
624 454
680 603
680 604
253 605
253 606
200 607
200 280
200 510
200 608
1673 567
706 609
1674 610
662 611
404 428
404 243
1675 88
1675 612
1676 613
999 563
999 483
1677 61
490 544
490 614
241 615
1678 616
1475 617
574 618
574 595
574 250
574 619
574 118
1679 498
85 620
1680 397
503 72
503 112
503 621
503 363
503 622
503 274
503 623
503 104
503 624
503 625
503 549
503 626
1681 627
678 197
678 280
678 628
678 127
678 629
153 122
1682 303
1683 630
1472 3
1472 617
984 377
1177 222
1684 532
1684 511
161 631
161 632
161 633
161 18
161 532
161 634
161 635
161 636
161 637
161 75
161 302
161 294
161 638
161 639
161 640
161 83
161 188
161 141
161 64
161 482
161 641
161 642
161 643
161 224
161 96
820 644
820 477
820 645
820 514
820 646
820 647
1685 330
1686 136
227 648
227 649
227 10
1687 650
903 441
903 139
82 651
82 652
82 653
82 654
82 141
909 128
909 655
909 8
909 656
1688 280
1688 200
25 301
25 657
25 658
25 584
1105 78
1689 111
262 659
262 250
262 417
191 660
191 301
191 535
191 119
191 661
1690 662
1691 654
1691 207
394 233
394 324
843 57
843 38
843 70
843 132
843 93
156 312
156 122
805 663
1173 532
1173 222
1173 508
921 301
9 664
9 313
9 665
9 151
9 666
9 336
1692 271
1292 667
1292 101
1693 668
1188 669
1439 15
1439 670
1250 671
1290 70
1290 619
1515 644
1515 672
1694 271
410 673
410 299
410 28
410 592
410 60
410 110
410 460
410 459
410 318
410 201
410 86
410 674
395 324
1695 675
1696 403
371 221
371 18
1335 676
1335 677
897 50
920 104
628 293
628 344
628 678
628 247
628 369
628 242
628 679
1199 535
604 680
1033 69
1033 635
1033 681
971 682
971 683
971 684
971 685
971 686
971 134
687 687
687 593
687 688
687 187
687 689
687 690
687 224
687 691
687 679
687 66
687 692
687 693
687 694
838 618
1123 587
1123 54
1123 258
1697 390
1698 695
1698 321
1699 508
1009 696
175 443
1700 697
138 388
89 698
89 699
1020 700
1020 701
1020 702
1020 703
1020 704
1701 705
1702 608
1703 333
609 706
609 70
609 707
427 110
427 498
565 708
901 56
1704 709
626 6
813 220
813 139
1705 710
653 711
653 214
532 482
532 712
532 713
532 714
532 1
532 69
532 161
532 715
1153 716
1706 717
1706 293
489 718
489 332
1707 719
762 129
762 219
1193 573
1193 369
1193 720
1193 721
1193 236
1193 273
1708 50
958 235
722 722
722 723
722 724
722 224
582 247
955 161
955 368
1709 55
819 300
819 533
965 725
184 443
1710 726
1184 727
1184 250
1711 351
1712 452
631 643
631 728
728 641
728 631
246 729
246 654
246 730
246 731
246 151
246 214
1713 529
1713 465
225 732
225 127
225 733
225 734
225 735
225 736
225 737
225 738
225 704
799 318
799 141
1714 93
571 248
571 346
571 739
571 619
170 740
170 741
1715 301
146 742
146 743
146 744
1280 745
1280 746
1280 592
1716 747
1371 748
1561 749
1561 99
247 750
247 628
247 377
247 121
247 274
247 751
1717 584
671 752
671 753
671 224
1127 754
1127 755
1127 756
1127 757
1127 669
1718 58
1718 61
1359 222
1719 758
396 324
1139 70
1139 759
1094 696
1720 144
1721 760
992 383
992 761
1164 762
1206 763
369 764
369 629
369 353
369 151
369 691
369 765
369 221
369 766
369 235
369 767
369 62
369 704
692 768
692 769
692 187
692 689
692 770
692 687
692 771
692 691
692 772
734 225
1349 50
1349 773
1103 774
1535 775
611 776
611 263
611 555
592 777
592 778
592 779
592 218
592 780
592 622
592 274
592 618
592 106
592 437
660 111
660 101
106 781
1333 195
753 782
753 224
753 671
322 783
310 784
310 785
310 264
1485 786
230 227
230 787
230 788
1469 789
831 790
831 629
831 406
831 791
831 792
831 793
831 141
446 794
1722 125
375 221
1110 39
1460 795
1196 137
1196 643
1196 782
1196 161
1723 796
1282 215
1724 238
453 797
318 798
318 799
318 668
318 800
318 535
318 499
318 104
318 264
318 801
704 258
1725 802
811 494
1726 18
1452 267
343 83
502 27
1283 18
1727 450
1727 803
1728 804
663 746
663 805
1729 110
733 225
733 15
733 806
1730 807
1056 808
1056 119
1056 36
1056 50
1056 809
1056 82
1056 544
232 8
494 810
494 811
494 86
494 812
494 813
1389 814
1389 289
1321 99
491 380
111 815
111 15
111 816
111 817
111 250
111 134
37 69
37 353
37 280
37 215
1731 754
1731 818
533 254
533 819
533 481
646 209
646 820
509 110
978 400
70 654
70 70
1080 664
1080 821
1732 134
1081 719
1081 468
1081 384
142 822
142 83
1733 222
1733 823
1733 161
1733 170
205 824
205 825
205 244
1294 125
1119 477
1119 826
374 127
374 827
374 50
374 463
1062 157
1734 93
1734 398
72 700
72 828
72 378
72 443
1735 139
1482 24
1551 829
406 193
406 673
406 824
406 187
406 830
406 622
406 831
406 832
406 332
406 833
913 802
1736 279
1737 486
1532 834
1738 187
1738 549
1738 477
408 425
1739 61
1739 125
1424 835
1740 836
1741 9
147 122
147 831
403 798
403 118
403 8
403 837
403 311
2 781
2 838
675 839
675 840
1742 688
1743 681
567 88
319 151
319 593
319 264
319 841
319 787
337 842
337 167
337 57
337 301
337 70
337 843
337 384
337 426
337 844
1414 845
1744 846
1744 847
1744 188
1745 523
1041 62
1746 848
1170 673
1170 16
1170 849
1170 548
1170 139
744 104
744 206
744 452
464 850
1316 496
1316 289
600 851
600 300
600 258
600 852
177 292
177 443
1747 853
1748 101
447 854
447 855
447 856
447 657
447 104
447 548
447 857
447 858
447 763
447 202
447 759
1749 619
1313 673
1313 859
1313 131
1313 559
260 23
1750 860
650 861
650 155
1496 168
1751 862
895 815
895 673
895 4
895 824
895 170
895 537
895 81
895 50
895 863
895 711
895 544
895 68
1210 484
158 122
422 110
76 128
76 465
76 61
862 864
862 124
862 572
1752 100
479 865
1208 763
1208 866
1208 18
1208 867
1208 868
911 397
911 869
911 870
911 309
911 423
911 871
1753 523
949 218
43 872
43 678
1754 873
1754 161
1755 584
1152 8
1756 874
1111 586
1757 320
581 619
388 72
388 138
388 875
388 366
388 463
1429 876
1429 546
570 877
832 406
832 878
476 879
46 235
539 294
1758 880
1269 233
1269 544
1269 881
1219 772
882 882
882 883
295 884
295 885
1759 220
1760 886
1263 165
1263 887
1263 737
1263 888
355 889
355 83
723 654
723 722
723 187
723 302
723 264
723 883
723 890
821 710
1761 484
1761 529
1761 559
1762 443
1763 891
1763 106
1763 892
1763 463
1764 280
764 369
924 187
924 588
1765 15
542 110
542 893
542 294
542 780
542 40
50 76
50 293
50 712
50 6
50 93
50 894
50 895
50 268
50 79
50 896
50 897
50 374
50 235
1504 737
1043 57
1043 92
1043 579
1267 151
1267 898
1267 576
1766 233
56 899
56 592
56 900
56 81
56 19
56 566
56 546
56 901
632 161
632 235
1767 902
1768 104
233 324
233 118
233 611
233 654
233 57
233 8
233 498
233 747
233 903
233 50
1769 513
1770 96
1017 904
1017 905
1771 233
1772 906
1772 506
259 907
1307 72
1307 110
1307 908
1307 909
1773 910
870 911
870 803
870 912
870 913
1546 914
317 264
498 704
498 134
104 145
104 88
104 269
104 220
104 15
104 915
104 110
104 916
104 19
104 562
104 917
104 918
104 919
104 744
104 920
104 503
104 921
104 664
104 597
104 922
104 923
104 222
104 38
104 924
104 820
104 554
104 823
104 318
280 925
280 31
280 926
280 222
280 127
280 218
280 678
280 233
280 927
280 845
280 331
280 69
280 111
280 37
280 50
280 313
280 91
280 400
1774 928
1775 929
67 619
67 110
67 274
67 665
67 427
67 124
67 165
67 930
67 549
1436 110
140 928
176 443
176 931
176 932
1776 483
1264 664
1510 933
116 426
219 775
219 121
1777 122
1777 157
1778 477
1779 134
1322 934
515 857
1780 566
288 864
288 93
778 935
778 592
778 110
778 542
778 258
778 807
778 936
778 437
852 600
1781 937
334 938
334 426
334 704
334 939
1036 940
1036 523
1036 268
1036 910
1036 941
1036 202
216 196
216 127
216 942
216 943
1782 143
22 235
1783 8
1783 47
1784 944
1423 15
1785 69
637 50
637 945
637 161
637 125
975 760
975 946
975 678
975 83
1786 865
1787 735
555 947
555 911
555 587
555 16
1788 948
218 949
218 244
218 351
218 950
1789 951
1548 952
1548 953
1134 954
1134 282
1134 60
1134 110
1134 285
1134 955
1134 956
1134 39
1134 235
47 927
47 957
47 958
47 845
47 19
434 110
1790 69
957 47
815 111
815 895
1516 959
274 960
274 235
274 961
274 962
274 592
274 187
274 247
274 963
274 679
274 275
274 759
274 139
274 964
274 83
274 324
274 222
274 67
274 54
274 622
274 965
274 518
274 966
438 967
904 618
904 968
305 969
305 446
305 619
305 301
305 119
305 970
305 137
305 587
305 509
305 329
547 899
547 60
457 208
1791 895
1792 220
685 971
1793 66
1794 206
189 972
320 973
320 229
1795 100
648 227
648 121
1796 271
1503 775
1503 974
1797 975
872 18
872 976
872 977
872 833
872 867
872 452
872 43
869 911
48 735
48 235
400 978
400 900
400 979
400 280
400 980
400 55
1000 563
59 981
1058 250
792 790
1255 733
1255 982
377 983
377 472
377 247
377 25
377 131
377 984
377 167
377 985
377 97
1798 986
1798 110
1405 137
1799 987
1183 723
860 988
860 244
860 593
860 989
860 133
860 104
860 990
860 788
860 991
383 992
1552 993
436 110
531 994
531 68
1800 995
1801 121
512 857
563 215
563 996
563 997
563 998
563 775
563 999
563 1000
114 884
1802 106
1802 883
1803 709
765 369
1544 1001
1330 1002
1330 1003
1330 740
96 1004
96 408
96 161
96 25
96 520
96 857
96 284
96 224
96 508
96 1005
96 86
96 452
96 437
1172 1006
1172 1007
738 1008
696 1009
696 508
696 113
1021 920
1021 1010
1021 8
1021 1011
1021 222
483 1012
483 293
483 157
483 93
483 1013
483 999
483 201
483 1014
344 602
344 628
344 219
344 535
344 275
344 1015
905 1016
905 1017
905 968
1804 1018
207 654
207 52
207 1019
207 23
207 474
207 1020
1011 1021
14 1022
14 122
14 893
580 1023
580 1024
580 493
580 309
580 139
1805 943
1078 551
1078 777
1078 541
1378 72
1378 1025
1227 804
69 1026
69 237
69 1027
69 1028
69 1029
69 532
69 8
69 576
69 1030
69 37
69 1031
69 1032
69 1033
69 463
69 133
69 1034
69 1035
941 1036
941 705
1806 276
1807 29
1807 1037
62 118
62 201
62 1038
62 19
62 1039
62 228
62 71
62 1040
62 1041
62 454
62 1032
62 369
62 63
62 1042
62 274
62 866
1129 587
579 619
579 1043
1808 1044
414 110
848 110
856 781
856 447
187 222
187 369
187 657
187 1045
187 406
187 274
187 482
187 723
187 692
187 201
187 226
1279 1046
1279 1047
1279 1048
1550 251
1453 1049
1809 1050
699 1051
699 1039
699 313
699 214
699 566
699 251
699 276
699 89
699 908
699 235
658 1052
658 705
969 88
1810 431
368 330
368 955
368 1053
1811 143
1462 853
1462 376
119 1054
119 191
119 1055
119 1056
119 100
528 105
1291 228
1812 423
1813 1057
1814 1058
876 122
1390 554
1071 496
1071 742
1071 431
1242 96
341 644
341 639
341 83
1815 75
157 1059
157 539
157 1060
157 81
157 483
157 21
157 540
157 122
157 704
157 1061
157 111
157 739
157 279
157 1062
157 802
157 876
157 134
1284 1063
1176 108
417 208
1816 1064
20 845
963 518
1120 161
1120 293
1120 824
1120 622
1120 139
931 176
1817 880
1520 657
1520 226
1447 1065
1447 686
918 1066
918 747
918 104
918 1067
689 1068
1490 348
1818 1069
1818 1070
1326 654
431 16
431 1071
431 619
431 110
431 260
431 950
431 1072
431 493
431 23
431 280
1286 1073
366 268
449 1074
649 227
649 1075
1367 665
185 1076
185 443
1819 1077
1820 732
1820 950
1821 1078
629 787
629 678
629 369
629 353
629 1079
629 831
629 865
629 104
1090 28
1570 529
1570 1080
1570 448
1570 1081
1570 161
1570 452
1254 1002
1254 1082
1254 127
392 1083
392 660
784 310
784 619
784 9
784 1084
784 50
784 280
784 1085
1518 70
588 301
588 8
588 1086
1822 719
558 872
558 1087
558 250
558 740
1823 1088
796 5
160 1089
160 369
28 193
28 222
28 127
28 244
28 1090
28 110
28 271
28 1091
28 1092
28 251
28 788
229 320
1824 899
1824 1093
1825 446
32 1094
1826 1095
1827 1096
356 88
513 857
802 1059
802 142
802 1097
802 157
802 913
358 83
1560 303
874 414
874 174
874 933
874 1098
874 789
1159 787
1828 443
1178 490
1178 350
1399 86
1308 1005
1829 17
1830 880
6 1099
6 162
1831 1100
248 599
248 977
977 1101
977 167
977 220
977 1102
977 723
977 195
1571 174
615 241
615 477
774 1103
774 110
774 1104
1832 881
698 271
1833 400
155 650
407 193
1240 608
1834 1105
850 464
1835 82
1089 160
1138 1106
1836 369
1314 1107
1314 189
298 1108
298 1109
39 1110
39 456
39 235
39 823
39 1111
39 586
39 594
39 351
1212 889
1370 1112
917 104
1085 784
835 1020
1837 191
1032 379
1032 69
1032 1113
1032 8
1032 134
1400 110
578 1114
1171 907
1171 1115
1171 259
1258 18
1258 1116
1258 269
1258 1117
1258 1118
1258 280
841 695
841 477
841 704
841 1119
824 187
824 1120
824 274
910 161
519 1046
519 1121
258 778
258 60
258 110
258 1122
258 1123
258 986
258 1124
258 600
258 704
258 1125
258 219
1124 1126
1124 1127
1124 118
1124 691
1124 1128
1124 258
1124 463
1 532
1 668
17 690
896 50
1838 482
1839 1129
893 817
893 1130
893 542
893 14
240 1131
724 406
1480 369
162 6
162 144
33 602
1840 457
791 831
1841 1132
890 123
890 932
569 139
569 544
569 772
983 654
983 1133
983 377
1842 134
956 1134
1843 723
1843 1135
1844 788
1844 1136
495 380
1106 1137
1106 554
1106 1138
1845 1139
500 1140
561 215
561 1141
561 1115
561 498
561 165
561 1142
561 250
269 69
269 61
269 1028
269 104
458 243
645 1083
645 820
861 650
587 1129
587 12
679 508
679 102
679 274
204 510
1024 309
1024 580
236 607
236 119
871 193
871 1143
871 222
871 1144
871 964
871 87
871 501
871 911
871 1145
1846 1146
1847 1147
1847 740
1848 1148
1849 544
1505 1149
1505 214
625 659
625 1150
625 104
625 503
625 673
359 113
359 467
97 284
97 8
1093 1151
1850 1152
716 1153
716 87
1851 16
1302 19
1302 1154
1852 305
1852 1147
1852 8
1852 224
454 324
1853 89
1854 104
1428 1155
1351 15
1351 222
1351 200
1855 951
300 529
300 1156
300 188
300 81
300 819
300 600
1856 1157
1857 494
1857 304
1857 266
1857 883
666 9
1858 1158
1859 91
787 239
787 454
787 1159
787 629
787 205
787 1160
787 131
787 1161
787 1162
787 141
1430 546
381 201
381 271
381 190
1201 535
1860 1163
1861 1164
606 253
1862 81
1863 452
292 177
292 1165
292 206
292 704
292 1166
701 654
16 1167
16 1168
16 1169
16 88
16 93
16 83
16 406
16 151
16 222
16 235
16 772
16 1170
16 274
16 1171
16 431
425 110
425 408
425 139
36 1056
1006 1172
1864 551
1864 75
508 293
508 988
508 1173
508 1174
508 39
508 1175
508 1086
508 27
508 1176
508 238
508 55
350 355
350 1177
350 772
350 1178
1218 1179
1218 593
1865 212
994 531
1151 1093
1151 141
367 83
668 222
668 104
668 139
1148 1180
1866 477
1866 1181
1866 1182
1866 710
1866 1087
727 1183
727 1184
727 1185
960 110
564 997
564 1186
1867 1187
1867 254
1868 336
669 1188
669 1127
669 464
1137 1106
1869 669
1870 113
1870 1189
452 797
452 880
452 86
326 1190
194 93
780 441
780 542
780 592
302 15
302 72
302 590
302 188
302 723
302 1191
302 161
979 81
979 400
1228 81
1228 595
308 461
308 611
1276 437
1871 1192
1478 55
754 1127
1872 336
573 1193
115 1194
363 1195
363 544
363 83
657 447
1873 236
651 82
1874 134
1875 1196
1876 100
1877 783
416 110
1878 222
1878 294
1879 271
767 221
357 1197
1097 802
504 27
1880 369
1880 389
973 236
973 320
1542 1198
535 344
535 67
535 1199
535 641
535 1200
535 1201
535 459
535 318
535 1087
535 1202
285 64
285 93
285 730
770 692
1445 250
1445 1203
1266 62
1060 157
179 61
1881 54
1038 555
199 93
199 1204
199 16
199 1205
763 1206
763 1207
763 188
763 474
763 1208
763 447
550 470
550 423
550 86
550 34
1882 1209
1882 849
522 1126
484 1210
484 215
484 1211
889 355
889 1212
889 588
11 307
1883 201
1883 1213
1883 220
930 509
930 67
812 88
812 810
75 1214
75 161
1884 1008
1885 1215
1007 1172
1205 199
354 977
354 1216
354 18
354 83
332 1217
332 489
332 406
1179 1218
1886 57
159 268
1887 1219
1536 1220
1087 502
1087 9
1087 558
1087 535
1087 1175
1087 506
1087 477
644 301
644 8
1888 775
1888 51
145 250
145 104
145 96
145 1221
1442 293
1185 8
80 465
309 1222
309 139
309 1023
309 1223
309 1224
309 195
309 461
309 1024
309 60
309 580
66 44
66 1225
66 1115
66 622
66 687
66 526
1238 139
1889 602
271 1226
271 387
1890 110
1091 311
1091 666
90 277
804 222
804 1227
1891 454
759 1139
108 266
108 312
1309 1005
1892 215
595 644
595 301
595 1228
595 1229
595 96
595 574
595 134
595 68
839 675
1893 1230
1894 977
693 1231
693 1232
693 884
693 687
693 369
834 16
854 1233
854 447
593 134
1001 636
1895 369
220 813
220 222
220 104
220 83
950 772
1896 907
1897 443
1898 235
1898 1234
1899 202
1900 98
951 619
951 238
951 101
548 899
548 1093
548 679
548 104
548 447
548 1235
139 1236
139 529
139 127
139 559
139 80
139 274
139 813
139 1237
139 1238
139 607
139 1239
139 1066
139 872
139 380
139 81
139 775
139 951
139 883
139 494
139 676
139 1240
139 1241
139 462
139 281
139 215
139 425
139 1242
139 1170
139 1243
139 280
139 1244
139 463
139 103
139 903
139 1245
139 1246
139 1247
139 331
139 1248
139 50
139 668
139 1249
139 96
1055 119
1901 281
473 1250
473 254
473 1251
473 671
1086 588
386 201
386 224
336 221
867 125
141 787
141 799
141 411
141 831
141 928
141 201
747 233
747 129
747 597
747 18
747 866
1902 250
1903 874
1534 520
1534 535
1534 1252
518 1253
518 1246
518 209
518 274
1904 697
1904 316
127 1156
127 222
127 787
127 340
127 426
127 976
127 83
127 122
127 139
127 1254
127 964
127 1255
127 772
127 858
127 86
127 351
1905 8
13 235
817 111
817 219
817 893
450 859
450 50
450 576
607 673
607 877
607 139
607 200
607 570
1906 299
1906 294
1221 1256
1331 195
242 53
242 628
81 1236
81 1245
81 151
81 155
81 1155
81 742
647 820
387 219
387 271
215 174
215 139
215 484
215 902
215 561
215 610
215 23
215 233
215 37
215 1257
215 200
215 563
215 1118
215 280
215 1258
215 278
1215 1259
1907 121
1908 69
1908 579
1909 293
1910 0
212 1036
212 1260
212 1147
1441 293
1441 222
1911 215
335 21
1558 687
1558 287
1558 250
1558 96
1558 1261
703 1020
801 318
346 1262
346 83
346 672
165 67
165 1088
165 561
165 1263
165 989
165 739
165 1264
165 86
1059 61
1059 157
1912 1106
1511 60
1564 775
1564 1265
1913 1210
1913 1266
705 1267
705 1268
705 1269
297 921
297 883
1914 1270
211 902
385 1271
487 1040
1104 1272
1466 993
1327 654
1915 587
816 664
1136 788
73 1273
73 112
73 1274
181 173
700 106
700 565
700 231
700 482
700 708
674 673
674 410
674 678
51 235
437 778
437 1275
437 592
437 353
437 110
437 1276
437 27
437 96
1916 83
664 969
664 816
664 1080
664 69
664 104
664 1264
1917 964
720 1277
507 27
1568 110
1918 544
1375 1278
1375 540
1375 352
1919 132
1047 1279
1920 121
133 57
133 271
1921 1280
1922 134
1301 1281
349 69
349 15
349 83
349 55
349 1203
238 69
238 951
238 215
1384 803
1384 226
1384 1202
1923 1282
639 161
1924 617
1925 611
1253 18
18 229
18 250
18 1269
18 52
18 1108
18 902
18 219
18 1283
18 392
18 1208
18 277
18 872
18 161
18 704
143 1256
143 799
143 1075
143 1063
143 104
143 533
143 1284
143 1285
143 134
143 141
1926 1286
94 247
1274 280
1274 112
1575 692
1575 224
409 110
1927 23
688 196
688 884
688 1287
688 474
688 687
688 1288
688 537
688 546
688 224
688 197
688 82
688 524
688 447
688 1289
1095 19
1039 599
1039 619
1039 52
1039 362
1039 1039
1039 927
1039 18
1039 1290
1039 1054
1039 1291
1039 264
1039 62
1039 1292
1039 699
1039 667
125 15
125 1293
125 1294
333 481
1406 397
1406 95
1406 1295
594 39
594 134
1411 454
1411 1296
880 42
880 452
880 119
880 78
1477 55
936 778
718 489
641 733
641 800
641 535
641 176
641 111
641 806
641 161
120 121
823 673
823 234
823 47
823 66
823 1297
823 1298
823 834
823 765
823 1180
823 1120
823 337
823 93
823 751
823 134
823 203
906 61
275 529
275 61
275 1115
1928 293
109 896
109 423
109 50
1031 69
1031 591
1031 1299
833 406
1929 169
525 129
1930 31
1271 1300
1271 201
278 132
19 1301
19 15
19 1302
19 47
1117 214
1117 913
1160 787
1160 222
1160 251
1931 236
1451 1303
545 294
1932 260
1540 983
1540 151
1141 69
739 571
739 165
739 157
739 671
691 369
691 1124
691 1304
691 465
691 224
1933 618
618 762
618 574
618 1305
618 704
618 592
1261 215
1934 700
806 641
806 141
806 733
806 1306
1005 8
1005 1307
1005 1308
1005 1309
536 1310
1015 219
673 760
673 410
673 895
673 406
673 1311
673 50
673 1312
673 548
673 1170
673 607
673 674
1531 272
1935 1313
1935 1307
10 227
1107 1314
1936 883
1937 1315
289 1316
289 1317
289 83
1938 81
968 904
1052 658
1052 1318
760 673
760 975
760 384
760 243
1939 1319
99 1320
99 1321
99 740
742 81
742 1071
742 146
982 1273
982 1255
1297 823
1297 101
1332 195
934 1322
1306 806
922 104
922 273
922 634
1530 1323
1530 540
1530 1324
1530 951
1530 870
654 983
654 82
654 1325
654 264
654 207
654 1049
654 233
654 246
654 1326
654 1327
654 251
1940 1328
92 16
92 212
92 1043
92 284
195 1329
195 1330
195 977
195 1331
195 309
195 1332
195 987
195 1333
195 86
195 1334
195 68
1941 607
1941 101
676 1335
676 139
1942 141
29 1206
29 60
29 1037
29 200
1528 399
1528 1336
1943 363
1943 131
622 1337
622 406
622 570
622 1338
622 1120
622 224
444 203
1035 69
1035 943
602 344
602 1339
602 33
602 648
602 1340
602 17
265 477
265 61
477 1341
477 1119
1944 862
1944 746
883 330
883 139
883 928
883 1342
883 882
883 297
883 1264
197 644
197 1129
912 1083
912 895
912 870
912 1343
912 1344
908 1307
908 699
399 1345
399 1346
399 34
638 1269
1945 233
402 260
1946 880
537 151
537 895
537 1315
537 1347
1010 57
1010 1021
1010 100
1947 1049
597 119
597 747
597 104
597 566
597 1348
597 134
1948 1349
222 1350
222 127
222 88
222 1351
222 220
222 1173
222 274
222 813
222 95
222 1352
222 1353
222 1354
222 1315
222 15
222 187
222 1355
222 1356
222 340
222 804
222 1357
222 28
222 1358
222 871
222 134
222 1161
222 294
222 964
222 1160
222 1359
222 83
222 1360
222 1361
222 941
222 654
222 293
222 869
222 1246
222 1362
222 840
222 142
222 1277
222 676
222 55
222 772
222 104
222 202
222 235
252 1363
252 1364
252 1365
252 529
252 1280
1949 276
1950 668
474 678
474 1366
474 207
665 456
665 9
665 1124
665 1367
665 1292
665 1368
665 67
694 243
772 222
772 692
1951 15
1046 1369
1112 1370
1112 68
1952 1371
314 264
1953 431
1954 141
1955 215
1956 1372
1957 278
1099 6
1417 202
103 98
1363 252
1958 1373
1072 431
1345 1190
1959 262
1281 589
1281 1374
981 611
263 611
263 540
263 390
263 152
263 233
263 772
263 544
540 263
540 68
540 294
540 1375
1960 1259
149 122
530 1376
123 890
123 294
123 351
1961 1377
575 619
575 1378
623 1014
731 246
836 235
1962 1279
214 1117
214 653
214 902
214 246
214 224
214 699
214 1379
470 1119
470 208
52 8
52 125
52 18
1963 822
516 0
516 1345
209 241
1964 113
1223 576
1223 546
1354 222
527 1380
1156 1381
1156 127
1156 456
1156 964
1156 795
1156 1382
1156 484
1156 300
1156 200
1156 197
1156 345
1156 704
1539 151
943 216
568 1383
1965 151
1966 141
1202 1384
1202 535
1967 895
1967 131
1968 678
1969 57
939 334
1473 617
1970 1385
1971 832
1040 62
1040 1386
1040 487
1040 486
1972 301
1973 305
469 463
486 1040
486 487
486 1387
486 1388
552 215
552 1349
1299 1031
814 1389
1974 104
712 50
54 235
1088 165
1088 301
1975 602
554 1390
1976 113
86 127
86 369
86 301
86 585
86 274
86 1391
86 1392
86 1393
86 330
86 237
86 1394
86 304
86 134
86 1395
86 750
86 1127
86 1396
86 1397
86 195
86 1398
86 1399
86 62
86 165
86 96
1977 1400
616 384
1022 14
1978 1077
88 969
88 1401
88 1241
88 215
88 672
88 1402
88 567
88 257
88 1403
88 851
88 25
88 222
88 104
88 985
88 185
88 134
1979 1126
1154 1404
1461 123
1461 64
137 1147
137 1405
1980 823
397 29
397 899
397 460
397 1087
397 313
397 1278
397 1406
397 280
397 462
1527 803
1562 1407
782 58
782 119
782 753
23 1408
23 91
23 1409
23 207
23 260
23 176
23 668
23 1410
23 431
1981 532
1982 773
1983 534
1512 12
1984 17
1222 309
1180 1148
1296 1411
863 903
863 895
863 1412
863 669
217 351
482 1413
482 1414
482 187
482 465
482 274
482 700
482 650
482 161
379 201
379 219
379 1415
379 1288
379 508
379 1032
379 250
1474 617
1474 1416
1985 866
1986 128
643 161
643 1196
710 608
202 484
202 1036
202 447
202 757
202 637
202 1417
1987 1418
1988 1419
755 1127
755 757
1989 57
1989 555
1392 86
1392 1420
15 222
15 1421
15 1422
15 340
15 111
15 1351
15 1423
15 83
15 1424
15 19
15 104
15 235
15 224
15 101
15 551
15 748
15 365
15 1425
1990 903
702 1020
714 740
1991 67
583 1426
1992 1427
546 1256
546 899
546 17
546 719
546 1428
546 534
546 1429
546 1430
546 1431
546 1432
546 1433
1404 1154
1057 197
1057 104
1057 437
1408 23
1048 1279
1993 1037
1994 520
281 1434
281 139
1437 1025
1437 779
1995 115
1996 1435
1996 492
1997 960
496 1316
496 1071
1998 593
1999 1436
1557 1075
2000 222
1067 918
2001 389
715 532
118 62
118 1124
118 566
118 101
234 93
234 8
1025 1437
1025 1378
888 1263
2002 43
1325 654
345 83
556 534
556 250
2003 276
2003 39
1449 224
543 294
2004 1438
2005 668
2006 654
684 230
684 971
670 1439
2007 1440
2008 27
2009 157
293 599
293 1441
293 222
293 1442
293 483
293 1120
293 50
1140 1443
1140 500
1140 387
1140 247
1298 1039
2010 355
840 262
840 675
840 8
840 161
840 110
2011 300
566 118
566 301
566 1054
566 56
566 101
566 280
566 597
566 699
748 15
748 1436
748 1155
748 41
748 1444
748 1371
529 247
529 1161
529 244
529 431
283 93
283 1145
2012 1032
497 294
497 977
497 1351
497 121
497 290
497 1074
497 1445
497 301
497 280
497 962
771 769
771 410
95 441
95 284
95 494
95 1406
95 650
95 1446
95 68
878 69
878 406
788 230
1065 1447
627 1448
627 101
1004 96
2013 1449
1422 15
2014 1450
480 865
1338 622
1305 618
1305 1203
1305 544
1305 704
1305 9
2015 1451
2016 0
167 977
167 1014
167 195
2017 299
267 1452
267 60
1049 1453
1049 654
1049 94
2018 161
2019 139
842 337
1225 376
362 1454
362 880
362 83
1245 139
1533 1455
1533 328
257 177
257 88
393 1421
393 950
2020 952
1471 1456
2021 1457
2021 699
2021 1458
2022 1459
2023 759
795 1156
795 1460
2024 1191
2025 1068
853 1461
853 1462
853 824
1467 272
1126 1463
1126 891
1126 695
1126 294
1126 740
1108 1129
1108 1123
1108 298
472 1464
472 377
633 161
633 208
1491 301
2026 62
2026 1384
2026 1056
2026 1465
2026 144
826 708
993 1466
462 68
2027 200
2027 1019
2027 1442
2028 101
2029 110
291 238
430 110
1386 1040
2030 744
2030 1154
1083 957
1083 146
1083 695
1083 744
1083 392
2031 870
613 1467
2032 740
2033 700
2034 50
2034 251
2035 33
2035 922
1236 81
1236 139
859 1313
859 895
859 50
859 1468
730 654
730 246
789 874
789 174
789 1469
1315 222
1315 537
711 1075
711 653
2036 509
2037 793
1195 1097
79 76
79 465
79 50
2038 390
2039 1154
1541 635
1076 185
2040 832
757 1127
102 679
102 294
964 340
964 222
964 127
964 274
1385 1126
1346 351
2041 1470
1456 1471
1235 540
1235 548
790 831
617 1472
617 1473
617 1474
617 1475
2042 794
2043 1211
640 161
2044 264
55 1476
55 1477
55 222
55 508
55 1478
927 865
927 280
2045 679
2045 293
2045 524
2045 139
2046 787
2047 678
128 76
128 724
128 510
128 1479
128 235
2048 5
481 1480
481 27
481 254
2049 491
208 1481
208 16
208 294
576 778
576 619
576 1267
576 1223
576 69
576 151
576 62
468 106
468 219
468 1081
24 235
24 1482
493 380
493 309
493 580
493 431
634 907
634 161
2050 195
2051 306
980 89
980 400
719 899
719 257
719 546
719 1411
1521 226
87 193
87 1483
87 729
87 871
87 716
100 119
100 1484
2052 341
786 1485
1133 307
1133 72
1133 983
1128 1486
2053 864
2053 90
2053 1290
2054 576
2055 775
2056 294
290 222
290 497
290 1487
347 823
740 1330
365 15
365 669
599 293
599 1488
599 928
599 1039
599 151
599 1013
599 1489
348 1490
348 83
301 862
301 1068
301 595
301 588
301 410
301 854
301 301
301 426
301 1491
301 0
301 1492
301 86
1362 222
2057 218
492 447
287 123
287 93
919 72
1443 1493
1443 1494
1443 311
1443 1140
808 1056
1374 139
501 1010
501 221
501 27
501 871
2058 104
154 250
2059 664
168 1495
168 1496
793 86
793 831
2060 63
2061 193
2062 296
2063 383
2064 1264
1289 688
2065 1371
276 187
276 233
2066 199
756 1127
1425 687
1200 535
1244 215
686 1497
686 383
590 340
590 280
590 302
2067 692
541 1498
541 209
541 866
2068 927
695 1385
695 841
2069 68
2070 128
2070 1499
1493 1500
312 271
312 110
312 149
312 156
312 108
2071 503
2072 1501
196 688
196 1502
198 62
974 829
974 1503
737 225
737 1504
1149 1505
1149 1495
751 823
751 247
64 454
64 83
64 1506
64 123
64 1507
64 1508
64 549
2073 704
2074 1241
2075 1499
2076 508
2077 281
53 199
53 262
53 110
53 412
53 219
584 25
584 562
584 1088
584 410
781 106
781 362
781 856
456 673
456 665
456 222
456 1509
467 19
467 359
467 463
2078 280
328 313
251 451
251 787
251 222
251 824
251 654
251 72
251 1160
251 274
251 81
251 66
251 836
251 163
251 62
251 305
2079 195
1044 301
2080 693
1275 437
768 692
988 849
988 746
933 1510
1207 763
1207 302
60 309
60 65
60 129
60 369
60 132
60 136
60 50
60 1511
60 500
60 1087
12 587
12 1512
2081 197
2081 1004
517 405
1529 1115
2082 619
2083 529
2084 586
352 134
352 1375
1465 96
2085 1092
672 117
672 293
672 1513
672 88
672 346
672 950
672 1514
672 538
672 1515
672 669
868 1208
1497 659
1497 1046
1497 686
1161 19
1161 529
1161 222
2086 42
959 225
959 1516
959 118
959 33
959 1517
1012 293
1012 483
1012 1518
1101 977
226 1519
226 1520
226 1521
226 535
226 187
226 1522
2087 651
2087 1041
2087 462
2087 1267
1522 226
991 860
2088 90
2089 574
2089 551
1232 884
2090 599
2090 1012
1268 477
1268 825
1416 1474
1416 775
445 236
1008 864
1008 127
1008 49
1008 1523
1008 1524
1008 225
1008 1484
1538 151
1538 294
121 300
121 247
420 110
1556 1525
1574 87
2091 226
2092 1526
2092 1442
353 629
353 83
353 37
353 400
353 1124
353 437
803 862
803 1527
803 275
803 870
190 381
2093 78
2094 52
2095 50
2096 539
1336 1528
1369 1046
1369 489
1115 1529
1492 301
1492 235
1324 1530
1324 1071
1324 170
1549 68
2097 110
325 930
325 49
272 1531
272 269
272 61
2098 402
926 1532
926 280
926 376
2099 644
2099 535
1455 1533
2100 397
1329 161
1329 195
2101 704
2102 608
938 334
520 1534
520 96
520 316
775 110
775 1416
775 1535
775 219
1454 276
894 50
559 1313
559 250
559 139
1220 1536
1337 233
1337 622
2103 1537
2104 574
2105 629
2106 873
2107 70
807 774
2108 106
2108 979
830 406
151 599
151 1538
151 9
151 369
151 1267
151 390
151 576
151 122
151 783
151 1539
151 319
151 1540
635 161
635 951
635 1541
2109 668
1421 15
1421 93
1421 1542
989 165
84 62
84 1543
376 508
376 104
65 60
1470 1045
1211 484
57 101
2110 60
514 857
514 820
1379 214
4 679
4 235
1573 224
1113 1544
1113 477
1113 103
2111 678
603 586
2112 1130
124 551
124 67
124 899
2113 1028
2113 344
384 760
384 1271
384 243
384 497
384 1081
384 163
384 200
384 788
384 161
800 318
800 641
800 913
800 141
1147 137
1147 681
1147 1073
1259 1545
914 1546
914 1384
849 1170
849 1547
953 1548
2114 927
2114 1018
690 687
690 19
690 17
970 305
881 1549
35 235
1559 1534
544 1510
544 363
544 263
844 574
2115 1550
1509 456
1509 335
1509 221
1509 1509
1509 385
1509 202
1509 669
1144 874
1144 1551
1144 871
1144 300
2116 697
2116 1552
136 60
136 99
136 359
136 102
136 224
1524 1008
1311 1553
1311 607
1311 406
163 839
163 555
163 1554
163 156
163 671
163 553
163 251
163 144
163 552
1189 585
1155 81
1155 1428
1155 1444
1155 1555
1155 1252
1525 414
1525 1556
708 565
783 783
783 322
783 151
783 118
1075 1532
1075 143
1075 649
1075 711
1075 1557
557 1558
557 250
303 197
303 1559
303 1560
2117 431
2118 128
2119 197
749 1561
1407 1562
1285 1108
2120 1313
329 233
329 305
2121 1506
2122 1036
2123 962
432 110
428 60
2124 1498
1073 1147
1458 90
2125 142
2126 1207
935 778
2127 679
2127 477
131 1256
131 1563
131 787
131 1313
131 17
131 1351
131 71
131 918
131 863
1265 1564
2128 201
612 748
773 1349
773 91
1203 1565
1366 474
340 15
340 222
340 127
340 964
340 83
340 340
340 590
340 224
340 365
2129 91
1342 870
1082 1254
1118 215
2130 1566
1393 895
1393 86
2131 387
2132 69
945 167
945 993
945 637
311 1443
311 1091
244 205
244 1567
244 218
244 746
1468 859
553 151
2133 962
2134 1080
2135 1568
1135 302
1135 18
2136 1569
2136 1273
769 692
2137 1147
1484 61
1484 121
1484 843
1484 100
1484 365
1484 538
940 1570
735 225
174 1571
174 17
174 215
174 789
174 177
174 1467
174 1572
174 1307
174 161
174 443
499 867
186 990
186 443
224 599
224 127
224 1573
224 340
224 688
224 1353
224 878
224 817
224 445
224 15
224 410
224 60
224 687
224 477
224 1574
224 1135
224 134
224 34
224 188
224 386
224 544
224 545
224 44
224 722
224 1249
224 161
224 542
224 622
224 691
224 136
224 753
224 365
224 1575
224 214
681 1126
