884 0
455 1
455 2
455 3
885 4
376 5
376 6
376 7
376 8
376 9
632 10
886 11
61 12
682 13
682 14
887 15
887 16
888 17
889 18
790 19
890 20
890 21
53 22
53 23
53 21
53 24
53 25
53 26
53 27
488 28
580 29
891 30
335 31
335 32
335 33
335 34
472 35
892 36
627 37
627 38
195 39
195 40
537 41
537 42
537 43
828 44
828 45
725 46
893 47
893 48
250 49
250 29
250 50
250 51
250 52
22 53
22 54
22 55
22 56
22 41
451 57
211 58
12 59
12 60
12 61
12 62
894 63
692 64
895 65
895 66
756 47
756 67
527 68
527 69
134 70
134 71
134 72
258 73
896 74
897 75
121 76
304 77
304 78
758 79
740 47
740 80
650 81
829 82
829 83
112 84
112 85
112 4
112 86
112 87
112 88
898 89
899 90
462 35
144 91
144 92
144 93
144 94
144 95
144 55
144 96
144 97
144 98
144 29
144 99
900 47
532 100
901 34
354 101
354 102
354 103
354 29
354 104
354 105
354 106
87 107
87 108
87 109
87 110
87 111
87 112
87 113
87 114
87 115
87 116
87 4
87 117
87 118
87 119
87 120
87 121
87 122
87 123
87 124
387 23
387 125
902 126
903 127
904 128
905 129
905 130
642 131
108 132
906 133
72 134
907 135
908 46
909 133
837 136
128 137
128 138
735 139
772 140
910 141
911 142
838 136
786 20
91 143
91 144
561 145
912 146
913 147
665 51
665 148
577 29
577 103
577 149
578 29
578 150
914 119
177 151
177 152
177 153
177 154
177 137
766 155
915 133
500 156
500 63
916 157
549 158
147 137
147 157
643 159
643 160
643 141
917 161
918 162
918 163
6 164
6 165
6 166
6 98
919 122
920 167
796 168
796 169
796 69
232 170
232 171
232 172
232 140
232 173
921 174
193 2
193 80
193 175
193 176
193 137
193 177
193 178
341 179
506 180
506 181
160 182
160 3
160 183
922 75
744 2
744 160
744 58
744 103
744 184
744 185
744 186
197 187
70 134
70 188
607 189
607 190
607 191
923 192
923 193
923 16
333 194
760 79
39 195
334 196
334 197
334 59
334 198
334 199
334 200
334 7
334 60
334 201
334 202
334 203
334 204
334 205
924 3
925 75
926 206
927 207
363 208
343 209
343 210
734 139
928 211
670 212
670 213
670 126
269 214
269 2
215 215
215 216
215 97
215 75
215 16
184 217
184 218
929 219
930 220
605 221
605 222
847 223
475 68
475 122
475 224
502 82
104 126
104 179
17 55
17 65
17 58
17 225
17 29
17 226
593 227
589 228
823 229
931 230
932 231
172 232
172 73
172 233
172 111
315 234
315 235
315 236
315 80
315 237
315 238
315 239
315 51
315 221
315 240
933 35
775 73
348 241
348 242
348 243
348 244
194 245
194 156
194 246
49 247
49 29
49 248
49 249
49 250
934 251
23 41
23 252
23 253
935 64
319 69
863 59
936 254
77 216
77 255
77 222
77 75
111 87
111 172
73 256
73 257
73 258
73 35
76 121
937 245
937 194
806 75
938 176
938 259
314 260
314 261
209 122
873 122
873 262
939 40
606 263
395 264
395 41
395 260
395 265
2 266
2 267
2 268
2 269
2 270
2 271
2 272
2 273
2 216
940 274
688 268
399 275
399 276
710 277
710 75
710 278
710 279
710 280
545 281
545 16
941 282
356 41
356 283
564 137
564 284
564 285
718 41
378 286
378 277
426 151
426 287
371 227
388 288
388 120
388 289
388 290
388 291
388 201
388 88
388 292
187 194
412 264
412 41
412 293
412 294
582 77
393 264
393 55
393 63
393 265
393 37
393 295
393 296
393 297
393 298
393 97
393 216
393 299
551 300
551 301
551 302
551 61
551 104
551 303
551 304
551 229
797 1
942 87
942 305
943 3
323 306
323 27
323 307
324 151
324 270
324 306
324 271
324 308
324 297
324 137
324 309
324 242
129 265
435 67
698 310
698 311
698 307
698 223
814 312
944 313
261 3
261 113
261 73
261 244
261 278
261 314
945 315
711 316
711 222
711 278
711 317
711 318
711 41
877 319
877 69
877 320
230 321
230 208
230 74
946 55
306 322
306 323
306 324
306 297
306 325
306 326
306 327
130 235
947 2
1 328
948 65
282 329
282 330
60 75
60 331
60 12
60 332
60 333
60 334
33 46
33 335
33 144
33 271
210 336
210 337
210 98
210 65
210 338
210 339
210 81
210 179
210 340
210 104
210 341
210 342
210 343
300 344
300 345
300 346
663 332
663 347
243 347
243 348
949 55
59 281
59 349
59 334
59 350
59 351
950 122
98 225
98 179
951 77
146 352
146 353
146 75
102 354
868 355
283 356
283 357
313 46
313 216
313 55
952 358
542 276
542 359
32 134
32 360
953 361
208 321
208 362
208 109
208 64
208 363
208 364
208 65
208 365
208 264
208 366
208 367
208 368
208 369
208 370
208 371
208 372
208 290
208 373
208 374
954 375
473 231
473 43
446 29
955 376
385 377
385 201
385 378
385 157
956 379
765 103
484 380
484 381
135 168
135 139
957 382
54 22
54 56
238 379
201 0
201 277
201 383
201 136
201 312
201 384
201 385
201 386
201 87
201 387
201 388
201 389
201 390
201 391
958 146
959 331
960 392
63 393
961 147
713 394
713 395
713 396
713 397
713 398
713 139
713 240
441 399
441 400
276 401
276 80
276 402
276 376
276 50
276 399
541 225
860 276
860 259
860 35
332 245
332 156
332 403
633 82
633 404
715 405
715 406
649 38
762 79
477 345
477 407
477 272
477 408
264 409
264 395
264 393
264 0
264 64
264 375
264 410
264 411
264 412
457 113
457 277
457 413
962 55
963 3
270 212
270 2
703 41
239 406
239 315
239 179
154 177
154 414
964 144
476 415
476 416
476 75
476 227
476 417
286 378
965 344
119 418
119 75
119 419
119 375
119 51
119 35
119 420
119 210
119 41
119 421
119 260
119 34
119 390
271 2
966 37
967 422
968 287
776 423
151 424
151 375
151 177
151 425
151 426
151 427
969 428
483 137
483 429
970 307
295 189
295 75
296 393
296 99
297 393
297 306
297 324
297 430
297 431
297 152
297 278
297 432
482 433
482 434
352 435
125 387
125 240
125 436
118 87
118 114
448 437
448 276
448 438
448 439
448 440
511 441
511 277
511 442
749 0
471 443
471 378
971 22
972 408
972 260
972 19
84 164
84 444
84 445
84 85
592 228
438 272
438 446
438 447
438 448
438 449
438 450
973 23
974 451
30 375
30 452
30 453
30 58
510 454
292 29
292 455
292 3
292 115
975 86
975 35
137 456
137 457
137 182
137 270
137 290
137 458
137 459
137 460
137 193
35 418
35 461
35 462
35 73
35 62
35 119
35 463
976 73
799 415
799 393
799 69
31 335
122 80
122 19
122 464
122 465
122 35
122 20
122 466
122 467
122 209
512 468
512 469
512 249
512 373
512 391
780 470
611 378
611 471
43 69
43 16
43 375
43 472
43 473
43 474
43 75
43 475
43 314
43 357
288 1
288 388
417 476
573 477
445 86
328 1
245 332
245 156
245 478
245 390
62 479
62 12
62 390
398 480
398 320
398 481
434 422
434 240
434 482
977 113
226 21
429 54
429 58
429 56
429 483
408 122
408 477
408 377
381 484
347 256
978 485
978 160
530 122
362 486
362 487
362 243
805 75
28 488
28 489
259 46
259 313
198 490
739 80
875 491
979 59
979 383
657 246
257 492
257 493
257 73
257 494
257 244
257 34
156 495
156 256
156 375
156 496
156 497
156 498
156 245
156 60
156 254
156 194
156 499
156 500
156 501
980 73
536 502
981 503
981 504
981 221
981 356
981 505
981 506
981 507
689 508
565 509
454 510
442 29
442 485
442 218
442 222
442 511
249 512
572 513
572 514
572 357
572 260
982 163
982 260
521 379
516 418
983 515
357 13
357 2
357 43
357 221
357 287
357 283
204 334
658 246
418 516
681 517
681 14
681 21
984 518
133 53
133 519
133 351
133 383
133 520
985 521
815 522
9 376
9 9
68 523
68 524
68 224
68 69
68 525
68 526
68 464
68 527
68 466
68 122
68 528
68 529
68 530
436 531
436 272
436 222
436 225
986 438
986 75
987 75
100 532
754 435
754 346
754 529
754 146
988 156
989 533
717 41
82 50
82 43
82 534
82 82
82 535
82 536
82 502
82 537
82 375
82 377
794 538
794 533
234 315
256 156
256 75
256 73
990 256
991 277
992 335
701 309
701 40
701 539
701 120
832 540
752 37
205 334
225 541
225 98
771 222
359 542
359 543
427 29
427 16
557 544
557 29
557 545
557 330
861 546
861 272
993 547
849 96
849 37
379 268
379 548
158 29
158 412
158 549
676 79
639 550
639 41
874 75
994 20
86 289
86 443
303 551
995 552
995 282
996 553
996 3
13 393
816 21
803 235
803 130
803 521
803 58
659 554
659 487
997 555
52 44
52 267
52 416
52 556
52 557
52 250
349 36
349 59
998 37
999 336
24 53
24 558
1000 559
1001 560
555 3
1002 561
1002 213
661 562
661 538
661 533
233 172
1003 223
1004 354
110 87
110 276
110 75
110 452
110 222
490 281
490 56
490 563
1005 40
284 564
65 75
1006 13
509 565
509 552
509 0
509 386
509 566
800 30
494 257
714 24
163 223
664 321
373 512
640 168
523 122
523 51
808 567
637 260
637 568
498 156
598 569
598 37
113 570
113 571
113 237
113 232
113 499
459 51
648 38
620 390
514 572
514 573
514 574
1007 266
1007 575
164 84
164 6
164 438
164 179
164 576
164 444
29 546
29 21
29 46
29 144
29 17
29 577
29 578
29 103
29 579
29 569
29 292
29 38
29 250
29 358
29 55
29 442
29 222
29 427
29 580
29 470
29 446
29 581
29 436
29 152
29 74
29 354
29 179
29 365
1008 86
242 582
242 583
242 584
404 77
404 51
404 520
520 585
520 69
520 586
520 133
748 22
748 0
1009 146
753 587
753 50
753 470
228 588
228 589
228 590
228 228
228 591
228 592
228 29
18 593
18 18
18 29
18 594
18 15
18 595
641 560
3 455
3 43
3 261
7 334
97 596
97 215
97 393
97 597
97 126
463 35
569 598
569 29
569 103
569 37
1010 137
478 245
1011 599
1012 50
722 300
524 529
274 600
614 179
265 57
265 393
265 59
66 490
302 487
302 551
302 265
375 151
375 156
375 43
375 264
375 119
375 342
55 409
55 601
55 75
55 602
55 157
55 144
55 29
55 603
55 604
55 99
55 41
55 313
55 17
1013 605
783 480
1014 120
263 606
1015 306
190 212
190 607
1016 608
1017 609
71 134
71 12
621 420
621 390
595 53
251 64
1018 514
1018 206
862 272
16 490
16 215
16 427
16 272
801 235
1019 113
750 2
750 610
27 53
1020 611
583 242
583 261
543 359
179 6
179 29
179 452
179 5
179 376
179 77
179 78
179 58
179 612
179 174
179 342
179 613
179 98
179 614
179 104
179 341
179 210
802 409
802 410
755 257
755 67
795 615
617 616
617 390
731 58
616 617
770 618
1021 214
638 8
1022 88
1022 133
338 210
1023 47
1023 218
1023 619
216 215
216 2
216 77
216 58
216 313
1024 29
390 617
390 62
390 35
390 245
390 620
390 119
390 621
672 47
672 139
672 126
604 55
1025 47
330 282
11 622
37 13
37 492
37 393
37 268
37 623
37 598
37 231
37 624
37 297
37 625
37 626
37 627
37 569
37 255
37 38
37 628
1026 179
183 87
183 629
747 101
166 337
166 41
166 630
166 6
166 631
1027 201
1027 198
425 180
425 151
10 632
10 126
380 484
380 485
697 472
1028 179
224 475
1029 63
1030 257
645 473
5 179
826 633
1031 379
1032 86
461 464
115 87
115 44
115 292
115 51
115 137
1033 24
36 634
36 16
174 137
174 369
174 179
415 235
415 635
1034 75
1035 636
656 637
656 246
227 593
227 470
227 535
294 54
294 638
1036 43
1037 104
550 639
191 607
168 640
168 26
267 2
267 52
116 87
560 494
560 641
117 642
117 643
117 126
117 215
117 58
117 644
117 272
117 87
117 645
833 259
833 58
38 646
38 647
38 415
38 322
38 539
38 37
38 648
38 627
38 649
38 29
38 140
81 6
81 650
81 651
81 652
81 54
81 210
1038 443
631 166
631 73
515 653
515 654
1039 375
246 655
246 79
246 194
246 656
246 657
246 658
548 379
487 659
487 302
487 126
157 147
157 93
157 55
157 79
157 385
157 225
157 34
157 443
358 64
175 193
793 538
817 21
819 120
513 572
513 254
513 75
1040 660
533 661
1041 333
1042 662
424 151
424 663
321 364
321 664
321 208
1043 560
252 103
51 459
51 665
51 50
51 115
51 666
51 119
51 250
518 17
1044 307
34 257
34 667
34 157
1045 128
1046 586
360 32
1047 668
440 448
374 208
492 669
492 626
126 75
126 670
126 671
126 221
126 58
126 97
126 184
126 339
126 104
126 672
344 434
344 558
344 342
344 48
344 673
489 586
411 264
411 674
822 675
822 676
822 229
202 266
202 334
566 552
1048 122
630 166
630 444
1049 35
1049 119
1049 343
839 677
839 678
1050 679
1050 37
1051 266
452 393
452 179
651 0
651 81
308 324
716 2
673 344
673 315
431 297
453 30
1052 680
1053 61
1054 93
14 681
14 682
1055 683
290 684
290 65
290 137
290 367
290 272
290 29
290 388
290 227
290 208
401 276
401 685
588 228
1056 43
207 686
268 687
268 2
268 688
268 379
508 689
554 487
858 690
499 156
526 68
1057 677
691 691
1058 692
200 693
200 694
1059 246
730 180
1060 54
671 126
1061 45
1061 529
777 470
503 78
503 668
78 304
307 695
307 310
307 696
307 293
307 668
307 697
307 101
307 323
307 8
307 698
307 184
307 294
539 699
539 700
539 701
539 38
539 702
570 113
1062 703
1063 268
1064 704
1065 704
1065 128
1066 175
812 135
1067 600
1068 272
1069 163
646 705
646 422
646 235
646 706
646 379
1070 75
1071 262
277 80
277 126
277 396
277 83
277 201
277 452
277 378
852 167
1072 270
231 393
231 37
231 707
26 53
26 168
726 708
467 122
742 386
278 257
278 709
278 710
278 276
278 297
278 261
278 605
278 40
278 711
85 84
85 119
1073 372
1074 131
1075 712
1076 87
240 713
240 315
240 125
240 714
240 434
240 272
92 144
92 79
785 326
501 156
581 29
337 166
337 443
337 715
337 179
217 184
1077 716
41 22
41 55
41 717
41 0
41 50
41 144
41 221
41 356
41 46
41 718
41 639
41 719
41 412
789 720
789 721
789 272
384 396
386 470
386 222
386 201
1078 67
1079 722
1080 56
212 120
1081 723
8 376
8 101
8 638
293 101
685 401
46 724
46 65
46 259
46 29
46 313
46 725
46 373
603 289
603 55
603 279
708 726
558 50
287 490
287 727
287 206
1082 393
180 2
180 602
180 590
180 728
180 425
180 729
180 730
299 65
804 53
804 235
1083 731
704 177
732 732
732 259
1084 11
322 356
322 306
322 38
281 570
281 545
281 733
1085 393
219 236
1086 179
1086 64
666 495
666 438
666 51
139 734
139 713
139 21
139 416
139 735
139 736
139 135
139 672
1087 0
1088 87
563 520
824 244
199 693
1089 737
1090 732
1091 738
80 739
80 740
80 277
80 315
1092 741
407 486
407 742
407 477
407 46
1093 134
1093 487
214 165
1094 375
1095 211
1095 98
856 443
1096 743
1097 16
186 103
186 744
1098 378
763 103
279 103
279 315
57 120
57 265
57 179
834 245
834 256
834 403
834 745
1099 201
1100 746
836 136
420 119
420 342
244 316
244 141
864 272
47 336
1101 113
260 314
260 572
260 637
260 119
327 306
153 177
101 310
101 307
101 293
101 8
101 747
101 354
0 748
0 651
0 652
0 749
0 264
0 201
0 54
0 41
0 429
0 56
610 750
221 487
221 126
221 315
221 155
221 751
221 41
221 357
479 35
1102 410
331 752
331 255
1103 356
1103 166
56 1
56 0
1104 343
628 37
628 86
628 223
587 344
587 753
587 272
361 625
50 64
50 51
50 382
50 82
50 276
50 41
50 250
67 754
67 755
67 15
67 756
667 260
79 757
79 758
79 92
79 157
79 126
79 759
79 676
79 760
79 761
79 272
79 762
79 246
79 143
1105 295
103 763
103 744
103 764
103 765
103 252
103 577
103 184
103 569
103 29
103 186
155 342
155 766
155 221
591 228
591 250
1106 96
1106 767
1106 768
1107 223
571 113
571 75
1108 487
311 698
1109 744
140 625
140 361
140 769
140 38
222 77
222 110
222 770
222 276
222 442
222 436
222 605
222 386
222 771
222 29
222 140
222 618
222 41
222 711
222 141
1110 2
1111 75
1112 464
353 6
353 188
353 146
64 137
64 336
1113 472
1114 242
1115 772
517 14
517 773
813 774
813 775
423 776
433 50
433 482
1116 51
880 69
470 777
470 281
470 677
470 778
470 490
470 372
470 24
470 146
470 779
470 386
470 29
470 780
470 227
470 365
470 224
1117 194
1118 420
1118 343
679 781
679 782
336 47
336 783
336 64
182 262
1119 784
869 156
255 37
255 77
255 331
350 59
326 306
326 785
309 91
309 604
309 143
309 312
309 701
309 272
309 463
20 786
159 654
159 64
1120 705
535 227
1121 73
148 665
345 300
345 477
413 457
394 167
394 477
458 41
458 227
1122 406
138 128
809 787
870 788
497 113
497 375
497 202
669 261
721 495
721 789
721 546
721 64
674 441
575 761
1123 790
1124 791
188 437
188 70
188 353
693 232
316 456
316 141
189 472
189 268
189 607
189 295
189 391
189 227
189 792
652 22
652 0
652 412
652 81
652 719
538 793
538 661
538 794
169 795
169 796
1125 33
430 297
719 652
719 110
719 41
625 361
625 37
625 797
625 140
626 37
644 58
1126 51
171 47
171 232
171 222
853 636
853 167
872 798
872 548
414 154
206 410
680 409
680 799
568 264
568 637
568 21
764 103
94 95
94 144
1127 250
464 800
464 122
464 461
464 343
235 801
235 802
235 803
235 130
235 804
1128 638
1129 59
1130 513
1131 42
1132 53
422 342
1133 129
702 539
612 225
612 179
75 257
75 77
75 43
75 126
75 110
75 805
75 710
75 295
75 65
75 416
75 256
75 46
75 806
75 7
75 60
75 272
75 225
75 97
705 646
547 807
547 72
547 579
547 58
848 24
848 223
825 409
825 512
1134 808
1135 275
787 428
787 809
622 11
622 600
746 126
746 810
746 811
746 812
629 183
774 813
1136 315
1137 266
365 6
365 470
365 29
312 309
312 58
312 814
312 342
312 201
522 815
1138 103
1138 157
468 770
468 512
21 816
21 681
21 216
21 817
21 411
21 69
624 37
132 108
876 21
1139 55
196 334
1140 63
444 84
769 140
1141 126
280 710
647 818
647 38
93 157
1142 16
120 701
120 239
120 213
120 819
120 57
416 820
416 334
96 473
96 393
662 415
406 239
406 715
579 29
579 547
883 441
883 821
830 265
437 188
340 210
683 2
229 822
229 551
229 823
372 334
694 200
694 334
377 82
377 385
377 408
141 415
141 133
141 276
141 219
141 244
141 643
141 14
141 824
141 776
409 825
409 680
409 410
495 194
1143 620
519 826
519 141
519 115
519 133
707 36
1144 720
759 272
1145 827
615 518
615 605
45 828
45 600
389 625
389 201
782 81
83 277
83 829
810 72
810 746
1146 830
1147 831
410 802
410 238
540 832
58 312
58 9
58 77
58 211
58 833
58 97
58 644
58 802
58 216
58 429
58 17
403 332
403 245
403 834
342 53
342 126
342 309
342 344
342 312
342 35
342 420
342 835
342 29
342 422
342 433
342 210
136 836
136 837
136 838
136 201
421 0
421 119
213 126
213 120
678 839
678 512
600 274
600 511
1148 47
1148 61
42 395
42 840
635 415
724 46
402 276
44 274
44 727
44 276
44 815
44 841
44 115
44 842
44 843
44 844
44 845
44 167
44 828
44 846
162 163
223 163
223 847
223 848
223 628
1149 849
1150 87
1151 35
602 180
602 241
602 242
602 55
236 375
236 315
236 850
236 654
236 272
236 232
236 240
236 851
167 394
167 852
167 44
167 208
167 477
167 851
167 853
781 679
798 854
273 396
273 2
273 452
1152 855
443 337
443 856
443 157
443 86
443 471
562 793
562 661
1153 213
586 41
586 97
181 383
690 857
690 858
1154 177
289 603
289 388
289 86
99 55
99 296
99 144
272 859
272 860
272 46
272 477
272 17
272 861
272 587
272 862
272 50
272 79
272 425
272 272
272 240
272 141
272 863
272 759
272 565
272 59
272 75
272 864
272 865
272 2
272 438
272 452
272 16
272 309
272 436
272 117
272 789
736 139
1155 53
241 602
241 348
383 866
383 181
383 469
383 867
383 712
383 103
383 599
745 834
1156 128
1157 68
1158 122
1159 225
355 868
496 869
496 194
1160 278
1161 270
788 870
788 60
40 871
40 195
40 872
40 850
40 701
525 68
262 873
262 182
369 174
369 874
369 115
369 120
1162 393
1163 382
432 297
567 808
623 37
491 875
504 547
1164 122
1165 285
1166 141
254 47
1167 257
761 79
761 575
1168 416
152 29
152 297
152 342
773 517
597 97
811 697
576 164
69 170
69 527
69 876
69 319
69 520
69 877
69 796
69 878
69 879
69 880
69 599
69 38
69 141
69 524
69 320
69 881
69 528
69 882
69 529
69 21
69 799
69 122
821 883
218 184
218 511
