431 0
431 1
431 2
431 3
341 4
481 5
1151 6
73 7
73 8
73 9
73 10
73 11
615 12
615 0
615 13
615 14
615 15
615 16
615 17
88 18
1137 19
1137 20
1137 21
452 22
452 23
452 24
834 25
834 26
834 27
834 28
834 29
1337 30
1338 31
1338 32
365 33
1339 34
910 35
216 36
890 37
890 38
890 39
760 40
1340 41
1341 42
1342 43
1343 44
559 45
1344 46
1345 47
92 26
1346 48
1346 49
1346 50
84 27
84 51
84 52
84 53
84 54
84 55
84 56
84 57
340 4
553 58
553 59
1049 60
1049 61
1049 62
132 63
1347 64
1347 65
1347 66
1347 67
1347 68
1347 69
1347 70
1347 71
1348 72
690 73
1349 74
370 75
370 56
1091 76
1091 77
77 78
77 79
77 80
77 65
122 81
1078 82
1078 83
1350 84
189 85
189 86
189 87
156 88
156 89
1351 90
900 91
900 44
176 48
26 92
26 93
26 94
26 27
26 95
1223 96
860 97
860 98
1087 76
797 42
797 91
1352 99
1006 100
1353 88
1353 101
1354 76
201 102
201 103
201 104
227 105
1045 106
982 107
982 101
628 108
628 109
276 110
1355 111
297 112
297 42
297 44
297 113
1356 114
1357 115
713 116
713 117
713 118
713 119
713 120
501 121
81 122
81 123
81 124
81 125
81 126
81 127
81 128
81 129
1190 130
1190 131
258 132
183 86
183 133
183 111
183 134
183 48
183 135
183 136
616 137
356 138
356 139
356 140
475 141
475 47
475 113
475 142
198 143
198 47
335 144
335 145
41 146
41 147
41 148
41 149
41 150
41 151
1358 152
1358 153
1359 127
203 114
203 154
663 155
903 156
903 157
903 89
1360 158
454 159
917 75
917 160
917 161
917 35
1361 76
215 162
215 163
215 85
215 164
215 9
215 67
215 165
215 166
215 119
215 167
215 168
215 169
215 170
395 171
395 172
395 173
48 174
48 175
48 45
48 75
48 176
48 30
48 147
48 136
48 43
48 177
48 178
48 179
48 180
48 181
48 182
48 183
48 76
48 184
48 185
48 186
48 34
48 8
48 47
48 86
48 187
48 188
48 189
48 190
443 57
1124 65
1362 191
1363 192
425 193
425 194
425 59
446 38
446 195
446 161
446 196
446 197
446 198
446 199
446 200
1364 201
114 130
114 202
114 203
114 18
1154 27
1154 175
1154 6
1365 204
1366 205
1367 206
1368 145
152 207
152 208
152 185
548 14
548 70
10 209
10 210
106 211
106 95
106 212
106 213
106 214
164 215
164 216
894 217
894 218
527 210
1195 37
1195 219
1195 48
1195 220
1106 221
1369 222
1207 82
403 27
403 223
403 224
1370 105
103 225
103 226
103 227
103 30
34 179
595 228
563 229
563 95
563 230
563 47
292 231
292 232
135 233
135 234
135 235
1272 236
1319 237
970 27
1371 238
1371 76
1371 239
1372 240
726 241
726 242
726 96
726 243
726 244
726 21
714 245
1373 246
748 247
748 248
1374 146
1299 50
727 249
727 250
770 251
770 44
770 205
770 252
770 253
770 254
770 255
770 256
770 136
1375 257
1061 258
1061 7
846 259
846 260
846 119
846 261
1138 68
207 152
495 237
1376 262
528 263
528 210
528 264
184 265
184 266
184 267
110 268
110 269
110 270
110 271
110 272
110 273
110 18
110 6
110 274
110 275
110 276
512 277
1377 278
1378 116
1378 279
1378 119
1378 280
965 281
371 282
1013 38
1379 283
1380 284
524 11
524 285
360 76
360 286
360 287
1024 288
413 289
413 290
413 291
232 47
232 292
232 293
232 294
232 112
232 57
232 295
232 296
113 297
113 47
113 298
113 299
113 108
1041 300
1041 301
1041 267
1041 302
1381 30
747 303
747 247
1382 48
1383 304
1047 305
1384 306
611 307
611 308
1385 309
1036 310
568 311
613 312
1386 138
1387 190
1388 313
695 314
695 38
695 315
67 261
920 316
1389 47
368 317
1390 306
623 318
588 319
588 320
588 321
588 322
588 11
588 190
588 323
588 324
1391 325
1058 12
469 27
469 23
469 326
469 327
469 63
469 328
469 329
469 330
480 331
1102 332
1102 308
1184 333
1278 27
144 334
144 335
1392 300
1245 220
1393 336
1394 337
720 14
720 46
1395 338
1075 138
543 76
1396 265
4 146
4 339
4 340
4 341
4 342
4 343
4 344
4 345
4 346
4 85
4 18
4 347
1054 348
1054 349
1054 110
1054 350
1397 351
833 352
1398 353
679 354
1399 355
1400 356
741 305
535 357
535 358
535 155
535 359
1401 360
1402 155
364 172
473 361
408 362
1403 305
1280 363
172 351
172 364
172 173
172 148
172 365
1192 40
1192 253
1404 27
801 82
801 366
801 367
801 368
56 369
56 370
56 147
56 178
56 371
56 372
56 318
56 373
56 374
56 375
56 204
935 376
1405 377
1405 378
385 379
1406 380
672 284
672 381
672 382
789 383
789 14
789 384
789 378
379 385
379 72
379 208
379 372
379 59
567 386
567 214
567 29
862 387
1407 95
1407 388
1407 389
345 4
1217 390
579 45
1016 209
1016 391
1016 392
1304 115
1408 196
1051 393
1051 280
1409 47
308 394
1410 328
978 395
1411 396
926 27
591 42
591 80
591 397
1412 41
896 398
582 182
582 47
1413 181
1414 399
1415 280
224 400
224 401
224 379
224 402
224 403
224 404
224 405
1282 88
1282 406
362 47
362 72
362 36
362 407
362 35
362 154
362 408
9 409
9 9
1073 410
880 411
384 412
384 122
384 413
384 23
384 94
384 155
384 414
384 407
384 248
384 135
384 415
384 416
384 28
384 417
384 418
384 419
384 420
1416 421
687 422
687 423
634 424
194 425
1417 353
489 386
489 162
1418 426
1418 18
93 26
1037 427
1307 401
1157 112
725 322
725 428
1419 429
3 430
3 431
1420 432
729 146
729 433
729 311
1421 434
802 274
670 133
670 435
670 436
18 156
18 65
18 114
18 437
18 438
18 311
18 439
18 185
18 95
18 68
18 39
18 389
18 394
18 149
18 280
18 278
289 352
289 413
289 440
596 248
596 410
596 247
691 441
691 59
691 294
1330 442
1330 443
1422 18
1422 444
1423 270
192 82
192 445
192 446
204 447
204 448
204 407
204 444
1291 27
1042 178
681 449
562 450
562 280
963 363
463 284
24 14
24 451
24 452
24 453
683 454
683 455
683 456
1424 214
1048 457
1425 458
999 459
999 57
999 460
999 86
1426 81
1427 149
1135 461
1135 462
891 463
891 63
832 82
832 147
1310 464
1310 465
440 289
1046 392
1428 466
1429 461
853 351
936 467
1430 468
327 469
888 470
888 471
361 472
361 473
361 474
361 280
142 475
1431 476
516 27
516 111
516 477
1032 478
985 479
1432 480
5 481
5 94
5 482
1433 274
1433 299
1434 149
709 483
658 484
658 48
658 485
658 95
658 486
658 29
699 487
699 488
699 306
1172 1
795 279
845 261
386 489
386 29
464 411
1022 76
1022 490
1022 65
1022 491
1022 125
1022 492
1022 419
1022 493
1022 147
1022 494
1022 495
638 496
738 285
738 497
738 498
294 155
294 232
294 21
294 165
294 294
1253 30
1123 499
1123 65
763 500
889 501
889 121
889 96
889 502
177 48
177 503
1435 76
1435 147
933 504
933 505
933 506
179 507
179 158
19 343
19 508
19 65
1436 509
919 416
919 510
277 511
277 512
277 80
1437 11
1438 513
111 183
111 514
111 348
111 515
111 516
111 517
111 518
111 129
111 519
111 136
1439 520
1440 396
1441 387
1442 204
1442 521
1442 324
1443 522
1443 273
1443 523
346 0
346 524
346 525
346 526
346 4
346 18
210 527
210 528
210 529
210 530
1444 86
686 531
686 532
686 311
686 533
686 423
1445 509
359 534
359 95
359 90
359 535
1096 76
1096 536
1096 537
1446 538
1447 539
72 487
72 42
72 76
72 540
72 48
72 541
72 542
72 208
72 279
72 543
72 379
72 389
72 544
72 160
72 545
72 59
233 135
233 546
233 547
669 366
669 548
669 549
1208 82
59 191
59 72
59 550
59 551
59 353
59 552
59 553
59 425
59 554
59 555
594 556
997 472
307 557
307 148
1323 558
153 559
153 76
1149 6
1448 135
407 383
407 384
407 560
407 178
407 204
407 305
407 202
407 362
280 174
280 561
280 562
280 76
280 365
280 471
280 82
280 563
280 261
280 564
280 565
280 130
280 328
280 18
1449 566
1450 567
1450 65
281 211
281 301
57 158
57 568
57 328
57 569
57 84
57 154
57 470
57 232
57 329
57 18
57 474
1451 10
105 570
105 248
105 571
1452 572
1064 200
1453 573
1454 574
1113 47
1065 575
1455 576
256 569
711 38
711 65
711 577
711 578
711 75
711 117
711 191
711 382
1238 459
1456 384
1456 579
358 580
358 535
358 581
231 582
181 241
181 320
181 490
181 583
181 491
181 48
181 584
181 95
181 585
181 45
181 586
181 378
181 29
1457 587
1457 367
324 588
324 311
324 353
324 589
665 514
665 590
665 175
665 588
665 48
665 101
665 591
665 105
665 592
665 593
665 302
710 76
556 594
556 569
657 95
248 595
248 596
248 105
1458 597
717 598
717 182
981 61
953 599
424 424
755 525
755 101
1459 600
1459 35
1460 601
1116 285
630 602
630 228
630 603
630 247
630 65
1070 52
1070 459
1461 208
1462 604
278 513
278 18
850 351
209 605
209 134
209 606
209 351
209 422
209 328
209 551
209 266
209 607
209 608
209 10
928 609
928 610
1463 611
13 612
13 261
13 613
771 614
771 571
1464 615
1465 305
478 14
478 616
478 617
478 17
478 618
1466 76
1231 619
1467 620
1468 621
1469 47
1470 622
1471 253
1472 415
318 623
318 624
318 625
318 234
318 626
1473 209
1474 521
411 627
411 628
411 377
411 101
411 464
411 629
54 52
54 84
639 496
1475 391
603 630
603 82
1100 146
50 50
50 631
50 632
50 384
50 180
50 633
1476 634
831 383
831 635
831 332
831 636
831 637
496 205
496 638
496 639
268 182
268 640
268 110
1477 641
1478 642
1479 643
1001 644
1001 1
1001 645
1001 328
149 199
149 646
149 47
149 147
149 99
554 647
554 648
1480 47
1481 649
439 18
861 650
1482 252
1012 38
1012 208
1115 138
1115 47
1483 651
1483 297
1142 551
1142 652
1142 439
1142 653
95 341
95 654
95 655
95 461
95 647
95 649
95 412
95 375
95 656
95 18
95 1
95 76
95 657
95 658
95 563
95 659
95 12
95 47
95 660
95 661
95 94
95 662
254 521
590 155
590 663
590 664
590 665
667 666
667 667
642 220
742 668
1484 669
435 670
1274 671
1250 470
381 672
1167 43
1167 673
1167 674
1167 675
1167 62
1167 676
571 105
571 209
571 414
571 204
571 615
571 41
571 677
272 110
868 111
868 678
868 261
1485 226
1152 6
354 679
354 328
1486 680
214 472
214 681
214 372
214 643
214 56
214 682
214 240
704 683
704 257
704 159
704 684
704 151
372 266
372 685
372 533
423 686
423 687
402 224
1110 688
1110 220
1311 689
1311 325
1311 690
1311 435
1311 691
1311 692
1311 693
1487 12
838 694
315 695
625 318
625 696
703 576
703 266
703 151
569 556
569 697
569 68
569 548
569 698
569 256
1488 622
488 699
1489 700
168 701
168 392
168 65
938 702
576 703
1165 704
338 705
338 18
338 706
614 204
648 707
648 708
648 642
486 62
1134 184
483 709
743 241
743 266
743 18
743 378
774 561
1490 710
191 82
191 711
493 146
493 43
493 510
493 642
493 690
951 605
951 521
187 48
1491 122
313 712
313 311
1492 560
780 375
780 713
245 344
245 76
245 714
182 174
182 64
182 715
182 716
182 457
182 717
182 718
182 671
182 261
182 367
182 530
182 378
282 719
14 183
14 720
14 178
14 133
14 721
14 290
14 722
14 237
14 478
14 723
14 24
14 548
14 280
14 347
707 724
707 266
707 27
707 82
223 403
428 725
1493 253
1494 535
21 76
21 726
249 727
816 728
1495 86
311 130
311 686
311 324
311 729
311 410
311 730
311 11
311 353
311 731
311 30
311 69
311 18
1496 559
1497 360
1498 539
1499 732
1499 733
1500 734
1161 564
749 735
749 247
497 736
497 737
497 738
497 66
1143 739
1143 127
1199 740
1501 741
668 668
668 742
1502 743
1503 744
1504 745
353 324
353 378
1505 746
1506 746
557 307
247 596
247 51
247 747
247 410
247 510
247 520
247 748
247 749
952 178
952 750
696 625
696 453
696 261
1507 114
1126 65
737 497
1321 98
1508 328
1509 669
1509 48
33 47
33 148
33 365
33 751
284 752
284 672
284 753
284 218
284 419
284 150
1232 212
1232 754
1232 139
420 755
420 384
420 620
420 382
420 756
29 757
29 47
29 114
29 758
29 658
29 571
29 148
29 110
29 101
29 759
29 386
29 76
29 305
29 760
29 280
29 761
29 687
448 269
448 76
448 762
448 95
448 204
448 291
448 685
448 305
907 763
1510 669
1510 548
241 38
241 145
241 764
241 765
241 743
241 440
241 334
241 68
241 766
241 261
241 767
241 99
241 572
241 726
1511 35
1512 145
253 768
253 769
253 770
836 82
836 201
836 771
836 285
991 772
991 546
991 159
872 773
1513 138
561 774
561 280
53 84
444 775
444 776
842 777
375 778
375 779
375 76
375 95
375 780
375 781
954 782
581 358
581 446
1514 783
1514 784
660 351
902 785
817 666
817 786
817 759
808 214
808 449
808 787
808 788
808 789
808 643
808 790
808 791
808 792
932 387
309 181
1515 156
1159 112
1516 519
102 793
102 794
102 795
102 741
102 743
102 164
102 796
102 797
102 539
102 521
102 798
821 799
513 776
513 278
513 800
1517 147
1303 121
1303 492
1303 801
1188 802
1188 148
1518 366
1518 252
1518 803
1139 394
1519 7
721 30
735 151
188 804
955 42
1018 482
529 348
529 805
1281 27
1520 430
1521 77
820 730
170 25
170 215
369 82
369 56
1146 806
1522 387
810 807
326 52
326 100
326 54
326 55
326 35
326 375
1523 147
474 47
474 361
301 808
301 281
1524 48
1524 477
1524 796
126 139
126 693
126 328
1033 360
1525 133
677 571
70 548
70 718
70 809
859 598
859 199
859 38
859 302
783 575
1166 784
1526 111
1527 810
69 351
69 811
69 147
445 812
445 192
445 813
1528 277
350 814
350 248
350 328
225 103
1529 30
728 815
728 816
1530 817
1015 433
967 766
1228 818
1095 76
1531 819
998 52
1532 237
1533 534
1533 110
730 725
730 820
1069 383
587 111
587 139
1534 777
799 821
799 472
799 633
799 822
246 251
246 215
246 823
246 824
246 798
1535 72
1076 410
1076 825
1536 84
897 38
897 826
897 23
897 827
897 828
897 829
897 160
897 830
635 831
635 789
858 45
1213 82
1213 832
193 425
193 427
193 261
1269 211
1269 266
1269 777
1269 640
1269 486
352 289
352 833
708 648
1537 834
136 241
136 48
136 111
285 835
285 764
285 553
285 787
285 348
285 61
285 410
285 117
285 419
285 546
285 836
285 149
285 160
285 29
1173 837
694 838
694 664
1089 148
1538 30
1539 43
762 341
762 839
1540 840
1541 464
570 105
1119 564
1044 841
1044 805
1542 399
1543 842
1543 843
911 844
911 845
1544 112
119 138
119 47
119 91
119 713
119 215
119 68
119 846
119 847
119 275
119 313
1545 350
1546 204
517 111
517 848
1547 297
540 72
540 387
1271 777
1180 849
542 167
542 72
351 146
351 686
351 660
351 850
351 209
351 851
351 172
351 852
351 11
351 853
351 30
351 854
351 69
351 855
293 99
293 47
293 232
293 856
1548 72
1548 304
1548 857
1549 1
1550 858
1551 859
97 860
97 98
401 633
401 777
1043 9
661 95
650 861
226 45
226 103
1218 390
1552 429
1552 862
422 863
422 864
422 29
1553 865
1554 648
477 516
449 297
449 866
468 42
468 48
1555 208
1107 372
237 14
406 526
406 27
1556 48
1557 322
1301 266
1093 76
915 174
915 647
915 279
915 35
915 867
494 868
347 14
347 4
1200 521
1200 869
1558 304
1558 149
871 476
1559 870
1331 442
1331 871
1331 18
1560 666
949 453
1237 459
773 138
773 872
773 776
1129 873
925 174
925 874
7 875
1561 445
722 876
914 35
1562 110
1563 42
1563 234
1174 873
931 487
931 877
931 169
1564 75
1565 297
1082 878
1082 525
1103 812
1103 265
1103 180
1103 591
959 879
973 23
1031 569
378 880
378 743
378 353
378 615
378 30
378 533
378 182
378 245
86 183
86 48
604 601
421 59
141 142
141 688
1216 307
993 78
993 881
993 676
1566 569
1566 306
1567 68
1567 809
1336 68
117 882
117 47
117 285
117 713
117 67
117 711
117 550
117 446
1568 883
129 884
629 885
545 412
545 76
545 67
545 886
545 96
545 47
545 113
471 280
471 48
471 887
471 888
125 52
125 150
39 43
39 889
39 890
39 334
39 454
39 37
39 160
39 18
1569 440
329 57
329 469
329 633
329 180
329 891
1570 460
115 312
115 892
1571 212
218 893
218 894
218 284
218 416
218 895
218 896
389 47
389 897
389 458
389 18
389 736
25 834
25 306
25 170
219 898
219 47
761 391
761 47
761 899
761 114
761 29
1572 82
44 76
44 900
44 901
44 105
44 297
499 228
499 51
499 410
499 586
785 902
1302 266
89 43
89 903
89 645
1573 99
1574 904
1178 602
1575 279
1300 251
1300 205
1300 905
500 906
500 907
35 269
35 735
35 47
35 280
35 908
35 909
35 910
35 184
35 326
35 911
35 68
35 912
35 913
35 508
35 914
35 915
35 916
35 917
35 362
35 693
35 918
1120 564
1120 353
929 412
263 266
263 528
263 65
1576 814
1576 919
1576 517
1309 65
316 344
316 920
1577 294
174 921
174 922
174 30
174 923
174 869
174 280
174 326
174 924
174 925
174 926
174 927
174 182
882 117
1578 368
1579 819
531 12
637 394
610 130
610 167
610 138
610 928
610 328
659 755
487 487
487 483
487 229
487 929
487 743
487 73
487 930
487 577
487 56
487 30
487 240
487 931
1580 146
662 95
1581 440
1582 932
1583 558
688 141
1322 933
1322 934
376 192
376 935
1584 147
377 411
260 38
467 866
467 936
649 95
331 682
1585 937
702 186
702 938
702 939
930 487
323 588
323 310
323 321
1586 234
520 247
60 125
1027 80
1587 784
877 940
306 25
1588 699
644 941
1589 261
404 937
404 224
404 280
1316 942
514 548
514 111
1590 511
654 95
1591 45
1591 943
344 723
344 944
344 945
344 117
344 4
344 245
1183 333
939 357
847 47
946 946
1592 80
534 465
534 195
534 784
534 110
534 359
940 947
940 877
940 114
940 948
1593 85
295 232
143 949
143 198
758 99
758 29
814 416
814 44
814 950
1594 149
521 951
521 252
1595 664
593 460
593 665
678 416
750 952
1085 43
1264 138
1264 754
62 81
62 321
62 953
62 940
62 954
62 510
62 486
627 411
42 797
42 40
42 955
42 956
42 468
42 297
42 569
42 591
42 814
42 253
42 305
42 190
1596 957
1597 153
1598 460
892 115
1599 929
1150 6
1144 958
1144 804
1600 959
296 232
320 588
320 181
1601 876
388 184
388 306
1602 19
1602 189
1602 960
852 351
852 961
852 962
145 241
145 401
185 152
108 318
108 628
108 113
693 812
693 35
693 126
8 73
8 30
466 461
363 266
363 963
363 101
757 964
757 29
1603 965
1604 642
1332 386
1332 325
1332 966
766 241
766 967
766 334
23 434
23 968
23 30
23 908
23 897
23 257
23 109
23 100
23 969
23 970
23 68
23 139
23 35
23 94
23 971
23 452
23 972
23 973
51 84
51 247
51 65
51 520
31 240
855 351
1605 253
1605 974
1181 975
977 716
977 976
977 977
1606 669
684 78
684 671
684 704
61 182
61 285
61 213
61 978
61 979
61 261
61 656
61 980
61 981
906 185
1251 328
1607 900
1607 30
1608 571
1010 291
303 747
303 384
303 373
107 982
1132 159
507 179
507 114
1609 983
1609 578
1025 895
1610 185
1226 490
822 984
1611 386
479 985
479 801
1198 68
1198 986
1198 420
1242 987
1020 147
697 569
348 162
348 285
348 988
577 487
577 90
886 95
886 637
886 63
546 989
546 47
546 387
546 724
546 233
546 95
546 990
546 991
1023 146
1023 756
881 659
881 992
881 993
1612 994
1613 416
273 701
273 110
273 995
202 996
202 270
202 114
202 444
202 407
202 130
202 204
202 88
12 531
12 95
12 997
1614 204
908 35
1145 412
1145 708
1259 791
1094 615
1212 82
1128 65
85 1
85 571
85 215
85 998
85 999
85 1000
85 815
85 1001
85 1002
85 152
85 4
85 189
85 1003
768 1004
768 253
768 1005
100 326
100 23
100 628
100 1006
100 546
100 1007
100 1008
1086 76
1615 395
1616 214
104 201
104 29
586 702
586 1009
586 181
586 995
1320 98
291 1010
291 448
837 518
994 824
38 241
38 890
38 78
38 897
38 1011
38 72
38 384
38 814
38 360
38 1012
38 711
38 1013
38 181
38 1014
38 859
38 446
525 755
525 457
525 420
1265 111
716 182
1617 148
1618 152
438 18
211 509
211 389
1619 921
1620 486
430 1015
1621 269
1067 962
387 357
387 1016
387 191
387 862
314 80
314 695
453 949
835 1017
482 1018
482 388
482 5
1028 510
636 831
1164 772
1622 454
1622 47
1622 65
1622 538
701 273
701 1019
701 130
701 168
589 324
147 1020
147 438
147 267
147 1021
147 1022
147 149
147 69
147 304
984 822
984 1023
598 182
598 859
598 945
409 9
288 1024
1623 1025
1624 147
1624 31
1625 619
415 27
458 791
988 348
1626 777
620 1026
620 567
1206 82
80 132
80 76
80 1027
80 77
80 591
80 755
80 130
80 191
1627 643
116 713
510 599
510 1028
510 277
510 1011
510 878
510 522
510 247
510 493
1628 1029
1628 1030
1629 178
552 876
552 736
1630 146
913 35
130 80
130 110
130 610
130 280
1050 814
790 584
1631 331
1631 286
1631 575
592 665
848 517
1632 366
1632 57
1632 1031
1156 112
66 743
66 1032
66 497
66 280
788 808
1335 328
1234 45
1234 252
1633 1033
1634 410
1148 103
522 105
522 510
522 182
366 305
1635 110
1014 1034
1014 38
1014 1035
1014 844
1014 196
1187 1036
290 14
290 27
290 440
290 834
427 193
427 1037
343 4
343 457
343 795
343 328
1636 1038
1637 1039
1638 1040
1639 357
175 559
175 1001
175 48
626 1010
267 1041
267 184
267 147
178 414
178 30
178 48
178 56
178 394
178 470
178 1042
1640 1043
397 153
397 180
397 591
1088 76
841 1044
1641 105
1642 52
392 1045
392 1016
392 168
392 1046
1060 916
1643 55
583 189
583 181
583 24
40 449
40 179
40 1047
40 760
40 1048
40 29
948 940
948 50
1644 1049
1645 95
875 7
1131 793
1646 1050
1647 1051
1648 702
863 422
863 736
1649 937
1186 1052
1186 148
399 1053
399 919
1650 150
349 1054
1233 458
692 306
775 980
775 444
1651 47
1652 694
1163 1055
1194 1056
46 720
916 47
916 45
916 1057
916 1058
916 1059
916 1060
916 35
916 1038
945 598
945 344
1653 451
79 43
79 414
79 77
1654 825
673 953
673 1061
673 684
1026 261
1655 278
393 1051
1305 1062
1053 399
1002 85
1002 787
1002 48
1002 155
1002 266
1002 56
1002 1063
200 1064
200 446
575 783
575 1065
1003 85
1656 1066
484 658
1189 72
828 897
1035 728
1035 188
1035 1014
1035 30
962 1067
962 852
962 1068
866 467
866 366
866 449
383 831
383 91
383 11
383 1069
383 253
383 407
990 360
1260 47
1260 645
899 761
374 1070
374 586
205 460
205 496
205 770
205 86
492 419
492 181
769 322
769 1071
769 1047
769 253
769 305
769 310
769 256
1657 27
504 509
504 1072
504 746
504 908
1658 75
1210 82
1210 770
1227 539
410 311
410 138
410 596
410 285
410 1073
410 595
410 1074
410 715
410 248
410 1075
410 47
410 328
410 247
410 1076
83 82
83 1077
83 1078
1659 468
829 897
255 770
255 1079
1312 41
1312 656
1312 1080
1660 963
1661 739
1662 620
609 76
609 928
609 280
609 95
609 1081
609 460
1663 125
878 510
878 1082
578 711
1262 1083
767 241
43 156
43 78
43 414
43 49
43 190
43 1084
43 1085
43 39
43 79
43 378
1664 937
1222 0
1222 334
1665 880
195 534
676 78
676 178
76 146
76 870
76 209
76 609
76 1029
76 148
76 1086
76 360
76 305
76 21
76 964
76 612
76 606
76 1087
76 215
76 886
76 1088
76 206
76 1089
76 684
76 1090
76 490
76 1091
76 1092
76 110
76 569
76 95
76 1093
76 275
76 241
76 47
76 286
76 280
76 511
76 1094
76 1095
76 1096
1284 27
1666 869
1667 1097
541 949
541 72
541 483
90 384
90 577
1668 884
1175 1098
109 628
1225 27
1225 746
1225 1099
643 214
643 808
1669 115
1292 162
146 524
146 76
146 1100
146 351
146 729
146 628
146 564
146 261
146 4
146 1023
472 692
472 422
472 1101
472 361
472 76
472 954
472 997
472 294
472 191
1127 262
325 43
325 86
305 741
305 769
305 407
1670 174
332 831
332 1102
812 1103
812 419
812 693
238 904
1297 1104
941 458
1191 683
1191 384
1191 204
1191 1105
355 7
825 1076
825 849
825 776
825 220
825 31
221 1106
533 876
533 372
685 266
685 372
685 1107
705 338
705 723
854 1108
854 844
854 47
854 1109
632 606
632 605
632 50
1671 70
781 1110
781 240
781 1055
162 348
162 489
162 215
47 1111
47 937
47 1112
47 117
47 119
47 149
47 1113
47 410
47 647
47 572
47 232
47 247
47 1114
47 398
47 113
47 266
47 1115
47 362
47 916
47 474
47 76
47 293
47 440
47 815
47 95
47 1106
47 33
47 198
47 706
47 219
47 29
47 138
47 563
47 437
47 564
47 776
47 551
47 1116
47 6
47 780
47 99
47 701
47 1117
47 1118
49 43
564 146
564 76
564 65
564 280
564 1119
564 1120
1672 366
1673 387
1673 30
261 1026
261 845
261 67
261 696
1674 368
870 76
1675 978
1675 413
271 269
271 110
271 559
271 416
271 119
271 777
1676 808
1677 1121
912 35
1678 986
1679 820
1329 551
259 846
1263 457
391 1122
391 761
787 285
787 808
787 29
1680 214
1680 604
208 1012
208 152
208 72
208 111
884 129
884 720
884 102
884 822
884 328
1681 572
65 1123
65 101
65 1124
65 130
65 159
65 598
65 612
65 263
65 1125
65 348
65 1126
65 18
65 1127
65 77
65 715
65 318
65 47
65 705
65 168
65 564
65 643
65 1022
65 832
65 630
65 1128
65 1016
1682 487
601 604
731 311
731 1129
190 588
190 460
190 48
874 1130
874 68
874 922
874 925
874 65
793 102
793 1131
1111 47
827 897
159 1132
1683 95
1684 355
794 1133
1685 256
367 182
1203 82
898 776
1686 48
456 683
456 1134
456 1061
786 817
1687 743
1688 355
1689 491
1108 854
1108 571
462 1135
462 1136
1690 387
166 1137
166 215
68 241
68 42
68 23
68 54
68 419
68 35
68 979
68 857
68 56
68 1138
68 656
68 118
68 569
68 639
68 420
68 138
68 27
68 795
68 333
68 874
68 55
68 313
394 178
394 637
394 1139
1691 427
1009 37
1009 219
229 563
1692 630
1692 21
1693 1140
1693 129
1693 425
1693 280
1694 736
235 989
235 135
235 784
235 136
1695 412
1695 1141
432 41
1326 551
1326 1142
52 435
52 125
52 110
52 84
1317 265
1696 525
1697 30
127 1143
804 1144
804 188
412 43
412 76
412 1145
412 95
412 360
412 178
412 27
412 57
412 191
412 545
161 333
161 446
252 770
1270 76
1147 9
1239 240
806 1146
792 113
1698 241
1698 1147
1698 114
138 414
138 610
1133 794
1699 1148
460 548
460 190
460 305
1700 261
6 47
6 1149
6 1150
6 1151
6 67
6 110
6 1152
6 1153
6 1154
6 30
6 1155
112 778
112 297
112 76
112 158
112 65
112 1156
112 148
112 1157
112 48
112 377
112 1158
112 1159
112 1160
112 328
112 210
112 232
112 1161
112 378
112 1162
1701 1163
436 670
151 735
151 703
151 797
151 1164
151 1165
151 777
784 534
784 1166
784 235
1141 90
1141 47
1141 413
674 1167
1267 1168
1267 98
269 1169
269 271
269 111
269 110
269 280
269 35
321 62
752 284
1313 1170
1201 1101
530 262
530 210
530 967
530 182
1 156
1 43
1 85
1 1171
1 104
1 95
1 467
1 1172
1702 135
715 182
715 285
715 410
715 328
1703 40
1703 842
186 702
186 48
1704 45
653 1142
1705 472
1706 1173
873 1174
873 30
1707 416
680 546
572 241
1708 746
1709 1175
1709 1176
923 1177
923 280
1136 462
602 1178
602 1179
602 776
602 328
1710 51
1711 726
1712 764
1713 369
1714 761
901 44
849 559
849 1180
849 825
975 1181
975 34
140 356
1224 1182
333 161
333 639
333 68
333 1183
333 182
333 1184
1715 95
1211 82
950 814
1716 35
1072 746
992 510
779 1185
1717 413
1718 47
148 1186
148 76
148 660
148 307
148 1187
148 169
148 33
148 119
148 328
148 41
148 29
148 299
148 1188
813 946
813 445
1719 114
734 353
734 1189
1081 609
131 1190
131 203
131 407
131 444
698 128
698 991
698 569
173 395
744 496
455 1191
759 154
1084 43
1720 465
310 769
287 117
287 360
641 80
414 43
414 138
414 47
414 384
414 1192
414 1193
414 1194
1721 322
1333 128
1722 10
968 23
968 147
956 42
956 160
909 1170
909 35
1723 39
550 117
550 605
550 711
37 890
37 898
37 1195
37 469
37 39
37 1009
971 211
971 23
1109 854
270 202
270 110
270 486
357 1196
357 387
357 1197
357 862
357 885
357 328
1246 190
1246 220
58 553
317 214
317 368
234 559
234 76
234 287
234 640
234 318
986 311
986 100
986 1198
1724 304
740 1199
1725 487
805 280
869 669
869 1200
1101 1201
1101 756
815 47
262 182
262 1127
1160 797
1160 112
664 1202
664 793
664 694
664 590
664 50
1056 1194
1056 333
82 707
82 836
82 1203
82 801
82 1204
82 1205
82 1206
82 369
82 1207
82 191
82 1208
82 739
82 1209
82 1210
82 1211
82 280
82 83
82 192
82 832
82 328
82 1212
82 1213
82 59
82 1078
1315 1214
154 1215
154 444
154 209
154 759
154 178
154 130
154 1216
154 57
390 284
390 1217
390 1218
640 1219
640 268
640 234
640 1220
1162 112
1726 1221
485 658
334 241
334 39
334 889
334 1222
334 1223
1727 45
160 152
160 917
160 72
160 956
1728 80
1182 1224
239 563
239 51
1171 1
1729 683
1730 253
206 76
1099 178
1099 1225
830 897
1731 759
490 146
490 1226
490 76
490 47
1732 1227
1733 253
1733 305
1734 293
1092 76
1092 101
491 416
491 181
1735 185
1736 9
922 174
922 874
1215 444
818 1228
818 470
1737 927
1738 858
1739 534
1739 1161
398 896
746 831
655 95
565 1142
565 54
607 209
607 783
1740 1229
1740 883
1038 27
1038 916
217 398
1298 1230
213 640
619 1231
619 30
1741 98
212 1232
212 106
1055 781
1074 781
1011 38
1742 76
1743 328
1744 989
1744 539
1745 753
1746 45
1747 422
1747 443
94 23
94 1233
94 147
94 26
515 111
418 76
826 897
1118 47
1118 328
1748 179
1749 240
736 552
736 96
45 916
45 76
45 48
45 1234
45 579
1750 1235
1751 1236
459 1237
459 1238
459 999
459 283
459 328
459 1070
240 214
240 468
240 72
240 719
240 56
240 859
240 31
240 1239
240 647
240 390
240 306
240 302
1752 305
1268 664
1277 27
1324 558
1753 545
1754 206
1755 1240
1756 1241
505 1231
1757 478
1757 617
1757 452
961 1141
961 328
434 415
511 277
511 76
511 253
22 452
800 513
1196 750
1196 510
101 1092
101 411
101 65
101 397
1758 35
75 711
1244 304
1077 1242
1077 832
304 147
304 1243
304 35
304 1244
1759 219
220 1245
220 1246
220 1195
220 825
220 1110
220 642
1760 565
526 1247
580 959
1761 158
322 588
322 769
322 253
508 19
279 72
279 915
279 795
1762 1248
1762 149
400 224
199 283
199 1249
199 446
199 859
199 149
470 178
470 818
470 86
470 1250
1763 130
0 80
0 178
0 127
0 1222
0 1024
0 1094
0 328
0 375
0 510
1169 269
1169 275
976 129
976 713
976 977
776 773
776 280
1764 76
778 375
778 112
764 241
264 565
264 528
1273 671
30 60
30 487
30 387
30 873
30 468
30 658
30 1251
30 839
30 101
30 280
30 178
30 1252
30 1253
30 139
30 174
30 373
30 932
30 103
250 29
1122 391
618 478
1765 334
1766 399
947 184
17 30
549 669
549 563
549 1254
1767 1255
1768 743
1768 834
1769 1256
165 1257
165 68
165 215
165 169
165 294
719 240
719 282
719 302
1770 348
739 82
739 1143
739 353
1258 791
1771 497
791 1258
791 143
791 1259
798 794
1772 95
645 831
645 1260
645 89
1773 989
441 114
958 1144
958 27
1197 357
995 1261
995 120
283 199
283 459
1774 401
1775 756
1083 1262
457 525
457 1263
754 1264
1776 915
1777 1265
867 915
867 325
1778 135
1778 539
1778 30
723 14
723 763
723 1266
723 344
723 448
1168 1267
1779 1268
1779 18
99 241
99 147
99 110
99 149
99 506
99 169
433 729
433 27
777 1269
777 47
777 842
777 271
777 45
777 937
777 858
777 401
777 1270
777 1271
777 151
777 397
1780 673
1005 768
1256 365
844 904
1071 769
751 33
1098 265
1098 76
506 99
236 1272
236 501
11 719
11 311
11 1071
11 90
11 546
671 263
671 684
671 13
671 564
671 1273
671 1094
671 1274
671 63
671 182
1781 366
27 527
27 1275
27 26
27 290
27 469
27 84
27 162
27 1050
27 926
27 1276
27 1038
27 834
27 1277
27 1278
27 958
27 583
27 1279
27 1280
27 1154
27 1281
27 545
27 406
27 1282
27 526
27 707
27 648
27 61
27 715
27 1283
27 1284
27 1285
27 111
27 165
27 68
27 403
27 1286
27 1287
27 1288
27 1289
27 94
27 1225
27 415
27 1290
27 1291
27 724
27 1292
27 1293
27 1294
27 1295
979 422
1782 30
1783 534
1784 425
133 670
133 1296
133 266
133 183
133 18
1104 559
1104 1297
1104 304
1785 11
1786 182
1786 30
1230 435
1230 1298
1230 74
1230 1269
1230 486
851 351
1787 48
1787 1299
251 770
251 253
251 1300
1788 519
266 1269
266 1301
266 743
266 372
266 47
266 1302
266 328
266 685
1204 82
167 215
167 610
167 542
121 37
121 501
121 889
121 1303
312 115
312 1304
1789 777
1090 76
1221 987
1790 939
465 86
1791 214
1791 117
1791 620
1254 18
1254 549
544 95
1062 1305
1062 589
519 111
519 416
1792 422
1792 177
1792 1306
1021 1036
447 147
447 1307
447 204
197 446
134 209
134 280
134 181
134 328
1793 38
666 817
419 812
419 285
419 820
419 753
419 644
419 384
419 492
419 730
419 1022
419 284
944 344
944 1308
87 48
87 1309
300 1041
300 455
300 859
1794 1310
689 1311
689 776
689 361
1795 149
765 241
91 900
91 114
91 768
91 999
91 797
91 119
1080 1312
1121 1071
1170 1313
1170 1072
1170 909
972 1314
864 422
864 290
1796 673
157 82
1214 509
1214 1315
1797 764
942 1316
624 1317
1247 526
437 178
437 716
437 18
1052 1186
265 10
265 1318
265 275
876 552
876 533
876 387
876 722
518 111
1017 96
987 1242
987 1221
987 1319
987 692
228 595
228 444
1261 228
98 1320
98 1267
98 1321
647 47
647 95
647 915
647 88
647 647
647 240
647 620
302 719
302 859
1249 199
1798 44
1799 266
1800 241
1801 241
1802 214
934 52
934 1322
934 477
498 167
498 738
558 76
558 1323
558 1324
656 1312
656 1325
1803 379
36 153
551 1142
551 47
551 1326
551 209
551 1327
551 407
551 1328
551 1329
551 684
551 59
442 1330
442 21
442 1331
442 261
532 731
532 687
1804 118
1805 731
1806 42
1806 1087
1806 206
539 1227
539 256
622 814
622 509
622 384
966 30
966 1332
1807 256
298 41
298 113
1308 944
128 81
128 1333
299 138
299 422
299 98
299 148
299 459
299 113
1808 30
1334 1334
1809 105
1809 258
1810 726
328 1335
328 357
328 134
328 148
328 602
328 126
328 469
328 119
328 354
328 459
328 629
328 834
328 775
328 82
328 125
328 341
328 266
328 209
328 207
328 76
328 490
328 852
328 350
328 610
328 0
328 286
328 410
328 280
328 343
328 1336
328 112
274 509
274 110
