303 0
303 1
303 2
303 3
303 4
303 5
303 6
303 7
303 8
303 9
303 10
303 11
303 12
303 13
303 14
303 15
427 16
427 17
113 18
113 19
113 20
113 21
113 22
113 23
113 24
113 25
113 26
1370 27
859 28
859 29
53 4
53 30
53 31
53 29
53 32
53 33
53 34
53 25
53 35
523 36
523 37
894 38
894 39
894 40
894 41
894 20
1076 42
1462 43
977 44
1424 45
1424 46
436 47
753 48
753 49
753 50
753 51
753 52
34 29
34 20
34 53
239 54
239 55
239 56
792 57
1463 58
1464 59
1464 60
1012 61
1012 62
111 63
111 64
1163 65
884 66
1414 67
1238 68
1238 69
615 70
615 71
615 72
1465 53
305 73
305 74
305 75
1269 76
993 77
993 78
993 79
993 80
346 81
346 82
346 83
1172 84
1466 85
991 86
991 87
1467 88
1468 89
925 90
925 25
925 91
1469 92
511 93
1109 94
771 95
968 96
968 97
729 98
754 99
215 100
215 83
1470 101
481 102
481 103
179 104
179 29
179 105
179 106
179 107
64 108
64 109
64 110
64 111
64 112
64 113
669 114
803 115
1131 116
1471 117
1472 81
1290 83
204 15
1473 118
1425 119
1425 120
641 112
1147 121
662 122
662 123
662 124
1474 125
1112 126
1112 127
1112 128
1404 4
1435 129
961 130
961 41
506 28
506 131
506 114
693 132
1390 25
1390 133
1475 134
384 135
384 136
664 55
664 137
70 138
70 139
1476 140
1476 141
1476 142
57 143
1477 144
1478 145
811 125
1479 9
1022 146
775 147
775 148
775 149
1088 150
736 151
417 152
417 153
417 154
644 155
644 20
644 156
644 157
644 158
644 159
644 160
644 161
68 162
68 147
68 163
68 164
1207 165
1273 166
327 167
1401 168
676 169
676 170
1408 171
141 172
141 173
141 92
141 174
141 175
141 176
141 177
141 178
107 179
107 20
1480 180
256 181
256 182
256 173
256 183
256 184
256 185
256 186
256 187
256 188
15 189
15 190
15 191
15 192
15 193
15 194
15 195
15 196
15 197
15 198
15 199
15 200
15 201
15 18
15 202
15 203
15 51
15 204
15 205
15 206
15 78
15 207
967 97
406 208
406 209
406 203
760 210
760 211
760 212
760 31
760 213
760 214
760 215
760 216
760 217
22 218
22 219
22 220
22 221
22 222
22 223
22 83
1481 92
704 224
704 225
704 226
704 227
704 228
704 116
920 229
920 230
920 231
1267 232
1482 233
1350 234
1483 88
1483 235
1483 236
666 99
56 237
56 238
56 239
674 14
1484 240
1485 241
668 65
668 242
1332 243
1332 244
1332 245
1128 246
1055 247
1055 138
1486 248
1487 249
1453 250
1031 251
193 15
364 252
145 253
145 254
145 237
145 126
1488 255
1489 78
181 256
868 257
219 258
219 259
219 260
219 261
219 262
219 263
219 264
219 265
219 266
219 267
219 268
219 269
219 270
219 124
219 271
219 272
219 273
219 274
219 275
219 48
219 276
219 22
219 277
219 278
219 279
219 280
219 281
219 282
219 283
219 284
219 285
219 286
219 287
219 288
219 222
219 83
219 289
219 20
219 290
219 291
219 292
219 234
219 97
219 293
420 294
476 295
476 296
476 297
476 298
476 299
351 300
351 301
962 302
962 303
962 304
73 305
73 306
1216 307
1216 234
1216 308
618 309
1221 145
1490 288
357 310
357 242
1353 128
411 311
1230 312
1127 246
1491 313
1492 314
1409 112
914 229
914 315
914 164
746 316
613 20
613 317
613 318
613 26
613 319
1123 29
1123 320
1493 321
1494 322
677 323
758 324
758 325
1495 326
1496 327
1497 264
1498 328
1498 298
1498 329
1499 183
895 146
732 246
1500 330
860 28
860 331
1501 332
878 333
31 53
31 75
31 334
31 335
1344 336
1344 337
1344 93
416 338
5 303
5 339
973 340
1502 341
117 342
117 343
117 344
81 345
81 346
81 278
81 347
799 29
799 348
799 131
1503 33
813 125
813 349
301 350
301 351
301 14
1504 298
1504 309
1026 352
289 50
289 353
289 219
289 354
289 303
289 9
1194 355
293 244
293 219
1505 356
1506 41
310 357
551 358
551 316
1507 359
1508 360
1509 361
1365 362
1365 363
915 164
252 71
252 91
252 328
252 364
252 360
252 365
345 366
345 367
345 343
1510 368
1318 369
459 370
459 371
459 372
658 373
658 374
658 375
658 256
658 376
658 377
658 378
1032 379
686 380
686 246
686 126
686 381
362 382
362 383
362 301
1511 301
135 384
135 385
135 386
831 387
1160 47
1397 88
1397 388
1397 389
1062 225
1062 334
1062 390
486 391
486 392
486 223
486 393
486 394
1512 58
522 395
522 182
522 396
3 397
3 398
3 399
3 182
3 400
3 401
3 402
3 298
3 403
1513 404
593 29
593 405
593 406
311 407
311 408
311 306
311 409
311 410
311 411
311 361
311 159
311 412
311 413
1514 328
52 110
52 91
180 414
825 415
338 416
806 274
806 290
806 256
806 417
1515 418
1515 334
1515 419
1516 20
294 420
462 421
462 422
462 234
1517 423
1518 424
1382 373
1087 68
1519 425
1520 426
17 427
1261 392
1261 20
999 41
609 428
609 381
609 116
609 429
609 430
203 15
1521 431
1090 274
1283 327
1283 432
1283 154
321 38
321 140
321 47
321 433
321 434
321 435
321 436
321 437
321 438
321 439
321 20
321 229
321 440
321 55
321 223
321 137
98 441
98 442
98 443
1314 444
1314 445
798 92
798 446
177 447
177 141
986 448
1108 449
1522 392
1522 450
1523 451
1524 92
959 58
959 322
959 452
1525 453
1525 454
1426 455
1426 456
1426 457
1526 458
370 459
1448 309
280 92
280 460
280 461
280 41
234 271
234 462
234 20
234 302
234 463
234 464
234 465
234 466
234 219
234 451
234 467
234 238
234 260
234 217
234 468
234 241
234 334
234 137
234 469
234 470
108 64
617 309
1527 471
985 472
985 432
985 473
985 474
985 166
1347 475
296 476
1528 0
1167 477
1074 478
830 126
830 479
830 94
830 97
830 480
1120 129
1120 479
1120 223
102 481
1529 229
1530 482
389 210
189 196
189 15
572 483
855 484
855 344
636 485
636 165
810 86
810 20
810 367
810 99
1460 244
1460 486
720 253
720 487
720 298
202 488
202 15
1531 390
419 489
755 490
755 491
755 492
1532 160
1533 20
2 137
588 229
588 381
588 41
588 493
588 494
1023 146
1399 81
1399 347
1116 400
722 495
722 496
722 497
722 83
1534 498
592 34
1535 178
115 499
538 500
538 338
538 501
1321 184
183 502
183 503
123 322
932 504
761 306
762 8
762 306
956 505
87 506
87 507
1215 508
960 509
1536 510
784 509
93 511
1047 263
1047 512
1047 513
854 344
854 514
797 219
1072 515
1537 160
520 94
396 516
396 517
396 518
396 519
396 37
396 520
396 29
396 521
396 154
396 522
396 137
396 325
36 523
36 343
1538 524
1539 392
1203 403
1262 20
10 244
767 525
233 526
233 31
233 527
233 528
233 529
233 92
233 22
233 39
233 530
233 148
233 118
233 234
233 531
233 532
233 25
233 444
233 146
233 390
899 524
899 163
1540 234
1014 234
1014 519
1541 71
627 533
627 534
627 340
627 535
627 536
142 93
500 130
500 537
500 41
500 538
500 539
1210 394
1053 174
1329 540
1141 121
927 541
927 542
590 543
948 48
948 71
948 173
408 544
408 92
408 545
408 546
408 547
408 311
408 27
408 548
594 549
594 31
594 550
358 551
1071 552
605 553
605 554
1015 244
1015 325
1015 519
1015 464
773 150
1542 219
1542 555
1450 556
1450 557
1433 321
1433 558
1543 249
1544 290
1545 559
724 560
945 26
945 561
945 217
945 207
683 562
683 78
683 563
683 564
1546 138
390 565
390 233
390 94
390 373
390 566
390 223
565 290
565 567
565 41
565 568
565 390
770 509
1183 569
1183 343
186 570
205 15
931 571
290 572
290 208
290 512
290 58
290 153
290 53
290 253
290 573
290 574
290 169
290 575
290 576
290 313
290 219
290 152
290 577
290 432
290 578
290 298
290 579
290 580
290 581
290 582
928 583
1407 584
1407 99
1297 585
1297 586
1083 587
1083 458
1083 309
254 20
1547 512
1548 588
1280 589
1410 531
412 27
412 317
412 590
412 207
412 591
1461 20
1461 592
1461 53
1461 593
1461 373
550 594
550 335
550 60
1549 25
144 595
144 321
1187 596
1550 597
1051 598
369 599
369 600
570 601
570 602
783 241
783 603
783 604
783 112
1143 1
1143 121
553 248
553 605
1398 118
1130 246
430 606
430 607
430 608
430 609
1395 610
1395 124
1395 611
934 260
934 167
477 612
1312 455
817 613
817 246
817 116
817 614
309 615
309 616
309 617
309 618
309 41
309 619
309 134
309 620
431 621
431 622
431 302
431 335
431 623
1166 624
1166 625
1166 626
1166 145
1166 15
535 627
118 20
118 233
1551 628
1552 629
92 630
92 631
92 632
92 633
92 22
92 634
92 513
92 561
92 635
92 242
92 636
92 637
92 145
92 525
1553 298
1553 638
1101 639
839 640
839 183
112 155
112 425
112 641
1351 642
74 31
74 47
74 643
156 644
409 645
409 300
409 31
409 646
409 647
409 311
409 648
409 53
1554 649
880 650
1406 584
848 222
848 288
848 167
848 651
1555 20
314 445
1556 652
1556 648
1136 653
1136 126
1225 654
1557 450
1013 655
1558 656
374 657
374 658
1559 20
1560 356
1198 659
1198 660
157 644
122 661
122 662
1386 110
137 663
137 664
137 39
137 321
137 665
1561 666
1561 667
883 468
1562 81
1361 15
114 668
114 140
114 669
1286 254
1286 377
1286 274
1286 670
1286 671
1563 392
1274 78
1274 672
1274 207
950 673
950 448
950 508
950 674
950 675
950 234
1205 599
1205 600
1564 237
1565 676
1240 69
1140 126
323 238
323 677
1391 678
1137 126
1219 679
1388 680
534 169
534 681
534 682
534 242
534 309
534 535
1566 683
381 48
381 684
381 685
381 609
381 588
381 686
381 150
381 687
381 222
1356 487
1356 688
1356 47
1567 689
1048 244
1048 513
1568 690
1569 691
1001 94
1001 41
1001 692
1082 693
1082 448
1082 141
1082 124
1082 694
1570 695
870 257
787 1
787 47
787 652
787 313
787 696
787 159
976 697
976 698
778 699
778 700
706 622
706 116
706 701
706 61
706 702
706 151
706 274
633 222
1571 703
536 704
700 699
742 316
742 705
702 706
702 246
1572 707
18 697
18 708
18 709
18 94
18 373
18 710
433 711
433 472
433 664
433 321
433 637
1217 497
1038 712
1038 713
1038 344
567 622
567 714
567 381
567 48
567 715
567 214
567 268
567 367
1573 716
25 53
25 237
25 717
25 233
282 219
487 718
487 20
487 719
487 604
487 720
487 721
487 567
487 306
487 187
487 237
487 722
284 219
623 431
984 472
1258 20
689 723
1574 306
560 724
1575 362
1576 597
251 58
251 27
251 725
251 726
251 144
1232 657
1577 727
1010 728
1096 635
1096 729
1096 409
1096 730
1096 731
1096 88
1096 208
1096 732
1096 733
1096 26
1184 734
1578 182
151 391
151 735
151 706
151 402
151 373
151 223
151 736
151 394
1250 206
1579 299
1309 97
1580 26
1253 264
316 737
316 533
316 551
316 121
316 738
316 739
316 740
316 652
316 741
316 742
316 743
316 744
316 159
316 745
316 746
316 747
1421 748
1421 29
789 184
789 159
789 749
789 750
1581 241
1093 405
1093 128
51 751
51 382
51 752
51 415
51 753
51 15
892 494
691 181
691 173
99 666
99 754
786 159
491 621
491 755
944 756
1582 309
579 290
579 757
1583 309
166 20
166 758
85 152
85 27
1358 759
216 760
306 73
306 487
306 515
306 501
306 176
306 761
306 32
306 311
306 762
306 763
306 764
306 152
306 55
306 53
822 765
822 542
1584 766
517 442
517 125
517 303
90 767
842 768
842 769
95 770
95 771
954 772
954 554
147 773
147 524
147 71
147 225
147 774
147 517
147 775
147 68
1100 225
1380 776
1380 777
1380 423
1585 290
1585 778
1585 779
1089 625
1089 721
77 253
77 780
77 781
77 782
77 450
77 783
77 274
77 784
77 145
970 29
1586 785
159 701
159 644
159 786
159 696
159 320
159 787
159 311
159 788
159 316
159 750
159 789
1302 707
1330 790
319 246
319 614
319 222
319 791
597 241
597 792
597 141
597 793
889 546
1323 794
749 795
749 796
749 632
1114 400
1587 409
261 219
261 797
454 47
1588 317
1589 29
444 798
444 242
444 446
645 409
348 691
348 799
348 343
348 731
564 0
564 322
564 392
564 800
564 402
564 683
394 486
394 392
394 801
394 151
394 223
1285 802
1590 803
1591 35
1592 743
774 92
774 804
774 147
774 125
774 805
1593 806
1593 807
1593 808
1593 809
1593 86
1593 128
1593 810
543 590
543 124
1594 524
1595 531
125 657
125 811
125 586
125 48
125 812
125 517
125 89
125 506
125 813
125 814
125 815
125 127
125 274
125 83
1596 816
1597 301
116 817
116 246
116 706
116 609
116 402
116 704
1598 818
525 1
525 240
525 4
525 614
525 664
525 819
525 207
525 779
525 373
525 409
525 820
528 233
1092 524
1092 78
1092 125
1092 343
1092 821
1092 297
1092 365
765 822
1287 823
1305 824
94 253
94 825
94 31
94 117
94 335
94 18
94 826
94 827
94 828
94 829
94 830
94 521
94 41
94 49
94 373
94 831
94 503
94 53
94 520
94 390
1599 832
586 821
586 125
586 833
192 15
1439 834
1439 29
1439 719
1600 683
1106 57
187 835
187 256
187 836
187 837
493 588
493 838
640 839
640 502
640 840
640 474
640 173
1601 841
1405 754
845 169
1111 485
717 25
1379 842
620 309
1044 509
169 843
169 844
169 290
169 534
169 845
1602 29
958 825
610 92
610 249
610 382
610 246
1603 80
222 846
222 20
222 290
222 173
222 847
222 22
222 219
222 381
222 848
222 633
222 849
222 850
222 851
222 852
222 378
344 449
344 337
344 853
344 854
344 855
378 167
1604 309
1605 856
1606 857
387 831
387 858
387 339
1607 172
28 859
28 860
951 160
1608 335
1609 861
1610 343
1155 862
864 863
864 864
864 865
864 121
1611 48
1612 866
987 867
554 733
257 20
257 868
257 848
257 869
257 870
257 263
257 281
392 871
392 486
392 394
392 872
1058 779
1613 58
424 485
816 873
1239 334
1239 414
1239 874
329 298
329 875
1334 804
285 219
382 362
382 876
382 877
382 610
382 124
1614 878
1084 86
1084 879
1084 124
1084 264
1615 660
1616 154
650 880
1617 881
1452 68
1452 873
1452 546
1618 182
466 234
466 41
466 118
466 475
1619 166
468 882
468 883
468 41
468 234
468 402
66 354
66 884
1620 339
690 4
690 779
546 885
546 886
546 71
546 20
546 887
546 47
546 338
546 409
546 277
546 888
546 889
546 890
546 891
546 234
546 892
214 760
214 298
214 367
214 567
1359 893
1359 894
1024 39
1024 895
1024 146
1621 71
501 768
501 896
501 897
501 538
501 898
211 760
1622 899
1622 525
276 287
276 219
425 112
231 900
231 469
933 397
1623 613
82 346
526 335
526 233
526 901
1624 902
705 742
705 548
76 345
76 501
76 48
76 80
76 903
76 219
76 904
76 230
76 20
76 229
76 905
1429 886
906 906
562 683
503 907
503 94
503 183
503 343
337 344
1224 654
49 727
49 908
49 753
49 94
943 909
943 339
149 910
1625 141
1626 513
893 580
1627 613
782 125
782 141
1628 441
544 408
1349 911
1349 244
1150 121
350 912
350 301
1368 181
1368 738
1368 913
1629 281
656 763
470 173
140 435
164 315
164 914
164 915
164 394
164 68
738 316
1630 916
1029 917
510 57
510 58
510 918
510 317
510 919
404 920
404 154
622 317
622 290
622 921
622 144
622 706
622 922
622 800
622 381
622 125
622 733
622 923
622 241
622 318
622 298
622 924
91 252
91 27
91 925
91 926
91 927
91 344
91 366
91 133
91 343
91 52
91 439
91 928
91 25
1631 929
248 553
248 625
248 930
248 143
248 234
971 931
971 685
971 832
1412 124
1412 325
1412 758
1632 48
1633 586
504 830
504 932
504 933
1634 934
1635 343
1636 629
1637 253
1638 548
1211 573
213 760
213 450
213 83
921 622
1018 935
1018 29
1444 343
1639 936
1640 926
241 622
241 937
241 938
241 336
241 468
241 939
241 260
241 512
241 940
241 941
241 298
241 16
241 234
241 707
805 774
1641 242
1642 20
1642 219
1642 942
339 5
339 943
339 125
339 387
853 622
853 344
853 814
198 944
217 647
217 760
217 945
217 234
1643 946
1643 428
1643 233
48 687
48 685
48 596
48 647
48 343
48 621
48 15
48 715
48 567
48 867
48 843
48 399
48 947
48 219
48 184
48 381
48 125
48 138
48 223
48 948
48 267
48 753
48 488
1644 949
675 950
1178 146
682 311
682 534
160 951
160 63
1422 169
1422 952
1645 112
1646 524
258 269
1647 244
1303 71
1648 238
1648 677
772 573
772 167
772 652
772 29
772 953
772 954
772 955
772 540
772 280
772 309
772 372
505 956
505 133
1028 280
1028 415
1028 132
1028 719
1028 894
571 354
1149 957
1149 494
1149 121
1068 237
86 449
86 168
439 91
439 321
1649 740
1164 958
1650 894
322 249
322 959
322 564
322 960
130 961
1411 294
577 290
1651 895
304 962
83 811
83 20
83 309
83 219
83 213
83 215
83 125
83 41
83 704
83 22
83 234
83 131
1652 963
606 201
606 430
1653 964
688 965
688 290
1316 966
566 692
566 967
566 150
96 968
1654 129
1229 863
1655 59
194 78
194 15
266 20
266 219
1348 969
1348 671
832 970
832 94
832 145
832 971
255 298
255 972
1245 886
340 519
340 343
340 973
861 974
120 124
602 355
524 899
524 147
524 513
524 768
524 125
524 975
556 418
556 124
1181 908
1181 569
1181 309
1181 923
1656 394
1279 976
1279 589
1279 373
44 977
44 270
1244 978
1657 447
801 979
801 980
801 652
801 394
1301 195
1301 819
1301 18
60 981
60 550
170 404
170 982
170 676
607 190
607 853
607 430
607 184
607 621
607 821
1658 844
1659 431
1660 53
840 640
619 309
1254 20
818 313
1661 321
271 219
1662 983
472 984
472 146
472 985
1663 986
1117 207
1117 263
867 48
867 414
867 608
867 386
867 987
867 281
1282 926
1282 988
1282 667
1282 182
1664 135
1665 159
887 989
887 990
887 546
1295 991
1295 275
756 944
756 47
33 992
33 53
1666 344
876 169
876 708
876 382
79 267
79 993
79 994
763 18
763 306
763 141
763 356
763 563
763 455
1667 768
1195 995
747 316
1668 267
367 810
367 214
367 138
367 345
367 996
1669 997
197 15
312 189
312 39
41 998
41 264
41 270
41 894
41 999
41 500
41 458
41 402
41 565
41 588
41 298
41 475
41 83
41 1000
41 1001
41 961
41 1002
41 466
41 828
41 415
41 94
41 540
41 1003
41 1004
1266 431
975 1005
1064 334
1670 223
26 613
26 654
26 438
26 1006
26 1007
26 1008
26 926
26 1009
26 123
1275 412
1275 591
1671 222
1672 262
1673 1010
1674 298
1675 384
62 1011
62 1012
507 87
714 567
368 232
286 219
1027 396
1027 147
1027 555
1027 125
1027 207
1153 464
335 29
335 31
335 53
335 526
335 431
728 1010
413 113
413 85
413 407
655 260
655 1013
519 802
519 396
519 342
519 1014
519 34
519 592
519 1015
519 1016
75 760
75 31
989 887
1186 53
1186 1017
1186 63
1186 315
685 1018
685 381
685 1019
685 318
685 687
1676 584
1073 1020
1451 612
61 706
61 244
61 219
61 902
1677 40
1438 585
1438 223
1005 704
1005 975
349 564
146 1021
146 1
146 233
146 472
146 254
146 939
146 895
146 184
146 20
146 1022
146 1023
146 342
146 1024
146 1003
146 1025
146 1026
19 260
1678 53
555 1027
1679 1028
917 1029
365 252
365 1030
1449 328
903 1031
903 27
903 53
903 76
903 97
903 367
903 251
1680 160
226 704
1681 297
379 335
379 1032
785 25
785 1033
785 1034
260 20
260 264
260 452
260 277
260 1035
260 1036
260 241
260 228
260 704
260 638
1682 1037
712 1038
712 1039
518 366
105 179
105 1
814 815
716 1040
1417 1041
509 1042
509 770
509 1043
509 1044
509 403
509 1045
509 784
1683 252
1065 1046
1684 124
1684 120
513 1047
513 1048
513 524
1685 912
923 622
744 1049
744 1050
744 632
1686 338
598 1051
463 234
463 1052
1687 882
1256 1003
1256 20
174 1053
174 178
174 141
829 94
1688 654
1688 1033
1688 118
981 1054
138 408
138 367
138 48
138 1055
138 129
138 70
138 1015
1689 873
1689 1056
1284 886
1284 154
453 1057
1690 561
1691 728
661 26
779 1058
779 525
1692 241
334 1059
334 31
334 1060
334 1061
334 1062
334 127
334 373
334 1063
334 332
334 1064
1046 1046
1046 1065
1046 1066
1693 776
1694 224
1392 356
1392 47
1392 730
1695 649
542 822
298 253
298 548
298 20
298 264
298 214
298 336
298 720
298 1067
298 312
298 546
298 1068
298 255
298 978
298 329
298 41
298 1069
298 83
298 1070
298 423
298 139
1696 124
1697 441
552 88
552 1071
552 663
1698 1072
1698 1073
478 1074
478 1075
478 234
478 1076
414 180
414 608
1019 246
1019 685
1019 233
1019 1077
857 1078
1036 277
1036 89
1036 478
1036 1079
1699 1080
1699 487
1699 321
1699 558
1700 1081
1201 0
1201 94
1201 667
1701 432
1702 83
862 1082
1086 244
1110 127
587 1083
1185 317
879 1084
1703 124
1030 1085
1030 127
1030 1086
1030 365
150 1087
150 381
150 566
150 1088
721 1089
721 267
1704 71
1705 210
1705 469
1706 485
1706 1006
274 1090
274 806
274 1091
274 1092
274 77
274 711
274 219
274 286
274 706
274 929
274 269
1707 215
727 1093
727 1094
727 49
727 18
1708 610
909 1095
1094 727
635 92
635 104
635 822
635 222
635 1096
635 1097
498 1098
498 1099
498 520
498 77
498 651
225 704
225 1100
639 167
639 1101
639 652
639 373
1709 309
1710 783
1296 65
1711 1102
1712 1103
963 795
1171 1104
1171 447
885 546
1713 92
1095 909
1095 454
1714 1105
1715 474
1716 1106
242 668
242 273
242 1064
242 322
242 336
242 781
242 627
242 225
242 769
242 435
242 128
242 307
242 377
242 444
242 234
383 1107
383 99
1717 745
1132 246
1132 1040
152 290
152 827
238 56
449 344
449 1108
1718 895
1337 350
1337 362
1719 356
127 670
127 244
127 468
127 39
127 1109
127 1030
127 1110
127 1111
127 1112
127 334
127 1113
127 698
595 144
1124 88
697 976
866 290
872 392
104 179
400 302
400 3
400 1114
400 1115
400 274
400 1116
263 1047
263 38
263 1117
263 21
58 1046
58 1118
58 1119
58 894
58 689
58 29
58 1120
58 251
58 470
532 233
795 749
795 1121
795 1122
795 464
1233 150
320 1123
320 246
320 366
320 159
1720 293
1721 20
139 70
139 298
139 1124
1722 160
1298 341
1298 1125
447 328
447 612
1197 863
1197 1126
796 27
1099 94
246 317
246 1127
246 614
246 1128
246 1129
246 1019
246 1130
246 320
246 1131
246 902
246 610
246 1132
246 12
246 319
246 46
353 289
401 3
990 802
990 1133
990 1134
1723 234
456 280
456 141
328 178
739 316
264 336
264 219
1724 521
372 452
372 27
372 772
372 459
1725 20
399 48
399 1135
399 27
126 1136
126 1137
126 1138
126 894
126 828
126 1139
126 763
126 1140
121 1141
121 1142
121 208
121 702
121 1143
121 58
121 316
121 18
121 864
121 1144
121 1145
121 1146
121 1147
121 1148
121 1149
121 83
121 246
121 1115
121 823
121 1150
121 732
121 1151
1726 692
764 306
1389 1152
1727 92
1271 375
464 749
464 795
464 1153
464 1154
464 1015
1728 564
1729 886
1180 1155
1180 32
1180 893
1180 1156
1134 124
1134 538
1040 1123
1040 546
1040 247
1040 521
1040 457
1040 1132
1730 826
1731 796
196 189
196 15
196 406
1248 229
1732 343
1733 307
1733 995
730 1096
730 1157
1734 534
47 1158
47 1159
47 756
47 787
47 543
47 97
47 160
47 25
47 234
47 1160
988 88
1735 246
230 920
230 47
110 1161
110 52
110 91
110 103
110 64
1736 689
1737 1162
1003 1163
1003 871
1003 165
1003 41
1003 20
1738 664
1739 342
101 246
101 167
101 589
101 4
101 452
1740 1164
1740 1165
1741 309
701 706
701 244
701 293
1272 596
1272 343
1331 790
624 1166
1742 295
324 758
886 1167
886 1168
886 596
886 1120
886 1169
886 1170
886 1171
632 342
84 243
84 1172
1743 1173
1744 307
1393 356
1745 1174
905 96
905 1175
1209 165
485 636
485 424
485 166
485 996
1746 92
1310 251
1310 1176
1310 60
1310 97
1222 1177
631 92
631 1178
1199 1179
1043 509
1320 182
1747 152
670 127
1097 635
1097 173
1748 125
1748 223
1748 173
1007 26
1749 94
32 71
32 306
32 4
32 1180
32 20
32 160
32 53
569 1181
569 1182
569 1183
569 1122
890 380
890 307
890 1076
890 546
437 975
734 1184
734 68
1118 1044
1118 58
1750 317
1750 1185
1017 1003
1017 1186
1017 83
1751 1187
1751 264
1326 878
1326 912
410 311
1752 137
1752 1177
1753 604
559 1188
559 202
710 117
710 18
710 94
972 255
330 945
1291 1189
1291 768
1098 22
1098 498
1098 651
259 291
259 219
1754 18
277 307
277 260
277 1190
208 345
208 1191
208 1192
208 233
208 121
625 53
1755 1193
1756 485
473 985
1434 85
1757 234
1259 20
1758 115
1758 83
1154 464
1154 1194
1154 355
1154 373
1759 1195
531 862
827 207
827 519
827 152
827 1196
827 94
827 822
794 234
1133 802
735 92
735 151
947 48
1126 1197
1315 802
376 1198
1402 4
1402 1199
583 928
583 25
583 207
1760 783
295 476
295 31
235 316
355 1200
355 1194
355 602
904 229
904 76
904 167
1761 1201
163 68
163 899
163 150
791 1202
791 297
791 319
403 1072
403 194
403 1203
403 509
403 1204
599 1205
599 369
599 730
599 1035
1762 367
165 952
165 1206
165 1207
165 29
165 636
165 1003
165 1208
165 1209
1129 246
1763 178
39 253
39 654
39 894
39 127
39 298
39 137
1009 1210
1009 26
1009 321
1052 22
539 500
539 1211
178 328
0 1201
1387 3
1764 264
1765 1212
1766 1213
1445 127
793 382
793 597
1767 254
1039 712
1768 813
1769 1214
1770 92
490 755
508 1215
307 1216
307 231
307 277
307 97
307 307
307 251
1771 560
1113 1217
1113 173
751 488
751 51
751 321
751 114
465 1
465 1218
465 234
684 381
684 219
696 159
1772 58
679 1219
438 26
438 321
158 644
1416 1158
1773 237
1774 874
979 801
1192 1220
1775 251
698 229
698 976
1776 1221
499 115
499 713
1066 198
1066 237
1066 328
1066 763
703 29
703 324
1777 356
1177 137
1177 1222
737 316
737 1223
654 1224
654 1225
654 39
1144 273
1446 1226
1446 1080
1446 1227
1446 322
1446 837
828 94
828 828
828 126
828 41
1268 667
1383 65
1383 124
1383 719
863 1228
863 328
863 1229
1374 691
740 316
740 743
740 652
1778 78
638 1230
638 260
638 1231
1104 1171
657 23
657 374
657 996
657 250
657 125
657 1232
657 525
1165 182
1165 39
1779 1120
516 886
516 237
516 333
516 396
516 1233
516 912
516 141
516 1234
516 1235
516 1236
516 1104
516 1132
1780 593
877 222
877 382
800 629
800 515
800 564
800 1083
800 78
800 141
800 622
800 199
800 1237
69 1238
69 1239
69 1240
940 241
940 1241
940 187
42 1076
663 2
663 1092
663 1242
663 552
663 837
663 1243
663 137
663 168
1781 328
1781 146
407 413
30 53
1782 392
978 837
978 515
978 1244
978 1245
978 1246
229 920
229 404
229 768
229 167
229 904
229 1247
229 76
229 1248
229 772
1783 785
1783 1249
206 1250
1784 362
1784 857
297 476
297 988
297 1092
297 791
20 1251
20 260
20 124
20 1252
20 264
20 546
20 32
20 495
20 343
20 1253
20 113
20 1254
20 347
20 53
20 145
20 561
20 790
20 1255
20 298
20 894
20 257
20 57
20 22
20 800
20 29
20 242
20 836
20 234
20 458
20 613
20 321
20 1256
20 373
20 1257
20 219
20 1258
20 368
20 76
20 521
20 107
20 83
20 290
20 173
20 644
20 254
20 1259
20 679
20 1260
20 1261
20 94
20 118
20 1262
20 1263
20 1003
20 14
20 990
1785 390
1103 754
1103 275
1786 557
930 248
191 15
1787 1218
21 1264
21 1265
21 1237
21 124
21 263
1788 92
1788 457
781 77
1227 1266
1247 94
1789 367
161 160
161 644
232 368
232 1267
614 817
614 246
614 622
397 241
397 3
667 1268
667 469
474 136
474 640
474 1269
1790 1270
313 818
313 1099
1791 802
1791 69
1792 444
173 802
173 1271
173 1272
173 948
173 1273
173 222
173 1097
173 14
173 137
173 46
78 1092
78 1265
78 1274
78 129
78 595
78 423
78 15
591 1275
949 1276
949 1277
949 1278
949 20
1440 386
589 533
589 1279
589 719
589 1280
589 373
589 1281
589 101
429 609
106 179
1793 36
1794 1282
1403 4
1795 328
871 1003
871 511
380 686
1796 238
726 251
726 97
1797 670
1798 328
1265 80
1146 121
154 1283
154 409
154 244
154 396
154 344
154 242
154 1284
154 316
154 240
1799 42
514 854
514 344
1800 146
1319 1285
823 61
823 1286
823 1287
823 719
823 121
1362 750
1327 113
1327 208
1327 1218
1327 83
1121 795
1236 886
14 20
14 1288
14 674
14 1289
14 184
14 421
14 303
14 508
14 301
14 1155
14 986
1801 1290
1364 249
1802 924
1189 1291
1431 1033
333 668
333 328
1803 1292
281 521
281 568
281 443
281 996
843 48
843 169
448 986
448 267
393 690
393 486
1317 369
1317 899
1317 1293
201 15
1804 978
1804 1095
1091 274
291 455
291 219
50 48
50 448
50 219
1805 384
200 15
897 501
1384 124
270 44
270 652
253 145
253 1
253 720
253 39
253 207
253 548
253 448
253 208
253 131
253 343
253 355
253 1294
275 1138
275 219
275 1295
65 435
65 781
65 1296
38 894
38 321
38 1125
38 263
128 1136
128 384
128 1112
128 126
128 207
128 125
128 1156
1806 992
1459 244
1459 41
1807 343
359 960
1808 229
446 798
446 444
1809 1158
1061 334
1135 859
1810 647
1107 63
1107 464
1107 383
1107 99
1811 1144
1812 237
1169 912
585 718
585 1297
341 28
341 862
341 1298
341 448
1436 303
240 1299
240 154
240 525
1813 795
652 117
652 740
652 25
652 1101
652 639
652 1080
652 1300
652 187
652 791
652 373
652 316
652 46
1814 12
1815 298
35 53
1816 550
1817 390
1400 168
1400 83
819 1301
819 525
8 762
837 663
837 237
837 1067
12 199
12 246
12 303
707 241
707 1302
707 125
71 252
71 1303
71 147
71 37
71 265
71 546
71 743
71 1304
71 948
824 1305
824 20
888 629
888 546
1818 1306
1818 1307
1818 1147
1818 1308
97 1309
97 968
97 233
97 121
97 967
97 219
97 1310
97 307
97 726
97 725
455 1
455 1311
455 291
455 850
455 1312
455 1313
455 1294
1819 1307
802 790
802 1133
802 124
802 1314
802 1315
802 1
802 1285
802 611
802 377
143 57
604 1316
1054 246
1293 1317
1293 1318
1067 654
1067 952
1067 435
1067 937
1067 167
1067 837
1067 298
1067 118
1820 503
497 1217
497 836
267 721
267 348
267 47
268 1319
268 802
268 219
268 237
268 567
1821 0
1822 1294
1823 531
273 1144
273 665
1281 589
1377 124
182 1165
182 3
182 644
182 774
182 256
182 1320
182 125
182 621
182 1282
182 522
182 1092
182 525
576 290
184 1321
184 182
184 48
184 256
184 815
184 1322
184 789
184 788
184 146
665 273
665 1323
665 137
1457 244
1242 802
1242 1156
1242 224
1242 1003
1242 298
1242 663
480 652
1824 264
1825 657
1826 1324
582 290
1827 1325
1828 72
912 1326
912 886
912 350
912 584
1218 1327
1829 684
1830 71
1830 1328
1830 265
1056 25
1056 386
540 29
540 1329
540 41
484 855
790 1330
790 20
790 1331
245 1332
245 244
1157 730
89 125
220 92
220 22
1831 710
766 336
1832 25
1833 235
849 222
1834 1333
1834 354
1834 379
804 524
804 1334
804 644
804 774
804 1335
804 1336
54 1046
1835 1337
479 167
131 403
131 267
1836 222
1836 1338
1837 392
440 321
190 15
527 233
1838 1339
1838 219
1838 124
1839 1340
265 71
265 1328
1840 604
1841 667
1105 1341
1170 886
134 328
134 309
391 486
391 151
997 600
568 895
568 1342
568 219
336 1343
336 264
336 497
336 1344
336 242
336 298
1842 80
743 71
743 1
743 321
743 223
743 740
743 1345
743 610
743 316
743 1346
1843 791
475 1347
475 41
1844 1302
1844 774
969 1348
911 1349
1034 1350
1304 71
1845 47
642 1351
642 886
939 241
939 146
1428 148
1846 77
199 1352
199 12
199 356
199 557
199 15
103 110
621 607
621 48
1847 328
1848 20
1849 124
1850 246
1851 237
23 657
23 113
23 382
882 468
548 253
548 237
548 978
1852 1029
1852 1353
946 234
1853 177
1853 1081
1085 244
1085 1030
983 299
441 229
441 768
441 608
441 46
711 274
711 433
167 1354
167 65
167 937
167 639
167 1355
167 848
167 1356
167 101
167 772
167 229
167 327
167 1357
167 934
596 886
596 124
596 529
596 1187
596 1272
596 137
1854 3
1243 335
1182 569
1182 15
1228 863
1228 488
759 1358
467 234
162 182
162 1359
162 83
901 526
1855 1360
1856 1361
317 246
317 521
1857 312
750 159
750 1362
750 789
750 1132
856 1363
1035 233
1035 677
287 276
659 1198
1858 428
1859 1364
1345 743
996 485
996 367
249 77
1860 595
1860 18
1860 899
1860 251
1861 662
1235 516
851 914
1336 721
896 404
982 676
982 170
1862 830
966 1151
966 616
745 316
1 253
1 802
1 118
1 347
363 1365
1193 474
1863 309
1864 99
630 1097
913 1366
913 1367
913 65
913 1368
913 256
913 1369
913 1370
913 455
913 234
1865 1371
1080 1372
1080 652
1443 850
1188 559
1200 355
1200 836
1200 450
1050 744
1050 1373
1866 847
953 88
953 94
953 290
953 772
1355 612
402 1374
402 564
402 468
402 769
402 124
402 976
402 41
402 151
402 116
402 3
1867 1375
1868 195
581 1376
600 369
600 1293
600 599
46 441
46 246
46 173
124 1377
124 1378
124 802
124 1379
124 21
124 1380
124 224
124 556
124 937
124 219
124 1381
124 1382
124 495
124 1383
124 41
124 1384
124 1385
124 1148
124 1134
435 237
435 140
1161 1386
1161 110
1161 1387
545 408
545 1388
1152 1389
1869 243
1870 810
343 345
343 357
343 335
343 992
343 830
343 56
343 560
343 1390
343 962
343 428
343 124
1871 297
1294 253
1294 455
302 397
302 400
302 622
302 335
302 234
1872 961
678 1
678 1391
1873 1333
1874 290
715 48
715 306
356 321
356 1392
356 1243
356 763
356 1393
616 966
1313 238
1313 47
63 160
63 111
63 1186
1875 77
1875 41
908 246
1432 1033
452 65
452 260
452 1394
1876 879
1877 219
1877 234
418 556
611 802
611 1395
611 373
578 290
1878 83
388 1396
388 1397
502 367
502 183
502 173
1879 236
1190 948
1190 882
1190 1398
347 81
347 1399
815 814
168 1400
168 1270
168 604
168 1401
533 589
725 251
725 4
4 725
4 53
4 32
4 303
4 1402
4 1403
4 101
4 1404
563 763
1880 1234
1880 1001
37 71
37 1405
37 418
495 1345
1881 332
1882 913
561 20
1883 207
515 1072
1427 1144
584 912
584 1406
584 1407
1884 1030
405 593
1059 334
1885 289
171 1408
55 1072
55 664
55 337
55 306
55 637
155 1409
155 112
155 644
237 708
237 516
237 435
237 276
237 1080
237 1066
237 558
237 145
237 542
1886 1410
489 1150
1148 121
1148 124
1148 1411
325 207
325 758
325 396
325 1412
325 1015
1006 1210
529 596
529 233
1413 1413
315 914
315 164
269 258
269 274
1887 54
1887 1028
1887 321
1045 509
1045 960
457 1
457 1040
457 309
457 1092
646 431
646 648
646 627
646 971
67 1414
1888 1043
1278 949
292 285
1889 1355
461 280
469 366
469 667
469 1356
469 234
1158 1415
1158 1416
1158 1
1158 405
1890 15
713 926
713 1040
898 20
1396 237
1396 388
1260 20
869 257
902 246
1891 542
377 802
377 658
377 242
377 1286
1892 41
1008 26
1008 552
212 308
212 396
680 328
680 1112
680 1138
680 763
1893 207
1041 1417
1041 1418
671 184
671 1286
671 1348
647 32
1264 693
1264 47
188 256
1354 167
210 760
210 466
210 389
573 772
573 554
59 335
59 571
1894 435
1894 669
694 1082
694 1419
865 647
865 864
29 1123
29 165
29 396
29 719
29 316
29 1420
29 1421
29 703
29 20
29 540
29 53
29 593
29 34
132 693
132 1028
1000 41
952 165
952 1192
952 1422
952 664
952 1067
952 208
952 274
1895 1423
279 219
483 572
777 1380
1896 382
926 0
926 1405
926 91
926 713
926 563
926 447
926 988
926 1282
926 26
926 1424
185 470
119 1425
1897 1426
1138 126
195 1166
148 1427
148 775
148 1428
788 184
788 159
788 367
1898 1172
228 704
228 1036
1899 147
1168 1429
1900 280
1900 500
1900 1430
1033 785
1033 1431
1033 1432
278 81
558 237
558 1433
27 408
27 246
27 928
27 91
27 474
27 97
27 1434
27 966
27 85
27 1394
27 796
27 1370
27 139
27 251
27 372
24 112
937 506
937 1067
937 86
937 167
937 1317
129 830
129 1435
129 78
1901 113
1306 1126
223 1436
223 233
223 48
223 1437
223 208
223 1438
223 151
223 486
223 670
223 394
719 1144
719 487
719 823
719 244
719 263
719 29
719 1383
719 227
719 1439
719 373
719 589
386 135
386 1440
386 236
386 1441
415 18
415 1442
415 31
415 94
415 41
850 455
850 222
850 1443
850 256
421 462
421 14
847 1068
847 802
847 367
847 222
847 1444
16 1067
16 1190
488 48
488 751
488 367
488 202
488 138
1902 1124
1903 924
1307 1445
1307 1446
1904 1447
1905 384
1906 1448
1011 1012
1011 62
1289 0
366 345
366 234
366 91
366 320
366 469
1907 290
1202 945
1202 791
1908 861
1352 199
1909 1449
221 22
629 404
629 254
629 800
629 888
629 187
629 1421
494 588
494 1149
494 892
207 253
207 802
207 409
207 21
207 1117
207 206
207 525
207 827
207 672
207 325
207 15
769 402
557 199
557 1450
1910 321
133 1390
133 91
133 343
929 233
929 584
929 146
612 1451
612 1355
612 1040
612 477
1911 1230
1911 312
873 816
873 236
873 1452
236 873
1204 657
1204 403
900 231
900 343
250 657
250 1453
672 1454
398 1387
1912 593
1912 1455
1913 41
1914 447
450 1200
450 20
450 72
450 77
450 1456
450 234
1288 986
1915 123
224 704
244 1332
244 245
244 719
244 1457
244 61
244 760
244 1086
244 519
244 1015
244 127
244 1458
244 154
244 293
244 701
244 1459
244 1460
244 1048
244 1085
244 538
244 525
373 263
373 1382
373 1279
373 652
373 967
373 933
373 1117
373 390
373 474
373 77
373 639
373 978
373 611
373 223
373 962
373 20
373 290
373 719
373 151
373 307
373 334
373 589
373 1461
45 113
45 417
45 1424
45 687
423 1380
423 1201
423 78
