1289 0
323 1
323 2
1048 3
1048 4
1048 5
1048 6
1048 7
1048 8
1048 9
1048 10
1095 11
1290 12
1291 13
257 14
257 15
1292 16
902 17
902 18
77 19
21 20
21 21
21 22
1293 23
1294 24
1295 25
905 26
905 27
905 28
599 29
599 30
599 31
599 32
28 33
28 34
328 35
456 36
456 37
466 38
251 18
251 39
632 40
745 35
745 41
745 42
862 43
545 44
1018 45
601 46
1036 47
1036 48
974 49
648 13
648 50
648 51
648 52
648 30
648 53
648 54
946 55
676 56
676 13
676 57
676 58
676 59
676 60
676 61
1149 62
1149 63
351 64
351 65
1296 66
1297 67
574 68
574 69
335 70
335 71
984 72
984 73
19 74
19 70
19 75
19 76
19 36
19 77
19 78
1186 79
379 80
1298 17
288 81
288 82
288 83
288 84
288 85
288 86
288 87
1215 88
1215 89
669 90
390 91
1299 92
812 93
812 94
1300 95
1300 96
645 97
98 35
98 98
98 15
98 17
98 52
98 99
98 100
98 101
98 102
492 95
1301 103
1302 104
532 105
532 106
532 107
565 108
565 109
941 110
50 13
50 51
1303 111
434 20
434 112
434 113
368 114
368 115
368 116
1304 117
1304 118
489 119
489 120
1305 121
128 74
128 122
128 123
128 124
128 23
1306 125
402 13
1033 126
74 127
74 85
74 128
74 129
74 130
74 131
74 132
74 133
74 25
74 134
600 135
600 136
1307 137
1308 138
1308 139
372 51
372 140
820 141
820 142
461 143
461 144
461 145
461 146
461 147
461 86
461 148
461 149
461 150
461 151
461 152
461 153
461 154
944 80
857 155
1081 156
1012 157
484 117
484 145
356 96
340 158
340 159
340 160
340 161
340 4
340 162
340 163
340 73
340 164
340 165
340 166
340 167
340 168
340 169
340 170
734 167
734 171
401 172
878 173
222 174
222 175
222 176
222 2
222 177
222 178
222 179
222 180
222 181
222 182
222 183
222 63
222 184
222 185
222 186
222 187
222 188
222 189
222 190
222 191
222 192
222 193
222 194
222 195
222 196
222 133
222 197
222 198
222 199
222 13
222 104
222 200
222 201
222 202
222 203
222 204
222 205
222 100
222 206
222 207
222 208
222 209
222 210
222 211
222 212
222 213
222 214
222 167
222 215
222 157
222 216
222 217
222 218
222 219
222 220
222 221
178 13
178 222
267 223
267 160
267 224
267 225
267 226
267 111
267 227
267 228
267 115
267 229
1309 11
231 230
231 231
231 2
231 232
231 233
188 222
1310 191
1310 234
261 235
261 236
261 237
261 238
261 239
261 100
1311 19
739 160
1204 72
388 113
388 240
388 241
388 242
388 243
388 134
388 244
388 245
388 246
388 247
224 248
224 249
385 242
385 225
385 250
39 0
39 251
39 51
39 252
1312 253
612 254
612 115
612 255
867 132
15 98
15 127
15 256
15 257
15 258
15 259
15 222
15 101
15 62
1010 260
725 261
420 262
420 263
420 49
1313 264
700 265
700 266
18 251
18 267
18 241
18 49
18 268
18 269
1314 270
441 198
609 271
1315 104
710 272
710 273
710 274
710 275
710 247
710 276
710 155
869 277
869 27
869 266
750 207
43 278
321 279
1316 35
595 280
595 73
1111 281
309 282
309 31
309 176
86 127
86 176
86 283
86 99
86 284
86 115
86 285
86 286
86 35
86 287
86 288
86 241
86 289
86 243
86 290
86 291
86 264
86 33
86 292
86 293
86 294
86 295
86 17
86 296
86 297
86 233
86 27
86 53
86 298
86 299
86 300
86 301
86 302
86 303
86 304
31 305
31 306
31 307
31 308
31 309
31 72
31 53
31 238
31 310
31 7
31 311
31 115
31 312
647 107
1120 313
279 145
279 51
279 314
279 315
279 316
279 112
279 317
279 318
279 319
279 320
279 25
279 321
608 322
1 323
476 38
912 235
912 324
132 325
184 222
510 166
510 160
510 66
35 326
35 98
35 145
35 327
35 328
35 5
35 329
35 0
35 311
35 330
35 331
35 27
35 308
35 332
35 198
35 304
518 72
190 222
495 240
495 10
495 333
495 334
71 335
71 336
71 337
71 317
71 36
71 23
71 168
71 133
71 338
1317 337
1318 339
254 280
843 13
843 49
73 340
73 341
1319 168
961 342
961 343
961 344
131 74
131 237
131 345
131 346
131 347
131 348
543 134
473 38
473 349
808 350
833 174
833 13
833 351
833 352
364 135
364 353
364 354
364 355
364 247
364 11
364 134
835 356
212 222
933 276
932 357
1225 175
1225 358
193 359
366 353
366 114
901 104
901 360
901 361
899 362
114 235
114 363
114 364
114 365
114 366
114 367
114 11
114 368
114 369
1320 370
24 371
24 272
24 72
140 13
140 372
140 173
140 373
140 374
1321 375
1322 376
698 377
698 266
1323 155
1136 378
1032 238
1324 19
1325 379
1325 380
991 238
991 263
1170 381
225 111
225 267
225 241
225 382
1326 383
1327 198
1099 384
1099 240
1099 353
1099 168
242 75
242 57
242 37
242 385
242 316
242 386
242 122
242 387
242 388
242 77
783 56
783 13
783 114
783 359
783 352
783 389
243 390
243 48
243 31
487 117
487 391
1328 360
1143 392
1329 38
1161 393
1330 35
752 5
780 394
345 131
345 395
345 251
345 396
345 168
671 397
671 338
301 290
761 156
761 398
1021 399
172 400
172 378
172 401
228 402
482 38
1028 403
426 404
1331 120
239 261
548 337
548 405
953 305
953 38
953 406
953 176
590 337
590 407
564 393
25 279
25 317
1332 408
998 409
998 410
998 185
3 411
3 13
3 51
3 171
3 233
3 412
3 413
3 414
3 415
104 416
104 417
104 418
104 419
104 51
104 337
104 420
104 30
104 421
104 127
104 242
104 422
104 423
104 424
104 96
104 119
104 425
237 426
57 427
57 242
731 167
1333 117
759 428
871 125
924 429
304 35
304 430
304 431
1275 432
1112 51
1334 270
1335 433
1335 434
989 263
1336 267
816 435
816 242
816 13
198 35
198 436
198 437
198 42
198 438
198 439
198 222
198 333
198 115
198 319
198 20
198 440
198 44
198 441
389 175
389 13
389 442
389 443
389 444
389 104
389 263
389 337
389 445
389 446
389 447
389 448
772 449
772 450
721 68
442 389
442 451
36 452
36 453
36 454
36 455
36 71
36 456
36 317
36 457
1337 458
357 207
357 41
357 459
1059 44
1338 460
143 461
1285 171
576 462
576 463
1030 464
1339 122
1340 465
1341 466
349 145
349 5
943 425
1342 386
1343 86
1344 5
1015 135
1015 145
1015 467
511 468
511 469
511 160
454 436
454 37
454 233
437 198
641 241
641 470
636 148
636 471
636 146
1345 233
38 472
38 57
38 473
38 474
38 475
38 3
38 476
38 477
38 478
38 428
38 160
38 273
38 479
38 480
38 46
38 481
38 249
38 482
117 483
117 51
117 484
117 485
117 212
117 66
117 486
117 5
117 487
117 186
117 488
117 246
1276 432
1276 281
1063 314
889 236
733 167
538 489
538 490
1346 347
1347 491
95 492
95 51
95 493
95 494
95 27
95 277
589 495
589 496
589 497
589 498
589 136
762 126
430 264
430 304
1348 267
1209 499
1209 500
1209 501
907 502
1349 503
248 504
160 74
160 13
160 145
160 255
160 94
160 312
160 267
160 403
160 505
160 38
160 506
160 317
160 507
160 181
160 508
160 509
160 320
160 72
160 510
160 511
457 36
1158 259
798 246
798 512
914 513
914 337
914 432
914 243
914 514
914 134
72 515
72 516
72 517
72 518
72 519
72 66
72 520
72 521
72 522
72 523
72 524
72 170
298 174
298 525
298 327
298 86
298 273
825 526
754 527
754 255
754 442
754 296
754 528
754 505
1064 314
307 529
307 135
307 13
307 530
307 215
307 531
307 31
105 113
105 532
105 53
1135 378
439 533
439 534
439 535
439 536
439 249
1133 537
490 538
1350 539
111 409
971 540
971 541
971 318
971 542
971 147
134 543
134 364
134 388
701 544
44 545
44 185
44 51
44 546
44 115
44 198
44 547
1351 548
421 549
421 72
421 51
421 550
1352 190
732 429
732 167
732 551
999 552
999 183
999 553
999 554
749 420
749 415
749 207
1353 555
888 556
299 86
152 557
152 347
245 558
245 377
245 388
583 445
977 90
977 51
630 395
630 365
1354 559
1355 560
322 445
322 124
322 145
322 41
322 317
642 241
1356 191
965 386
817 561
817 562
393 563
393 564
393 5
393 226
393 549
949 565
949 566
195 567
195 222
20 427
20 37
20 135
20 166
20 428
20 434
20 241
20 397
20 243
20 168
20 568
20 569
20 570
20 10
1357 571
864 392
864 238
864 572
864 311
1054 159
1054 145
64 14
1358 35
794 117
794 14
794 171
1359 573
849 392
849 13
361 429
66 137
66 510
66 51
66 562
214 148
214 13
214 222
214 530
1360 160
1360 574
1011 575
1011 576
48 51
48 377
48 65
48 131
48 62
48 577
1361 578
547 44
436 454
1107 565
1107 66
138 579
138 49
445 559
445 580
445 271
445 322
445 581
445 346
445 582
445 583
713 584
713 127
713 585
713 560
801 586
919 587
919 167
919 24
919 588
496 589
1127 166
6 62
407 590
708 387
708 591
763 101
763 592
777 593
777 594
1362 595
1363 596
29 597
29 598
29 161
29 297
29 599
29 31
1364 600
46 0
46 601
46 602
46 38
46 603
46 478
840 13
1123 604
1123 75
1365 113
1365 386
380 148
1366 92
1367 252
611 605
611 604
611 606
611 87
611 117
611 406
271 74
271 124
271 145
271 37
271 607
271 123
271 41
271 445
271 122
271 23
271 183
271 608
271 609
284 86
433 610
702 86
702 53
417 611
417 104
417 612
646 613
839 13
290 301
290 286
290 86
409 614
409 615
1368 616
771 617
771 618
771 78
771 160
1199 327
76 70
773 619
773 620
93 621
921 91
1369 269
1370 13
1370 352
524 72
735 622
1371 145
1371 623
1371 624
1371 625
1371 626
1371 627
334 628
776 397
776 263
446 629
395 630
1040 386
1372 631
1373 173
40 35
40 632
1247 633
1247 634
1374 38
148 13
148 635
148 636
148 104
148 122
148 352
148 214
148 637
148 167
148 149
148 310
148 638
148 380
1113 51
415 359
1013 51
826 176
1221 318
1221 626
1375 461
331 329
331 333
580 445
580 422
580 100
580 53
799 639
1376 117
241 640
241 641
241 314
241 225
241 49
241 38
241 388
241 642
241 643
1377 644
329 35
97 645
607 271
607 23
607 99
613 432
613 646
107 647
107 114
30 648
30 259
30 233
30 285
30 168
606 611
170 72
1378 222
1379 3
300 86
1272 649
1220 459
320 453
320 160
320 130
320 562
320 168
320 279
320 650
1380 651
539 652
1154 653
1259 654
1381 13
688 655
858 155
265 656
265 657
785 127
785 658
1382 659
1274 432
815 660
815 617
815 168
232 277
232 327
232 575
232 316
795 661
795 51
703 124
703 662
703 317
703 168
1383 272
1384 663
1385 664
1087 133
1087 157
1087 665
462 390
462 666
895 562
1386 113
1386 667
874 668
874 560
635 275
635 666
635 51
635 114
621 237
621 130
621 489
621 669
338 224
338 160
338 71
338 432
338 123
338 317
338 670
338 671
338 672
338 673
338 674
338 675
1279 305
1279 12
61 13
61 676
61 200
61 420
61 677
61 572
525 298
525 678
664 679
664 680
664 681
664 341
1387 682
1142 392
1142 683
1388 288
1388 145
1388 684
1230 105
1230 685
1230 311
1062 120
310 550
1389 337
655 686
655 687
655 688
655 198
863 689
1195 14
150 461
1390 417
4 279
4 340
354 337
354 549
354 523
354 364
354 316
1391 173
900 378
900 474
1392 690
1392 386
987 38
987 691
987 145
987 233
534 692
534 439
534 36
534 241
534 282
534 207
910 568
266 693
266 694
266 695
266 696
266 697
266 386
266 698
266 699
266 700
266 117
266 701
1281 386
53 105
53 580
53 432
53 86
53 648
53 702
53 31
1393 148
1261 626
113 51
113 539
113 242
113 703
113 388
113 704
113 705
113 434
764 115
185 44
185 267
333 706
333 331
333 495
333 707
333 132
333 198
782 416
387 337
387 708
387 709
387 710
387 711
985 712
1043 142
585 713
585 560
1174 660
1394 267
1395 714
1396 715
1109 716
806 416
806 717
806 710
847 13
1397 718
928 157
1398 242
1398 73
1399 11
319 719
319 418
319 112
319 243
319 388
319 20
319 31
319 198
1400 25
955 720
955 176
955 721
955 160
1051 92
1401 380
898 722
898 723
898 724
597 29
83 122
83 148
83 272
83 666
83 86
1402 725
167 726
167 14
167 696
167 138
167 727
167 728
167 161
167 349
167 318
167 729
167 148
167 317
167 117
167 730
167 78
167 222
167 731
167 732
167 733
167 734
167 319
167 246
1403 539
755 483
755 735
755 622
755 736
755 737
942 352
1046 738
123 739
123 596
123 179
123 69
125 740
125 314
125 741
125 729
1042 386
1404 702
1061 742
1164 743
1065 314
42 145
42 717
42 318
42 744
42 247
42 745
42 198
828 746
1173 587
1173 117
1173 384
1173 96
774 747
1226 175
1226 75
1159 252
629 446
154 337
154 748
1405 25
1406 38
207 749
207 639
207 420
207 628
207 750
207 751
207 534
680 664
915 752
1260 389
1260 753
1260 22
766 305
673 627
505 754
505 618
505 160
622 755
622 756
1212 727
1212 757
428 174
428 148
428 432
428 758
428 38
428 95
428 397
428 759
964 760
1407 53
1408 726
398 761
398 762
411 432
592 378
592 763
1409 764
1085 765
1085 659
1085 273
982 16
399 71
305 766
305 767
305 768
305 769
305 770
305 219
305 31
305 498
618 145
618 771
618 45
618 322
618 23
618 505
1410 772
1411 226
1052 99
619 35
619 773
1412 461
747 318
747 774
1243 775
1110 181
1413 776
353 316
353 576
353 369
353 377
628 207
209 13
209 222
594 777
1414 634
1415 337
756 622
1416 557
1417 572
927 51
927 778
431 304
1418 779
394 780
1419 539
1420 781
1191 644
1421 782
359 13
359 719
359 193
359 783
359 784
359 415
127 649
127 272
127 785
127 104
127 786
127 787
127 788
127 217
127 789
127 131
127 713
227 790
1094 397
1094 360
1094 791
1176 145
1176 99
1422 362
268 18
1423 511
186 117
186 792
146 636
146 461
740 125
1187 793
1424 781
1425 160
1426 38
1427 23
358 794
661 795
315 279
315 549
1428 796
1086 416
930 666
665 466
605 116
605 133
605 52
70 797
405 798
405 799
1429 119
586 658
586 800
586 801
5 35
5 802
5 710
5 752
5 803
5 689
5 360
5 416
5 275
5 804
5 805
5 117
5 806
5 276
5 807
5 393
1430 409
1430 621
802 223
802 5
350 392
350 808
350 13
350 432
350 809
350 810
350 811
1431 812
1282 813
1134 101
1201 814
369 235
369 114
1432 815
719 112
719 359
719 740
719 816
719 817
1433 115
1210 818
1256 359
283 183
283 57
283 86
1434 819
517 72
162 340
162 562
142 820
142 66
142 310
142 168
1435 821
90 787
90 822
90 823
90 311
90 824
90 669
90 247
90 800
90 168
1436 107
916 802
1437 825
1437 826
1437 827
1269 198
1438 828
1223 33
13 829
13 830
13 831
13 832
13 697
13 833
13 418
13 834
13 530
13 835
13 836
13 769
13 562
13 677
13 101
13 837
13 58
13 838
13 3
13 839
13 359
13 222
13 840
13 648
13 684
13 429
13 783
13 841
13 96
13 842
13 209
13 816
13 639
13 419
13 676
13 160
13 843
13 844
13 104
13 845
13 846
13 148
13 317
13 389
13 219
13 847
13 57
13 537
13 415
13 61
13 234
13 140
13 56
13 848
13 50
13 779
13 51
13 420
13 849
13 850
13 403
13 851
13 852
13 853
13 168
13 422
13 460
13 854
13 572
13 855
1439 326
627 259
546 45
546 44
546 207
1440 856
155 474
155 710
155 857
155 115
155 858
1441 859
69 183
69 275
1442 353
233 860
233 861
233 3
233 803
233 30
233 86
233 252
233 275
233 862
233 454
233 10
805 99
1443 383
1203 275
726 386
726 167
54 241
273 710
273 75
273 298
273 38
273 276
273 119
273 470
273 525
1444 35
1102 51
1445 272
1231 117
689 122
689 23
689 863
311 35
311 864
506 137
506 160
506 66
897 865
897 386
897 866
533 439
447 867
447 279
447 389
1446 212
1447 236
690 868
277 869
277 107
277 731
277 661
277 95
277 870
277 232
471 636
56 730
56 616
56 676
853 871
853 13
853 419
348 132
959 427
959 872
959 495
832 13
177 222
308 35
308 873
308 31
1004 374
1448 270
1078 316
1449 120
560 585
560 171
560 51
560 757
560 874
560 748
560 875
560 167
560 101
560 713
768 305
768 250
1450 386
1233 876
1451 317
1249 318
1452 410
483 117
449 772
1049 206
787 877
173 878
173 879
173 880
173 781
173 279
173 794
173 881
173 140
100 580
100 317
100 222
100 264
569 20
34 882
34 28
327 882
171 593
171 560
129 145
129 883
129 99
129 884
129 318
129 885
129 361
129 886
582 445
582 66
1453 887
705 113
596 36
596 888
164 340
164 137
164 168
236 261
236 275
236 889
562 890
562 13
562 320
562 817
562 891
562 892
562 162
562 684
562 893
562 226
562 66
562 678
562 166
562 317
562 497
562 894
562 314
562 895
562 537
562 896
285 272
285 145
285 86
286 238
286 746
286 580
866 897
722 898
362 899
1454 377
1454 562
474 435
474 38
474 900
474 316
1455 901
1455 72
412 3
997 695
450 772
17 902
17 308
17 903
17 904
17 330
27 35
27 113
27 869
27 52
27 156
27 261
27 905
27 86
27 298
27 95
27 318
27 898
27 115
1114 804
1217 66
1217 763
332 35
332 145
709 133
709 387
1025 906
1456 22
1017 148
1017 0
502 907
1457 908
1457 324
1457 909
568 910
568 318
568 911
896 562
404 409
404 606
563 393
1458 267
324 235
324 912
382 267
1459 62
37 860
37 456
37 145
37 868
37 137
37 20
37 913
1460 5
1460 69
479 275
479 51
668 874
668 721
498 305
498 174
498 13
498 589
498 37
1037 413
337 914
337 71
337 354
337 915
337 5
337 548
1461 236
1462 916
1463 917
529 918
529 307
681 919
681 23
91 390
91 920
91 921
769 305
769 13
769 145
769 263
769 352
769 554
769 922
894 101
894 562
894 198
1126 317
1126 654
1153 175
1153 923
1286 168
429 13
429 72
429 732
429 101
429 924
429 656
1464 795
791 279
791 397
791 550
791 751
791 252
1465 925
778 246
778 926
778 736
778 927
778 262
1466 11
149 148
422 13
422 297
422 51
422 928
422 580
422 929
422 104
422 746
422 769
422 930
422 562
422 154
422 264
416 806
416 710
416 16
416 5
1467 242
800 931
800 932
800 467
800 168
800 538
800 90
276 933
276 710
276 880
276 934
276 273
115 44
115 935
115 764
115 147
115 160
115 936
115 141
115 727
115 267
115 27
115 612
115 793
115 937
115 938
115 939
115 368
115 245
115 155
829 13
829 676
829 432
829 53
829 940
829 320
829 120
1148 135
938 115
110 941
110 560
425 166
425 942
425 943
161 29
161 35
161 167
161 163
161 562
1468 23
1468 738
947 156
947 249
80 379
80 734
80 944
1469 945
293 86
1470 616
336 71
336 23
893 562
55 428
55 946
249 947
650 320
807 5
78 167
931 145
931 948
240 117
244 388
1471 35
1471 740
786 127
686 655
566 949
103 950
103 951
1472 778
424 906
424 551
481 38
176 952
176 953
176 954
176 442
176 222
176 309
176 955
176 826
1473 956
1474 279
352 148
352 942
822 90
822 957
666 635
666 930
666 83
1475 958
966 549
1005 374
872 959
344 960
344 439
344 347
344 961
760 962
760 963
760 964
570 20
10 233
10 965
848 13
848 562
549 966
549 393
549 421
549 354
549 315
549 967
549 275
549 23
1476 803
531 31
531 307
1002 968
1002 969
1002 697
280 409
280 818
918 529
918 187
1477 397
558 548
730 56
730 167
1478 970
1478 285
540 971
540 259
455 36
49 74
49 972
49 843
49 973
49 241
49 207
49 138
49 247
49 974
49 262
49 537
49 975
247 710
247 263
247 42
247 364
247 49
247 231
247 167
247 948
247 319
247 976
247 792
247 977
247 90
247 120
247 978
269 18
1479 979
292 86
200 222
1480 351
1480 5
262 160
262 926
262 420
262 49
262 980
262 974
1093 145
452 36
124 128
124 981
1481 98
1482 3
804 982
804 114
804 5
804 983
1483 984
712 985
1067 51
559 445
559 603
557 280
557 160
557 104
557 699
557 23
557 117
557 347
557 76
1484 348
179 222
179 123
179 346
836 13
996 423
1218 266
691 986
691 987
720 710
720 275
720 955
720 5
720 273
882 327
41 745
41 322
41 271
41 988
41 168
1485 748
1486 86
579 138
1487 325
264 18
264 572
962 760
556 549
556 888
556 199
1488 812
1489 460
263 861
263 776
263 420
263 989
263 317
263 990
263 769
263 389
263 247
263 991
1057 992
1057 186
1057 792
1053 993
1053 241
1053 994
1490 995
23 607
23 271
23 689
23 549
23 128
23 122
23 114
23 181
23 618
23 523
23 312
1273 432
423 996
695 997
695 168
1491 998
554 337
554 999
1277 432
952 874
952 1000
952 1001
969 1002
969 1003
1492 316
1246 507
374 789
374 1004
374 1005
374 140
662 1006
662 1007
662 442
662 1008
662 1009
662 703
260 1010
260 30
1115 0
1115 1011
1493 103
157 1012
157 655
818 280
818 1013
1494 51
1024 423
1024 203
1024 145
1232 1014
467 117
467 673
467 1015
467 948
467 168
617 815
567 1016
567 160
451 754
603 559
603 734
603 46
1495 13
1495 419
1496 715
1497 58
696 901
696 1017
697 1002
697 13
697 266
550 38
550 421
550 136
550 791
1130 317
1130 679
1130 346
126 762
182 267
658 378
658 785
658 269
781 173
1498 1018
1265 1019
414 562
1499 120
682 1020
1287 1021
913 37
1500 280
183 69
183 1022
183 271
183 173
183 1023
183 999
880 276
880 173
880 710
983 1024
983 804
968 1002
1501 160
674 378
674 864
1502 843
1503 660
906 424
906 1025
555 1026
981 516
981 124
981 115
981 1027
1152 91
803 636
803 5
803 233
403 13
403 419
403 160
403 1028
403 104
403 117
403 677
403 219
1504 1029
1505 1030
1132 727
1132 120
1180 135
1180 247
1180 697
1180 1031
494 95
1506 311
238 516
238 31
238 261
238 991
238 1032
238 286
238 291
238 1033
523 72
523 23
523 354
714 1034
744 314
1507 122
1508 30
1163 885
1163 1035
1163 1036
413 235
413 3
413 1037
1278 1038
1509 91
784 359
643 241
643 1039
1510 386
1510 489
1510 349
1510 198
386 726
386 977
386 1040
386 1041
386 33
386 309
386 242
386 316
386 908
386 167
386 243
386 897
386 68
386 866
386 965
386 198
386 1042
1511 1043
460 13
1255 1044
1255 474
427 20
427 959
427 686
427 145
427 57
1512 710
1512 120
892 1045
376 51
1254 75
1513 51
1514 927
1515 48
1515 656
1001 160
738 1046
738 1047
158 340
158 1048
845 13
206 222
206 1049
1516 463
659 1050
443 62
443 1051
1517 952
296 282
297 1052
297 532
297 422
297 27
737 755
994 1053
1518 135
159 340
159 1054
1519 1055
652 539
1520 261
1521 715
992 686
992 1056
992 1057
992 1058
742 1059
742 1060
742 1061
226 112
226 614
226 562
1522 789
1523 5
988 710
988 41
1079 1029
711 715
1524 13
136 600
136 167
136 589
136 318
136 550
520 386
520 316
520 72
520 57
520 908
1056 206
1525 1062
790 92
790 227
1526 621
513 914
468 511
314 1063
314 145
314 1064
314 135
314 125
314 1065
314 241
314 99
314 1066
314 318
314 744
314 562
314 279
314 219
314 1067
314 1068
314 338
1527 1069
435 474
435 155
890 562
1089 120
1106 392
1071 235
1528 120
1529 914
371 113
371 1070
371 24
235 261
235 413
235 1071
235 23
631 378
631 252
631 1072
60 1073
60 610
1530 341
406 113
406 767
406 953
1531 656
663 1074
663 181
663 1075
316 392
316 970
316 114
316 813
316 1076
316 1077
316 353
316 279
316 364
316 122
316 354
316 386
316 242
316 520
316 232
316 1078
316 636
316 183
316 474
316 612
316 1045
1532 703
1533 440
1029 1079
1029 727
767 305
767 406
940 1080
156 1081
156 1082
156 762
156 4
156 1083
156 1084
156 1048
156 761
156 168
796 971
796 741
81 127
838 13
838 167
1534 453
1162 491
810 350
810 390
765 1085
1084 19
1084 51
1084 762
330 17
330 998
1535 1086
133 605
133 74
133 145
133 174
133 71
133 360
133 1087
133 709
133 246
1536 85
59 317
59 676
122 128
122 1077
122 160
122 271
122 316
122 148
122 242
122 23
122 689
122 638
122 1045
7 1088
7 31
7 1031
7 433
1537 35
120 710
120 1089
120 318
120 6
120 694
120 615
145 272
145 1090
145 1091
145 271
145 99
145 322
145 1062
145 285
145 129
145 35
145 166
145 423
145 1092
145 987
145 181
145 1015
145 247
145 37
145 1054
145 461
145 38
145 317
145 389
145 1023
145 537
145 234
145 1093
145 931
145 51
145 42
145 46
145 948
145 618
145 279
145 708
145 332
1141 392
1141 135
1183 1094
217 127
217 651
217 66
11 1095
11 364
1538 13
1050 135
1050 75
1050 1096
541 971
1539 135
723 898
1540 65
1541 661
1542 288
823 90
860 37
1284 113
130 1097
130 74
130 1098
130 160
130 1099
130 53
130 1100
130 531
130 320
865 897
1031 764
165 340
1543 13
1544 382
51 113
51 977
51 757
51 1101
51 364
51 1102
51 453
51 1103
51 562
51 1104
51 117
51 882
51 432
51 635
51 1105
51 981
51 1106
51 1107
51 96
51 198
51 795
51 13
51 1108
51 1109
51 1110
51 3
51 1111
51 16
51 104
51 421
51 479
51 413
51 39
51 1112
51 1113
51 415
51 34
51 56
51 145
51 50
51 779
51 526
51 233
51 1114
51 275
51 279
1545 634
1546 446
488 117
1547 13
0 35
0 145
0 454
0 1115
0 1017
0 46
0 463
0 1116
1020 333
1548 378
1549 1117
1550 145
939 74
313 1118
313 1119
313 1120
1551 1121
1552 9
343 115
343 1104
343 961
1092 279
551 732
922 38
922 120
926 778
96 175
96 13
96 51
96 1102
96 1122
96 317
96 415
96 234
842 13
347 557
347 789
216 222
1222 267
1222 1123
879 173
925 1124
925 790
317 1125
317 439
317 834
317 99
317 727
317 1126
317 167
317 1127
317 77
317 96
317 25
317 13
317 294
317 71
317 59
317 1042
317 117
317 527
317 263
317 145
317 36
317 279
346 527
346 417
346 362
346 1128
346 179
346 1129
346 138
346 279
346 445
346 1130
346 62
346 1131
1553 117
295 913
295 86
1554 1132
850 769
850 13
1555 1133
1556 135
1556 241
1557 232
993 1053
891 20
891 166
891 562
891 66
378 1134
378 405
378 658
378 1135
378 231
378 1136
378 243
378 789
378 62
378 592
377 526
377 698
377 1137
377 181
377 245
1192 432
1558 13
728 56
1139 810
1559 575
1560 621
1561 48
1561 51
908 386
1562 576
751 432
751 466
751 49
1563 1138
1564 790
1140 104
1140 5
1007 139
1565 38
1270 1118
1228 175
1169 1139
1116 0
1116 877
1116 104
1116 454
1116 117
854 13
516 238
516 291
883 1140
373 117
373 140
788 789
392 13
392 350
392 1141
392 1142
392 1143
392 241
392 352
392 316
392 1106
392 135
392 1144
392 1145
392 283
1566 173
1566 1080
1070 371
1229 1091
819 191
909 267
1567 13
651 217
102 98
102 238
485 117
485 386
485 225
485 10
485 5
887 7
1568 434
68 691
68 386
68 79
68 99
68 429
68 1146
68 101
68 1147
1569 913
526 825
526 51
1570 38
1571 121
396 135
396 1148
396 345
396 145
1088 7
63 1149
63 222
1572 919
1573 554
1144 963
1239 1150
1172 252
419 13
419 104
419 403
342 961
163 340
163 163
1574 1151
923 1152
923 59
923 1153
923 354
792 186
255 612
255 160
653 62
653 1154
282 296
282 309
282 1155
282 776
282 739
282 534
591 86
591 708
108 565
1575 13
1145 392
1145 1121
1234 1156
718 899
272 710
272 145
272 383
272 24
272 285
272 976
272 694
272 120
1576 1157
1182 360
259 540
259 1158
252 145
252 233
252 39
252 11
252 1159
252 791
503 287
724 13
724 898
724 291
535 439
1026 555
116 918
116 117
116 605
116 592
1577 550
706 333
465 700
465 859
465 1120
504 674
504 1160
504 1161
504 248
1578 508
491 409
491 634
491 1162
1579 389
1035 580
1035 1163
1207 135
693 266
639 207
75 1123
743 1164
743 802
743 1165
743 1166
1128 346
537 13
537 425
537 42
537 432
537 1167
537 1133
537 66
537 562
537 334
640 85
1119 1157
52 135
52 605
52 1168
52 804
52 99
1022 183
1022 999
1122 1169
215 307
381 1170
1580 1048
1581 267
119 489
963 135
963 489
963 1171
303 1172
303 86
587 390
587 919
587 1173
587 1099
587 14
660 1174
660 815
660 734
99 607
99 145
99 52
99 314
99 1175
99 86
99 1176
99 129
99 317
99 520
1219 234
512 59
1211 1177
1582 68
1583 104
1583 1178
1584 160
1585 1100
1585 1179
1586 818
1283 813
199 432
199 556
199 388
258 15
258 495
1587 38
1137 377
770 305
770 406
1588 917
1589 1180
1590 316
47 998
1591 15
797 693
797 70
797 1181
797 39
1592 751
638 148
360 901
360 820
360 1182
360 30
360 1183
360 1184
360 5
360 133
515 519
515 318
515 1185
830 13
79 1186
79 127
480 138
480 49
480 796
975 86
975 49
1593 385
32 276
32 651
1594 1088
1258 253
1258 550
793 1187
793 115
793 73
644 1188
644 1189
644 137
644 878
644 92
644 428
644 1190
644 22
644 1191
644 99
644 1192
644 167
644 1042
644 1193
644 565
644 1039
644 243
294 317
294 86
868 690
868 37
1595 38
884 1035
1596 769
1117 145
1117 1194
855 13
14 587
14 1195
14 1196
14 1197
14 64
14 167
14 562
14 794
1597 1198
614 114
614 111
1598 433
1206 135
1599 136
729 167
729 740
729 125
715 725
1600 1199
1601 1200
519 515
625 501
736 432
736 207
736 755
736 107
736 778
1160 504
814 127
814 1201
1602 1202
694 266
694 120
1603 859
1167 537
275 710
275 69
275 241
275 479
275 233
275 1203
275 5
275 574
852 13
852 254
852 420
1604 789
174 298
174 833
174 428
174 133
174 279
250 615
1125 1204
135 489
135 396
135 1050
135 314
135 364
135 1148
135 1048
135 1205
135 229
135 392
135 294
135 1206
135 444
135 1015
135 1207
135 3
135 160
135 38
135 386
135 317
135 914
135 52
135 1141
135 1208
135 89
85 272
85 401
85 1209
85 241
85 86
85 20
1168 2
1168 1210
1184 393
1184 564
1184 360
101 98
101 1134
101 13
101 15
101 560
101 763
101 611
101 748
101 429
101 894
101 897
101 68
727 113
727 820
727 235
727 1211
727 1212
727 635
727 582
727 1132
727 1180
727 115
727 1029
615 769
615 120
1605 360
166 145
166 177
166 891
166 1127
166 340
166 562
166 141
1268 1213
684 13
684 562
1606 1214
514 914
88 1215
87 288
65 1216
65 229
1288 160
1288 1217
1288 66
1607 66
1608 145
1608 341
967 549
1609 1218
278 235
1610 203
957 822
1196 14
410 35
410 998
620 243
620 319
657 1219
593 117
593 777
593 171
397 428
397 1094
397 282
397 671
397 776
397 20
397 791
459 1220
459 818
137 340
137 37
137 164
289 141
1611 574
1612 113
1612 864
1612 137
1612 1221
1612 120
1613 1222
497 589
497 562
497 246
169 340
976 272
33 1223
33 897
33 86
33 28
1208 135
1208 90
253 405
1155 186
584 618
584 1224
584 967
218 222
141 198
175 1225
175 1226
175 1227
175 1153
175 222
175 389
175 1228
175 96
1091 1229
2 263
2 1168
2 991
2 3
2 231
444 135
1016 567
1016 160
1104 524
1104 1050
1614 1122
685 1230
824 90
1615 13
675 338
1616 1231
1617 75
1014 1232
920 91
876 1233
1618 507
26 905
472 384
472 38
472 10
472 574
1619 99
1620 13
1156 1234
1244 1235
1090 325
1090 1020
598 106
1621 727
821 29
1622 595
1623 38
1623 537
287 664
287 503
287 1236
287 86
287 32
1150 1237
1150 1238
1150 1239
1150 51
453 36
453 320
1108 112
1108 51
1108 279
717 241
717 42
438 198
203 1224
203 222
1624 506
1624 438
1625 417
500 1209
1626 656
1627 348
1227 175
1124 24
1628 907
851 13
219 305
219 13
219 246
219 403
1629 416
1197 14
464 1240
464 510
400 172
656 265
656 429
656 38
470 1241
470 145
470 641
875 560
528 317
1098 746
1077 1242
1077 505
1077 122
1077 23
1077 316
1077 312
1630 859
1630 796
672 338
1631 10
775 1243
1235 1244
948 931
948 1245
948 145
948 467
948 948
507 1246
507 160
1632 280
147 971
147 115
1074 663
1074 325
1074 3
633 1247
633 1248
1633 207
1634 257
1635 13
1635 53
45 546
45 618
746 115
746 1098
746 828
318 813
318 42
318 314
318 27
318 129
318 167
318 136
318 1221
318 279
318 1249
318 120
291 238
291 1250
291 790
1636 379
1636 1251
978 247
1216 65
1216 160
1637 587
1637 1252
1637 173
811 1253
637 148
1638 1121
677 13
677 403
1639 115
1640 410
1177 429
1177 1211
1044 1254
1044 19
1044 1255
1044 61
181 137
181 983
181 663
181 130
181 145
181 23
1641 868
246 798
246 778
246 562
246 388
246 219
246 243
634 1247
418 13
418 104
418 319
1047 1256
1047 738
1642 113
1205 135
1643 1140
1643 625
602 46
1224 584
1224 51
1224 203
58 13
58 676
679 664
679 1257
679 1258
679 1080
973 49
536 439
911 568
654 1259
654 1126
1644 1193
22 1260
707 333
553 409
553 999
440 1261
440 30
440 104
440 422
779 13
779 378
779 51
1645 935
1645 409
1645 145
1100 29
1646 600
112 10
112 226
112 334
106 29
106 297
699 1262
699 859
699 266
699 557
699 1053
1647 562
741 1046
741 85
741 125
741 1263
741 796
741 1264
109 565
1019 1265
256 331
256 59
256 1266
256 1267
1648 20
1069 229
1069 168
1649 135
1060 392
1060 377
1060 864
670 24
1213 1268
1213 269
205 222
575 270
575 233
1650 39
121 35
121 1269
121 994
121 319
1118 1270
1118 313
1023 183
588 919
1651 1271
1652 279
1652 337
834 13
530 148
530 13
1653 413
1653 10
649 1272
649 127
649 347
432 829
432 1273
432 613
432 914
432 1274
432 428
432 736
432 1192
432 1275
432 1276
432 537
432 1277
432 751
432 338
432 199
1038 1278
1654 1279
870 276
1655 1262
1034 925
813 1280
813 121
813 1281
813 1282
813 318
813 316
813 1283
469 511
367 378
367 114
552 999
62 1149
62 6
312 970
312 160
312 526
312 1077
312 241
312 317
312 23
312 31
312 155
1656 195
270 54
972 49
168 467
168 345
168 135
168 1284
168 71
168 164
168 41
168 1285
168 352
168 745
168 101
168 156
168 430
168 1099
168 142
168 648
168 1286
168 1069
168 815
168 20
168 436
168 483
168 13
168 259
168 30
168 87
168 703
168 23
168 1287
168 1288
168 90
168 549
168 948
168 340
168 800
168 320
168 1029
