817 0
578 1
44 2
85 3
844 4
844 5
1185 6
230 6
230 7
230 8
1171 9
105 10
105 11
1027 12
1054 13
679 14
554 15
1186 16
1186 17
1187 18
1175 19
323 20
323 21
323 22
323 23
323 24
323 25
624 26
624 27
624 28
624 29
624 30
264 31
1188 32
192 33
2 3
2 34
2 35
2 36
2 37
2 38
2 39
2 40
2 41
2 42
2 43
2 44
2 45
2 16
2 46
221 47
221 18
221 48
1189 25
1190 6
161 37
161 49
161 23
161 50
161 18
849 51
849 52
1140 53
805 53
140 54
140 55
140 56
140 57
140 15
140 58
1191 59
888 9
1192 60
1193 61
1194 62
1195 63
990 64
1196 65
1196 66
907 67
498 68
1197 69
316 70
316 71
803 72
568 73
568 66
568 74
1198 75
1198 76
91 77
91 78
949 79
1199 80
629 15
771 81
771 58
771 82
512 83
697 84
3 85
3 86
3 87
3 88
3 89
1200 90
1154 91
1201 92
390 93
390 94
390 95
59 96
1202 97
1203 98
246 31
246 99
246 36
551 100
551 15
551 101
1204 21
107 102
107 103
107 104
1205 105
1205 93
103 106
103 107
103 108
103 109
103 3
103 110
103 8
103 111
784 112
784 113
1206 68
1207 1
1208 114
1209 115
851 116
1167 117
723 118
723 119
723 113
226 120
561 121
183 91
1183 122
1183 123
1017 124
589 40
589 125
589 126
1210 127
477 128
477 129
477 58
477 130
477 131
509 132
509 133
129 13
641 134
641 2
262 135
262 69
262 136
262 137
262 86
262 116
262 7
262 138
262 139
262 140
262 141
262 142
262 143
262 3
262 144
262 145
262 146
262 147
262 148
518 149
518 150
23 151
23 152
23 153
23 154
23 155
23 37
23 156
23 157
23 52
23 158
23 159
23 160
23 161
23 162
23 44
23 163
23 16
23 164
23 18
23 50
814 60
1211 165
106 166
556 39
1212 167
951 168
1213 169
1214 170
328 171
560 22
560 172
560 173
980 174
980 175
788 176
788 28
788 177
788 52
361 178
361 179
361 180
361 181
361 182
916 77
916 183
369 162
369 6
104 107
273 184
273 185
273 186
273 60
273 187
273 2
197 188
197 189
197 33
197 190
197 191
197 192
1215 18
1012 193
451 56
451 194
1216 195
1216 196
1216 36
638 197
1217 198
926 191
1218 199
1031 200
48 90
1219 201
1219 202
1220 203
668 204
668 6
668 146
57 71
57 205
57 206
57 207
57 208
57 58
57 16
57 15
57 140
57 209
57 210
57 211
57 212
57 60
57 213
57 214
57 83
57 215
57 216
57 217
57 112
57 13
57 218
57 9
57 219
57 220
47 221
47 222
47 112
511 223
120 224
120 225
120 88
120 226
8 227
8 228
8 229
8 230
8 231
1221 232
971 233
971 234
593 235
593 99
593 236
755 237
1122 238
1222 239
676 74
378 127
718 240
577 139
1223 66
535 167
535 241
548 242
548 243
548 234
977 244
72 245
1224 246
344 247
1 6
1 248
1 249
1 250
1 251
1 222
309 33
1062 16
1062 174
1062 252
1225 253
1225 254
1225 255
1225 256
834 257
1226 258
418 259
418 260
374 18
374 261
144 69
144 262
379 116
379 263
379 127
31 127
31 264
546 265
546 77
546 266
546 267
546 268
546 269
517 270
517 216
517 271
517 158
517 272
517 273
517 274
1227 275
1228 199
1229 17
579 276
579 277
472 278
983 66
1053 279
1230 280
208 15
1019 142
1002 269
1231 281
617 25
150 282
150 283
150 131
449 284
1232 285
320 29
445 234
445 38
445 286
445 287
445 18
445 288
1233 289
770 290
770 58
156 291
156 292
156 23
156 25
1234 61
298 293
298 165
298 294
298 295
881 296
1235 297
294 34
294 298
923 299
657 300
1236 301
1237 302
313 215
1090 303
1238 304
154 234
154 23
154 89
397 303
397 305
397 306
1239 307
1240 2
186 273
186 178
186 308
186 309
186 310
186 311
215 312
215 243
215 57
215 198
215 105
215 218
215 313
520 314
520 315
520 316
520 317
520 29
520 15
520 112
520 70
520 318
520 319
520 320
1241 36
24 321
24 322
24 323
171 324
171 325
171 326
171 29
171 327
171 53
171 328
171 329
566 200
566 66
566 235
566 48
114 330
114 311
114 331
114 332
114 101
1142 333
212 334
212 335
212 336
212 337
837 338
837 6
837 339
921 340
921 219
921 341
1242 342
725 325
744 343
416 149
416 134
416 11
416 198
416 148
247 344
1067 345
1067 346
768 86
768 58
1243 317
943 347
696 348
399 349
464 115
787 350
508 34
1244 16
1036 234
1036 351
919 352
1046 326
1245 16
359 317
359 353
359 354
359 58
334 355
334 356
334 51
334 133
334 357
334 319
387 358
387 359
387 22
387 360
387 49
387 361
387 90
387 234
387 1
387 213
387 362
387 363
387 364
387 365
387 366
211 57
211 88
957 367
957 22
6 368
6 369
6 370
6 231
1246 285
1247 371
656 279
656 372
656 112
1248 49
1249 317
261 16
261 373
261 374
261 375
261 245
127 376
127 377
127 124
127 378
127 379
127 157
127 380
127 381
127 382
127 234
127 16
127 383
127 193
127 384
570 234
570 385
570 66
250 386
250 387
250 251
250 303
250 388
250 348
746 389
746 390
820 391
820 392
555 39
555 201
852 29
1250 393
1250 394
1251 395
1252 170
168 396
305 397
305 94
1253 398
349 399
1254 129
43 90
43 22
43 400
43 401
43 285
1255 402
425 234
425 255
425 116
425 15
425 90
425 403
425 404
425 405
425 91
425 406
425 407
228 26
228 408
228 8
228 231
909 409
1256 410
1094 411
1094 303
1094 412
993 413
1044 414
1044 415
1044 416
1044 417
1044 418
1044 61
283 150
283 419
283 420
610 303
1083 51
1083 421
164 422
164 74
164 127
164 423
1257 3
1092 303
1092 234
1092 286
1092 387
1005 424
1005 255
1258 112
1259 354
89 23
89 3
89 176
89 405
89 115
89 425
89 426
859 286
1260 427
767 58
1134 428
227 429
227 397
227 162
227 360
227 430
227 8
227 431
585 432
585 387
585 433
585 434
585 435
585 436
585 109
1261 437
902 152
902 438
902 439
329 23
329 440
329 255
1262 278
928 112
928 441
928 442
1168 443
287 213
287 167
287 444
287 445
312 11
312 202
312 446
819 258
896 447
450 115
720 448
720 326
720 38
720 351
847 301
1263 393
284 449
1264 450
56 451
56 140
894 452
684 453
1265 454
615 423
615 455
615 456
615 244
615 457
615 458
615 459
615 127
205 83
205 57
1266 21
115 460
115 461
115 462
115 89
115 463
115 97
115 464
115 90
115 465
115 35
115 466
115 467
333 38
333 468
333 13
333 469
333 194
333 470
333 99
632 460
632 285
278 212
278 291
278 471
278 472
683 392
244 139
244 22
244 206
244 5
244 58
244 222
244 473
737 474
737 475
131 476
131 477
131 478
131 479
729 480
729 481
729 482
729 13
729 234
1267 483
1267 58
1268 484
97 115
97 485
815 60
1269 6
496 486
496 487
229 8
1270 488
1271 489
777 490
777 491
553 15
553 66
612 492
441 281
441 493
0 494
0 495
486 496
363 387
363 236
1272 418
307 497
302 498
1116 430
818 392
1273 499
1274 221
249 500
249 501
249 454
249 250
249 251
249 1
975 94
1074 337
1074 319
1275 502
75 503
75 89
886 504
368 6
659 234
659 505
1276 506
885 68
885 462
769 58
1277 507
1277 508
132 509
102 9
1278 451
1081 51
223 84
223 510
223 511
83 512
83 513
83 198
964 514
964 234
717 373
216 515
216 516
216 57
216 517
149 93
149 518
149 29
149 519
149 520
149 128
178 225
178 521
178 522
178 523
178 524
178 186
178 112
178 361
178 525
178 9
178 81
178 181
178 526
178 527
280 51
280 178
1178 38
281 207
281 241
281 528
1151 152
523 9
523 178
643 317
643 22
643 529
533 530
533 531
533 150
377 234
377 316
377 127
1059 532
806 90
878 85
122 533
122 176
122 134
241 534
241 535
241 18
241 281
954 536
954 446
1279 63
1280 308
1112 16
1112 537
515 538
515 15
606 317
606 167
606 18
708 305
708 254
708 539
708 122
1281 60
1282 491
645 540
1283 165
1283 541
1283 65
1283 542
1284 543
1285 113
308 79
308 231
308 359
308 544
308 101
308 186
308 422
308 426
308 427
308 393
1286 23
265 545
265 77
265 546
243 234
243 547
243 548
243 423
243 88
243 112
243 549
243 242
243 303
243 485
243 215
730 53
730 480
722 550
722 119
1015 189
15 50
15 88
15 112
15 57
15 212
15 520
15 551
15 425
15 552
15 553
15 554
15 148
1287 441
1288 297
1289 325
1072 337
39 426
39 555
39 176
39 556
324 557
22 558
22 234
22 317
22 559
22 244
22 43
22 325
22 358
22 238
22 560
22 492
678 561
1180 194
1290 562
1291 91
751 563
754 564
220 16
220 524
220 90
220 206
1292 565
884 91
884 542
66 566
66 567
66 568
66 569
66 160
66 570
66 179
66 542
66 571
66 115
66 553
66 572
799 198
574 38
270 390
695 573
695 526
1293 574
530 533
530 112
732 575
732 167
732 31
732 576
732 577
732 578
732 579
170 63
665 580
665 581
665 162
665 582
665 583
665 498
665 99
665 584
513 512
1294 127
1034 436
1034 585
674 586
674 392
807 90
807 587
807 172
1295 588
1296 204
1297 31
934 589
934 590
267 546
1298 74
182 361
1299 591
99 21
99 246
99 592
99 593
99 234
99 594
99 583
99 113
99 333
10 105
10 414
10 595
10 22
1184 596
1300 597
1300 13
1301 533
18 598
18 539
18 599
18 600
18 601
18 602
18 350
18 374
18 603
18 604
18 176
18 209
18 605
18 410
18 213
18 606
18 445
18 50
18 607
18 608
18 528
18 609
18 443
407 425
1302 392
740 79
740 234
740 584
631 245
631 179
631 63
931 282
931 283
626 367
626 99
626 365
381 152
381 50
381 134
381 610
381 318
381 611
381 127
1102 303
421 51
421 303
1135 612
1135 613
1135 614
456 615
456 616
703 539
703 407
1303 617
430 134
430 227
430 15
766 58
1304 3
1115 618
476 619
476 620
1008 151
395 367
395 387
395 621
1045 622
1305 325
1305 623
1305 65
1097 303
1306 300
30 624
1041 389
365 625
365 37
365 387
365 491
365 626
427 159
427 627
427 153
427 337
427 231
1307 628
335 629
335 212
63 630
63 217
63 90
63 631
1308 207
460 115
460 632
1064 33
1309 281
1310 20
635 633
635 601
635 634
635 438
635 635
635 198
635 636
635 61
635 637
1089 303
525 178
525 521
1311 392
1098 303
1098 638
1098 312
1312 639
1313 440
468 640
1314 641
209 642
209 57
209 18
1172 231
1001 643
545 20
545 539
545 265
545 644
545 90
545 479
958 367
1315 645
660 646
660 18
660 82
188 593
50 152
50 23
50 15
50 162
50 381
50 18
935 18
840 647
840 347
1316 648
1125 649
1125 467
1317 638
165 34
165 650
165 651
165 156
165 652
165 594
165 394
1158 653
372 460
372 654
372 655
372 112
372 656
826 414
1318 623
1318 657
505 658
505 659
762 16
762 561
1319 660
872 661
743 431
25 662
25 617
25 46
25 323
1320 22
65 663
65 664
1321 665
1321 666
1322 51
507 3
899 667
457 317
457 16
268 546
146 392
146 668
146 262
146 58
146 669
1323 40
1323 670
423 514
423 153
423 671
423 243
423 615
423 672
423 400
423 673
423 401
994 413
1324 17
586 674
586 675
1325 34
74 676
74 164
74 646
1326 80
1327 319
1328 556
1018 677
1018 167
1018 17
1018 678
1329 679
739 245
739 16
739 111
890 9
73 568
1131 680
544 308
502 31
1330 429
1161 160
453 681
453 355
453 101
453 682
453 683
453 90
453 684
453 235
453 127
1182 9
1182 585
636 610
584 685
1100 686
1100 303
1100 687
1124 604
1124 309
1124 688
218 212
218 215
218 689
218 57
1331 587
444 287
759 690
962 691
1332 101
245 488
245 692
245 631
245 261
1333 269
519 149
519 693
519 130
1334 694
670 300
1335 88
1336 695
348 696
348 250
84 204
84 223
84 36
84 697
654 372
1337 698
1337 699
1338 16
1163 700
55 392
1339 539
1340 701
426 176
426 39
426 89
1341 10
598 702
539 703
539 704
539 705
539 325
539 89
539 545
539 58
539 689
539 706
539 707
539 708
913 709
1342 244
726 492
1343 572
1343 487
516 33
516 77
516 593
516 22
516 74
516 9
516 482
516 572
521 525
938 710
938 711
938 712
489 713
489 2
649 314
763 16
763 259
163 16
967 714
967 234
124 127
274 303
979 715
821 716
821 392
848 474
1344 717
118 317
118 497
1345 245
1345 718
1345 719
119 227
119 720
119 721
119 722
119 479
119 723
1346 243
448 720
448 551
34 165
34 508
325 539
325 387
325 724
325 725
325 726
325 22
325 682
325 385
325 171
325 91
325 392
325 727
1024 137
1347 433
981 728
981 435
480 729
480 730
1348 666
100 551
944 347
202 91
332 6
1349 38
1143 53
1143 731
756 651
756 90
756 504
26 228
576 732
1350 300
194 451
194 33
194 285
194 680
194 733
194 333
194 467
224 734
224 735
224 58
224 159
1351 736
506 172
20 675
20 323
475 737
1352 176
138 262
138 18
974 285
779 738
1108 594
1108 238
1108 127
1353 199
111 16
111 739
1354 227
289 466
920 352
920 740
920 189
920 741
702 598
702 742
431 743
431 337
1355 101
343 51
343 88
343 744
343 745
343 282
343 746
1356 23
1356 747
1357 115
36 748
36 480
36 255
36 749
36 77
36 223
36 337
36 84
36 436
36 482
1358 539
973 750
672 423
1359 88
62 23
492 282
169 751
169 9
169 523
459 221
459 133
1360 678
813 752
1361 200
734 224
892 9
892 753
564 754
1362 488
237 275
237 31
237 187
237 704
237 755
237 467
648 393
648 333
1363 680
185 273
651 53
651 756
1364 757
1176 659
621 395
621 187
742 94
1058 179
1058 418
1365 758
633 200
633 601
358 383
358 497
358 646
358 587
690 759
1366 91
1366 387
1367 220
410 760
410 18
410 761
778 490
1368 700
790 51
275 762
259 179
259 763
376 764
376 285
868 765
362 387
362 257
133 422
1033 585
58 766
58 224
58 767
58 768
58 769
58 770
58 101
58 146
58 308
58 771
58 359
58 112
58 244
58 528
58 140
58 477
58 772
58 392
58 231
596 107
596 773
596 774
596 57
596 584
836 775
836 776
1369 112
490 777
490 778
69 144
69 262
738 779
738 701
1011 3
435 255
7 720
7 230
7 780
1370 111
522 686
522 178
522 767
1371 423
112 523
112 58
112 16
112 98
112 372
112 781
112 653
112 15
112 520
112 782
112 375
112 783
112 784
112 57
112 47
112 337
112 386
112 367
112 181
112 1
112 255
112 178
112 528
112 785
112 603
112 656
785 112
1117 786
1372 51
350 787
299 242
206 317
206 57
206 63
206 244
206 347
206 16
206 220
1373 434
591 129
1374 6
177 788
749 6
749 789
749 36
895 447
895 74
463 115
510 84
510 223
375 380
375 790
375 261
616 456
1145 319
912 791
912 792
912 6
875 793
875 794
693 303
693 795
693 519
526 796
571 234
571 797
571 66
571 382
571 431
198 798
198 88
198 635
198 799
198 800
198 58
198 83
198 215
198 801
685 584
1071 337
1375 132
1376 53
1377 802
1377 445
1378 90
90 40
90 803
90 804
90 39
90 546
90 194
90 16
90 805
90 245
90 72
90 806
90 206
90 545
90 115
90 196
90 127
90 48
90 317
90 807
90 808
90 756
90 809
90 43
90 63
90 380
90 586
90 220
689 539
987 255
987 431
1379 180
625 626
625 810
625 750
625 479
625 9
625 365
625 811
388 812
748 562
748 36
939 236
752 798
752 813
60 71
60 10
60 88
60 814
60 815
60 2
780 89
887 680
887 663
1380 66
336 212
336 675
336 816
495 817
392 818
392 819
392 55
392 325
392 571
392 31
392 683
392 820
392 122
392 821
392 58
392 303
392 391
392 822
392 674
392 658
392 148
392 363
1381 514
1382 51
1382 221
599 18
1383 528
1384 823
1384 607
1384 101
986 534
986 255
497 824
497 118
933 80
1014 430
157 23
157 127
1385 825
485 243
485 97
485 802
1386 16
1386 374
414 400
414 10
414 479
414 826
433 145
1387 6
1387 827
1387 101
1387 29
1387 179
1387 828
1387 488
978 21
978 829
978 830
978 831
978 303
978 23
71 316
71 699
71 832
71 814
71 180
71 441
71 833
1388 127
953 1
953 446
1389 25
257 362
257 834
257 31
257 48
901 667
291 686
291 35
291 793
613 835
911 18
1390 16
1390 74
1390 101
466 115
466 34
466 528
466 836
466 776
339 837
339 838
647 93
647 839
647 840
647 578
647 254
380 841
380 134
380 842
380 172
380 90
380 381
380 843
716 821
5 844
5 845
5 846
5 244
42 89
715 21
301 847
301 60
474 737
474 9
474 848
52 352
52 20
52 788
52 23
52 849
925 850
384 234
384 127
1091 303
116 93
116 425
116 22
116 262
116 851
134 234
134 51
134 112
134 380
134 555
134 416
134 430
29 101
29 852
29 853
29 282
29 624
29 520
29 171
682 325
682 453
682 10
682 29
286 854
286 51
286 74
286 257
286 21
286 855
286 308
286 89
286 682
286 115
286 467
286 670
286 801
286 856
286 857
286 234
286 337
286 858
286 445
286 859
286 280
286 860
286 861
1391 798
1392 651
874 272
1393 22
386 862
386 250
386 112
1394 863
293 329
293 298
864 115
864 864
864 865
864 866
864 171
514 423
861 286
642 162
642 209
642 675
1049 867
1049 868
1049 869
1395 225
692 245
692 798
692 870
692 303
601 18
78 312
78 830
78 871
78 56
661 303
661 721
661 736
661 607
661 872
49 387
673 423
1396 873
1397 142
1397 571
1397 828
1397 392
1397 870
1398 729
827 729
827 158
1399 399
1400 298
1401 436
148 102
148 392
148 235
148 262
148 15
1402 186
791 198
272 139
272 874
1403 300
1404 277
1404 48
793 86
793 101
793 51
793 875
793 291
793 572
1405 876
855 234
1406 877
483 16
483 159
900 667
900 178
1407 878
810 625
1408 160
1408 17
1409 675
1043 879
1410 405
1411 488
1412 342
1413 151
727 880
1414 68
296 881
296 699
491 490
491 49
491 777
491 365
897 447
945 347
385 234
1085 51
1085 303
1085 618
1085 52
1085 105
470 255
1013 882
1013 446
195 142
764 883
839 647
1415 23
1415 636
1123 242
1123 238
542 884
1416 220
173 560
356 162
356 334
462 115
462 885
504 886
504 887
504 435
1037 888
1037 889
9 429
9 888
9 890
9 524
9 57
9 88
9 347
9 370
9 625
9 891
9 892
1156 469
1417 399
11 105
11 377
11 63
1418 333
322 303
322 452
322 893
1419 178
1420 732
906 390
906 245
906 53
906 3
906 179
906 234
906 487
906 16
452 21
452 800
452 894
447 895
447 101
447 896
447 897
447 898
447 439
447 310
667 178
667 899
667 900
667 901
1421 25
1422 424
233 3
438 37
438 152
438 162
438 902
438 234
422 903
422 156
422 298
422 775
1138 176
1138 6
1138 650
1138 572
493 904
493 905
1423 198
143 262
1424 708
1425 347
207 281
207 57
1121 801
955 596
1120 906
1120 364
1093 303
1093 387
1426 88
67 907
655 564
1181 908
409 909
409 910
409 911
317 451
317 359
317 22
317 90
317 206
317 457
317 643
317 354
317 401
1427 103
1428 287
81 891
81 45
81 771
1429 912
1429 913
663 680
663 221
663 914
663 65
77 915
77 516
77 6
77 265
77 546
77 916
77 91
77 269
1079 917
352 918
352 919
352 52
352 920
352 374
352 222
891 16
891 9
891 81
219 921
219 57
1430 624
402 225
669 146
1431 18
549 243
792 148
699 922
699 71
932 923
1069 314
1069 618
1069 924
1069 99
1069 479
1069 925
1432 380
856 286
1433 22
191 197
191 926
191 127
439 152
439 447
439 902
439 927
552 22
552 101
552 208
552 15
552 57
442 928
217 63
1095 303
1095 929
1095 724
1095 360
45 117
45 4
45 930
45 6
1133 680
1434 931
1434 932
1434 343
1435 933
1435 101
1113 16
557 162
557 331
1436 234
330 635
330 114
1437 234
1437 427
590 934
110 51
110 75
110 492
454 249
454 508
454 935
454 145
454 936
454 719
454 161
454 251
1030 167
1057 254
963 234
963 392
1438 271
35 291
35 887
812 501
158 162
158 23
158 791
158 827
1439 937
710 938
710 234
236 16
236 939
236 18
972 234
600 423
1440 329
1441 940
1166 941
70 316
347 942
347 346
347 943
347 23
347 944
347 206
347 840
347 638
347 945
347 171
347 946
347 947
347 948
79 740
79 949
866 864
488 950
488 139
82 660
288 951
288 445
833 71
833 18
290 770
1442 220
1443 64
1126 952
1444 194
446 854
446 953
446 16
446 520
446 319
446 954
446 3
446 9
446 782
446 393
1104 303
393 446
1445 690
1445 412
98 257
331 114
331 557
1446 568
109 162
109 168
109 585
1157 76
1447 955
1447 178
1448 212
1173 231
982 956
1449 681
1020 440
408 228
408 642
1450 308
222 798
222 88
222 244
222 47
222 352
222 1
1451 400
1452 78
213 210
213 455
213 57
213 171
213 287
213 303
213 0
213 18
367 957
367 162
367 184
367 958
367 112
234 51
234 455
234 959
234 960
234 961
234 16
234 659
234 242
234 99
234 962
234 21
234 377
234 245
234 742
234 963
234 243
234 385
234 964
234 0
234 127
234 965
234 966
234 23
234 22
234 967
234 43
234 337
234 968
234 425
234 120
234 969
234 970
234 971
234 423
234 871
234 285
234 710
234 392
234 972
794 875
750 973
750 9
1453 199
285 376
285 242
285 974
94 975
94 650
1454 343
1454 89
101 793
101 976
101 89
101 447
101 29
101 90
101 800
101 776
101 853
101 622
101 58
524 977
524 9
620 476
831 978
831 760
21 234
21 979
21 715
21 238
21 978
21 99
139 262
139 488
139 109
108 103
108 6
108 980
478 981
478 131
175 980
314 51
314 11
956 982
830 165
1455 983
646 434
646 74
646 660
646 984
646 985
255 36
255 986
255 112
255 528
255 987
255 425
255 470
240 870
240 435
1456 361
1456 90
1457 23
1128 835
677 988
13 333
13 129
13 397
13 303
13 729
13 470
13 989
13 990
998 325
998 234
681 453
681 622
927 439
214 57
903 53
1048 647
1048 253
536 58
536 954
130 477
1458 370
1170 991
1170 585
196 90
196 488
196 992
883 764
413 993
413 994
714 286
162 460
162 665
162 23
162 557
162 165
162 995
162 257
162 147
162 996
162 488
162 109
162 152
162 663
162 418
162 950
162 658
162 997
162 356
162 6
162 50
162 571
162 438
162 642
162 998
162 369
162 999
1111 1000
529 39
529 1001
269 77
269 1002
269 546
258 465
258 140
1101 303
340 921
201 555
201 202
1459 597
1061 1003
1061 82
1061 607
1460 1004
1461 867
424 221
424 594
424 1005
1462 776
1463 115
960 623
960 1006
321 580
1464 390
151 16
151 1007
151 88
151 1008
1465 488
1465 254
627 427
627 1009
795 693
795 1010
193 115
193 1011
193 1012
193 127
1466 333
1467 84
1467 9
882 1013
1007 16
429 1014
429 227
429 234
189 1015
189 920
189 1016
1468 157
142 793
142 1017
142 1018
142 262
142 90
142 162
142 1019
142 566
440 329
440 850
440 1020
898 447
86 262
1052 200
1082 51
996 646
1051 1021
796 6
796 526
4 844
4 928
824 610
824 286
824 963
54 275
1469 99
1470 140
1096 303
364 387
364 366
809 63
396 168
1471 727
1472 1022
1473 255
1474 1023
1162 95
845 5
845 244
537 16
137 1024
137 262
136 234
136 262
1475 282
1476 1025
797 572
965 1026
12 1027
12 363
266 6
266 546
1477 1028
1478 1014
966 234
540 303
540 71
167 125
167 22
167 1029
167 1030
167 238
167 905
167 287
167 303
167 606
167 535
167 732
1479 67
1035 400
179 21
179 259
179 66
179 361
179 631
179 801
528 234
528 650
528 15
528 112
528 433
528 58
528 3
528 466
391 277
391 674
391 24
391 392
391 820
436 1031
436 224
436 768
436 1032
436 36
436 557
436 1033
436 1034
436 145
436 281
400 1035
400 423
400 414
400 200
400 23
400 63
400 43
400 411
400 16
1480 1036
889 1037
1137 572
1177 38
1177 546
936 308
1481 16
282 150
282 377
282 342
282 343
282 492
282 242
282 1038
1482 1039
1009 627
1483 1040
630 63
389 485
389 1041
1484 325
1484 142
1484 71
1484 583
357 212
357 202
357 334
1485 129
125 563
125 167
125 589
604 930
604 18
1486 588
1486 1042
686 713
686 245
686 571
686 262
686 17
686 168
686 1043
686 0
61 635
61 1044
61 99
61 63
811 102
607 661
607 18
1487 74
318 53
318 651
1488 207
1075 127
622 1045
622 101
93 234
93 692
93 89
93 116
93 647
93 149
93 225
326 1046
326 1047
326 720
326 171
326 56
644 545
644 546
501 812
172 807
172 560
172 506
1489 1048
704 237
704 1049
1490 325
658 162
658 358
658 66
251 1050
251 454
1021 1051
1491 6
1491 381
1491 262
200 1031
200 1052
200 400
757 22
279 1053
1029 103
1029 167
880 727
783 112
701 254
701 738
1492 1054
235 566
235 148
235 700
1493 234
854 159
854 446
254 647
254 1055
254 1056
254 1057
254 701
712 3
712 978
712 938
534 30
534 241
534 649
534 986
260 1058
1056 254
1494 2
1494 244
532 1059
95 390
95 1060
95 131
1003 1061
1003 66
473 647
473 334
1495 623
253 17
174 1062
174 980
432 631
432 1063
432 171
432 585
432 57
210 213
210 57
276 1021
276 579
858 286
858 577
1155 1064
1155 930
1155 33
997 571
997 162
1068 1065
853 29
609 663
609 176
609 18
1103 904
1103 303
1103 938
1103 1066
1164 235
1164 700
1165 298
1496 148
345 1067
1065 1068
924 1069
180 460
180 71
337 246
337 1070
337 36
337 23
337 884
337 1004
337 713
337 454
337 1071
337 286
337 127
337 111
337 1072
337 212
337 234
337 431
337 1006
337 112
337 1073
337 385
337 1074
337 1075
337 1076
306 397
1497 1077
1497 827
1498 56
719 1078
1499 580
1499 303
1499 321
1500 167
1500 8
583 99
772 58
232 565
917 1079
917 76
543 1080
51 134
51 1081
51 11
51 1082
51 1083
51 849
51 699
51 397
51 615
51 1069
51 375
51 1084
51 660
51 3
51 790
51 793
51 234
51 548
51 280
51 421
51 343
51 285
51 1085
51 110
37 161
37 1086
37 2
37 1
37 159
765 535
765 868
1501 1044
1501 1087
303 1088
303 692
303 243
303 661
303 610
303 1089
303 16
303 322
303 1090
303 177
303 1091
303 325
303 986
303 1092
303 682
303 176
303 1093
303 594
303 305
303 1094
303 1095
303 22
303 1096
303 540
303 250
303 1097
303 319
303 213
303 1098
303 693
303 274
303 1099
303 231
303 1100
303 167
303 869
303 1101
303 1102
303 1103
303 244
303 397
303 642
303 1104
303 978
303 1085
303 392
303 421
303 220
401 317
401 16
1502 303
603 426
603 176
603 781
603 112
603 18
1503 254
471 278
594 1105
594 1106
594 165
594 1107
594 1108
594 303
594 424
594 99
594 1109
594 187
1504 1092
1504 23
640 99
1505 60
1506 303
639 16
639 425
639 162
181 361
181 178
181 112
382 51
382 571
382 127
1507 906
1508 1110
1509 1111
961 234
16 1112
16 21
16 795
16 1113
16 206
16 1114
16 762
16 285
16 220
910 909
910 409
153 16
153 242
153 200
153 423
618 1115
1510 242
905 167
905 493
1511 1112
1512 530
1512 714
310 447
310 186
482 729
482 99
482 36
1513 1116
869 1049
869 303
869 979
969 373
969 234
969 34
860 133
503 16
503 75
745 343
1514 870
311 447
1515 66
527 178
786 36
786 587
786 352
786 61
786 1117
786 99
1050 251
804 31
1516 1118
1517 14
1518 15
68 623
68 498
68 1119
481 604
481 21
481 729
481 359
481 1120
41 2
801 179
801 1121
92 651
92 645
1519 254
1519 99
238 21
238 167
238 22
238 238
238 336
238 1122
238 1123
190 197
190 33
688 1124
1016 361
735 605
735 871
1520 171
467 115
467 1125
467 639
467 286
976 101
947 347
1521 306
40 90
40 2
619 476
619 1126
619 150
1522 221
1523 680
1523 1127
666 162
242 243
242 285
781 603
781 112
781 231
1524 16
1524 153
1524 261
835 1128
1129 2
989 13
1525 1129
1525 91
1526 165
1130 1130
1527 488
843 380
843 90
753 892
1528 16
922 699
353 359
1149 158
680 887
680 1131
680 1132
680 159
680 90
680 194
680 1133
428 1134
428 74
614 1135
623 1136
623 1006
623 68
623 960
623 941
1529 186
572 797
572 516
572 1137
572 66
572 58
572 1138
547 243
547 234
547 423
1530 101
292 156
1531 115
782 911
782 1139
782 112
1532 176
915 996
277 391
277 159
277 579
17 686
17 23
53 167
53 1140
53 1141
53 805
53 368
53 651
53 92
53 1142
53 906
53 141
53 730
53 520
53 318
53 58
53 441
53 303
53 1143
53 171
53 127
53 1144
1533 254
319 234
319 334
319 176
319 446
319 520
319 1145
319 1074
319 303
145 433
145 6
145 262
145 454
145 506
1534 1146
1535 1147
871 735
871 1148
455 213
455 615
141 53
141 262
141 513
1536 59
1537 368
1538 1149
709 221
88 9
88 470
88 622
88 15
176 89
176 603
176 39
176 122
176 319
176 426
176 1138
176 18
567 66
611 381
1148 871
152 400
152 50
152 902
152 438
152 631
152 162
152 381
152 18
152 439
152 1150
152 1151
776 16
776 466
776 836
776 101
373 1152
373 18
373 261
420 476
420 283
1099 303
1539 1054
1539 59
499 562
434 646
434 1153
128 676
128 1154
1088 303
33 1064
33 593
33 197
33 192
33 1155
1540 542
850 329
469 199
469 1156
469 333
76 1157
76 917
653 1158
653 112
653 1159
1541 395
1542 879
1542 1160
970 234
1543 495
1078 719
1544 425
587 807
587 9
587 743
587 358
587 786
160 1161
808 317
1545 516
918 325
918 29
304 199
1546 57
1106 594
538 515
405 539
405 89
405 23
405 999
405 1162
405 636
405 425
405 148
700 1163
700 1164
1547 991
1174 879
225 178
225 120
295 165
295 1165
295 298
941 623
941 1166
1548 301
1549 887
870 17
724 325
724 1095
724 488
117 1167
117 235
117 45
559 22
798 222
798 198
605 1168
605 1169
605 735
605 285
1153 830
991 129
991 1170
346 23
1550 667
1550 377
1550 153
1550 1171
231 1172
231 6
231 228
231 308
231 1173
231 58
231 303
231 781
231 8
231 427
1551 4
1551 500
879 302
879 1174
879 870
159 224
159 680
159 277
159 776
728 115
950 488
950 147
19 1175
662 25
1552 118
650 1138
650 165
650 94
650 528
126 1176
550 722
731 441
1553 720
930 604
1554 164
38 720
38 23
38 1177
38 868
38 190
38 91
38 1178
38 1179
38 445
38 333
1555 916
1556 640
1556 639
1556 1180
1556 469
360 20
354 317
354 34
354 234
354 359
354 663
465 140
465 89
908 1181
1139 782
1557 1182
1557 33
370 3
370 9
370 6
123 1183
123 343
239 89
1558 58
929 473
479 40
479 768
479 265
479 545
479 414
479 720
479 894
479 743
479 1184
479 131
479 625
479 1069
479 148
1559 572
