693 0
693 1
460 2
460 3
460 4
460 5
460 6
684 7
1191 8
1192 9
1193 10
506 11
1194 12
521 13
521 14
653 5
708 15
1195 16
12 17
12 18
12 19
12 20
12 21
999 22
1196 23
461 24
1197 25
123 26
777 27
359 28
1198 29
287 30
287 31
287 32
287 33
287 34
408 35
408 36
938 37
938 38
1199 39
603 40
603 41
824 42
824 43
824 44
1200 45
1201 46
1127 47
953 48
953 49
1202 50
726 10
901 51
901 52
715 53
715 54
639 55
1152 56
247 57
1203 50
212 58
1204 59
1176 60
936 61
936 62
402 63
402 64
402 65
1205 12
805 66
1181 67
1181 68
1181 69
1206 41
419 70
419 71
804 1
806 72
806 73
806 74
806 75
542 76
542 77
78 78
45 79
376 80
376 76
81 81
573 82
1207 83
1086 71
1042 84
882 85
882 86
565 76
565 87
565 84
565 88
565 89
565 90
565 91
565 92
565 93
565 94
565 6
565 95
1090 71
699 96
1208 97
272 98
1209 99
109 100
107 101
107 102
107 25
107 103
927 98
927 104
101 40
101 105
101 106
101 107
101 108
100 109
100 110
100 111
100 112
100 90
100 113
100 114
411 115
192 116
192 117
383 118
383 119
363 40
363 73
363 120
363 121
363 122
363 123
363 124
363 125
363 10
363 71
363 90
363 126
363 127
363 128
363 129
363 130
363 27
363 131
363 132
363 133
363 134
312 135
312 136
1210 137
1211 138
1211 139
1115 140
1015 141
364 142
310 143
681 144
681 145
681 146
1170 147
677 38
677 84
318 148
318 131
318 134
318 149
318 150
318 151
318 27
318 152
318 153
318 154
318 155
318 156
318 83
318 84
318 157
318 158
318 159
318 160
318 161
318 162
318 14
318 163
318 164
318 165
318 166
318 167
1110 168
1110 169
1110 170
1073 71
500 171
253 172
330 99
206 173
206 174
206 76
206 175
206 176
206 177
206 178
206 179
206 180
206 181
206 182
206 183
206 184
206 185
206 186
17 12
1186 20
1186 102
453 187
453 188
520 10
400 10
117 189
117 13
117 1
117 190
117 191
117 192
117 10
117 71
117 193
117 194
117 195
117 196
117 197
529 46
529 198
893 199
869 200
869 201
869 112
317 155
317 26
1212 202
649 203
1067 204
369 205
369 206
584 139
1147 207
1147 94
484 208
484 209
496 210
883 90
883 211
1213 212
595 193
595 213
1214 214
428 14
1070 215
1215 216
656 217
656 27
656 9
656 218
1216 219
1216 77
1182 220
1217 111
660 221
660 222
660 223
1218 188
324 224
8 225
8 226
1219 227
1033 228
1033 229
1033 84
778 27
1220 230
346 183
346 231
346 232
1221 233
928 110
928 128
1222 190
1223 234
857 235
857 85
857 236
722 237
722 238
444 90
444 239
444 240
1101 239
120 241
791 114
791 242
791 243
791 244
791 75
791 27
1224 245
1225 203
57 246
57 247
221 248
221 249
221 250
1226 251
347 140
261 49
441 37
1227 84
1228 236
49 252
49 253
49 178
49 254
49 255
49 256
49 257
49 211
49 197
49 258
49 259
49 260
49 261
49 262
49 263
49 184
49 264
49 161
49 121
49 265
49 266
49 267
49 44
49 268
49 269
1229 270
98 271
98 272
98 273
98 274
98 101
98 275
98 276
98 277
98 186
98 56
98 278
518 279
518 227
518 280
518 239
518 281
425 282
739 46
552 283
1230 284
276 285
276 20
276 286
1231 287
92 288
92 28
602 161
1028 144
1028 123
1028 153
1028 84
494 289
494 290
494 291
494 55
591 292
591 293
591 230
591 206
591 294
1232 295
852 296
505 11
505 10
652 222
652 223
385 297
385 298
1099 299
1099 239
1099 300
1233 301
785 27
634 302
398 219
398 303
398 155
398 304
398 305
398 186
398 306
398 268
336 301
336 307
336 191
336 25
336 308
336 71
336 90
336 309
1234 149
135 310
135 311
135 312
288 92
950 84
996 134
996 124
368 313
1189 314
1189 102
1059 64
26 271
26 315
26 316
26 317
26 71
737 46
737 18
154 318
1008 289
1235 40
1235 120
670 106
670 319
1155 320
1155 321
1155 322
1155 323
1155 324
503 325
663 326
962 327
99 328
99 37
99 329
99 161
99 330
99 41
99 331
99 95
944 332
1236 333
1072 292
903 334
1237 335
1237 336
845 337
871 338
1061 64
1238 339
432 340
432 41
432 74
432 341
432 342
432 83
432 3
432 298
432 343
515 344
232 345
232 346
232 347
721 238
846 337
451 188
736 173
736 348
736 349
736 350
736 351
736 296
736 352
736 27
736 353
131 94
131 318
51 302
51 354
51 355
51 256
51 121
51 216
19 222
19 356
913 58
913 357
1175 5
1239 358
562 359
1076 53
1076 360
1076 202
1076 299
1076 361
1076 303
538 10
995 134
1240 11
1240 28
1240 362
130 363
142 364
142 365
142 366
142 367
142 368
975 168
1146 73
1241 369
1241 197
1241 77
427 370
427 13
427 371
427 14
427 112
427 372
427 373
427 27
1065 374
76 37
76 375
76 124
76 376
76 71
76 5
76 202
76 178
76 377
76 95
1242 316
1243 378
1244 84
796 58
796 71
193 379
193 117
193 380
193 381
193 382
1245 37
118 383
382 193
382 384
382 15
297 385
297 386
297 387
297 388
297 389
297 390
182 249
182 206
442 37
442 71
442 27
1246 3
1247 391
678 252
3 392
3 393
3 301
3 394
3 395
3 112
3 68
3 83
3 69
3 396
3 298
1248 397
268 398
646 326
646 46
646 297
646 399
646 400
646 401
646 402
635 84
635 50
635 191
635 403
635 88
635 83
635 404
635 405
635 406
635 222
635 407
635 178
635 165
635 315
635 337
799 27
115 408
115 409
115 410
115 411
115 412
115 413
1249 8
1249 414
1129 415
205 369
523 416
523 61
523 10
523 417
70 37
70 418
70 360
70 419
70 27
70 420
70 421
873 46
1153 422
764 423
764 201
964 84
282 424
282 425
282 426
14 13
14 427
14 428
14 429
14 430
14 33
577 223
256 431
342 432
342 114
342 433
342 112
342 434
342 435
1250 110
1251 326
1252 155
271 436
271 249
37 437
37 149
37 438
37 224
37 439
37 289
37 155
37 99
37 299
37 20
37 262
37 323
37 440
37 441
37 76
37 38
37 41
37 23
37 363
37 442
37 165
37 200
37 11
37 268
380 193
594 443
594 213
240 289
240 444
240 188
700 445
700 446
700 269
1253 447
1254 262
1111 169
1255 224
596 213
1256 244
430 448
430 303
1257 449
1257 90
916 353
916 348
1057 191
366 450
1258 13
1258 445
188 40
188 451
188 106
188 240
188 452
188 453
188 454
188 112
188 455
188 456
188 188
188 27
188 336
188 343
188 457
1259 458
955 459
955 307
262 40
262 37
262 322
262 460
262 461
262 49
262 462
262 463
262 84
707 446
885 464
885 216
465 134
465 465
1260 466
1261 467
669 329
1262 56
1262 8
570 114
570 112
570 142
570 420
570 468
570 200
569 469
569 470
569 363
897 295
631 191
631 471
1263 466
619 472
619 1
619 473
622 474
622 475
622 214
768 476
768 477
768 187
768 478
768 479
768 224
735 13
735 480
735 481
606 277
1264 12
226 482
226 29
226 8
226 304
226 483
209 484
909 286
909 224
767 485
767 321
767 84
714 486
1265 487
566 488
728 489
728 490
728 270
728 491
728 112
728 492
728 27
728 165
728 493
728 304
1266 494
1266 363
266 49
266 495
181 496
181 206
742 191
742 497
742 128
942 110
942 498
526 10
275 299
275 499
275 98
275 41
171 500
171 217
171 501
171 418
171 459
171 327
171 502
171 503
727 489
947 363
947 213
129 504
391 24
1267 56
11 505
11 285
11 37
11 506
11 507
11 508
11 84
11 509
1268 232
1269 81
642 510
642 462
642 55
642 134
642 33
810 117
810 511
682 221
682 126
682 512
682 513
682 514
1094 106
344 515
379 193
379 139
379 516
25 107
25 25
25 336
25 46
25 49
25 214
25 143
25 95
281 517
281 518
1096 106
10 13
10 284
10 519
10 520
10 521
10 522
10 363
10 523
10 400
10 524
10 96
10 525
10 526
10 527
10 528
10 529
10 530
10 507
10 531
10 532
10 533
10 143
10 534
10 535
10 536
10 10
10 537
10 538
10 539
10 315
10 540
10 541
876 46
876 542
748 543
748 10
283 544
283 545
283 512
283 546
283 475
283 547
283 548
283 549
283 550
283 551
283 552
283 44
283 553
283 27
283 554
283 503
283 304
283 269
1270 486
1270 555
1133 292
1133 40
516 379
516 556
153 46
153 557
621 558
621 559
621 304
621 560
172 561
172 36
780 27
1271 562
1272 71
898 563
1273 286
300 98
300 311
638 55
1274 210
771 211
826 285
1160 564
258 49
751 13
1275 10
1276 565
488 566
488 277
112 287
112 567
112 512
112 427
112 568
112 569
112 363
112 570
112 90
112 571
112 342
112 296
112 27
112 389
112 58
112 100
105 101
105 572
82 573
82 574
1277 575
32 576
847 403
847 577
847 337
147 239
894 578
139 579
139 447
139 580
139 581
139 582
139 583
139 48
139 508
139 537
139 259
139 27
139 584
624 585
624 106
1278 27
608 572
1279 586
935 587
994 134
550 304
550 283
910 588
910 589
939 590
1280 337
294 591
241 592
1105 277
213 593
213 18
213 385
213 594
213 595
213 596
213 46
213 27
213 597
763 214
1281 201
1282 512
198 13
198 529
198 427
198 519
198 598
198 537
198 483
198 599
198 524
161 600
161 99
161 36
161 601
161 90
161 299
161 602
161 318
486 27
486 210
486 603
486 41
127 27
127 363
127 604
463 20
463 16
463 84
723 394
1283 222
1284 370
1074 605
163 318
1285 110
378 144
378 275
378 606
378 307
502 171
502 66
837 607
1286 27
1030 214
1030 84
1030 256
626 58
572 608
572 609
572 610
572 611
572 201
572 84
572 105
572 261
830 612
798 27
333 424
333 613
333 614
951 615
1287 616
855 617
855 618
855 84
613 614
613 5
613 333
1288 127
473 49
473 619
560 620
560 621
414 40
414 64
403 622
403 623
403 18
772 27
633 302
633 153
585 624
585 106
585 625
585 124
466 419
466 244
466 512
466 224
466 84
1289 626
360 419
360 1
1290 627
150 318
150 628
687 629
687 630
1291 280
471 321
471 631
302 632
302 51
302 224
302 633
302 634
55 635
55 636
55 637
55 242
55 638
55 639
55 620
55 216
685 46
685 91
685 45
1292 123
680 586
257 49
1161 640
211 641
1293 27
782 27
782 70
875 46
462 642
462 643
462 224
462 84
462 326
462 159
741 40
741 644
401 645
401 646
1294 46
1294 13
840 466
599 13
599 260
1295 7
1296 7
362 509
203 286
203 592
203 647
203 84
203 648
203 27
203 649
842 337
1297 650
1298 651
1299 652
1299 125
1299 111
1299 653
1299 654
1299 440
1299 655
1299 201
1299 238
1300 508
217 500
217 171
217 656
1301 135
1302 657
4 658
4 2
4 460
4 84
4 41
1137 442
1137 27
1137 277
1303 13
650 111
341 432
341 293
222 659
222 660
222 635
222 652
930 565
930 661
668 329
859 662
859 106
859 131
859 363
859 483
859 165
859 389
1304 420
1304 511
326 663
326 106
326 388
33 287
33 13
33 664
33 289
33 665
33 666
33 667
33 90
720 316
513 90
513 124
329 668
329 669
329 99
329 39
536 10
614 5
614 333
1305 389
1107 153
1107 511
319 165
319 670
273 98
1112 671
1306 112
672 672
672 445
1064 569
555 665
531 673
531 10
801 27
1038 84
1125 674
1307 621
1084 675
1031 84
1308 676
1308 677
1309 120
252 678
252 49
1016 293
1016 679
586 680
586 337
969 83
146 681
514 682
514 318
1085 474
1071 683
1310 508
1311 643
113 100
113 20
113 84
111 1
111 684
111 497
111 46
111 117
111 244
111 512
111 685
111 100
407 635
1312 198
1312 100
904 280
1313 686
630 687
691 688
691 689
691 690
749 13
1314 26
689 691
689 692
96 693
96 694
96 695
96 696
96 697
96 219
96 10
96 532
96 83
96 698
96 699
998 249
657 700
371 427
371 701
508 139
410 115
1 117
961 588
1315 702
1316 703
225 8
1317 704
1104 705
1104 706
1318 84
446 56
446 538
446 707
547 283
434 343
434 15
507 11
507 5
507 537
507 10
789 27
1092 106
15 708
15 659
15 155
15 382
15 289
15 434
15 304
15 709
15 710
537 279
537 403
537 362
537 10
537 528
1319 711
1320 712
1320 713
1321 32
1322 714
54 715
54 134
316 716
316 717
316 462
316 718
316 145
316 719
316 457
316 124
316 389
316 720
316 453
316 26
316 603
238 485
238 721
238 722
394 178
394 723
394 3
394 724
394 725
673 726
673 13
673 537
673 481
1323 238
270 727
270 728
429 14
299 271
299 38
299 149
299 161
299 5
299 186
754 729
754 13
396 3
1087 71
861 178
861 730
1324 206
620 291
620 560
620 242
620 558
620 731
620 563
620 55
821 475
641 296
641 732
116 192
116 498
817 58
1023 733
1023 376
1009 734
481 735
481 10
349 736
1325 1
1326 737
125 738
125 71
125 363
125 27
1327 739
1328 740
1083 323
1083 342
1329 10
1330 188
1330 741
1330 7
1330 435
339 742
793 27
976 743
1108 5
654 13
654 198
654 744
654 149
654 58
654 655
654 745
1331 117
1331 44
413 27
413 10
1332 10
392 3
392 746
13 199
13 747
13 520
13 521
13 117
13 748
13 428
13 749
13 729
13 480
13 750
13 751
13 599
13 673
13 752
13 753
13 754
13 735
13 755
13 33
13 427
13 198
13 190
13 481
13 10
13 14
13 756
13 200
87 757
87 565
87 758
87 315
87 84
367 90
367 512
148 318
1043 84
1002 249
1333 389
1334 211
384 382
384 318
858 759
308 760
308 336
731 12
307 18
307 761
307 231
307 762
307 214
307 336
307 763
307 347
423 764
485 765
485 66
485 766
485 767
485 238
1335 210
1336 301
478 562
478 231
478 768
478 769
1337 508
27 635
27 578
27 770
27 355
27 694
27 191
27 771
27 772
27 70
27 773
27 656
27 220
27 89
27 774
27 445
27 775
27 283
27 776
27 691
27 777
27 778
27 779
27 780
27 781
27 782
27 783
27 784
27 418
27 73
27 785
27 786
27 787
27 682
27 58
27 201
27 84
27 788
27 497
27 789
27 5
27 188
27 203
27 94
27 557
27 350
27 388
27 467
27 790
27 791
27 792
27 793
27 213
27 224
27 229
27 794
27 641
27 795
27 736
27 675
27 486
27 348
27 796
27 797
27 798
27 799
27 800
27 363
27 112
27 442
27 279
27 801
27 461
27 802
27 803
27 186
27 239
27 127
27 235
27 318
27 413
195 197
195 268
195 256
377 76
377 198
1338 804
1058 191
511 202
524 10
729 289
729 286
729 13
729 434
729 575
1339 376
906 84
906 21
447 139
348 27
66 805
66 355
66 66
66 806
66 178
66 807
9 218
180 808
180 809
469 569
164 810
864 79
6 460
6 565
6 84
645 46
645 811
645 812
1097 106
1097 326
58 813
58 654
58 27
58 814
58 649
58 655
58 153
58 512
58 815
58 155
58 816
58 212
58 817
58 636
58 818
58 819
58 820
58 821
58 796
58 822
58 823
58 112
58 79
58 626
58 269
1340 74
553 283
648 203
59 186
358 733
358 445
214 25
915 508
710 15
42 824
42 224
285 505
285 815
285 665
285 825
285 826
285 64
285 827
285 828
285 11
1341 70
94 27
94 337
686 10
686 829
1342 117
1343 194
583 538
612 233
612 830
1344 831
397 832
397 833
397 64
397 834
397 835
532 96
532 10
1117 798
1117 836
1117 413
607 837
607 106
607 398
229 392
229 838
229 643
229 703
229 84
229 27
229 332
1345 682
1345 419
1345 440
1345 839
1345 840
337 841
337 635
337 114
337 586
337 842
337 843
337 844
337 823
337 845
337 422
337 277
337 846
337 224
337 847
981 299
981 289
981 606
981 262
593 66
593 590
593 213
41 848
41 37
41 4
41 84
1346 193
1346 79
1006 475
458 487
581 48
311 299
311 300
918 187
992 694
510 636
510 620
510 106
510 642
1347 839
68 3
68 322
68 849
1079 202
296 641
296 850
296 851
296 852
1024 280
1024 88
1024 224
1051 84
468 853
468 487
468 570
468 314
468 854
468 420
468 568
618 855
618 117
1348 856
167 123
1349 277
1350 401
235 635
235 857
1124 187
759 858
110 744
110 321
110 859
110 277
1351 395
1352 319
1353 124
89 27
126 199
126 486
126 682
126 219
126 363
126 24
1188 759
1354 860
1355 11
370 427
1356 861
39 329
1357 621
1358 111
1359 862
47 863
47 647
47 155
47 41
47 83
47 864
47 865
47 279
47 866
47 36
47 168
47 776
47 286
1126 765
784 865
784 27
784 117
784 84
908 867
908 375
908 823
908 84
908 165
908 82
908 868
97 545
201 764
201 201
201 869
445 313
1360 13
1360 224
1053 477
929 112
868 867
868 445
868 870
1361 511
662 859
1362 106
1363 809
1163 311
1364 252
338 871
338 321
1172 747
1172 756
454 141
454 188
388 27
388 297
388 326
46 872
46 873
46 210
46 637
46 874
46 875
46 645
46 739
46 876
46 213
46 149
46 877
46 111
46 878
46 879
46 646
46 880
67 881
1365 362
1366 463
372 427
85 882
85 41
479 883
1367 840
412 115
886 279
886 884
1156 191
464 558
464 563
464 885
1368 558
716 316
695 96
956 7
108 101
108 84
108 28
108 41
551 283
279 286
279 752
279 886
279 191
279 47
279 518
279 537
279 865
279 327
279 887
279 84
279 77
279 888
279 27
279 742
279 889
279 200
279 98
1369 890
1029 165
1029 318
1029 84
1370 616
1370 229
756 519
756 13
756 747
137 199
137 443
1089 71
881 67
732 641
269 891
199 892
199 13
199 112
199 126
199 893
199 137
199 381
578 27
578 894
578 262
578 41
1371 895
1371 203
1371 318
1018 896
1372 232
1372 512
452 538
452 188
1373 397
1374 49
1375 389
1376 558
1377 728
667 28
667 33
149 46
149 897
149 590
149 84
149 318
571 625
1378 274
1378 229
251 168
251 651
776 27
776 47
629 418
629 687
1379 10
563 464
563 512
563 294
563 898
563 424
563 899
563 900
563 194
563 620
563 304
922 901
922 902
1380 403
334 903
334 528
1381 904
140 905
140 336
543 762
543 386
21 696
21 12
21 906
546 907
375 76
375 908
375 656
375 159
1026 487
1382 188
937 424
224 271
224 37
224 302
224 210
224 501
224 909
224 466
224 632
224 910
224 324
224 911
224 27
224 912
224 730
224 209
224 337
357 913
278 98
1383 914
1014 141
386 297
386 620
386 401
386 29
1005 737
1174 915
353 916
353 202
353 736
1384 917
574 326
574 857
187 90
187 918
187 614
187 768
456 111
456 315
456 188
1130 487
818 919
818 169
818 920
818 58
818 84
818 854
44 49
44 268
44 921
44 304
44 71
637 106
637 11
637 52
637 326
637 46
637 187
637 299
637 55
637 922
557 27
557 153
1081 859
1081 486
1103 923
983 924
983 334
983 925
983 528
28 92
28 926
28 108
104 56
104 927
492 728
1036 84
128 165
128 928
128 201
128 363
809 70
103 929
103 107
661 84
661 930
1385 509
1385 586
56 1
56 931
56 932
56 193
56 900
56 933
56 8
56 934
604 127
306 38
306 398
1386 911
587 935
62 936
62 304
424 23
424 937
424 282
424 333
38 299
38 938
38 677
38 37
590 593
590 149
590 939
590 940
590 213
190 518
690 691
690 27
690 941
860 104
860 307
1387 753
86 882
1056 191
498 116
498 942
315 87
315 73
315 10
315 456
315 84
315 503
1388 943
1389 246
1389 606
1389 112
758 944
750 13
750 503
750 190
1390 761
891 269
1391 10
200 286
200 198
200 945
200 844
200 13
200 869
200 946
200 165
200 280
200 756
200 947
155 37
155 641
155 385
155 84
155 210
155 47
155 110
155 398
155 463
155 317
155 298
155 15
155 948
1392 162
143 310
143 295
143 10
1393 75
1041 949
1041 84
980 165
980 558
980 123
980 950
980 318
1394 8
615 951
615 952
615 10
1395 112
1187 929
1187 102
1396 244
990 165
990 752
1012 289
48 508
48 139
48 447
48 953
48 954
459 955
459 171
1397 264
1398 362
244 13
244 765
244 728
244 178
244 956
244 111
244 466
244 501
244 420
244 303
244 957
698 96
1135 183
1135 958
24 959
1399 375
892 894
872 299
872 46
872 43
872 218
853 191
853 468
1400 178
1400 748
512 106
512 682
512 367
512 93
512 31
512 431
512 823
512 112
512 90
512 474
512 466
512 84
512 283
512 563
512 55
512 443
781 27
600 161
1055 570
1055 640
1055 4
1055 41
1401 960
701 371
236 755
236 961
236 857
236 513
755 13
755 236
755 310
1402 740
327 499
327 90
327 962
327 963
327 279
327 964
327 171
327 859
327 948
816 219
816 965
816 58
816 56
816 332
816 821
559 621
178 262
178 76
178 121
178 49
178 83
178 26
504 25
504 363
877 46
889 279
889 70
889 966
987 216
30 712
30 615
304 226
304 967
304 621
304 647
304 728
304 71
304 44
304 550
304 563
304 968
304 62
83 287
83 96
83 635
83 120
83 969
83 453
83 962
83 970
83 380
83 79
83 971
83 194
83 972
83 3
83 362
83 896
83 318
83 337
1403 223
1404 973
1405 179
1406 443
1144 315
1407 161
36 408
36 172
36 974
52 635
1013 289
168 975
168 47
168 761
743 854
743 976
743 429
979 16
184 977
184 20
184 65
1169 389
1169 303
1408 643
1409 106
298 432
298 387
298 292
298 978
298 124
298 3
1080 979
1080 5
968 980
968 304
854 981
854 743
854 468
854 10
1020 262
1410 982
416 523
1411 983
834 638
834 397
834 621
20 286
20 114
20 191
20 865
20 113
20 184
20 22
20 12
1412 1
647 47
647 304
230 403
230 679
160 318
1173 179
1173 31
1173 984
1173 985
1173 986
1173 987
1173 988
1173 989
472 619
1143 73
1151 286
1151 31
589 910
234 511
165 286
165 983
165 106
165 319
165 418
165 728
165 752
165 990
165 489
165 37
165 908
165 991
165 200
165 318
1413 230
1414 299
1069 277
1415 84
495 266
921 44
694 992
694 27
694 96
694 399
887 279
1149 635
1416 8
134 993
134 54
134 642
134 124
134 994
134 995
134 26
134 996
134 318
417 440
1154 321
1417 310
808 180
331 760
331 997
345 443
249 271
249 998
249 999
249 1000
249 289
249 1001
249 1002
249 457
249 84
249 188
249 221
249 1003
249 1004
185 206
1418 77
475 1005
475 622
475 1006
475 545
133 71
343 368
343 434
343 432
95 76
95 1007
95 437
95 712
95 766
95 99
95 6
588 307
1419 939
480 13
480 747
289 729
289 981
289 1008
289 303
289 1009
289 218
289 37
289 1010
289 1011
289 1012
289 1013
289 90
289 249
289 15
289 494
289 33
289 641
1010 289
1066 204
1420 403
766 95
766 104
293 591
900 644
900 563
900 202
1421 216
902 106
902 922
659 222
659 15
65 184
141 865
141 1014
141 454
141 1015
1422 403
829 686
679 230
679 1016
874 46
867 908
867 84
867 868
1423 153
890 892
932 897
932 700
932 56
932 574
932 1017
90 161
90 1018
90 444
90 327
90 367
90 665
90 568
90 363
90 336
90 289
90 249
90 368
90 70
90 565
90 332
90 896
90 33
90 5
1424 1019
1425 54
725 394
431 256
1426 511
1142 73
978 298
1093 106
1427 445
1428 236
1429 444
1047 84
332 816
815 362
1158 679
1158 1020
1430 497
1431 107
575 729
575 178
575 124
265 419
265 1021
265 953
265 1022
1432 299
718 316
145 681
145 578
145 894
145 316
733 1023
63 474
605 590
605 277
88 635
88 565
88 1024
88 355
274 1025
84 191
84 25
84 1026
84 440
84 155
84 784
84 91
84 426
84 804
84 1027
84 46
84 910
84 1028
84 565
84 241
84 363
84 279
84 1029
84 1030
84 572
84 318
84 1031
84 855
84 1032
84 50
84 696
84 697
84 466
84 149
84 6
84 462
84 1033
84 108
84 203
84 1034
84 818
84 4
84 1035
84 1036
84 713
84 381
84 329
84 765
84 590
84 487
84 1037
84 1038
84 1039
84 1040
84 1041
84 661
84 398
84 463
84 113
84 950
84 512
84 600
84 908
84 422
84 643
84 102
84 286
84 1042
84 234
84 315
84 863
84 219
84 906
84 1043
84 417
84 964
84 249
84 399
84 27
84 511
84 728
84 11
84 766
84 787
84 1044
84 710
84 1045
84 262
84 114
84 1046
84 202
84 1047
84 229
84 1048
84 1049
84 1050
84 124
84 1051
84 1052
305 398
878 46
1433 643
1434 46
1435 197
477 1053
477 187
1436 1054
404 406
156 318
967 120
967 304
1437 511
476 1
1438 84
191 635
191 120
191 1055
191 643
191 1056
191 853
191 631
191 483
191 27
191 279
191 117
191 1057
191 5
191 84
191 760
191 165
191 742
191 336
191 20
191 1058
519 198
519 10
519 143
437 37
437 95
926 40
926 28
773 27
64 1059
64 812
64 414
64 980
64 187
64 397
64 402
64 277
64 488
64 1060
64 1061
64 303
692 139
692 689
322 68
194 1062
194 1063
194 95
470 1064
374 1065
952 615
152 545
787 84
940 149
940 590
443 18
443 594
443 345
1439 13
204 452
204 1066
204 1067
415 323
440 165
440 37
440 20
440 84
440 1068
499 275
499 277
943 1069
1068 27
1068 440
1068 656
215 1070
215 269
1011 289
1440 27
1441 1055
1442 611
91 685
91 84
972 280
972 1
1443 1071
497 27
501 171
501 292
501 1072
501 244
501 224
501 625
1444 1073
1444 153
1445 112
320 844
356 19
136 1074
1446 33
1003 249
1003 433
223 660
223 577
202 76
202 1075
202 1076
202 117
202 1077
202 900
202 792
202 353
202 1078
202 511
202 1079
1447 1080
1448 289
1448 1074
1448 633
210 292
210 1081
210 1082
210 214
210 824
1449 3
323 1083
323 415
1450 545
1451 635
744 110
907 284
1452 936
770 27
675 1084
675 120
675 27
474 53
474 512
474 403
474 232
474 656
474 63
474 396
474 1085
474 622
474 402
77 67
77 8
71 76
71 567
71 796
71 428
71 1086
71 99
71 336
71 442
71 1087
71 1088
71 528
71 1089
71 1090
71 304
1453 995
1454 1091
1455 389
313 445
856 61
1456 854
106 1092
106 37
106 585
106 321
106 637
106 670
106 1093
106 1094
106 1095
106 510
106 178
106 1096
106 227
106 1097
106 1098
106 624
106 917
106 165
106 607
1457 20
738 125
730 525
730 861
730 224
730 8
1458 815
1459 892
509 362
644 900
644 741
455 188
260 159
1120 227
295 143
1460 249
1131 487
239 1099
239 1100
239 518
239 46
239 444
239 1101
239 1102
239 16
239 443
239 147
284 10
923 1103
1461 487
355 88
355 121
355 51
355 75
355 256
355 27
1113 291
658 4
706 1104
844 320
752 165
752 198
752 99
752 13
752 368
189 117
1462 1105
775 27
1184 831
851 850
851 296
1166 948
483 226
483 13
483 106
483 206
483 191
483 198
483 1106
483 227
483 1107
483 1108
170 1109
170 1110
779 27
567 919
567 13
567 1111
567 1070
567 71
567 12
567 296
567 622
1463 84
1122 104
671 570
671 1112
558 637
558 464
558 636
558 621
558 560
558 1113
558 980
558 620
1134 443
340 293
786 27
666 33
1464 556
865 286
865 279
865 47
865 112
865 784
865 141
865 43
719 316
1465 508
1465 450
919 307
528 46
528 336
528 71
832 397
79 1114
79 497
79 854
79 45
79 58
1466 756
1467 105
1100 239
1468 184
963 327
1469 10
761 1115
761 1116
761 224
761 251
1007 437
1007 95
974 829
250 221
250 188
53 715
53 474
122 363
1470 429
836 1117
433 1003
433 1118
1471 231
1472 603
1473 0
1171 161
959 24
227 1119
227 106
227 462
227 518
227 483
227 1120
227 299
1474 360
1123 1121
966 279
966 889
381 193
381 742
381 199
381 84
381 77
1475 1000
228 72
228 1033
1121 1122
1121 1123
1121 1124
1121 128
1476 106
674 1125
765 485
765 244
765 1126
765 84
765 224
16 925
1477 105
1478 320
1479 1127
487 116
487 635
487 1128
487 1129
487 76
487 1130
487 463
487 314
487 84
487 1131
487 1026
138 79
1167 1132
1167 303
632 302
783 27
783 5
1078 202
292 501
292 1133
580 139
812 64
812 332
812 94
1480 1134
1481 889
277 1105
277 159
277 704
1037 980
1037 84
879 46
1482 869
1102 239
29 40
29 226
29 297
29 386
540 284
540 10
1483 444
1483 432
958 1135
1119 227
246 57
1109 1136
1109 614
1109 1137
1109 170
664 33
582 139
965 816
991 165
1484 398
1485 31
1486 47
1487 128
862 92
862 1138
291 1113
291 635
291 354
291 494
291 620
291 216
1022 1139
1488 197
420 468
420 513
912 224
522 10
757 944
73 203
73 75
73 1140
73 88
73 1141
73 363
73 1142
73 1143
73 1144
73 277
73 27
73 1145
73 1146
1032 1147
1075 202
1489 1121
1136 509
1490 914
1491 1148
1492 231
1492 155
1492 190
50 403
50 84
393 3
1493 51
1493 216
539 10
448 165
448 1
448 430
1494 1149
309 336
601 161
2 460
2 4
880 46
1004 476
1495 542
1496 40
1496 76
159 1062
159 912
159 318
159 41
159 277
40 8
40 926
40 101
40 741
40 363
40 117
40 445
40 123
40 29
1049 84
1049 417
450 366
301 1150
301 3
301 336
301 210
1497 665
696 96
696 1032
696 84
696 21
866 47
946 750
946 200
31 318
31 1151
1498 1152
467 20
418 27
418 70
418 171
418 100
418 165
850 736
533 10
1499 1076
426 282
426 84
422 831
422 1153
422 420
422 337
321 1154
321 106
321 767
321 1155
321 643
321 110
321 471
321 591
321 338
1500 1156
280 232
280 1
280 1157
286 729
286 203
286 20
286 275
286 869
286 865
286 279
286 485
286 276
286 972
286 1158
286 1159
286 1151
286 299
286 165
286 200
286 1160
640 1161
640 681
361 1076
361 1162
121 355
121 1163
121 363
1501 960
23 424
23 1164
1106 1165
1106 466
1106 277
598 389
598 198
598 355
1502 538
1503 277
948 155
948 1166
948 224
1504 24
1021 265
1001 314
807 66
802 789
709 15
800 832
179 487
179 193
179 12
303 1167
303 289
303 398
303 1168
303 64
303 1169
303 27
303 438
303 1170
1505 1067
683 1071
683 7
1506 1171
1507 289
1508 197
747 13
747 1172
697 96
697 520
697 1
697 106
697 84
843 337
703 229
688 73
688 691
1509 623
982 571
982 117
982 10
1510 599
365 142
255 49
183 206
993 134
985 1173
1511 508
1511 139
1511 1174
1098 106
5 1080
5 76
5 460
5 1
5 90
5 191
5 125
5 613
5 507
5 1175
5 783
5 614
5 27
5 299
5 186
5 1108
5 269
151 318
1512 1000
1513 83
1514 192
1515 518
1139 105
290 494
290 620
290 88
290 218
1516 224
218 987
218 656
218 641
1517 95
1179 83
60 1176
517 806
517 281
482 226
1518 458
527 284
242 620
242 791
242 321
242 55
525 224
525 10
1519 229
1520 165
1521 188
1522 299
1523 5
1524 1177
1524 53
1524 200
1524 10
1524 1178
1044 84
625 571
625 123
625 210
1525 10
1526 794
1062 159
643 191
643 783
643 321
643 84
636 121
636 41
636 655
636 823
636 58
636 55
1095 106
1095 947
835 397
75 806
740 1000
387 298
124 271
124 585
124 316
124 575
124 1179
124 76
124 134
124 84
124 296
124 315
704 277
1527 445
1527 917
762 307
753 10
399 646
399 84
491 1180
69 3
69 1181
186 206
186 398
186 59
186 165
186 299
186 27
186 172
186 98
1528 208
1529 1028
1530 207
568 807
568 90
568 468
568 112
1531 5
724 394
839 110
1532 1076
1533 188
220 1182
1534 332
1535 435
43 872
43 824
760 191
717 893
717 316
114 100
114 84
114 337
231 346
231 336
823 512
823 20
823 375
823 908
823 58
823 1169
823 299
823 121
823 3
823 1108
823 636
823 337
895 102
895 10
831 1183
831 422
831 1184
457 10
457 249
457 188
457 316
1536 925
1040 149
102 512
102 107
102 1185
102 1186
102 1187
102 1001
102 1188
102 1189
102 153
541 10
1183 831
1183 434
1183 1190
884 40
884 886
22 486
1537 753
