1055 0
1303 1
966 2
530 3
530 4
530 5
63 6
63 7
439 8
439 9
368 10
368 11
1208 12
1465 13
13 14
1466 15
1466 16
143 17
143 18
225 19
1467 20
758 21
758 20
758 22
978 23
344 24
1468 25
69 26
69 27
69 28
69 29
69 30
69 31
69 32
69 33
69 34
69 35
69 36
69 37
69 38
69 39
69 40
69 41
69 42
69 43
69 44
69 45
69 46
69 47
69 48
111 49
471 50
471 51
1442 52
971 53
971 54
971 55
266 56
1264 57
564 58
564 59
564 60
564 61
564 62
564 63
1469 64
512 65
1470 66
945 67
945 68
36 69
605 70
1384 71
933 72
933 73
1471 74
1471 75
1472 76
1473 77
1474 78
1474 79
1474 80
1475 81
1286 34
322 82
322 83
322 84
1476 85
1406 86
1168 87
926 88
926 89
926 90
926 91
926 92
926 93
926 94
686 95
686 96
853 97
853 98
28 69
28 37
1477 99
1477 100
1477 20
1403 101
1035 102
534 103
534 104
410 105
410 106
410 107
410 108
1478 109
1478 91
493 110
493 111
493 112
493 113
493 114
493 115
493 116
1479 117
748 118
748 119
1480 44
690 120
1227 121
1481 122
1482 67
1483 123
705 124
834 125
834 57
610 126
610 44
610 48
1484 127
1484 128
775 129
1485 130
984 131
949 132
1486 133
17 134
1061 135
247 136
699 137
699 138
699 139
699 140
30 141
1487 142
1488 143
601 144
498 123
498 37
498 27
35 69
1489 145
1490 146
1491 147
1492 148
1492 149
1492 150
895 136
895 151
895 152
958 153
958 16
958 154
1493 155
539 129
1302 156
1402 101
1010 118
1010 157
231 158
706 44
706 159
768 48
1143 16
1088 160
536 103
1494 161
1045 162
303 163
303 164
303 165
303 166
303 76
1495 167
1398 67
1398 168
1496 169
1496 96
1497 2
293 44
293 170
293 171
293 172
293 136
293 173
293 174
293 175
1498 176
685 88
267 56
1499 177
283 178
283 179
283 180
283 181
283 182
283 183
283 184
283 185
283 186
283 187
283 188
283 189
283 68
283 190
830 69
644 191
1183 192
1183 193
774 194
774 98
774 27
774 195
774 196
774 197
774 62
774 198
774 22
524 127
524 199
253 200
253 201
253 202
253 203
253 136
253 204
253 205
1500 206
1500 207
1152 208
473 209
868 210
572 211
572 212
572 213
572 214
1501 215
1502 216
1502 217
133 218
133 219
133 166
133 220
19 221
19 222
19 223
19 224
19 225
19 226
743 227
1139 228
1122 229
580 214
1503 230
158 231
158 195
158 232
376 233
282 148
282 234
1504 235
1058 236
1255 237
1255 238
349 239
1505 240
1310 241
1506 136
636 44
636 214
636 107
636 57
1507 242
1508 243
1274 44
950 244
950 245
950 246
136 247
136 248
136 249
136 250
136 251
136 71
136 66
136 1
136 252
136 253
136 254
136 49
136 255
136 256
136 257
136 258
136 259
136 260
136 107
136 261
136 262
136 263
136 264
56 265
56 44
56 214
56 266
56 267
56 268
56 269
1509 270
308 271
308 214
308 171
308 27
308 272
308 105
1510 57
1511 273
1512 274
482 275
1513 276
1514 230
1515 228
1516 277
1353 278
1353 279
1437 280
178 119
178 27
178 281
178 282
178 283
857 284
857 285
857 286
599 144
1517 233
1517 117
1038 287
1309 241
1429 288
1518 289
7 290
7 291
7 63
1419 292
1419 293
1419 294
939 295
1179 296
1181 297
1519 298
1520 299
165 265
165 300
165 301
165 211
165 302
165 303
165 304
165 175
1521 58
1522 20
1523 65
1239 60
1239 305
930 306
1524 307
665 308
665 64
665 309
665 289
665 310
665 311
1525 312
1526 63
673 313
673 207
673 314
1426 315
1359 316
248 255
248 136
130 317
130 318
130 319
1074 317
1074 320
671 321
671 322
671 190
671 85
287 323
740 16
1527 324
179 325
179 283
1528 326
835 327
835 187
835 328
835 329
835 66
716 330
716 331
1214 332
528 10
528 333
528 334
528 335
528 336
528 337
528 338
773 339
1373 340
862 341
862 27
862 342
712 289
819 118
24 27
24 343
24 41
24 207
24 344
463 345
463 346
838 347
838 348
1529 349
1530 350
1530 105
1531 351
1411 352
1411 353
371 164
371 354
99 355
99 356
1532 27
1245 357
720 44
720 358
720 359
707 44
707 360
937 361
937 362
937 363
937 57
878 364
821 271
821 365
821 107
11 366
11 367
11 368
11 249
11 369
11 370
650 62
354 371
354 271
354 372
354 373
354 374
354 289
354 262
354 375
354 376
354 85
354 377
1397 378
1533 56
861 379
861 293
1534 380
1379 381
1379 382
1379 66
1379 383
694 163
694 216
45 384
45 385
1535 102
1536 237
1536 386
1537 242
1537 177
1537 387
1537 388
417 228
417 389
1538 390
1539 391
1325 142
1325 86
1325 27
1026 288
289 392
289 393
289 394
289 395
289 354
289 396
1540 195
1541 34
2 310
2 40
2 397
1542 398
472 49
345 1
345 399
345 400
1543 279
1100 401
1544 402
529 357
529 89
529 152
1083 400
850 403
850 352
850 404
850 405
850 406
106 407
106 147
106 408
106 399
106 409
106 301
106 1
106 410
106 411
106 412
106 413
106 49
106 268
106 310
106 154
106 44
106 107
106 414
106 415
106 235
106 416
106 417
1545 1
961 418
553 249
1546 419
1547 420
1547 421
1547 422
325 179
325 423
478 424
1548 425
1025 426
1025 427
1025 121
1025 43
1549 428
1550 429
1551 14
1552 394
890 430
1135 431
1135 432
306 229
1553 40
896 152
896 224
896 433
896 434
1554 435
717 288
717 208
717 436
717 437
717 163
717 49
1435 280
1555 438
1301 1
1301 156
196 127
196 439
691 397
691 440
433 45
833 441
506 442
506 443
1556 328
1557 162
1452 49
291 73
291 38
291 444
291 7
515 127
515 445
515 293
515 358
515 27
559 446
1558 447
1178 349
1178 448
1178 105
148 449
148 450
148 260
148 107
148 315
148 451
148 67
148 452
148 269
148 453
148 376
925 91
802 20
1559 31
392 289
1001 454
1444 455
1444 456
995 272
875 457
1090 301
668 458
668 88
713 323
1283 249
1283 134
1248 459
1248 174
1560 460
1299 461
1299 6
1299 107
1561 462
346 399
346 463
346 9
346 106
1562 271
1056 1
1056 0
1056 464
1056 170
1563 465
1564 103
754 466
754 20
89 449
1395 467
1395 65
1565 355
872 468
1008 20
1008 469
50 470
50 471
1566 353
1567 472
209 473
209 474
785 387
785 475
785 162
785 369
1568 53
1568 476
1569 353
424 72
424 477
424 478
275 136
275 479
275 214
275 480
275 481
275 286
275 482
275 119
275 17
275 483
275 484
1381 485
1381 167
584 214
584 27
1570 0
161 32
161 294
161 486
161 119
416 485
620 487
620 88
620 76
620 125
620 333
620 488
620 489
620 403
891 490
1571 491
84 322
84 152
84 108
867 187
867 233
867 492
113 47
113 493
113 471
518 494
518 26
518 285
518 495
518 496
1269 44
1269 497
123 498
123 499
9 106
9 439
9 346
9 397
9 228
9 235
9 500
9 501
1572 502
511 503
1332 27
1054 452
782 127
1573 472
1087 504
1087 505
1574 506
104 507
752 314
1390 508
1413 293
1413 509
78 510
65 511
65 512
445 513
445 328
445 514
445 515
445 516
445 12
445 274
555 517
555 343
555 163
555 518
555 519
555 520
1314 521
486 161
486 522
1575 350
337 523
337 524
337 525
337 526
337 527
337 528
337 529
337 530
337 531
337 532
103 533
103 288
103 534
103 535
103 536
103 537
852 97
1576 44
1576 100
1577 24
1578 538
385 539
1438 69
1438 540
1579 14
602 72
602 541
602 542
602 214
602 290
602 543
602 142
602 544
602 508
602 545
602 108
1580 76
866 546
866 107
866 547
866 548
1116 72
1116 125
1116 549
1116 27
965 399
965 277
965 301
997 550
997 64
854 44
854 551
854 497
854 251
854 552
753 553
753 249
753 554
520 555
1186 10
1118 328
1118 92
1118 556
1118 557
1118 171
1581 558
446 559
214 72
214 547
214 342
214 560
214 561
214 562
214 563
214 564
214 565
214 566
214 567
214 212
214 568
214 386
214 1
214 569
214 570
214 495
214 318
214 447
214 571
214 160
214 556
214 108
214 572
214 573
214 574
214 575
214 576
214 577
214 578
214 44
214 579
214 56
214 3
214 580
214 581
214 449
214 582
214 583
214 542
214 424
214 584
214 211
214 585
214 172
214 586
214 587
214 588
214 127
214 49
214 589
214 349
214 472
1023 109
1453 49
708 147
708 590
708 591
708 163
708 592
708 338
666 153
666 593
1582 594
1078 44
1078 595
1078 577
1078 596
1078 597
236 555
1114 269
1114 598
144 599
144 53
144 41
144 600
144 80
144 601
604 467
604 460
604 602
604 603
604 604
70 605
70 288
70 606
1583 301
440 60
440 607
1165 379
1165 608
1584 425
1584 352
709 96
709 338
1585 609
1585 610
1586 503
1587 354
1587 144
386 214
386 556
386 386
386 517
386 213
386 576
386 579
386 591
1588 480
1589 611
269 612
269 613
269 266
269 66
269 614
1590 147
1590 363
1590 515
678 279
1591 615
569 60
1592 67
1593 135
290 616
290 617
290 352
290 267
290 618
290 502
290 619
290 63
1594 14
703 383
488 620
765 157
765 621
765 274
765 622
765 164
715 331
750 623
503 511
503 624
1595 424
382 100
382 96
171 425
171 147
171 625
171 135
171 464
171 107
171 27
171 626
171 627
171 127
171 628
171 629
171 303
171 630
171 631
171 49
171 632
1596 530
1319 95
1319 633
1319 271
1104 19
1104 614
1597 634
737 42
737 174
737 369
442 506
1140 271
1140 635
1598 636
402 212
402 44
402 200
402 637
402 638
402 636
402 343
402 639
75 458
100 154
100 640
100 641
1052 576
1599 564
175 173
175 53
175 165
175 112
1380 642
1600 643
502 82
502 136
502 644
855 44
855 645
565 1
565 646
565 214
411 67
411 120
411 154
585 647
585 214
585 27
585 648
585 20
585 207
585 339
585 515
585 649
585 650
585 651
585 652
1040 653
629 654
629 542
629 171
629 655
629 292
629 49
684 271
684 20
684 656
684 657
684 469
684 658
684 659
684 62
684 660
684 295
661 661
661 44
778 127
778 662
310 2
310 663
310 106
310 27
310 1
310 637
310 228
310 268
310 664
310 49
310 665
310 666
310 564
310 320
310 598
489 620
1601 354
80 300
80 144
80 667
458 491
458 75
458 668
458 669
458 670
458 296
1602 671
655 654
655 629
626 171
207 380
207 672
207 220
207 673
207 53
207 485
207 634
207 674
207 675
207 290
207 676
207 127
207 245
207 677
207 624
207 354
207 24
207 94
587 678
500 399
500 9
932 679
932 680
932 121
932 681
1603 50
865 233
865 229
865 31
865 682
865 148
865 12
1391 173
64 681
1169 87
1169 683
551 513
551 328
551 128
271 684
271 341
271 354
271 69
271 685
742 686
742 295
742 505
742 687
742 688
742 689
742 68
742 690
742 474
1604 277
397 44
397 691
397 505
397 107
397 692
397 9
397 195
397 2
397 370
397 295
273 73
1605 276
1606 106
1292 288
1292 200
1292 293
1198 693
216 239
216 694
216 478
1131 695
1131 472
1131 113
1029 160
1607 69
1607 394
40 173
40 1
40 696
40 399
40 211
40 213
41 144
41 24
41 69
746 20
746 162
746 49
799 26
129 239
129 697
129 300
129 127
129 698
140 699
1608 700
1609 419
1610 328
1032 701
979 224
1234 702
383 703
952 579
640 533
640 100
432 704
124 705
124 706
360 707
338 20
338 528
338 708
338 709
474 118
474 473
474 209
1611 354
1089 160
116 493
1288 710
1288 711
633 429
1159 216
1159 468
1159 126
1159 712
1159 78
1159 499
730 118
730 177
730 44
730 255
730 713
730 637
730 122
730 160
730 714
331 715
331 716
1612 293
356 380
1613 652
186 283
437 575
437 717
1153 718
14 719
14 13
43 121
1420 720
1614 721
430 107
430 722
430 628
1263 57
1615 440
1174 73
889 431
889 432
1280 44
1616 27
1396 8
647 723
647 177
647 724
647 632
842 600
4 530
4 238
1617 721
1417 358
1072 554
1072 725
570 147
570 726
570 176
570 1
570 192
570 152
570 727
570 728
788 374
501 1
1375 729
714 301
714 260
714 262
714 721
714 730
714 731
951 355
951 732
951 234
53 425
53 733
53 144
53 728
53 734
53 735
53 48
1618 736
42 737
42 738
42 358
42 69
943 739
672 740
1300 345
1300 156
404 741
404 373
404 742
404 211
404 578
404 743
404 744
849 745
849 406
849 746
1619 403
118 474
118 664
118 747
118 748
118 730
118 176
623 749
623 16
623 176
623 750
363 751
560 214
1620 424
314 752
1621 445
1622 77
88 620
88 668
88 363
23 162
1623 753
1623 754
51 755
51 178
51 471
1624 756
1625 226
20 10
20 97
20 746
20 757
20 469
20 658
20 684
20 758
20 105
20 338
1626 759
213 760
213 386
213 1
213 761
213 40
213 211
213 572
985 72
985 755
985 762
985 178
658 684
658 20
658 469
274 33
274 763
274 685
274 764
274 765
274 328
274 766
48 425
48 147
48 194
48 767
48 53
48 248
48 497
48 768
48 242
48 764
48 769
48 224
48 770
48 744
48 771
48 388
76 772
76 773
76 774
76 214
76 27
916 1
916 20
431 775
1627 678
1037 159
1628 507
1628 104
127 26
127 10
127 776
127 214
127 107
127 777
127 16
127 778
127 130
127 779
127 780
127 781
127 782
127 415
127 783
127 545
1629 279
1046 784
1046 785
408 106
1418 284
438 786
1425 141
29 179
986 262
986 288
986 556
986 787
986 136
986 214
1630 788
1229 789
651 790
1320 26
377 791
377 177
377 354
39 792
39 69
342 44
342 793
342 214
342 794
342 584
342 152
342 634
342 83
342 795
1120 796
1120 20
359 69
359 785
1367 32
185 283
194 48
194 27
194 797
194 798
194 132
901 799
901 1
901 152
901 175
901 520
256 136
137 800
137 801
137 280
137 91
137 293
137 699
137 404
137 397
137 455
137 802
176 803
176 157
176 804
176 805
176 570
176 623
176 307
176 806
176 807
176 154
176 74
176 32
176 118
176 808
176 809
1631 810
558 811
1632 725
688 320
1633 784
295 812
295 44
295 352
295 813
295 67
295 127
295 814
295 684
1223 726
1634 529
389 815
1193 816
1006 44
1635 817
198 774
198 818
1456 783
1253 687
1636 819
1065 162
811 820
1291 821
1291 127
330 822
1637 118
1638 300
422 823
1070 684
1003 824
1003 49
1003 751
413 620
413 726
413 106
413 589
413 359
462 26
462 825
462 826
462 577
1378 66
700 357
700 575
700 389
535 827
535 103
1277 44
257 8
257 136
1639 539
519 828
519 555
519 829
519 830
519 831
1640 832
441 26
441 833
1641 834
327 835
1642 20
1643 147
734 268
734 53
409 277
1644 621
1645 725
783 127
783 836
479 275
1646 275
1646 603
208 717
208 837
813 643
1647 290
348 838
1648 839
1289 200
1649 840
1650 213
1057 761
1057 841
600 31
600 842
600 583
600 20
600 843
1044 844
1044 845
1044 608
1044 846
1357 448
1357 847
1651 385
1652 848
1653 208
1654 435
406 32
406 849
406 850
1655 851
97 852
97 542
97 20
97 853
645 44
645 854
645 855
319 130
1285 15
61 564
911 1
1656 171
1180 856
1657 447
286 857
286 858
286 249
1311 134
1658 27
1659 647
259 859
259 136
1660 860
1661 796
1661 861
496 67
1662 218
1663 858
341 163
341 862
341 537
341 863
233 177
233 126
233 427
233 864
233 107
233 865
233 866
233 867
233 517
233 868
233 162
233 869
801 137
663 310
1664 263
1664 331
1446 870
1130 871
1327 307
1327 27
468 872
468 398
468 873
546 866
562 262
562 874
1665 450
880 875
880 876
364 44
364 877
364 878
3 879
3 449
3 200
3 214
3 37
3 530
1281 249
876 880
595 68
931 881
931 882
634 883
634 884
634 107
634 885
634 207
634 886
634 535
634 887
634 888
634 105
634 596
1666 889
613 127
1667 890
1667 891
1668 415
1669 328
1670 152
1236 892
1671 105
760 893
760 134
760 841
831 173
831 519
1672 328
675 607
1392 173
1392 894
152 895
152 767
152 896
152 84
152 897
152 342
152 756
152 898
152 899
152 570
152 900
152 901
152 529
152 902
152 218
152 148
152 903
152 175
152 904
152 905
1315 226
1069 906
1069 907
1069 908
1069 27
1 237
1 570
1 27
1 792
1 192
1 532
1 517
1 69
1 765
1 238
1 530
1 565
1 909
1 910
1 911
1 120
1 25
1 345
1 912
1 597
1 318
1 585
1 501
1 888
1 913
1 415
1 106
1 914
1 310
1 40
1 96
1 136
1 612
1 213
1 653
1 0
1 105
1 915
1 542
1 214
1 916
1 721
1 119
1 235
1 917
1 918
903 152
1082 919
1082 920
166 133
166 165
1673 164
1674 776
1215 921
1675 299
1676 16
874 922
874 923
874 102
583 44
583 127
220 710
220 133
220 628
220 207
91 817
91 924
91 925
91 66
91 926
1677 147
163 341
163 728
1678 27
379 622
379 861
1679 27
1680 274
957 387
957 927
946 928
946 929
1681 930
882 931
1682 20
728 491
728 275
728 53
728 333
728 681
728 127
728 790
728 163
728 932
73 72
73 933
73 44
73 164
73 273
73 808
396 289
1352 934
1352 935
1683 517
1684 936
1014 696
767 307
767 152
767 27
1076 937
1158 343
1226 121
829 726
829 509
829 519
1101 596
108 211
108 272
108 410
108 84
108 141
988 938
1685 449
77 776
77 214
77 390
77 41
77 939
77 607
77 653
77 796
1686 851
1371 670
786 940
786 162
1687 389
391 941
391 942
1688 739
1688 943
1689 66
1690 944
1691 945
928 946
928 154
1423 117
791 228
791 947
132 948
132 949
132 194
132 540
244 950
347 62
347 838
347 132
1692 476
1431 493
1693 259
1294 105
1294 497
339 773
732 951
732 129
579 952
579 953
962 954
1694 887
1694 48
1695 955
387 956
387 957
387 85
387 785
1696 64
154 958
154 672
154 959
154 106
154 27
154 277
154 411
154 740
154 100
154 960
154 176
954 961
954 962
772 324
772 963
1225 121
1112 869
1112 900
1112 98
1112 964
1112 472
399 8
399 120
399 106
399 1
399 40
399 346
399 397
399 965
399 345
399 292
399 500
399 501
399 966
399 967
399 2
399 156
399 968
1105 969
311 187
1349 970
54 971
54 683
54 175
1270 44
1141 451
279 972
279 973
279 195
279 974
279 975
279 976
1697 977
1698 528
1698 334
1459 978
1459 85
1699 893
1700 717
224 44
224 979
1701 575
1702 980
172 214
172 136
632 425
632 981
632 647
632 127
632 451
369 737
369 44
369 11
369 637
369 982
1703 286
421 95
1704 983
697 424
697 318
131 101
131 984
762 498
762 985
59 60
59 564
679 541
679 986
679 987
679 932
938 988
1705 16
827 535
1207 542
1207 249
1207 706
1207 989
1207 990
1096 308
1096 858
1096 991
191 303
191 644
272 992
272 280
272 171
272 993
272 994
272 542
272 32
272 995
272 996
272 108
550 997
1377 998
454 277
454 959
454 999
454 1000
454 333
454 1001
766 274
795 342
795 637
1019 1002
999 26
999 505
999 333
999 133
999 1003
999 1004
1157 740
1157 322
1157 1005
1157 1006
1157 1007
526 527
589 187
589 328
589 413
1706 846
469 10
469 1008
469 278
469 20
469 1009
469 279
469 628
469 1010
407 106
407 913
776 325
776 77
727 657
727 570
1027 659
1027 1011
696 170
696 1012
696 572
696 40
696 696
696 1013
696 839
696 718
696 1014
384 1015
1707 212
1707 550
1707 241
1707 1016
1707 505
1708 227
563 1017
563 1018
1709 163
755 51
1278 44
1710 20
1710 214
1710 175
1093 756
1093 27
1711 413
1002 1019
1712 123
1713 1020
598 310
598 44
598 1021
598 517
923 874
1714 249
1715 1022
1715 123
1716 1023
1016 28
316 148
316 449
316 746
1717 710
1718 48
1345 1024
1345 27
1719 530
1719 515
1719 27
426 1025
426 69
426 43
94 981
94 288
94 1026
94 107
94 1027
94 1028
94 296
94 1029
94 926
883 634
883 1030
987 21
987 471
1720 519
1721 1031
701 1032
1722 1033
307 767
307 44
307 135
307 176
307 211
307 53
307 324
307 493
307 745
307 542
307 1034
102 260
102 1035
102 874
1330 27
1361 1036
495 214
495 1037
886 634
886 763
886 280
886 85
1172 68
1119 582
1119 187
412 106
1723 402
1427 315
323 287
323 713
323 838
323 1038
323 27
653 212
653 464
653 1039
653 1
653 1040
653 77
653 1041
653 162
653 796
653 557
915 1
915 193
1724 529
983 1042
983 48
162 471
162 494
162 1043
162 549
162 746
162 1044
162 653
162 1045
162 74
162 387
162 613
784 1046
1399 1047
164 303
164 73
1205 1048
1725 508
641 100
662 725
972 279
1268 44
205 203
910 1
910 69
537 163
537 103
1726 321
284 858
683 1049
683 19
683 1050
683 95
683 1051
683 54
576 1052
576 262
576 1053
576 643
603 297
603 27
255 480
255 279
255 136
452 1054
452 281
452 85
1727 493
1329 27
366 11
260 148
260 136
260 102
170 1055
170 52
170 211
170 696
170 293
170 620
170 1056
1146 211
761 213
761 1057
761 841
994 272
453 148
1405 934
594 1058
843 31
843 1059
843 515
843 499
843 600
135 1060
135 403
135 564
135 1061
1728 413
1107 1062
238 1
238 4
1729 635
1730 1063
1731 753
1189 1064
1732 175
1732 49
1732 1065
844 1066
844 653
277 965
277 154
277 740
277 409
277 454
277 1067
277 145
1009 279
1009 1068
1009 469
908 1069
908 154
62 710
62 1070
62 285
335 1031
335 528
1244 398
215 249
46 1071
543 602
1173 67
554 553
554 603
554 1072
1733 938
320 407
320 494
320 1073
320 96
320 688
320 310
320 1074
320 343
320 74
1331 27
1734 497
1111 1075
1111 934
1111 193
1365 18
362 1076
549 1054
549 162
597 301
597 107
597 1
597 1077
597 619
597 1078
628 10
628 1079
628 176
628 220
628 171
628 1080
628 430
628 20
628 769
628 469
628 1081
628 134
628 303
628 809
1735 492
1454 106
1454 49
573 214
616 290
616 245
919 1082
919 540
218 1075
218 44
218 133
218 175
400 345
400 542
400 1083
400 136
400 721
484 275
449 1084
449 214
449 66
449 420
449 1085
449 447
449 1086
449 148
449 3
505 1087
953 579
93 105
160 1088
160 784
160 1089
160 214
160 730
1147 636
927 957
631 618
631 513
1031 190
992 272
301 271
301 165
301 597
301 132
301 965
301 1090
301 1091
1736 1092
756 1093
756 1094
756 280
324 772
324 249
324 587
324 307
704 432
704 51
704 889
5 530
5 1095
991 1096
1737 1097
1738 127
1256 1098
1739 257
803 1099
803 176
914 1
21 758
907 1069
1740 471
1741 1100
1160 854
541 72
541 679
541 602
1323 510
920 1082
298 152
298 107
1012 40
1012 718
1742 1066
1743 269
1080 10
1080 628
1254 271
596 227
596 1101
614 242
614 1102
614 289
614 510
614 349
614 1103
614 1104
614 269
614 1105
614 300
614 1106
614 320
1358 292
222 518
1231 459
1062 1107
1062 1108
1062 280
1209 1109
1209 54
1209 863
1744 783
1745 1110
581 214
1211 212
1211 1001
968 399
968 1
936 769
936 722
1075 1111
1075 218
1075 826
403 135
403 214
403 494
403 96
403 310
403 814
403 620
1746 214
499 27
98 774
98 1112
98 853
429 633
764 14
764 48
964 583
964 1112
1034 180
1034 1113
1034 20
1034 307
1034 54
1034 910
1747 1114
1748 1115
1748 44
1748 439
794 342
419 776
419 353
419 121
1749 480
1197 27
1750 784
1750 1116
556 575
556 1117
556 1118
556 386
556 63
556 262
556 565
556 934
556 141
556 718
556 986
556 331
187 177
187 835
187 856
187 670
187 521
187 1119
187 314
187 589
187 311
796 1040
796 243
796 1120
796 283
1751 239
806 157
229 865
229 172
229 312
229 612
229 1121
229 1122
229 433
1213 374
1216 1123
1752 464
457 35
457 1124
1230 1125
1230 1126
1753 981
1754 487
609 516
609 1000
609 102
637 109
637 44
637 1127
637 497
637 310
637 49
637 795
637 1128
1351 1129
1351 857
1351 682
1366 977
1755 277
1117 63
548 121
548 866
480 974
1407 25
980 700
1272 44
1124 457
188 328
188 283
906 1069
1756 445
1757 44
871 1130
1142 1116
1142 16
1142 49
405 326
405 850
695 1131
695 1132
744 1133
744 719
0 1
0 1055
0 1041
0 697
0 557
652 585
652 1134
652 27
1758 1135
1758 411
1224 353
1224 121
1224 192
1759 1051
1760 425
239 216
239 129
239 510
119 178
119 1136
119 275
119 1
119 524
119 397
119 161
119 748
119 294
119 995
1761 27
388 1137
388 1138
210 228
228 791
228 211
228 9
228 310
228 790
228 417
228 137
228 141
228 1139
1762 1140
1763 431
1764 736
1455 280
1765 505
1766 67
1767 1141
1768 14
1768 13
976 279
976 176
16 491
16 103
16 1142
16 25
16 1
16 497
16 1143
16 623
16 958
16 1144
16 1145
16 296
16 1146
16 1067
16 32
16 658
826 1075
1276 44
881 103
824 1131
824 1003
1060 270
1060 135
1769 657
981 1147
981 1148
981 1149
981 413
981 94
112 212
112 493
1151 1150
1770 1151
974 279
1771 1152
718 556
718 1012
718 696
718 152
718 1153
718 1154
1772 518
1773 1155
1774 820
1190 1156
759 748
759 293
1007 1157
635 27
1775 99
1321 297
1321 605
1321 603
1776 308
1777 1158
317 130
1778 194
126 109
126 233
126 610
126 182
126 107
126 845
126 688
126 1159
184 444
184 135
184 283
245 950
245 616
619 597
619 106
138 699
476 35
1362 235
1362 106
1779 419
1005 783
1005 1157
251 1160
251 103
251 136
251 854
251 256
251 784
251 846
251 1161
1780 1162
1780 277
1780 154
1350 542
1350 1163
1350 280
1350 970
1175 72
1175 44
483 275
1781 333
434 896
434 241
434 1164
434 1165
434 1166
525 337
514 1167
514 445
87 1168
87 471
87 1169
809 22
809 176
1782 1003
361 937
721 1170
721 107
721 1
721 400
721 684
721 714
721 141
721 22
1783 1059
68 26
68 99
68 1171
68 687
68 945
68 1172
68 283
763 274
763 886
72 1173
72 602
72 517
72 561
72 541
72 66
72 1174
72 1116
72 362
72 1175
72 38
72 415
72 933
72 1176
72 985
72 214
72 1177
72 583
72 424
72 394
72 736
72 73
72 1178
856 95
856 1179
856 328
856 187
856 1180
1161 730
297 1181
297 503
297 275
297 603
960 354
960 1182
960 154
491 16
491 27
1784 354
1785 14
1786 1053
611 1131
611 229
611 171
193 1111
193 1183
193 915
1258 395
1258 1027
1258 837
1258 1100
722 1184
722 1185
722 430
1136 119
10 1186
10 1080
10 20
10 368
10 528
10 105
10 1187
1171 68
648 585
1787 1188
592 708
1788 612
1064 1189
1789 419
1156 1190
1156 1117
504 123
504 1074
504 1191
1790 993
487 620
1791 172
1015 326
1202 615
1202 542
183 283
582 177
582 1119
582 214
1312 1192
1312 808
975 279
669 458
669 1193
769 527
769 1194
769 396
769 48
1792 303
1250 415
693 583
693 1195
693 27
693 1196
693 92
693 674
693 780
693 1197
693 1198
1793 1199
851 459
657 727
258 618
258 136
258 560
1219 227
1219 83
1219 1200
1219 6
1794 1201
542 1202
542 147
542 1203
542 1204
542 1205
542 97
542 1206
542 53
542 1207
542 400
542 540
542 272
542 1
542 629
542 214
542 132
1195 1068
1195 289
1187 10
1187 469
1795 504
1464 280
142 602
12 1208
12 614
12 445
12 865
1109 1209
1109 540
281 178
281 452
281 249
281 85
517 555
517 233
517 464
517 386
517 214
517 557
494 958
494 259
1439 333
1439 1068
1796 449
1797 1210
606 70
212 211
212 1211
1099 803
1798 451
1799 147
904 510
904 993
26 8
26 106
26 462
26 53
26 95
26 68
1243 627
1243 994
724 647
181 1212
181 286
181 283
374 44
374 1213
374 752
832 1214
1800 535
921 1215
917 1
790 585
1247 1216
1247 1217
1801 716
107 135
107 1218
107 497
107 397
107 418
107 410
107 298
107 597
107 636
107 106
107 40
107 634
107 1219
107 1220
107 109
107 44
107 505
107 430
107 721
107 269
107 127
107 1078
107 1068
1802 415
90 926
622 515
1803 141
1804 1049
1804 1119
812 660
812 20
812 295
726 44
726 135
726 1221
726 121
726 829
726 1222
726 1223
1296 821
1271 44
121 427
121 1224
121 548
121 1025
121 1225
121 1226
121 1227
121 419
121 932
121 43
436 44
1805 44
1806 1228
1807 27
1000 44
1000 454
789 1229
1050 683
1808 99
825 462
1125 1230
1125 245
1388 781
1388 674
1388 207
1388 1231
1388 131
1388 693
38 72
38 44
38 69
38 234
575 556
575 16
575 700
575 311
575 877
575 49
1809 152
1810 555
1176 574
223 142
1424 395
1811 1232
892 1233
892 1234
892 1235
892 1236
892 1237
892 1238
305 1239
211 212
211 44
211 201
211 1146
211 40
211 165
211 136
211 228
211 1240
211 213
211 1241
211 572
211 108
947 791
1144 16
1144 1242
1812 94
739 1243
739 66
1813 239
1814 1176
398 1244
398 300
398 27
398 578
398 468
398 31
398 32
1815 883
1815 1234
357 529
357 1245
1449 49
1816 102
1817 1246
1818 100
1819 253
1217 1247
1134 652
1134 364
174 737
174 459
174 1248
698 799
698 129
698 1249
990 1207
415 583
415 106
415 170
415 27
415 200
415 797
415 163
415 1197
415 406
415 1250
415 590
415 415
415 1178
1053 576
423 425
423 179
423 85
1820 1155
1821 1251
1822 129
1822 293
1822 1252
1822 1209
1822 48
1822 611
687 661
687 1253
687 120
687 279
687 68
1343 27
1823 604
128 147
1824 1254
1824 1124
1824 639
237 1
237 1255
1098 20
1098 1256
1267 44
837 1257
837 176
837 1258
837 208
837 102
837 1259
837 809
1290 200
1290 180
869 20
425 53
425 44
425 391
425 420
425 48
887 634
887 1260
1127 1261
1127 637
1825 612
1826 214
1826 373
85 452
85 197
85 281
1298 461
798 194
1827 1262
57 1263
57 1264
57 214
57 636
246 44
246 950
1828 325
1829 224
60 59
60 569
60 1239
60 564
745 849
745 1256
624 275
624 249
624 503
624 289
797 194
797 415
1440 1265
372 1052
1218 107
250 136
1335 27
1830 558
110 678
1831 504
523 497
352 249
312 1114
312 229
312 469
312 499
447 214
447 190
1167 514
1167 528
1832 40
1833 136
1834 388
814 96
365 821
365 1266
373 380
373 354
44 147
44 726
44 1267
44 645
44 293
44 637
44 307
44 1268
44 1269
44 425
44 246
44 1270
44 720
44 73
44 1271
44 397
44 173
44 1272
44 854
44 1273
44 38
44 877
44 598
44 1274
44 1275
44 1006
44 810
44 218
44 1276
44 1277
44 224
44 1278
44 56
44 1279
44 706
44 101
44 583
44 610
44 214
44 211
44 364
44 1280
44 1078
249 101
249 363
249 542
249 281
249 326
249 1281
249 774
249 1282
249 286
249 324
249 858
249 553
249 1266
249 624
249 753
249 515
249 1207
249 1283
249 358
1835 1284
15 1285
664 118
664 310
664 748
1836 280
780 216
780 1286
780 1287
780 96
780 78
780 962
780 162
780 1216
780 693
780 413
1837 1204
710 105
710 220
710 1288
200 1289
200 1290
200 280
200 1291
200 1292
200 209
200 1293
200 3
200 415
1838 447
1838 1015
1839 109
1840 740
497 157
497 738
497 107
497 1294
497 16
497 637
497 854
497 1269
497 48
510 239
510 904
1841 494
1842 293
328 277
328 835
328 274
643 1129
643 1295
643 576
1322 557
1049 97
1028 77
1843 147
1145 16
197 1296
197 774
197 85
55 971
1844 1297
1844 783
1844 974
461 1298
461 1299
156 577
156 1300
156 674
156 1301
156 1302
156 399
156 1
450 148
1845 148
1845 851
738 10
738 467
738 478
738 1146
738 1303
738 16
738 497
738 105
738 1304
1846 214
1416 1305
1222 1306
723 647
1097 307
1097 20
1847 480
201 211
201 1095
201 587
201 505
201 253
873 147
1848 491
1849 72
1850 242
1067 16
1067 288
1067 959
1851 583
1851 415
470 50
470 1307
1199 1066
1194 769
375 308
375 647
375 241
304 165
884 634
884 32
884 960
567 214
241 101
241 1308
241 857
241 1309
241 477
241 1310
808 1311
808 1312
808 73
808 570
808 176
34 1313
34 612
34 1286
1852 354
1852 742
1852 743
1081 531
1081 628
692 303
692 397
1853 1314
226 1315
226 835
226 19
941 391
1854 67
1854 1154
1854 790
485 207
485 416
1855 579
1336 27
1138 1081
1138 388
1389 1316
1389 1271
109 1317
109 1318
109 107
109 420
109 1023
109 1319
109 239
109 77
109 1320
109 33
109 472
109 451
1370 211
1856 1321
464 1322
464 612
464 541
464 1323
227 147
227 423
227 113
1024 27
1041 0
1041 653
847 858
394 170
394 289
394 1
394 27
394 792
394 1165
394 635
1857 722
475 105
475 190
475 785
547 214
27 1324
27 1325
27 1326
27 1327
27 1328
27 69
27 31
27 1329
27 178
27 1330
27 123
27 241
27 1331
27 1
27 774
27 1093
27 549
27 1332
27 1197
27 37
27 1333
27 127
27 635
27 1334
27 499
27 498
27 6
27 1335
27 515
27 1336
27 1337
27 154
27 1338
27 1339
27 1340
27 1341
27 767
27 583
27 194
27 1342
27 76
27 584
27 1343
27 1344
27 1345
27 160
27 394
27 1346
27 1347
27 398
27 24
27 926
963 772
963 1348
963 165
963 169
1241 211
922 874
956 387
970 551
970 1349
970 1350
1129 1351
427 233
427 121
935 1352
935 27
1858 241
1457 308
1859 118
822 1206
1860 1171
1860 570
1860 1353
1860 119
1860 1354
1860 604
1860 1355
1860 1356
326 211
326 249
326 340
326 405
326 459
326 1015
180 1034
180 380
612 464
612 1
612 229
612 207
612 34
612 14
448 1357
448 217
448 1178
1861 1006
1862 282
552 6
206 44
1317 505
182 1358
182 283
1863 1072
527 769
527 526
1450 49
677 207
1864 190
199 119
199 524
1865 1359
300 398
418 961
1316 113
1866 569
1867 579
1868 75
948 132
96 1
96 382
96 939
96 780
96 243
96 403
96 1360
151 1361
1869 64
1870 981
1871 609
591 708
858 249
1872 459
1873 413
235 1
235 9
235 1362
1874 1363
1875 491
1875 1364
1434 280
1434 49
1434 416
1876 275
1877 1365
1877 564
1877 214
977 1366
1878 363
32 161
32 1215
32 884
32 1367
32 16
32 272
32 190
32 69
32 406
32 1368
32 214
32 1369
32 176
646 565
1879 495
1880 583
638 402
638 65
770 48
1881 1015
1882 20
1077 597
681 64
681 783
681 932
1462 1183
1462 1370
1462 280
1462 134
670 187
670 1371
670 458
670 283
1883 44
459 1248
459 801
459 326
459 174
459 851
459 1231
1884 539
1884 85
1360 96
1360 41
1885 214
1374 1372
1374 20
340 746
340 1373
1886 497
1887 39
1888 824
1372 1374
729 858
729 1375
1889 1376
736 271
998 636
998 1377
1890 398
792 39
792 394
1891 105
521 1314
521 27
846 1044
846 1206
846 822
232 158
120 1
120 53
120 44
120 1018
120 411
66 449
66 72
66 835
66 91
66 1378
66 134
66 136
66 269
66 739
66 816
66 1379
66 1156
66 48
252 136
1892 528
1048 542
1048 1205
577 26
577 214
577 430
577 1119
577 292
577 1078
577 156
577 722
268 777
268 734
192 1
192 264
192 570
192 913
192 25
989 249
989 316
989 1207
989 785
516 609
516 445
516 162
1460 1132
336 528
1004 999
380 88
265 307
265 56
265 165
265 472
642 758
642 1380
1893 146
969 398
1463 1091
1463 564
1463 214
1463 176
1463 134
749 1381
749 623
1192 466
1192 828
443 498
443 1382
1894 886
1084 715
1020 776
1020 1149
959 277
1166 434
1895 68
334 528
532 1
532 337
1328 27
296 16
296 1383
296 94
702 1234
343 555
343 320
71 1384
71 136
1896 122
913 1
913 407
913 192
1383 1385
1383 296
1383 259
929 398
929 287
929 946
460 1042
1897 555
1094 756
877 44
877 207
1443 607
1206 1386
1206 363
1206 542
1206 822
1206 262
1206 846
1206 1387
1206 693
674 1388
674 693
1898 499
1899 1389
1257 72
1257 26
1257 1390
173 366
173 44
173 831
173 1391
173 40
173 1392
173 175
1279 44
1279 576
557 1322
557 0
557 1118
1900 1393
1102 1394
467 1395
467 738
1021 44
1021 598
1901 999
586 214
1902 1155
159 1037
159 706
839 696
31 398
31 843
31 27
157 1133
157 497
157 176
157 809
1903 155
243 96
22 758
22 774
22 721
22 809
22 176
841 761
8 235
8 501
8 439
8 1396
608 1044
608 1165
18 16
18 143
18 343
1904 217
355 844
355 951
355 350
378 1397
1905 981
1906 431
1906 207
168 1398
1047 1399
101 1400
101 44
101 1104
101 241
101 440
101 307
101 136
101 1401
101 249
101 131
101 1402
101 1403
101 48
1907 408
1908 98
302 200
1909 78
934 1404
934 1405
934 556
934 1111
934 40
934 1352
934 416
1910 56
1121 64
1911 431
639 736
1912 535
561 387
1913 491
1914 91
86 44
86 1141
86 583
86 1131
86 624
86 1406
86 1062
86 1108
902 152
1915 583
420 449
420 425
25 726
25 16
25 517
25 1
25 1146
25 570
25 1407
25 192
25 1408
25 1409
25 1222
25 1410
1085 449
37 635
37 69
37 28
37 27
1273 44
353 419
353 1411
353 1224
1916 53
1917 1412
810 44
1918 1413
1919 1414
1920 431
747 118
996 272
1921 257
507 104
261 1415
261 136
74 320
74 445
74 176
912 1
912 912
1922 1260
1922 57
1305 1416
1305 1404
757 20
1154 40
358 249
358 1417
358 515
358 228
358 69
1018 563
1018 120
481 275
481 1418
292 399
292 1358
292 577
292 629
292 1419
804 127
804 176
1923 1420
1924 43
414 106
1073 1036
1925 354
1925 249
828 1366
828 519
816 1421
816 1193
1926 478
1927 661
1928 1422
848 280
195 774
195 279
195 158
195 397
117 317
117 1423
395 1414
395 1258
395 1424
141 1425
719 14
719 780
1929 163
1386 1206
390 77
278 678
278 469
278 1353
278 974
1123 26
1123 1216
315 148
315 1426
315 1427
114 493
6 147
6 123
288 103
288 1428
288 1067
288 70
288 1292
288 986
288 1429
897 152
1930 1116
1043 661
1043 1430
1043 162
1293 1155
1293 200
1931 85
1932 95
894 1431
1933 1432
105 10
105 738
105 190
105 1433
105 239
105 397
105 300
105 518
105 141
189 283
280 200
280 1036
280 1434
280 1435
280 272
280 854
280 1436
280 1350
280 0
280 1437
280 137
1071 15
1071 64
1071 451
540 1438
540 555
540 16
540 1204
540 728
540 107
540 53
540 1082
540 628
540 132
540 561
540 764
540 69
540 260
95 14
299 1271
676 207
751 363
751 1297
751 1003
1068 1439
1068 1195
1068 1009
1068 975
1068 343
1068 519
1265 1440
1265 25
1934 288
1934 329
1935 621
940 786
1936 1441
1436 280
219 133
219 220
568 214
667 80
52 1442
777 56
777 127
333 999
333 528
333 1439
333 454
333 620
1937 436
607 675
607 1443
607 77
455 1444
455 1445
150 995
1428 288
870 1446
870 458
793 342
993 214
993 1447
993 20
993 78
993 285
993 904
393 354
393 1448
393 289
973 279
49 726
49 111
49 856
49 637
49 1449
49 249
49 1450
49 563
49 1451
49 783
49 241
49 1142
49 866
49 774
49 605
49 643
49 629
49 1003
49 415
49 598
49 575
49 1206
49 106
49 136
49 746
49 776
49 1430
49 380
49 214
49 211
49 1452
49 91
49 1453
49 1454
49 1455
1284 1456
1282 214
1938 718
1938 696
680 932
659 684
659 820
659 838
659 590
477 1457
477 424
477 83
477 241
477 523
1451 1186
618 123
618 214
618 681
618 69
618 31
618 258
1415 1458
1939 508
1059 27
879 103
879 3
1940 1459
1092 1118
1401 101
1132 1460
203 253
262 1206
262 1461
262 576
262 556
262 136
262 562
262 254
262 714
262 354
262 986
1941 27
134 17
134 289
134 1012
134 135
134 564
134 66
134 893
134 89
134 628
134 18
134 191
134 1311
134 1462
134 1379
134 48
134 449
134 610
134 214
134 275
134 1463
134 1464
134 217
1942 1261
1942 32
1287 780
625 171
