1189 0
1189 1
1190 2
718 3
1029 4
120 5
120 6
120 7
120 8
120 9
120 10
120 11
120 12
120 13
120 14
120 15
911 16
810 17
810 18
810 19
80 20
80 21
80 22
471 23
471 24
471 25
471 26
471 27
471 28
471 29
471 30
471 31
673 32
696 33
696 34
696 35
1191 36
1192 37
979 38
557 39
557 40
557 41
283 42
146 43
1193 44
189 45
189 46
189 47
189 48
1194 49
835 50
1195 51
1195 52
1071 53
1196 23
888 54
888 55
1197 56
1197 57
1198 58
721 59
721 60
122 61
122 62
122 63
122 24
122 64
122 65
1199 66
776 32
776 67
499 68
154 69
997 70
839 71
767 32
521 72
521 73
521 32
521 74
715 75
585 76
641 77
641 78
760 32
774 32
774 79
118 80
118 81
118 82
1200 83
1201 84
1202 85
1203 86
1204 87
1027 88
1027 89
1205 60
405 90
1136 17
233 91
233 92
1206 93
495 26
495 94
495 14
690 95
690 96
690 30
690 97
690 98
313 99
313 100
1207 101
255 102
627 97
21 95
21 103
21 104
21 80
455 105
872 106
872 107
885 108
1208 109
1208 110
1209 111
1113 112
1113 113
1113 114
745 115
745 116
82 117
82 118
194 119
12 120
1006 121
863 122
1210 35
431 123
431 23
431 124
431 125
431 126
431 127
431 128
431 129
431 130
335 131
148 132
148 133
148 134
148 135
148 136
148 137
864 61
864 138
1211 139
43 140
43 141
43 142
43 143
43 144
43 145
43 146
43 86
43 97
1177 147
136 148
648 71
394 149
394 106
394 150
1212 151
69 152
69 24
69 153
69 154
1049 155
1049 133
666 156
355 157
355 97
355 158
582 159
1213 160
1213 161
1214 24
1214 53
399 111
747 42
747 61
747 162
747 163
985 151
1168 164
795 152
795 121
1084 165
1215 166
1215 167
1215 168
426 169
426 170
426 171
426 172
426 173
426 0
426 145
426 174
426 175
426 68
526 176
698 177
677 178
1216 179
383 97
916 180
916 70
916 97
916 181
1217 182
1217 35
593 156
593 183
593 30
593 184
593 185
593 130
1218 85
202 186
268 187
268 188
268 61
268 97
659 115
45 189
404 190
404 38
670 191
670 192
670 193
320 89
320 63
513 74
1219 111
788 32
119 194
119 195
1032 196
1220 197
1221 198
539 61
539 199
539 200
539 201
539 41
1144 186
1144 202
47 189
47 46
47 203
47 204
47 48
1222 62
1179 205
1179 16
1179 153
220 206
220 207
220 208
220 209
220 210
220 211
220 97
1223 212
935 213
935 214
935 215
1224 158
973 216
469 217
209 168
209 218
209 219
209 220
209 221
445 24
932 129
932 222
46 189
46 223
46 164
46 47
46 224
46 97
609 225
609 163
1225 226
1148 227
235 86
235 228
235 229
235 230
218 131
218 209
757 23
757 32
316 231
316 17
316 232
316 63
91 103
91 233
1226 234
622 61
622 164
622 184
1227 235
652 236
652 237
1228 238
1228 239
7 151
98 168
597 113
597 240
613 241
613 242
613 129
613 243
450 244
1053 67
1229 91
524 38
524 245
524 21
524 209
524 246
524 247
438 115
438 32
274 248
274 249
274 250
274 184
1230 118
1231 251
1231 90
1231 252
1232 253
1232 35
1232 254
109 10
102 223
102 255
85 121
85 256
902 257
123 90
123 258
123 259
928 260
928 205
732 261
732 262
732 3
459 263
459 264
459 265
378 266
1233 267
1234 148
1235 268
855 26
72 269
72 15
1166 164
894 270
1236 61
1237 133
1238 62
1239 271
250 272
250 273
250 274
250 270
250 275
275 250
1041 223
691 30
555 53
555 276
555 277
555 278
42 223
42 279
42 280
42 281
42 282
42 283
42 284
364 184
987 285
987 41
987 286
981 61
349 97
1127 183
1127 48
516 287
516 188
516 242
516 288
516 289
516 83
516 290
1111 32
1111 291
1240 292
581 196
406 293
406 83
551 294
1241 295
1242 175
290 296
290 287
290 297
290 298
290 24
290 299
290 265
290 300
290 301
290 40
1243 302
1244 63
1058 303
1245 304
1072 53
1072 305
533 306
884 307
1246 75
117 3
538 308
86 78
86 309
58 310
304 86
304 311
1247 312
1247 17
1121 183
196 313
196 133
196 314
207 220
68 315
63 316
63 62
63 317
63 177
63 318
63 240
63 54
63 75
63 319
63 320
173 321
173 133
173 121
173 269
173 276
173 322
173 323
173 271
530 324
365 325
365 125
365 32
365 326
949 327
949 195
1248 251
1249 328
166 329
166 61
166 330
166 298
166 183
166 331
1019 332
1250 333
805 334
663 335
663 336
663 337
1169 164
1251 61
1252 268
1253 338
458 242
458 257
1112 151
960 339
1254 129
1255 61
131 335
131 340
131 341
131 342
131 84
591 343
591 344
591 345
591 346
591 168
97 347
97 24
97 274
97 32
97 291
97 106
97 84
97 43
97 74
97 348
97 349
97 350
97 351
97 352
97 220
97 353
97 153
97 94
97 61
97 296
97 268
97 354
97 125
97 355
97 356
97 46
97 357
97 96
97 111
97 223
97 133
97 75
97 319
97 358
97 359
1256 360
113 223
113 361
1257 362
371 363
1258 364
1078 223
1066 68
325 365
1259 366
656 367
1073 53
481 24
1260 268
711 368
711 369
711 370
711 371
711 372
711 75
711 373
605 232
104 21
104 22
100 374
100 313
100 269
100 375
1090 376
1090 377
777 32
266 111
266 378
266 379
778 380
778 66
702 351
702 327
702 381
1261 318
1261 382
1262 383
446 384
478 243
478 300
914 327
232 316
232 273
232 385
232 386
232 379
232 387
232 388
232 3
232 389
986 17
1263 118
1095 390
1264 391
1265 392
1266 393
1266 394
208 6
208 220
208 84
596 382
596 395
65 396
978 397
978 398
111 61
111 63
111 399
111 400
111 201
111 266
38 55
38 317
38 35
38 156
38 401
38 402
38 197
38 403
38 237
38 404
38 160
38 205
38 53
38 405
38 158
251 375
293 406
1115 407
1115 408
474 409
474 48
474 410
474 411
474 412
474 413
474 414
474 415
474 416
474 417
474 418
474 419
474 420
1267 421
683 422
619 225
619 423
619 395
619 35
619 424
619 425
619 426
619 427
619 428
826 429
826 163
826 430
1268 80
995 133
1269 431
589 75
589 89
589 243
608 432
608 83
1108 319
157 355
886 433
1270 87
520 434
412 435
412 436
412 267
412 437
850 56
1271 38
1272 438
385 17
385 80
385 232
934 214
299 290
299 57
51 439
51 440
51 429
51 441
447 173
447 442
1146 228
655 421
655 443
655 444
442 445
442 172
442 24
442 446
442 0
442 447
442 448
1185 89
955 195
488 53
488 148
488 75
488 418
488 110
1273 301
1273 32
594 449
1188 450
1188 41
37 451
37 452
846 453
373 454
373 455
373 6
373 456
373 34
373 67
373 361
151 457
151 115
151 458
151 38
264 459
1157 0
763 318
763 32
861 212
1274 32
1038 86
121 145
298 63
298 166
298 460
298 200
298 303
578 461
463 462
463 463
463 223
463 464
230 465
230 466
230 296
230 235
15 72
15 243
15 120
1275 362
263 459
1276 211
1064 305
1277 418
1278 115
556 458
556 426
556 291
556 467
1279 468
217 469
1280 470
28 471
410 472
410 473
410 474
803 475
901 476
1281 459
1281 477
689 30
689 98
1282 478
879 479
879 0
856 26
856 347
24 69
24 480
24 106
24 35
24 216
24 481
24 426
24 482
24 75
24 483
24 484
24 122
24 290
24 442
24 97
537 308
874 188
631 99
1283 485
1284 486
536 487
536 67
10 109
10 120
10 488
1285 408
366 489
366 361
771 223
771 30
771 42
544 490
544 242
544 491
544 223
544 300
1286 189
1286 492
1012 287
1012 480
1012 354
1287 251
735 3
1288 300
1288 493
197 494
94 406
94 97
94 495
260 59
719 3
713 75
684 30
684 196
724 3
1289 175
1290 13
567 496
565 497
565 498
1291 499
584 500
584 501
584 502
253 503
253 504
253 3
253 505
253 506
253 243
56 507
1292 331
1293 508
857 26
289 509
1294 380
1295 159
1296 510
1296 266
2 511
2 164
2 512
2 513
832 133
832 514
832 209
1297 515
288 516
288 327
288 517
288 486
1298 72
1298 518
420 474
423 519
423 520
761 133
74 521
74 513
74 522
74 97
74 523
245 524
712 525
712 242
712 75
309 86
176 526
176 527
176 528
176 529
324 530
324 32
324 531
919 532
919 317
919 306
919 533
618 534
618 535
1299 412
1150 536
219 209
643 504
1300 164
308 133
308 537
308 163
308 41
308 89
308 538
107 184
311 304
1117 17
714 75
302 321
769 32
310 539
310 540
1031 541
1301 53
1301 66
967 225
967 242
967 536
1302 542
1302 543
490 544
1303 30
1303 545
1304 35
357 546
357 405
357 97
357 547
792 548
1305 549
806 334
806 550
294 188
294 112
294 551
1082 552
1082 399
1082 553
1082 554
1306 555
1307 183
1308 556
128 431
1309 314
40 61
40 557
40 558
40 75
40 39
1155 164
1310 559
1310 560
1310 281
31 363
31 471
559 163
766 32
630 80
630 247
630 561
971 419
971 456
1311 38
818 503
818 562
976 86
976 456
1312 61
369 563
1014 205
1313 564
498 565
498 53
866 501
496 566
496 567
575 568
421 555
421 569
421 317
844 30
844 507
844 53
844 555
1314 456
601 570
182 296
182 571
182 572
780 573
780 32
1315 183
1316 574
461 61
461 575
461 35
461 532
461 576
461 577
461 98
461 451
461 578
461 579
461 30
461 257
461 580
800 451
800 429
800 581
800 339
800 125
159 582
1317 363
910 583
910 584
532 585
1318 586
161 222
333 587
660 588
453 133
697 589
900 546
900 258
900 16
752 590
1319 313
1319 115
344 591
344 592
185 183
185 593
449 270
449 594
25 471
1023 519
633 501
1320 595
1321 16
969 225
969 53
1137 552
149 394
1322 596
1 335
1323 597
1324 598
114 595
114 361
1325 442
887 599
887 288
887 516
887 600
1326 352
22 104
22 80
1327 487
506 253
1328 479
1328 289
570 601
570 602
685 30
685 6
685 603
685 598
1329 604
904 23
1330 164
130 431
130 593
130 327
130 184
130 35
859 26
859 605
1331 606
527 176
527 607
432 380
432 608
432 48
432 41
700 351
700 3
1086 609
1086 610
1086 493
1332 611
1110 291
1333 343
808 226
808 97
672 612
672 89
243 613
243 243
1334 61
1335 614
1336 90
1337 615
1337 133
236 86
236 61
236 616
1142 617
813 412
813 456
535 478
535 451
535 618
535 546
1062 59
1062 39
1338 619
1339 620
786 32
29 450
184 327
184 418
184 569
184 303
184 242
184 274
184 352
184 163
184 621
184 364
184 622
184 130
184 593
1340 623
1340 281
992 624
1040 625
1341 590
1342 626
717 352
331 463
970 17
970 240
970 456
1343 10
270 627
270 628
270 250
270 41
270 393
270 629
270 449
1344 59
561 630
1175 174
99 631
1345 42
1345 632
647 361
1346 633
1347 86
637 634
464 463
1348 327
1348 635
1349 121
634 156
634 636
634 475
634 197
634 75
634 637
634 243
362 638
362 500
362 639
362 640
78 641
78 276
78 642
504 62
504 643
504 253
504 30
504 595
504 640
1017 211
1350 644
201 111
201 539
201 430
379 266
379 30
379 3
379 232
379 628
687 645
687 646
687 30
1351 68
595 42
595 604
595 305
595 647
595 648
595 649
595 431
595 650
595 311
595 54
595 536
595 403
595 651
595 32
595 391
595 114
595 361
595 652
595 339
224 164
653 653
653 32
653 125
729 155
729 3
116 654
736 369
1352 63
249 275
249 274
443 133
443 655
367 656
367 21
367 476
367 657
1180 350
852 367
852 658
1353 223
1354 659
1355 133
1356 660
849 457
849 158
849 661
849 84
849 40
1074 662
1074 53
1074 317
336 663
336 338
1357 664
1358 539
156 133
156 665
156 493
156 634
156 6
156 666
156 667
156 668
681 669
681 84
1186 89
193 670
1359 671
612 672
612 347
612 68
1360 108
1361 94
892 35
892 673
892 296
686 30
485 223
1132 674
1052 675
1054 676
178 677
1174 559
814 678
814 277
1362 679
1001 680
669 86
669 681
1015 682
1363 599
1363 230
1363 523
654 272
30 683
30 504
30 590
30 684
30 593
30 685
30 686
30 379
30 168
30 687
30 413
30 573
30 688
30 689
30 690
30 645
30 691
30 692
30 461
523 693
523 320
171 694
171 695
4 133
1069 53
34 373
34 6
34 696
34 35
668 156
409 426
409 50
588 660
588 163
948 195
830 53
177 697
177 63
177 698
974 456
386 232
1364 550
883 429
351 699
351 700
351 701
351 35
351 702
351 24
351 703
351 613
351 704
351 286
351 705
351 32
351 41
351 706
351 80
351 583
351 97
1138 566
1365 290
1365 461
1366 536
1367 30
1367 444
708 707
708 252
708 708
877 546
1047 709
1047 685
1047 418
1368 111
1089 493
1369 223
1370 710
75 370
75 63
75 354
75 634
75 711
75 712
75 456
75 488
75 713
75 507
75 478
75 714
75 553
75 715
942 2
269 72
269 173
269 100
352 54
352 61
352 716
352 717
3 312
3 279
3 718
3 438
3 719
3 201
3 379
3 605
3 720
3 721
3 117
3 313
3 722
3 723
3 232
3 386
3 724
3 725
3 726
3 727
3 728
3 729
3 730
3 731
3 732
3 733
3 734
3 253
3 735
3 736
3 737
3 92
3 700
3 369
3 738
3 374
3 739
854 620
1371 740
1372 741
436 742
436 400
436 412
436 743
1373 744
1373 745
163 162
163 281
163 746
163 559
163 174
163 747
163 748
163 242
163 97
163 308
163 588
679 121
1139 542
783 6
783 405
1374 418
1375 183
579 461
636 634
636 369
636 749
1170 750
873 751
590 30
590 752
836 753
1376 174
1002 754
32 755
32 24
32 438
32 756
32 195
32 54
32 757
32 758
32 759
32 760
32 761
32 762
32 595
32 763
32 673
32 48
32 152
32 653
32 764
32 765
32 766
32 767
32 768
32 769
32 292
32 97
32 770
32 324
32 771
32 772
32 773
32 774
32 775
32 118
32 41
32 776
32 777
32 778
32 779
32 780
32 483
32 125
32 365
32 781
32 782
32 783
32 35
32 667
32 784
32 785
32 456
32 786
32 787
32 788
32 351
32 789
32 451
32 303
32 790
32 791
32 79
32 252
548 792
1377 793
1377 794
1097 472
1097 735
1378 42
1379 539
152 795
152 32
798 796
798 670
1380 397
1381 429
1382 43
918 331
1383 797
796 287
796 798
796 61
522 74
451 133
451 712
451 32
451 799
451 800
837 71
837 61
837 42
837 801
841 190
13 13
13 130
1384 741
1384 682
73 521
73 663
73 757
73 802
475 437
475 803
475 634
475 637
334 804
334 223
334 92
334 805
334 479
334 806
334 741
334 174
1385 807
441 242
401 38
1007 781
1176 147
292 773
226 808
1386 431
1387 61
1388 165
14 495
14 1
1389 412
1390 809
19 516
19 810
19 525
19 811
19 812
1083 610
692 30
1391 813
1056 317
880 307
880 631
880 311
880 485
880 814
880 815
880 183
880 816
1028 247
382 75
203 47
704 351
1392 14
1131 817
1131 563
497 565
562 818
1393 223
1394 819
756 223
1395 191
1395 820
1395 80
1059 587
1059 303
925 587
276 439
276 66
276 78
276 53
276 430
1036 86
611 821
1010 822
192 670
192 38
67 823
129 23
129 431
129 613
129 824
129 825
129 222
480 24
480 257
480 133
480 306
480 456
1396 59
83 406
83 35
83 48
83 421
83 625
83 826
83 493
83 383
83 516
83 66
83 827
558 304
558 684
558 40
424 828
1397 611
1398 223
1399 61
281 42
281 829
281 162
1400 173
181 211
181 830
181 200
387 17
387 232
936 831
936 175
1401 29
1401 35
1402 827
1403 452
571 296
514 832
514 209
1404 250
843 833
843 507
983 61
975 813
975 834
1405 835
1406 75
434 534
753 836
71 837
71 838
71 534
71 648
71 839
1060 840
1407 455
998 841
479 115
1408 35
314 223
314 144
314 277
314 398
1161 164
1161 842
507 843
507 53
507 844
507 845
507 75
507 846
507 847
507 834
507 56
507 49
661 848
661 849
746 163
746 162
569 421
569 184
1409 850
1140 851
658 139
658 86
658 852
1410 853
620 642
620 854
26 855
26 232
26 78
26 856
26 495
26 857
26 858
26 471
26 859
990 219
990 168
1411 860
1412 782
287 796
287 133
287 35
287 17
287 542
287 6
287 39
287 516
287 361
287 290
212 861
212 156
212 862
200 709
200 863
200 317
200 430
200 156
200 785
200 303
200 298
200 344
200 815
200 181
200 539
695 171
1413 77
1414 183
1414 412
1415 397
5 534
5 120
138 864
338 336
338 865
338 866
338 118
338 867
338 95
338 497
338 197
388 232
1044 223
1044 485
1416 868
1417 90
440 51
440 869
106 189
106 223
106 317
106 870
106 398
106 394
106 871
106 86
106 825
106 97
106 872
606 873
188 874
188 516
188 6
1418 607
1419 55
1420 875
546 876
546 761
546 877
546 462
546 535
546 878
391 140
391 595
1421 626
1422 223
272 121
272 269
272 250
1423 698
1424 879
816 880
1164 164
1164 881
1425 862
153 126
153 35
321 461
1122 363
1426 87
174 609
174 882
174 426
174 288
174 334
174 428
174 59
428 169
428 174
428 619
429 883
429 242
429 115
1427 32
858 816
858 26
307 884
307 885
140 391
140 66
140 726
433 886
400 111
400 436
1428 223
1429 66
600 599
600 887
54 63
54 314
54 195
54 888
54 560
54 889
1116 598
1430 890
348 97
772 32
296 891
296 229
296 230
296 107
296 892
296 48
296 571
296 893
296 748
296 894
296 182
296 895
296 86
296 290
296 896
296 97
411 735
403 595
403 38
1431 153
508 897
246 898
246 209
175 223
175 899
259 900
160 778
160 901
160 437
160 21
1432 24
1432 797
347 612
347 856
347 354
347 748
1433 190
257 61
257 171
257 281
257 26
257 402
257 829
257 902
257 903
257 904
257 472
257 276
257 905
257 14
257 97
257 461
1434 906
315 68
315 97
167 907
167 75
167 908
167 909
1435 513
730 3
730 232
730 493
1173 781
646 98
583 910
583 351
583 6
913 911
913 912
913 913
327 914
327 702
1436 365
180 915
180 916
1437 431
963 35
150 223
1438 917
105 566
105 105
211 918
211 223
211 32
211 220
211 181
358 97
1439 919
1439 317
1440 53
1440 181
422 683
422 133
422 613
422 920
422 83
422 341
422 921
422 922
947 195
947 923
1441 174
1442 223
915 35
444 655
444 456
318 316
318 763
318 63
345 53
427 619
501 663
501 633
501 584
1443 887
1444 924
1445 670
1446 925
1446 60
1447 926
1447 927
282 42
1448 720
1449 159
205 928
144 43
144 141
144 48
144 314
144 133
144 929
144 197
101 930
101 931
222 932
222 129
1450 933
216 24
1451 277
917 393
1039 164
214 934
214 904
214 223
214 935
831 936
1452 314
342 937
342 65
342 536
821 611
155 448
155 729
1147 227
1091 938
1091 662
931 101
931 909
931 939
701 242
701 408
701 35
1077 42
1077 133
1077 89
1143 186
231 642
762 32
1453 35
1016 84
860 223
1087 414
1087 940
1087 89
770 32
110 488
1009 170
381 702
847 941
512 412
512 942
271 166
953 943
337 944
337 663
337 649
337 289
337 451
361 114
361 38
361 287
361 945
361 946
361 947
361 373
361 113
361 366
1454 788
1455 442
195 948
195 949
195 950
195 951
195 35
195 952
195 953
195 954
195 426
195 947
195 955
195 704
195 54
195 956
195 32
195 119
195 957
195 739
195 905
195 958
195 583
339 595
339 959
339 960
339 168
339 961
339 361
564 61
564 450
819 122
819 229
55 38
1456 313
1457 962
1457 963
1457 964
1458 90
1459 32
946 206
946 133
946 232
996 133
1460 707
1460 389
393 270
393 223
393 965
393 966
393 250
225 609
225 223
225 133
225 967
225 968
225 590
225 969
206 6
206 946
206 220
456 970
456 480
456 61
456 971
456 444
456 972
456 973
456 456
456 75
456 974
456 228
456 975
456 373
456 976
553 793
553 890
553 75
553 662
1461 351
898 160
898 246
898 977
898 452
1462 122
23 825
23 471
984 61
1141 617
397 169
397 978
326 979
326 735
326 384
326 980
326 408
326 946
326 365
330 463
1120 343
1120 183
1463 106
61 111
61 187
61 198
61 718
61 622
61 89
61 981
61 982
61 450
61 452
61 983
61 227
61 175
61 483
61 133
61 984
61 268
61 257
61 539
61 40
61 461
1464 985
1465 61
126 16
1466 986
229 235
229 895
229 296
395 61
286 987
286 351
286 839
988 988
1467 257
1468 397
833 843
1469 418
639 362
108 87
764 989
256 504
256 426
256 85
256 990
256 453
256 991
572 182
624 992
17 316
17 970
17 133
17 87
17 986
17 287
17 386
17 476
17 298
17 387
17 115
17 841
17 261
17 50
17 993
1470 243
678 814
678 990
678 40
693 624
693 523
941 810
133 422
133 994
133 995
133 303
133 40
133 173
133 156
133 287
133 196
133 453
133 593
133 61
133 198
133 168
133 946
133 144
133 996
133 66
133 225
133 251
133 451
133 748
133 443
133 175
133 308
133 41
133 871
199 539
240 53
240 395
70 997
70 916
70 998
70 223
168 353
168 999
168 98
168 30
168 350
1471 1000
1100 707
1100 359
145 43
1472 95
680 1001
754 1002
870 846
723 3
329 563
165 351
1003 143
705 351
944 596
944 976
437 118
437 80
437 412
437 475
437 485
437 160
437 53
930 101
483 24
483 32
35 701
35 24
35 311
35 32
35 83
35 122
35 287
35 915
35 965
35 351
35 200
35 322
35 583
35 97
35 1003
35 459
35 912
35 223
35 38
35 628
35 1004
35 34
35 1005
35 1006
36 1007
616 36
616 236
1004 35
739 195
739 950
739 3
739 158
848 865
1473 230
279 42
279 3
279 1008
1474 88
644 84
1475 42
389 472
389 232
748 347
748 163
972 456
170 1009
170 426
822 1010
822 97
353 168
353 221
1476 664
1477 487
354 223
354 347
354 1011
354 115
354 75
354 168
354 1012
354 879
354 197
354 97
1478 30
682 1013
682 1014
682 1015
682 1016
242 184
242 701
242 1017
242 441
242 458
242 1018
242 613
242 712
242 1019
242 115
242 182
242 516
242 398
242 163
242 967
242 166
242 97
242 429
204 47
871 133
418 223
418 1020
418 97
418 488
419 704
1479 54
688 30
688 1021
688 1022
785 1023
785 478
1106 1024
741 480
741 415
1480 132
1481 363
380 432
380 118
380 48
380 1025
380 778
380 539
77 641
580 461
221 911
221 478
221 912
221 143
221 913
280 42
1482 23
1483 636
640 362
640 504
710 741
1055 60
1055 181
628 270
1484 862
599 600
1485 1026
993 17
993 884
312 631
312 3
360 115
360 160
88 1027
1486 215
247 524
247 1028
247 630
1118 183
1118 825
1487 1029
952 195
384 59
384 1030
965 35
829 257
829 281
541 1031
897 1032
1488 20
1489 223
1489 48
1489 296
1490 946
92 3
1491 514
1114 272
1114 1033
11 493
799 451
799 1034
1492 86
1493 1035
1493 61
1494 335
991 458
893 86
893 296
1042 223
1042 129
1042 1036
1495 416
1496 67
519 75
0 1037
0 574
125 118
125 653
125 431
125 778
125 32
125 773
125 365
125 97
1497 1038
664 508
664 1039
664 223
664 1035
664 67
223 1040
223 485
223 1041
223 334
223 42
223 277
223 102
223 112
223 945
223 1042
223 353
223 756
223 658
223 544
223 314
223 214
223 225
223 35
223 1043
223 175
223 70
223 1044
223 211
1123 1045
1123 813
1498 555
903 156
903 1046
903 257
903 89
1128 268
1128 1047
1128 356
1128 48
375 251
375 1048
560 228
789 32
448 1049
791 32
1499 1050
1184 59
6 874
6 206
6 783
6 287
6 208
6 700
6 373
6 34
6 156
6 573
6 75
6 120
6 741
6 188
6 367
6 1051
6 478
6 32
262 732
457 849
929 144
306 480
306 533
169 42
169 428
169 397
169 1023
675 188
675 115
675 1052
1500 773
1501 35
408 505
1502 151
645 687
645 30
645 98
454 373
454 71
454 429
454 1053
511 2
828 89
676 1054
950 739
317 1055
317 421
317 196
317 38
317 1056
248 275
248 274
135 123
135 148
135 1057
1005 143
1503 915
1504 35
239 909
239 133
239 418
239 946
239 739
1046 75
1046 827
1046 903
303 133
303 1058
303 1059
303 200
303 184
303 32
607 527
103 223
103 21
840 1060
39 287
39 66
39 1061
39 1062
39 196
39 40
945 329
945 223
945 361
945 1063
945 84
1505 32
765 292
1506 1064
49 682
49 276
267 412
1507 313
1508 841
1509 838
1510 129
1511 329
737 261
1512 363
1513 1033
1514 290
1149 1035
1149 456
1149 1065
650 595
1515 46
1129 326
505 290
505 408
1063 945
158 250
158 739
158 849
1516 75
1517 195
923 1066
923 1067
518 145
53 555
53 830
53 38
53 1068
53 437
53 345
53 1069
53 240
53 1070
53 1071
53 1072
53 276
53 498
53 1073
53 30
53 507
53 506
53 1074
53 969
57 299
1518 1075
1519 1076
1519 451
1519 711
1519 126
1519 1077
1519 97
1520 1078
1521 217
573 30
982 61
1522 1079
1523 696
907 1080
907 167
284 42
1524 331
402 38
1525 68
1093 87
1093 16
1526 92
758 32
706 351
977 898
1527 292
1528 1081
554 1082
1529 418
610 1083
610 80
610 1084
742 942
1530 1085
1530 24
922 452
922 422
922 1086
172 442
414 1087
414 48
341 422
493 1088
493 730
493 1089
493 351
493 83
376 1090
954 133
1531 66
662 1091
662 553
662 1074
662 41
1171 1092
1532 1003
603 581
84 131
84 208
84 97
84 563
1533 119
604 197
576 461
1534 470
727 3
484 164
602 343
602 925
602 1093
602 570
50 17
50 238
50 409
912 709
912 913
912 35
912 221
1535 813
238 167
238 1094
592 344
592 23
390 904
390 1095
390 1096
390 954
198 61
1088 493
1536 442
500 362
500 258
500 760
500 647
694 257
1537 90
811 19
1538 175
1539 225
1539 30
472 1097
472 389
472 195
278 555
278 253
473 410
1540 164
1541 1098
940 75
940 1087
277 223
277 532
277 314
277 1099
277 814
277 560
76 585
707 1100
707 708
889 54
586 211
586 553
547 628
1107 1101
241 711
241 1102
241 1103
241 1104
638 362
638 90
1542 521
1543 35
921 422
895 229
895 296
709 200
709 704
959 1105
1024 1106
1101 1107
1101 83
319 63
319 97
319 849
319 41
319 1108
319 80
319 84
1034 799
1544 86
1545 99
587 106
587 1059
587 333
291 1109
291 1110
291 1111
632 519
1546 38
1547 1112
112 223
112 1113
112 68
112 294
1548 704
751 873
1079 503
1079 392
802 73
510 223
510 6
1033 1114
1162 1115
1162 103
1549 764
452 37
452 183
773 353
773 32
773 125
598 101
598 685
598 1116
1550 1117
340 131
1551 882
1552 416
804 334
95 468
183 1118
183 998
183 1119
183 1120
183 1121
183 593
1553 223
1553 133
1553 303
363 31
363 314
363 1122
503 479
503 818
1554 516
667 156
667 863
716 352
96 97
96 690
258 900
908 167
1130 200
1045 1123
614 827
1555 1124
1555 83
179 1125
237 38
237 652
1075 1126
8 6
8 120
127 663
261 737
261 575
301 290
301 327
301 35
1556 59
48 380
48 833
48 1113
48 47
48 430
48 557
48 1127
48 432
48 144
48 909
48 1128
48 414
48 940
48 474
48 83
48 1129
48 189
48 1130
48 539
48 97
966 912
966 317
9 648
1557 434
563 329
563 1131
563 369
563 84
768 601
466 230
466 1099
1558 101
254 219
1559 880
674 1132
674 230
392 1079
1030 384
1030 1055
1560 1133
1561 1134
430 380
430 826
430 48
430 276
430 41
1562 600
265 459
265 1135
265 588
79 778
79 32
79 774
552 1136
552 1137
566 749
566 496
566 338
566 105
566 455
566 1138
542 1139
1563 175
1564 86
534 5
1145 1037
1145 825
851 118
851 1140
115 438
115 360
115 1040
115 354
115 242
115 429
115 356
1565 327
617 1141
617 1142
617 232
621 274
621 35
621 184
186 1143
186 1144
186 202
1037 23
1037 1145
1566 1037
531 324
356 115
356 40
356 528
1567 321
1080 907
228 1146
228 235
1568 106
1569 111
227 61
227 1147
227 1148
227 571
1570 477
1571 1048
1572 363
825 129
825 23
825 106
825 1145
1035 61
1035 53
1035 1149
1573 824
124 1004
124 35
867 487
867 338
657 367
869 106
1574 97
213 382
1575 830
1576 745
66 140
66 133
66 276
1577 124
812 223
812 19
300 1150
300 478
300 290
359 1100
359 327
359 97
1578 17
164 2
164 1151
164 1152
164 1153
164 1154
164 313
164 80
164 1155
164 224
164 1156
164 1157
164 484
164 1039
164 622
164 138
164 1158
164 1159
164 426
164 1160
164 174
164 1161
164 46
164 1162
164 1163
164 1164
164 1165
164 1166
164 1167
164 1168
164 1169
1579 38
750 1170
750 153
1092 1171
1092 153
1580 380
1580 539
343 515
343 1172
343 602
244 412
244 450
625 1040
273 250
273 232
398 106
398 314
398 712
398 190
398 242
398 32
398 163
398 978
398 429
1581 213
781 24
781 1173
781 1007
781 32
162 746
162 1174
162 1175
909 223
909 239
909 144
1582 1162
999 97
999 168
1583 276
703 351
147 1176
147 1177
1067 382
722 480
16 825
16 595
16 129
16 900
16 1172
16 126
16 1093
16 911
16 602
16 1178
16 1179
350 133
350 1180
350 97
350 168
728 3
1135 265
486 288
486 1181
486 1182
468 95
1584 879
1585 223
1586 1183
1586 375
1587 122
905 195
59 384
59 721
59 1184
89 828
89 61
89 1185
89 308
89 568
89 493
89 1077
89 909
89 696
89 228
89 1087
89 67
89 589
89 122
89 629
89 347
89 903
89 1186
1588 365
1588 3
1589 324
1589 595
1589 32
1589 97
1589 125
1125 179
41 133
41 1187
41 568
41 432
41 557
41 270
41 987
41 430
41 1188
41 319
41 296
41 351
41 493
41 32
41 308
41 1092
41 662
41 655
41 539
41 973
41 429
