1489 0
37 1
37 2
37 3
37 4
37 5
37 6
37 7
37 8
37 9
37 10
37 11
37 12
37 13
37 14
37 15
37 16
37 17
37 18
49 19
49 20
49 21
49 22
49 23
1285 24
491 25
1490 26
1491 27
1492 28
74 29
74 30
74 31
74 32
74 33
74 34
74 35
74 36
74 37
74 38
74 39
74 40
74 41
74 42
74 43
74 44
1493 45
1493 46
1494 47
1495 48
1496 49
1497 50
1498 51
631 52
765 11
1499 53
1500 54
1234 55
1322 56
969 57
1096 58
712 59
1501 60
1502 61
582 62
1503 63
63 64
63 29
63 65
63 66
63 22
959 67
723 68
723 69
723 70
22 71
22 63
22 72
33 73
33 74
564 75
564 76
564 77
564 78
564 79
564 80
564 81
564 82
564 83
564 84
564 85
1298 86
1371 87
1371 74
1144 88
1504 89
318 90
318 91
576 92
576 93
1189 5
1349 94
1505 9
1506 95
775 96
775 97
775 98
775 99
1507 100
186 6
71 22
905 101
526 13
1508 102
394 49
394 103
394 104
795 105
377 106
377 107
377 108
377 109
517 110
517 111
517 112
517 113
517 114
517 115
517 13
517 44
135 116
1334 20
1334 117
1334 118
384 119
1509 120
584 121
822 122
1510 123
971 124
529 125
529 126
1248 127
1511 128
777 129
462 130
462 131
69 132
69 133
116 134
116 135
116 136
1260 137
195 138
195 60
195 139
1039 140
1039 141
1039 142
1039 143
1039 134
1039 144
1039 17
1039 145
537 146
537 147
537 148
537 149
537 150
1512 148
1513 97
907 151
907 152
1477 153
1514 154
579 155
1075 156
1075 106
1075 157
1075 158
1075 159
830 160
58 161
58 59
58 162
1515 163
449 164
449 165
1516 166
1517 124
1204 167
1518 168
1519 169
630 170
801 171
256 172
256 173
345 174
291 175
1520 176
360 177
360 178
360 158
294 179
294 180
294 3
294 0
294 6
294 181
294 182
294 134
294 183
294 184
294 74
294 185
294 175
294 20
1113 76
1521 186
665 187
665 188
665 189
665 190
665 191
1522 172
139 106
139 134
139 192
139 193
139 194
139 76
139 195
139 196
139 197
1523 198
131 199
97 200
97 201
97 202
97 203
97 204
97 1
97 205
97 206
97 207
97 208
97 209
97 210
97 211
97 60
97 212
97 213
97 214
97 215
97 216
1524 217
1525 218
336 219
336 220
336 60
336 221
336 222
245 1
245 76
245 223
245 224
245 225
245 226
245 227
245 228
245 220
100 229
100 230
100 231
100 232
100 233
1409 234
1409 235
533 236
533 229
533 237
533 238
915 239
1070 240
1070 241
1526 125
1527 242
1527 243
849 244
823 245
823 246
823 139
823 74
1528 247
869 248
869 249
869 250
869 158
869 251
869 242
869 159
1529 148
1103 252
324 253
324 254
324 255
1530 256
1181 257
1531 258
1325 259
1149 260
1149 261
1149 262
871 44
1275 263
1187 5
1058 97
1058 76
200 264
200 265
200 213
200 97
1532 266
511 267
1533 268
279 269
279 270
279 271
279 272
279 273
279 250
279 274
279 264
279 60
279 275
279 276
279 265
279 97
721 277
273 278
273 279
273 280
273 76
273 281
628 282
628 283
628 284
628 277
628 285
628 286
628 287
628 256
628 280
628 288
628 21
1220 289
175 290
175 291
175 241
175 3
175 292
175 293
175 294
175 295
175 296
175 297
175 143
175 298
175 299
175 300
1534 301
1335 302
1335 303
796 60
444 304
1535 305
1536 306
1079 307
1079 308
1079 309
1079 310
1537 74
604 311
604 312
604 130
604 313
604 314
787 315
1132 316
90 317
90 318
1538 319
1098 320
1539 1
792 321
792 322
792 323
253 324
1540 164
1541 325
1541 170
1061 326
1174 327
1542 328
1312 329
1094 247
1543 13
1426 330
1392 331
1392 332
1392 333
1014 334
1544 335
250 336
10 337
10 338
10 339
10 340
10 174
10 341
10 342
10 343
10 344
10 345
10 346
713 74
363 347
259 348
259 87
259 349
259 350
1095 351
1095 352
1095 353
271 279
1457 354
1545 355
1545 356
655 27
655 357
1147 358
1546 359
1258 360
1258 111
583 361
583 362
583 363
583 98
583 240
583 364
583 365
583 366
1379 367
866 368
1547 6
1111 31
1256 369
1548 370
1249 371
540 372
1549 373
1550 374
66 63
1551 285
1552 375
1552 376
1553 163
109 76
109 20
109 377
885 378
885 379
1041 380
1041 381
1479 78
840 192
119 199
119 382
119 383
119 384
663 385
316 386
316 387
1554 388
1050 389
369 5
369 390
729 391
729 392
760 132
350 259
1555 129
292 175
1090 304
104 205
104 393
104 289
104 394
506 395
506 396
506 397
506 254
1556 398
606 399
606 400
606 401
606 402
606 52
606 241
606 219
606 403
606 5
606 404
606 405
606 406
606 407
606 408
606 409
606 352
606 410
606 411
627 412
1449 413
1557 414
1558 415
1559 416
1560 417
1560 418
1561 419
1561 100
1561 370
1562 420
975 421
1271 422
1563 423
1445 258
1564 424
1564 30
872 425
872 333
931 134
780 44
704 192
704 426
1451 427
1451 428
1451 13
201 97
201 429
1031 430
64 431
64 63
654 15
1381 432
504 337
836 433
836 374
880 434
880 108
880 435
1233 29
1233 0
1233 139
1233 274
1233 37
902 134
507 436
953 437
431 438
431 439
431 440
431 193
431 18
304 441
304 442
304 443
304 444
1565 445
884 379
1566 446
1567 357
752 21
129 447
129 88
129 431
129 448
387 449
387 450
387 316
387 451
387 165
1568 151
1568 452
973 266
600 453
1384 240
1569 454
516 49
516 455
516 331
977 456
977 457
233 242
233 100
998 393
774 98
486 458
486 459
1570 460
711 461
1135 462
1135 463
934 177
934 464
1029 326
1029 373
1467 465
1467 262
1368 290
1368 19
702 290
667 1
667 466
667 14
667 274
13 467
13 337
13 31
13 468
13 330
13 396
13 469
13 470
13 70
13 471
13 298
13 472
13 293
13 331
13 248
13 213
13 166
13 242
13 473
13 30
13 474
13 277
13 219
13 464
13 182
13 98
13 276
13 475
13 476
13 477
13 76
13 52
13 315
13 478
13 479
13 480
13 481
13 482
13 266
13 280
13 483
13 186
722 484
722 401
1571 485
458 486
458 166
458 330
1071 487
453 53
1572 60
297 488
297 175
297 48
1393 399
1393 489
211 380
211 490
211 491
211 492
211 493
211 294
211 72
211 494
211 495
211 60
211 496
211 497
211 498
211 13
1207 3
1207 499
1362 500
993 138
337 1
337 501
337 502
337 182
337 11
337 503
337 504
337 505
337 197
337 13
397 97
397 506
103 393
103 394
436 507
538 508
581 509
581 46
581 241
581 510
581 511
581 512
581 513
1573 336
1574 507
1575 514
1576 76
1576 30
770 503
552 515
552 516
815 517
815 378
815 518
815 316
815 143
1577 424
758 519
613 520
48 297
1411 521
652 522
652 472
1578 274
1011 523
1011 524
1011 525
1011 334
1011 344
1311 211
481 526
549 527
1480 528
1579 226
1579 529
913 530
913 531
51 532
51 370
229 533
229 100
705 534
1292 535
181 294
181 35
569 536
150 537
508 538
197 337
197 539
439 431
1580 60
416 540
416 327
416 174
416 305
416 541
1581 312
502 393
502 8
1062 312
1582 49
1582 72
136 171
136 134
136 532
136 192
136 542
136 285
136 390
136 543
136 127
136 544
136 545
136 235
3 546
3 52
3 180
3 294
3 547
3 8
3 237
3 548
3 549
3 175
3 20
3 550
20 551
20 381
20 164
20 552
20 248
20 3
20 190
20 254
20 223
20 456
20 553
20 517
20 474
20 554
20 555
20 556
20 294
20 557
1583 175
892 240
892 365
892 558
1417 89
560 559
560 560
1584 459
976 136
1585 129
1423 561
818 562
818 46
818 563
818 564
818 565
818 566
818 567
422 396
422 281
536 568
536 536
536 569
536 570
536 571
278 273
278 572
1465 573
395 574
395 575
395 506
395 76
395 357
1023 92
1023 576
699 577
1266 578
1365 19
1586 236
1110 182
155 579
1587 580
510 581
510 320
62 582
1420 583
121 413
121 584
307 585
307 136
307 586
307 77
307 587
307 588
307 543
307 357
546 5
546 25
546 52
1588 175
417 589
1589 308
1589 368
1589 379
1589 370
172 1
172 590
172 134
172 591
172 76
172 592
172 278
172 256
172 13
1402 593
1402 289
1590 134
1591 594
571 536
571 595
571 234
173 280
173 596
173 597
173 598
173 8
1592 599
386 65
386 134
386 316
386 600
386 60
386 601
386 412
386 365
1065 602
1593 603
313 604
1303 556
1594 232
864 199
864 24
674 605
674 341
1595 205
1595 195
450 344
404 606
1056 607
1056 608
1410 609
1410 386
1410 13
1410 610
1410 611
1410 235
1118 612
1596 613
1597 614
1032 615
1032 616
970 617
935 475
935 15
23 49
23 618
835 433
835 74
110 379
110 616
110 619
110 620
110 517
110 556
1429 470
624 621
248 397
248 210
248 622
248 623
621 213
621 1
621 624
621 625
621 626
1218 470
412 65
412 386
412 627
412 628
1232 629
1232 170
1232 630
159 74
159 19
1158 631
1158 75
838 520
1598 632
1599 633
860 634
860 635
1600 635
488 636
488 297
673 637
673 638
673 416
673 639
673 640
673 341
673 149
1601 373
1602 240
737 372
1428 470
1252 641
1446 368
1446 6
1446 558
108 402
108 403
108 642
108 312
108 643
698 259
1603 644
236 533
236 645
236 204
343 334
343 174
343 646
1317 647
1604 648
527 649
527 572
1605 650
317 527
317 651
317 5
317 46
317 652
901 370
1606 653
1607 654
357 655
357 542
357 656
1608 66
1609 657
1453 520
1453 658
1610 19
1202 659
1202 660
496 493
496 661
496 211
496 496
496 483
1125 344
489 5
489 312
1611 205
385 662
385 9
385 663
1612 664
714 136
1613 665
1614 211
876 666
1615 72
185 601
1616 148
1617 428
274 667
274 443
274 210
274 668
1000 669
1618 670
269 279
1619 199
1620 671
1621 672
87 327
87 415
87 541
747 381
341 673
341 638
341 576
341 674
341 343
341 10
341 675
1622 676
887 677
1623 6
1020 493
1020 678
1020 679
1020 556
850 198
850 94
850 680
850 681
1624 682
1160 683
1169 213
1337 684
1625 613
1626 403
541 685
378 290
378 379
378 686
378 687
378 199
378 688
1452 689
1452 360
1452 190
1627 690
1080 484
1080 691
215 89
353 692
353 316
353 687
956 386
956 5
854 693
854 694
577 695
577 696
577 697
577 395
577 698
577 310
577 699
577 63
105 700
105 130
105 470
640 673
640 148
640 676
342 530
342 454
342 72
361 401
361 583
361 701
361 702
361 240
361 703
361 704
1088 76
1088 134
1088 5
1088 178
1088 705
1088 706
1088 707
947 708
947 709
947 710
461 671
461 711
1339 362
1028 373
222 336
1628 712
40 29
40 134
40 713
40 74
40 714
226 715
226 126
226 716
226 717
226 718
226 719
1483 658
314 604
1251 641
1251 233
47 649
47 152
47 720
1629 498
514 320
277 475
277 721
277 122
484 51
484 722
484 723
484 61
1057 724
238 533
238 94
1382 650
1382 725
161 58
534 726
534 534
534 705
534 641
534 388
225 727
225 13
255 163
997 393
438 134
438 240
438 431
543 154
543 136
720 47
1153 728
1153 346
1386 219
1630 425
1404 485
1404 729
595 730
595 571
766 731
766 732
766 733
1631 734
966 293
966 443
829 214
867 735
932 736
932 134
932 22
932 320
932 166
1045 601
17 91
17 737
17 578
17 738
17 739
411 182
411 606
944 740
1632 148
1100 741
1100 599
1265 591
1265 742
928 134
1211 85
1633 111
283 628
1634 743
1635 343
1636 72
1637 217
1638 744
1639 638
1124 49
1124 745
1124 739
1640 746
56 293
56 68
1064 747
1064 748
1216 749
701 568
701 361
21 279
21 241
21 628
21 210
21 750
21 617
21 751
21 44
21 752
21 145
21 753
246 29
246 6
246 754
1214 203
642 475
642 192
642 254
642 447
1200 755
1200 296
1476 153
1353 756
1353 757
519 758
132 759
132 163
132 69
132 325
132 134
132 760
132 127
132 479
132 761
132 30
874 762
718 226
1355 763
1242 0
6 764
6 210
6 74
6 195
6 688
6 37
11 337
11 765
11 766
1641 767
619 110
619 239
619 593
1642 768
1642 315
1642 769
1643 679
503 770
408 606
408 15
408 208
107 377
589 417
1644 471
1231 420
1645 3
321 771
321 772
321 13
321 70
321 19
1114 31
98 144
98 3
98 583
98 254
98 773
98 134
98 702
98 213
98 774
98 240
98 13
98 775
950 343
44 776
44 777
44 778
44 441
44 606
44 253
44 779
44 74
44 780
44 781
1421 782
315 783
315 331
315 177
315 757
315 784
315 57
315 616
315 785
315 17
315 571
315 786
315 787
315 788
315 13
1439 789
0 74
0 790
1646 688
112 517
60 279
60 791
60 792
60 793
60 794
60 219
60 795
60 796
60 797
60 798
60 799
60 800
60 801
60 571
60 336
991 445
991 802
697 803
697 804
697 805
697 806
697 635
1177 31
1177 807
1177 390
1177 732
1177 771
1177 808
877 706
1647 215
916 185
1052 657
1482 809
1482 545
1648 635
1649 810
797 811
306 134
306 520
306 243
306 52
1650 812
61 813
965 325
965 154
1261 814
518 223
518 815
567 816
567 648
300 175
402 651
402 606
402 108
402 365
1002 100
559 676
427 151
427 817
427 818
427 241
276 279
276 13
1385 819
1651 820
1652 185
282 740
282 73
282 308
282 24
282 517
733 247
1653 464
779 238
1469 180
1469 821
30 132
30 822
30 823
30 552
30 824
30 370
30 825
30 316
30 475
30 826
30 130
30 74
30 827
30 351
30 517
30 34
30 13
30 239
1654 817
1224 59
1655 380
495 211
83 76
214 244
214 828
214 829
214 97
1656 830
165 449
165 165
165 387
165 831
1215 832
1215 833
1657 163
521 834
1487 620
433 835
433 836
433 37
805 520
805 837
805 838
805 839
192 139
192 588
192 840
192 642
192 841
192 568
192 842
192 843
192 844
192 49
192 256
192 352
192 704
190 802
190 845
182 220
182 232
182 13
182 319
843 192
843 846
545 847
545 136
545 164
18 603
18 762
18 848
18 37
18 739
244 849
554 20
1658 92
680 850
680 391
1659 37
1660 652
1660 851
1314 57
1314 316
1661 852
480 853
480 250
480 13
1662 386
693 854
693 855
693 393
693 403
693 856
406 193
1299 239
1348 515
1348 223
1663 857
1664 72
1328 858
1328 859
1341 533
1341 294
1341 204
1665 77
635 860
635 65
635 390
635 861
635 862
717 226
717 863
1319 826
1666 185
1007 464
1667 470
24 282
24 219
24 864
1668 865
7 37
1669 795
1670 534
1195 866
790 690
1671 208
1672 771
359 103
1673 787
1674 421
831 165
1675 867
311 336
234 522
234 400
234 76
234 261
234 571
477 380
477 261
477 13
174 343
174 10
174 334
174 416
174 344
1676 684
1677 712
1678 868
922 134
1679 869
1043 870
163 871
1680 175
333 872
1330 873
1047 769
762 874
762 18
897 875
897 632
897 648
666 876
706 877
706 878
706 879
647 126
647 142
434 880
434 432
434 170
379 881
379 110
379 52
379 686
379 882
379 27
379 219
379 883
379 378
379 884
379 19
379 885
1681 886
677 887
677 888
677 130
677 889
1682 552
542 136
542 357
927 134
927 106
927 387
927 890
927 891
773 892
773 98
773 893
309 365
651 616
651 317
651 894
615 895
615 896
1063 138
1063 210
1063 312
648 816
648 31
648 897
648 152
648 898
648 245
648 899
648 233
648 364
648 900
648 567
32 74
1683 374
618 23
618 19
1684 761
290 151
290 240
562 818
370 901
1685 343
1686 337
1687 377
1688 734
1689 902
1689 248
452 622
452 903
452 164
55 816
55 904
55 0
55 694
1690 905
1374 906
151 290
151 907
151 908
151 52
151 427
1691 336
1692 617
1693 3
1694 909
1454 520
396 910
396 445
396 143
396 205
396 422
396 911
396 506
396 13
239 619
239 110
239 170
239 912
239 3
239 913
239 914
239 915
239 916
239 60
239 556
239 30
1695 236
1695 917
1695 918
1696 919
1030 712
134 53
134 294
134 25
134 320
134 920
134 921
134 902
134 922
134 923
134 127
134 547
134 617
134 306
134 924
134 925
134 132
134 5
134 926
134 927
134 928
134 929
134 348
134 65
134 139
134 116
134 930
134 931
134 438
134 703
134 280
134 172
1697 310
736 932
1034 933
1034 934
1034 506
1034 935
1034 936
1034 489
1034 937
1698 408
1001 938
1001 939
1198 940
1198 92
1406 443
1406 941
302 942
802 76
1699 247
530 505
530 913
530 11
530 342
530 943
740 944
740 282
740 945
1401 946
1700 947
793 617
785 117
785 315
785 948
785 949
1134 950
1134 951
1134 952
688 378
688 347
1701 680
437 953
101 746
101 954
1702 947
1703 36
1704 59
1430 457
1705 955
1185 5
686 956
1361 127
1268 957
1706 485
1706 958
67 959
67 21
67 13
67 193
1707 378
1102 381
1708 274
1165 210
1709 72
125 960
125 94
125 213
125 961
125 529
154 962
154 963
154 964
154 799
154 965
154 543
154 127
917 966
1302 967
1240 968
1240 969
1710 970
501 337
501 505
501 31
501 530
124 971
124 211
199 119
199 864
199 500
199 972
199 956
199 973
199 378
199 189
199 974
199 975
199 20
479 13
457 976
457 977
457 9
457 312
1051 657
1711 978
1712 95
1712 322
1712 969
440 431
1209 301
1013 979
177 784
894 651
732 447
983 334
1713 130
347 1
347 813
347 363
347 668
349 980
1714 981
1376 982
305 983
14 667
1715 136
81 564
753 662
753 741
753 21
1173 540
1173 327
1173 984
1716 985
1717 986
786 315
388 335
388 237
388 464
388 76
388 223
388 987
388 340
388 988
388 989
388 143
388 990
388 320
388 649
388 901
388 991
388 992
388 534
388 771
388 172
388 993
1099 994
685 819
751 995
751 21
921 134
921 136
1718 223
848 351
848 18
393 996
393 27
393 997
393 502
393 103
393 998
1719 642
1270 999
669 1000
605 674
1004 2
1720 676
1720 172
1720 315
1721 13
1722 59
1723 1001
1432 34
668 771
668 1002
668 965
668 274
668 500
1450 76
288 628
1724 471
1161 1003
2 1004
1725 869
217 606
217 277
217 213
217 1005
217 148
217 21
1263 1006
1263 1007
1726 581
730 595
334 1008
334 1009
334 1010
334 174
334 1011
334 343
334 1012
334 92
334 1013
334 983
334 1014
974 1015
974 199
1727 351
1728 1016
590 85
590 1017
301 1018
301 640
1399 1019
1729 21
1730 984
556 76
556 658
556 1020
556 60
556 239
556 110
556 1021
556 20
325 199
1731 1022
754 246
1732 1023
498 185
498 211
1405 475
1405 1024
1733 1025
1027 1026
1026 1027
1026 217
1468 260
373 1
373 381
373 1028
373 852
373 1029
287 628
1222 59
1222 1030
544 136
816 759
816 731
816 243
816 55
816 632
816 567
430 1031
430 130
272 279
616 1032
616 110
616 710
616 254
616 651
616 280
285 136
285 195
383 807
383 1033
1734 732
896 62
896 1034
27 379
27 5
27 393
27 565
27 1035
565 309
1171 1036
1171 1037
351 1038
1735 219
145 1039
145 1040
145 130
145 908
145 9
145 1041
145 1042
1736 436
1737 195
1738 127
767 1043
1069 102
1069 122
281 422
1739 262
207 97
1139 1044
960 125
960 241
1296 130
1296 52
694 55
694 85
1740 1045
990 534
1741 90
735 867
1300 28
1300 825
1742 985
769 1046
769 1047
769 110
769 1048
769 803
769 57
769 740
769 1049
356 1050
657 1051
657 1052
657 1053
657 115
1743 397
1437 1054
1105 274
608 5
608 1055
608 1056
856 835
1005 217
1744 1035
1745 320
1746 464
1747 724
1748 630
1748 85
724 1057
724 1058
1749 766
1750 557
144 98
144 1059
144 1060
144 482
326 1061
326 21
1751 103
312 1062
312 489
312 962
312 1037
312 365
312 130
312 108
312 604
312 21
312 1063
312 102
899 648
1752 734
748 747
748 1064
748 577
602 1065
308 628
1753 825
448 1066
448 129
448 1067
448 52
448 365
1245 1068
726 534
352 1001
352 52
352 606
352 138
352 316
352 844
1754 1069
1754 1070
1183 399
1183 5
487 1071
1380 432
1159 76
1159 191
1072 472
472 467
472 1072
1228 74
1755 1073
1755 1074
1756 1033
1757 933
202 562
202 863
106 1075
106 927
106 194
106 60
106 377
106 1076
106 1077
1758 1078
1758 1079
1759 470
1390 880
1760 381
691 464
691 1080
691 130
691 143
1761 963
1762 266
198 850
198 533
198 237
1763 933
551 20
1764 765
1764 870
1765 210
563 818
563 1081
1766 1082
798 657
798 963
1767 1082
1310 319
1283 522
1283 459
1170 415
1170 213
483 547
483 496
1768 764
1092 654
442 304
1769 960
328 592
1770 29
1320 113
1320 1083
1771 472
1772 34
1773 185
1774 1084
164 452
164 500
164 1085
164 449
164 1086
164 256
164 20
164 1087
164 1088
1775 195
794 279
794 60
1776 712
1777 206
443 445
443 1089
443 1001
443 626
443 1090
443 1091
443 304
443 756
443 966
443 19
443 49
443 352
443 274
637 673
764 6
122 1092
122 1069
122 277
122 822
247 138
247 580
247 1093
247 1094
574 395
1778 1095
1778 219
1778 25
703 134
1779 1096
875 102
875 365
875 657
875 897
1780 72
1781 1097
1388 475
1388 30
141 1039
141 1098
719 226
994 1037
994 1099
1326 784
381 126
381 528
381 552
381 134
381 606
381 368
381 190
381 927
381 1100
381 705
381 1101
381 20
381 738
381 1102
1782 65
252 1103
252 254
851 76
547 3
547 39
547 1104
547 483
547 668
1783 368
1783 178
625 76
625 474
625 621
625 1105
625 470
625 1106
625 479
513 509
1383 839
1784 60
1785 58
1786 360
1787 1107
1046 1108
1788 448
1133 1109
824 138
824 795
120 111
679 333
679 1110
1789 25
1331 601
675 540
31 1111
31 136
31 1112
31 501
31 1113
31 1114
31 1115
31 1116
31 74
31 242
31 13
1790 1117
580 370
355 62
355 11
355 897
38 744
38 572
38 74
28 1118
1791 1119
1472 1120
1792 1033
909 732
102 1069
102 824
102 1121
102 1122
102 1123
102 689
266 506
1793 1124
1794 378
1795 1125
464 368
464 934
464 241
464 1126
464 193
464 1007
464 691
464 1127
464 319
464 388
464 499
464 1128
464 1129
464 13
464 1130
1395 471
1485 1131
1262 814
391 680
1796 208
1797 1132
1352 266
1352 254
1798 1030
1076 29
1076 39
1076 106
1076 765
1799 738
1109 1133
1109 138
1109 323
952 1134
1800 635
463 1135
463 677
463 86
985 167
1801 76
1802 1136
930 134
827 239
1803 1137
1804 1095
1804 765
1804 1138
954 101
954 393
954 470
954 969
1805 1139
1805 1140
179 134
179 1141
179 294
179 713
1806 138
227 245
227 823
1486 1142
1327 92
1184 590
1184 1143
981 765
895 204
1129 534
1807 1018
1808 537
54 76
230 100
230 111
230 686
88 1144
88 1145
88 1146
88 552
1354 592
1354 779
358 1147
1809 395
1107 365
262 1148
262 423
262 692
262 1149
262 35
750 21
750 335
46 818
46 94
46 134
46 190
46 613
46 1106
638 673
638 344
772 362
772 344
168 1150
1447 1151
1447 63
1810 1152
346 1153
346 646
1811 102
1812 934
184 783
184 294
184 1154
1190 5
1190 8
209 65
808 409
1813 138
25 546
25 491
25 134
25 5
25 1155
25 1156
25 373
25 1157
1086 729
1814 887
1106 270
1106 164
1106 129
1106 70
1815 381
1816 1000
1817 749
1818 869
75 373
75 1158
1819 72
191 665
191 1159
191 1157
532 39
1278 76
1820 1160
1003 1161
1003 1162
210 1163
210 248
210 662
210 97
210 1164
210 419
210 1165
210 21
210 1063
210 1166
213 1167
213 97
213 1168
213 125
213 98
213 217
213 1169
213 1170
213 13
1140 888
1821 624
1037 994
1037 1171
327 646
327 416
327 372
327 87
327 1172
327 1173
327 1174
834 521
834 353
682 47
682 1141
1822 185
1823 19
1272 1175
1269 1176
807 383
807 52
807 1177
1128 594
914 52
914 61
914 239
914 1178
914 999
914 1179
1343 204
855 74
1824 305
1825 881
1155 245
1155 25
1155 193
1826 96
1036 1180
1036 167
1036 34
1036 556
1433 34
1306 757
1827 148
257 1181
257 312
1828 344
1829 85
1042 145
1830 1182
5 399
5 1183
5 1088
5 607
5 27
5 692
5 608
5 1184
5 196
5 1185
5 1186
5 134
5 317
5 1187
5 1188
5 500
5 1189
5 489
5 76
5 956
5 193
5 1190
5 37
1438 784
1438 1191
1438 167
1438 851
1049 1192
505 337
505 530
261 1002
261 557
261 108
261 234
261 1193
65 201
65 1068
65 52
65 134
65 209
65 97
65 178
65 63
65 1053
65 1194
65 412
65 195
65 108
65 423
65 89
1831 657
949 785
949 757
1832 475
99 775
678 1020
1833 1195
16 578
368 552
1366 19
1119 443
1119 63
138 76
138 223
138 824
138 500
138 247
138 858
138 1109
138 1063
138 789
138 195
138 352
138 1196
138 993
1357 1018
940 1197
940 1198
940 149
929 184
296 746
296 1199
296 1200
296 1201
660 1202
660 1203
1834 21
1835 160
1400 1204
1836 556
1837 445
1837 773
344 1205
344 1011
344 638
344 1206
344 772
344 10
344 982
344 1125
344 92
1305 757
1838 580
1254 92
783 114
1839 420
662 385
662 981
662 331
1840 431
499 1207
499 443
499 464
499 448
499 881
220 245
220 336
1199 296
607 1056
1841 676
1403 1208
1403 1209
1842 612
375 293
375 918
375 547
375 1210
375 836
85 29
85 1211
85 55
85 77
85 128
85 1212
85 1213
85 694
203 97
203 1214
203 186
832 1215
1843 259
588 307
588 192
39 29
39 547
39 239
39 85
39 1076
39 357
39 74
221 336
1398 65
1398 365
749 126
749 1216
1126 464
1126 1130
1168 213
1844 384
147 543
147 537
1290 1217
289 242
289 1218
289 1219
289 1220
289 1221
1845 897
295 175
295 143
1846 217
1448 130
1358 1018
59 712
59 1222
59 1223
59 1224
59 58
29 170
29 35
29 765
29 1225
29 1226
29 1227
29 239
29 171
29 968
29 181
29 1076
29 42
29 63
29 1228
29 246
29 1229
29 1230
29 1231
29 36
29 823
29 74
29 39
29 1232
29 800
29 1233
29 106
29 1234
29 370
29 1044
29 1235
29 1236
29 1237
29 1238
29 40
29 1239
29 85
29 1240
29 1241
29 1242
29 136
29 616
29 1243
29 630
29 1212
29 1244
29 1245
29 0
626 76
626 1156
626 25
626 1246
626 266
626 443
626 1247
1847 49
1396 1248
392 1249
392 729
1416 557
1059 144
1324 1250
1848 248
1849 163
759 132
759 784
1850 734
1851 72
641 1251
641 534
641 1252
641 426
641 223
641 365
1852 102
265 279
425 1253
425 872
212 97
92 1254
92 1198
92 1255
92 301
92 344
92 1023
92 334
599 1100
599 136
1213 85
1201 454
1201 241
1853 12
1854 352
1855 1256
1855 25
1856 1257
1856 927
888 1258
888 1259
1407 331
1138 771
598 173
50 520
50 749
50 642
50 114
50 456
50 256
920 134
1332 232
137 1260
137 143
814 1261
814 1262
1006 1263
1006 924
1006 1264
803 1265
390 163
390 1266
390 635
1857 217
1857 1267
1858 1177
957 65
957 1268
1176 1269
999 1270
999 692
999 370
1859 1143
1860 21
1860 1271
1860 617
1175 1272
1175 592
1175 114
8 3
8 1273
8 502
263 1274
263 1275
1861 241
152 198
152 47
152 745
1862 219
1862 1276
1093 247
380 1112
76 522
76 1145
76 626
76 50
76 138
76 1113
76 83
76 459
76 70
76 517
76 995
76 365
76 1217
76 54
76 1277
76 241
76 1278
76 226
76 1279
76 13
76 5
76 46
76 1280
76 1120
76 1281
76 1282
76 1157
76 949
76 3
76 234
76 1283
76 193
76 556
1863 315
1048 353
1048 260
1048 1192
1048 1265
1864 1219
1865 668
1866 1276
617 784
617 1280
617 331
1867 1284
522 652
522 76
522 1285
522 234
522 1283
35 247
35 824
35 1286
35 6
35 304
35 114
35 938
35 74
35 262
35 1287
35 1288
205 459
205 130
205 454
205 104
205 97
419 1289
419 1146
419 470
419 76
1868 448
1276 1118
410 606
1217 1290
1217 277
1217 76
863 717
924 134
1869 73
1870 237
218 1166
1871 49
731 101
731 1291
1210 668
1210 375
535 1292
1281 1043
1281 76
649 375
413 1293
1872 237
1873 735
1874 1294
1874 690
52 379
52 633
52 1295
52 3
52 692
52 368
52 219
52 226
52 484
52 807
52 448
52 606
52 1296
52 362
52 352
52 21
52 13
904 55
1372 282
1372 1297
86 1298
86 463
1253 425
653 585
653 70
858 138
858 52
1387 219
629 1299
629 44
187 802
187 665
187 1248
882 379
882 686
1419 1030
1419 305
1875 1300
208 408
208 1301
1876 26
1876 65
1876 327
1876 613
1876 312
1876 70
1876 1302
1877 1303
989 239
474 1304
474 20
474 13
474 1225
757 1305
757 1306
757 948
757 315
1235 29
1235 1307
1238 29
1360 127
925 134
925 388
77 307
77 277
77 564
77 943
77 85
862 635
1878 347
898 1308
898 1166
898 401
1295 552
1879 705
1880 423
1881 1177
414 320
414 143
1143 1309
1143 143
1882 1000
591 427
591 591
591 1277
591 769
1883 373
1883 497
319 182
319 464
319 1310
1884 506
1884 1311
1885 110
329 1312
445 583
445 1245
445 19
445 703
445 443
445 544
455 516
1886 653
1886 1313
57 1314
1887 805
1888 1142
1889 683
1889 274
1890 1157
1891 738
1892 659
1892 1315
1461 142
1893 74
1894 74
1895 1150
1896 223
1219 289
171 879
171 29
171 136
171 1316
171 1016
171 1317
171 657
1897 696
1898 620
826 1318
826 1319
826 761
826 241
1172 327
1172 1011
1172 685
1172 343
1172 540
1172 346
1344 1
1899 1025
1899 158
113 517
113 912
113 1320
113 984
113 195
1178 914
1178 1178
1900 342
365 583
365 1321
365 641
365 25
365 76
958 789
293 65
293 76
293 626
293 972
293 966
293 1322
293 193
293 1323
293 175
293 13
293 235
963 1324
963 154
963 557
963 1325
1191 1326
1901 456
264 279
632 816
632 332
632 897
1902 1023
1902 1327
1435 241
859 1328
1104 547
1903 969
460 316
820 365
778 44
493 279
493 49
493 1020
162 58
1904 60
1346 98
1905 1329
1906 12
873 1330
601 185
601 1331
601 76
601 138
1422 561
707 375
707 85
1907 1236
232 182
232 1332
1908 240
322 1314
322 1132
1909 1075
1424 1333
424 1115
424 85
1910 397
1205 148
117 223
117 1334
117 785
117 67
1911 1335
1912 1080
1912 127
684 1336
684 1337
1913 142
656 357
362 290
362 1338
362 53
362 52
362 583
362 795
362 772
362 1339
362 703
362 788
362 34
204 1277
204 236
204 247
204 97
204 1340
204 1020
204 130
204 1341
204 1034
204 1342
204 1343
204 1289
204 895
204 238
634 860
1 1344
1 852
1 245
1 386
1 1345
1 621
1 1290
1 1346
1 1347
1914 652
1055 419
1055 608
1180 1036
1180 19
1246 626
1915 1210
1916 314
280 1251
280 173
280 134
280 616
280 253
280 628
280 13
280 393
280 472
515 245
515 397
515 552
515 1348
515 628
170 199
170 630
189 199
254 293
254 467
254 642
254 223
254 1349
254 252
254 616
254 1350
254 1351
254 120
254 1352
254 506
254 98
254 213
254 70
254 211
254 198
254 771
254 20
254 472
254 324
1917 60
756 315
756 1120
756 206
756 1353
756 443
756 668
592 1354
1456 403
1918 470
763 1355
555 20
670 1356
1018 1357
1018 1358
1018 301
1018 344
1919 707
1920 690
73 282
73 33
1921 1285
1378 1359
1212 85
1922 995
1923 352
1923 677
1444 1291
890 927
708 947
1924 1348
320 1097
320 143
320 134
320 514
320 378
320 388
1925 134
1925 262
1127 464
811 797
585 1324
585 653
331 910
331 294
331 1109
331 617
331 936
331 707
331 447
331 13
127 136
127 533
127 236
127 166
127 1215
127 277
127 795
127 134
127 154
127 475
127 1360
127 1361
127 1248
68 182
68 56
800 60
1347 1
1926 646
149 537
1197 146
500 138
500 5
500 1362
500 668
1927 357
1928 1363
348 134
348 1053
348 72
1427 470
945 1364
1442 1107
1929 624
1375 332
19 1365
19 445
19 379
19 136
19 91
19 1366
19 1367
19 321
19 315
19 1368
19 1180
19 1115
19 240
19 869
19 1245
19 881
19 49
19 443
19 362
19 618
19 159
1930 1095
1930 74
1145 76
1145 129
1145 1369
1145 102
1931 763
1932 425
1933 370
1933 17
1431 34
401 586
401 606
401 240
401 1370
401 3
995 76
1087 784
1934 870
972 293
1935 1371
893 240
1297 1372
523 1011
409 219
409 808
603 18
903 1117
903 205
903 45
1936 1373
1936 642
1936 70
1936 85
1017 365
1471 1120
1937 1
906 1374
1377 709
1938 22
332 1233
332 415
332 1375
1939 1376
709 947
709 1377
646 343
646 540
323 792
323 1109
1940 999
467 254
467 472
467 13
948 785
948 757
1226 74
1226 158
1359 1378
1318 826
367 1379
367 1380
367 1381
725 1382
188 665
839 805
839 1383
240 290
240 892
240 1384
240 1070
1289 419
1289 193
1289 204
1289 470
1941 6
819 1385
219 379
219 241
219 1386
219 1387
219 1388
219 60
219 475
219 409
219 336
219 13
219 612
429 201
429 1389
1942 1390
1943 1285
494 49
237 3
237 422
237 850
237 533
237 198
237 20
1944 494
672 85
1945 320
1946 1391
1946 1392
41 74
399 1183
399 1393
399 5
962 154
962 312
962 1145
93 576
93 1013
420 1043
1412 70
799 60
799 154
799 1394
471 151
471 194
471 539
471 1395
471 1396
1947 1397
982 344
936 1034
936 1398
1130 464
1066 448
1141 70
1236 262
1236 186
475 277
475 818
475 642
475 219
475 1388
475 454
475 127
1019 1399
1948 566
1949 868
1950 1126
1951 1400
1952 344
1223 59
1953 586
1221 98
1954 788
459 1280
1955 297
984 1173
845 190
454 1201
454 1217
128 870
128 85
310 1079
310 577
946 236
946 1401
946 317
946 566
1136 72
1136 259
1280 419
1280 76
1280 568
1280 459
1280 668
1280 617
1280 13
1280 470
593 619
593 1402
1208 1403
485 1404
1956 734
1024 1405
15 654
15 1398
941 1406
941 194
509 513
1010 334
1206 148
1957 1407
1958 9
1959 352
1960 146
967 5
967 1408
235 293
235 136
235 1409
235 1410
937 1034
1961 316
178 1411
178 1295
178 65
178 1088
178 70
1962 1302
1963 89
980 738
456 187
456 802
456 50
456 189
456 977
456 102
456 20
456 347
1964 217
70 933
70 397
70 254
70 1412
70 1141
70 105
70 70
70 475
42 29
42 1413
42 74
1965 1414
26 1415
557 880
557 20
557 1416
557 963
89 317
89 120
89 114
89 1417
89 266
89 516
89 230
1966 521
1967 216
1968 1418
1053 878
1053 30
1969 654
1970 534
910 331
828 214
1008 343
1008 334
335 388
659 1202
1121 657
1971 3
939 1001
374 1271
1972 1419
53 134
53 316
1167 213
1073 1420
1973 89
782 1421
372 737
372 685
372 1281
1974 114
1975 994
746 1352
746 1235
746 101
746 296
1179 914
1976 878
561 1422
561 336
561 1423
1196 1063
1196 993
1196 138
1196 1196
1196 102
1152 784
645 236
645 833
645 851
645 73
692 353
692 972
692 189
692 1295
692 262
692 473
1333 1424
1333 332
270 470
1237 29
1237 74
1237 881
609 1410
1977 423
1978 1425
1979 1308
1980 708
1980 1426
942 238
490 211
768 617
879 1051
879 102
879 965
879 706
1981 674
881 379
881 499
881 1237
881 19
1982 148
470 419
470 270
470 1427
470 1280
470 1381
470 1428
470 1218
470 625
470 1289
470 954
470 1429
470 13
470 1034
841 192
9 1430
9 457
9 145
34 1338
34 658
34 1431
34 1036
34 1432
34 74
34 1433
34 362
34 635
34 30
36 85
610 1109
610 1410
633 52
241 1434
241 1031
241 606
241 690
241 375
241 880
241 1285
241 21
241 54
241 97
241 581
241 296
241 427
241 1435
241 13
241 912
241 1405
241 219
241 276
241 1070
241 475
241 175
241 1201
241 464
241 122
241 662
241 172
241 755
241 826
241 1436
241 666
817 984
1255 92
497 211
1054 1437
167 1438
167 985
789 1439
789 138
1012 334
1983 1440
923 134
1984 226
143 653
143 1441
143 1442
143 1039
143 320
143 1443
143 295
143 396
143 137
143 388
143 617
143 414
143 175
1985 976
1291 520
1291 270
1291 1444
525 1011
961 125
1342 204
1301 208
1301 18
258 1445
558 136
558 735
558 138
558 892
558 1446
558 390
4 355
4 206
4 37
4 72
4 668
1443 889
1443 143
938 1001
1986 1033
1274 263
12 1447
12 771
1163 210
115 365
115 657
223 245
223 117
223 138
1987 113
1122 1043
1122 1106
130 204
130 677
130 691
130 105
130 1448
130 604
130 145
130 30
157 1075
157 1181
1015 584
1015 1449
364 583
364 648
389 451
389 1450
389 1050
1988 1162
91 17
1989 216
911 266
911 396
861 635
1154 184
1154 114
428 1451
1990 784
755 3
755 1128
1991 940
908 145
1992 199
689 1452
1993 89
1009 334
1345 1
1115 19
1115 31
1115 881
1367 19
1367 772
447 642
298 613
298 175
298 13
1151 578
366 583
520 531
520 1453
520 50
520 838
520 1454
520 306
339 10
1994 516
1994 312
1994 401
1994 357
1994 19
1394 1455
1394 6
1394 186
403 49
403 1456
403 693
403 72
354 1457
622 141
622 452
622 820
710 616
710 947
1995 1257
1996 996
1996 1458
912 1459
912 113
912 624
912 984
1997 1263
716 226
423 1460
423 620
423 223
423 65
423 289
423 262
423 572
968 29
968 639
531 520
531 370
142 274
142 1461
142 1462
1998 175
114 408
114 1295
114 50
114 37
114 169
1999 1463
1999 217
183 73
183 929
183 1464
482 70
482 13
482 144
512 642
2000 213
2000 46
2000 1106
2001 241
700 105
268 858
268 52
286 628
550 781
568 536
568 1280
573 901
573 1465
573 1466
2002 96
465 1467
2003 148
2003 334
1192 1468
2004 816
2005 825
180 1469
180 294
166 1470
166 13
1120 1471
1120 1217
1120 454
1120 1472
1120 1473
784 936
784 164
784 617
690 297
2006 1043
2006 1106
43 74
43 85
761 826
2007 389
2008 1474
738 381
738 927
738 685
478 472
2009 397
2009 853
2010 30
2011 134
2011 127
2012 1475
2013 1265
2014 1258
578 63
2015 642
153 1476
153 1477
153 102
2016 34
2016 37
2017 223
2017 1478
771 833
771 89
771 1206
771 127
771 1177
2018 312
78 751
78 1479
847 160
2019 53
833 443
833 771
833 645
833 1215
371 1249
681 850
681 130
446 294
528 381
528 1480
1193 261
2020 1481
435 880
809 211
809 1482
476 13
476 599
1035 27
658 381
658 401
658 1453
658 1483
658 1177
658 1413
658 1015
658 34
658 556
1148 262
791 51
193 293
193 878
193 464
193 5
193 139
193 245
193 1484
193 1485
193 294
193 725
193 431
193 406
193 70
193 76
193 1289
193 175
193 67
788 362
788 1486
620 423
620 1487
620 110
620 593
620 1488
