65 0
43 1
43 2
181 3
231 4
231 5
103 6
103 7
103 8
38 9
98 10
117 11
23 12
23 13
23 14
23 15
94 16
94 17
94 18
212 12
40 19
40 20
232 21
232 22
232 23
187 24
187 25
187 26
187 27
210 12
61 28
61 29
61 11
61 12
61 30
61 31
71 32
71 11
200 33
33 34
119 35
119 36
233 37
9 38
19 39
19 40
208 12
234 41
114 11
1 42
1 43
1 44
1 45
1 46
1 47
80 48
80 49
80 45
131 50
131 51
131 10
131 27
52 12
52 52
74 53
74 54
235 55
236 5
102 56
46 14
186 57
138 45
228 51
204 12
167 58
167 59
110 60
28 31
28 61
237 62
153 63
153 14
153 57
182 64
206 4
0 65
198 66
198 67
238 68
75 69
75 70
75 11
75 57
32 71
239 72
2 43
214 44
195 73
108 60
54 74
137 45
69 75
113 29
161 59
161 76
72 12
72 5
72 77
109 12
70 75
70 78
144 79
48 80
48 81
48 82
48 77
48 45
118 13
118 83
118 84
126 5
126 37
91 85
91 41
13 34
13 86
190 87
190 37
20 88
20 89
112 90
85 91
85 92
18 18
18 93
18 94
101 68
101 79
101 18
101 12
101 35
101 95
101 96
101 97
83 83
240 98
241 99
221 68
242 100
95 101
95 51
56 102
56 47
8 103
136 104
136 105
243 71
219 106
142 79
175 78
185 107
60 108
60 109
60 110
133 111
90 112
11 113
11 114
11 66
11 12
11 75
11 32
11 115
11 116
11 117
11 48
11 61
11 118
11 11
35 101
35 119
34 12
34 87
34 120
34 121
34 122
5 53
5 66
5 123
5 72
5 124
5 125
5 126
5 127
5 128
244 68
244 129
245 45
122 34
122 130
50 131
82 48
246 132
88 20
168 59
111 133
217 134
17 134
17 135
17 94
105 136
45 59
45 1
45 18
45 137
45 138
45 48
209 139
247 140
79 141
79 69
79 142
79 143
79 144
158 145
158 121
134 146
134 147
134 113
134 35
134 6
134 4
134 130
134 17
134 148
120 130
10 131
10 98
10 149
10 150
248 151
188 152
63 153
53 5
53 74
249 34
174 154
174 155
174 156
86 13
77 48
77 111
250 157
124 5
121 158
76 159
76 59
76 46
76 160
76 161
193 162
184 163
96 164
96 101
96 17
96 54
251 165
252 102
252 166
58 167
59 12
59 168
59 169
59 167
59 76
42 1
225 170
172 66
172 99
172 171
172 164
172 172
220 99
30 61
194 173
154 174
78 66
78 175
78 70
78 148
253 176
115 177
115 11
14 178
14 179
14 153
14 6
14 72
14 46
14 134
14 23
14 180
160 76
104 136
3 181
3 88
254 6
254 57
64 72
64 182
255 183
163 184
107 185
256 125
57 186
89 20
24 187
152 188
152 37
37 12
37 189
37 126
37 190
37 152
257 48
258 191
97 5
259 33
216 180
47 136
260 168
260 59
223 192
203 6
261 164
262 51
29 113
29 61
162 193
26 187
173 194
263 13
215 157
215 99
215 180
264 79
156 174
73 195
73 196
229 127
27 187
265 169
84 81
84 118
66 147
66 197
66 172
66 198
66 78
66 199
66 200
66 20
6 121
6 1
6 74
6 201
6 202
6 45
6 203
6 134
6 14
4 204
4 205
201 206
12 207
12 208
12 109
12 11
12 166
12 209
12 34
12 5
12 52
12 210
12 51
12 211
12 72
12 212
12 12
12 23
12 48
12 213
12 64
12 37
151 166
128 5
44 214
44 1
150 10
266 27
177 115
148 57
180 215
180 216
180 217
146 134
146 218
25 187
106 219
99 215
99 172
99 220
267 47
268 89
68 221
125 222
125 5
125 164
164 125
192 223
192 6
149 98
227 224
227 189
171 172
269 98
49 88
49 12
49 80
49 45
170 225
226 226
135 138
135 17
135 189
135 208
270 5
189 37
189 135
189 227
166 12
166 66
166 151
271 80
31 165
31 61
36 119
51 12
51 131
51 95
51 228
157 215
224 81
224 227
272 125
273 4
274 168
165 31
141 79
127 229
127 5
116 230
