268 0
117 1
20 2
20 3
20 4
20 5
20 6
20 7
24 8
24 9
16 10
16 11
269 12
144 13
58 14
10 15
10 16
10 17
10 7
201 18
152 19
2 20
2 21
2 22
71 23
71 24
71 25
71 8
71 26
71 27
71 28
71 29
71 30
71 31
71 5
71 32
71 19
71 33
71 34
132 25
132 0
132 35
177 36
177 7
156 37
61 38
216 39
240 40
122 41
122 30
122 42
161 43
161 44
161 45
167 46
107 39
107 47
107 48
107 49
133 50
149 51
126 52
126 21
126 39
126 53
59 54
270 47
270 39
9 24
199 8
62 55
271 56
14 57
14 58
272 59
140 60
130 25
273 61
55 0
55 62
274 63
275 64
265 65
265 66
276 39
171 67
277 68
75 69
278 70
27 71
28 71
111 72
111 73
4 20
279 18
280 74
128 53
281 75
247 76
247 77
123 78
179 79
114 80
114 7
83 81
83 82
81 83
258 84
282 85
90 77
90 86
90 87
90 7
77 88
77 19
77 89
77 51
77 90
175 7
191 91
191 39
191 92
98 46
163 93
283 94
266 95
266 7
284 96
285 82
285 71
286 39
287 97
288 95
289 98
290 71
209 39
209 12
291 61
26 25
26 95
26 99
26 71
172 100
172 39
172 101
103 102
103 79
103 103
147 13
0 104
0 55
0 105
41 106
47 32
47 107
47 51
292 108
169 109
249 110
99 26
73 111
73 112
222 113
222 105
80 114
72 111
72 13
231 19
145 13
212 39
176 115
176 116
176 7
263 46
263 25
89 77
1 106
1 117
293 118
104 0
104 119
148 120
148 18
30 18
30 71
30 30
30 121
30 39
30 122
78 123
78 71
78 124
53 125
53 126
53 127
53 128
69 75
69 129
25 26
25 35
25 71
25 130
25 131
38 61
35 25
35 132
294 36
50 133
50 134
106 8
106 117
106 13
295 39
230 19
52 126
253 135
296 39
296 96
96 67
96 136
244 137
214 138
214 39
214 139
297 7
60 70
60 140
298 134
196 57
196 67
196 141
262 142
262 143
5 20
5 71
186 127
299 39
299 126
299 134
13 72
13 144
13 145
13 146
13 147
13 29
13 118
13 7
120 148
94 137
21 2
21 7
51 149
51 150
51 151
51 22
51 152
51 47
51 153
51 154
51 155
51 77
51 67
37 156
37 157
37 158
37 159
37 12
37 160
300 143
301 161
22 57
22 51
22 162
22 45
22 163
22 164
22 39
45 44
45 165
125 53
215 166
215 39
302 167
302 168
42 122
109 169
218 170
218 171
101 172
303 112
17 10
17 16
7 173
7 20
7 80
7 174
7 95
7 175
7 176
7 10
7 29
7 46
7 177
7 13
7 39
7 114
7 34
304 51
168 55
207 178
305 172
79 179
79 103
79 180
97 181
225 182
213 39
306 183
307 39
308 169
203 110
229 184
229 93
229 185
86 90
127 186
127 84
127 187
309 188
309 13
310 6
124 78
82 18
82 189
239 190
91 191
235 19
311 150
227 192
217 193
217 39
115 194
115 39
115 195
57 14
57 196
57 164
312 197
312 39
312 33
93 163
93 71
139 198
8 199
8 200
8 24
8 71
8 106
18 148
18 201
18 30
18 39
18 46
313 202
313 203
314 204
208 39
237 205
31 168
31 71
31 85
31 206
31 39
31 7
178 207
315 16
39 115
39 107
39 208
39 172
39 126
39 209
39 210
39 211
39 212
39 18
39 22
39 213
39 214
39 215
39 30
39 216
39 19
39 34
39 217
33 68
33 71
316 218
316 170
316 161
232 219
223 105
15 10
15 86
317 220
257 84
116 53
116 176
116 221
251 197
36 177
198 39
136 96
236 19
318 126
252 187
252 161
319 59
320 59
105 222
105 0
105 223
105 71
105 19
321 87
322 224
322 225
189 82
323 137
256 226
256 136
228 29
192 227
6 20
29 7
29 228
29 71
29 13
184 229
324 8
325 39
19 230
19 51
19 231
19 105
19 232
19 71
19 233
19 234
19 235
19 39
19 236
155 151
155 51
259 210
205 237
326 73
327 238
113 222
190 239
92 191
182 225
40 240
261 46
261 70
162 22
146 13
54 59
54 134
328 241
328 242
328 243
3 20
3 176
3 114
137 94
137 244
137 245
329 222
329 75
151 155
151 51
34 39
34 71
34 7
129 69
131 25
32 39
32 47
32 71
330 78
165 39
143 71
141 246
141 70
173 7
44 197
44 161
44 45
331 247
331 248
332 167
250 197
211 39
119 111
119 138
333 16
234 19
110 249
110 203
197 250
197 251
187 252
153 51
43 44
334 13
135 253
135 254
135 255
87 90
160 37
335 177
23 71
226 256
84 257
84 258
157 37
245 137
245 119
210 259
210 39
210 34
68 260
68 33
185 229
70 261
70 39
70 141
336 45
200 8
337 262
88 77
254 135
46 167
46 261
46 18
46 263
46 264
46 98
46 46
46 7
66 265
95 26
95 266
67 51
67 171
67 196
67 267
67 96
338 13
158 37
