15 0
15 1
124 2
124 3
124 4
57 5
57 6
57 7
57 8
57 9
108 10
91 11
86 12
86 10
126 13
126 14
0 15
34 16
162 17
55 18
55 19
163 20
163 21
164 22
116 23
116 24
140 25
131 26
165 27
111 28
58 29
58 30
152 31
152 32
152 33
166 34
139 35
139 36
95 17
46 37
46 38
134 39
128 40
128 41
167 42
125 16
125 43
125 44
54 45
54 46
54 47
54 48
151 49
74 50
160 51
160 52
18 53
168 54
19 55
169 56
8 41
8 57
154 58
105 59
170 1
38 60
72 61
145 62
145 63
171 64
171 65
96 66
79 67
79 6
79 68
79 69
110 70
156 31
156 71
133 39
133 17
7 57
61 72
50 73
50 30
50 50
50 74
50 75
50 76
50 77
50 78
6 79
6 57
137 80
172 48
161 51
101 81
101 82
173 83
77 50
68 50
68 79
12 84
12 85
12 86
12 10
174 33
174 87
174 88
175 72
176 89
11 90
11 91
153 31
153 92
153 93
17 94
17 95
66 96
82 97
82 98
82 99
82 3
82 100
82 101
177 102
94 103
94 17
59 104
59 105
75 50
143 106
24 107
119 108
119 109
119 10
178 110
178 111
78 50
179 112
104 59
104 16
104 2
104 113
80 114
21 50
21 115
21 61
21 113
138 13
180 116
180 117
180 24
132 118
10 108
10 12
10 86
10 119
121 120
121 121
114 80
150 16
181 122
37 123
37 38
4 124
84 12
84 62
107 24
182 64
182 125
29 58
14 126
183 127
41 8
41 128
135 39
184 129
9 18
9 41
9 130
26 131
118 31
118 132
44 125
39 92
39 133
39 134
39 135
1 15
1 16
185 17
97 136
97 137
97 80
97 82
186 21
98 82
13 138
36 139
158 62
2 124
2 104
2 3
2 82
127 31
25 140
187 41
69 79
69 69
109 119
188 41
81 101
113 104
113 132
189 50
190 141
191 142
191 24
106 143
120 121
149 45
149 144
192 82
63 145
193 146
194 118
195 147
195 148
45 149
16 104
16 150
16 125
16 34
16 87
196 31
196 58
196 43
49 151
49 67
43 97
43 125
31 152
31 153
40 128
197 154
197 62
197 155
71 156
144 154
144 143
23 116
198 157
199 62
67 79
62 56
62 158
3 124
3 2
3 82
200 74
200 102
201 124
202 51
203 52
203 159
203 44
51 160
51 161
51 52
30 29
204 133
