149 0
158 1
158 2
158 3
105 4
157 5
157 6
220 7
18 8
18 9
18 10
18 7
18 11
45 12
110 13
110 14
7 15
7 16
7 17
7 18
96 19
96 20
96 21
221 22
195 23
172 24
66 25
222 19
125 26
206 27
9 18
35 28
59 29
59 30
59 16
59 31
59 32
59 33
28 34
28 35
183 36
183 37
78 38
78 39
78 40
78 34
78 41
78 42
99 21
99 43
12 44
12 45
12 46
217 47
170 48
170 49
100 50
100 51
100 16
100 52
223 53
223 54
132 55
132 56
152 7
152 57
152 58
33 59
108 60
224 61
224 62
67 63
67 64
67 8
67 62
67 58
67 65
67 59
67 24
25 66
225 59
64 67
64 68
107 69
107 70
107 71
226 24
227 7
228 42
229 72
109 73
230 23
89 74
214 75
76 76
76 77
39 78
79 79
79 80
204 81
150 82
150 52
136 8
136 19
136 83
207 84
137 52
137 11
133 56
97 85
97 86
97 87
97 74
231 59
111 88
111 11
111 54
111 49
102 89
232 90
232 13
185 91
185 92
185 93
185 94
19 22
19 95
19 96
87 83
87 97
21 98
21 99
51 100
51 101
51 22
128 19
128 56
74 102
17 7
17 37
17 103
4 104
4 105
4 106
4 16
4 11
106 4
71 107
71 31
60 108
73 109
233 110
191 58
43 5
43 99
88 111
201 112
63 67
63 19
63 113
126 114
159 115
159 11
141 116
213 8
213 117
213 118
213 31
53 6
53 111
53 119
53 24
40 120
40 121
40 78
40 122
40 123
40 124
209 91
234 80
26 125
235 126
56 19
56 91
56 127
56 128
56 129
56 130
56 131
56 69
56 132
56 116
56 133
216 134
236 15
237 39
101 51
30 135
30 83
30 53
30 6
30 59
30 24
83 136
83 30
83 87
11 137
11 138
11 18
11 4
11 31
11 139
11 24
11 2
11 140
168 141
62 142
32 59
32 83
140 143
140 144
140 145
140 111
140 11
140 122
140 37
140 142
117 146
117 63
117 147
52 148
52 137
52 149
52 150
90 24
113 151
113 94
113 63
113 24
77 76
144 140
0 149
0 68
57 152
145 140
200 14
193 153
42 78
42 38
147 117
58 154
58 152
58 61
58 155
116 141
116 56
41 78
167 156
6 30
6 157
6 53
2 158
2 134
2 159
138 11
211 160
211 23
95 19
55 132
82 11
82 52
82 161
82 150
80 79
80 162
80 45
80 163
80 133
80 164
238 149
16 4
16 130
16 110
16 103
16 71
154 165
154 166
154 58
156 8
156 167
239 140
240 7
190 98
190 128
190 168
190 122
190 7
190 52
190 169
48 170
212 23
114 126
24 67
24 171
24 14
24 172
24 11
24 8
24 56
241 173
174 174
173 175
173 176
173 177
173 178
242 87
243 0
20 179
131 56
139 11
205 180
155 61
155 58
155 181
244 94
202 182
36 183
37 63
37 140
194 104
194 184
179 20
98 72
94 151
94 185
94 113
94 186
65 187
245 78
165 154
103 54
103 17
85 97
122 40
142 62
246 5
246 14
246 111
246 188
175 173
199 189
169 190
29 59
29 94
210 23
130 16
247 53
247 191
247 192
153 193
153 53
184 146
184 194
8 67
8 195
8 19
8 188
8 12
8 156
8 136
8 37
8 196
8 118
8 197
248 198
215 22
163 80
46 12
192 187
162 80
189 199
249 41
14 110
14 200
250 97
112 153
112 201
188 53
182 202
182 203
182 108
251 53
252 7
31 71
31 59
31 11
253 158
254 39
254 129
81 204
255 205
256 96
27 206
84 207
84 160
84 208
91 185
91 209
91 56
127 56
38 136
38 78
38 42
38 23
70 107
23 210
23 211
23 195
23 212
23 37
146 213
146 117
69 107
69 77
75 214
75 24
22 28
22 215
22 19
34 28
34 78
115 159
134 216
47 217
47 59
68 0
68 64
171 218
171 19
171 24
257 137
196 8
54 58
54 111
129 39
203 182
160 211
258 137
5 157
5 219
197 8
