10 0
39 1
39 2
39 3
39 4
39 5
39 6
39 7
39 8
39 9
207 9
0 10
52 11
52 12
52 9
40 13
40 14
40 15
40 16
40 8
116 5
85 17
85 18
141 16
141 19
148 20
173 21
173 22
93 23
93 3
93 21
93 24
93 25
93 5
93 26
93 9
182 27
182 28
208 29
90 30
193 31
209 32
142 19
142 33
43 34
210 35
211 36
211 37
8 38
8 39
8 24
8 40
8 41
8 42
8 5
8 43
8 20
212 27
114 44
213 45
112 21
112 2
112 46
181 47
61 48
61 49
139 50
100 51
100 35
12 52
201 53
168 35
214 54
214 15
96 39
96 55
96 56
96 57
68 58
68 59
48 60
48 61
48 21
48 62
48 63
48 57
48 64
187 65
215 66
133 67
133 48
133 49
58 68
58 66
58 69
58 70
58 71
58 3
58 58
58 72
58 73
58 74
58 6
58 75
58 76
58 77
58 20
58 78
144 79
128 80
149 53
149 81
149 82
18 83
18 84
18 85
18 86
18 87
18 2
6 58
6 88
6 15
6 89
30 90
83 45
83 18
83 83
216 91
119 71
217 92
177 93
177 94
177 95
55 96
218 97
219 98
220 99
51 100
153 101
153 102
206 103
180 104
180 105
157 106
157 107
221 48
170 108
17 109
17 110
17 111
117 71
117 41
46 54
46 21
46 112
46 113
5 93
5 114
5 28
5 66
5 115
5 44
5 21
5 108
5 116
5 54
5 79
5 8
41 117
41 8
7 39
176 2
26 93
26 118
222 25
223 119
120 15
224 111
15 120
15 121
15 3
15 88
15 97
15 9
15 6
25 93
225 49
197 121
111 122
111 111
9 93
9 39
9 52
9 15
204 16
204 123
226 124
227 69
189 48
44 114
3 93
3 125
3 39
3 58
3 73
3 15
3 126
3 127
80 128
228 129
145 130
145 131
57 96
57 48
57 132
67 133
67 134
196 36
196 18
74 58
155 9
155 135
229 2
230 136
184 137
184 48
184 108
231 15
231 123
203 138
73 139
73 3
73 58
194 48
194 140
19 141
19 142
42 8
175 143
79 115
79 21
79 144
79 145
79 53
79 146
79 103
79 147
20 77
20 148
20 8
82 149
178 150
4 147
125 3
232 49
76 58
136 151
136 152
233 153
202 154
135 19
135 155
234 156
107 157
134 85
134 67
164 158
164 71
164 91
164 159
99 160
99 161
99 162
99 79
110 163
71 164
71 165
71 66
71 69
71 119
71 58
71 166
71 167
71 79
71 78
35 168
35 169
151 136
97 15
108 170
126 3
113 3
113 2
113 171
113 46
113 130
198 28
174 63
49 61
49 66
78 71
78 93
235 66
72 93
22 54
22 60
22 172
22 48
22 173
63 174
63 48
188 54
171 21
69 71
69 58
122 111
179 175
236 48
2 39
2 176
2 83
160 102
237 3
33 142
94 169
94 177
238 102
238 150
62 48
239 8
150 49
150 178
75 58
75 179
105 180
87 133
167 71
167 113
47 181
89 6
240 58
130 54
130 145
130 3
190 169
190 111
66 182
66 71
66 166
66 58
66 85
66 49
66 183
66 103
84 18
137 184
102 160
102 150
102 54
102 177
102 143
102 9
23 93
106 185
24 8
241 93
242 186
54 130
54 187
54 4
54 31
54 188
54 46
54 142
54 5
54 22
54 49
54 37
183 66
11 52
11 189
38 8
21 93
21 190
21 48
21 173
21 171
21 5
21 191
21 46
152 136
56 96
56 174
56 192
166 71
31 54
31 193
88 15
88 6
14 40
169 98
169 35
169 132
140 177
140 194
86 18
243 195
146 54
146 174
146 48
36 71
36 196
36 28
244 7
65 187
121 197
121 15
245 117
28 5
28 198
28 16
172 22
27 199
27 192
27 200
27 182
124 71
246 99
81 149
192 27
192 56
53 93
53 149
53 201
154 202
138 203
16 204
16 28
247 205
103 206
103 79
103 183
103 66
