137 0
366 1
290 2
393 3
393 4
249 5
305 6
192 7
9 8
9 9
9 10
9 11
9 12
9 13
9 14
9 3
9 15
9 1
9 6
9 16
9 17
9 18
9 19
9 20
155 3
155 21
155 22
155 23
155 24
80 25
80 26
77 27
77 28
16 29
16 30
16 31
16 32
16 20
16 33
16 19
16 34
16 35
16 36
16 9
16 37
16 38
16 39
16 27
16 17
16 40
16 26
16 41
16 42
16 43
16 44
16 6
16 45
16 46
16 47
16 48
16 49
16 50
16 51
16 52
16 53
164 54
164 6
394 55
231 56
278 57
161 45
161 58
161 59
395 60
396 61
233 62
315 63
397 64
74 27
346 6
119 65
119 66
119 67
319 6
23 27
23 24
202 68
202 69
202 70
202 65
248 5
298 71
27 72
27 23
27 73
27 74
27 75
27 16
27 76
27 77
217 78
217 79
26 80
124 81
265 82
14 83
14 84
14 85
14 9
14 86
14 87
14 88
14 79
14 89
14 90
14 91
14 92
14 93
14 94
14 39
14 5
88 9
88 66
88 14
88 95
88 96
94 97
94 98
94 14
94 70
98 94
98 99
98 100
98 101
387 102
387 51
329 6
378 103
378 104
378 105
331 6
51 18
51 106
51 107
360 108
264 109
264 110
264 111
264 112
264 21
364 75
85 14
334 6
186 113
13 114
13 51
13 9
117 115
117 116
117 117
117 118
398 83
398 14
66 119
66 88
208 120
237 70
182 121
182 122
182 69
196 108
196 123
196 1
196 6
81 41
81 124
225 125
382 126
291 127
291 9
270 128
270 129
188 130
158 70
399 127
200 131
200 132
200 133
200 23
200 65
400 134
344 6
138 18
138 135
138 55
138 136
0 137
219 138
219 139
219 70
347 6
207 140
293 141
99 98
99 142
349 6
156 143
289 76
289 134
350 6
177 144
177 145
162 114
162 146
162 147
162 87
236 148
401 149
402 150
403 151
404 152
71 6
3 153
3 154
3 155
3 156
3 9
353 6
244 113
244 157
244 9
228 158
215 57
22 159
22 155
46 16
46 17
171 160
171 125
221 8
221 6
45 42
45 161
45 16
405 162
90 14
388 163
406 2
54 164
226 17
211 165
211 6
299 6
267 166
287 33
304 6
149 126
55 138
153 3
153 8
59 86
306 6
407 167
261 28
261 168
408 169
371 170
160 171
160 79
314 6
11 172
409 173
410 174
376 60
106 51
181 107
175 175
175 159
411 104
411 176
412 33
266 166
144 177
144 1
87 178
87 179
87 141
87 180
87 16
87 162
87 181
87 86
413 166
322 6
122 182
414 183
323 6
415 176
375 24
325 6
328 6
377 184
330 9
330 155
330 6
49 16
49 185
193 113
193 186
416 16
210 89
53 187
53 41
385 73
262 159
262 89
262 108
262 21
417 126
38 16
38 188
91 189
91 14
418 41
136 138
136 190
238 191
340 6
342 6
257 18
7 192
113 193
113 65
113 186
113 191
113 5
135 17
128 129
128 64
386 183
20 194
20 195
419 79
419 156
280 196
95 197
95 198
95 15
95 199
95 88
86 185
86 14
86 59
86 87
420 156
205 65
65 34
65 200
65 201
65 202
65 113
65 109
65 70
65 203
65 166
65 204
65 5
65 119
65 205
140 206
140 207
421 208
422 209
422 126
199 95
147 162
131 26
131 8
423 180
223 210
355 6
165 211
116 125
116 117
57 212
57 165
57 213
57 214
57 215
79 216
79 154
79 217
79 14
218 15
218 218
363 108
139 219
8 131
8 144
8 9
8 25
8 153
8 220
8 221
301 6
258 222
258 201
132 41
132 6
42 45
42 16
104 128
104 6
295 109
142 99
89 9
89 223
89 14
89 210
89 111
89 224
89 127
89 225
17 46
17 18
17 70
17 226
17 16
284 227
284 58
284 228
125 17
125 225
125 116
275 213
311 6
312 6
272 229
279 42
279 6
279 230
279 1
250 17
56 231
56 1
56 201
296 232
296 15
318 6
273 213
62 233
424 51
425 234
72 27
69 202
69 182
321 6
190 235
190 136
190 33
198 95
247 126
148 127
148 236
148 86
426 18
70 202
70 237
70 219
70 6
70 94
70 17
191 113
191 238
427 14
367 239
242 240
242 121
242 241
242 242
242 6
359 120
428 72
429 51
430 81
431 191
431 51
432 51
10 12
433 243
178 125
178 204
178 87
154 79
332 6
157 244
333 6
5 245
5 139
5 246
5 247
5 65
5 248
5 121
5 70
5 249
5 250
5 251
5 151
5 252
5 253
5 155
5 33
5 254
64 128
64 234
64 6
30 6
335 6
335 255
18 256
18 51
18 257
18 209
18 17
18 19
222 258
434 18
297 259
297 260
168 261
159 262
159 21
121 163
121 242
121 182
292 263
292 17
41 56
41 73
41 6
112 21
112 264
341 6
82 265
82 251
82 1
123 196
123 41
166 266
166 42
166 41
166 65
166 267
166 70
166 268
166 51
435 185
343 6
48 16
436 269
379 126
129 128
129 270
129 6
118 117
118 271
173 1
4 6
31 16
229 272
245 273
245 33
245 5
283 274
282 107
213 273
213 57
213 275
12 10
12 276
12 277
12 6
12 9
187 53
437 278
212 57
243 73
243 156
230 279
438 280
439 281
268 166
440 265
440 9
107 282
107 51
107 181
96 6
58 283
58 284
300 6
143 285
143 156
277 12
441 286
227 284
185 49
33 245
33 190
33 23
33 163
33 287
33 288
33 134
33 5
442 202
76 289
76 186
76 134
127 36
127 290
127 1
127 134
127 189
127 291
271 118
263 292
263 41
201 56
201 258
43 9
141 293
78 171
443 294
109 121
109 65
109 295
109 87
109 251
109 264
180 87
52 16
317 6
15 296
15 218
15 95
32 16
240 242
337 6
97 94
260 297
203 42
203 65
2 290
444 59
93 14
285 143
83 14
44 16
445 298
6 299
6 300
6 301
6 302
6 303
6 304
6 305
6 132
6 104
6 306
6 307
6 17
6 308
6 309
6 211
6 310
6 311
6 312
6 313
6 314
6 279
6 315
6 316
6 317
6 318
6 319
6 320
6 321
6 322
6 323
6 14
6 70
6 324
6 325
6 242
6 326
6 327
6 328
6 329
6 330
6 331
6 332
6 333
6 96
6 64
6 334
6 30
6 335
6 336
6 337
6 239
6 196
6 204
6 338
6 41
6 339
6 340
6 341
6 342
6 343
6 344
6 345
6 346
6 129
6 347
6 348
6 126
6 349
6 183
6 197
6 20
6 16
6 350
6 351
6 12
6 71
6 352
6 353
6 205
6 46
6 354
6 221
6 355
6 356
6 357
6 358
6 218
6 164
120 359
108 360
108 361
108 362
108 363
75 27
75 364
172 365
172 11
92 158
92 126
369 1
369 366
276 12
336 6
39 16
39 14
34 16
34 65
34 87
37 16
288 252
288 33
288 5
239 367
239 6
1 56
1 144
1 9
1 173
1 368
1 196
1 279
1 127
1 1
1 366
1 369
1 82
209 370
170 371
446 27
447 119
204 6
204 65
234 64
234 244
448 144
24 372
24 373
24 155
24 374
24 375
60 376
184 377
126 247
126 378
126 379
126 51
126 380
126 381
126 92
126 149
126 110
126 382
145 177
145 383
73 27
73 355
73 182
73 32
73 384
73 385
73 243
183 386
183 6
361 108
361 166
114 162
114 13
114 195
102 387
163 121
163 388
163 41
195 114
195 20
449 41
450 41
21 262
21 264
21 389
21 155
115 117
146 162
146 390
130 188
451 391
452 392
252 5
