23 0
190 1
94 2
94 3
94 4
199 5
213 6
73 7
73 8
73 9
73 10
73 11
73 12
73 13
73 14
73 15
73 16
73 17
214 18
215 19
152 20
152 21
128 22
0 23
0 24
0 25
0 26
100 27
133 28
133 29
216 30
216 31
160 32
63 24
63 33
63 34
63 35
63 36
63 37
63 38
63 39
217 40
146 41
97 42
97 43
3 44
218 45
119 46
219 19
72 11
72 47
72 9
164 11
185 48
157 49
157 50
113 25
220 51
102 52
102 53
126 54
142 55
142 56
142 57
142 58
81 35
81 59
81 60
81 33
87 61
221 4
39 62
39 63
150 64
150 45
150 65
150 0
111 24
111 66
111 67
111 68
111 69
111 70
47 71
47 72
8 73
222 74
62 11
62 75
62 39
15 73
223 76
224 77
224 78
44 3
96 26
165 11
33 79
33 80
33 81
33 63
225 82
163 49
226 83
202 84
202 85
227 86
61 87
203 88
173 89
116 90
116 9
204 88
210 91
228 92
4 93
4 94
118 18
101 95
101 96
42 97
42 35
229 51
229 98
27 99
27 100
7 11
95 101
95 99
31 33
180 80
53 102
53 103
21 80
230 47
161 104
161 105
161 106
115 107
231 108
232 88
232 109
188 110
68 111
68 112
68 70
6 30
6 80
6 66
6 91
170 80
25 0
25 113
25 90
25 114
51 50
60 81
52 102
107 35
107 115
107 75
26 40
26 0
26 96
18 116
18 117
18 90
18 118
99 95
99 27
46 119
46 120
74 10
74 121
74 48
192 1
124 1
124 122
124 123
124 124
194 1
205 125
233 115
54 126
172 70
35 81
35 63
35 11
35 42
35 127
35 107
22 128
120 46
211 91
191 1
234 51
103 75
137 129
137 130
137 131
16 55
16 73
235 132
28 133
175 57
236 134
236 25
131 19
131 135
131 136
131 137
131 70
151 138
151 135
151 139
237 131
238 140
238 137
238 70
9 73
9 116
9 32
9 141
206 130
55 142
55 16
55 108
34 143
34 144
34 63
177 145
40 84
40 57
40 141
176 129
141 40
141 11
141 96
41 146
41 147
41 148
239 149
239 37
162 65
209 91
10 83
10 74
45 64
45 150
156 70
156 50
122 124
139 151
58 142
240 152
241 153
50 51
50 154
50 40
50 25
50 88
50 155
50 156
50 157
112 68
187 98
242 158
123 159
123 124
32 83
32 160
32 9
106 161
243 11
65 46
65 162
65 150
49 163
171 24
64 45
64 150
11 35
11 164
11 165
11 166
11 167
11 72
11 7
11 73
11 38
11 168
11 82
11 169
11 141
181 80
244 130
245 53
246 170
24 111
24 0
24 63
24 95
24 79
24 171
148 41
148 92
183 70
83 32
83 108
247 86
159 123
17 73
248 172
89 173
89 174
249 175
249 162
71 47
129 156
129 176
250 117
153 128
182 70
145 177
251 33
79 24
79 178
212 179
80 48
80 33
80 6
80 148
80 180
80 152
80 181
56 35
56 142
56 63
70 68
70 36
70 182
70 183
70 184
70 156
70 131
70 172
252 185
105 161
105 131
253 186
98 187
1 188
1 189
1 190
1 191
1 192
1 124
1 193
1 194
1 195
1 196
1 197
5 198
5 40
5 199
5 200
5 73
5 201
84 40
84 84
84 202
12 73
108 55
108 83
108 19
88 203
88 204
88 50
254 143
57 40
138 151
174 89
255 9
48 80
48 185
66 6
125 205
75 107
75 103
75 62
130 206
130 137
85 202
85 207
198 5
193 208
29 133
91 6
91 209
91 210
91 211
208 193
69 111
256 134
257 212
169 11
258 26
