172 0
172 1
64 2
64 3
64 4
64 5
177 0
177 6
177 7
177 8
177 9
35 10
35 11
35 12
193 13
193 14
75 15
275 16
144 17
276 18
226 19
57 20
57 21
57 22
57 18
57 23
57 12
57 5
57 24
57 25
57 26
266 27
112 28
112 22
277 29
141 24
141 30
222 3
222 1
222 31
263 32
214 33
214 34
10 35
208 36
278 37
127 38
127 39
206 40
97 41
97 42
213 43
136 18
209 44
70 21
279 45
279 46
37 47
280 48
205 49
205 50
281 7
34 51
34 52
34 53
262 54
282 55
12 56
12 57
12 58
12 59
12 17
12 60
12 61
159 62
5 43
5 44
5 3
5 63
5 64
283 65
221 66
221 67
221 68
221 69
221 70
243 6
71 71
71 72
71 73
71 74
71 75
71 76
71 62
71 77
71 78
71 79
71 80
71 81
71 82
71 33
71 83
230 84
72 71
72 85
284 86
162 87
285 88
171 89
253 90
160 87
77 91
286 92
287 61
288 61
289 93
290 27
96 82
96 94
96 84
11 35
11 95
11 84
94 96
52 97
52 85
95 11
291 98
174 99
174 1
156 100
4 64
4 18
153 101
250 102
250 103
292 24
120 25
238 104
238 105
56 12
56 76
56 106
20 107
20 84
20 108
20 57
163 109
180 110
180 111
76 71
76 6
76 56
22 24
22 112
22 57
133 113
134 114
134 115
98 116
211 117
63 63
63 5
219 118
232 119
232 84
25 118
25 120
25 84
25 23
25 121
25 9
293 96
8 122
8 123
8 124
8 125
8 90
8 126
8 16
23 6
23 127
23 57
39 128
39 127
215 33
215 87
294 129
294 130
294 111
74 71
74 131
113 132
113 29
113 133
114 134
18 132
18 135
18 136
18 137
18 138
18 116
18 139
18 57
18 140
18 4
18 141
18 142
18 24
18 143
18 107
295 16
296 132
17 144
17 45
17 12
297 145
297 146
78 147
38 71
38 148
38 149
38 136
38 117
38 46
38 55
38 127
38 9
132 150
132 151
132 57
132 152
132 153
132 154
132 6
132 18
132 9
123 52
123 8
123 155
100 156
298 87
125 8
62 71
62 29
62 157
62 158
62 140
62 5
62 24
62 82
62 159
62 9
87 160
87 161
87 162
109 163
200 164
42 97
42 108
194 13
194 151
194 165
257 48
257 166
46 38
46 24
107 20
107 167
107 168
107 18
107 127
16 106
16 8
16 169
188 6
188 8
188 9
196 170
148 171
1 172
1 173
1 123
1 152
1 174
1 175
299 176
244 154
244 62
0 172
0 177
274 178
21 70
21 57
15 75
261 177
261 179
110 180
110 121
300 150
9 79
9 181
9 46
9 165
9 106
9 25
9 177
9 182
9 183
9 33
9 184
9 132
9 29
9 84
9 38
9 171
9 185
9 186
9 187
9 188
9 189
9 190
9 191
227 192
239 154
239 6
13 193
13 194
13 159
150 195
170 196
170 37
170 197
170 198
14 199
164 200
301 84
139 18
131 74
223 7
165 201
165 9
155 73
155 123
302 115
140 62
140 18
303 202
304 203
106 56
106 122
106 16
106 44
73 155
207 40
207 204
50 205
40 206
40 24
40 151
40 207
265 71
265 142
55 52
55 108
36 208
44 209
255 210
267 108
117 211
212 212
212 19
60 12
245 151
245 149
305 213
2 103
2 173
33 71
33 214
33 215
33 194
33 115
249 216
93 217
231 84
41 97
92 61
254 137
118 25
118 218
118 219
138 18
151 132
151 194
233 84
306 220
3 221
3 64
3 222
3 223
3 194
128 39
307 224
307 132
173 58
173 1
19 225
19 226
47 37
143 18
308 227
309 196
26 57
251 121
310 228
310 29
311 122
260 185
122 106
122 223
122 8
101 153
51 229
51 34
84 230
84 231
84 96
84 232
84 25
84 79
84 233
84 9
158 62
312 222
99 174
268 234
7 235
7 223
83 71
115 33
115 236
115 29
80 91
80 71
58 173
58 18
58 115
313 152
79 71
79 9
79 8
79 84
247 237
105 238
197 170
116 98
116 121
116 18
53 34
53 108
217 93
314 37
126 8
315 132
6 239
6 132
6 240
6 238
6 177
6 76
6 207
6 241
6 242
6 24
6 168
6 18
6 243
6 188
154 239
154 69
154 132
154 244
82 71
82 96
82 62
82 84
316 108
175 1
317 92
317 155
85 72
149 38
149 18
149 245
29 9
199 14
124 8
157 62
318 116
45 246
45 17
237 247
237 248
152 1
152 132
216 249
103 2
103 250
121 110
121 25
121 251
319 111
320 230
104 238
104 252
90 253
90 146
321 82
322 233
323 104
135 18
135 137
324 38
137 135
137 61
137 18
137 254
210 255
210 256
182 221
67 221
166 257
325 208
169 16
91 71
91 120
91 91
91 77
91 258
91 80
91 259
59 12
185 260
185 9
326 168
167 107
65 142
229 51
179 261
54 262
102 250
69 154
69 221
327 201
32 263
142 264
142 65
142 18
142 265
328 45
236 115
252 104
27 266
108 37
108 20
108 53
108 267
234 268
191 9
24 269
24 197
24 129
24 62
24 22
24 89
24 242
24 270
24 46
24 271
24 6
24 57
24 141
24 18
24 272
329 273
61 137
330 71
330 274
330 166
330 31
330 9
246 45
