225 0
226 1
227 2
92 3
92 4
77 5
77 1
77 6
77 7
77 8
228 9
229 10
188 3
188 11
230 12
33 13
33 14
33 15
215 16
231 17
65 18
73 19
232 20
232 21
90 22
53 23
53 24
53 25
137 26
149 27
149 28
233 29
70 30
70 31
15 32
15 33
15 34
214 35
214 36
214 26
214 37
124 38
124 39
124 40
93 41
93 42
93 43
93 44
93 45
93 46
93 47
93 48
211 49
211 18
211 50
42 46
54 51
54 52
234 53
51 54
159 55
115 56
109 57
81 58
81 59
81 60
81 61
81 62
81 63
81 18
81 64
81 65
81 10
135 2
30 66
30 67
30 68
30 69
30 70
30 28
30 47
102 71
102 72
102 73
102 74
102 75
102 76
102 77
197 78
197 79
62 61
62 80
62 81
158 82
18 22
18 58
18 65
18 62
18 11
18 83
18 84
18 85
18 86
18 87
18 88
18 81
235 89
235 90
206 91
180 32
3 92
128 29
45 93
181 94
181 9
181 95
181 96
84 18
84 97
148 98
100 99
100 3
100 100
86 18
72 101
72 75
72 102
72 2
208 103
60 81
112 104
96 105
96 104
96 59
96 2
96 106
63 107
63 81
108 108
57 109
236 68
13 110
13 111
13 33
104 5
104 96
104 112
104 55
237 113
238 114
56 115
56 116
56 18
56 117
56 33
239 118
71 102
71 119
166 120
192 121
192 1
189 122
174 123
67 30
67 66
39 124
39 38
39 125
39 77
38 46
61 125
61 62
167 40
167 126
167 62
167 127
190 126
44 93
44 26
29 128
1 129
1 123
1 130
1 77
156 131
156 132
156 133
10 134
10 81
47 91
47 68
2 72
2 96
2 135
22 83
22 136
22 18
240 59
183 68
26 137
26 44
26 138
26 48
101 72
75 72
75 102
75 62
161 55
198 139
198 66
198 140
198 141
198 142
191 143
191 33
191 74
177 144
205 145
205 118
46 38
46 16
146 146
146 147
98 3
98 148
209 66
209 141
34 15
27 18
27 149
27 150
27 151
27 152
27 153
27 154
222 147
241 14
24 155
74 27
74 102
74 123
132 156
212 157
242 30
82 158
55 159
55 160
55 161
58 81
59 162
59 96
59 81
59 163
52 54
224 6
243 164
103 165
103 21
244 73
120 166
120 89
127 167
85 18
85 143
85 55
87 168
175 169
175 89
175 17
195 5
195 170
88 18
245 30
245 5
133 156
172 144
172 162
172 59
172 79
246 171
165 103
216 14
8 77
164 68
69 68
162 59
162 172
130 1
247 66
97 173
97 84
125 61
125 174
123 14
123 174
123 150
123 74
248 14
248 50
17 175
176 176
144 121
144 177
144 172
213 163
249 48
152 27
152 178
152 179
32 180
32 15
119 168
116 11
116 56
250 123
141 91
141 57
251 11
252 181
210 50
253 182
68 30
68 183
68 66
68 26
68 53
68 69
68 47
201 110
201 11
201 9
207 184
207 113
193 5
193 185
254 147
254 186
40 124
40 167
40 171
40 74
203 43
25 53
25 23
255 187
255 188
122 189
256 25
126 162
126 14
126 190
126 176
143 191
257 50
121 144
121 192
121 97
218 114
185 77
185 193
185 194
258 110
259 195
23 53
23 120
23 25
182 66
79 196
79 197
79 172
83 22
139 198
199 199
199 66
199 67
155 135
260 200
9 201
9 181
261 98
262 175
262 45
171 98
43 202
43 47
43 203
43 93
43 98
105 11
105 96
204 204
118 205
91 206
91 141
91 194
194 91
194 26
194 185
194 1
184 207
263 121
264 166
169 147
66 30
66 208
66 68
66 103
66 52
66 117
66 198
66 199
66 209
66 56
50 11
50 66
50 210
50 211
265 212
99 100
99 33
170 195
163 59
163 213
37 214
16 46
16 215
14 216
14 50
14 33
14 217
266 103
94 144
94 181
21 166
114 218
267 219
106 5
106 96
5 106
5 220
5 193
5 77
5 195
5 104
268 221
11 116
11 105
11 201
11 50
147 143
147 222
269 74
196 79
217 14
134 10
48 93
48 223
48 26
6 224
160 55
95 181
138 26
