60 0
60 1
60 2
144 3
122 4
80 5
80 6
40 7
40 8
53 9
53 10
53 11
53 12
53 13
186 14
186 15
186 16
37 17
37 18
71 19
164 20
50 21
50 22
50 23
172 24
57 25
57 26
57 27
57 28
57 10
57 29
187 30
188 31
124 32
124 33
124 34
124 35
68 36
70 19
17 37
8 38
8 39
8 40
8 41
189 42
61 0
61 43
190 44
167 45
167 46
167 47
93 38
93 48
191 49
23 38
23 50
23 51
192 52
12 53
12 54
109 55
193 56
27 20
27 57
27 26
27 58
116 59
0 60
0 61
194 62
99 63
99 64
75 65
195 66
13 53
36 67
36 68
154 69
126 66
19 70
19 71
19 55
19 72
136 73
77 29
65 74
65 75
65 76
91 6
91 76
196 45
197 77
177 29
81 78
81 30
81 5
81 79
5 80
5 81
131 55
131 82
7 40
198 83
51 28
51 23
125 84
78 81
127 14
127 77
135 85
199 86
52 56
52 87
52 88
52 89
200 90
178 29
6 80
6 91
38 92
38 93
38 8
38 23
114 94
114 95
114 29
96 95
95 10
95 34
95 96
201 97
139 98
139 54
98 29
202 99
128 100
64 99
155 72
158 30
158 29
105 48
149 101
149 102
183 29
28 103
28 98
28 57
28 51
28 104
48 105
48 106
48 34
48 93
48 107
48 12
203 108
203 109
159 64
204 109
204 29
205 110
205 111
205 112
206 113
94 114
94 115
94 85
26 27
26 57
26 10
59 116
207 45
39 8
104 117
104 118
104 28
67 119
67 46
208 55
123 15
150 98
174 29
209 120
56 52
115 94
210 121
211 122
15 123
15 124
84 125
212 126
213 99
79 81
214 127
100 5
100 128
100 129
215 130
82 131
82 46
82 132
82 10
216 52
216 127
157 133
157 46
162 113
85 134
85 94
85 135
85 66
66 85
66 126
73 136
34 124
34 43
63 99
9 53
9 137
107 48
2 60
217 138
218 99
219 108
160 8
54 139
54 12
220 140
103 28
103 141
103 100
132 102
132 142
132 82
173 143
221 61
222 64
110 29
3 144
148 21
223 145
223 146
10 91
10 26
10 82
10 95
10 53
10 93
10 57
21 147
21 148
21 50
101 149
175 29
119 67
129 100
58 27
58 74
58 32
58 150
14 40
14 127
14 29
92 38
171 140
151 93
151 151
224 152
224 94
224 153
69 154
72 155
72 19
55 131
55 108
55 19
55 109
225 110
18 37
226 156
133 157
30 158
168 46
49 159
49 160
49 161
49 64
176 29
227 109
113 162
228 127
20 163
20 27
20 164
20 165
229 166
11 53
11 121
46 167
46 67
46 168
46 157
22 169
230 9
231 170
140 171
76 91
76 29
24 172
24 24
143 173
232 157
121 127
41 8
184 29
233 52
234 151
29 26
29 136
29 77
29 150
29 10
29 174
29 175
29 14
29 176
29 177
29 57
29 110
29 158
29 178
29 179
29 7
29 114
29 180
29 98
29 181
29 182
29 76
29 183
29 184
29 185
108 55
235 70
169 162
