189 0
20 1
49 2
49 1
49 3
49 4
190 5
6 6
14 7
123 8
123 9
30 10
30 11
30 12
30 13
30 14
84 15
84 16
52 17
52 18
75 19
75 20
191 21
53 22
53 18
177 23
35 24
35 25
178 23
7 14
148 26
185 27
192 28
11 29
11 30
171 31
171 32
171 33
171 34
25 35
25 14
43 27
43 36
193 37
193 38
158 31
158 29
158 39
158 40
158 13
85 41
85 42
36 43
86 16
144 44
175 31
67 45
67 22
67 46
194 47
124 6
124 48
195 1
2 16
2 49
184 29
18 50
18 51
18 52
18 15
18 53
18 54
18 55
18 56
56 18
183 47
101 33
196 1
38 57
38 58
22 30
22 59
22 60
22 13
22 61
22 62
22 63
22 64
22 53
22 65
22 66
22 67
22 68
22 69
22 70
197 55
109 71
162 72
70 47
70 27
70 22
70 73
127 74
19 75
198 76
39 47
39 55
39 77
188 68
126 74
126 78
126 20
100 73
12 30
12 79
12 47
12 8
12 80
12 21
12 18
116 81
116 82
116 21
116 83
16 84
16 5
16 85
16 8
16 86
16 87
16 88
16 2
98 89
199 90
51 91
51 63
51 92
51 18
112 93
112 94
200 95
137 96
58 38
180 97
149 26
143 71
89 47
89 13
89 98
41 85
41 40
69 47
69 66
69 99
69 13
69 22
73 100
73 27
73 1
73 101
201 42
202 27
203 102
113 103
113 104
122 17
122 105
122 106
153 107
153 108
146 21
146 26
142 71
142 109
94 110
94 111
94 112
94 22
94 73
94 33
204 22
103 113
145 44
205 114
206 115
81 116
81 33
28 97
28 117
150 118
150 27
150 30
207 21
91 51
91 119
208 93
165 120
165 121
133 15
106 122
209 123
48 47
48 30
48 124
170 125
210 75
210 13
74 126
74 127
141 128
141 78
141 72
141 129
17 122
17 27
17 52
99 15
99 69
211 58
104 113
97 28
164 66
164 130
212 47
181 27
169 131
15 132
15 24
15 99
15 133
15 134
132 135
132 136
132 52
132 15
1 30
1 20
1 49
1 137
1 47
1 138
9 11
9 123
213 139
213 140
128 141
117 28
129 141
10 30
10 68
160 13
96 139
96 107
96 137
71 142
71 109
71 143
168 72
44 47
44 1
44 144
44 145
214 42
24 15
21 146
21 144
21 147
21 12
21 55
215 15
26 148
26 149
216 1
118 150
163 132
163 151
55 21
55 18
55 44
182 152
136 132
59 22
40 31
40 110
217 38
186 27
108 153
139 12
139 13
139 96
107 154
107 155
107 156
107 96
218 157
63 8
219 101
50 18
60 29
60 22
13 30
13 158
13 47
13 78
13 159
13 27
13 160
13 139
13 8
13 69
13 161
8 162
8 12
8 63
8 13
151 163
220 15
220 129
130 66
130 164
121 165
121 75
121 166
66 123
66 66
66 112
66 69
66 22
172 167
172 110
172 78
88 16
138 1
72 168
72 141
45 67
221 148
131 169
125 170
5 16
32 171
78 172
78 126
78 13
78 141
87 31
87 16
222 173
222 121
31 30
31 174
31 47
31 40
31 175
31 87
31 41
105 176
174 31
174 172
23 177
23 178
223 179
93 112
179 47
179 27
179 180
224 21
225 181
152 182
110 172
110 40
47 183
47 22
47 44
47 1
47 12
47 31
47 89
47 70
47 179
47 69
226 1
62 40
62 184
62 27
80 12
27 43
27 13
27 185
27 62
27 186
27 73
27 179
147 21
29 11
29 158
227 144
227 187
68 10
68 22
68 68
68 188
57 38
134 15
