130 0
671 1
687 2
687 3
687 4
580 5
375 6
375 7
375 8
375 9
619 10
619 11
801 12
801 13
801 14
365 15
365 13
365 16
365 17
365 18
346 19
578 20
779 21
331 22
331 9
464 23
343 24
437 25
437 26
437 27
423 28
423 29
423 30
89 31
45 32
45 33
45 34
45 35
45 36
45 37
660 38
616 39
616 40
537 41
537 42
537 43
537 9
562 13
36 44
36 45
36 46
36 47
367 48
196 49
802 50
18 51
18 52
18 53
18 54
18 16
18 55
18 56
457 57
457 58
803 59
803 55
53 18
53 60
53 61
53 23
53 62
53 63
53 53
53 64
53 65
53 66
53 67
53 68
53 69
53 70
53 71
804 72
536 73
781 12
276 74
276 75
805 76
643 77
643 29
643 78
594 79
31 29
31 80
31 81
31 82
31 24
31 83
31 84
31 13
31 85
31 86
31 87
31 88
31 89
31 90
31 91
31 92
31 93
31 50
31 94
31 95
31 96
31 97
31 98
31 99
31 100
31 101
31 102
806 27
446 103
446 104
446 105
807 106
807 107
381 108
288 109
606 110
808 111
808 112
808 113
274 75
459 95
459 114
459 115
459 116
618 14
618 31
809 117
189 9
352 50
352 29
658 118
658 12
658 119
658 120
495 121
160 110
160 122
160 123
574 124
574 125
128 126
128 127
128 54
128 128
472 129
472 29
342 24
810 130
80 131
80 132
80 29
811 133
692 134
752 135
67 53
67 8
751 136
751 137
751 138
812 4
784 21
219 139
487 140
487 141
813 53
813 142
347 19
206 29
206 143
206 144
206 79
206 145
355 146
355 147
814 148
814 149
776 150
815 75
815 29
60 53
60 135
60 151
816 152
153 153
817 154
226 155
226 156
226 157
226 27
226 158
226 29
110 140
110 159
110 160
110 9
818 161
333 162
333 163
564 13
819 164
222 165
222 166
222 167
820 153
528 168
528 169
528 170
528 171
528 172
528 173
415 174
821 175
821 176
734 177
9 178
9 75
9 179
9 29
9 146
9 180
9 181
9 182
9 183
9 184
9 174
9 185
9 186
9 187
9 188
9 189
9 141
822 190
481 191
481 192
481 29
481 193
481 97
481 184
481 106
481 194
823 195
49 196
49 197
330 113
330 198
330 199
330 76
330 200
330 201
330 202
771 81
708 53
708 4
824 55
678 11
678 203
678 204
305 140
778 21
484 23
484 135
484 205
191 206
191 207
191 208
191 209
191 59
191 210
191 211
191 212
191 145
191 213
191 88
191 214
191 215
191 216
191 217
191 24
191 218
191 219
191 29
51 220
496 221
496 222
825 50
157 75
157 223
157 156
157 224
157 225
157 226
826 113
354 227
354 228
308 229
308 144
516 6
516 223
516 185
516 230
543 231
380 158
320 232
320 220
320 233
320 234
681 223
681 235
681 236
237 237
237 146
237 238
237 239
237 240
237 241
237 242
237 243
237 244
237 245
511 246
511 247
511 16
511 248
511 249
511 250
511 251
283 99
827 252
623 253
828 254
399 255
399 135
399 256
200 29
208 191
208 63
208 257
167 222
829 113
729 258
729 259
323 260
715 10
777 261
830 262
830 263
566 13
831 264
831 265
509 266
267 13
267 267
832 268
832 81
601 269
601 155
75 75
75 28
75 270
75 271
75 53
75 211
75 272
75 273
75 274
75 275
75 276
75 9
75 277
75 157
75 56
75 78
75 278
833 29
99 50
99 13
99 12
99 279
99 54
99 280
99 47
99 281
99 282
99 55
99 158
99 283
99 31
63 53
63 208
63 47
476 231
100 31
834 284
835 285
835 29
327 50
327 286
327 287
327 84
327 166
327 288
836 289
836 290
837 24
209 2
209 291
661 55
661 292
838 293
674 294
839 295
297 296
297 297
297 31
55 298
55 59
55 299
55 300
55 26
55 301
632 191
632 302
632 303
140 304
140 256
140 28
140 9
140 305
140 56
561 13
47 306
47 129
47 166
47 99
47 63
47 48
47 126
47 307
47 36
753 264
753 308
753 309
766 210
766 310
605 311
194 107
194 312
592 129
592 313
592 314
840 315
345 24
345 313
504 316
34 45
318 317
318 318
841 319
705 49
232 320
548 321
548 322
260 323
842 50
843 209
710 324
710 55
710 325
718 326
577 327
435 328
435 210
551 225
551 110
551 272
551 329
76 330
844 331
724 332
163 333
677 334
845 335
846 336
748 337
847 47
672 332
672 316
848 36
105 338
598 12
849 339
474 29
44 36
44 54
514 340
850 341
850 29
24 93
24 12
24 342
24 343
24 344
24 47
24 345
24 188
19 346
19 347
19 55
19 348
19 50
851 141
50 340
50 29
50 327
50 21
50 72
50 99
50 101
50 349
50 350
50 351
50 19
50 352
306 201
306 135
306 29
306 353
852 354
147 355
147 139
655 356
655 300
655 55
853 357
854 358
211 191
211 75
211 359
211 360
211 361
211 132
211 214
211 362
211 363
211 364
211 260
211 56
17 365
90 31
757 366
48 47
48 367
488 368
488 64
488 12
749 369
855 370
856 371
531 146
531 372
857 373
479 29
479 374
8 375
22 331
22 146
22 376
22 377
22 336
492 22
492 378
198 330
158 99
158 379
158 380
158 226
108 381
647 175
668 126
668 382
668 383
668 384
668 385
59 191
59 386
59 387
59 146
281 99
281 388
858 389
858 390
858 391
448 340
37 392
37 370
37 393
278 75
278 93
278 394
404 21
404 76
859 395
256 396
256 397
256 146
256 140
256 398
256 399
449 400
449 12
449 401
449 402
449 29
174 236
174 29
174 403
174 174
174 388
174 404
174 405
174 406
174 407
174 408
174 322
174 141
174 180
174 409
174 410
174 411
174 227
174 412
174 9
174 413
174 253
174 414
174 415
174 416
174 417
860 418
861 419
768 210
576 301
862 37
468 420
863 421
863 175
517 223
517 422
864 93
92 13
92 31
28 423
28 50
28 56
28 88
865 327
353 424
353 425
353 426
353 427
353 428
353 81
866 429
866 430
867 55
7 375
244 237
218 431
156 432
156 157
156 226
156 433
868 258
328 434
328 435
229 308
485 12
485 436
25 437
716 438
716 254
716 336
723 439
526 440
526 441
585 394
419 442
419 443
419 444
419 445
706 277
706 446
869 72
870 447
871 294
340 448
340 21
340 337
340 50
111 293
359 317
359 54
336 449
336 29
336 99
336 22
336 201
336 450
336 122
336 451
273 159
273 452
273 453
273 454
273 455
872 32
442 419
873 140
6 269
6 375
6 456
422 457
422 458
422 459
422 460
422 461
422 462
23 13
23 325
23 463
23 53
23 464
23 465
23 466
23 81
23 10
23 467
23 468
23 469
579 470
579 471
874 310
29 336
29 472
29 4
29 449
29 174
29 306
29 473
29 474
29 423
29 475
29 476
29 226
29 21
29 477
29 14
29 471
29 80
29 478
29 339
29 479
29 253
29 480
29 414
29 12
29 481
29 205
29 412
29 482
29 483
29 484
29 352
745 291
745 298
405 414
405 174
284 65
436 12
436 485
875 308
875 486
875 31
876 487
368 488
368 26
307 489
307 47
877 490
878 491
878 135
878 492
878 377
56 493
879 494
544 397
129 472
129 47
129 352
713 449
713 214
880 495
239 237
115 459
115 496
881 211
402 449
402 497
187 65
95 498
95 31
413 174
403 174
707 81
707 4
882 499
882 500
882 501
532 107
532 101
670 502
670 503
633 2
633 41
633 291
883 504
46 36
573 124
374 11
730 16
730 505
71 356
884 251
639 506
639 507
639 508
266 509
885 300
247 510
247 511
886 512
886 513
887 514
556 515
185 178
185 184
185 9
185 516
888 65
889 517
890 436
890 29
131 518
131 519
131 80
131 520
131 521
676 522
546 54
186 523
891 95
440 524
440 516
440 231
440 525
440 526
892 13
892 527
535 107
173 528
428 353
428 529
400 449
146 530
146 304
146 59
146 355
146 531
146 386
444 419
444 456
893 47
344 24
894 264
107 532
107 97
107 533
107 534
107 101
107 469
107 535
895 50
895 13
895 73
895 536
42 537
42 538
896 539
741 540
231 13
231 524
231 298
231 541
231 440
231 459
231 64
231 114
231 542
231 386
231 543
231 476
231 29
397 544
397 254
397 314
397 140
397 256
397 545
397 31
597 70
54 13
54 546
54 359
54 128
54 99
54 205
54 44
54 483
897 516
458 547
534 107
114 459
898 483
321 548
899 549
900 13
549 50
549 550
549 336
901 469
329 551
329 353
329 552
61 62
725 553
689 201
689 554
689 555
689 79
689 141
515 556
902 220
902 284
902 9
788 557
903 236
13 558
13 15
13 555
13 55
13 81
13 559
13 13
13 406
13 95
13 560
13 561
13 562
13 92
13 563
13 409
13 470
13 564
13 502
13 565
13 386
13 267
13 122
13 31
13 12
13 99
13 527
13 356
13 47
13 566
13 365
717 567
406 13
406 174
224 157
224 568
224 569
625 570
385 384
466 23
135 18
135 99
135 399
135 571
135 507
135 572
124 50
124 573
124 363
124 574
124 441
666 575
301 18
301 21
301 294
301 102
301 576
904 577
91 427
91 31
563 18
563 312
20 578
20 222
638 461
470 579
470 24
470 291
519 131
362 53
362 211
362 32
362 157
727 425
82 31
5 580
905 54
394 581
394 270
394 582
394 323
394 331
394 583
394 584
394 481
394 585
394 586
394 278
394 587
394 588
394 589
358 223
358 288
358 157
358 590
358 591
358 188
314 545
314 592
387 59
387 593
906 209
907 23
907 594
183 549
183 595
183 14
183 471
183 596
183 9
70 53
70 597
70 9
12 488
12 13
12 306
12 29
12 598
12 436
12 99
12 449
12 599
12 600
12 9
269 102
269 601
908 602
396 256
454 273
786 603
909 330
193 481
775 604
311 326
311 30
311 605
311 369
201 306
201 359
201 606
201 73
201 607
201 608
201 330
635 609
65 610
65 187
65 611
65 135
910 22
317 318
317 199
317 39
317 612
317 550
911 80
43 537
559 214
559 13
912 55
254 613
254 614
254 0
322 615
322 174
238 237
33 18
33 16
33 397
913 449
360 80
761 360
761 64
40 616
430 233
377 22
685 288
914 191
438 32
438 0
915 31
916 249
917 617
918 237
14 101
14 618
14 29
919 329
920 619
58 457
58 620
57 27
270 75
253 621
253 29
253 622
253 623
253 174
253 624
412 499
412 272
412 29
570 625
97 185
97 107
97 9
97 31
721 21
721 626
721 273
735 627
767 210
184 185
184 106
184 9
703 628
703 188
683 21
683 55
683 336
88 225
88 629
88 630
88 631
455 75
303 632
921 494
922 633
922 634
923 628
609 635
924 231
312 273
312 636
312 194
510 247
26 55
26 437
26 637
925 343
926 638
772 81
282 99
282 29
507 277
507 54
507 639
602 81
927 220
928 517
929 265
493 640
263 641
263 642
291 348
78 75
78 643
78 44
233 320
233 430
233 114
203 644
203 258
679 449
679 227
679 645
175 646
175 187
175 647
411 174
550 549
112 648
302 632
302 649
494 175
494 650
469 23
469 490
467 23
467 651
139 147
407 416
582 652
726 86
726 174
62 53
62 220
62 653
62 654
433 156
356 13
356 490
356 654
356 541
356 608
356 655
356 220
356 656
596 555
596 657
118 658
642 263
418 79
558 13
38 659
38 660
292 661
0 130
770 81
930 9
669 330
669 662
669 532
669 663
750 72
750 29
750 258
931 664
754 11
754 99
754 157
732 665
732 666
732 575
275 9
473 126
473 29
473 145
932 188
933 667
382 668
663 669
246 511
246 251
503 670
503 671
503 108
503 539
503 419
503 141
316 449
316 672
316 614
316 504
316 673
420 205
294 674
372 146
372 531
736 2
348 55
348 9
934 490
242 237
243 237
386 146
386 13
386 231
782 21
787 199
935 171
568 224
728 32
614 254
522 29
522 675
522 157
522 133
522 6
522 676
334 677
272 56
936 617
204 678
227 211
227 9
227 679
227 174
733 271
652 582
613 254
613 160
937 31
798 101
68 53
624 253
121 680
223 157
223 462
223 681
304 682
304 140
304 27
304 683
304 684
304 122
508 659
508 639
702 188
166 220
166 685
166 327
299 686
938 687
378 492
181 9
939 688
555 13
555 689
555 220
164 690
41 633
41 537
719 691
719 24
298 231
298 73
298 166
298 55
298 133
298 85
298 81
530 146
940 692
941 141
560 13
764 693
764 9
66 694
427 353
427 91
684 13
684 682
93 271
93 11
93 617
93 432
93 278
93 695
93 24
52 696
52 18
52 128
942 646
409 697
409 698
445 419
943 471
943 291
610 26
126 668
126 47
126 128
126 272
126 141
217 191
944 13
755 302
755 662
478 29
656 356
575 666
945 284
946 367
593 387
593 231
593 543
313 345
313 592
947 307
947 163
432 156
432 11
432 699
432 471
432 157
432 700
604 490
604 363
512 11
512 426
141 689
141 140
141 458
141 126
141 701
141 174
141 6
141 9
948 29
188 702
188 180
188 24
188 703
277 75
277 704
277 55
277 705
277 123
277 106
277 706
277 507
621 623
949 157
103 446
4 707
4 271
4 553
4 687
4 708
4 439
4 29
450 336
950 273
363 364
363 211
363 55
363 29
379 325
379 606
379 627
379 145
379 158
379 709
951 160
737 159
737 547
737 458
952 130
125 574
178 185
178 9
953 38
646 630
324 710
682 684
682 304
682 79
682 711
607 201
650 51
650 141
650 712
954 393
955 458
410 174
214 191
214 713
214 559
214 626
214 211
956 664
10 714
10 199
10 619
10 715
957 711
567 716
567 717
622 414
622 253
133 298
392 37
490 346
524 440
958 718
654 62
691 719
691 24
351 50
351 720
120 658
959 214
626 214
626 721
626 81
542 231
439 722
439 723
439 4
332 724
398 256
123 160
553 725
553 4
86 726
86 31
960 81
961 649
425 727
425 353
32 212
32 728
32 64
32 21
962 689
393 729
393 37
127 128
205 29
205 414
205 420
205 54
205 171
205 484
759 220
629 88
16 18
16 730
16 210
16 33
16 81
16 511
16 207
16 365
763 731
665 732
617 199
617 102
285 9
792 122
696 52
168 528
271 733
271 291
271 4
271 14
271 475
177 734
963 735
2 633
2 736
2 209
2 687
769 279
769 254
35 45
547 737
964 81
964 322
965 738
545 43
966 739
966 740
462 223
462 422
540 741
207 53
207 16
109 742
109 254
636 312
785 29
785 201
785 420
785 404
785 258
967 522
541 231
541 81
608 743
401 449
401 13
434 55
216 191
968 24
743 608
30 423
969 744
970 29
477 29
971 699
971 29
443 233
471 745
471 29
471 432
471 746
471 714
471 579
471 747
591 358
431 218
431 329
337 748
337 706
337 337
337 340
337 514
796 73
225 285
225 551
612 317
414 405
972 13
72 449
72 50
72 749
72 750
212 191
795 220
527 700
631 88
416 407
416 174
136 751
483 54
973 277
974 752
975 640
309 308
309 753
976 181
977 729
11 754
11 755
11 432
11 374
11 678
11 512
978 140
979 743
220 320
220 51
220 155
220 756
220 757
220 555
220 758
220 62
220 166
220 759
220 760
64 53
64 488
64 761
64 231
64 327
498 199
498 95
498 81
498 762
731 763
116 459
84 618
155 226
155 601
980 209
693 764
981 511
210 191
210 765
210 766
210 541
210 5
210 528
210 767
210 31
210 435
210 284
210 768
279 769
279 99
258 21
258 729
258 750
982 157
81 602
81 13
81 541
81 353
81 770
81 771
81 16
81 81
81 772
296 519
388 773
388 220
388 281
388 353
388 553
983 412
630 93
630 753
630 53
630 646
630 3
630 24
600 198
600 12
293 111
293 774
293 291
293 775
293 91
293 391
984 19
192 776
985 31
261 777
261 126
21 778
21 340
21 745
21 29
21 779
21 780
21 404
21 781
21 721
21 32
21 683
21 301
21 782
21 783
21 784
21 785
603 786
199 617
199 787
199 134
234 320
456 6
456 444
557 788
627 124
986 97
117 789
117 37
122 13
122 160
122 336
122 790
122 791
122 723
122 184
122 792
122 793
506 639
987 47
988 13
988 227
988 794
988 214
73 298
73 795
73 536
73 201
73 291
73 796
73 797
698 409
698 698
590 358
565 13
101 798
101 31
102 617
102 269
102 31
102 799
758 220
989 800
280 99
