817 0
818 1
819 2
820 3
694 4
694 5
694 6
821 7
366 8
822 9
823 10
824 11
657 12
657 13
657 14
540 15
30 16
30 17
30 18
30 3
30 19
30 20
30 21
30 22
247 23
247 24
247 25
247 26
247 27
247 28
19 29
19 30
19 31
19 32
19 33
19 34
19 22
105 35
105 20
125 36
125 37
125 38
125 39
125 40
125 41
125 42
125 43
125 44
125 45
125 46
125 47
125 48
825 49
826 50
368 3
596 51
596 52
596 53
596 54
214 55
214 56
214 57
214 58
214 39
172 59
172 60
172 61
172 62
172 63
172 64
172 65
172 66
172 44
172 67
172 68
172 69
172 53
172 70
172 33
172 71
172 72
680 73
680 74
680 75
163 76
163 77
163 78
490 79
807 80
265 81
265 82
265 83
265 84
265 85
827 86
185 87
185 88
185 89
351 90
573 91
573 92
573 93
20 23
20 94
20 95
20 39
20 96
20 97
20 98
20 30
20 35
20 99
20 100
20 101
20 102
20 103
20 104
20 105
20 106
20 107
20 72
87 108
87 109
87 110
333 111
333 39
333 112
333 45
333 113
333 69
333 114
333 115
474 116
474 117
474 118
622 119
434 120
828 121
762 4
762 122
132 123
132 124
829 122
41 125
394 126
405 127
754 128
754 129
777 130
283 131
830 132
332 133
22 19
193 134
193 135
193 136
729 119
144 137
144 29
144 138
144 139
144 140
144 141
144 142
831 143
137 144
137 145
137 146
137 147
137 148
137 149
32 19
32 32
32 150
32 151
655 67
832 152
444 18
261 153
677 154
210 90
210 155
210 58
359 156
359 157
359 158
275 159
275 160
617 161
102 162
102 163
833 164
834 165
443 166
226 167
782 168
189 169
189 170
189 171
72 172
72 173
72 39
72 174
835 87
464 60
481 173
481 175
481 176
836 177
362 8
837 31
407 15
838 178
108 87
108 61
33 179
839 180
840 181
255 182
255 183
255 184
255 39
89 185
89 154
89 186
605 187
337 4
337 188
337 189
708 84
708 190
708 191
708 77
708 192
708 193
841 18
725 58
842 194
843 195
241 3
241 196
241 20
241 197
663 96
478 198
478 199
718 200
82 8
82 83
82 201
82 175
82 202
568 160
568 203
327 204
327 133
327 180
354 129
354 205
354 206
354 196
354 207
369 208
844 209
845 90
845 210
509 211
509 196
769 212
233 183
233 213
846 214
847 215
297 216
297 83
297 39
297 217
151 218
151 219
151 220
151 183
151 43
151 221
151 222
151 32
151 223
151 224
151 73
167 225
167 226
167 227
848 228
347 229
347 215
347 230
347 184
347 231
402 232
213 233
453 39
849 234
165 235
165 29
375 236
375 237
375 39
375 3
301 238
301 38
301 207
301 239
301 240
301 241
301 84
301 30
301 242
301 243
301 98
301 136
498 244
578 116
578 245
798 246
23 247
23 20
772 4
183 248
183 249
183 250
183 251
183 151
183 252
183 253
183 18
183 3
183 254
183 171
183 255
183 256
183 257
183 258
183 233
183 129
850 259
615 260
257 183
446 261
446 262
446 263
851 264
85 87
85 265
85 266
85 267
85 268
85 209
190 269
190 270
190 271
59 272
541 273
449 215
396 240
396 274
396 275
783 276
783 277
783 239
171 215
171 278
171 279
171 280
171 281
131 282
131 283
131 284
131 285
740 215
852 262
460 39
853 172
853 74
372 3
854 286
580 286
739 215
855 287
497 200
595 51
856 288
609 171
609 70
609 289
42 290
42 291
42 292
42 277
42 293
42 197
857 294
716 196
139 295
858 296
44 172
44 53
706 297
706 298
534 35
534 84
534 299
353 300
743 215
104 20
661 0
661 287
136 301
527 302
527 78
429 303
859 304
788 305
702 208
702 150
433 306
433 307
433 308
433 309
433 310
860 175
861 84
862 201
603 289
603 311
603 78
515 274
863 312
673 313
673 65
673 194
673 294
673 314
673 315
670 316
670 152
793 317
793 3
793 318
672 73
439 319
439 320
439 321
439 322
439 263
864 35
350 323
350 39
350 324
350 264
350 279
350 325
865 326
133 327
133 328
133 329
133 330
133 331
133 332
4 333
4 334
4 84
4 323
4 39
4 335
4 319
4 60
4 336
4 337
4 3
4 338
4 339
4 209
4 340
4 341
4 342
178 343
178 344
866 201
229 345
229 346
229 347
380 348
418 39
539 349
539 84
539 350
539 39
90 351
566 352
300 353
76 163
106 354
106 3
106 20
324 355
324 356
324 30
324 357
324 350
324 358
158 359
764 360
251 183
426 68
525 276
867 361
8 26
8 188
8 362
8 363
8 135
8 364
8 365
8 343
8 366
8 82
269 367
269 214
3 4
3 368
3 369
3 39
3 183
3 370
3 371
3 30
3 90
3 372
3 241
3 70
3 373
3 206
3 374
3 375
3 208
3 20
3 376
466 50
466 377
868 378
571 82
571 323
571 379
869 350
628 81
628 380
628 381
719 382
719 200
365 83
815 383
870 8
871 384
114 385
114 386
872 387
511 388
440 18
56 389
56 214
356 324
873 390
874 391
295 392
295 139
126 393
126 394
126 390
126 395
875 396
779 397
779 398
876 347
877 399
878 138
401 138
401 171
401 39
879 400
880 401
704 263
499 402
499 403
499 404
499 405
647 322
352 169
352 68
352 406
352 407
352 310
352 3
352 408
352 409
352 410
352 209
352 411
352 20
230 412
881 332
86 197
882 413
805 414
758 249
31 247
31 415
549 169
883 416
884 138
884 417
884 396
884 359
884 157
348 380
348 385
765 360
717 183
717 196
690 100
767 418
767 419
885 420
437 29
363 421
363 8
626 240
626 422
626 423
459 39
68 424
68 61
68 231
68 425
68 100
68 426
68 352
886 427
303 393
303 428
303 429
303 348
303 26
461 430
504 431
887 432
309 433
120 434
572 53
512 435
723 240
723 436
723 78
723 100
723 58
29 424
29 32
29 437
29 284
29 322
29 259
29 349
29 19
29 70
29 30
29 390
29 438
319 439
319 4
319 263
519 440
519 385
519 194
519 361
519 441
519 103
227 442
227 167
357 324
166 443
166 444
393 126
393 205
393 445
393 303
393 315
262 292
262 446
756 218
713 447
648 100
648 322
39 49
39 307
39 448
39 449
39 35
39 450
39 350
39 287
39 4
39 374
39 420
39 184
39 451
39 136
39 125
39 302
39 59
39 60
39 214
39 328
39 297
39 388
39 452
39 453
39 100
39 353
39 274
39 285
39 375
39 215
39 72
39 454
39 455
39 205
39 333
39 456
39 457
39 123
39 458
39 259
39 119
39 459
39 460
39 461
39 69
39 308
39 462
888 58
889 463
452 464
452 415
452 465
284 208
284 131
284 279
284 29
50 466
317 215
467 467
467 338
890 263
224 309
224 151
224 220
149 137
358 324
891 83
468 468
468 469
468 470
892 471
38 83
220 151
81 265
502 304
207 467
207 354
207 301
148 7
148 32
148 137
554 472
893 231
116 473
116 88
116 474
116 228
894 475
416 35
416 112
895 476
896 180
254 477
254 183
897 53
692 215
898 202
225 167
899 478
174 479
174 72
34 480
34 22
707 366
707 135
752 129
900 481
292 262
206 354
206 3
206 482
674 483
684 484
684 485
684 339
684 486
812 487
901 97
901 289
902 200
602 142
107 488
107 381
238 207
79 489
79 481
79 490
79 491
175 475
175 481
175 82
175 492
330 493
252 183
65 172
65 475
903 494
903 495
903 113
903 496
508 138
904 497
904 100
404 87
404 498
404 499
268 85
905 500
304 501
304 502
749 503
749 3
431 504
197 241
197 86
197 505
197 275
197 506
25 247
138 392
138 507
138 508
211 196
211 509
388 349
388 39
388 330
388 463
388 29
388 183
388 510
388 282
388 511
388 512
66 172
274 513
274 460
274 514
274 396
274 223
274 515
64 172
381 516
381 43
906 517
907 289
424 172
424 424
323 4
323 518
323 122
385 519
385 520
385 159
385 348
385 114
908 29
909 248
529 504
529 521
529 522
529 486
529 196
46 125
910 523
561 524
276 276
276 525
276 247
195 526
911 180
912 527
913 339
914 88
271 190
915 173
696 528
916 20
486 529
18 440
18 530
18 447
18 183
18 237
18 253
18 18
18 531
18 444
917 532
202 83
202 533
84 39
84 62
84 173
84 534
84 535
84 265
84 325
84 536
84 263
84 537
84 538
84 539
84 342
918 540
231 7
231 347
231 370
231 68
231 171
919 478
45 218
45 541
45 333
45 125
146 137
688 479
688 542
538 84
5 4
5 171
920 371
920 171
712 35
712 349
712 543
712 544
640 216
640 545
307 546
307 261
307 60
307 83
307 39
74 59
618 277
618 547
618 133
618 548
659 451
169 549
169 189
169 352
802 58
644 39
644 550
644 67
644 146
644 297
644 551
921 552
921 213
636 209
922 148
922 200
922 39
922 553
472 554
472 279
531 7
531 555
386 86
386 39
386 114
373 3
281 556
201 533
681 342
170 67
170 189
170 533
810 94
923 557
923 17
924 558
279 559
279 560
925 8
637 209
325 84
325 350
797 374
345 229
345 347
524 561
926 20
272 59
559 562
927 563
730 390
310 564
310 565
310 19
310 566
310 567
310 352
203 568
597 569
302 2
791 216
791 297
656 436
632 237
612 570
379 571
379 82
928 83
53 572
53 172
53 53
53 44
53 518
93 92
93 138
93 573
93 311
364 8
693 574
693 575
693 323
693 45
558 52
492 39
198 478
537 84
537 70
929 67
776 130
455 215
455 83
455 39
454 215
61 172
61 576
61 429
61 39
245 577
245 578
930 579
123 506
123 132
123 576
123 487
123 580
931 581
264 350
583 582
147 137
266 85
582 248
582 583
582 584
415 585
415 452
415 31
493 586
493 330
420 39
420 587
482 320
248 588
248 582
248 520
248 183
932 70
97 484
97 589
97 62
97 315
514 274
0 590
0 591
0 302
639 592
639 593
639 594
51 595
51 596
51 67
51 566
51 385
51 315
51 209
569 597
933 100
289 78
289 58
376 407
934 35
934 171
934 598
934 599
935 600
556 59
556 281
556 601
192 475
142 602
142 26
142 323
142 70
142 39
311 8
311 83
311 159
311 603
311 82
311 93
311 71
311 193
157 396
157 359
157 604
78 603
78 289
78 605
78 200
78 606
653 607
753 129
588 608
800 112
800 311
800 581
469 468
98 20
70 143
70 609
70 29
70 610
70 537
70 142
70 611
506 612
506 197
506 613
701 614
260 615
398 403
398 228
71 371
71 311
727 616
771 335
161 617
17 277
17 298
17 618
17 30
17 619
576 620
576 123
576 621
576 622
576 403
576 164
576 70
576 623
576 624
576 398
669 625
423 487
423 626
7 627
7 148
7 69
7 628
237 629
237 630
237 330
237 388
237 171
237 375
237 631
237 632
489 559
489 79
209 4
209 85
209 633
209 634
209 635
209 636
209 637
209 51
209 35
209 517
209 524
209 6
209 347
209 72
592 412
592 638
592 294
592 639
592 209
545 640
936 58
634 641
634 642
290 42
422 294
422 626
457 35
457 643
457 39
550 644
811 3
448 645
448 39
448 58
448 646
322 647
322 263
322 648
322 29
242 301
242 242
67 170
67 288
67 371
67 644
67 649
67 51
244 650
320 439
320 651
320 482
937 249
652 652
775 130
938 112
939 653
63 172
63 346
63 558
940 654
676 99
676 655
941 78
436 656
436 191
942 74
943 657
944 658
944 4
945 475
946 119
510 388
451 523
451 83
451 39
451 659
698 35
698 214
698 57
698 20
698 315
160 116
160 112
160 115
160 203
160 275
60 39
60 96
60 660
60 172
60 307
60 182
589 97
287 215
287 661
287 39
287 586
96 662
96 60
96 84
96 663
96 660
96 464
96 664
96 171
96 410
96 281
96 20
947 665
682 250
948 35
223 274
949 556
164 367
164 135
164 390
442 227
950 30
792 375
341 4
392 138
392 666
392 295
392 667
951 335
456 446
456 39
456 668
273 541
625 669
522 529
152 670
952 70
462 215
715 671
715 69
715 505
715 615
715 197
49 215
49 446
49 39
26 247
26 84
26 672
26 303
26 107
194 673
483 674
953 675
24 247
24 31
173 84
173 481
173 460
173 259
173 72
173 511
173 263
124 132
954 524
99 20
99 676
154 677
154 196
154 89
27 247
288 67
62 84
62 97
62 641
62 172
62 196
62 256
62 678
62 350
635 672
635 679
635 209
635 100
955 377
956 31
957 171
2 302
958 269
92 573
92 119
92 118
92 190
92 93
103 680
103 182
103 542
103 20
959 396
342 300
342 681
250 129
250 183
250 682
250 683
250 528
250 69
250 628
960 684
961 685
371 301
371 66
371 3
371 150
371 33
371 71
542 686
542 687
542 400
542 330
542 361
542 67
542 688
542 689
542 690
526 195
962 3
184 347
188 691
963 603
780 692
421 363
458 39
574 693
574 130
88 185
88 69
6 694
6 695
6 209
528 483
528 696
528 478
528 683
528 119
528 398
790 584
117 228
117 474
591 0
400 542
745 194
546 35
546 409
546 307
315 673
315 97
315 39
315 697
315 565
315 698
315 645
315 310
315 699
315 43
315 51
315 393
315 209
315 700
315 103
315 566
614 701
150 371
150 32
150 679
150 702
150 703
263 83
263 322
263 507
263 439
263 704
263 705
355 130
355 600
964 706
965 70
966 707
318 708
318 192
967 709
968 710
520 577
520 385
228 404
191 181
349 532
349 543
349 711
349 712
447 294
447 713
69 36
69 94
69 360
69 39
69 172
69 159
69 377
69 7
69 250
69 212
69 333
69 714
69 88
69 160
69 20
69 715
196 354
196 62
196 716
196 119
196 717
196 263
187 129
969 87
969 718
382 719
518 323
313 673
313 720
970 721
159 46
159 47
159 69
159 311
135 707
135 722
135 723
135 164
135 8
135 193
683 250
789 724
789 725
155 214
971 83
972 224
973 605
15 407
15 32
15 540
974 422
638 4
816 726
616 727
773 412
156 359
47 159
47 125
975 29
976 728
544 17
544 712
16 30
390 729
390 126
390 164
390 730
738 731
346 229
346 23
346 63
977 129
804 58
339 732
339 733
339 4
339 571
339 684
339 370
339 734
339 735
339 736
339 200
339 130
339 201
339 302
978 737
516 381
100 35
100 200
100 20
100 648
100 39
731 738
215 49
215 39
215 519
215 449
215 171
215 500
215 739
215 740
215 287
215 741
215 462
215 194
215 692
215 742
215 317
215 347
215 743
215 454
215 455
215 304
215 744
215 745
215 746
215 652
714 69
979 302
334 7
334 4
334 347
334 570
205 249
205 59
205 354
205 39
205 747
205 308
521 529
786 200
14 657
980 111
593 639
536 84
77 103
604 748
604 157
503 749
981 750
73 751
73 680
73 672
982 240
83 82
83 311
83 263
83 135
129 250
129 752
129 354
129 753
129 754
129 187
983 755
631 237
296 35
296 218
488 107
488 756
488 39
488 757
249 59
249 354
249 205
249 39
249 758
249 183
249 35
249 645
249 171
249 308
410 352
410 96
367 164
367 759
500 215
500 194
500 760
122 761
122 762
984 103
984 763
360 764
360 232
360 765
208 279
208 369
208 284
208 3
985 546
985 133
985 766
985 78
985 767
57 269
610 70
389 56
475 65
475 192
475 768
794 328
794 314
986 89
212 769
101 183
784 200
335 770
335 771
335 772
236 375
236 432
412 681
412 230
412 773
666 392
666 295
119 39
119 622
119 173
119 639
119 280
119 484
119 774
119 196
577 520
130 355
130 775
130 385
130 776
130 777
130 339
130 488
130 778
130 114
130 133
987 739
586 388
988 760
35 85
35 39
35 172
35 84
35 488
35 20
989 171
990 297
370 352
370 231
259 173
259 39
259 72
533 83
533 201
533 278
298 17
298 706
397 779
397 780
282 388
282 781
282 131
991 427
685 507
685 237
118 92
118 228
168 782
992 572
308 39
993 125
143 70
278 455
722 135
722 298
759 268
253 18
994 511
995 501
277 783
277 17
200 354
200 78
200 784
200 785
200 719
200 65
200 183
200 100
200 718
200 507
200 461
200 786
200 787
996 63
305 4
305 788
724 789
724 679
216 333
216 790
216 297
216 791
216 426
216 792
216 640
328 328
328 39
328 793
328 460
328 324
328 794
328 3
328 497
328 133
997 437
997 795
530 18
785 200
785 497
513 1
513 274
374 35
374 796
374 797
374 39
55 39
998 148
43 125
43 151
43 315
91 573
246 798
999 126
28 247
112 333
112 799
112 394
112 416
112 425
112 783
112 800
112 801
58 210
58 725
58 723
58 214
58 448
58 802
58 279
58 84
58 289
58 803
58 804
58 746
58 125
1000 60
579 61
219 151
1001 240
180 39
180 805
532 349
532 83
734 339
734 734
642 634
1002 806
80 807
1003 116
1003 808
570 172
570 183
127 809
127 39
127 20
94 69
94 810
94 20
487 84
487 81
487 811
487 423
487 812
487 813
52 212
52 596
52 814
52 63
1004 263
403 190
403 499
480 34
1005 59
1005 815
726 816
1006 719
1007 811
1007 381
