234 0
234 1
234 2
234 3
234 4
845 5
845 6
894 7
894 8
895 9
256 10
256 11
896 12
896 13
301 14
38 15
38 16
464 17
464 18
464 2
464 19
464 20
639 21
897 22
898 23
728 24
438 25
50 26
50 27
485 28
485 29
289 30
289 31
289 32
289 33
289 34
289 35
593 36
593 37
593 19
16 38
16 39
857 40
857 41
487 7
487 42
777 43
253 44
678 43
678 45
49 46
49 47
49 48
49 49
899 50
62 51
62 52
62 53
62 54
184 55
184 56
184 57
184 58
184 59
184 60
394 61
394 62
394 17
394 63
394 64
394 19
394 65
394 66
168 67
168 68
168 69
168 70
168 0
168 71
168 72
866 17
866 73
269 74
269 75
269 57
269 76
900 5
789 77
437 78
569 47
569 79
569 80
569 81
569 82
569 83
569 84
901 85
613 47
248 47
248 86
248 87
248 88
248 89
248 44
248 66
734 90
902 91
902 92
823 93
823 94
242 95
614 47
903 96
528 97
528 98
528 99
138 44
138 100
711 101
711 102
717 103
210 104
210 105
210 106
415 82
415 107
121 108
633 109
633 110
904 27
441 111
873 112
200 113
200 114
200 115
85 116
905 43
180 117
180 118
180 119
906 120
108 121
622 122
407 123
407 43
407 124
407 125
407 126
712 101
151 127
151 128
151 129
151 130
151 131
151 132
151 133
151 134
151 135
109 136
109 137
100 138
373 139
373 140
373 48
372 141
372 142
907 143
174 144
174 145
174 146
174 147
174 74
174 148
174 149
174 150
130 151
580 152
580 153
908 154
440 62
440 57
175 155
175 156
175 157
175 158
175 21
175 112
175 7
175 159
398 160
398 161
398 162
398 163
398 164
398 165
308 166
308 167
308 168
308 169
308 170
308 171
308 172
730 173
146 174
146 145
157 175
4 176
4 122
4 177
720 178
720 179
117 180
117 181
195 182
909 183
59 184
59 185
59 186
59 187
502 188
296 189
359 190
359 191
359 192
623 193
623 194
623 90
182 47
182 195
819 189
819 196
231 197
231 198
231 71
231 199
54 62
54 42
54 86
54 2
54 200
54 201
323 202
323 203
323 204
229 205
606 206
606 207
427 208
427 209
427 191
427 31
302 67
106 210
106 211
423 212
515 213
515 214
515 215
910 216
642 182
608 57
684 170
391 57
391 217
391 218
496 79
496 219
496 2
496 220
496 221
911 170
911 48
655 222
237 223
237 224
386 225
386 226
386 227
386 228
386 74
386 64
386 229
386 230
500 158
197 17
197 231
197 131
842 232
304 233
3 234
912 235
223 236
223 237
223 238
223 239
767 240
767 241
767 242
913 243
913 191
914 244
305 233
305 191
305 245
44 234
44 246
44 247
44 248
44 97
44 249
44 233
44 250
44 138
44 251
44 252
44 253
282 2
774 240
838 95
271 2
915 254
915 255
11 256
916 151
325 257
325 246
325 258
917 259
522 215
522 95
142 155
142 260
142 261
142 262
142 263
142 264
142 187
142 265
142 14
142 266
52 62
808 191
808 267
102 268
918 269
654 270
2 234
2 271
2 272
2 273
2 274
2 275
2 276
2 188
2 277
2 278
2 279
2 280
2 281
2 114
2 282
2 67
2 208
2 283
2 284
2 285
2 54
2 201
724 286
724 287
724 288
34 289
474 168
474 290
474 291
919 162
472 156
335 292
335 293
335 196
920 294
186 295
186 13
186 240
186 262
186 59
186 296
458 297
458 206
303 233
346 298
346 299
346 190
346 300
67 196
67 2
67 301
67 170
67 1
67 302
233 42
233 303
233 304
233 74
233 191
233 305
233 44
426 148
426 186
426 77
384 306
170 307
170 275
170 308
170 284
170 309
170 170
170 75
170 2
170 300
170 69
170 310
170 311
170 312
170 313
170 314
170 315
170 316
170 317
170 318
48 62
48 319
48 49
830 320
667 46
667 321
530 322
202 323
202 204
921 324
922 14
923 325
564 326
564 86
924 151
199 307
199 306
199 327
199 328
199 329
199 177
199 330
199 331
199 150
199 332
365 257
365 201
365 13
841 333
688 74
601 334
601 335
860 140
925 191
93 336
292 47
292 335
292 293
926 337
402 5
402 309
402 338
927 339
927 340
733 90
181 341
181 191
239 223
324 342
480 343
690 344
690 74
176 4
928 329
636 345
557 9
557 221
929 346
479 347
479 348
479 349
254 350
254 19
254 69
930 96
456 69
718 7
718 351
714 280
931 129
931 352
931 353
78 354
544 14
932 355
435 25
190 346
190 356
190 262
190 357
190 57
190 358
190 359
274 2
547 360
42 361
42 362
42 233
42 262
42 54
42 251
42 295
514 215
563 363
563 364
563 365
497 366
497 228
506 367
272 368
224 86
933 369
461 370
461 206
461 371
461 372
139 62
139 373
139 374
139 375
139 74
139 376
139 254
139 377
934 378
534 201
397 379
397 380
935 381
208 148
208 2
566 86
566 95
306 382
306 162
306 95
306 383
306 384
306 385
306 205
306 66
936 184
937 364
227 386
552 109
552 387
552 388
552 389
552 177
552 265
552 149
938 390
448 391
448 86
448 312
448 392
0 234
0 168
411 14
411 393
61 43
61 17
61 394
61 395
61 131
939 396
940 191
379 397
13 398
13 365
632 399
632 400
5 189
5 361
5 309
5 401
5 402
5 158
5 57
5 170
5 403
131 404
131 405
941 406
124 125
124 407
364 408
942 409
505 410
363 268
393 411
943 184
944 412
452 413
82 101
82 414
82 415
82 416
82 288
82 417
82 378
82 234
82 298
804 418
804 419
804 420
804 421
98 422
945 268
662 343
946 423
132 424
132 425
148 174
148 208
148 426
148 427
148 375
428 428
570 74
647 213
416 82
127 151
127 127
739 142
739 319
504 429
450 430
947 170
453 413
453 431
218 432
25 433
25 434
25 435
25 436
25 437
25 344
25 438
553 317
457 77
457 390
948 439
949 440
111 441
33 442
469 443
469 444
469 445
950 190
951 402
392 35
392 446
392 447
392 448
392 345
952 266
430 449
430 450
814 226
813 288
953 451
260 142
413 452
413 453
413 454
484 29
484 455
69 456
69 457
69 286
69 336
69 288
69 168
69 170
69 159
616 47
954 131
297 458
795 459
795 460
371 461
155 462
155 142
155 14
17 46
17 463
17 464
17 465
17 61
162 466
162 467
162 398
162 306
162 32
162 468
162 4
162 21
162 383
162 469
162 19
162 470
162 471
156 472
156 162
290 473
290 474
290 475
290 346
621 326
621 476
709 377
738 160
549 128
821 477
23 478
347 479
276 82
276 2
276 228
276 204
551 128
955 32
955 480
634 481
781 482
781 483
278 47
278 2
29 484
29 485
956 201
526 97
526 486
526 57
526 487
10 256
10 488
10 489
10 231
114 387
114 2
114 200
957 322
957 439
957 226
957 490
189 19
189 491
677 40
958 492
252 44
252 19
252 187
959 493
219 494
219 495
219 496
366 497
158 498
158 63
158 499
158 500
158 175
518 25
861 446
861 501
960 502
960 503
429 355
429 504
809 191
422 98
422 295
422 19
961 505
367 506
367 507
215 508
215 173
215 509
215 76
215 510
215 511
215 512
215 513
215 514
215 515
215 516
215 517
215 518
215 519
215 520
215 521
215 522
215 523
215 524
215 432
97 525
97 396
97 526
97 527
97 528
97 57
97 265
97 46
97 44
97 529
322 530
962 531
962 532
772 533
579 131
201 534
201 535
201 365
620 440
963 268
963 434
378 82
378 536
309 537
309 295
309 538
309 263
309 402
309 4
309 5
309 170
309 470
307 199
307 539
307 170
307 74
964 225
806 275
806 191
965 199
241 339
241 540
241 409
217 391
798 82
798 170
798 228
315 541
315 170
436 443
436 542
436 543
436 436
273 284
273 2
14 155
14 142
14 544
645 545
645 546
287 286
360 547
360 86
675 405
762 394
762 66
762 548
592 79
966 97
543 209
543 436
128 549
128 550
128 551
128 440
352 212
70 168
70 42
70 376
967 552
629 520
317 553
317 554
261 555
261 142
261 556
18 464
221 557
221 205
192 359
192 558
32 559
86 560
86 31
86 561
86 74
86 96
86 562
86 563
86 95
86 224
86 564
86 46
86 565
86 566
86 567
86 19
86 448
86 568
86 569
86 284
86 225
86 248
86 2
86 54
86 516
968 399
969 324
969 39
970 570
27 571
27 289
27 572
27 446
27 573
27 548
27 27
27 574
27 575
555 298
555 576
555 577
555 578
971 201
298 555
298 82
972 579
152 580
284 170
284 2
743 581
295 42
295 68
295 74
295 186
295 570
295 422
295 582
973 583
350 268
350 84
206 206
206 461
206 102
204 323
204 276
204 584
204 97
204 585
204 586
204 202
204 483
204 587
204 588
204 589
339 244
339 288
339 21
136 109
136 57
831 590
876 112
876 547
209 427
209 591
209 116
974 244
975 82
975 592
19 252
19 394
19 564
19 593
19 139
19 86
19 594
19 517
19 375
19 45
19 595
19 596
19 40
19 597
19 598
19 364
19 254
19 159
19 189
19 599
19 422
451 273
451 600
334 601
334 192
735 3
735 170
538 309
120 79
120 66
362 42
362 228
976 65
259 602
259 603
977 604
978 19
979 149
979 605
207 606
980 607
47 608
47 446
47 109
47 609
47 278
47 610
47 580
47 588
47 49
47 268
47 611
47 292
47 389
47 612
47 569
47 613
47 142
47 614
47 615
47 554
47 616
47 617
277 618
277 2
981 619
982 380
185 146
185 620
828 330
624 476
983 621
122 622
122 4
281 2
311 170
984 363
985 623
985 417
985 170
687 624
687 286
687 476
687 74
687 583
687 625
635 21
800 312
401 5
986 434
987 5
40 79
40 626
40 627
40 628
520 629
843 82
843 630
988 346
519 215
779 43
588 610
588 631
244 632
382 103
110 633
110 209
481 634
356 190
615 47
989 62
989 86
21 175
21 635
21 162
21 156
21 636
21 637
21 638
21 330
21 639
21 640
21 641
383 306
383 642
383 162
383 296
383 643
990 130
805 84
590 142
590 644
590 350
590 27
590 361
590 645
590 646
991 405
576 62
576 577
213 647
992 434
412 317
729 24
729 199
729 648
868 649
658 132
658 343
681 650
116 209
993 62
994 651
113 350
113 84
113 200
399 352
399 632
699 40
699 388
995 398
995 434
996 62
769 46
682 603
682 205
329 149
65 65
759 46
759 652
759 653
759 27
759 593
51 62
270 654
270 643
222 655
222 170
848 656
848 399
848 308
343 308
343 657
343 658
343 659
343 561
343 660
343 74
343 661
343 662
343 663
343 480
997 205
454 413
454 664
998 618
998 149
611 47
999 170
999 142
740 665
80 337
834 666
834 375
455 484
787 77
637 21
488 362
488 10
321 667
187 142
187 668
187 652
187 516
187 669
187 59
187 252
187 670
1000 671
668 187
536 672
536 378
536 673
370 141
405 674
405 675
405 676
405 131
236 223
1001 42
1001 677
1002 49
249 44
607 117
607 75
81 569
45 678
45 19
554 412
554 679
554 317
586 204
129 151
1003 522
672 536
672 680
672 74
650 681
650 682
1004 490
1005 683
651 399
776 43
776 190
326 621
326 564
742 414
1006 306
864 476
354 95
74 307
74 451
74 491
74 684
74 139
74 233
74 82
74 542
74 273
74 685
74 556
74 9
74 386
74 174
74 686
74 687
74 688
74 146
74 262
74 689
74 641
74 690
74 295
74 691
74 672
74 557
74 320
74 476
74 69
74 692
74 340
74 470
74 159
74 693
263 142
521 215
1007 335
1007 110
545 694
545 695
545 645
545 131
685 696
685 697
685 288
685 74
1008 698
851 40
851 699
851 700
851 701
609 47
1009 228
878 702
885 703
822 704
279 2
1010 262
434 705
1011 85
778 43
778 706
778 306
778 76
778 97
778 707
778 708
778 583
1012 209
377 139
377 709
377 170
408 559
408 364
421 522
101 290
101 680
101 446
101 82
101 149
101 710
101 711
101 617
101 712
101 35
280 713
280 714
280 715
166 171
91 716
91 717
91 701
351 718
351 719
351 316
178 720
262 721
262 190
262 199
262 142
262 74
125 407
125 324
286 722
286 652
286 287
286 424
286 723
286 724
286 74
286 170
286 725
312 170
312 205
312 162
1013 193
1013 55
1013 726
1013 727
24 728
24 729
1014 730
327 199
1015 731
825 418
1016 732
90 623
90 495
90 733
90 734
90 313
1017 354
444 735
137 399
1018 736
424 132
424 399
424 286
1019 737
737 324
160 398
160 738
744 581
790 643
653 95
319 739
1020 740
7 718
7 526
1021 295
736 156
736 673
736 741
736 149
736 727
314 142
314 581
314 577
314 89
471 162
877 112
414 82
414 742
173 730
1022 158
1023 553
581 743
581 744
581 683
581 314
581 406
581 745
1024 496
141 370
141 317
39 746
39 747
39 267
600 451
268 748
268 102
258 325
698 21
404 131
389 47
389 552
389 749
1025 750
470 156
470 309
57 109
57 608
57 287
57 288
57 5
57 526
57 375
57 269
57 751
57 184
57 440
171 168
171 166
171 308
875 112
745 581
745 84
1026 173
1027 261
880 752
1028 753
1029 300
1030 456
705 754
357 190
462 155
1031 32
1032 755
126 407
1033 169
387 387
387 552
559 32
410 505
410 47
410 48
31 756
31 289
31 86
31 427
31 757
31 614
105 149
652 758
652 286
652 759
652 187
652 287
1034 760
1034 512
1034 434
548 761
548 248
548 762
548 27
1035 21
824 763
89 764
562 20
466 466
466 148
466 162
560 86
560 765
53 62
188 502
188 766
188 137
188 2
188 62
310 323
310 170
766 188
1036 556
610 767
610 588
1037 170
349 479
465 17
265 768
265 97
265 552
265 142
46 547
46 17
46 769
46 86
46 372
46 2
46 231
46 759
46 49
46 149
816 770
816 771
816 91
533 772
1038 773
240 43
240 767
240 774
240 186
240 20
463 17
1039 775
550 128
432 218
432 215
43 61
43 108
43 776
43 117
43 777
43 295
43 778
43 1
43 779
43 780
388 552
388 699
361 42
361 21
1040 335
850 56
482 781
1041 682
591 209
177 75
177 453
177 9
177 346
177 552
483 781
406 581
20 464
35 101
35 782
35 19
35 313
640 413
640 21
149 101
149 105
149 329
149 174
149 783
149 46
77 457
77 784
77 785
77 426
77 786
77 787
77 788
77 177
77 789
643 306
643 270
643 57
643 790
1042 374
1042 209
1042 131
1043 791
1043 792
1043 793
1043 794
1044 497
460 575
460 795
491 252
491 796
491 4
491 74
491 19
491 189
1045 101
147 174
561 86
228 763
228 797
228 241
228 798
228 180
228 552
228 362
417 43
417 799
417 800
417 85
417 82
417 434
84 801
84 398
84 745
84 27
84 375
84 362
84 659
84 350
84 802
84 228
84 803
84 804
84 767
84 323
84 805
84 448
84 131
84 113
84 219
84 569
191 806
191 807
191 808
191 233
191 702
191 181
191 191
191 305
191 809
191 810
191 66
696 288
810 190
810 191
194 623
194 811
1046 413
1047 812
288 813
288 724
288 69
288 339
288 697
288 696
701 524
701 91
1048 79
328 17
328 328
328 199
328 177
226 814
226 386
1049 292
1049 343
1049 815
169 308
770 816
574 529
565 86
150 817
150 594
150 199
150 391
150 174
442 33
1050 365
396 42
396 526
396 818
196 67
196 335
196 819
1051 820
756 413
300 525
300 821
1052 434
715 280
710 101
689 807
689 4
71 168
71 142
71 731
71 231
71 772
704 822
704 149
1053 115
1053 200
94 823
763 57
763 228
763 824
418 825
577 314
214 193
468 162
468 826
468 827
468 828
468 770
468 170
468 794
468 419
468 829
320 830
320 79
320 74
320 831
855 58
445 444
445 261
445 832
445 833
597 199
597 19
666 834
1054 30
1055 835
332 199
332 162
508 215
119 836
119 768
119 180
119 837
95 838
95 306
95 839
95 566
95 242
95 86
95 354
95 583
95 767
95 653
95 522
95 840
95 527
95 346
232 841
232 842
87 588
92 735
527 434
527 95
630 843
1056 205
313 143
313 66
1057 699
1058 844
6 845
692 174
692 685
692 74
66 508
66 762
145 146
145 174
656 846
656 847
656 100
656 848
275 2
238 223
443 436
75 269
75 849
75 850
764 89
205 229
205 682
205 603
205 496
700 851
700 852
882 853
882 100
123 407
1059 100
1059 854
517 215
1060 804
58 855
165 398
1061 378
792 856
627 857
676 131
676 858
140 373
140 184
140 859
140 860
446 861
446 392
446 548
376 139
376 1
376 529
602 259
449 430
449 97
449 145
1062 253
143 132
143 862
143 19
355 429
892 19
72 168
833 445
713 280
1063 170
719 351
617 47
475 863
476 624
476 687
476 551
476 367
476 240
476 621
476 583
476 251
476 864
476 1
476 865
818 396
890 64
516 187
669 187
400 85
344 690
73 866
73 386
649 170
649 867
649 868
135 151
1064 168
1065 800
1066 556
782 35
203 323
79 320
79 158
79 74
79 496
79 69
79 569
68 869
68 159
68 295
68 157
68 102
1067 101
264 142
1068 636
331 870
507 871
507 367
193 856
193 33
193 162
193 786
193 139
670 187
582 125
628 40
693 82
603 259
603 205
603 312
603 496
1069 257
1069 336
1069 504
856 168
881 1
1070 43
708 158
477 821
112 175
112 872
112 68
112 412
112 873
112 874
112 875
112 876
112 877
648 729
702 878
702 191
702 66
330 21
1071 879
752 880
118 180
118 47
118 476
1 234
1 67
1 43
1 881
1 476
425 132
425 40
425 882
1072 47
1073 883
1074 884
342 324
731 71
703 885
703 131
546 610
546 546
546 151
546 645
375 139
375 57
375 148
872 112
807 10
807 191
1075 96
1076 423
758 286
1077 886
889 467
780 43
780 887
780 142
780 800
467 888
467 889
467 162
467 300
225 86
680 101
680 672
1078 552
659 268
64 890
64 394
64 476
64 386
865 476
1079 287
36 593
575 460
1080 796
1080 546
1080 69
1080 891
1080 19
1080 892
1080 893
1080 645
