287 0
404 1
304 2
304 3
304 4
304 5
304 6
290 7
290 8
290 9
172 10
271 11
103 12
103 13
103 14
103 15
103 16
103 17
103 18
754 19
585 20
585 8
585 21
848 22
551 23
695 24
695 25
695 26
531 27
531 28
849 29
483 30
57 31
354 32
354 33
354 34
284 35
284 36
284 37
284 38
284 39
850 40
817 41
817 42
190 43
190 44
190 45
344 46
344 47
851 48
415 49
852 50
649 51
454 52
454 53
454 25
454 54
454 55
454 56
834 57
834 58
834 59
742 60
742 47
167 61
853 62
232 63
232 64
232 65
232 66
232 67
232 68
96 69
96 70
96 71
96 72
96 73
96 74
96 75
96 76
96 77
96 78
96 79
96 80
96 81
96 82
96 83
96 84
96 27
96 42
96 85
96 86
96 26
96 87
96 88
96 89
118 90
854 91
430 92
687 93
687 94
687 45
687 95
80 96
80 97
7 9
136 98
136 25
136 30
136 99
855 100
12 101
12 102
12 103
12 33
162 104
856 105
806 106
806 107
514 108
514 109
857 27
858 110
858 111
859 112
206 113
206 114
206 115
206 116
206 117
206 118
206 45
206 41
206 11
206 119
206 120
206 121
206 122
206 42
206 123
482 124
482 30
860 23
726 125
726 126
726 86
726 81
726 47
726 127
726 128
726 129
861 56
332 130
332 131
332 68
703 132
703 133
703 134
703 135
98 136
208 137
235 138
235 139
235 140
235 141
235 62
568 142
310 143
310 5
147 72
147 144
147 145
147 146
147 147
147 148
147 149
147 150
147 151
147 152
147 153
770 154
104 155
104 60
104 156
104 157
104 142
104 41
104 158
104 159
104 160
104 161
104 162
104 163
104 164
104 42
746 165
607 166
607 144
607 11
61 167
61 168
680 169
608 170
608 171
743 60
862 172
863 168
670 173
401 174
864 175
864 176
538 177
538 178
538 62
865 179
84 48
84 96
84 180
84 26
84 181
84 182
84 183
467 184
866 185
866 186
44 187
44 188
44 189
44 190
44 191
44 192
44 193
44 194
44 96
44 195
376 125
376 52
376 23
183 196
867 5
672 144
814 17
814 197
343 198
343 125
88 96
88 199
575 200
575 201
868 202
316 203
316 204
788 205
788 68
869 81
114 206
870 157
871 207
137 208
210 209
210 210
491 211
723 212
580 5
844 174
844 213
844 214
844 215
72 72
72 147
72 96
72 146
72 216
72 132
72 217
72 124
72 218
72 200
446 219
305 220
305 221
305 222
305 5
872 125
148 223
148 147
148 224
148 222
148 225
148 68
685 226
433 227
202 25
873 228
318 229
318 230
318 231
318 232
874 25
252 233
252 58
875 81
292 234
140 235
140 10
140 236
140 237
348 238
40 239
338 65
417 240
417 241
417 242
233 243
233 60
233 6
233 128
233 47
233 244
233 245
233 246
233 125
233 247
233 248
233 211
233 249
233 176
233 250
233 96
233 11
233 251
233 164
233 41
233 86
233 252
233 5
233 253
233 254
443 255
772 246
772 256
86 125
86 257
86 96
86 258
86 5
86 81
86 259
86 25
86 260
86 261
86 262
86 263
86 264
790 265
22 266
371 267
371 268
371 269
371 270
371 271
371 272
876 273
667 274
667 275
667 276
667 277
667 6
465 41
465 278
465 15
473 11
303 279
303 280
877 281
878 157
879 282
522 283
880 49
39 284
452 54
341 285
341 286
156 104
47 287
47 288
47 48
47 289
47 290
47 291
47 226
47 9
47 47
47 76
47 292
47 293
47 294
47 38
47 111
47 295
881 296
881 297
882 298
476 299
615 38
615 300
5 233
5 85
5 301
5 165
5 66
5 302
5 303
5 96
5 304
5 86
5 6
5 305
5 306
5 90
5 141
5 307
5 308
5 309
36 37
143 310
143 311
143 236
618 38
883 312
883 206
646 313
396 314
221 233
221 125
221 73
221 315
221 305
221 52
221 248
153 218
153 52
745 257
884 316
884 270
548 317
215 288
229 318
355 319
355 281
355 23
466 184
186 320
186 45
186 321
489 211
209 210
359 241
359 322
359 323
359 324
885 8
254 233
843 325
886 326
886 327
886 215
887 328
887 329
755 330
888 331
888 332
889 333
426 334
196 335
196 336
196 337
196 95
196 338
196 339
196 23
196 157
196 183
890 340
890 47
891 341
892 342
892 343
46 344
46 345
259 346
259 262
259 86
737 137
151 147
151 347
151 8
238 348
238 189
539 349
539 41
539 350
539 193
539 351
539 10
893 352
789 78
789 111
710 90
34 353
34 354
34 212
34 313
281 176
281 355
281 330
894 356
64 357
64 358
64 66
64 104
895 192
322 359
317 47
317 360
329 282
125 49
125 265
125 21
125 187
125 86
125 26
125 128
125 361
125 125
125 273
125 362
125 363
125 364
125 60
125 193
125 358
125 40
125 365
125 233
125 237
125 41
125 366
125 357
125 15
125 87
125 367
125 368
805 369
416 370
416 105
267 371
52 372
52 373
52 15
52 374
52 375
52 93
52 376
247 351
247 5
247 6
794 42
794 56
645 313
896 377
363 266
363 378
363 379
363 125
403 8
403 350
403 380
403 141
403 381
712 382
176 233
176 383
176 384
176 281
176 330
176 385
176 262
176 54
176 123
520 386
520 387
523 388
523 389
523 142
560 23
314 236
314 390
314 391
314 392
314 11
314 393
314 394
314 395
314 396
314 397
314 398
174 287
174 58
174 399
174 400
174 15
174 0
174 401
174 402
897 403
1 404
1 86
1 38
2 5
2 304
131 221
131 78
131 405
131 406
131 407
131 332
131 408
131 70
759 124
203 409
204 410
95 32
95 411
898 412
286 10
286 413
699 414
49 125
49 415
370 416
240 185
240 417
488 418
591 73
379 363
697 419
697 420
697 421
697 422
697 423
697 424
899 130
394 236
394 314
469 425
900 426
655 60
511 41
511 427
511 236
511 68
70 96
70 131
70 428
315 221
92 429
92 430
92 431
145 147
9 7
9 432
9 60
227 433
227 265
296 93
296 26
296 434
296 435
696 436
826 437
364 125
364 335
364 438
364 439
364 440
364 82
364 441
364 48
364 442
798 443
798 255
14 444
14 103
816 445
901 288
901 263
75 96
589 446
589 69
589 447
10 448
10 449
10 264
10 450
10 286
10 451
54 241
54 176
54 452
54 353
54 453
54 454
54 455
546 456
29 383
29 298
29 457
29 458
735 399
164 233
164 459
164 96
164 248
713 460
731 274
366 251
366 461
366 462
666 6
367 125
644 122
902 251
563 23
689 93
689 40
43 447
43 190
903 236
903 463
904 329
528 464
278 465
708 199
184 466
184 467
184 468
425 469
105 416
905 139
905 470
339 91
353 471
353 472
353 11
353 93
353 352
353 462
353 473
498 93
498 474
299 475
299 476
299 25
299 477
123 478
123 176
123 206
123 479
766 480
906 410
552 23
30 481
30 482
30 136
30 483
617 38
728 41
569 475
569 124
99 136
99 484
99 265
99 416
907 485
211 486
211 487
211 236
211 488
211 489
211 11
211 82
211 141
211 490
211 491
211 492
301 5
451 472
506 81
506 42
776 277
776 383
776 493
776 494
776 255
776 495
335 196
335 364
335 265
107 146
497 496
496 497
908 370
474 8
474 409
474 498
474 289
663 6
706 372
706 499
706 500
706 76
82 501
82 211
82 502
82 503
82 504
82 141
82 6
82 505
82 364
909 298
909 48
910 90
42 506
42 507
42 16
42 508
42 509
42 93
911 273
427 510
427 511
427 512
427 76
715 72
715 513
912 26
912 33
912 514
116 187
435 189
705 515
705 211
705 168
218 72
218 516
218 517
913 518
387 519
387 520
387 387
387 521
283 522
283 415
283 316
914 351
914 523
175 90
175 524
175 525
175 526
464 472
464 527
464 272
464 528
576 529
576 15
530 530
915 54
28 353
28 531
28 474
28 532
724 266
244 432
847 68
916 5
917 5
677 512
677 248
918 277
919 174
16 42
185 240
185 533
185 534
758 198
758 535
758 536
758 193
758 322
758 537
450 538
450 539
502 87
809 540
809 541
809 59
462 246
462 542
462 137
462 433
462 405
462 90
462 23
462 543
462 544
462 473
462 545
462 294
249 233
108 514
456 546
692 26
920 350
920 397
921 547
922 137
230 318
182 548
182 25
923 549
23 550
23 525
23 373
23 551
23 552
23 553
23 304
23 554
23 555
23 556
23 557
23 462
23 60
23 558
23 199
23 559
23 560
23 183
23 561
23 15
23 562
23 563
799 564
799 255
260 86
260 365
100 565
100 284
100 566
100 567
100 568
475 569
475 570
475 571
536 572
536 573
536 553
536 574
239 372
239 40
220 305
201 73
201 26
201 575
15 125
15 576
15 174
15 289
15 567
15 73
15 45
15 15
15 577
15 365
15 23
15 377
15 578
15 465
15 438
45 190
45 579
45 15
45 186
45 99
45 222
45 206
307 580
234 292
578 104
578 306
578 66
578 15
578 6
590 581
590 582
590 583
846 584
138 265
668 130
21 585
658 255
658 6
507 586
180 84
223 148
924 587
924 588
780 141
543 369
543 93
543 501
543 6
69 74
69 96
69 589
69 32
925 590
73 19
73 591
73 592
73 593
73 594
73 595
73 201
73 6
73 305
73 54
73 96
73 221
262 144
262 596
262 86
592 597
592 25
926 340
927 522
927 192
291 296
599 351
599 298
169 598
351 539
351 142
351 247
351 11
351 599
519 387
840 600
603 11
478 123
113 206
602 601
602 265
602 602
373 52
373 128
928 525
929 23
472 353
472 464
472 13
472 154
504 82
11 603
11 487
11 604
11 6
11 351
11 605
11 606
11 353
11 607
11 82
11 253
11 473
170 608
170 104
170 228
634 609
634 199
634 23
358 475
358 125
358 255
358 64
358 610
358 611
358 612
842 286
842 613
38 614
38 284
38 615
38 616
38 617
38 618
38 6
38 619
38 47
38 620
38 300
38 1
930 621
653 514
468 184
400 174
400 58
400 0
690 86
690 365
65 338
109 514
302 76
302 5
521 387
453 622
453 255
187 125
187 157
187 76
187 44
787 623
432 624
432 244
432 625
432 26
581 125
581 157
581 626
243 233
243 137
243 627
53 454
320 186
280 8
280 303
388 221
388 6
931 72
508 628
360 629
360 317
932 31
932 630
501 543
501 631
501 632
501 365
501 6
361 125
361 124
361 633
933 335
178 538
178 426
222 41
222 265
222 45
222 190
714 460
714 416
714 634
714 635
714 636
714 637
714 76
8 638
8 585
8 514
8 41
8 474
8 595
8 280
8 87
8 290
8 306
8 141
8 151
8 403
8 639
8 324
629 513
934 286
289 93
289 474
289 15
289 640
647 641
79 96
79 72
79 60
79 642
79 124
155 104
224 643
577 289
577 15
577 599
577 6
577 403
577 313
577 361
935 61
936 589
721 468
122 96
122 644
122 206
313 645
313 646
313 357
313 157
641 647
641 648
159 649
159 10
159 650
159 286
159 104
102 12
236 174
236 236
236 390
236 392
236 525
236 606
236 11
236 369
236 35
236 398
236 25
236 651
236 314
236 652
236 511
236 140
236 124
236 136
688 289
937 86
701 653
701 228
32 95
32 356
32 654
938 624
939 390
18 103
342 207
342 370
428 77
428 372
428 553
428 655
428 656
428 462
940 442
62 68
62 416
941 657
942 294
6 189
6 658
6 659
6 374
6 388
6 490
6 501
6 232
6 106
6 73
6 304
6 247
6 369
6 660
6 8
6 76
6 288
6 60
6 661
6 437
6 662
6 78
6 663
6 81
6 11
6 82
6 577
6 664
6 42
6 233
6 41
6 665
6 19
6 666
6 5
6 25
6 667
6 578
943 350
142 668
142 104
142 416
441 364
441 422
251 233
251 366
944 262
381 403
381 669
173 364
173 670
173 277
173 613
570 475
570 11
945 49
945 357
144 480
144 671
144 672
144 513
144 673
144 674
144 147
144 90
144 675
144 607
144 262
384 176
749 477
749 416
566 100
946 60
362 676
362 125
362 19
248 233
248 164
248 677
248 678
248 679
248 147
248 221
248 76
652 236
91 339
628 508
261 86
769 567
947 680
437 26
193 125
193 321
193 681
193 682
193 611
193 44
193 683
633 684
633 361
226 685
226 47
81 506
81 5
81 370
130 332
130 366
130 40
130 389
651 392
651 236
93 342
93 81
93 277
93 661
93 96
93 52
93 26
93 686
93 687
93 688
93 445
93 289
93 128
93 296
93 648
93 93
93 543
93 689
93 42
93 228
455 54
365 125
365 273
365 15
365 260
365 690
365 501
741 272
411 95
948 484
949 691
405 131
405 462
26 125
26 60
26 438
26 189
26 437
26 692
26 693
26 22
26 694
26 296
26 695
26 308
26 696
26 232
422 697
368 125
368 313
736 135
765 661
596 262
950 698
414 699
414 700
228 170
228 93
228 701
228 514
228 206
550 23
449 702
622 453
622 271
134 703
951 704
833 585
334 25
718 513
606 187
606 11
606 669
606 236
952 236
953 206
954 562
24 695
573 536
573 539
734 438
391 391
391 314
0 287
0 174
783 492
783 211
605 11
955 21
74 96
74 69
625 432
956 125
168 11
168 705
168 61
372 706
372 428
372 52
372 239
957 707
295 100
146 708
146 107
503 82
216 72
83 26
83 709
958 48
756 710
756 90
571 475
571 711
382 712
166 607
460 713
460 714
63 232
484 99
807 37
627 243
627 490
513 715
513 654
513 716
513 717
513 718
513 719
513 38
25 720
25 236
25 592
25 86
25 461
25 721
25 334
25 95
25 182
25 695
25 722
25 135
25 299
212 723
266 724
217 725
217 100
648 93
648 401
648 641
270 255
959 96
959 465
35 236
960 130
89 96
129 726
669 7
669 381
669 727
733 120
733 345
838 377
838 100
838 26
961 410
961 329
638 8
638 728
115 729
115 206
115 730
274 731
274 667
525 23
525 14
525 143
525 5
793 562
406 131
962 187
306 578
306 273
402 174
479 123
963 732
120 733
964 255
409 474
409 203
438 567
438 96
438 199
438 15
438 26
438 734
438 364
399 735
399 192
135 335
135 736
593 124
965 435
966 737
650 159
764 738
764 739
764 23
764 490
272 17
272 464
272 740
272 741
76 706
76 176
76 714
60 742
60 233
60 743
60 125
60 79
60 26
60 222
60 6
60 104
60 23
60 744
257 96
257 619
257 86
257 745
48 746
48 47
48 461
48 141
48 747
13 542
13 103
13 190
477 748
477 125
477 749
477 222
477 353
477 750
477 332
477 221
477 751
595 8
595 73
630 369
263 76
967 691
808 41
808 125
808 154
374 376
374 52
374 6
740 752
740 272
740 42
157 475
157 187
157 753
157 581
157 15
157 163
157 313
19 597
19 592
19 579
19 754
19 6
813 200
813 153
330 755
330 176
968 549
90 251
90 756
90 526
90 757
90 5
537 758
124 482
124 236
124 759
124 79
124 472
124 569
124 361
124 760
124 232
827 761
720 255
612 358
241 417
969 287
717 717
423 697
423 125
423 236
423 762
494 137
128 233
128 288
128 131
128 661
128 125
128 726
128 87
128 23
128 93
128 763
490 764
490 211
490 6
970 288
661 369
661 93
661 765
661 128
661 6
480 766
567 767
567 768
567 15
567 438
390 769
390 236
579 19
579 45
461 125
461 25
461 648
154 106
154 770
331 771
395 314
198 758
293 81
293 700
971 287
971 772
971 773
78 774
78 775
78 640
972 125
527 356
527 416
340 340
126 726
973 241
493 776
493 255
493 5
493 341
493 777
493 778
974 11
974 320
141 109
141 779
141 780
141 5
141 82
141 296
141 403
141 211
141 313
121 206
821 41
309 5
160 104
975 745
702 449
702 86
188 44
976 781
804 369
977 782
977 527
977 96
492 211
492 258
492 783
665 6
665 296
665 661
87 784
87 785
87 128
87 502
87 125
526 175
623 786
623 787
205 788
447 43
111 789
111 47
111 100
111 111
324 359
265 138
265 335
265 602
265 227
265 222
265 99
265 306
265 790
265 601
265 139
265 436
189 288
189 512
189 51
189 189
189 26
189 6
189 238
189 140
189 791
825 792
398 314
619 523
619 15
619 33
534 185
711 505
711 571
308 11
308 793
978 90
56 794
802 795
273 472
273 125
273 365
255 796
255 493
255 325
255 797
255 631
255 25
255 798
255 799
255 453
255 358
979 800
979 801
158 549
158 104
795 802
369 630
369 803
369 236
369 804
369 805
369 6
369 543
369 806
369 661
980 81
676 529
981 62
207 342
207 682
763 291
37 36
37 807
37 284
264 10
264 86
487 211
640 688
640 78
640 289
700 414
541 808
541 809
541 810
982 811
828 66
828 812
200 813
17 814
17 130
17 272
17 103
17 289
664 815
664 704
664 316
664 708
762 423
418 211
445 816
983 578
983 494
410 259
410 204
410 329
786 623
41 233
41 125
41 490
41 817
41 818
41 819
41 728
41 820
41 222
41 671
41 515
41 104
41 248
41 8
41 163
41 539
41 821
41 511
41 465
836 325
380 357
258 822
258 492
258 86
258 823
686 751
984 426
985 824
986 757
831 246
831 255
744 60
495 288
495 523
987 789
792 825
792 826
277 44
277 23
988 211
761 827
549 158
549 190
812 828
812 25
812 26
386 829
386 520
378 830
784 87
347 151
989 48
989 289
791 189
246 831
246 68
246 772
246 462
684 633
609 634
512 189
512 677
66 832
66 828
66 5
66 683
553 428
553 270
553 23
553 833
59 834
325 835
325 836
325 255
325 76
990 182
133 703
132 32
132 703
132 837
132 72
33 12
33 619
33 838
991 839
600 840
250 233
753 137
199 23
992 125
992 841
993 270
458 29
613 842
613 173
797 255
285 341
694 26
694 62
611 358
611 193
835 843
835 325
85 96
85 5
994 299
321 96
321 193
321 186
237 454
237 269
214 844
350 845
357 49
357 125
357 313
995 90
584 846
996 31
996 834
510 427
163 41
163 104
774 213
68 246
68 847
68 232
68 14
68 62
68 148
68 332
68 788
778 493
219 40
