242 0
242 1
39 2
132 3
132 4
132 5
132 6
132 7
132 8
6 9
787 10
685 11
337 12
494 13
307 14
307 15
307 16
307 17
307 18
510 19
788 20
789 21
790 22
311 23
311 24
311 25
745 26
611 27
611 28
287 29
287 30
287 31
287 32
287 33
287 34
287 35
287 36
791 37
213 38
213 16
213 39
792 40
143 41
769 42
793 43
126 44
126 45
126 46
126 47
720 48
794 49
587 50
90 44
90 51
90 52
90 53
90 54
90 31
90 55
90 56
90 57
90 58
90 59
90 60
90 61
90 62
90 63
182 64
182 65
182 66
182 67
182 68
182 40
182 69
727 70
795 71
673 72
796 73
635 74
618 75
618 76
595 77
595 78
595 79
156 80
797 81
114 82
114 83
114 84
28 85
28 86
28 14
28 87
28 88
798 89
799 90
570 91
344 92
237 93
12 11
12 94
12 56
12 95
800 96
511 97
558 27
558 98
419 99
539 100
539 101
162 102
131 103
246 104
246 105
325 106
325 107
426 108
426 109
426 110
431 111
431 112
801 113
801 114
579 44
579 115
802 116
313 117
313 118
129 119
63 90
63 48
63 120
63 121
63 122
561 123
238 124
193 125
803 126
803 127
804 128
804 129
804 130
805 131
805 132
309 18
806 55
328 70
441 133
441 134
441 135
232 136
60 90
41 137
41 138
41 139
41 140
41 71
41 141
41 142
41 143
717 144
145 145
663 146
807 147
638 148
638 149
808 150
154 137
154 65
154 90
154 151
154 152
154 153
154 154
154 155
154 156
154 157
154 158
296 134
296 159
757 160
757 161
102 162
488 163
488 164
488 165
537 65
142 41
142 166
463 48
463 119
463 158
463 167
809 168
810 27
37 169
37 170
37 171
37 103
37 172
37 173
730 44
336 174
336 175
336 176
336 167
644 90
644 177
375 178
199 179
199 148
433 180
64 181
64 182
64 183
64 184
811 185
626 167
505 186
505 187
812 188
239 48
239 130
239 189
239 190
239 191
735 157
735 192
489 81
585 8
30 193
733 194
733 195
733 196
813 197
813 90
813 57
257 198
179 199
179 200
103 37
814 90
447 10
20 164
20 201
469 202
469 203
469 204
469 205
40 206
40 86
40 14
40 207
40 208
40 113
40 209
40 210
40 211
40 82
40 212
16 213
683 214
683 215
388 78
815 216
622 148
622 167
349 217
349 29
349 218
349 219
349 220
349 80
349 221
349 222
349 223
349 224
349 225
349 226
711 227
816 228
528 229
528 147
528 230
528 231
528 2
555 232
555 148
368 50
368 233
368 122
817 234
252 235
252 63
152 236
818 237
81 238
81 239
81 27
81 240
81 200
81 241
394 242
394 243
594 244
819 245
820 246
240 247
240 248
240 249
240 81
240 2
240 36
658 250
609 251
821 252
502 253
502 254
190 255
190 256
190 257
190 258
190 259
190 260
190 239
190 251
190 261
514 208
514 209
749 262
200 44
200 246
200 145
200 263
200 264
200 265
200 266
200 113
200 267
200 167
200 154
200 268
200 269
200 244
200 270
200 157
200 271
183 64
183 137
183 272
183 273
183 274
183 184
183 163
744 180
822 275
128 276
128 277
128 78
128 278
128 201
823 279
332 280
639 95
386 281
824 28
479 5
478 282
478 283
478 284
474 71
825 285
826 286
171 37
31 287
31 34
31 32
31 90
31 288
460 289
460 158
292 290
601 291
827 292
134 293
134 294
134 295
134 296
134 297
378 298
828 299
137 154
137 98
137 138
137 221
137 300
137 301
137 183
137 158
679 214
444 302
444 15
444 303
444 2
304 12
304 147
304 75
304 304
304 114
304 305
304 306
334 176
747 262
4 132
612 27
155 154
155 151
18 307
18 308
18 81
18 309
150 310
24 311
24 312
24 5
24 254
118 313
166 59
166 142
829 71
169 38
169 169
169 158
169 314
522 2
273 315
273 316
273 317
273 183
273 318
830 262
831 319
38 213
38 169
1 242
1 320
576 321
113 44
113 322
113 200
113 244
113 323
113 40
501 254
536 324
536 65
536 80
106 325
327 326
327 327
272 78
272 183
272 328
272 327
67 122
21 329
21 330
21 40
21 7
21 331
280 332
176 265
176 333
176 334
176 335
176 336
176 337
197 338
197 339
197 340
197 341
197 204
197 54
197 148
197 342
832 65
833 129
833 47
617 343
346 112
92 344
92 292
834 345
112 346
170 128
170 37
170 278
170 347
408 44
231 214
231 2
11 12
11 251
11 90
11 348
11 349
11 291
11 350
11 351
11 163
11 36
835 352
836 130
174 336
319 353
319 209
319 354
212 355
482 101
482 80
482 356
482 357
482 358
482 359
482 360
35 214
35 339
35 283
567 361
567 362
295 363
493 364
493 365
493 366
493 367
837 368
492 306
492 369
838 370
839 325
153 154
840 371
841 372
532 373
532 374
532 211
842 266
178 375
423 45
423 80
843 376
843 377
843 378
843 379
843 380
844 78
354 381
354 382
354 161
354 383
354 48
354 319
354 384
354 385
845 386
846 292
847 387
848 200
849 183
850 388
851 137
243 389
243 1
243 390
243 391
243 242
243 392
243 278
243 331
243 393
243 394
14 395
14 396
14 397
14 398
14 236
14 307
14 40
14 142
700 399
700 400
700 401
247 306
247 402
247 403
247 53
247 404
705 405
705 406
509 250
509 407
852 216
223 44
223 349
223 408
363 409
363 295
675 410
586 411
586 202
853 412
322 413
322 251
322 113
322 414
322 283
716 415
716 416
716 417
407 250
407 397
407 418
766 419
766 420
45 126
45 421
45 422
45 423
45 424
45 178
45 148
235 425
235 65
281 160
108 426
854 427
854 286
854 428
614 128
614 27
614 429
393 93
393 243
312 24
312 355
312 244
430 221
430 45
430 430
339 197
339 35
339 283
339 431
180 432
180 433
761 25
593 434
593 211
598 214
598 13
598 435
855 55
457 238
457 436
457 28
457 65
457 437
856 438
786 439
424 37
424 234
424 45
568 361
719 370
719 440
289 441
302 442
302 443
302 444
857 445
691 44
691 48
691 269
596 446
10 447
10 448
10 449
498 450
498 451
666 452
858 12
734 196
56 12
56 44
56 251
56 201
56 453
859 209
695 249
698 454
698 110
698 455
698 161
698 456
860 457
708 458
708 161
708 459
564 353
564 458
861 2
158 460
158 270
158 461
158 462
158 463
527 104
527 2
527 464
255 465
255 97
255 80
255 135
306 133
306 466
306 247
306 304
862 431
380 422
380 467
380 468
202 262
202 244
202 469
202 205
202 470
634 471
634 200
634 429
634 472
863 473
71 474
71 2
71 71
512 475
461 476
461 34
461 147
461 370
461 477
283 35
283 478
283 322
270 479
270 200
270 480
198 481
198 482
198 65
198 257
741 483
741 484
741 485
741 276
741 486
741 487
741 468
519 2
341 197
686 251
164 20
164 145
164 488
864 489
652 490
652 232
652 491
652 492
367 493
369 492
85 494
85 28
85 2
780 495
649 31
649 496
450 497
450 498
450 167
450 380
865 312
437 457
437 499
254 125
254 500
254 397
254 501
254 502
254 244
254 253
254 503
254 504
315 42
186 505
186 506
186 507
186 467
624 508
624 509
624 407
624 510
714 377
714 397
714 57
87 232
87 28
87 511
87 176
475 512
209 200
209 513
209 514
209 123
209 319
209 40
374 515
374 216
374 516
205 517
205 469
205 80
2 147
2 518
2 444
2 519
2 231
2 520
2 240
2 521
2 115
2 522
2 523
2 524
2 214
2 36
2 525
2 526
2 56
2 39
2 2
2 527
2 528
2 258
2 85
2 71
2 529
2 530
516 374
210 40
54 44
54 90
54 531
54 185
54 15
54 110
358 147
358 14
373 532
465 224
65 373
65 235
65 533
65 198
65 167
65 534
65 182
65 205
65 457
65 535
65 536
65 285
65 537
65 538
605 428
100 539
866 401
97 214
80 125
80 540
80 255
80 208
80 156
80 541
80 542
80 202
80 276
80 349
80 543
80 111
80 123
80 291
80 214
80 205
80 194
80 536
80 544
80 284
867 477
201 128
249 545
249 240
249 354
249 167
194 546
194 80
194 161
194 547
194 548
194 148
163 11
163 83
163 349
163 183
271 200
222 549
222 117
222 349
868 550
130 551
130 552
130 239
130 553
130 191
52 554
52 173
52 555
391 0
391 239
133 306
133 556
133 441
219 20
219 349
219 161
276 557
276 115
276 80
276 354
98 558
98 81
98 137
869 559
542 214
542 80
185 483
185 560
123 561
123 80
123 209
228 562
870 374
870 436
706 290
706 173
120 122
871 44
157 200
264 200
545 563
545 166
872 564
710 404
93 364
93 99
93 565
93 393
93 237
667 566
667 95
667 533
667 452
702 518
873 214
873 209
110 54
746 262
427 555
361 61
361 567
361 568
361 79
361 362
390 243
111 569
111 40
91 570
91 244
91 571
610 27
874 148
0 427
0 1
0 242
0 135
0 572
0 351
0 370
0 42
0 401
875 353
467 573
467 186
467 380
467 458
467 83
467 201
124 125
124 238
124 78
225 349
688 251
763 574
33 287
580 575
321 576
876 272
877 577
101 482
101 539
323 113
878 578
878 579
575 580
326 327
670 370
670 581
258 195
258 2
274 183
665 82
750 14
750 111
750 40
750 161
750 582
750 395
879 583
647 279
647 36
774 305
774 545
880 275
8 132
8 584
8 278
8 585
411 586
411 260
50 122
50 368
50 587
50 331
643 185
643 545
366 493
881 588
324 536
324 167
5 24
5 589
229 528
681 214
544 80
284 80
141 250
244 91
244 590
244 234
244 591
244 355
244 496
244 161
244 211
244 592
244 593
244 594
244 435
127 250
127 435
656 250
294 595
882 37
435 159
435 596
435 216
435 262
435 597
435 161
435 167
435 244
435 598
435 174
435 194
435 127
435 599
234 424
234 456
640 396
392 243
392 518
221 137
221 147
221 349
221 48
221 81
221 430
291 217
291 45
291 600
291 80
291 11
291 601
291 602
291 603
184 64
184 183
184 184
569 111
569 125
466 306
737 604
737 349
428 55
428 605
541 606
541 541
541 218
541 80
477 1
477 461
883 126
96 82
282 607
282 608
633 353
633 609
27 98
27 610
27 611
27 612
27 420
27 249
27 613
27 614
27 401
27 183
27 166
884 464
885 238
468 535
468 615
468 380
342 44
342 343
342 135
342 616
342 617
886 0
75 618
725 216
743 619
496 244
167 463
167 620
167 336
167 621
167 592
167 324
167 523
167 275
167 450
167 370
167 622
167 623
167 624
167 354
167 536
167 625
167 148
167 507
167 200
167 48
167 356
167 189
167 626
742 486
887 397
887 627
888 244
236 628
236 278
236 152
236 14
236 629
889 48
707 96
355 244
355 312
767 126
767 275
565 93
565 196
300 137
540 80
890 630
890 183
203 469
462 251
891 614
891 49
454 631
454 632
451 202
451 498
451 244
451 62
353 319
353 111
353 40
353 621
353 633
892 634
892 288
74 635
74 424
893 634
293 134
293 236
293 636
293 637
293 536
412 154
412 266
412 176
148 197
148 45
148 638
148 167
148 336
148 194
148 622
148 480
148 555
95 639
396 202
396 14
396 640
397 90
397 641
397 14
397 369
641 299
641 642
177 59
177 643
177 644
177 545
470 202
245 11
894 645
894 412
895 517
59 166
15 646
57 44
57 90
57 485
279 647
279 349
896 590
897 600
557 557
557 276
898 94
680 214
187 505
187 424
187 16
534 65
330 21
899 114
34 490
34 648
34 649
34 162
34 453
900 146
775 650
46 126
704 651
752 161
500 254
901 299
902 652
902 158
79 595
79 361
903 299
732 653
359 482
359 338
904 282
669 599
740 486
9 6
905 654
160 56
906 202
907 92
907 655
907 80
907 228
250 656
250 509
250 657
250 303
250 70
250 624
250 407
250 141
250 127
250 518
250 658
318 183
553 552
908 535
662 659
662 660
662 661
662 232
662 81
662 307
263 200
909 662
340 294
146 663
146 71
910 664
82 648
82 96
82 40
82 665
82 114
911 129
452 666
452 667
912 668
599 435
599 669
913 523
913 54
913 187
515 374
267 275
267 200
267 161
191 130
914 660
690 58
690 670
690 671
690 672
915 90
915 479
414 322
72 673
121 63
631 454
916 674
410 675
684 676
107 677
107 325
917 574
918 678
214 679
214 299
214 542
214 680
214 135
214 598
214 48
214 681
214 50
214 423
214 2
214 82
214 35
214 682
214 683
36 287
36 647
36 518
36 2
676 684
919 86
919 685
251 322
251 686
251 687
251 688
251 637
251 689
251 11
251 690
251 56
251 462
251 450
251 190
590 244
117 313
218 349
218 541
364 290
364 97
364 493
920 419
689 251
921 2
625 167
692 691
692 530
692 506
615 468
697 464
17 416
17 269
755 158
922 173
506 77
506 692
506 244
256 190
923 270
923 693
923 694
696 695
696 696
464 697
464 246
464 407
584 272
584 8
678 236
678 328
529 2
301 137
456 523
456 234
456 698
76 618
443 302
173 288
173 96
173 37
173 290
173 699
173 24
173 562
401 700
401 0
401 99
924 701
924 424
924 252
266 200
518 90
518 702
518 703
518 704
518 36
421 45
925 80
926 68
455 698
572 230
405 705
290 364
290 292
290 706
290 173
290 676
278 128
278 236
278 170
83 126
83 0
83 163
83 467
83 114
299 214
299 707
269 214
269 200
261 90
459 708
206 40
521 677
521 2
115 709
115 276
927 40
404 710
928 214
227 711
929 85
770 147
770 123
770 712
770 713
726 412
726 443
68 183
351 0
377 714
758 621
764 715
764 574
253 502
253 254
623 444
623 2
623 167
416 716
589 5
122 368
151 155
930 572
931 619
932 103
535 65
535 570
535 104
530 246
530 2
144 202
144 717
434 152
434 593
504 254
933 412
934 24
533 65
136 232
935 718
440 719
48 44
48 463
48 720
48 691
48 354
48 90
48 147
48 167
48 221
48 239
48 721
48 214
48 416
48 119
48 63
308 722
308 18
104 44
104 246
104 723
936 325
937 447
216 724
216 725
216 435
216 216
216 458
23 311
248 240
248 726
70 727
70 310
70 728
70 328
70 77
70 250
70 161
70 729
70 664
44 180
44 408
44 730
44 249
44 230
44 579
44 200
44 126
44 691
44 90
44 113
44 56
44 104
44 54
44 692
44 223
44 48
44 57
44 650
44 731
44 468
44 342
105 246
105 123
653 732
592 37
592 167
938 87
196 733
196 734
939 148
320 1
320 179
192 735
523 736
523 325
523 2
523 456
604 737
89 294
723 104
538 65
347 170
940 148
217 409
217 579
217 114
217 349
217 738
217 574
217 739
217 139
217 245
217 702
581 670
139 41
486 740
486 389
486 741
486 714
486 684
486 742
941 2
432 48
432 211
432 239
432 180
432 216
619 194
619 273
619 743
619 744
628 236
224 465
224 275
765 298
765 232
942 306
29 48
571 91
288 305
288 187
507 186
26 745
262 746
262 90
262 396
262 202
262 747
262 748
262 749
687 721
651 704
779 608
161 125
161 147
161 267
161 70
161 750
161 751
161 752
161 50
161 325
161 169
161 532
161 126
161 753
161 435
161 754
161 221
161 708
161 504
161 755
161 756
161 146
161 757
362 567
362 361
551 130
613 27
621 353
621 167
621 234
621 758
125 124
125 518
125 574
125 202
125 349
125 161
125 514
125 569
646 759
646 736
646 40
646 15
563 90
943 29
472 18
472 760
25 311
25 761
637 356
637 523
637 293
32 287
398 90
398 349
398 14
119 129
119 48
119 117
119 2
709 115
51 90
51 762
51 54
51 63
659 662
574 125
574 763
574 764
574 153
944 379
298 765
208 80
420 27
420 766
275 767
275 270
275 421
275 267
275 167
275 287
275 224
62 397
62 451
499 437
560 185
560 54
370 0
370 768
370 167
42 0
42 311
42 769
42 555
713 770
13 494
13 771
13 464
945 63
159 370
159 435
220 772
220 349
135 214
135 0
135 255
946 424
305 325
305 773
305 774
305 16
305 173
305 63
947 179
947 640
650 235
650 44
650 775
19 510
664 776
61 361
948 200
948 430
949 777
657 196
53 90
703 518
172 37
172 278
172 479
84 114
608 778
608 779
495 780
175 336
77 70
77 506
356 482
356 251
356 200
356 637
356 167
950 26
721 48
951 781
952 782
952 475
953 783
954 464
480 784
480 785
562 228
562 173
439 786
