901 0
242 1
242 2
4 3
4 4
4 5
4 6
4 7
4 8
4 9
4 10
4 11
4 12
4 13
4 14
4 15
902 16
468 17
733 18
733 19
323 2
323 20
370 21
370 22
903 23
832 24
832 25
832 26
832 27
312 28
249 29
315 30
172 31
172 32
172 33
172 2
172 34
471 35
904 36
905 37
906 38
907 39
907 40
53 41
53 42
567 43
521 44
544 45
339 46
339 2
339 47
339 48
516 49
516 50
516 51
908 52
41 53
41 54
41 55
41 56
41 57
41 58
41 25
41 59
41 60
643 61
643 62
612 63
612 64
612 65
612 66
612 67
612 68
909 69
899 70
524 71
698 72
496 73
496 74
882 75
347 76
869 77
505 78
505 79
793 30
788 80
788 81
268 82
268 83
268 71
268 84
268 85
268 86
268 2
268 87
268 35
268 88
910 89
818 90
911 91
862 27
669 67
912 92
913 93
840 58
828 94
914 95
19 96
893 81
704 51
338 97
338 43
737 98
737 90
737 66
737 99
737 100
737 89
162 76
373 101
915 102
915 103
457 104
916 14
105 105
105 106
696 107
331 108
331 109
331 59
917 110
203 111
203 112
203 113
203 114
203 115
203 116
203 117
203 118
203 119
630 120
630 121
630 122
918 43
877 123
877 124
260 125
159 76
919 126
586 127
586 128
586 129
586 48
586 130
586 131
586 132
586 133
851 134
851 135
209 136
209 137
209 138
920 139
920 140
63 141
63 142
63 134
63 143
63 144
63 81
63 84
63 145
161 129
161 40
161 146
161 147
161 148
161 149
161 125
161 150
290 151
290 152
861 27
921 153
674 154
279 114
279 137
279 155
279 156
279 157
666 158
211 159
211 76
40 160
40 161
352 76
352 162
595 163
595 164
595 67
595 165
595 99
595 14
595 166
621 84
922 167
459 168
459 169
459 170
459 107
923 161
923 145
923 171
31 172
314 23
418 32
418 173
418 174
418 175
353 76
924 176
925 177
926 55
611 178
611 179
72 180
575 181
575 182
575 183
371 21
371 184
371 185
371 186
927 187
789 188
789 0
667 189
667 190
928 191
929 192
930 193
246 194
246 195
403 196
403 197
403 198
403 199
285 144
285 200
285 2
285 201
623 202
115 203
333 32
267 204
267 0
267 205
267 206
563 43
534 207
534 155
534 208
534 209
734 210
318 193
318 211
318 212
318 213
318 190
380 29
931 0
465 214
301 215
736 216
736 217
736 195
736 218
736 99
736 219
337 220
337 221
610 222
191 223
433 224
433 225
433 226
512 98
512 50
512 73
932 227
108 22
257 228
257 125
784 106
784 229
784 216
784 179
784 230
57 41
57 231
933 205
934 103
558 222
558 184
558 190
558 232
935 233
252 136
252 234
252 235
252 236
126 21
126 103
126 2
126 237
536 238
536 239
536 240
536 62
536 241
141 242
141 63
844 243
936 244
195 245
195 144
195 23
195 125
195 246
195 93
195 247
195 248
937 19
654 244
938 249
938 195
361 42
857 107
939 250
940 251
572 43
236 252
629 253
629 254
629 255
125 256
125 257
125 258
125 195
125 259
125 260
125 261
125 262
125 263
125 2
125 264
125 18
125 265
125 125
701 103
701 266
701 62
701 51
941 43
205 267
205 268
205 269
942 189
616 270
385 271
385 272
393 41
393 273
156 274
156 179
156 275
156 276
156 277
156 278
156 279
156 280
156 281
156 109
156 282
943 283
2 284
2 285
2 216
2 172
2 134
2 286
2 2
2 125
2 287
2 288
944 289
945 168
313 50
152 290
687 233
555 291
555 292
946 293
409 294
409 129
409 201
409 153
409 295
409 247
481 296
445 297
445 41
445 298
445 237
445 96
160 40
678 22
947 70
947 288
947 299
947 18
947 300
783 16
783 2
215 182
215 69
215 301
215 302
215 303
215 304
215 305
355 306
355 67
355 307
355 308
355 309
355 310
355 311
355 312
355 14
316 46
316 76
792 313
948 314
948 315
46 127
46 316
578 317
212 318
212 319
212 320
212 321
212 322
212 316
212 14
949 312
20 91
20 323
20 221
491 324
950 325
951 252
951 326
951 190
775 327
952 328
596 18
514 107
514 234
514 50
514 329
514 330
59 331
59 194
59 99
451 332
451 111
451 184
451 333
451 282
451 32
451 334
405 335
220 336
220 337
220 302
97 338
97 247
953 100
954 339
298 137
298 340
298 223
298 84
298 341
298 14
955 342
346 187
346 202
608 116
956 343
294 344
294 48
294 62
294 345
294 233
294 346
294 50
549 116
351 76
351 316
351 347
879 271
879 348
957 252
958 51
470 349
470 350
76 351
76 352
76 353
76 211
76 354
76 347
76 162
76 355
76 316
688 356
753 357
432 358
42 359
42 177
42 360
42 361
42 362
42 126
712 363
822 364
822 116
328 247
21 365
21 114
21 103
21 126
21 101
21 164
21 366
21 367
21 368
21 153
21 369
21 57
21 131
21 370
21 84
21 371
21 35
21 0
722 52
722 372
101 373
101 181
101 374
101 216
101 202
486 21
486 307
486 375
486 376
550 377
959 156
838 58
568 378
29 249
29 103
29 54
29 379
29 71
29 380
29 381
29 382
29 334
399 383
399 384
399 283
404 385
404 386
404 355
404 335
404 217
766 387
766 388
766 389
960 43
689 390
458 391
458 392
735 131
961 47
962 317
963 194
964 393
964 5
964 394
964 395
697 396
461 397
671 398
546 399
546 291
546 383
662 67
335 400
335 401
335 402
335 403
335 404
335 405
965 126
581 317
581 406
581 407
581 408
295 409
295 201
966 410
966 411
966 412
282 413
719 414
707 415
569 43
569 186
92 144
374 297
374 101
144 63
144 317
144 285
144 195
144 18
144 92
144 151
32 416
32 417
32 418
32 419
32 420
32 421
32 422
967 423
297 244
297 424
297 238
531 192
452 111
452 425
452 426
452 343
452 181
452 258
452 415
452 427
452 414
452 428
15 341
319 429
968 430
898 70
134 89
134 296
134 84
134 431
9 7
358 432
358 336
358 184
225 433
969 434
305 215
970 435
118 436
118 437
118 438
118 203
438 317
438 439
438 390
438 374
438 51
438 263
438 440
438 118
438 441
438 442
971 443
330 127
330 444
330 41
330 445
330 38
330 51
330 446
744 447
744 192
625 448
856 449
880 450
880 420
427 451
427 452
464 453
464 321
464 454
464 2
464 455
500 145
510 393
510 18
104 222
104 93
104 456
104 243
104 457
379 458
379 29
379 287
379 216
169 459
732 235
682 101
397 460
397 461
664 462
664 67
664 463
972 106
972 212
972 316
972 145
973 51
573 43
974 464
213 318
213 399
213 2
214 465
867 466
975 467
456 468
456 104
456 291
456 420
823 266
350 350
350 469
350 470
35 197
35 48
35 471
35 208
35 279
35 43
821 85
821 104
821 101
672 472
639 473
639 474
639 247
790 475
798 390
436 118
436 437
679 473
679 476
679 477
679 478
976 479
977 480
978 415
979 481
979 45
812 238
344 410
651 482
651 153
55 483
980 484
980 339
890 108
891 485
981 103
705 111
705 51
376 486
982 41
982 487
556 283
556 190
193 318
193 14
827 237
137 298
137 488
137 209
137 296
137 276
324 489
324 98
324 201
324 490
324 491
324 492
324 381
324 493
221 220
221 337
221 494
33 172
33 495
983 480
336 496
984 497
801 390
985 498
228 257
986 93
117 203
872 178
854 419
60 499
145 41
145 63
145 55
145 51
145 109
145 474
145 307
145 500
145 312
145 501
145 502
847 503
847 238
78 504
78 227
78 505
36 302
343 506
343 110
343 255
987 67
988 325
989 4
990 507
391 458
366 21
366 508
366 509
366 510
50 294
50 317
50 511
50 512
50 249
50 513
50 514
50 515
50 516
50 313
50 517
535 179
535 476
535 518
535 208
535 190
535 519
535 478
894 520
274 156
44 521
71 522
71 268
71 111
71 523
71 29
71 184
71 524
71 525
71 51
71 358
71 526
71 116
71 2
71 155
71 527
635 109
841 528
841 110
841 529
841 530
728 288
296 95
296 380
296 531
296 532
87 256
87 533
87 268
87 534
991 535
382 256
382 464
515 106
515 50
992 139
992 107
993 132
239 217
239 536
895 520
897 537
322 538
322 539
322 540
322 541
618 103
93 233
93 542
93 543
93 195
592 544
592 184
994 545
994 3
291 195
291 456
291 135
291 546
291 248
421 32
421 547
995 492
995 135
11 4
453 247
6 548
6 549
69 215
69 268
69 129
69 154
377 550
377 155
377 551
377 250
642 365
114 21
619 552
292 553
292 554
292 42
292 392
292 555
190 98
190 318
190 556
190 271
190 416
190 557
190 58
190 14
190 558
190 559
190 548
190 535
190 560
620 84
310 355
43 561
43 536
43 378
43 562
43 2
43 563
43 564
43 565
43 75
43 65
43 566
43 567
43 568
43 355
43 569
43 570
43 476
43 116
43 97
43 571
43 572
43 573
43 35
43 14
227 574
227 78
227 575
227 41
192 244
192 106
192 388
192 531
660 67
996 576
73 533
73 157
73 84
73 577
317 103
317 578
317 579
317 580
317 200
317 581
317 582
317 144
317 583
317 392
317 438
317 584
764 106
764 585
130 36
130 586
208 177
208 587
184 588
184 103
184 371
184 243
184 589
184 390
184 590
184 591
184 430
184 358
184 592
184 558
184 593
184 594
184 155
184 451
184 288
99 595
99 431
226 433
226 596
226 597
226 598
997 249
997 599
309 355
811 14
692 600
341 298
341 71
116 331
116 43
116 549
116 203
116 71
116 601
116 602
116 286
116 603
116 604
116 80
116 605
116 606
116 607
116 404
116 608
116 609
116 577
222 610
222 104
837 41
837 350
837 58
837 288
998 415
179 611
65 43
65 612
65 613
483 172
483 369
483 55
999 596
1000 244
1001 266
103 317
103 614
103 615
103 616
103 288
103 62
103 617
103 307
103 241
103 618
103 136
103 106
103 25
103 126
103 227
103 407
103 334
123 23
84 21
84 63
84 73
84 134
84 298
84 619
84 2
84 414
84 620
84 126
84 621
84 622
202 346
202 227
202 623
202 624
1002 569
448 625
797 54
1003 626
741 14
741 627
741 10
741 628
741 164
254 629
121 630
1004 631
109 632
109 633
109 634
109 635
109 135
109 156
109 204
109 108
109 84
47 168
47 271
47 636
1005 637
247 97
247 453
247 638
247 639
247 129
247 217
247 302
247 233
247 640
247 641
247 355
247 407
365 642
61 62
61 643
571 644
571 43
571 645
571 534
1006 646
181 101
181 186
181 228
181 647
181 513
181 575
745 129
745 379
321 212
153 21
153 648
153 296
153 111
153 409
153 649
153 650
153 651
153 109
153 652
153 190
153 653
153 95
153 139
153 170
244 463
244 246
244 654
244 415
244 655
244 297
244 355
244 192
1007 50
1008 186
606 656
606 277
606 186
606 116
599 657
599 18
1009 106
570 43
240 190
240 536
708 3
656 658
302 215
302 36
302 220
302 659
302 247
1010 469
454 464
402 335
67 660
67 661
67 662
67 663
67 612
67 664
67 665
67 666
67 194
67 595
67 667
67 668
67 669
67 355
67 670
67 671
136 103
136 209
136 628
472 672
7 51
1011 673
553 292
715 139
154 674
411 2
652 364
652 153
1012 385
200 317
200 285
200 675
548 6
548 190
488 137
22 416
22 57
22 108
22 676
22 677
22 370
22 678
22 106
22 30
22 59
476 679
476 535
1013 23
425 680
425 681
425 452
497 682
497 271
497 683
497 48
497 374
497 684
497 515
497 685
1014 18
1015 205
233 294
233 638
233 686
233 93
233 687
233 247
241 163
241 103
241 113
1016 203
1017 688
187 689
187 690
187 691
187 600
187 692
187 346
187 693
119 203
1018 250
1019 64
1019 283
876 75
124 694
45 544
45 45
245 195
1020 602
896 695
1021 417
250 377
396 473
396 696
396 697
1022 156
183 181
183 575
251 113
251 650
1023 698
0 21
0 699
1024 71
256 382
256 87
755 234
1025 23
96 590
96 195
96 700
96 19
1026 486
360 177
360 42
1027 356
143 294
143 63
143 631
143 19
51 701
51 702
51 110
51 330
51 71
51 445
51 703
51 704
51 186
51 279
51 516
51 266
51 296
51 705
51 7
51 438
51 14
165 595
165 2
593 706
1028 355
273 393
273 303
506 343
170 459
170 153
428 177
428 707
3 708
3 4
3 709
1029 306
1030 516
800 710
800 473
800 348
800 390
800 711
800 712
1031 713
1032 383
686 233
686 101
835 21
526 71
414 714
414 715
414 716
414 36
414 717
414 718
414 84
414 91
414 109
414 719
414 42
414 13
414 452
554 292
547 421
132 586
805 390
1033 720
1033 721
713 200
713 201
283 399
283 312
372 722
819 723
675 200
675 648
54 328
54 29
54 724
54 725
54 41
760 48
760 726
725 54
288 727
288 728
288 729
288 184
288 2
288 730
288 288
482 651
885 731
1034 207
235 732
235 378
18 599
18 359
18 733
18 144
18 125
18 596
842 528
1035 467
210 734
131 586
131 735
131 21
287 189
776 542
577 736
98 737
98 324
98 738
98 628
98 203
833 739
720 103
663 67
272 385
272 298
1036 740
855 622
1037 741
308 742
340 743
340 14
633 109
551 377
447 18
447 744
387 617
129 714
129 586
129 745
129 746
129 216
509 747
509 202
1038 194
1039 93
1040 748
490 324
859 230
659 392
718 414
255 343
255 629
255 537
1041 216
1042 749
1043 209
806 311
478 679
1044 267
761 750
1045 751
52 109
52 752
52 722
645 634
357 753
1046 586
415 244
714 69
714 129
714 247
714 414
865 93
865 754
1047 106
826 111
234 755
234 514
234 252
234 756
234 757
683 497
683 18
1048 89
1049 758
1050 727
1051 748
769 634
615 759
615 103
615 628
1052 256
1052 760
1052 96
829 237
262 125
1053 697
750 761
398 85
398 355
429 319
763 762
1054 395
762 763
585 764
807 14
807 765
807 395
533 256
533 87
389 766
634 767
634 320
634 39
634 109
634 184
634 768
634 769
634 645
634 209
62 61
62 103
62 58
62 294
378 568
186 569
186 21
186 770
186 771
186 181
186 51
186 772
186 606
186 773
858 473
23 123
23 774
23 0
23 775
597 226
1055 296
542 776
542 407
587 208
1056 777
1056 174
1056 650
1057 715
217 736
217 404
217 216
217 145
1058 18
668 67
1059 258
1060 778
1060 271
477 679
655 244
655 408
1061 779
106 327
106 179
106 780
106 781
106 782
106 515
106 105
106 103
106 111
106 783
106 86
106 93
106 443
106 648
106 194
106 775
106 187
106 227
106 192
106 784
106 109
106 785
106 1
106 266
106 35
17 17
17 203
407 542
407 103
407 247
584 786
584 317
584 579
584 536
584 590
584 787
28 312
28 655
80 200
80 788
80 116
80 107
80 19
188 129
188 789
583 474
583 317
401 790
839 791
839 58
1062 792
189 667
197 574
197 343
197 575
197 676
197 202
30 793
30 22
30 315
511 50
588 184
1063 467
866 466
1064 376
871 794
795 795
799 390
799 796
390 473
390 797
390 628
390 798
390 799
390 800
390 437
390 134
390 598
390 269
390 801
390 802
390 803
390 156
390 804
390 317
390 805
390 438
390 88
390 129
311 806
311 355
311 0
602 227
802 390
802 140
802 665
810 14
552 619
431 676
431 214
431 205
431 48
14 807
14 808
14 4
14 340
14 385
14 809
14 18
14 78
14 595
14 810
14 362
14 190
14 811
14 355
14 741
14 812
504 78
808 385
808 364
808 813
808 814
38 330
860 815
860 816
90 817
90 467
90 818
182 575
48 710
48 294
48 205
48 819
48 760
48 820
48 431
665 53
665 802
368 21
204 267
204 533
204 134
204 2
85 105
85 821
85 268
85 398
85 84
364 808
364 652
364 822
266 701
266 103
266 62
266 51
266 823
266 106
266 339
843 243
711 824
248 291
248 195
248 825
661 67
624 202
111 203
111 153
111 91
111 474
111 826
111 106
111 746
111 452
408 114
752 52
590 96
590 584
237 827
237 828
237 445
237 126
237 829
523 71
95 830
95 831
95 296
25 804
25 41
25 813
25 832
739 833
746 148
746 203
1065 347
163 638
163 27
163 66
163 595
163 241
163 404
163 247
163 14
163 340
499 60
499 834
738 98
738 127
738 81
400 335
206 267
164 396
164 533
164 835
164 595
164 836
495 110
868 156
1066 273
474 639
474 145
474 111
474 71
289 243
58 41
58 837
58 184
58 62
58 838
58 190
58 839
58 840
528 841
528 681
528 842
243 662
243 564
243 188
243 108
243 184
243 18
243 197
243 323
243 213
243 289
243 843
243 844
243 845
243 104
243 789
243 846
243 734
238 297
238 847
238 848
238 536
517 271
638 247
653 153
201 295
177 42
177 208
177 415
66 163
66 612
135 849
135 271
135 348
135 850
135 109
135 851
135 291
135 852
8 548
883 853
168 658
168 47
281 854
622 163
622 855
449 856
449 273
107 857
107 104
107 216
580 317
706 593
229 784
229 697
1067 18
334 29
334 103
334 451
473 639
473 390
473 130
473 858
473 396
473 679
332 451
614 103
216 3
216 200
216 217
216 101
230 859
230 784
1068 84
140 307
140 2
140 89
140 834
140 628
782 515
420 32
751 317
815 860
717 414
180 631
180 72
88 390
874 307
27 163
27 41
27 379
27 861
27 862
27 863
27 832
349 470
1069 29
173 864
529 841
56 41
557 756
1070 193
1070 213
765 807
765 628
89 140
89 134
89 376
89 818
269 205
773 186
754 865
848 847
848 238
466 866
466 867
466 628
466 125
1071 296
729 288
77 868
77 869
1072 271
804 390
804 25
194 205
194 246
194 184
194 67
194 106
194 59
194 334
79 505
628 98
628 615
628 395
628 390
628 2
628 870
628 741
513 127
513 181
513 50
1073 775
155 184
155 279
155 71
598 529
369 41
369 483
887 127
1074 181
794 871
178 872
178 107
367 21
724 54
582 317
307 103
307 89
307 873
307 874
307 355
307 405
307 145
677 22
1075 875
1076 35
702 9
702 51
484 876
460 397
113 251
113 181
113 392
113 241
1077 191
1078 70
1078 67
830 95
743 575
743 340
694 877
726 760
699 307
699 0
386 404
348 710
348 878
348 879
710 800
710 190
1079 534
648 880
271 385
271 50
271 190
359 42
359 18
359 881
703 51
1080 227
75 882
75 424
75 43
196 590
196 40
566 43
157 22
157 279
362 42
362 14
853 628
853 883
658 2
658 656
1081 884
731 885
685 497
1082 758
127 46
127 886
127 738
127 513
127 216
127 395
127 586
127 195
127 887
127 43
127 650
127 888
127 21
127 58
127 330
127 181
127 106
127 245
127 889
127 316
1083 890
485 891
231 57
1084 892
424 297
424 75
81 893
81 788
81 63
520 252
520 894
520 109
520 895
224 433
1085 130
392 458
392 292
392 317
392 582
392 881
1086 23
223 191
395 807
395 106
395 127
395 679
303 215
16 514
16 30
863 896
537 897
70 599
70 29
70 898
70 655
70 106
70 899
772 186
122 630
532 296
166 900
166 595
166 312
