878 0
395 1
100 2
100 3
100 4
100 5
100 6
100 7
100 8
498 9
498 10
498 11
879 12
879 13
266 14
425 15
425 16
425 17
425 18
425 19
138 20
138 21
138 22
43 1
43 23
43 24
302 25
417 26
417 27
880 28
881 29
881 30
882 31
574 8
574 32
135 2
354 19
354 33
354 34
354 35
175 36
175 37
175 38
175 39
175 40
883 41
871 42
884 43
885 44
143 45
143 46
143 47
143 48
143 49
143 50
143 51
143 52
143 53
856 54
747 55
747 56
373 57
748 58
680 59
680 60
680 61
16 18
16 25
16 62
16 63
16 64
16 65
16 66
16 67
886 68
887 69
887 70
450 71
450 72
872 73
888 74
392 25
392 75
392 76
708 77
708 78
708 79
889 25
723 80
723 81
723 82
282 83
783 84
484 85
484 86
578 87
578 88
578 89
578 90
276 49
276 91
298 25
265 14
861 92
780 93
780 94
780 95
445 96
534 97
534 98
7 99
7 10
7 100
7 101
353 39
353 102
353 103
353 69
353 104
717 105
401 13
401 106
890 107
890 108
449 109
449 110
525 111
525 112
891 113
892 25
893 114
893 115
672 116
268 14
268 117
154 118
894 119
895 30
279 49
493 120
493 121
247 122
247 123
247 124
247 125
247 126
247 127
504 128
504 129
869 130
2 131
2 132
2 129
2 133
2 134
2 135
2 136
22 137
22 138
22 121
896 139
896 140
896 141
896 142
896 87
896 50
50 143
50 144
689 145
306 25
472 146
472 147
314 147
308 25
308 148
897 13
859 60
699 149
628 150
62 151
62 152
62 153
898 154
899 155
900 156
901 157
902 158
833 159
160 160
160 161
160 70
903 128
904 162
220 163
220 164
220 165
905 107
905 104
477 35
387 166
531 167
626 168
626 169
626 170
906 171
213 172
213 173
213 174
38 175
38 120
38 176
185 177
185 150
758 178
758 179
447 180
447 120
447 181
447 182
447 183
177 184
177 19
177 185
177 186
248 187
248 188
248 189
367 190
367 191
339 192
339 193
838 194
838 195
838 196
478 193
478 197
478 198
478 199
806 200
806 201
806 202
806 76
274 203
274 204
274 205
274 206
274 207
274 31
274 208
274 209
274 210
274 211
274 25
274 104
173 212
173 36
173 19
173 63
173 213
173 214
907 215
510 216
510 217
908 218
908 219
164 220
416 221
347 190
347 222
347 160
909 2
456 223
456 224
456 225
850 30
850 226
476 227
476 174
732 228
551 229
443 47
66 230
118 231
118 232
118 171
118 233
118 234
118 235
118 236
118 25
118 237
681 238
681 239
681 63
489 240
489 241
489 146
489 242
489 243
489 244
910 245
580 130
580 49
637 246
122 247
189 248
499 9
410 249
410 250
410 251
410 252
361 253
361 254
361 25
361 104
361 30
473 12
473 49
77 132
188 255
188 248
876 256
876 257
911 258
912 259
635 260
635 261
635 262
635 263
635 264
230 66
151 63
14 265
14 266
14 267
14 268
576 269
576 270
576 271
789 272
913 85
524 273
914 274
915 170
49 146
49 275
49 276
49 277
49 278
49 279
49 280
49 281
49 266
49 255
49 49
49 282
49 53
685 58
803 283
803 284
803 285
916 57
917 286
746 287
746 288
697 149
918 289
710 290
710 291
205 274
542 292
542 293
570 294
919 295
393 54
393 267
25 296
25 169
25 297
25 298
25 203
25 120
25 299
25 300
25 49
25 301
25 134
25 228
25 302
25 159
25 303
25 113
25 104
25 118
25 304
25 305
25 306
25 307
25 308
25 309
25 16
25 272
25 19
25 310
25 267
25 311
359 85
359 312
359 313
237 314
237 25
237 315
920 220
860 316
328 317
825 318
654 319
921 320
235 118
235 39
235 321
235 322
235 323
235 324
922 325
407 326
317 327
317 328
629 329
923 1
924 97
925 174
926 280
755 330
755 331
755 65
755 288
927 332
928 333
422 125
422 334
422 335
422 336
422 337
929 338
193 190
193 339
193 340
193 144
193 5
193 284
930 341
389 342
389 343
423 256
423 2
423 344
423 195
538 134
222 345
222 346
222 347
222 52
222 348
172 213
172 349
508 350
508 351
931 182
155 180
155 352
155 233
932 353
932 102
33 354
933 195
369 355
369 356
369 357
793 358
793 267
312 359
301 360
301 284
301 361
875 362
934 363
507 128
591 364
591 330
798 54
935 365
190 366
190 367
190 368
190 347
479 198
479 320
355 369
197 370
57 371
57 372
57 173
57 373
936 70
937 374
253 361
343 375
278 331
548 376
254 377
254 361
938 378
939 379
358 147
794 154
794 211
794 380
794 381
794 382
940 383
940 49
206 384
695 101
941 385
942 169
666 200
943 206
249 252
515 386
166 387
166 276
166 388
166 91
375 389
678 390
678 391
944 79
819 104
75 374
75 392
75 393
802 284
99 394
99 7
99 257
99 215
1 43
1 247
1 395
1 63
1 184
1 396
295 397
581 398
123 245
123 399
123 400
123 313
13 401
117 402
245 403
945 404
492 405
492 406
326 407
946 408
946 409
946 410
106 401
233 118
233 155
233 63
200 411
200 412
200 413
200 414
465 415
608 187
608 129
608 403
608 416
947 121
26 417
26 418
26 95
567 419
420 420
812 421
125 422
125 51
344 423
344 104
344 361
948 39
455 424
18 425
18 16
18 426
348 427
348 222
348 428
949 429
429 60
429 285
429 430
429 121
565 419
565 376
679 431
505 128
950 39
950 432
682 433
613 434
31 435
610 403
577 436
639 437
115 438
115 439
571 440
951 441
47 442
47 443
47 444
47 117
96 445
181 180
181 182
181 348
181 144
181 446
181 447
181 448
110 173
110 449
108 79
108 121
952 389
72 190
72 450
953 451
722 452
722 453
722 454
51 455
51 456
51 63
51 457
51 143
51 301
51 125
51 25
183 447
487 458
954 459
500 460
500 461
500 50
500 462
310 463
310 25
955 18
727 95
956 180
956 464
19 88
19 465
19 187
19 466
19 173
19 467
19 184
19 354
147 232
147 358
147 468
147 99
147 469
147 470
147 60
147 125
147 471
147 472
12 473
12 316
12 121
12 202
12 12
12 189
12 106
186 177
186 474
255 188
255 49
255 475
255 202
255 153
334 476
334 174
35 477
35 109
35 120
198 478
198 479
335 422
335 480
486 481
486 482
957 483
958 484
208 485
208 104
959 276
408 9
474 184
474 285
458 142
458 486
458 487
458 121
458 488
146 49
146 472
146 489
146 146
749 490
749 79
749 491
406 492
586 169
586 88
586 464
586 103
502 309
502 493
502 75
502 494
502 147
502 48
502 495
960 496
74 330
9 497
9 155
9 10
9 498
9 113
9 408
9 499
961 283
462 500
462 397
462 501
212 173
309 87
309 25
309 502
128 275
128 503
128 504
128 316
128 221
128 149
128 505
128 506
128 507
350 16
350 49
350 508
397 509
397 295
397 462
345 222
521 53
217 510
772 511
772 512
772 513
386 514
386 515
386 516
660 23
962 174
569 277
569 517
569 349
471 518
471 519
471 447
471 147
67 16
67 458
53 374
53 520
53 143
53 521
53 202
53 49
286 410
286 66
286 268
853 307
842 522
273 484
273 95
273 523
273 364
273 524
273 7
466 19
963 115
11 498
964 86
964 419
964 525
964 526
964 527
964 423
964 247
964 528
184 177
184 19
184 1
184 474
965 529
323 235
351 508
351 92
226 30
636 464
523 273
966 530
167 79
167 531
967 288
475 255
475 134
475 274
475 532
191 493
232 118
356 533
97 534
134 535
134 2
134 536
134 366
134 25
134 537
134 475
134 538
134 170
134 245
134 539
134 540
968 541
541 39
969 542
969 543
573 544
726 545
726 297
726 546
709 547
376 548
376 54
376 549
970 390
970 550
970 51
615 434
227 334
229 551
192 364
797 368
497 9
36 173
757 288
10 190
10 552
10 553
10 498
10 274
10 404
10 334
10 554
597 555
5 193
5 171
839 556
290 291
647 557
174 476
174 558
174 334
174 559
404 274
971 560
739 132
739 489
739 561
972 241
562 562
973 563
419 193
419 564
419 565
419 566
419 567
419 147
419 568
974 463
277 85
277 49
277 569
89 267
294 570
975 116
805 571
622 459
357 369
544 572
544 432
544 573
8 574
8 575
8 100
8 32
271 576
271 30
436 577
436 120
976 2
315 182
315 91
516 578
516 547
516 579
516 513
130 580
398 581
834 163
834 404
977 582
781 349
978 583
979 143
979 584
667 585
667 423
88 187
88 19
88 586
88 578
532 475
40 587
980 588
598 589
598 590
598 120
598 308
352 125
352 155
352 488
330 74
330 591
460 500
460 462
630 592
864 593
215 99
215 594
754 595
754 157
754 335
754 596
555 597
981 18
431 598
28 599
773 600
773 601
773 602
773 603
773 12
790 65
702 145
702 604
702 605
702 202
702 606
702 156
702 513
840 142
403 245
403 607
403 608
403 609
403 610
434 611
434 421
434 612
434 613
434 614
434 615
434 102
982 210
983 395
631 592
327 317
984 616
984 617
501 618
366 190
366 109
366 619
366 620
366 621
366 368
459 622
528 619
528 63
658 623
519 624
519 471
519 625
770 203
761 480
985 422
169 626
169 586
169 627
169 25
169 95
716 163
716 39
716 105
250 106
150 628
150 185
986 49
224 456
987 195
368 190
329 629
592 630
592 631
592 517
811 256
811 488
112 516
988 139
989 632
800 165
340 193
737 633
737 634
261 635
261 264
990 227
991 20
607 403
464 636
992 118
993 274
246 637
437 638
437 639
994 109
994 640
751 641
751 642
751 136
153 643
153 62
153 608
153 644
153 255
153 25
153 153
91 390
91 645
132 646
557 647
557 648
557 649
557 624
557 519
557 104
995 548
847 650
142 120
142 651
142 79
142 458
826 527
826 652
817 653
817 516
769 70
319 654
540 134
136 228
136 284
136 623
777 655
996 656
623 184
623 657
623 144
623 315
623 658
23 659
23 660
23 661
23 43
997 662
48 663
48 664
48 143
48 665
48 537
48 502
48 666
585 667
585 79
585 651
998 482
111 598
999 668
1000 669
241 489
241 480
1001 297
116 670
116 342
116 671
116 672
738 649
738 76
1002 673
1003 674
1003 675
1003 486
126 288
683 302
683 433
683 203
659 23
1004 588
1005 25
391 676
63 107
63 582
63 307
63 378
63 121
63 233
63 16
63 51
63 1
63 391
63 677
63 149
63 678
63 679
63 62
63 528
63 680
63 681
63 242
63 151
463 25
463 239
590 91
433 134
433 682
433 683
1006 97
1007 684
765 623
765 251
765 266
765 120
765 685
180 85
180 155
180 447
180 686
180 687
180 12
180 688
180 181
180 72
180 79
145 689
1008 193
364 690
364 691
364 692
364 693
364 134
364 273
101 694
101 695
149 696
149 697
149 698
149 699
149 289
149 700
149 128
149 63
149 198
149 701
149 25
1009 374
204 104
606 702
1010 703
552 452
552 171
552 10
552 704
1011 705
1011 706
704 552
677 707
677 63
1012 702
78 708
547 709
625 471
291 290
291 710
651 374
651 711
651 585
651 712
651 713
651 142
651 31
651 79
651 714
764 715
427 222
427 365
1013 13
1014 493
105 560
105 716
105 717
520 49
1015 718
1015 510
730 719
1016 720
566 721
566 606
566 419
454 722
1017 322
1018 476
1018 159
1018 110
82 723
1019 724
1020 193
297 725
297 726
297 297
1021 195
95 169
95 727
95 728
95 388
176 38
171 5
171 729
426 18
619 366
619 125
619 121
619 528
862 730
609 731
609 403
1022 716
228 297
228 486
228 725
228 300
228 732
228 25
1023 182
1024 733
1024 734
1025 97
760 735
1026 155
1027 736
795 374
795 79
517 113
517 656
634 737
119 49
1028 207
787 378
1029 738
561 193
561 297
561 385
561 725
561 739
561 740
482 741
482 742
482 743
774 236
774 483
774 243
774 744
823 745
848 746
55 121
55 747
377 254
58 748
1030 313
491 749
1031 750
642 751
638 752
638 753
1032 444
17 425
20 138
20 179
1033 754
288 755
288 756
288 49
288 757
288 25
288 746
179 85
179 431
179 758
1034 759
1035 57
735 760
424 455
129 608
129 504
480 761
480 241
480 335
480 762
494 495
494 166
1036 572
1036 557
311 25
1037 763
1037 764
441 39
1038 171
514 386
374 374
374 765
374 766
374 76
374 546
70 767
70 151
70 768
70 160
70 769
70 136
203 770
203 25
203 683
452 722
470 147
712 651
83 282
83 49
688 181
133 239
1039 63
1040 771
1040 428
1041 772
1042 181
603 773
603 237
243 774
243 415
1043 120
844 775
844 720
844 776
242 489
655 777
1044 778
1044 779
643 153
45 143
0 366
0 109
0 316
93 780
93 329
349 781
349 569
210 782
210 333
84 783
865 184
865 273
865 784
300 67
618 501
1045 785
378 740
378 63
378 786
378 430
378 787
378 788
1046 338
272 25
272 789
385 561
820 485
435 790
435 791
435 31
435 776
700 149
267 296
267 648
267 792
267 450
267 393
267 14
267 377
267 793
267 25
267 91
102 434
102 613
102 353
1047 117
211 794
211 359
211 123
24 42
1048 330
79 180
79 795
79 167
79 150
79 142
79 108
337 618
337 656
337 29
54 796
54 656
54 797
54 393
54 10
54 31
54 187
54 798
808 201
39 441
39 353
1049 378
1050 504
1051 26
649 104
649 557
1052 315
165 799
165 800
284 193
284 248
284 488
284 801
284 489
284 802
284 301
284 136
284 803
257 99
76 738
76 392
76 804
69 353
69 244
137 255
137 22
1053 805
201 806
201 807
201 808
32 8
711 228
121 458
121 347
121 619
121 12
121 63
121 809
121 110
121 22
121 241
121 336
488 810
488 171
488 811
15 756
15 425
15 812
1054 813
1054 57
725 297
632 814
868 815
568 419
568 433
568 65
280 816
280 69
280 30
653 817
1055 111
824 745
495 494
495 502
495 150
495 818
1056 159
104 163
104 819
104 820
104 19
104 392
104 485
104 208
104 408
104 344
104 25
104 361
148 308
85 821
85 277
694 101
752 281
752 596
740 55
439 115
1057 587
513 341
513 822
513 516
572 544
600 773
816 280
251 765
1058 66
1059 546
745 823
745 120
745 238
745 824
182 120
182 688
182 447
182 315
318 825
318 91
652 826
1060 827
1061 828
1061 829
324 830
324 700
624 557
782 210
782 817
275 49
1062 18
1063 288
1064 831
1064 832
1065 833
163 618
163 120
163 716
163 834
163 220
163 104
281 483
281 49
281 196
692 691
170 626
131 2
187 19
187 248
187 548
187 15
187 835
1066 836
90 578
1067 308
1067 104
1067 324
1067 837
715 764
415 367
415 486
360 301
728 838
633 737
1068 200
665 48
665 228
556 142
556 839
556 840
533 356
405 314
851 841
264 635
264 261
1069 488
216 510
522 842
1070 843
1070 630
331 278
821 85
687 79
299 25
776 844
1071 478
307 845
307 25
307 63
34 354
34 846
1072 294
650 536
650 847
1073 125
594 215
44 44
691 692
30 23
30 848
30 392
30 849
30 850
30 280
30 65
30 599
30 458
30 226
1074 190
841 851
579 852
506 65
56 853
1075 278
835 19
107 273
120 493
120 140
120 854
120 502
120 142
120 38
120 274
120 436
120 447
120 557
120 855
120 765
120 745
120 25
120 91
873 202
1076 844
1077 193
1077 29
857 109
845 307
845 25
285 187
285 474
109 0
109 366
109 856
109 35
109 857
60 680
60 858
60 859
60 429
60 147
316 0
316 128
316 12
316 860
316 202
92 861
372 275
554 10
554 578
1078 241
421 812
239 463
239 120
239 681
239 662
239 598
1079 862
593 863
593 864
719 730
4 865
4 57
4 100
144 500
144 193
144 623
144 866
144 867
144 49
144 50
815 868
483 774
483 193
483 762
73 869
852 752
1080 870
1081 626
1082 150
1083 516
252 249
1084 237
304 25
438 115
596 754
596 752
81 723
428 348
202 871
202 316
202 872
202 702
202 12
202 806
202 606
202 187
202 873
202 195
1085 421
305 25
384 206
1086 336
686 180
686 874
411 200
411 344
1087 486
362 571
362 875
582 173
582 63
1088 131
256 190
256 423
256 811
256 876
221 128
1089 185
729 171
283 391
283 803
1090 105
1091 423
1091 117
1091 111
1091 557
65 190
65 755
65 568
238 30
1092 825
1092 427
1092 91
587 623
587 105
587 40
587 195
430 877
430 549
430 378
430 429
