886 0
886 1
374 2
49 3
49 4
49 5
49 6
49 7
887 8
159 9
159 10
74 11
74 12
74 13
74 14
74 15
74 16
74 17
74 18
74 19
74 20
74 21
74 22
74 23
74 24
74 25
74 26
74 27
74 28
74 29
74 30
558 31
888 32
667 33
667 34
667 35
667 36
99 37
99 38
201 39
201 40
201 41
304 9
304 42
304 43
889 44
725 45
890 46
278 47
891 48
4 49
4 50
4 51
358 52
680 53
892 22
893 54
534 55
534 56
534 57
534 58
808 59
808 60
440 61
440 62
708 63
894 64
802 65
780 66
586 67
348 68
348 69
348 70
348 71
348 72
348 73
348 74
348 75
348 76
348 77
348 78
348 31
348 79
348 80
348 81
348 82
779 83
217 11
217 84
217 48
217 85
217 86
895 87
716 88
203 89
203 90
203 91
630 92
38 93
38 94
38 95
38 96
38 97
38 98
38 99
38 100
896 101
896 102
265 103
265 104
265 6
379 105
340 106
280 47
280 107
530 108
530 109
897 110
898 111
519 112
519 113
502 114
502 115
502 116
870 117
899 118
900 119
21 74
149 120
149 121
901 122
902 116
572 123
65 124
223 47
223 125
223 126
223 127
223 128
223 108
223 129
647 130
903 131
681 132
166 133
148 120
605 134
570 135
570 136
570 75
190 137
190 138
190 111
904 139
120 78
120 140
120 141
120 142
120 143
120 144
120 145
120 146
120 147
120 148
120 149
12 74
12 95
905 150
905 119
589 151
309 152
318 22
318 153
318 96
318 154
781 108
906 155
834 63
834 156
834 157
9 158
9 159
9 160
9 65
383 22
383 105
383 161
717 88
225 162
225 163
225 164
225 165
225 166
225 167
225 168
225 169
225 170
225 171
43 162
43 172
43 77
43 173
43 174
95 12
95 175
95 125
95 8
95 176
95 177
95 38
95 178
769 179
595 180
907 181
528 109
908 60
450 145
450 182
450 183
450 184
400 185
400 78
909 186
384 105
384 167
268 187
662 188
138 22
138 189
138 190
883 191
485 192
485 193
910 194
911 195
8 196
607 197
607 73
614 64
39 198
39 199
39 200
39 201
39 202
39 203
39 204
912 205
913 172
306 206
306 167
788 207
325 208
325 209
325 210
214 211
214 212
477 213
914 214
915 215
11 216
11 217
11 179
11 172
11 74
11 218
11 219
11 220
11 221
11 222
11 223
11 224
11 128
11 225
361 226
361 227
420 228
420 188
420 229
420 115
420 230
916 231
387 28
917 232
819 233
819 167
414 129
414 234
333 235
333 236
918 237
587 238
587 239
919 240
877 119
877 28
877 241
351 217
351 242
351 243
920 244
322 245
322 246
322 63
322 212
77 139
77 230
77 247
77 248
77 91
77 245
77 156
77 100
77 249
77 250
731 97
360 227
921 251
169 252
169 253
169 254
169 188
169 255
169 256
169 257
169 225
922 11
922 258
922 259
923 260
697 261
512 262
103 3
103 201
103 263
103 264
103 265
657 266
432 107
165 225
165 267
187 233
187 268
598 269
598 270
598 139
598 222
924 66
240 271
240 272
272 185
272 186
272 273
272 240
272 105
272 274
209 259
209 275
925 33
296 276
121 149
184 277
47 278
47 279
47 96
47 276
47 280
47 281
47 282
926 283
157 156
476 22
476 284
476 285
476 286
476 287
476 288
462 197
462 289
462 36
276 47
276 290
276 291
276 292
276 96
276 22
276 293
276 294
276 295
276 296
276 250
663 297
663 298
663 299
663 300
927 301
928 302
929 181
930 107
931 303
42 304
772 305
461 306
461 307
461 308
461 309
344 217
344 310
344 311
344 312
344 313
344 232
344 314
932 315
932 209
932 316
775 276
933 9
934 317
96 47
96 119
96 279
96 318
96 22
96 276
96 38
935 319
221 110
221 248
221 320
6 321
6 49
6 322
6 323
6 324
6 325
6 326
6 167
936 166
625 119
625 327
625 116
884 328
124 65
222 213
222 188
222 175
222 11
222 179
369 329
568 330
277 331
277 133
277 332
277 182
277 184
236 333
236 334
236 155
236 335
778 336
778 337
778 338
810 339
937 340
0 341
295 342
295 120
295 276
295 343
61 299
938 9
54 344
54 253
54 327
54 138
826 5
826 116
826 248
633 119
633 345
650 346
650 231
867 347
496 185
496 139
939 348
940 349
941 350
243 351
703 352
703 353
703 294
703 231
703 354
290 355
290 276
942 356
313 344
943 357
943 46
52 358
52 321
52 359
227 360
227 361
227 30
618 77
618 362
505 109
505 119
505 363
505 364
505 146
944 365
525 366
569 104
619 300
619 367
619 368
329 369
329 370
329 371
7 49
2 372
2 373
2 170
2 75
2 374
796 22
796 375
367 376
696 377
945 129
945 222
105 378
105 379
105 272
105 315
105 71
105 380
105 22
105 381
105 116
105 382
105 383
105 28
105 384
105 167
28 385
28 386
28 74
28 387
28 388
28 389
28 390
28 266
314 391
451 392
451 393
451 394
451 327
699 395
78 120
78 252
78 396
78 377
78 348
78 397
78 398
78 302
78 399
78 22
78 323
78 77
78 305
78 251
78 400
78 401
78 14
78 249
78 402
162 352
162 403
162 404
162 202
628 405
628 119
628 406
628 407
628 46
626 338
626 320
626 408
626 409
626 410
626 38
84 217
71 348
71 411
71 30
513 177
513 412
513 413
25 74
946 43
129 223
129 414
129 198
515 415
431 416
431 3
431 75
431 226
431 417
431 418
431 419
722 420
722 421
722 422
722 423
722 222
185 424
185 112
185 284
464 299
464 425
464 75
464 220
464 228
464 426
464 427
470 197
470 428
523 366
523 156
294 147
294 429
294 276
418 430
418 431
418 432
947 433
947 271
186 272
948 107
948 434
397 352
397 435
397 78
787 68
787 82
666 436
666 437
323 78
323 105
323 6
323 131
235 333
235 438
235 439
235 440
235 441
235 442
275 209
949 443
745 444
745 215
745 445
745 46
571 446
571 447
733 448
950 449
183 13
183 450
183 15
951 119
393 451
22 452
22 453
22 96
22 98
22 138
22 113
22 116
22 132
22 197
22 105
22 156
952 454
952 28
952 116
474 119
474 320
474 455
474 398
474 73
474 456
474 60
474 173
474 457
474 156
474 458
953 147
805 459
620 460
620 428
232 184
307 461
289 462
813 236
849 463
228 464
228 465
197 257
197 119
197 94
197 466
197 467
197 98
197 468
197 469
197 22
197 470
197 471
197 472
197 462
197 473
173 474
954 475
288 476
337 89
337 477
337 478
337 241
230 77
955 479
956 9
777 87
777 480
777 481
777 482
869 483
871 484
193 485
426 405
426 464
426 486
426 487
426 488
426 228
426 489
426 109
50 490
139 491
139 492
139 48
139 493
139 494
139 495
139 22
139 220
139 496
139 497
139 305
139 326
139 132
139 60
139 498
139 181
114 499
114 500
114 33
114 501
114 388
114 353
114 502
114 503
114 504
363 505
676 284
263 128
957 506
957 507
624 87
624 119
624 14
624 422
23 26
23 12
23 14
23 18
23 74
702 108
702 221
702 353
702 508
581 220
581 154
581 509
456 285
456 300
456 510
262 511
262 512
177 513
177 514
177 95
958 469
415 60
415 116
415 515
434 93
434 266
434 38
846 249
959 150
959 516
112 344
112 517
112 507
112 3
112 318
112 73
112 164
112 518
112 519
112 185
112 520
112 249
710 388
710 290
710 521
960 64
366 522
366 353
366 523
366 524
366 525
366 376
366 116
366 406
366 14
616 526
256 327
579 68
579 527
579 33
785 68
785 517
109 119
109 397
109 279
109 63
109 528
109 376
109 505
109 9
109 529
109 530
109 531
109 532
29 468
29 74
29 533
58 346
58 534
58 535
961 536
962 537
494 538
494 539
494 495
494 139
786 68
786 540
786 517
786 541
508 485
508 194
142 120
629 542
629 119
629 116
293 276
609 543
784 544
963 545
100 38
100 237
882 546
547 412
412 547
412 548
412 549
659 188
320 550
320 80
320 551
320 172
320 137
320 552
320 60
320 257
320 553
320 458
425 464
128 201
391 119
391 554
391 311
794 57
794 555
233 187
661 188
661 556
661 222
964 557
31 348
31 558
31 559
31 110
734 560
734 561
734 1
423 145
965 315
490 562
490 563
490 564
490 169
490 565
966 511
635 119
635 28
766 566
967 181
179 11
179 567
179 568
179 546
179 569
179 222
3 270
3 397
3 9
3 570
3 116
3 112
968 166
969 22
286 279
286 476
286 521
376 331
376 366
376 109
970 286
970 119
419 571
26 23
26 74
971 75
639 119
639 13
639 327
972 572
712 394
518 112
518 535
518 573
195 574
75 575
75 348
75 2
75 516
75 570
75 323
75 576
75 577
75 0
75 274
75 308
75 250
75 181
973 325
973 14
973 578
33 579
33 388
33 114
33 580
220 11
220 581
220 119
220 534
646 324
216 11
974 274
975 145
90 48
90 73
90 582
90 583
90 203
90 584
292 6
976 222
976 248
977 276
978 296
608 245
608 464
979 398
158 285
158 9
158 585
878 541
67 586
238 587
980 186
682 132
682 588
682 589
533 29
533 308
550 162
981 38
982 22
439 590
72 348
72 29
768 591
768 592
768 593
768 594
858 574
563 119
180 595
82 348
413 596
413 12
829 239
983 597
269 598
310 43
310 599
310 600
310 601
310 602
310 172
310 344
310 603
310 604
522 366
134 605
73 68
73 348
73 112
73 606
73 408
73 607
73 474
73 435
73 254
73 257
73 249
73 156
984 212
212 245
212 214
212 6
245 279
245 322
245 608
245 77
245 609
245 257
106 610
106 611
106 612
106 158
106 340
64 613
64 614
677 12
202 279
526 615
526 9
526 119
526 616
526 617
362 618
362 619
531 109
460 620
985 3
44 248
726 45
726 159
986 65
574 285
55 534
435 621
147 352
147 201
147 294
987 599
686 300
988 116
988 38
989 565
990 622
613 64
81 348
81 328
119 623
119 624
119 591
119 116
119 625
119 626
119 627
119 339
119 628
119 241
119 629
119 305
119 197
119 630
119 458
119 631
119 632
119 633
119 391
119 634
119 635
119 636
119 505
119 637
119 429
119 638
119 526
119 639
119 474
991 640
219 565
91 641
91 77
91 203
91 642
91 643
658 113
658 327
658 156
801 644
801 645
875 520
324 646
324 6
332 277
130 647
992 648
665 263
665 137
700 353
993 9
59 60
994 649
995 546
996 434
997 152
998 105
441 235
231 650
596 513
279 651
279 13
279 96
279 286
279 202
279 109
514 602
514 348
514 632
514 599
514 603
514 177
429 119
429 294
429 450
70 348
70 94
503 114
403 162
403 652
453 22
453 653
453 654
409 626
672 655
672 166
438 235
327 617
327 656
327 657
327 391
327 658
327 497
327 113
327 625
327 249
327 451
885 328
467 197
342 295
17 150
17 80
17 74
501 114
599 603
599 514
599 310
599 86
188 659
188 420
188 660
188 661
188 169
188 662
188 222
488 426
832 14
999 223
297 663
532 664
76 305
174 202
174 554
174 97
189 138
580 665
580 137
580 35
852 107
852 274
437 132
437 666
437 222
797 13
399 348
399 78
36 667
1000 235
1000 668
1001 186
1001 669
1002 28
792 458
372 2
1003 315
471 197
1004 301
171 670
171 225
171 671
1005 531
1005 347
1005 272
655 672
612 106
736 145
679 673
679 674
284 675
284 185
284 676
284 677
284 406
284 529
284 678
674 679
246 322
246 680
246 23
246 212
489 426
638 119
757 14
132 491
132 139
132 4
132 155
132 75
132 22
132 681
132 682
1006 172
291 344
291 276
291 401
94 197
683 683
1007 684
690 145
1008 177
1009 305
151 56
390 28
390 116
621 435
300 685
300 686
300 619
181 139
1010 647
1010 687
301 688
447 450
447 571
627 119
150 304
838 689
145 690
145 625
145 423
145 450
145 241
553 285
553 420
553 119
553 320
1011 625
1012 691
1013 11
1013 692
1013 693
1013 91
1014 694
800 695
800 137
800 624
800 139
649 344
377 696
377 319
261 202
261 119
261 697
656 506
656 587
656 327
656 190
218 479
355 290
355 698
353 699
353 301
353 700
353 155
353 701
353 702
353 366
353 703
353 704
353 149
200 39
66 705
66 6
66 75
1015 706
1015 327
255 565
255 169
1016 75
465 228
811 92
257 119
257 19
257 245
257 188
257 410
257 132
257 197
405 628
316 707
856 708
1017 709
388 137
388 710
388 264
388 711
394 712
394 393
394 248
394 553
394 713
394 451
315 105
315 110
315 129
789 714
789 715
88 716
88 717
349 3
282 718
1018 719
30 47
30 720
30 380
602 310
602 514
252 169
705 66
422 59
422 721
422 624
422 722
1019 77
623 723
623 724
542 629
45 725
45 726
45 299
45 163
45 727
45 728
45 529
1020 110
1020 48
386 107
386 28
653 453
806 116
87 624
264 103
264 729
264 107
264 388
123 730
123 43
97 174
97 38
97 731
448 732
448 4
448 14
448 733
560 734
1021 735
1022 736
1022 737
164 112
164 244
164 225
1023 565
469 197
718 282
1024 738
1024 375
1024 85
1024 418
1024 739
1025 740
1025 30
1026 299
392 22
392 393
392 14
392 139
861 37
468 741
1027 172
1027 105
1028 205
154 742
154 318
632 743
48 217
62 440
791 388
640 744
1029 95
1030 745
37 254
610 746
610 77
610 747
610 0
610 502
795 545
795 305
1031 748
381 105
381 209
343 545
343 295
1032 139
1033 479
1034 749
1035 119
1035 391
1036 65
879 750
1037 398
281 47
673 679
1038 388
250 751
250 276
250 75
250 22
250 77
250 87
1039 673
752 752
752 753
206 754
836 3
836 684
836 15
104 755
104 9
104 756
104 735
18 74
18 757
19 758
19 759
19 257
19 760
19 690
1040 318
709 761
352 162
352 762
352 65
352 22
352 763
352 703
352 764
352 147
182 765
601 310
601 766
601 767
1041 624
701 353
593 768
593 119
359 52
759 769
759 19
1042 205
305 119
305 139
305 137
305 485
305 486
305 76
305 770
305 771
305 772
305 773
305 167
305 774
321 52
321 6
321 38
321 775
442 235
535 164
535 58
336 776
481 546
481 777
481 156
481 387
565 591
565 255
565 376
565 219
565 110
762 352
338 83
338 778
338 779
108 444
108 564
108 780
108 261
108 188
108 166
108 555
108 781
108 782
108 58
455 474
368 11
368 179
368 49
368 89
368 783
368 609
51 4
406 366
406 284
544 784
1043 201
267 165
68 785
68 179
68 348
68 786
68 787
68 399
68 73
68 368
68 579
68 401
68 249
68 104
207 788
517 785
715 789
715 420
715 14
715 790
715 327
516 347
516 75
1044 394
1044 791
729 264
1045 91
283 133
480 777
458 119
458 320
458 137
458 792
458 145
458 474
1046 257
1047 450
594 793
594 408
594 711
594 794
594 768
594 479
594 292
594 64
211 214
13 291
13 795
13 796
13 74
13 530
13 294
13 396
13 797
13 798
13 10
13 128
13 639
1048 169
824 799
566 368
566 601
854 63
137 800
137 665
137 580
137 263
137 305
137 80
137 156
137 190
645 801
248 44
248 802
248 803
248 221
248 77
248 545
248 244
622 694
543 53
543 609
113 119
113 617
113 327
113 804
113 112
113 22
113 658
113 519
113 6
113 105
113 805
113 30
116 389
116 625
116 806
116 116
116 502
1049 807
60 59
60 320
60 808
60 474
266 28
266 657
590 235
845 249
56 534
1050 189
1051 279
339 11
339 119
339 785
339 809
339 792
339 106
339 810
339 811
339 812
644 801
552 320
247 813
247 13
247 77
247 704
247 156
1052 487
1052 240
719 814
1053 815
1054 816
213 817
213 337
213 577
213 242
213 222
161 818
1055 353
167 189
167 380
167 819
167 6
167 306
167 105
167 820
167 305
378 63
407 628
125 95
1056 74
830 14
146 505
1057 479
1057 821
1058 822
1059 376
1060 116
738 366
738 545
153 191
153 823
153 318
799 824
1061 520
529 109
529 825
529 284
5 49
5 826
239 78
239 587
239 827
239 828
239 248
239 372
239 829
876 520
876 97
14 78
14 331
14 182
14 152
14 830
14 119
14 702
14 22
14 116
14 715
14 831
14 832
765 119
765 182
743 632
636 119
1062 167
1063 201
156 22
156 833
156 179
156 398
156 247
156 157
156 388
156 77
156 474
156 834
1064 12
864 835
389 28
389 116
1065 169
742 154
308 29
133 119
1066 470
15 836
15 183
15 74
444 108
444 745
370 369
370 329
53 837
689 838
591 768
591 119
591 303
591 565
591 413
833 156
224 11
1067 839
1068 405
860 840
92 285
92 529
92 105
1069 841
299 43
299 543
880 842
1070 162
872 479
872 843
172 648
172 624
172 844
172 167
172 320
1071 741
704 353
1072 165
1073 517
427 464
79 348
249 845
249 846
249 327
249 78
249 73
249 77
249 68
249 401
1074 452
140 120
1075 847
1075 531
868 279
868 57
868 428
868 449
868 78
253 557
253 54
302 78
302 139
844 848
844 172
844 63
463 849
1076 1
540 786
637 630
721 59
721 422
721 54
24 74
192 286
192 850
192 485
192 38
1077 710
545 251
545 795
545 343
545 248
545 435
798 13
27 282
634 119
634 299
567 851
152 309
1078 748
107 264
107 432
107 852
398 156
1079 782
242 213
242 351
242 853
63 378
63 854
63 855
63 172
63 856
63 322
63 834
63 857
524 366
524 244
285 858
285 456
285 92
285 158
285 553
1080 73
555 794
1081 131
319 308
319 592
319 859
402 78
688 301
175 222
1082 212
617 658
592 768
592 319
840 860
754 861
754 862
254 73
254 169
511 262
331 376
331 277
331 863
561 734
835 864
865 28
865 865
83 83
83 32
83 231
83 338
80 348
80 17
491 132
491 139
1083 426
347 516
347 230
347 866
347 780
347 867
347 202
1084 294
428 470
428 868
483 869
564 490
685 300
408 73
408 626
495 272
495 682
1085 804
1086 545
1087 185
117 870
1088 235
484 871
484 74
484 517
484 872
1089 212
298 300
521 521
521 710
521 286
521 873
521 874
521 328
1090 352
1090 34
606 348
89 203
89 14
1091 166
479 120
479 57
479 594
1092 112
520 875
520 856
520 876
520 112
713 394
1093 753
241 877
241 337
241 145
241 119
1094 119
837 53
1095 502
814 719
814 184
575 75
466 197
803 20
803 12
803 248
541 878
541 520
541 786
234 414
750 879
842 880
842 881
110 882
848 844
191 153
191 883
10 13
328 163
328 884
328 81
328 885
328 702
