237 0
237 1
237 2
190 3
139 4
841 5
711 6
842 7
733 8
354 5
292 9
292 10
292 11
292 12
292 13
292 14
292 15
218 16
843 17
800 18
844 19
654 20
68 21
68 22
68 23
68 24
68 25
68 26
438 27
438 28
438 29
438 30
732 31
728 32
37 33
37 34
37 35
37 36
35 37
35 38
35 39
35 40
35 22
35 41
35 42
35 43
35 44
35 45
35 46
99 47
99 48
99 21
99 49
99 50
99 51
99 52
845 53
129 54
129 55
440 32
109 56
109 57
109 58
109 59
109 60
109 61
109 62
109 8
109 63
450 64
579 65
473 66
473 67
26 68
26 23
26 69
760 70
259 71
259 72
259 58
259 73
259 74
259 75
846 76
747 77
78 78
78 79
78 80
524 81
58 82
58 83
58 84
58 85
58 56
58 62
58 86
58 43
58 5
58 87
58 88
185 89
185 90
148 91
148 92
205 93
189 94
189 95
263 96
263 97
263 98
47 99
47 100
47 101
47 102
47 103
260 97
847 104
847 105
582 23
49 99
49 13
49 106
49 39
364 107
364 108
57 109
630 110
630 111
630 35
630 112
600 113
600 114
587 115
587 116
587 117
587 118
587 119
587 12
587 120
587 121
587 122
587 123
225 124
848 105
849 125
850 126
208 127
208 128
208 129
208 106
208 130
208 131
208 132
208 133
447 134
851 35
852 12
172 135
853 136
854 56
137 137
4 138
4 139
565 140
565 141
112 142
112 143
92 144
92 145
92 146
92 50
92 147
92 148
92 149
306 150
306 151
306 100
306 152
267 153
267 43
685 133
685 154
685 155
685 156
401 157
401 158
400 159
400 160
491 161
491 162
491 163
491 164
491 165
211 81
291 166
291 167
802 9
855 168
856 133
123 43
796 169
796 11
387 170
562 171
135 172
135 173
135 174
135 175
522 176
522 177
522 178
522 179
42 180
251 181
252 153
252 182
252 2
90 183
90 2
90 184
90 185
90 186
90 187
270 188
270 189
270 19
857 190
857 191
857 192
857 2
857 141
547 193
858 21
239 2
380 194
488 9
488 195
488 8
488 196
488 12
199 187
311 142
311 197
311 198
613 199
613 165
226 200
226 201
554 202
554 203
707 157
93 204
93 205
93 206
617 207
617 165
641 19
336 208
336 209
336 57
336 210
336 211
336 212
336 213
727 214
859 215
860 216
16 217
16 66
16 218
734 219
734 220
734 221
290 222
192 8
192 223
289 224
124 225
739 12
861 221
200 226
862 141
7 227
7 22
7 228
7 229
338 230
863 231
232 232
864 72
56 19
56 11
56 128
56 85
56 233
647 19
264 97
323 234
817 235
382 194
865 236
2 237
2 238
2 239
2 153
2 240
2 19
2 157
2 241
2 71
2 242
2 243
2 244
2 245
2 246
2 247
2 248
2 249
2 250
2 251
2 252
2 253
2 8
795 254
795 255
745 124
164 19
610 256
610 257
610 33
610 258
485 201
238 224
238 2
238 19
97 259
97 260
97 261
97 262
97 263
97 264
97 265
153 266
153 267
153 207
153 50
153 252
153 268
153 269
153 270
153 165
174 135
771 271
94 272
94 189
94 271
94 59
50 273
50 153
50 201
50 6
50 92
50 274
50 165
50 12
50 50
50 275
50 186
50 91
50 198
50 276
50 215
50 162
50 277
269 153
269 278
269 279
269 3
269 280
269 60
269 74
269 281
866 256
793 282
514 283
514 284
514 285
514 286
514 287
514 94
514 288
514 289
222 290
166 291
13 292
13 293
13 39
13 201
691 259
691 141
867 276
132 294
132 295
132 296
132 297
132 280
132 51
132 298
500 299
757 300
322 234
322 301
868 302
532 303
869 304
869 305
150 256
150 306
150 307
150 58
150 147
150 308
150 19
150 136
150 43
150 309
150 310
150 87
870 311
870 312
474 313
537 209
441 18
468 314
718 315
381 142
381 245
381 316
381 19
871 268
871 317
871 318
111 319
111 320
872 107
334 321
234 322
234 165
234 323
721 276
659 121
873 324
874 325
614 165
535 66
535 45
875 12
379 326
379 71
379 327
265 97
876 328
601 329
877 81
391 330
391 331
321 332
321 333
321 334
634 335
737 72
210 336
456 105
878 99
618 322
230 316
230 71
230 337
230 242
230 338
879 339
21 340
21 201
21 299
880 341
511 325
443 342
499 343
40 344
40 345
467 346
467 347
357 74
881 208
5 283
5 288
5 348
5 349
5 350
5 351
5 352
5 353
5 354
5 203
5 58
5 355
5 347
74 356
74 357
74 358
74 269
351 5
538 162
346 359
712 360
712 186
752 262
752 361
632 362
632 363
108 364
108 365
108 366
108 367
359 368
359 346
359 307
359 19
359 157
359 369
359 370
359 316
359 371
409 224
409 372
409 373
882 374
883 375
884 376
63 377
577 192
803 278
375 161
375 378
375 379
194 380
194 381
194 382
194 383
885 384
399 138
399 180
596 385
59 386
59 387
59 55
59 133
280 269
280 388
553 389
331 390
331 391
886 83
224 238
224 180
224 5
224 150
224 392
224 393
887 394
275 153
442 395
442 53
888 8
332 396
332 207
332 321
355 207
355 5
523 72
523 245
523 77
594 128
889 65
627 397
312 72
312 398
312 159
312 399
312 400
833 401
890 402
487 403
487 404
487 405
372 406
372 115
372 142
372 180
372 407
372 408
372 227
372 409
372 304
840 410
840 39
840 2
840 12
840 411
840 365
840 412
840 319
779 413
557 414
557 415
557 278
557 416
557 85
557 417
557 203
557 367
85 327
85 20
85 418
85 107
106 208
106 49
106 132
186 90
623 419
246 2
891 157
578 65
451 256
451 64
451 420
892 421
52 99
52 422
680 218
680 423
680 424
680 425
680 426
680 203
249 277
662 427
219 153
219 428
219 429
219 430
219 431
219 276
219 432
125 433
125 434
125 435
786 436
893 72
184 90
653 21
653 173
30 437
30 438
30 39
30 439
30 177
894 440
895 441
3 269
3 366
53 442
342 443
316 230
316 173
316 444
316 317
754 445
187 399
187 180
187 439
187 352
187 19
896 446
134 447
773 448
773 32
64 449
64 450
64 451
439 231
439 452
439 445
439 30
439 341
439 453
439 454
105 455
105 266
105 131
105 207
105 456
240 118
240 50
240 2
240 457
897 50
763 22
763 407
763 59
763 458
422 459
422 460
422 461
422 462
22 21
22 68
22 463
22 439
898 464
898 465
736 72
792 282
801 466
347 467
347 39
347 5
328 468
223 192
274 153
899 72
899 282
66 469
66 470
66 471
66 472
66 55
66 473
900 474
395 169
395 366
395 442
395 85
395 367
825 475
825 280
901 71
901 476
902 477
903 478
91 157
91 479
91 43
91 50
91 480
790 176
790 481
512 284
836 482
836 312
751 47
751 483
751 484
751 19
201 21
201 485
829 486
904 11
905 387
404 487
195 488
161 489
161 325
161 490
161 203
161 491
686 492
717 493
717 494
708 495
453 121
453 439
453 271
281 157
542 162
574 496
761 497
299 498
299 499
299 12
299 500
299 5
299 501
410 502
410 503
296 132
814 504
566 505
566 506
570 71
710 360
710 507
906 508
906 262
906 56
906 107
906 5
907 509
590 203
590 201
590 510
908 511
908 40
908 347
284 512
284 513
284 514
563 171
563 395
563 515
563 516
563 367
602 517
909 372
910 518
910 12
645 19
911 62
912 271
913 519
392 224
392 497
333 321
720 520
177 518
177 521
177 522
177 30
914 523
81 524
81 525
915 317
915 12
536 209
916 145
916 157
916 281
307 256
307 359
307 392
307 526
917 527
918 528
552 529
353 5
353 530
454 493
454 69
454 141
303 531
303 532
303 533
371 534
919 535
209 336
209 536
209 537
162 157
162 538
162 462
162 539
162 491
162 50
162 540
162 541
162 542
162 165
735 543
735 544
142 70
142 151
142 311
142 545
142 39
142 157
142 386
142 319
142 546
193 547
193 12
193 299
815 548
815 549
920 70
529 113
529 327
529 550
529 551
529 552
921 399
921 553
202 554
24 466
730 220
730 529
730 555
742 556
414 557
812 43
812 150
317 558
317 316
317 41
317 425
317 12
922 61
344 559
171 396
171 560
171 561
171 515
171 562
171 563
171 564
171 341
140 71
140 565
505 566
923 150
457 268
808 11
924 118
700 224
700 107
324 157
324 48
925 567
926 132
926 442
927 29
86 58
86 568
928 50
928 150
798 569
71 259
71 222
71 105
71 140
71 378
71 192
71 570
71 230
71 571
71 572
620 416
496 573
496 574
466 24
466 159
65 575
65 576
65 577
65 43
65 578
65 579
65 32
929 50
929 135
325 580
325 511
325 161
325 105
325 203
930 66
23 256
23 581
23 582
23 583
23 68
23 26
503 410
503 256
503 157
503 584
503 585
386 586
702 434
931 43
178 522
586 386
117 5
117 587
463 22
932 208
365 105
365 366
365 108
365 269
365 437
365 367
769 588
933 589
510 590
213 336
726 591
666 157
666 592
666 593
128 594
128 127
128 365
934 595
114 535
114 596
167 597
167 291
167 50
167 598
167 17
113 599
113 600
113 529
517 479
517 33
517 601
517 38
517 602
559 344
141 381
181 251
181 363
823 603
657 381
657 439
244 256
244 253
683 604
506 566
799 11
82 318
722 490
69 55
69 29
69 454
935 226
775 605
236 606
936 266
936 156
937 230
938 607
79 142
462 557
462 608
462 455
462 609
462 486
462 422
462 162
257 610
939 611
405 403
940 445
940 434
765 8
151 306
151 319
151 142
696 612
165 234
165 33
165 613
165 207
165 153
165 491
165 545
165 614
165 411
165 615
165 616
165 50
165 617
165 618
165 162
165 619
165 301
941 217
416 7
416 620
449 268
449 621
942 133
942 622
340 157
340 21
419 623
943 230
411 411
411 624
411 625
411 271
411 626
397 627
397 628
397 629
149 92
944 209
811 489
396 171
705 630
705 282
479 91
479 35
818 235
80 78
80 276
945 631
585 503
753 58
753 309
633 283
946 403
831 66
363 632
947 21
638 79
638 19
283 153
283 633
283 5
283 514
283 19
335 634
366 635
366 395
366 636
366 108
550 529
694 637
19 638
19 283
19 107
19 278
19 12
19 639
19 640
19 150
19 641
19 426
19 642
19 643
19 348
19 55
19 644
19 137
19 454
19 164
19 153
19 645
19 646
19 457
19 238
19 381
19 74
19 409
19 56
19 647
19 256
19 359
19 270
19 2
19 648
19 186
19 187
676 649
564 171
564 341
571 650
948 217
789 651
652 652
949 426
949 653
950 595
207 153
207 355
207 105
583 133
583 26
583 654
583 655
583 308
951 655
952 273
952 50
55 83
55 117
55 129
55 69
55 66
55 8
568 497
568 280
373 656
373 409
373 657
953 658
121 659
819 660
45 217
45 535
45 35
805 11
954 72
498 661
498 299
661 351
661 498
427 662
543 663
308 157
308 583
308 150
308 529
649 664
649 665
649 363
592 666
341 171
341 564
341 439
341 555
133 208
133 642
133 105
133 66
133 247
133 305
133 667
133 553
133 87
133 129
133 141
955 668
421 469
956 669
377 393
377 63
957 55
285 514
285 670
285 12
285 180
285 671
87 58
87 672
87 673
87 158
521 674
774 256
15 292
576 65
725 276
675 675
958 5
389 553
389 5
959 488
762 417
762 676
810 677
738 72
163 491
163 11
233 56
509 58
674 678
674 521
674 679
822 680
608 462
960 276
119 587
961 681
961 682
604 683
604 367
604 534
604 462
703 434
703 17
217 16
217 45
118 557
118 684
155 685
155 12
343 287
343 135
625 411
839 319
492 686
492 687
650 545
650 688
650 689
650 571
962 690
349 5
963 691
964 81
965 150
965 692
966 658
701 150
701 693
138 399
138 4
138 117
704 142
704 59
673 87
502 410
127 208
127 128
169 30
967 50
967 135
968 403
637 694
383 194
383 695
612 696
969 418
970 131
971 174
367 190
367 667
367 563
367 488
367 604
367 697
367 361
367 411
367 698
367 365
367 53
367 43
367 132
367 108
367 442
367 367
70 532
820 130
820 699
10 130
107 364
107 700
107 85
107 55
972 117
693 701
434 702
434 71
434 703
973 190
294 132
609 462
526 454
526 271
974 160
975 432
573 704
976 705
639 706
639 19
73 259
73 707
755 39
495 708
740 12
431 256
62 109
62 58
62 535
658 262
658 35
658 87
977 48
784 709
360 710
360 384
360 711
360 287
360 712
378 61
378 713
378 71
378 714
378 375
309 39
309 87
978 715
979 186
980 150
778 418
493 716
493 454
493 717
664 718
597 167
115 372
981 434
684 719
684 150
684 305
684 280
982 63
247 720
247 2
276 385
276 721
276 2
276 722
276 723
276 80
276 50
276 724
276 725
276 219
287 343
287 360
287 514
580 325
268 43
318 82
788 21
788 651
788 14
95 189
425 157
425 680
27 438
250 2
34 37
551 38
983 256
591 726
32 72
32 727
32 440
32 728
635 366
635 729
41 535
41 12
41 587
220 730
984 266
534 190
534 367
534 90
534 371
458 281
253 244
203 557
203 38
203 85
203 5
403 731
403 405
403 487
31 142
31 732
8 524
8 733
8 109
8 55
8 192
8 393
985 72
385 114
986 71
713 378
221 234
221 659
221 55
221 734
987 627
987 638
987 56
987 282
987 684
544 735
72 736
72 737
72 738
72 312
988 81
12 739
12 21
12 79
12 317
12 740
12 116
12 556
12 145
12 449
12 715
12 147
12 587
12 19
12 558
12 741
12 50
12 341
12 5
12 488
12 742
12 203
157 324
157 71
157 359
157 743
157 642
157 78
157 39
157 340
157 2
157 65
157 135
157 744
157 745
157 746
157 55
157 308
157 707
157 666
157 162
157 35
286 708
286 564
286 569
286 514
77 523
77 263
77 97
77 747
432 282
432 748
834 749
989 685
990 157
990 750
748 21
748 432
484 751
262 259
262 97
262 307
262 658
262 752
262 43
262 341
262 753
558 317
558 12
558 165
445 754
445 439
816 626
515 563
515 171
39 755
39 756
39 35
39 272
39 757
39 433
39 160
39 758
39 30
39 157
39 759
39 319
39 605
39 74
39 51
39 347
39 760
39 309
497 761
497 307
497 525
497 392
497 568
417 762
417 715
408 372
407 763
89 185
455 20
455 439
455 105
455 462
393 224
393 403
393 8
393 764
273 319
991 765
398 72
398 766
398 743
398 490
595 352
384 5
100 306
100 470
100 569
100 767
100 47
992 454
993 768
994 769
304 372
182 252
995 770
545 142
545 165
723 56
723 276
271 411
271 94
271 453
271 771
271 526
996 2
997 411
997 772
998 328
46 35
999 506
999 135
1000 322
621 449
621 445
837 319
448 118
448 773
256 451
256 307
256 23
256 361
256 774
256 503
256 610
256 313
256 19
256 150
256 244
729 66
605 775
1001 313
1001 776
313 256
313 185
313 186
358 74
418 777
418 283
418 778
413 779
642 133
642 529
490 398
490 780
490 722
490 781
490 649
490 161
490 782
490 205
348 356
348 389
476 415
350 5
350 11
84 58
619 165
1002 783
741 12
827 784
520 720
520 679
520 12
170 511
170 785
170 387
1003 615
436 415
436 786
436 107
436 85
436 462
651 787
651 569
651 517
651 309
651 788
651 789
481 790
1004 41
731 403
361 256
361 283
361 791
361 752
361 43
361 230
361 534
282 153
282 705
282 228
282 792
282 517
282 50
282 432
282 268
282 793
282 794
282 267
838 473
838 319
254 795
61 109
61 61
1005 796
1005 11
1006 797
173 135
173 653
569 100
569 651
569 454
569 798
415 436
415 476
180 399
180 372
180 42
180 799
180 11
388 280
1007 788
131 208
131 105
598 167
18 800
18 366
1008 801
9 292
9 488
9 802
278 557
278 803
278 804
20 515
20 85
29 438
11 805
11 292
11 806
11 799
11 796
11 150
11 180
11 43
11 163
11 807
11 808
11 56
11 809
663 543
663 804
677 810
489 336
489 798
489 375
489 811
489 161
489 542
1009 525
43 259
43 812
43 283
43 221
43 668
43 11
43 626
43 723
43 87
43 157
43 32
43 50
43 268
43 55
43 813
43 123
242 230
242 2
147 12
640 19
231 272
231 29
231 439
679 520
679 674
504 814
33 37
33 165
33 141
33 610
548 815
38 517
38 203
626 411
626 816
626 43
1010 237
235 817
235 818
660 819
660 801
130 208
130 820
525 497
159 695
159 312
159 466
159 400
159 210
159 821
777 418
426 822
426 680
426 264
426 19
1011 153
1012 557
1012 823
51 39
1013 400
179 522
1014 523
783 104
783 824
1015 825
599 113
599 826
719 684
1016 310
1016 827
1016 828
352 595
352 745
352 746
352 5
352 409
352 187
248 157
746 374
486 829
288 283
288 5
17 830
17 167
17 526
17 703
17 55
17 831
1017 157
152 306
245 381
245 832
245 2
1018 58
1018 833
749 834
1019 43
266 153
452 439
228 7
228 282
228 457
136 136
136 150
603 823
556 200
556 742
556 12
44 835
482 836
196 488
319 142
319 837
319 743
319 838
319 839
1020 840
198 50
