399 0
399 1
479 2
898 3
898 4
0 5
0 6
0 7
597 8
938 9
657 10
640 11
640 12
154 13
939 14
144 15
144 16
144 17
144 18
144 19
144 20
144 21
144 22
144 23
144 24
144 25
144 26
144 27
144 28
144 29
144 2
144 30
144 31
144 32
144 33
144 34
144 35
144 36
144 37
144 38
144 39
144 40
144 41
144 42
144 8
144 10
144 43
144 44
144 45
144 46
144 47
144 11
606 48
732 49
732 50
732 51
940 52
581 53
581 54
581 55
208 56
208 57
208 58
208 59
488 29
216 60
216 61
216 62
216 63
216 64
216 65
216 66
216 67
216 68
216 69
216 70
216 71
216 72
216 73
216 74
216 75
216 76
53 77
53 78
53 79
53 80
53 81
53 82
53 83
53 84
53 85
765 86
336 87
336 88
901 89
901 90
901 91
901 92
901 93
901 94
901 95
351 96
351 97
351 46
351 98
66 99
66 100
66 101
66 102
66 103
66 104
66 5
66 105
66 106
66 107
66 108
34 91
34 109
34 110
941 111
942 112
801 113
316 114
943 115
944 116
40 117
40 118
40 119
40 54
40 120
40 121
40 122
40 123
40 124
651 125
205 126
205 127
205 128
205 129
205 130
205 131
205 124
668 132
945 133
424 134
424 135
946 136
947 137
836 138
104 77
104 46
104 139
104 140
697 141
47 142
47 143
47 144
47 15
152 16
331 145
331 146
461 147
313 130
313 148
644 149
77 150
77 151
16 152
16 153
16 154
16 155
16 144
16 156
16 157
16 158
16 159
16 31
16 160
16 54
16 161
16 162
16 163
16 164
16 165
16 40
16 111
16 166
16 167
16 168
16 169
948 170
949 171
950 145
950 172
950 173
950 108
183 174
183 175
183 176
183 177
183 138
576 178
576 179
576 180
576 181
576 182
576 183
576 184
576 185
576 186
576 187
786 188
786 189
616 190
825 191
301 130
301 192
209 74
951 193
627 194
805 89
805 195
705 196
705 33
705 197
705 198
705 199
705 200
705 201
214 202
131 203
131 204
131 205
364 36
912 132
101 110
101 206
101 207
952 66
58 208
953 66
56 208
954 209
210 210
202 211
202 212
202 213
202 214
61 215
61 216
61 217
372 218
372 163
372 219
117 220
117 221
117 222
117 93
587 223
785 189
955 224
600 225
600 226
103 66
103 227
103 165
446 117
446 228
6 229
6 230
6 231
6 232
6 233
6 234
6 0
6 235
6 99
6 236
6 237
6 163
778 124
771 18
249 238
249 239
733 145
733 240
733 241
733 242
727 243
956 244
956 73
150 245
150 77
896 246
957 145
76 247
76 248
76 249
76 128
76 69
76 250
76 216
958 198
452 251
452 252
452 157
497 253
959 254
959 255
278 256
278 257
320 19
320 44
320 258
859 259
594 260
594 8
407 261
686 262
960 263
637 264
637 265
276 130
276 144
961 266
571 267
571 268
571 269
962 270
491 271
256 272
256 273
256 274
256 88
256 236
256 275
256 276
256 277
256 278
256 279
421 280
823 61
803 220
248 281
248 257
248 88
248 282
248 246
248 283
248 284
864 285
365 286
365 287
518 288
510 289
510 290
599 15
963 141
963 14
690 70
690 291
690 139
690 292
690 293
65 71
897 136
130 294
130 112
130 196
130 295
130 128
130 46
130 276
130 296
130 297
130 5
130 298
130 132
130 299
130 300
130 301
130 302
130 1
130 303
915 110
915 304
915 305
319 306
964 307
964 146
965 308
712 309
712 310
712 88
966 294
966 311
148 312
148 189
148 313
148 18
119 181
267 100
267 33
267 198
245 150
578 314
114 315
114 316
935 100
885 134
885 317
885 318
306 319
500 72
500 320
500 321
531 322
531 323
531 324
531 325
531 279
15 8
15 26
15 91
15 144
15 326
15 327
15 328
15 47
15 293
967 207
916 10
916 305
240 252
240 329
845 330
146 331
146 151
146 233
146 17
146 19
146 332
146 83
146 46
146 207
146 145
146 333
146 334
146 309
146 335
146 1
146 336
146 128
146 337
146 338
146 339
146 340
146 341
146 102
146 132
146 342
146 343
722 344
722 88
666 345
968 246
653 346
201 64
934 215
514 347
514 8
969 203
863 348
97 349
97 350
97 351
97 352
631 302
631 156
631 353
536 354
536 355
536 249
236 256
236 6
46 356
46 17
46 357
46 19
46 46
46 358
46 359
46 270
46 360
46 361
46 362
46 363
46 364
46 365
46 352
46 366
46 284
46 107
46 351
46 144
46 276
46 345
46 45
567 262
970 144
700 367
700 322
700 368
700 144
700 259
700 110
700 246
700 46
700 1
700 369
700 165
971 195
971 309
337 370
337 146
362 349
362 371
362 46
362 181
879 372
879 163
741 373
741 374
972 66
404 19
404 349
404 70
404 229
404 375
798 376
890 377
592 378
465 379
465 380
465 145
465 381
115 382
115 383
115 88
115 384
115 227
115 385
115 386
115 214
115 387
115 388
115 389
115 378
115 390
115 112
115 204
115 99
115 391
115 392
115 393
115 164
115 394
115 395
115 149
115 396
115 397
284 248
284 246
284 398
1 399
549 400
973 362
634 135
630 5
38 145
38 163
38 144
38 367
683 401
349 402
349 362
349 403
349 404
349 97
265 405
195 406
195 145
41 145
41 144
261 407
261 408
350 97
974 223
815 409
815 72
815 410
188 189
975 146
976 411
977 66
977 53
977 77
978 118
639 11
81 412
81 220
81 8
81 53
81 228
81 413
81 414
81 415
81 416
81 71
81 81
81 305
81 417
81 403
81 165
81 418
855 419
628 194
628 420
106 66
45 421
45 144
342 146
342 77
979 422
660 259
925 45
925 423
134 424
714 27
980 425
335 146
335 426
755 427
755 58
87 336
87 46
981 428
502 429
231 6
645 112
449 17
570 264
570 430
453 145
453 431
453 432
453 204
453 66
453 136
453 352
453 433
453 434
453 46
453 435
453 288
646 139
982 345
569 436
878 110
878 305
716 88
862 437
105 438
105 230
105 66
105 439
105 440
105 441
105 235
105 442
105 88
717 88
717 443
717 444
228 445
228 37
228 81
228 446
17 447
17 448
17 146
17 144
17 46
17 449
17 450
17 165
158 180
158 451
158 16
158 131
251 452
431 453
431 420
32 144
874 454
718 19
718 455
718 88
873 197
339 456
339 146
339 457
713 458
713 459
713 437
147 460
147 430
147 461
147 462
519 463
498 223
498 253
498 10
498 288
498 151
381 53
381 464
381 465
983 466
273 385
273 467
984 468
984 469
417 403
417 81
266 112
777 470
777 333
575 471
575 180
575 472
575 397
83 473
83 53
83 391
83 146
83 439
297 130
405 373
405 294
405 72
168 159
985 127
586 474
124 40
124 10
124 475
357 224
357 46
357 476
93 117
93 118
93 66
93 477
93 280
93 92
19 478
19 238
19 46
19 468
986 320
987 64
988 479
756 480
756 131
682 26
682 481
682 482
682 174
682 298
682 163
682 483
989 130
190 220
190 403
715 484
715 485
715 486
715 249
715 88
28 8
28 44
28 144
28 167
28 135
28 403
296 445
296 241
788 487
884 471
29 447
29 188
29 488
29 345
671 489
468 128
830 136
830 21
521 99
521 490
521 124
990 165
271 491
219 372
991 492
493 493
872 494
992 397
39 330
39 288
39 144
39 495
993 496
253 497
253 498
655 499
655 500
429 501
429 502
906 503
906 274
466 139
203 274
203 504
994 505
995 367
494 72
996 506
246 248
246 8
246 281
246 180
246 264
246 44
246 144
246 37
246 136
246 284
246 507
674 508
674 318
997 509
997 88
998 280
290 510
290 290
290 88
999 511
230 6
797 376
2 512
2 5
2 157
2 144
2 88
779 513
1000 435
347 514
347 139
1001 515
624 516
624 517
379 260
379 518
379 33
379 465
463 519
206 520
1002 72
490 521
490 469
281 246
281 284
542 293
658 522
658 10
902 193
743 514
743 205
1003 523
422 128
422 524
937 525
590 432
590 526
590 527
590 410
590 528
590 529
649 125
1004 72
324 294
324 530
324 318
324 531
892 23
496 532
496 499
496 43
160 533
748 534
748 43
354 535
354 536
36 537
1005 145
543 358
37 538
37 165
37 539
37 144
37 88
37 246
37 163
37 540
37 228
757 541
1006 244
1006 499
1006 348
626 130
165 479
165 16
165 146
165 166
165 81
165 542
165 543
165 493
165 37
165 544
165 423
165 144
165 545
1007 267
1007 546
1007 489
1007 547
229 6
302 130
400 5
400 548
400 124
400 51
400 549
91 403
91 550
91 8
91 551
91 378
1008 53
1008 146
1008 77
908 132
840 552
1009 385
411 553
1010 554
1010 555
109 34
1011 556
926 557
926 558
343 322
343 559
343 146
343 43
506 560
506 561
506 562
469 490
1012 563
565 383
565 112
262 461
262 564
262 565
262 566
262 330
262 567
262 556
20 165
656 425
656 10
656 112
656 568
685 522
791 189
761 167
436 569
693 99
693 209
295 130
264 54
264 246
264 430
264 223
264 570
268 571
609 193
1013 164
1013 572
1014 46
1014 573
689 574
689 33
689 81
689 305
860 259
456 339
1015 244
533 160
533 305
1016 53
180 575
180 576
180 246
180 577
180 298
635 135
54 53
54 578
54 40
54 16
54 579
54 580
54 264
54 314
54 581
54 30
54 410
80 53
80 582
80 225
80 107
1017 583
1017 584
298 77
298 585
474 53
474 586
223 386
223 587
223 367
223 264
223 588
223 370
223 124
223 547
876 269
876 589
78 53
78 44
410 590
410 82
410 189
410 54
601 591
601 223
378 91
378 592
752 22
752 593
8 28
8 514
8 594
8 249
8 15
8 91
8 330
8 595
8 81
8 88
8 596
8 597
8 566
8 144
8 598
8 14
8 599
226 600
226 601
1018 204
35 144
44 602
44 145
44 603
44 348
44 15
44 78
44 604
44 44
44 363
44 246
44 227
44 238
44 371
44 320
723 290
723 88
1019 422
321 500
321 132
321 566
169 160
1020 502
1021 509
1021 145
680 605
809 475
48 606
473 607
473 83
1022 608
1023 471
559 277
559 343
258 609
328 15
577 180
577 248
858 514
858 610
1024 611
1024 612
145 331
145 613
145 458
145 614
145 615
145 227
145 616
145 617
145 366
145 465
145 418
145 33
145 144
145 618
145 4
145 619
145 338
145 500
145 41
145 620
145 340
145 621
145 376
145 173
145 44
1025 68
595 158
595 46
595 8
595 622
517 478
517 267
517 623
517 624
612 594
612 448
612 435
612 625
1026 626
194 627
194 195
194 628
5 629
5 66
5 136
5 630
5 631
5 144
5 130
5 632
5 0
5 270
1027 633
135 205
135 333
135 634
135 424
135 635
135 636
135 566
135 11
325 531
263 637
1028 638
388 439
11 2
11 68
11 524
11 135
11 639
11 139
11 640
843 641
843 642
843 643
603 125
1029 644
515 112
1030 420
1031 145
1031 645
224 646
224 10
224 647
224 648
224 475
224 420
224 533
287 366
1032 97
1033 111
751 254
125 649
125 650
125 651
125 144
125 603
346 652
346 653
770 313
770 18
10 393
10 498
10 226
10 654
10 655
10 54
10 157
10 224
10 318
10 656
10 657
10 658
10 659
10 124
1034 660
579 54
579 432
280 661
280 118
280 417
280 662
280 93
280 607
280 421
345 204
345 663
345 664
345 54
345 156
345 144
345 665
345 543
345 71
345 46
345 29
345 442
345 666
345 667
345 505
930 547
122 372
300 132
186 576
1035 668
1036 250
341 146
341 669
341 670
489 136
489 671
489 132
495 330
495 566
796 672
1037 628
1038 673
566 382
566 262
566 112
566 8
566 495
566 674
566 132
566 321
566 288
880 110
880 163
833 21
13 154
602 458
602 675
602 44
602 676
1039 321
239 249
555 677
555 678
605 679
605 680
481 250
481 681
481 682
481 368
481 151
401 683
749 129
1040 598
1041 167
1041 684
1042 66
1042 294
899 685
899 413
1043 686
857 687
1044 559
33 688
33 267
33 689
33 163
33 379
33 469
70 690
128 383
128 691
128 130
128 144
911 132
1045 110
99 692
99 6
99 115
99 693
460 591
460 147
460 694
460 695
918 353
619 145
385 671
385 696
385 115
385 273
340 146
438 105
673 420
141 372
141 697
141 400
699 698
699 332
699 699
322 700
322 531
322 323
322 701
322 702
322 591
322 703
322 206
322 343
1046 59
524 11
1047 704
1047 705
1047 706
1047 707
1047 708
800 709
769 710
769 174
1048 598
1048 711
936 100
922 373
922 130
509 712
470 61
470 21
854 419
678 555
730 373
730 217
931 547
459 713
88 714
88 290
88 2
88 18
88 458
88 21
88 256
88 248
88 145
88 715
88 716
88 105
88 717
88 30
88 115
88 336
88 351
88 144
88 37
88 718
88 223
88 276
88 719
88 165
88 720
88 8
88 539
88 721
88 722
88 723
88 724
88 697
243 725
243 726
243 727
243 526
243 79
243 728
783 729
783 517
435 453
435 612
591 322
591 460
591 601
1049 61
1050 609
361 18
1051 88
217 730
445 136
445 296
445 228
27 714
503 731
802 289
1052 732
455 718
366 287
366 46
241 733
241 133
241 296
260 227
260 594
260 278
260 81
139 104
139 466
139 672
139 646
139 16
139 734
139 347
139 690
139 55
139 735
139 11
822 430
822 550
1053 736
118 280
448 17
448 737
448 738
568 656
181 119
618 739
235 105
1054 740
57 208
374 741
928 382
928 194
928 553
1055 181
52 742
52 743
30 744
1056 19
7 0
750 254
427 425
211 202
323 322
1057 33
1058 91
1058 47
1058 116
1058 266
149 115
149 644
478 19
478 517
588 745
107 584
107 80
107 151
742 545
1059 115
1059 44
1060 464
744 280
447 746
447 17
447 419
447 157
447 690
447 29
344 138
483 61
483 682
43 747
43 496
43 748
43 485
43 144
895 136
1061 254
129 317
129 749
254 750
254 751
332 146
332 699
614 145
753 329
582 270
582 80
582 367
369 700
369 145
1062 551
1063 115
207 146
564 262
1064 76
593 752
329 753
329 499
329 240
98 351
826 754
826 24
826 482
492 145
492 420
116 225
762 755
762 196
90 305
1065 756
1066 743
408 163
237 6
1067 240
1068 719
1069 677
541 757
541 79
541 462
196 705
196 130
196 309
196 758
196 759
196 760
196 761
196 762
1070 700
923 373
232 34
1071 763
166 16
166 764
166 99
166 91
166 132
166 165
86 765
821 766
776 333
739 618
314 578
314 54
485 274
485 547
485 767
485 462
485 615
1072 156
1073 165
382 112
382 115
382 566
382 420
546 437
553 611
553 563
553 64
292 100
292 721
861 768
710 769
710 598
79 53
79 189
18 361
18 770
18 148
18 144
18 88
18 771
18 699
174 769
174 183
1074 250
842 772
384 115
386 773
386 223
225 774
225 80
225 775
225 751
225 759
225 116
333 146
333 776
333 777
151 498
151 348
151 367
151 481
151 54
151 77
151 146
151 107
439 61
439 105
1075 778
352 453
352 145
513 779
513 270
513 145
326 599
537 780
537 169
537 26
537 36
537 781
1076 54
389 115
238 249
238 66
238 136
238 782
238 717
238 605
729 783
729 164
1077 368
1078 246
12 640
189 784
189 188
189 785
189 79
189 63
189 148
189 786
189 787
189 36
189 788
189 110
189 789
189 790
189 160
189 791
189 410
189 792
189 487
774 180
774 793
774 225
774 397
774 794
672 795
672 796
672 139
672 179
472 575
1079 145
1080 302
1080 310
312 148
794 111
794 774
475 124
530 294
75 66
75 72
735 139
735 23
376 145
376 375
376 797
376 419
376 798
376 73
376 799
164 16
164 115
164 691
164 709
164 571
164 113
164 800
164 801
164 540
927 544
289 802
289 510
220 453
220 803
220 127
220 44
220 144
220 804
220 81
867 227
726 243
432 590
432 805
432 806
432 582
432 453
596 8
1081 554
1082 307
887 132
648 227
1083 262
111 451
198 712
198 705
198 707
198 267
198 100
198 807
198 808
198 246
198 227
198 420
1084 26
420 809
420 553
420 431
420 810
420 673
420 811
420 224
420 812
420 492
420 227
317 60
317 73
1085 24
1085 181
397 575
397 774
397 813
397 814
409 815
409 816
409 817
754 130
754 24
709 115
709 48
709 800
574 609
625 612
367 240
367 367
367 151
367 38
367 110
367 223
367 227
367 582
1086 628
1086 580
430 818
430 147
430 819
430 430
430 820
430 482
430 821
430 822
430 328
430 823
430 824
430 570
191 825
191 598
482 511
482 826
482 144
433 227
433 453
433 215
433 772
1087 246
1087 115
458 145
458 91
458 459
458 827
458 88
458 713
458 828
458 829
112 553
112 64
112 515
112 566
112 6
112 72
112 58
112 645
112 656
112 115
21 830
21 772
21 54
21 44
21 439
21 144
21 88
21 831
21 832
21 833
359 28
359 290
293 542
293 553
293 15
247 76
692 834
25 144
179 171
138 432
138 835
138 836
138 837
138 474
138 838
156 16
156 631
156 345
157 447
157 839
157 16
157 2
157 404
157 110
157 215
598 471
598 8
598 191
598 398
598 420
670 507
552 71
552 840
1088 841
204 131
204 205
772 21
772 842
772 550
641 843
641 844
1089 845
623 846
1090 30
442 105
24 847
24 144
403 700
403 848
403 48
403 731
403 28
403 417
403 349
403 742
403 115
403 190
403 849
535 354
288 518
288 498
288 566
288 850
1091 851
745 588
745 223
102 66
102 53
102 852
102 146
102 511
419 447
419 853
419 854
419 809
419 71
419 144
419 855
419 856
419 554
419 393
419 124
419 857
793 547
1092 313
1092 858
440 105
259 859
259 860
167 813
72 216
72 75
1093 124
451 111
451 158
123 40
402 349
768 227
768 270
768 861
1094 468
437 713
437 546
437 611
437 227
437 862
348 863
348 133
348 348
348 81
285 864
477 865
477 509
477 866
477 93
477 864
368 82
368 700
368 481
829 458
829 143
82 82
82 410
1095 195
828 458
74 216
615 485
227 768
227 367
227 100
227 103
227 198
227 867
294 130
294 324
294 530
294 524
126 755
23 868
23 144
869 64
869 201
1096 145
1096 464
64 869
64 553
64 112
64 870
64 201
64 420
64 504
363 46
363 44
834 769
834 871
834 872
834 692
1097 145
197 873
197 705
197 201
454 874
454 838
143 829
1098 500
1098 72
330 71
330 262
759 196
1099 875
1100 44
269 876
269 571
694 460
501 110
501 429
787 189
1101 238
813 167
813 877
813 397
282 248
282 246
434 453
110 501
110 367
110 34
110 878
110 101
110 628
538 37
163 479
163 372
163 879
163 16
163 443
163 38
163 6
163 37
163 880
212 214
371 70
371 362
913 132
654 10
868 881
868 539
868 882
868 883
1102 597
1103 216
63 62
63 216
613 145
471 575
471 884
471 851
471 598
1104 30
721 292
701 322
701 576
414 81
1105 380
73 885
73 376
73 886
310 345
1106 195
522 685
529 590
383 128
383 887
383 563
383 888
1107 889
499 329
539 453
539 88
539 37
539 890
539 891
539 892
233 893
233 146
233 19
233 894
233 6
233 46
136 136
136 895
136 296
136 896
136 802
136 445
136 897
136 238
136 489
550 898
835 138
413 899
652 346
1108 367
1108 900
1108 77
1109 72
270 513
270 5
270 768
659 10
89 901
89 223
193 372
193 879
193 902
193 578
193 601
193 903
393 419
393 10
26 367
26 904
26 88
26 537
26 144
26 905
26 682
731 742
731 906
291 70
334 146
334 132
132 907
132 908
132 909
132 910
132 668
132 335
132 426
132 887
132 911
132 146
132 166
132 566
132 309
132 130
132 46
132 132
132 321
132 912
132 300
132 913
132 489
305 914
305 878
305 915
305 689
305 533
305 916
309 712
309 145
309 146
309 132
924 373
133 28
133 298
133 348
133 241
487 788
1110 782
353 917
353 918
353 631
1111 267
1111 733
1111 919
617 145
617 645
85 53
14 8
318 10
318 920
318 885
318 674
318 324
318 921
373 922
373 730
373 923
373 924
373 741
373 374
373 405
373 294
373 324
1112 923
1113 6
327 15
423 925
423 165
557 926
572 756
572 164
572 669
572 420
257 278
534 748
544 927
4 453
4 145
4 898
441 105
1114 928
1115 262
547 929
547 725
547 930
547 931
547 793
547 932
547 144
547 130
547 46
547 223
547 485
547 123
547 115
547 682
1116 189
734 875
51 71
51 313
51 589
51 504
708 11
425 227
425 205
810 420
250 481
250 76
391 933
391 115
215 433
215 934
215 157
215 453
100 720
100 803
100 66
100 267
100 935
100 227
100 936
1117 146
611 437
279 937
108 275
108 144
