251 0
39 1
39 2
811 3
811 4
811 5
608 6
608 7
476 8
476 9
812 10
768 11
768 12
54 13
54 14
54 15
54 16
54 17
613 18
321 19
813 20
676 21
568 22
814 11
377 23
570 24
570 25
570 26
570 27
404 28
404 29
404 30
815 31
694 32
317 33
396 2
396 34
396 35
396 36
396 37
396 38
1 39
109 40
109 41
453 42
816 43
128 44
128 45
128 46
128 47
128 48
128 49
128 50
128 51
128 52
289 53
289 54
289 55
289 56
289 57
244 58
817 59
817 46
817 60
661 61
661 62
661 63
661 64
140 65
140 66
140 67
140 68
102 69
102 70
102 71
554 72
798 73
798 74
818 75
166 76
189 77
189 78
819 79
614 80
105 81
338 82
820 83
820 84
116 85
116 86
116 87
821 88
677 89
677 90
677 91
677 92
677 93
677 94
406 64
214 95
594 96
594 97
184 98
184 46
184 99
794 100
69 101
69 102
69 70
300 103
300 104
300 30
81 105
81 16
260 16
260 52
134 106
822 107
489 108
489 90
227 109
227 110
227 84
227 111
649 112
714 113
340 84
340 114
823 65
659 115
391 116
391 117
759 118
759 119
200 120
200 121
200 122
318 123
318 33
318 124
49 65
49 125
49 126
49 127
49 128
802 129
802 130
350 131
275 52
606 17
163 132
163 133
738 118
738 56
738 89
135 134
135 135
785 56
785 122
496 136
177 137
305 138
597 139
597 17
597 140
597 141
597 142
597 143
402 20
402 144
402 145
402 146
310 147
310 148
310 111
824 149
825 150
678 151
826 12
369 152
369 153
369 154
369 155
827 56
600 17
262 156
30 157
30 17
80 11
80 158
80 80
828 159
828 160
828 161
829 162
132 163
132 164
132 156
132 165
132 166
830 111
830 167
831 168
55 169
55 170
55 56
55 171
55 172
55 173
380 51
443 174
137 175
137 176
137 177
137 178
170 55
384 179
384 54
269 180
269 52
269 181
269 182
359 183
351 131
832 52
46 184
46 128
46 34
833 185
834 128
674 186
304 138
591 187
591 188
77 189
77 190
120 191
120 192
120 177
120 185
120 110
120 193
120 194
120 195
120 196
120 197
120 82
120 198
120 199
120 200
120 201
120 202
120 203
477 204
311 205
311 206
713 207
664 208
622 209
622 210
582 211
777 199
777 212
598 213
835 214
654 215
511 86
511 216
511 217
511 218
511 219
511 213
734 220
630 221
630 41
630 222
630 158
630 223
630 224
630 52
630 225
652 172
84 226
84 31
84 110
84 114
84 35
84 227
84 228
84 229
84 230
84 231
84 232
84 52
84 233
84 234
84 235
228 95
228 151
228 236
228 237
228 238
228 239
228 240
228 241
228 84
228 242
228 243
58 244
836 245
59 246
837 138
595 247
456 248
456 249
50 128
838 250
556 251
556 252
556 84
556 253
475 8
149 111
149 254
52 173
52 255
52 43
52 256
52 257
52 258
52 239
52 84
52 171
52 259
52 260
52 11
52 261
52 262
52 263
52 28
52 264
52 265
52 20
52 266
52 267
52 196
52 268
52 269
52 270
52 271
52 272
52 12
52 130
52 128
52 273
52 274
52 80
52 275
121 107
121 276
839 277
612 44
612 124
840 278
566 279
566 280
335 281
335 82
335 282
335 283
580 284
523 285
523 29
523 286
523 287
268 52
268 31
787 288
787 289
841 172
610 290
610 291
610 112
610 292
615 85
508 267
751 111
439 193
439 293
439 294
842 295
843 296
843 57
644 297
673 186
638 298
103 299
103 300
51 213
51 301
51 28
51 302
138 303
138 304
138 305
138 306
138 307
138 308
138 309
138 310
32 124
206 311
312 312
312 173
844 97
7 259
560 173
560 313
110 120
110 11
110 84
110 227
796 314
796 165
640 315
845 316
33 317
33 318
33 43
720 319
846 320
19 321
19 322
19 159
19 323
19 202
19 124
847 96
333 324
333 283
0 251
602 17
781 52
781 325
781 264
452 107
639 43
205 11
205 83
205 311
205 326
205 327
205 328
205 329
205 330
362 331
362 11
362 332
82 333
82 334
82 335
82 336
82 233
82 337
82 241
82 338
114 339
114 340
114 341
114 84
848 342
848 343
848 344
848 95
345 345
345 299
849 239
131 346
131 108
131 347
131 348
131 349
131 218
131 350
131 351
131 352
131 219
780 353
850 264
851 177
852 78
486 354
31 355
31 356
31 268
31 233
31 309
31 17
31 357
743 358
183 359
529 96
529 360
529 87
762 361
332 362
704 157
704 363
853 156
494 364
171 365
171 123
530 366
530 367
534 368
534 71
152 369
854 370
854 371
854 11
854 336
854 269
854 372
854 373
854 374
854 375
854 79
185 185
185 120
185 304
776 301
239 376
239 192
239 52
239 113
239 228
23 377
531 378
531 51
531 209
708 28
708 379
708 33
855 380
748 98
101 69
212 11
79 371
766 95
766 11
766 381
735 192
788 382
691 124
464 47
339 264
339 320
339 383
179 384
179 385
179 386
179 387
179 388
179 389
198 390
198 120
856 391
123 85
123 171
123 112
123 392
857 393
783 56
783 394
783 277
858 395
448 396
448 107
859 19
757 97
750 397
750 398
37 396
656 399
375 174
860 400
435 401
144 402
270 403
299 404
299 299
299 405
299 406
299 345
299 407
299 408
299 64
299 392
299 315
299 409
861 313
862 410
111 411
111 412
111 413
111 227
111 407
111 414
111 149
111 70
48 128
688 124
863 415
863 416
864 417
864 223
488 354
557 418
557 419
557 420
9 421
9 315
482 276
421 9
175 137
175 422
520 86
117 186
117 423
117 424
117 120
117 425
117 426
117 427
117 391
117 428
468 263
468 429
280 430
280 371
280 431
280 86
280 279
259 52
259 301
259 36
542 432
681 11
233 82
401 433
401 200
401 249
401 434
401 435
401 436
581 211
742 437
567 438
193 439
193 11
193 440
193 120
193 441
767 11
469 77
469 157
865 442
535 443
535 444
535 170
535 17
680 445
680 446
680 94
680 442
666 447
500 236
866 111
107 448
107 449
107 158
107 450
107 451
107 89
107 452
107 390
107 453
107 454
527 455
527 294
449 107
449 266
248 456
248 457
248 458
248 459
248 460
867 461
746 462
746 315
868 463
159 464
159 465
159 87
869 466
243 467
243 330
243 228
870 313
429 468
429 469
150 470
871 471
871 205
871 206
871 472
8 431
8 239
8 473
8 474
8 475
8 21
8 476
8 477
8 478
507 479
507 289
507 170
485 480
485 327
485 481
872 159
276 482
276 121
276 483
687 124
497 484
426 117
873 485
354 213
354 486
354 327
354 487
354 488
356 489
572 84
238 238
238 228
803 490
803 130
257 84
779 491
779 315
779 104
779 78
272 52
417 56
278 319
278 492
278 282
278 315
278 12
503 239
503 213
3 271
3 493
364 427
364 494
136 495
136 496
136 247
136 173
718 473
484 497
195 78
68 193
68 428
717 255
679 445
236 498
236 250
236 120
236 499
236 309
236 500
874 459
296 145
493 264
875 69
474 8
876 156
172 196
769 490
769 11
769 315
877 501
877 502
87 116
87 270
87 503
87 196
411 111
411 414
504 30
878 504
879 505
83 52
83 383
83 84
83 506
267 289
267 78
267 52
267 507
267 508
267 104
235 408
235 84
616 221
705 157
219 449
219 509
219 510
219 511
219 512
219 210
219 513
219 41
219 12
490 514
490 515
490 516
724 517
724 263
201 120
880 518
790 427
86 519
86 520
86 280
86 521
86 511
86 272
86 381
86 217
86 57
274 239
274 52
881 213
881 522
285 523
702 524
795 372
648 525
782 526
782 315
294 439
294 527
294 264
786 240
786 56
739 89
126 528
126 518
344 529
465 159
470 485
470 150
366 530
334 82
334 12
667 76
882 329
425 117
378 531
712 532
712 398
883 533
775 301
273 128
71 369
71 534
71 444
71 535
71 329
71 383
71 102
71 536
336 537
336 357
336 428
336 336
884 84
641 315
571 538
885 147
886 278
241 82
368 539
887 540
888 541
432 432
432 542
675 543
722 263
889 78
697 124
230 544
230 545
230 546
230 2
657 24
890 547
730 83
730 548
730 549
357 550
357 11
891 235
892 19
892 375
892 510
892 551
892 442
893 463
893 139
894 301
611 310
611 552
611 553
895 121
72 554
249 248
249 331
249 526
249 555
249 456
249 401
896 57
253 556
418 557
583 515
583 65
546 558
173 495
173 559
173 560
173 55
173 69
173 78
173 17
173 136
173 312
173 52
682 139
682 146
232 561
232 84
232 120
232 562
232 17
728 430
897 172
897 415
897 563
686 124
898 564
90 565
90 299
90 489
501 566
438 567
670 320
899 568
900 292
27 569
27 570
538 571
108 418
108 356
108 31
603 17
637 43
901 572
383 573
20 402
20 52
266 11
266 137
266 574
266 85
266 52
266 295
180 269
204 56
204 575
204 282
204 294
204 576
162 577
550 200
550 159
550 52
550 357
550 165
800 52
725 28
725 30
457 248
605 153
726 28
284 578
284 579
284 580
902 251
279 566
211 581
211 582
515 490
515 583
515 584
515 181
515 585
42 19
42 586
42 587
42 73
42 196
42 504
42 588
42 447
42 589
903 590
903 415
707 591
707 11
651 592
651 533
96 593
96 594
904 398
904 215
247 595
247 329
44 17
905 84
906 407
907 470
348 596
17 597
17 598
17 505
17 232
17 599
17 473
17 436
17 173
17 54
17 600
17 601
17 78
17 602
17 603
17 535
17 604
17 229
17 605
17 31
17 390
17 228
17 278
17 606
17 482
17 607
6 608
6 609
95 214
95 51
95 458
291 610
436 401
740 89
552 611
559 173
191 120
191 156
282 335
282 278
416 415
749 345
749 612
749 398
218 511
218 131
723 263
13 54
415 185
415 194
444 613
444 71
85 123
85 266
85 116
85 36
85 551
85 614
85 615
562 232
73 42
73 428
221 616
221 533
908 172
331 617
331 362
331 51
331 618
419 619
174 443
174 375
909 620
196 19
196 52
196 621
99 184
99 576
99 407
99 283
210 622
910 623
635 358
635 292
428 624
428 19
428 625
428 117
387 179
258 52
154 626
154 545
154 627
154 369
203 120
367 530
367 367
911 628
911 539
34 629
158 630
158 80
217 431
217 631
217 511
217 86
217 17
912 175
912 263
226 632
913 633
569 98
569 634
569 635
569 27
569 636
914 624
915 306
43 16
43 637
43 638
43 639
43 33
43 533
43 52
315 378
315 299
315 640
315 9
315 641
916 507
400 256
400 642
256 52
256 400
297 11
297 643
297 321
297 644
764 298
917 442
918 645
918 84
919 71
169 55
433 401
287 447
287 523
920 176
921 12
922 15
923 646
397 37
924 449
385 647
925 52
308 546
525 648
112 649
112 123
753 650
926 529
592 651
565 90
596 652
337 82
392 299
392 123
518 126
518 653
215 654
927 655
399 656
399 299
24 657
24 570
928 546
636 569
636 151
636 390
65 65
65 56
65 164
65 140
929 27
930 516
115 658
115 659
115 16
115 358
63 660
63 661
63 217
931 168
931 662
931 663
208 664
932 665
932 31
933 162
933 217
447 42
447 635
447 666
934 499
690 52
182 269
76 667
76 166
424 117
178 668
701 262
701 57
752 669
752 442
434 401
320 528
320 563
320 670
784 56
935 234
324 333
29 409
936 671
937 672
186 673
186 674
186 117
624 428
624 156
483 368
483 145
543 675
540 398
21 227
21 676
938 360
938 87
939 576
92 677
151 678
151 402
151 636
151 228
445 679
445 680
940 681
326 205
941 592
146 682
146 145
246 59
942 228
153 605
943 265
944 683
945 684
25 52
25 124
124 251
124 173
124 685
124 686
124 687
124 688
124 689
124 690
124 19
124 11
124 691
124 205
124 145
124 692
124 693
124 81
124 694
124 695
124 696
124 697
124 698
124 612
124 506
124 318
124 32
124 25
124 699
124 323
124 330
124 700
202 19
202 120
57 289
57 45
57 97
57 701
57 593
57 86
57 52
524 11
524 702
495 136
495 173
495 703
157 704
157 705
946 671
947 706
765 707
765 447
765 124
948 708
948 709
949 432
532 157
532 710
532 11
532 711
532 30
532 619
532 712
207 713
207 207
113 714
467 463
467 243
467 676
309 299
309 715
593 592
593 57
593 716
473 8
473 717
473 718
473 719
473 17
329 369
329 205
329 604
329 247
329 71
950 668
319 471
319 720
577 162
577 498
263 721
263 137
263 722
263 723
263 36
263 245
263 468
263 724
263 52
263 176
951 442
28 687
28 301
28 725
28 9
28 726
327 654
327 485
327 727
358 115
358 20
358 78
430 371
430 728
692 28
952 52
953 716
231 84
231 156
389 179
478 8
954 729
955 640
956 109
549 730
957 622
792 731
792 732
958 20
959 733
761 551
36 396
36 259
960 550
960 734
192 239
192 120
192 735
192 535
961 42
89 736
89 737
89 738
89 107
89 739
89 740
962 111
963 741
437 11
437 289
437 742
437 358
437 156
437 239
437 430
964 743
965 744
965 33
122 407
255 46
255 200
255 52
966 745
462 746
462 102
967 407
561 232
197 120
968 172
968 747
969 741
363 704
281 335
281 52
98 569
98 184
98 748
398 749
398 557
398 589
398 750
293 243
517 87
458 95
458 248
254 751
771 16
669 752
650 753
423 117
407 349
407 111
407 52
407 282
479 754
479 755
970 156
668 174
668 170
668 334
440 11
440 553
440 193
440 381
553 9
971 756
97 757
97 158
97 594
97 165
972 239
972 84
973 122
35 396
35 84
974 758
118 759
10 209
156 231
551 450
551 760
551 761
551 84
551 85
551 52
361 762
975 763
774 506
298 638
298 764
298 765
11 29
11 173
11 110
11 212
11 766
11 221
11 193
11 767
11 440
11 52
11 124
11 266
11 549
11 165
11 269
11 725
11 357
11 768
11 769
11 80
11 707
11 9
11 770
11 524
16 54
16 81
16 260
16 771
976 193
977 772
521 86
164 199
978 773
506 774
506 526
506 55
506 684
506 124
979 241
980 82
981 200
634 569
301 775
301 550
301 28
301 776
301 51
301 444
301 259
301 52
982 514
982 213
808 390
199 164
199 120
199 777
528 126
642 86
365 171
420 557
420 398
564 778
303 138
271 271
271 41
271 779
271 422
271 3
271 52
353 780
264 339
264 52
264 781
264 294
240 228
983 52
526 378
526 782
526 783
984 277
56 784
56 785
56 417
56 786
56 172
56 738
56 55
288 787
441 193
985 131
277 783
277 57
573 383
78 189
78 28
78 779
78 358
78 195
78 427
78 267
382 788
427 789
427 117
427 790
427 791
427 78
810 213
533 43
64 234
513 327
731 792
731 793
731 454
731 2
148 310
100 794
100 415
372 795
145 402
145 124
145 272
145 146
145 401
587 42
587 765
986 157
41 109
41 219
194 120
194 166
165 175
165 132
165 550
165 796
165 797
537 336
12 690
12 591
12 768
12 52
12 334
987 798
2 396
2 39
2 799
2 800
2 80
147 239
793 731
130 801
130 802
130 803
698 693
607 804
167 805
292 610
292 806
390 107
390 807
390 198
390 808
390 17
349 809
349 131
322 19
770 11
213 51
213 511
213 810
213 503
988 707
715 309
