166 0
47 1
47 2
47 3
20 0
240 4
9 5
241 6
242 7
5 8
5 9
181 10
243 11
244 12
245 13
246 14
170 15
247 16
39 17
248 18
203 19
53 20
225 4
249 21
120 22
120 23
120 24
120 25
120 26
120 27
250 28
251 29
252 12
253 30
89 31
125 32
14 33
152 34
254 13
255 35
206 36
206 37
206 38
17 39
132 40
192 41
192 42
192 43
192 44
192 45
186 46
12 47
12 48
12 49
12 50
12 51
12 52
12 53
12 54
12 3
12 45
12 21
12 55
12 56
12 57
12 58
12 59
12 30
12 60
12 61
12 10
12 62
12 63
12 64
12 65
12 66
12 67
256 48
107 68
107 69
107 70
74 71
74 40
61 72
61 62
61 12
61 49
61 73
61 74
61 75
61 76
61 77
92 78
257 33
258 45
97 12
97 79
259 80
260 81
260 82
261 83
262 84
263 6
264 85
215 60
215 12
215 86
265 22
266 87
266 12
267 88
31 89
31 90
78 91
78 92
167 93
167 94
159 95
268 96
268 97
268 50
269 98
269 99
195 100
87 101
87 102
127 103
270 85
88 104
271 23
272 105
135 106
68 107
118 108
131 60
131 47
131 12
131 109
131 110
131 111
131 58
131 112
273 113
52 12
52 27
274 114
275 115
180 116
180 95
108 117
108 118
276 119
277 57
22 12
22 120
13 18
28 40
28 0
173 121
278 13
57 122
57 12
279 123
207 36
280 66
280 30
2 47
281 124
281 13
282 95
283 125
184 43
133 81
133 58
133 126
30 12
30 127
60 128
60 12
60 129
60 130
60 131
284 132
285 28
126 133
286 134
25 120
287 3
288 135
156 136
156 137
179 32
214 138
214 139
289 11
289 140
290 65
40 141
40 122
40 12
40 0
40 132
70 107
65 12
65 142
65 113
65 33
65 143
65 144
291 145
292 146
293 147
226 77
226 109
294 148
56 149
56 109
295 150
296 141
297 13
191 41
67 12
34 151
34 152
298 153
299 154
82 155
137 156
137 157
94 158
94 153
300 25
95 159
110 12
48 12
26 160
26 120
301 161
302 162
237 163
237 28
130 60
130 129
303 164
303 148
304 165
304 25
198 81
0 166
0 167
18 168
305 17
306 52
307 148
15 169
15 170
122 12
122 57
122 171
58 12
58 133
58 10
27 52
27 172
27 173
27 120
204 138
146 174
197 84
129 60
308 148
309 175
211 176
211 177
211 178
8 5
202 133
32 125
32 179
310 180
10 53
10 58
10 181
10 12
311 138
312 81
313 100
29 138
93 182
314 142
50 12
50 183
315 184
238 185
46 186
193 117
193 187
49 12
63 12
63 77
316 188
317 100
77 12
77 63
77 40
77 189
318 190
189 63
41 12
41 75
41 191
41 192
23 120
319 193
319 12
319 194
319 77
217 124
217 157
66 142
66 195
320 196
321 158
322 197
323 77
72 192
81 198
81 199
81 77
81 12
324 200
51 58
51 26
219 201
219 202
160 26
325 168
220 128
19 203
148 204
113 69
326 64
327 205
36 206
36 207
36 202
222 208
168 18
328 75
187 93
329 4
329 209
329 210
329 7
176 211
3 47
3 165
3 171
3 212
3 157
3 120
171 122
330 213
138 214
138 3
138 215
59 216
59 59
59 12
331 109
124 217
124 218
124 219
332 12
24 120
333 28
128 220
334 153
141 40
16 126
134 221
335 85
336 183
76 81
201 47
201 219
208 222
235 223
73 224
4 225
337 120
109 56
109 226
109 0
109 131
229 227
338 85
112 53
112 157
339 12
55 62
55 12
55 228
340 213
227 229
178 211
183 50
341 230
341 67
172 231
234 104
234 232
234 233
234 234
223 235
233 234
221 208
221 222
157 217
157 236
157 237
157 13
185 238
185 239
155 168
151 34
80 53
342 33
343 197
