437 0
119 1
119 2
339 3
163 4
430 5
198 6
9 7
9 8
9 9
9 10
438 11
240 12
29 13
29 14
376 15
48 16
48 17
439 18
112 19
112 20
112 21
112 22
112 23
112 24
112 25
112 26
112 27
112 28
112 29
112 30
112 31
112 32
112 33
112 34
112 35
112 36
112 37
112 38
112 39
112 40
112 41
112 42
112 43
112 44
112 45
195 46
55 47
13 29
56 48
440 49
82 50
82 51
52 52
52 43
441 53
237 12
442 54
47 46
47 55
233 56
443 57
247 58
367 59
367 60
310 61
310 62
96 6
96 63
96 64
96 65
334 66
444 67
395 68
445 69
0 52
0 70
0 71
0 72
77 73
77 74
446 75
308 76
447 77
448 64
252 78
252 79
410 80
33 81
33 82
33 41
33 83
33 84
33 33
62 48
62 85
16 48
449 45
342 36
342 86
342 87
99 88
99 89
94 90
186 70
450 91
450 92
451 93
452 94
398 17
6 95
6 96
6 57
379 97
453 94
266 98
454 7
455 99
456 100
456 101
457 102
458 46
212 95
248 103
227 104
227 105
207 106
459 107
460 108
461 109
461 110
346 43
34 111
34 112
34 39
64 113
64 96
110 43
191 114
191 12
462 115
462 96
462 57
463 116
464 117
465 118
466 119
120 120
467 121
63 122
63 96
409 123
468 112
42 124
42 36
42 112
42 43
469 43
470 125
75 126
75 95
75 127
75 128
75 129
471 130
296 131
296 132
238 12
436 133
472 17
473 134
474 135
475 136
251 137
178 138
196 139
476 140
246 141
246 142
246 143
246 1
246 144
477 145
116 146
478 147
478 148
478 149
313 150
313 151
157 152
157 41
294 153
294 154
479 7
480 155
41 156
41 157
41 77
41 158
41 68
41 152
41 159
41 160
41 33
481 161
268 87
363 108
273 162
482 163
483 69
128 164
128 165
128 75
284 166
484 48
485 167
295 88
383 57
383 168
27 169
27 112
375 53
394 170
486 171
487 17
393 170
243 172
243 173
249 43
257 174
126 69
126 175
126 75
216 176
216 177
138 178
103 102
214 7
297 17
488 179
489 180
330 181
490 182
102 183
491 90
491 184
219 185
219 186
492 187
493 188
493 189
44 112
236 10
209 143
354 190
114 191
46 192
46 193
46 72
46 194
46 195
76 196
76 53
408 197
494 198
495 2
425 145
496 48
280 183
280 199
355 200
497 201
307 202
307 203
307 204
307 205
307 154
307 206
106 207
271 62
498 145
143 208
143 209
499 210
70 211
70 186
90 12
90 11
95 212
95 6
45 213
265 127
265 214
177 215
177 216
177 217
500 218
501 170
502 112
502 219
347 220
347 221
503 222
229 223
377 224
377 225
321 226
104 226
104 227
504 228
223 229
98 230
505 231
505 232
505 233
505 234
215 235
215 177
10 9
10 236
312 68
12 237
12 90
12 238
12 239
12 58
12 240
12 183
506 241
507 242
213 28
264 127
172 243
150 244
141 245
141 246
11 90
130 145
371 219
508 247
509 11
509 248
510 249
156 250
156 41
79 251
79 137
79 252
269 241
269 253
58 12
58 247
58 181
511 254
512 175
359 255
359 256
513 23
174 257
514 57
374 258
515 102
19 112
142 246
43 259
43 107
43 112
43 260
43 24
302 261
364 140
400 262
516 220
81 73
81 77
81 33
517 263
127 264
127 265
518 266
518 131
381 57
386 95
519 8
192 46
230 86
520 267
521 214
4 163
158 176
158 107
158 20
253 268
253 269
338 3
522 107
523 270
524 271
525 258
526 69
526 10
527 272
225 273
528 183
332 43
332 274
332 33
176 176
176 158
176 216
113 64
529 65
40 226
40 25
40 112
40 71
40 275
530 276
159 65
159 41
290 277
290 147
360 278
169 112
169 31
169 27
162 185
162 273
162 279
531 22
199 280
199 154
57 6
532 281
23 112
23 32
24 282
24 0
24 43
24 283
533 57
534 48
166 284
353 285
535 286
536 91
536 287
537 288
538 43
201 289
201 71
539 46
277 290
277 43
540 291
540 292
335 293
153 294
153 295
131 296
87 268
87 65
541 41
542 297
543 298
160 154
544 280
373 299
39 112
39 300
406 28
184 11
545 107
546 36
547 280
433 301
548 133
549 145
135 280
550 63
261 302
245 303
551 57
552 48
402 279
553 65
15 20
311 250
554 46
417 304
382 305
555 306
556 12
557 255
203 307
203 154
558 146
53 76
53 308
323 309
61 310
250 311
250 20
250 312
348 22
151 313
559 314
560 48
560 315
561 46
562 316
378 317
563 276
226 318
226 273
226 319
226 320
226 40
226 321
564 89
565 322
309 323
309 309
566 306
83 71
83 210
83 324
83 325
83 326
83 327
567 183
568 186
568 108
164 128
569 103
73 81
73 77
391 328
68 211
68 329
68 152
570 35
571 330
194 331
572 330
573 65
574 163
575 198
274 332
274 333
274 334
255 335
255 336
205 337
205 154
3 338
3 339
36 340
36 112
36 341
36 207
36 342
36 200
576 11
368 49
368 343
74 77
344 344
344 11
344 187
432 148
182 7
259 43
165 128
577 345
578 190
80 109
80 146
132 22
132 0
132 346
132 296
132 194
579 347
22 112
22 348
325 325
325 83
580 68
581 83
582 349
583 12
583 248
584 145
115 95
275 40
585 350
124 351
586 352
587 100
285 353
588 354
589 17
590 279
293 335
288 355
591 246
592 122
333 274
333 356
333 357
333 286
333 358
593 196
208 143
256 254
256 359
256 106
594 17
595 53
278 360
596 361
420 154
155 362
221 116
597 53
108 268
108 289
108 363
108 147
108 364
598 310
599 365
385 366
320 68
204 307
60 367
60 60
343 368
181 58
600 143
392 369
601 318
601 142
416 370
187 344
602 371
602 372
603 11
299 175
299 373
258 374
604 375
605 376
606 112
50 82
89 377
607 62
608 109
608 118
317 378
319 28
407 28
609 297
14 29
179 96
610 48
611 220
97 379
200 355
200 36
200 380
200 32
612 342
613 381
305 382
614 71
185 219
388 337
168 383
20 30
20 112
20 384
20 260
20 250
21 21
327 83
59 309
59 249
59 60
615 220
616 166
350 385
51 82
617 386
618 119
30 112
30 20
32 387
32 23
619 17
337 388
71 83
620 41
621 196
622 86
623 389
211 68
211 70
211 23
211 301
624 88
65 145
65 96
2 390
2 119
328 391
306 91
369 392
170 7
170 393
170 394
366 385
366 197
366 395
625 58
626 181
152 391
152 157
152 396
340 36
627 397
627 89
17 398
222 399
435 7
628 400
628 262
279 401
279 402
629 11
630 403
631 404
632 186
632 0
28 213
28 112
28 405
28 319
28 406
28 407
28 278
28 408
633 154
123 409
634 17
634 11
635 322
426 72
636 205
637 410
122 63
122 7
122 57
300 39
638 132
639 411
419 412
640 17
641 405
642 135
642 53
643 413
399 414
644 57
423 8
645 139
646 415
370 416
239 12
431 314
262 417
647 47
85 62
244 150
100 339
147 418
147 108
648 276
412 419
649 11
154 25
154 420
154 203
154 421
154 422
154 224
154 355
154 221
154 307
154 160
8 423
401 279
650 424
651 280
145 425
652 330
653 46
72 426
72 33
72 427
72 428
72 301
654 429
655 211
656 107
5 430
314 431
314 143
314 139
314 163
314 129
657 17
658 432
384 31
301 211
301 433
129 75
129 434
129 63
129 375
129 211
129 269
129 314
129 11
129 171
7 435
7 145
7 170
659 411
175 126
175 299
133 436
