245 0
245 1
216 2
216 3
249 4
250 5
251 6
251 7
252 8
252 9
252 10
253 11
254 12
18 13
255 14
58 15
58 16
58 17
58 18
58 19
58 20
58 21
58 22
58 23
256 24
257 25
85 26
85 27
85 28
85 29
85 19
85 30
258 31
217 32
101 33
49 34
49 35
240 36
259 37
161 38
260 39
260 40
261 41
262 42
263 43
263 15
264 44
113 45
265 46
35 2
35 47
35 15
35 48
35 49
35 50
35 51
35 52
35 53
35 54
35 55
35 56
193 57
21 58
21 1
266 59
187 60
80 61
80 62
202 63
267 63
268 64
74 65
74 66
74 64
200 67
200 1
181 23
269 22
270 68
270 1
132 44
96 69
96 70
96 71
99 72
150 73
65 74
65 75
177 76
177 77
177 51
84 78
84 79
271 75
272 55
61 80
273 81
79 82
79 83
79 84
274 85
275 86
275 87
224 11
121 88
121 89
122 90
122 89
122 91
167 92
167 93
276 94
83 79
277 95
15 58
15 72
15 35
70 96
72 97
72 15
72 98
72 99
278 100
279 101
171 102
63 35
63 19
63 103
63 1
63 41
63 56
280 80
220 104
281 10
228 105
228 106
178 103
183 107
153 27
153 108
153 109
282 110
282 11
186 111
149 48
149 112
45 113
45 114
235 115
283 116
173 117
173 118
197 56
20 119
20 72
20 120
89 121
89 122
284 74
2 8
2 35
2 123
285 49
7 124
7 125
7 126
190 127
75 128
75 129
156 67
286 130
147 131
239 17
19 58
19 85
44 132
44 133
44 134
44 135
44 136
44 137
44 138
287 95
288 139
137 54
137 104
134 133
134 140
134 44
134 134
26 141
33 101
289 142
289 143
290 126
291 144
62 145
62 80
62 30
62 146
48 147
48 35
48 148
48 149
73 150
292 151
292 152
28 80
28 85
109 153
43 154
43 155
135 44
293 35
212 156
212 157
34 49
34 158
163 159
294 144
295 160
38 161
120 20
296 36
231 162
114 45
159 163
10 164
297 86
52 35
298 165
104 137
93 166
93 167
165 105
165 168
165 169
165 106
165 170
102 171
87 172
218 152
117 173
133 44
204 174
126 125
126 175
126 7
51 131
51 176
51 1
51 35
51 177
176 51
103 178
103 179
299 180
23 58
23 48
23 181
23 182
23 150
300 49
301 183
302 128
205 29
303 184
304 185
227 106
111 186
50 35
39 106
60 187
305 188
86 189
88 76
127 190
306 111
128 76
95 75
307 191
125 126
125 7
308 192
57 67
57 35
57 193
309 194
309 195
309 179
112 196
112 143
112 149
56 35
56 197
56 152
56 63
155 43
30 145
30 62
199 67
310 165
248 54
248 179
311 130
67 198
67 156
67 199
67 1
67 200
67 201
55 86
55 35
55 202
55 85
54 162
131 35
131 158
131 203
131 147
131 51
131 204
29 205
29 85
195 194
312 206
312 207
313 208
152 209
152 56
314 210
164 43
164 10
166 93
315 211
143 112
230 80
157 212
316 199
22 58
317 213
318 166
184 60
319 214
225 215
3 216
151 95
151 93
32 217
209 65
209 218
209 80
320 219
13 18
8 2
8 220
189 86
189 221
41 202
321 214
322 222
323 223
136 134
324 9
196 112
325 140
326 221
247 53
11 224
215 225
215 226
106 219
106 165
106 227
106 228
327 229
328 188
329 230
162 92
162 231
232 232
244 233
330 234
115 235
81 106
331 204
332 236
243 237
146 62
146 238
66 74
17 239
36 240
36 241
36 64
1 242
1 53
1 200
1 21
1 85
116 140
237 243
233 244
53 245
53 35
53 95
333 246
334 247
179 103
179 248
