210 0
211 1
120 2
120 3
212 4
113 5
77 6
34 7
184 8
213 9
10 10
10 11
10 12
10 13
47 14
47 15
47 16
47 17
47 18
47 19
78 6
214 20
201 21
192 22
215 16
4 7
4 23
4 24
4 0
216 25
142 26
203 27
161 28
217 29
91 30
46 31
46 32
24 33
24 4
24 34
24 29
24 35
24 36
24 11
57 37
147 24
181 38
84 39
84 16
84 40
84 41
84 42
218 43
218 38
119 44
119 45
219 46
220 47
156 7
156 48
221 6
186 49
177 50
222 34
138 51
223 52
224 53
225 54
97 55
124 17
81 56
37 57
11 24
11 58
11 59
11 60
11 10
11 61
178 62
178 39
99 27
99 63
226 64
226 33
226 65
6 66
6 24
6 40
6 50
6 67
6 68
6 69
6 70
6 71
6 72
6 73
6 74
6 75
6 0
6 76
6 77
6 78
6 79
6 80
227 65
140 26
228 81
40 82
40 83
40 6
40 84
129 85
33 64
229 14
229 5
127 86
127 75
13 10
197 87
30 88
30 89
30 90
30 91
194 7
230 92
96 93
18 47
231 35
205 94
232 95
32 46
55 96
55 97
233 98
63 99
198 100
198 96
174 101
234 61
54 102
108 103
108 104
182 86
235 86
115 105
111 106
111 0
236 107
76 6
65 6
65 86
104 108
123 17
123 46
237 23
238 43
238 107
239 109
106 110
106 111
106 5
240 112
241 86
242 103
5 7
5 113
5 0
93 86
52 96
52 114
105 115
19 47
243 116
244 117
245 27
139 26
246 118
247 119
247 115
42 39
2 120
67 59
67 6
68 6
68 50
248 121
44 122
130 6
130 11
17 123
17 47
17 124
17 125
249 117
250 126
12 10
251 127
85 128
85 129
252 114
66 6
66 130
253 36
107 39
128 85
131 131
131 7
254 125
255 132
87 69
256 133
89 30
257 86
23 29
23 134
23 4
23 135
94 136
157 137
164 39
45 119
163 50
258 138
58 11
26 139
26 140
26 26
26 141
26 142
26 143
26 144
154 7
154 136
154 21
206 16
206 145
171 146
259 147
90 30
260 148
167 94
167 149
79 150
79 6
261 151
29 24
29 32
262 152
125 17
125 153
125 33
125 103
7 131
7 4
7 34
7 154
7 155
7 156
7 5
155 126
155 127
137 157
137 130
153 125
88 30
88 158
263 51
263 86
264 8
69 6
69 50
265 6
266 159
60 10
60 71
60 11
267 47
126 7
126 155
165 160
28 161
268 7
95 121
95 162
170 122
62 163
39 164
39 42
166 165
269 0
270 21
160 166
160 45
271 50
103 125
272 103
149 167
59 11
273 168
274 126
274 169
75 6
75 127
75 170
275 27
276 171
150 79
277 172
83 82
36 24
36 173
278 106
56 81
51 138
101 174
50 43
50 68
50 175
50 176
50 177
50 6
50 178
48 156
279 146
280 11
281 179
38 180
38 181
162 95
282 57
193 180
86 66
86 182
86 127
86 65
188 183
0 184
0 4
283 29
283 135
284 33
285 97
285 185
286 86
287 36
200 122
121 43
121 178
288 16
289 39
290 186
290 187
183 188
291 121
74 136
102 54
292 189
144 26
293 10
293 11
294 190
295 189
296 5
297 191
61 11
298 43
22 192
22 36
22 61
22 38
180 193
180 194
71 60
72 159
8 184
299 195
300 196
301 197
301 52
301 198
301 199
122 200
122 44
21 201
302 86
303 202
304 170
27 203
305 116
305 204
306 205
307 173
158 88
308 40
145 206
145 86
309 0
310 207
311 208
312 6
313 194
314 79
315 209
316 16
