161 0
161 1
236 2
45 3
45 4
171 5
127 6
237 7
238 8
239 9
240 10
240 11
116 12
241 13
241 14
242 9
243 15
244 16
36 3
36 17
36 18
36 19
36 20
36 11
36 21
36 22
36 23
245 24
35 25
35 26
35 27
43 28
43 3
43 29
43 30
43 19
43 25
43 31
246 32
66 33
66 34
26 35
26 3
26 36
212 37
21 38
21 39
21 40
247 41
248 42
25 43
249 9
3 44
3 45
3 46
3 47
3 48
3 36
3 49
3 43
3 29
3 26
3 50
3 38
3 30
3 51
3 52
3 53
3 54
3 55
3 56
3 57
3 58
3 59
3 60
250 61
232 62
232 30
130 63
130 64
130 65
130 66
251 67
252 68
38 3
38 69
38 70
38 71
38 72
38 73
38 42
38 21
104 18
253 74
198 75
198 11
254 76
20 77
20 40
20 78
20 36
255 79
255 13
129 62
54 3
73 27
147 7
256 80
256 81
137 82
57 3
57 46
257 83
179 65
179 84
184 53
103 85
103 86
258 5
258 87
88 88
88 89
216 90
23 91
259 67
136 92
136 93
136 94
136 74
136 95
260 96
261 97
183 53
222 38
222 98
69 99
94 44
94 65
94 100
262 101
262 80
86 102
86 103
144 25
144 4
263 104
74 74
74 96
195 105
195 106
157 46
48 26
264 21
32 107
11 97
11 108
11 109
11 64
11 32
146 7
265 110
215 111
215 79
123 112
118 113
266 114
125 115
12 116
267 117
113 113
113 118
65 63
65 94
193 51
211 37
211 53
211 119
211 120
124 121
110 122
110 123
83 5
121 124
268 53
269 3
71 38
71 125
71 78
270 126
271 127
272 68
44 94
44 3
44 43
273 38
87 128
274 129
218 130
9 131
275 132
276 64
64 130
64 11
56 133
56 3
95 134
95 135
95 19
95 136
82 137
108 42
108 138
18 104
18 36
277 43
155 139
221 140
278 141
279 62
172 142
280 53
60 143
60 3
60 43
281 144
200 145
70 38
7 146
7 147
7 148
7 24
7 149
133 53
133 4
133 56
282 8
76 150
76 1
76 22
76 151
96 152
214 153
283 154
139 155
46 59
46 3
46 156
46 157
163 158
47 3
284 159
164 50
31 43
22 50
22 160
22 116
0 161
0 162
158 163
285 33
286 13
24 7
287 164
77 165
77 120
160 166
160 167
160 14
160 84
160 95
185 112
185 36
167 168
115 125
288 46
288 169
229 170
224 142
289 96
289 143
138 108
5 171
5 172
5 83
290 3
291 26
28 43
28 173
182 14
182 11
120 77
120 174
120 175
120 176
99 69
292 177
170 178
293 109
84 179
173 28
180 180
180 4
294 181
16 30
14 160
14 182
295 85
53 183
53 133
53 3
53 45
53 144
53 184
53 4
53 60
112 185
112 123
296 186
296 187
296 188
296 189
297 190
298 65
299 1
199 19
51 191
51 192
51 193
128 87
219 194
106 195
300 96
301 196
166 160
302 197
109 198
177 11
143 9
143 53
143 110
143 199
145 200
174 77
174 120
220 21
220 30
190 201
148 7
303 202
303 203
63 130
63 65
100 119
304 200
19 73
19 199
19 43
19 36
151 76
151 204
305 191
49 205
27 73
27 96
39 21
39 7
306 206
307 207
91 208
308 209
309 27
310 77
310 34
50 164
50 3
50 22
50 66
101 210
37 211
37 212
178 170
311 143
192 51
312 62
313 20
313 213
153 214
111 215
90 216
314 62
314 217
315 218
316 53
194 219
30 220
30 43
58 3
58 94
317 221
318 222
168 126
319 223
142 224
142 225
320 105
321 226
321 227
321 228
68 229
1 76
210 101
322 56
323 142
323 8
231 230
107 198
191 51
191 198
134 95
324 67
230 231
62 129
62 232
165 77
40 20
325 233
42 184
42 38
42 234
42 108
42 95
4 180
4 133
4 53
4 45
213 75
98 235
326 39
