160 0
160 1
160 2
108 3
108 4
108 5
108 6
161 7
162 8
163 9
109 10
123 11
123 12
110 4
78 13
78 14
78 15
78 16
83 17
164 18
90 19
165 20
166 21
167 22
168 23
168 24
76 25
169 26
170 27
7 28
82 29
13 30
13 31
13 22
13 32
13 33
13 34
13 17
171 22
171 35
171 36
172 37
59 38
59 13
173 39
174 0
48 40
52 8
63 10
175 18
176 41
45 13
45 42
45 43
45 44
45 45
45 34
45 17
45 25
46 46
46 47
64 10
40 48
138 49
138 50
89 51
8 52
8 53
8 54
177 55
178 56
178 57
69 58
38 59
179 60
145 61
145 62
10 63
10 64
148 65
148 66
180 67
58 68
58 69
67 51
133 70
133 34
133 51
181 22
181 17
182 71
84 72
183 73
137 74
139 75
184 1
185 39
154 12
25 76
25 9
26 52
186 18
187 60
188 13
189 77
41 71
15 78
103 52
190 54
191 79
101 80
101 81
39 22
39 78
39 5
42 51
42 82
42 17
42 72
72 77
72 42
72 83
72 84
119 73
192 85
192 86
193 87
77 88
77 17
32 89
194 90
195 91
195 47
196 92
88 77
88 93
197 94
147 95
120 22
198 96
125 93
125 63
199 97
129 98
129 99
21 100
200 99
80 94
80 101
80 75
31 13
201 95
202 62
53 8
153 83
17 97
17 102
17 42
17 45
17 13
17 77
17 22
17 103
17 28
17 104
17 105
17 29
106 106
203 107
114 19
130 71
130 99
100 8
204 71
205 48
206 71
207 53
4 108
4 22
4 109
4 110
208 111
92 112
19 90
19 113
19 114
19 115
19 116
19 117
34 118
34 119
22 120
22 121
22 5
22 13
22 122
11 123
209 124
93 125
93 126
210 127
211 52
212 77
99 128
99 129
99 130
99 131
213 26
51 132
51 89
51 133
28 134
28 17
28 29
28 135
74 136
74 137
49 138
214 139
215 140
146 35
16 78
16 64
216 13
97 141
97 142
97 17
217 143
105 17
98 142
98 129
98 144
62 145
141 97
35 146
218 147
65 35
65 148
73 92
73 149
73 42
73 150
73 119
73 97
219 118
220 151
221 73
2 13
222 152
54 8
54 29
223 153
70 37
12 123
12 154
12 155
12 156
224 88
224 17
33 13
142 97
142 0
142 133
5 108
5 157
5 144
5 158
5 159
5 45
5 54
5 17
225 136
