167 0
303 1
303 2
157 3
304 4
98 5
98 6
98 7
98 8
98 9
15 10
15 11
15 12
15 13
15 14
15 15
15 16
15 17
15 18
15 19
305 20
85 2
91 21
91 22
132 23
130 24
130 25
130 23
176 26
176 27
176 28
306 29
194 27
307 30
51 31
51 32
51 33
51 9
308 34
63 3
63 2
63 35
63 36
63 37
63 38
63 39
63 40
63 41
63 42
63 43
63 44
63 45
63 46
63 47
63 20
63 48
63 49
63 50
76 2
309 51
120 52
120 0
310 53
311 54
183 2
183 17
183 55
183 56
183 57
139 58
139 59
26 60
121 61
121 62
159 3
62 63
79 52
79 17
279 64
312 65
313 66
314 67
315 68
99 69
164 70
169 71
169 34
169 39
2 72
2 73
2 74
2 23
2 75
2 63
2 76
2 3
2 30
2 77
2 68
2 78
2 79
2 80
2 81
2 82
2 57
2 83
2 84
2 85
2 36
2 86
2 18
278 39
122 87
122 88
287 18
244 19
316 89
151 15
151 9
317 90
318 91
296 92
117 93
319 1
200 39
320 94
321 51
321 20
265 92
58 95
58 62
58 9
238 96
322 19
323 97
60 26
8 98
217 99
217 100
170 101
231 61
231 85
231 57
324 102
325 103
325 7
218 104
326 105
131 14
327 106
118 97
118 107
118 108
118 9
92 9
282 109
282 110
282 111
328 112
328 65
245 113
93 114
93 115
93 116
93 117
93 118
93 119
52 19
52 79
52 120
52 33
329 114
61 121
295 9
330 118
88 122
193 123
219 124
219 125
219 126
290 86
135 127
331 15
258 107
332 67
4 128
4 129
23 3
23 130
23 131
23 132
253 133
253 134
333 135
334 19
283 136
274 70
335 109
80 2
80 86
80 125
80 137
80 20
80 138
336 55
59 139
53 140
53 53
14 15
14 141
14 131
337 142
178 35
178 143
102 144
160 145
40 97
40 146
40 50
40 63
338 119
339 147
339 148
214 149
214 150
214 36
214 151
340 152
33 51
33 19
25 153
275 154
275 111
199 155
267 156
49 63
3 154
3 2
3 157
3 147
3 89
3 1
3 23
3 158
3 159
3 160
3 100
3 35
3 161
3 148
3 162
3 163
3 63
341 136
341 73
216 164
342 165
343 41
344 166
345 3
345 99
0 167
0 168
0 120
71 169
346 170
347 171
284 172
180 16
348 173
82 2
255 174
230 175
349 176
161 41
161 39
161 177
143 125
143 178
221 179
16 124
16 180
16 181
16 93
16 121
57 2
57 85
57 182
57 183
206 77
184 184
97 18
97 118
97 185
97 9
36 186
36 63
277 39
239 17
239 187
239 188
257 1
257 151
257 9
19 52
19 18
19 33
350 17
146 189
146 40
198 94
108 1
108 190
108 191
108 192
108 9
67 1
185 94
123 193
351 3
27 194
27 176
352 195
220 72
353 196
354 35
54 197
94 198
94 185
355 199
355 70
356 200
357 201
228 190
358 202
147 203
147 3
359 204
77 205
77 206
360 207
361 106
362 58
285 208
285 209
186 2
186 36
186 210
186 117
186 211
186 212
363 98
363 63
364 70
96 146
365 213
262 117
262 69
262 176
262 93
366 24
150 214
250 215
75 216
75 2
75 50
264 217
264 187
104 218
367 50
368 189
78 190
78 2
369 39
370 151
371 3
72 219
72 2
72 220
72 68
72 119
179 221
372 63
373 98
42 63
68 2
374 106
224 222
375 37
376 223
376 224
163 225
377 63
13 15
13 17
177 161
378 124
379 200
379 39
379 114
380 220
380 63
181 16
381 50
382 226
190 227
190 78
190 228
190 229
190 230
383 2
125 80
384 63
385 1
41 87
41 228
41 231
41 99
41 232
41 180
41 233
41 144
41 137
41 74
41 234
41 235
41 18
41 63
41 45
41 161
100 18
20 236
20 2
20 237
55 238
55 4
55 183
188 239
386 240
17 241
17 59
17 3
17 15
17 183
17 233
17 242
17 17
17 13
84 2
387 243
388 41
389 244
390 9
391 141
73 2
113 245
45 2
392 58
393 246
155 199
158 247
394 248
395 249
396 238
396 243
215 250
43 63
397 36
398 251
124 219
124 233
124 252
124 50
124 176
399 253
18 97
18 15
18 60
400 254
401 186
402 3
403 129
174 255
174 141
174 207
174 63
128 4
404 30
405 256
1 257
406 88
107 258
107 118
107 39
69 259
69 260
407 50
233 123
233 204
294 9
205 17
28 3
12 15
44 261
44 63
74 41
74 2
46 63
47 63
408 262
409 98
410 124
410 2
50 47
50 129
50 63
50 40
411 86
412 263
412 56
269 72
269 119
269 0
48 108
182 57
235 207
187 264
288 83
288 39
29 104
29 36
29 233
56 176
248 72
413 265
175 190
414 141
65 93
156 266
156 15
156 267
21 91
81 41
81 29
81 2
261 44
197 54
119 268
119 269
119 153
119 270
119 2
119 271
119 200
251 3
251 129
225 272
415 273
416 90
70 164
70 274
154 275
154 225
417 276
192 108
37 63
39 90
39 3
39 107
39 277
39 278
39 161
39 279
39 280
39 281
39 63
111 275
111 282
136 283
286 93
418 28
252 124
252 125
252 234
172 284
208 285
141 14
419 286
419 36
420 287
421 190
421 24
95 58
422 2
83 2
83 288
11 289
11 15
423 50
162 3
424 124
425 290
426 97
427 291
428 63
126 219
429 292
429 293
144 41
7 98
9 97
9 294
9 21
9 295
9 151
9 296
9 189
9 62
9 297
9 298
9 58
9 299
9 51
153 119
153 25
430 300
30 2
431 272
432 301
299 9
212 302
209 285
