63 0
63 1
208 2
34 3
34 4
209 5
210 6
130 7
211 8
212 9
85 10
213 11
36 4
36 12
43 13
43 14
43 15
214 16
145 9
215 17
177 18
177 19
35 20
35 21
216 22
140 20
217 23
49 24
218 25
4 20
4 26
4 27
4 28
4 29
4 30
4 31
4 32
4 33
4 19
4 34
4 35
4 24
4 36
4 2
4 37
4 38
179 39
219 40
122 41
220 42
13 43
13 44
13 45
221 46
222 22
223 47
24 48
24 49
224 32
105 50
105 26
225 51
226 52
121 20
121 53
121 54
227 55
228 56
228 57
78 58
116 52
116 59
229 48
230 60
175 61
56 62
0 63
231 35
167 64
232 65
233 31
134 66
134 67
134 68
134 17
143 30
143 69
143 70
234 26
235 37
235 71
236 72
33 4
33 59
25 2
160 73
3 74
237 75
92 76
1 63
1 2
1 74
238 77
58 78
239 79
240 51
112 52
96 80
241 59
242 81
242 82
243 83
144 84
10 85
244 86
244 87
123 88
150 89
133 90
133 91
133 92
133 93
245 18
94 73
246 94
247 4
104 95
26 96
26 97
248 4
110 98
249 99
171 100
47 101
187 102
250 103
95 104
50 105
251 106
77 107
137 108
17 11
98 109
98 110
149 89
52 111
52 112
52 113
52 114
52 115
52 116
52 117
52 118
52 119
252 22
253 120
15 12
54 121
155 53
147 9
147 45
183 18
41 122
27 83
88 123
254 124
254 53
180 16
48 24
255 70
168 125
168 126
168 127
7 128
7 129
7 130
7 131
256 132
257 133
178 16
258 134
62 56
62 135
62 136
38 26
108 137
14 43
198 138
198 139
20 35
20 121
20 140
20 4
152 141
152 142
30 4
30 24
30 143
259 129
201 144
201 53
201 84
260 19
101 47
55 9
55 145
55 146
55 147
55 83
109 110
184 76
66 6
261 148
262 4
89 149
89 150
128 151
142 152
263 0
264 153
265 2
68 6
266 2
31 4
117 52
117 44
267 154
37 4
37 19
37 155
37 156
268 4
2 131
2 157
2 25
2 158
2 159
2 160
2 44
136 62
39 111
9 147
9 55
131 161
131 102
131 162
59 163
59 137
59 44
59 45
193 164
51 128
269 165
269 166
270 167
127 168
127 169
271 107
203 170
203 53
203 55
100 171
204 53
272 172
272 71
273 173
163 59
61 131
61 174
61 175
274 18
275 176
19 18
19 4
19 177
276 108
277 26
278 58
16 178
16 179
16 180
188 181
279 182
18 112
18 19
18 177
18 183
76 184
185 185
185 186
102 131
102 187
83 188
83 55
280 135
71 124
71 108
71 189
71 190
71 191
206 192
44 59
44 193
281 194
282 37
282 195
195 196
73 94
283 197
139 198
284 62
12 36
12 15
285 199
285 62
162 200
53 201
53 155
53 202
53 203
53 204
53 205
192 206
205 53
286 128
286 207
286 103
286 37
