63 0
208 1
225 2
96 3
96 4
226 5
32 6
32 7
32 8
32 9
222 10
227 10
143 11
228 12
171 13
171 14
229 15
229 16
29 17
29 18
29 19
29 20
29 21
230 22
85 23
231 24
232 25
233 21
234 26
213 27
213 28
20 29
20 30
235 31
235 32
54 33
54 34
54 19
54 27
54 35
54 36
54 6
54 37
54 38
54 39
54 40
54 41
54 42
54 43
54 44
54 8
54 21
236 45
166 46
151 47
167 48
237 49
238 50
239 51
239 52
144 53
42 54
42 55
42 56
86 57
86 58
86 50
86 59
240 60
241 61
242 62
109 46
0 63
17 64
17 65
17 66
17 29
17 67
17 68
243 69
244 70
153 71
153 72
6 73
6 54
6 74
6 19
6 75
6 76
6 77
6 2
6 6
6 78
6 36
6 47
6 79
6 80
6 32
6 81
105 82
7 83
7 31
245 42
245 56
246 84
23 85
23 43
23 60
59 86
142 71
142 87
142 88
192 89
247 10
49 90
49 91
49 92
215 69
248 93
2 94
2 50
2 54
2 66
249 6
249 95
4 19
4 96
250 97
3 98
3 4
62 99
251 2
252 100
65 101
65 65
65 102
65 10
112 103
112 104
66 51
66 105
66 82
253 88
254 5
254 106
51 107
51 9
111 108
111 54
111 109
111 110
68 37
68 111
68 36
104 112
39 113
39 54
121 114
121 115
121 36
121 116
121 117
255 118
114 119
114 120
114 121
117 121
108 111
256 19
190 122
190 123
190 24
190 124
190 125
257 126
257 127
157 94
258 128
130 129
259 130
260 131
159 132
159 133
159 90
159 134
217 35
219 135
219 136
177 36
261 71
119 137
119 138
119 65
119 139
119 114
129 140
224 79
41 54
88 141
88 142
11 143
262 144
216 145
82 146
82 105
82 147
82 66
71 148
71 149
71 150
71 142
71 151
71 152
71 153
71 16
34 54
34 154
176 36
81 51
81 155
81 78
81 156
94 136
94 110
94 157
263 158
133 159
264 105
146 160
60 111
186 132
186 161
186 157
169 162
265 145
265 163
45 56
266 164
46 165
46 166
46 109
48 167
48 66
267 54
267 168
268 169
269 36
270 15
270 16
270 31
174 51
174 36
271 170
13 171
13 82
272 10
36 172
36 173
36 10
36 174
36 175
36 6
36 176
36 68
36 70
36 177
36 80
36 81
156 51
156 81
273 178
33 54
72 153
72 18
152 179
152 180
152 181
274 97
193 54
193 182
275 54
275 183
19 165
19 6
19 4
155 81
110 94
110 12
110 184
110 31
110 92
276 185
134 159
161 186
172 36
181 152
150 51
277 187
80 188
80 36
278 189
123 190
98 96
37 191
37 21
214 69
89 192
279 10
280 88
55 51
281 49
282 186
283 193
18 29
124 194
195 120
195 195
218 196
75 197
284 0
27 54
27 190
205 198
285 199
286 71
196 142
47 151
165 46
165 19
287 200
287 21
288 161
289 21
102 65
50 2
50 201
50 202
221 10
290 203
198 204
198 205
120 114
120 195
136 51
291 147
292 206
293 92
294 2
1 207
1 208
1 105
1 209
1 10
295 210
8 32
8 211
211 8
148 71
148 116
188 80
296 212
185 213
58 86
69 79
69 214
69 215
78 6
101 65
44 54
31 16
31 43
31 10
173 36
297 180
298 106
140 88
145 216
145 80
145 157
35 217
35 27
35 218
135 219
10 220
10 65
10 221
10 222
70 36
103 112
299 37
79 223
79 224
79 69
92 49
