119 0
80 1
134 2
198 3
199 4
115 5
200 6
63 7
64 8
64 9
64 10
12 11
11 12
11 13
201 14
190 15
102 16
102 17
82 18
202 19
92 20
50 21
106 22
106 23
106 24
106 25
106 26
106 27
48 28
203 29
204 30
205 31
139 32
206 21
207 33
126 34
100 35
100 36
208 37
164 38
70 39
70 40
70 41
70 42
70 14
70 43
70 31
70 2
47 44
209 45
210 46
211 47
212 31
28 48
98 49
21 50
213 51
184 52
214 53
215 54
166 55
216 56
13 13
13 57
13 58
13 59
13 60
217 61
148 62
7 63
10 64
78 65
137 66
137 67
147 68
143 69
218 70
88 71
219 72
219 73
146 68
146 74
146 18
220 75
136 76
136 2
157 56
36 4
39 70
39 31
118 77
65 78
221 44
222 79
107 24
1 80
223 81
103 5
224 60
225 82
195 12
195 11
226 83
71 84
71 85
71 86
71 34
71 87
71 88
71 89
71 90
227 91
20 92
20 93
20 94
20 95
228 96
61 5
229 97
79 98
79 79
230 33
231 99
232 69
233 100
16 101
16 102
16 103
16 5
16 104
16 81
234 105
24 106
24 23
24 107
85 71
85 108
235 109
236 61
237 43
185 110
158 111
23 24
23 112
23 113
238 114
239 62
240 112
241 98
242 115
243 116
244 117
245 2
77 118
0 119
246 82
247 120
4 49
196 44
43 121
248 109
130 2
249 122
127 25
172 123
250 124
250 125
250 36
34 31
34 126
87 71
251 16
251 115
251 103
252 127
90 128
2 70
2 129
2 16
2 130
2 35
2 131
2 132
2 133
2 134
2 135
2 136
2 137
2 138
32 139
253 3
170 140
254 141
255 136
256 142
69 143
69 144
257 145
68 146
68 147
62 148
62 19
163 117
110 54
258 149
27 150
259 151
259 31
259 152
260 153
138 34
138 31
138 2
56 154
56 155
261 137
160 34
160 26
262 156
263 17
41 70
41 69
57 59
264 157
111 158
42 159
26 106
26 117
26 160
31 70
31 161
60 101
140 162
99 163
99 145
37 42
161 31
38 164
55 165
55 166
162 140
265 167
128 71
128 90
266 168
267 56
268 169
269 163
66 160
270 163
270 170
177 42
117 163
133 171
133 2
123 172
122 60
271 173
272 174
273 175
74 176
120 177
274 49
275 178
276 158
171 133
277 179
277 180
5 181
5 115
5 16
5 182
5 103
15 183
52 184
52 76
278 80
279 70
280 185
281 49
101 60
101 186
101 31
101 187
101 188
282 87
282 73
144 69
283 189
84 71
84 190
35 191
150 45
284 71
285 43
285 192
44 193
44 194
44 16
44 47
44 195
44 196
113 23
135 2
145 61
286 53
287 197
