91 0
119 1
191 2
101 3
92 4
148 5
192 6
193 7
194 8
128 9
195 10
2 11
2 12
2 13
49 14
49 15
26 16
26 17
26 18
26 19
26 5
26 20
26 11
196 21
197 22
127 9
127 23
127 24
127 3
127 25
127 26
118 27
118 28
198 17
53 29
98 30
61 31
138 32
142 33
72 15
144 34
199 35
21 9
21 36
162 37
93 38
40 9
40 36
40 39
9 40
9 41
9 6
9 42
9 43
9 44
9 45
9 46
9 47
9 48
9 49
9 25
9 21
9 50
9 11
70 40
70 51
41 52
41 53
41 54
200 15
6 55
6 56
6 57
6 58
201 45
174 13
31 59
202 60
203 61
65 62
65 63
65 64
65 46
65 65
204 66
23 67
154 68
182 69
80 70
111 53
15 71
15 72
20 9
10 73
205 33
206 74
206 75
160 76
160 0
207 77
113 78
113 66
208 79
131 80
39 40
39 81
39 82
117 83
117 11
209 84
210 30
186 85
211 86
211 87
152 88
152 62
152 0
168 89
110 90
0 91
0 92
0 93
0 94
0 84
212 95
213 96
74 97
28 98
114 99
214 100
59 5
3 101
46 102
46 103
145 104
215 105
57 6
11 2
11 45
11 9
11 26
216 23
216 106
156 107
156 108
45 109
90 110
90 111
130 112
217 62
73 10
66 40
66 113
66 114
218 37
218 67
173 64
157 60
157 96
47 9
47 115
47 116
47 117
47 66
47 2
47 83
219 45
129 112
27 118
1 119
189 102
189 120
16 26
16 121
220 122
220 51
75 53
221 123
163 5
163 124
163 123
135 58
222 65
223 47
223 125
224 126
18 26
18 127
18 128
18 114
112 129
112 130
12 131
115 107
115 132
115 133
7 134
166 132
58 6
58 135
78 0
146 136
17 137
17 26
32 48
32 138
121 139
121 16
33 40
33 131
33 140
33 141
33 142
33 143
33 81
34 144
56 6
167 132
225 6
226 145
181 71
136 146
227 147
228 89
19 107
19 26
5 148
5 149
5 26
50 9
229 48
52 41
155 40
155 112
230 150
178 151
178 81
231 132
165 104
88 152
175 20
69 102
232 153
104 145
68 108
68 154
36 40
77 155
170 137
107 34
107 115
107 156
107 54
62 26
233 54
48 108
96 157
96 15
234 158
235 159
76 160
38 161
97 74
169 86
37 162
37 54
123 163
30 98
25 9
25 62
25 164
236 165
132 166
132 167
132 137
237 108
125 168
238 169
99 170
29 53
29 28
24 171
54 16
54 41
54 53
54 98
54 172
54 145
54 26
185 85
103 86
239 141
64 65
64 173
13 174
13 175
13 89
13 2
60 157
60 176
55 6
240 141
241 172
242 92
243 132
244 54
126 177
245 178
245 137
246 54
247 179
248 180
71 181
179 97
179 36
14 49
249 182
180 182
250 183
94 0
184 184
251 13
85 185
85 186
252 187
253 72
254 116
255 72
256 188
257 116
108 68
108 156
258 131
102 189
259 47
143 33
260 190
