1346 0
1346 1
2003 2
1715 3
294 4
294 5
294 6
294 7
294 8
294 9
294 10
294 11
294 12
645 13
645 14
645 15
645 16
645 17
645 18
645 19
2004 20
2004 21
245 22
1115 23
1691 24
1691 25
2005 26
2006 27
2006 28
2006 29
38 30
38 31
1941 24
2007 24
2008 32
1173 33
1173 34
697 35
1959 36
515 10
31 37
31 38
31 39
197 4
239 24
239 40
239 41
239 42
239 43
239 19
239 44
239 45
239 46
239 47
239 48
239 49
824 50
824 51
2009 52
2009 53
1062 54
428 55
1474 56
1474 57
1474 58
1474 59
272 60
272 61
272 62
2010 63
429 64
429 10
429 65
429 66
429 67
2011 68
2012 69
2012 70
406 71
994 72
2013 59
198 18
198 73
198 74
1443 75
63 76
129 77
129 78
1887 10
1887 79
945 80
354 81
354 82
354 83
354 84
1343 85
1148 86
893 87
893 88
893 10
893 89
1297 90
1297 91
1792 92
1620 48
1620 93
332 94
332 10
332 95
2014 18
2015 96
1248 24
1248 97
1248 98
839 99
842 100
842 101
2016 24
466 102
466 103
466 104
466 105
2017 71
2017 106
1483 107
1483 108
1483 50
1483 7
1789 109
1149 110
1149 27
1149 111
1149 112
1149 10
1149 113
2018 114
2018 115
1703 116
1703 117
1361 118
1361 119
1361 106
516 120
2019 121
176 46
1939 122
226 123
1750 124
393 125
393 24
393 88
393 126
78 127
78 128
78 129
78 77
78 68
246 130
530 69
530 131
530 132
530 133
530 134
2020 135
979 136
1360 137
1572 138
854 139
2021 15
1335 140
1335 141
1653 142
1961 143
1025 144
1025 145
2022 146
2022 147
1392 148
1392 149
2023 150
1690 25
745 151
1081 152
740 103
1347 153
1195 154
1195 67
1323 155
1323 156
1104 113
1837 96
1837 157
1458 158
1065 159
2024 160
2025 55
507 161
507 54
507 162
954 163
311 10
311 127
311 164
311 165
311 166
718 167
718 168
718 169
718 170
2026 43
484 171
1767 172
1767 173
2027 174
2028 175
1074 176
1074 31
1074 177
2029 178
2030 179
2 180
2 181
2 182
2 183
1539 184
1634 185
1444 186
1444 40
1444 84
1444 187
218 188
218 189
218 190
1417 191
1417 112
1417 192
1417 193
1417 194
1034 195
1327 24
339 196
339 197
73 198
73 39
73 199
73 200
2031 201
705 35
705 202
2032 203
1402 204
2033 205
2034 206
836 207
836 208
2035 209
956 210
956 211
2036 212
1677 213
2037 214
592 215
592 216
2038 217
190 115
190 218
219 88
219 219
219 220
1245 221
1245 159
1037 203
1779 140
1779 131
1779 38
999 222
1560 46
1314 223
643 224
123 225
123 226
123 227
2039 228
1953 24
1495 15
1495 47
1495 229
844 230
2040 203
2041 231
1448 232
1448 28
81 233
81 234
408 21
833 235
43 125
43 236
43 237
43 238
43 239
43 240
43 124
43 28
448 241
2042 242
2043 243
2043 244
22 245
488 246
488 229
488 247
488 248
488 249
488 10
261 196
261 250
261 251
261 252
261 88
261 253
261 254
261 10
261 255
2044 24
913 256
724 257
724 258
724 259
724 260
1367 52
254 261
254 262
254 157
2045 263
2046 10
2046 264
2046 265
2046 157
1168 24
1168 266
1168 267
2047 268
1781 269
1781 270
2048 271
2049 272
1405 273
2050 274
1771 82
1771 275
2051 276
351 277
1330 278
1589 279
1589 40
1589 120
1589 280
514 281
514 282
514 283
514 284
514 285
514 286
514 287
514 288
357 73
357 102
357 289
357 290
357 291
357 292
357 68
357 293
357 294
357 295
357 131
357 296
357 152
357 297
357 269
357 10
357 90
357 165
357 298
790 299
790 88
790 260
1585 300
1336 301
1329 302
1031 303
1031 304
1251 305
667 18
667 306
2052 307
358 293
358 308
1687 309
708 310
166 311
1137 312
829 313
829 314
779 88
779 315
779 316
2053 89
943 317
2054 318
1189 205
39 319
39 74
39 320
39 321
39 322
39 323
39 294
39 324
39 325
39 326
39 21
39 125
39 327
39 178
39 328
39 329
39 330
39 208
39 331
39 260
39 4
39 332
39 192
39 333
39 157
39 334
39 10
39 335
39 31
39 64
39 88
39 336
39 113
39 337
39 338
39 295
2055 339
2056 340
2057 341
2057 342
685 343
1580 344
1580 345
767 60
767 25
2058 346
2059 28
2059 347
664 155
664 348
664 349
739 350
2060 351
2061 352
2061 269
2061 353
2061 354
2061 355
2062 141
353 84
699 84
2063 148
2064 356
1369 118
1369 357
1369 21
293 358
2065 357
1532 359
1532 360
1532 361
593 362
593 357
593 363
593 364
593 365
593 366
593 263
593 21
593 367
593 368
593 47
593 369
593 370
593 371
593 127
593 165
593 372
1517 373
2066 374
2067 375
2067 376
1211 67
832 377
53 378
53 379
53 380
53 277
53 381
53 382
53 383
687 87
687 384
2068 385
1279 386
1279 387
1279 388
953 389
372 390
372 391
372 185
1787 392
1056 59
578 15
761 393
761 394
761 4
761 395
761 396
761 50
761 397
761 68
761 211
761 25
761 398
761 399
761 400
761 401
761 402
761 403
761 10
761 404
861 405
861 406
861 88
861 25
873 148
873 24
873 407
873 408
873 181
873 409
873 410
873 411
873 412
873 315
873 152
873 413
873 414
873 415
873 10
873 196
804 416
804 417
1391 306
2069 47
2070 418
763 419
763 420
1626 14
1626 24
1626 421
1626 191
1626 422
1626 423
1626 424
2071 425
558 195
2072 426
1385 427
531 399
2073 428
560 29
2074 429
2075 93
602 187
2076 430
2077 431
1720 432
1720 433
1992 434
1992 59
1060 432
1060 435
1060 436
1060 31
289 148
289 24
289 357
289 437
289 438
289 439
760 440
760 441
760 442
1082 443
1018 444
1018 445
1834 446
1834 10
1834 39
241 447
241 448
167 449
167 162
1019 40
1019 450
1019 25
1019 67
1019 71
1019 451
1533 452
1533 453
831 377
743 137
1231 454
1231 455
2078 456
791 88
791 457
1725 458
1725 459
730 357
473 90
473 460
1170 461
2079 462
316 463
1177 11
1857 464
2080 78
872 465
872 466
872 467
872 88
872 468
872 469
872 211
741 11
536 470
536 35
536 471
536 427
90 472
90 91
90 59
90 473
90 474
90 475
90 476
90 441
90 477
90 69
90 478
90 28
90 479
1365 21
1316 480
1316 481
1316 482
1316 483
781 88
781 402
781 19
171 484
171 142
1593 485
1958 179
1260 486
1260 487
1260 278
1890 10
1890 488
1890 248
1890 489
1890 51
179 490
179 131
179 491
179 492
179 493
179 239
179 423
179 115
762 494
762 24
762 495
762 496
762 497
762 498
762 88
762 68
762 271
762 499
762 500
887 447
907 501
907 502
553 503
553 504
2081 403
1092 505
2082 506
162 507
162 508
162 170
162 365
82 234
1324 509
656 510
1607 511
1196 67
1683 512
1948 24
1473 513
288 514
2083 515
1292 516
1292 253
2084 517
1761 518
1761 519
2085 520
675 254
675 104
2086 521
128 522
128 523
128 524
128 46
128 446
128 10
2087 525
2087 84
744 24
744 526
744 527
744 154
744 486
744 528
1537 118
1537 529
69 24
69 497
69 530
69 195
69 531
69 532
69 533
69 90
609 534
609 131
609 528
609 68
575 463
612 68
471 535
471 536
1994 15
1994 537
884 538
884 539
884 540
1901 10
1831 120
2088 88
2089 541
812 542
812 378
812 543
812 544
812 106
812 89
812 10
812 545
997 222
1567 546
1567 547
655 548
1818 549
2090 90
620 550
620 150
620 68
2091 551
1378 84
2092 552
470 536
565 553
565 179
565 554
2093 555
2094 556
2095 557
1768 24
1768 558
926 131
1714 10
638 559
638 306
638 459
638 560
638 561
638 562
638 397
638 441
638 563
2096 564
2097 565
2098 566
1039 364
1919 10
2099 567
1460 398
644 568
644 569
644 570
2100 517
795 571
795 88
1322 572
1322 192
733 548
733 195
463 542
463 196
463 573
463 316
463 574
463 575
463 115
1419 284
1419 576
2101 577
2102 578
2102 579
1815 580
255 581
2103 24
864 582
864 583
864 584
850 585
840 586
840 587
1028 10
1028 588
1028 152
1434 589
1434 590
492 591
492 592
492 88
68 593
68 527
68 594
68 595
68 321
68 596
68 597
68 598
68 186
68 599
68 90
68 28
68 372
68 600
68 601
68 602
68 603
68 604
68 605
68 538
68 606
68 607
68 283
68 608
68 233
68 609
68 610
68 611
68 612
68 45
68 613
68 614
68 104
68 120
68 615
68 616
68 617
68 618
68 78
68 88
68 35
68 536
68 191
68 619
68 381
68 620
68 621
68 622
2104 623
978 624
978 625
978 7
1470 27
1470 251
2105 626
2105 627
2105 628
2105 629
2106 630
2107 631
958 632
958 633
958 634
958 635
958 447
958 10
958 211
958 339
449 636
1871 637
2108 638
1331 552
1331 639
2109 640
55 641
55 428
55 354
2110 269
2110 357
2111 642
2112 643
2113 552
2113 117
500 644
500 10
500 645
716 48
900 646
237 196
237 15
237 262
237 43
237 104
237 198
237 371
237 647
237 529
2114 643
826 648
826 234
1477 577
296 35
296 649
2115 650
1287 125
1287 195
2116 187
418 651
418 88
418 652
2117 653
2118 654
1077 578
556 655
510 656
510 657
510 658
1642 106
1124 315
285 514
381 659
381 660
381 661
381 7
662 662
2119 663
2120 664
1069 665
1883 10
1883 141
568 114
568 528
1963 524
1770 666
1629 141
18 24
18 320
18 417
18 577
18 441
18 198
18 10
18 667
18 429
2121 668
1705 669
599 599
599 68
2122 203
2123 670
1453 671
1071 31
1602 619
1309 672
1769 346
1656 673
1656 674
337 39
2124 634
2124 7
608 125
608 24
608 675
608 68
2125 42
2126 676
2127 677
2128 678
747 679
747 680
1584 681
1584 24
1584 14
1274 682
1274 621
184 683
184 684
184 35
184 355
499 7
2129 685
2130 476
35 686
35 687
35 688
35 689
35 690
35 691
35 692
35 413
35 693
35 694
35 223
35 84
35 127
35 695
35 696
35 697
35 698
35 699
35 296
35 342
35 194
35 276
35 10
35 618
35 700
35 701
35 6
35 536
35 702
35 392
35 68
35 703
35 184
35 621
35 704
35 705
310 706
310 707
310 708
1050 360
170 506
170 365
1501 709
809 84
1341 710
1341 711
2131 712
1851 713
2132 24
1559 585
1418 714
965 715
48 716
48 195
48 239
2133 198
365 341
365 142
365 717
365 168
365 170
365 718
365 162
605 562
993 580
335 39
2134 719
2134 720
2135 617
2136 68
2137 571
975 7
2138 721
722 24
722 263
722 722
722 723
722 477
258 724
258 84
2139 725
1612 726
1370 21
859 450
859 727
1214 67
2140 728
2141 203
789 10
789 219
789 88
424 729
424 357
424 251
424 730
424 147
424 731
424 193
424 10
424 552
424 732
2142 733
1373 734
2143 84
2144 105
2145 735
1172 10
1246 120
1246 736
1246 536
1356 737
1090 152
2146 616
2147 593
2148 738
350 739
350 263
103 10
103 740
103 741
2149 742
987 222
805 604
805 538
805 108
805 569
805 605
2150 743
1801 263
526 744
1505 35
1505 90
2151 745
2151 10
1684 746
1684 24
1684 643
2152 27
2153 86
20 104
20 7
679 747
2154 90
2155 748
1716 198
1716 385
1716 90
1469 749
1645 750
1665 751
1665 752
1004 222
2156 673
441 24
441 15
441 753
441 96
441 742
441 18
441 754
441 755
441 10
441 265
441 125
441 756
441 590
441 757
441 758
441 759
441 760
441 761
441 412
441 762
441 616
441 371
441 763
441 78
441 764
441 8
441 238
441 152
441 413
441 765
1712 109
1712 545
2157 766
88 24
88 767
88 15
88 768
88 769
88 770
88 99
88 104
88 283
88 771
88 772
88 773
88 261
88 774
88 775
88 776
88 777
88 778
88 779
88 780
88 39
88 411
88 128
88 781
88 592
88 387
88 87
88 219
88 211
88 782
88 783
88 196
88 784
88 785
88 108
88 492
88 786
88 27
88 762
88 787
88 157
88 788
88 789
88 10
88 7
88 356
88 378
88 790
88 791
88 792
88 158
88 124
88 793
88 650
88 68
88 427
88 794
88 795
88 19
88 667
88 796
2158 797
668 347
2159 417
242 798
242 51
1229 799
729 140
729 424
1692 800
1711 545
1976 120
1811 801
1581 802
1746 88
2160 484
1618 803
2161 804
569 181
569 543
569 805
634 806
634 45
634 410
634 807
634 677
634 85
2162 808
1496 780
84 699
84 364
84 809
1094 550
574 230
542 169
542 810
542 463
542 811
542 812
542 813
225 123
225 814
225 35
225 599
225 500
1278 815
525 59
1178 432
1178 816
1178 817
1178 818
1178 819
1178 820
1178 821
1178 438
1178 822
1178 69
1178 823
1178 566
1889 824
1889 10
1889 825
2163 120
648 10
648 826
648 827
648 828
17 645
2164 354
651 418
2165 829
2166 260
1068 36
1332 10
1332 141
1332 461
1332 830
377 831
377 10
377 832
2167 114
1924 205
235 14
235 833
235 834
235 260
1884 10
299 835
2168 203
2169 10
1700 104
2170 35
798 121
798 836
798 837
798 838
798 89
798 115
1180 10
1180 839
1180 437
2171 840
1967 841
100 842
1527 148
480 843
480 10
480 129
2172 844
208 845
208 39
1158 846
1158 847
1158 848
585 849
585 850
585 21
585 553
585 851
585 852
585 853
2173 524
2174 854
1932 855
802 550
886 856
886 441
2175 619
1869 857
2176 229
1100 181
1100 253
623 590
623 417
623 748
2177 604
2177 858
1112 590
1112 131
1112 786
2178 859
2178 28
2179 860
922 68
54 176
1805 861
2180 332
2180 343
2180 862
2180 95
1860 562
1937 863
361 864
361 690
2181 865
2181 866
1800 263
1800 289
1796 571
1796 867
1796 868
1796 869
1796 175
1979 120
446 870
2182 871
2183 263
2184 872
410 681
410 634
410 873
236 24
236 43
236 874
236 577
236 152
236 10
1066 476
1066 159
2185 875
2186 29
1903 10
185 590
2187 876
2188 113
2188 877
1328 6
1328 878
1328 879
1328 58
934 880
934 251
934 881
2189 246
1891 24
1891 10
1543 882
1543 883
2190 884
1197 67
2191 374
1276 140
1276 885
1276 621
552 15
552 420
552 886
552 109
552 457
552 424
2192 887
1494 412
425 888
425 527
2193 889
1498 890
297 357
297 563
2194 45
2195 372
1106 891
877 513
877 892
1679 893
1679 24
1679 784
1679 894
1679 412
1679 157
1679 198
1679 10
445 622
1166 895
1093 505
2196 56
2197 896
1611 897
1110 548
1110 898
1110 899
1241 757
1241 900
2198 901
2198 141
772 15
772 326
772 88
772 902
772 903
772 904
772 905
772 906
502 907
1654 654
1832 157
2199 908
2200 909
2200 392
2201 910
1395 24
1395 71
1395 16
1540 911
692 912
692 500
692 497
2202 114
256 913
256 24
256 622
256 722
2203 720
2204 914
1727 915
1727 555
1727 528
1727 916
1727 128
778 88
750 156
750 917
750 59
538 884
538 918
538 919
538 605
538 68
538 920
538 104
538 921
538 922
538 923
538 924
538 772
538 925
2205 926
1804 927
1733 928
1733 929
1733 930
1451 931
1451 887
115 10
115 932
115 933
115 190
880 934
1102 935
1102 478
1159 936
1159 937
2206 8
1518 938
1518 588
1144 939
1144 940
1144 941
317 942
317 943
371 944
371 945
371 29
371 104
371 441
1010 222
1490 261
1490 15
646 604
1299 91
2207 106
1023 647
1023 879
1023 10
1284 946
1284 15
1284 947
2208 948
944 371
1529 148
1529 41
1187 248
1187 373
1187 949
1944 24
2209 950
721 622
721 138
721 951
2210 952
2211 916
389 953
2212 760
2213 15
2214 27
163 954
163 955
211 550
211 59
211 88
211 956
211 872
211 28
211 387
211 104
211 957
211 958
211 10
211 959
211 960
211 723
2215 66
1993 59
933 115
758 116
837 14
837 24
837 961
837 962
837 387
837 152
837 11
199 73
856 24
856 963
856 21
715 964
715 10
715 965
715 966
1893 19
318 59
2216 15
415 873
415 304
1105 838
894 967
894 24
894 968
7 102
7 969
7 970
7 971
7 88
7 84
7 972
7 973
7 20
7 130
7 381
7 974
7 10
7 975
7 976
7 977
7 978
64 39
1825 260
1146 238
136 979
2217 812
1866 676
1676 343
1676 980
328 39
2218 880
2219 446
2220 565
1289 131
2221 19
973 981
973 7
2222 554
1478 982
1981 536
2223 10
2223 983
222 849
222 984
222 985
222 580
222 986
222 987
222 988
222 989
222 990
222 991
222 992
222 993
222 994
222 343
222 995
222 996
222 997
222 998
222 999
222 1000
222 72
222 1001
222 1002
222 1003
222 1004
222 27
222 1005
222 1006
222 1007
222 1008
222 370
222 1009
222 964
222 1010
222 1011
222 1012
222 1013
222 1014
222 901
222 398
222 1015
222 1016
222 1017
222 431
444 1018
2224 114
71 557
71 406
71 7
71 1019
71 387
71 152
71 1020
71 10
71 1021
2225 195
2226 599
1729 593
2227 600
2228 1022
1171 269
1911 1023
1911 10
2229 24
1925 573
1646 647
145 1024
145 1025
145 1026
2230 1027
2231 125
1493 15
1493 413
2232 942
1364 94
1364 59
1364 563
1364 21
292 752
680 747
680 1028
2233 181
281 514
1262 1029
1262 4
1262 1030
2234 115
2235 1031
2236 28
2237 20
2238 1032
487 1033
2239 654
968 894
414 873
1917 24
1917 10
1268 1034
1680 1035
1680 104
2240 862
2240 1036
2241 424
203 24
203 762
203 1037
960 1038
960 10
960 15
960 59
1285 947
2242 885
1756 314
2243 76
2244 765
364 1039
364 593
364 1040
364 1041
364 1042
364 1043
364 1044
364 595
364 1045
364 41
364 84
364 616
364 10
2245 84
360 1046
360 1047
360 1048
360 1049
360 509
360 1050
360 1051
360 1052
2246 1053
2246 15
2246 1054
904 10
904 1055
904 326
904 1056
904 413
1845 403
2247 980
2248 1057
2249 1058
1823 260
770 15
770 120
770 1059
2250 555
435 1060
969 7
2251 357
2251 1061
1261 1062
1261 486
1261 1063
42 1064
42 239
159 1065
159 1066
159 10
159 1067
159 50
159 1068
665 137
665 1069
852 1070
2252 432
2252 794
2253 1071
2253 1060
2253 1072
2253 1073
2253 1074
554 565
1147 24
1147 10
2254 1075
1258 1076
1258 486
1844 403
950 24
950 1077
2255 15
2255 1078
2256 1079
2257 1080
2258 1081
1337 140
1337 59
1337 1082
1337 27
1337 1083
1337 622
2259 1084
105 466
152 24
152 1081
152 104
152 610
152 1085
152 261
152 755
152 114
152 125
152 253
152 387
152 1086
152 441
152 1087
152 10
152 1028
152 1088
152 88
152 71
152 191
152 124
152 1089
152 413
152 1090
704 618
704 225
704 1091
849 585
505 24
505 909
505 1092
505 1093
505 1094
505 399
2260 1095
2260 1096
94 10
2261 1066
1673 1097
1673 1098
2262 1099
2263 130
974 21
974 7
1382 1100
1569 155
1569 786
478 1101
478 1102
478 877
478 466
2264 1103
2264 247
2264 87
113 916
113 88
113 112
113 1104
113 10
113 260
838 155
838 196
838 1105
891 1106
891 49
1399 1107
86 1108
533 176
1742 1109
2265 403
898 24
898 10
898 1110
1713 883
786 1111
786 1112
786 1113
1488 1114
1488 562
23 1115
1218 67
618 91
618 1116
618 248
618 35
618 239
618 1117
618 704
618 10
2266 84
1782 10
1782 356
917 1118
917 750
917 29
1895 24
1386 1119
2267 1120
395 431
706 130
1491 15
1491 900
146 503
2268 588
1154 701
1154 506
1154 253
341 982
341 965
341 365
102 466
2269 314
607 728
607 1121
1523 721
1523 622
915 604
915 1122
915 10
915 413
915 664
2270 1024
2270 313
315 571
315 1123
315 21
315 1124
315 873
315 124
315 84
315 486
315 500
315 1125
1259 486
751 561
751 1126
751 371
751 622
2271 724
2272 647
2273 1074
1641 1127
1641 607
1641 1128
1641 519
1641 1129
2274 1130
2274 552
2274 404
1042 364
2275 638
1766 1131
2276 138
1421 1132
1421 1133
1983 120
2277 263
70 1134
1702 104
491 179
1319 482
1086 387
1086 835
1086 1135
1086 762
1086 80
1086 152
1086 604
878 619
878 1136
878 229
878 1137
1348 911
1267 1138
1267 1139
1176 11
1176 1140
1182 1041
527 352
527 744
527 925
595 1141
595 239
595 1142
595 364
1666 942
2278 1070
1254 257
940 24
940 320
940 506
940 1143
940 145
940 1144
940 813
814 106
586 655
1747 124
2279 412
161 507
380 277
380 53
238 24
238 181
238 43
238 577
238 441
238 84
238 1145
238 203
238 1146
238 1147
1708 477
1108 1148
1802 263
1802 28
1838 571
1838 157
806 634
806 246
110 1149
738 1113
412 24
412 238
412 157
412 1150
1640 1151
2280 1152
885 529
506 1153
506 179
506 940
506 1154
2281 35
2282 145
641 40
641 1155
641 120
901 1156
901 222
1376 21
2283 194
338 27
1774 88
1774 47
1972 1157
1582 14
265 792
265 264
265 441
265 788
265 10
265 437
2284 180
847 1158
694 768
694 10
694 453
2285 585
936 1159
1383 1160
1867 676
1799 263
1408 88
624 1161
624 1162
624 50
624 7
624 1163
624 221
624 130
895 1164
895 1165
895 1166
895 1167
266 1168
266 1169
461 1113
461 1170
1817 580
1622 51
2286 909
892 877
2287 1171
2287 595
362 247
362 593
362 99
362 104
362 1172
362 10
1220 157
1401 567
971 7
34 1173
34 757
34 128
1657 1174
1657 315
1828 1175
2288 24
2288 294
11 1176
11 1177
11 1178
11 837
11 818
11 1179
11 741
11 10
11 294
11 550
437 588
437 1180
437 289
278 718
594 68
183 14
183 1181
2289 1182
52 10
52 229
52 783
550 1183
550 964
550 1184
550 620
550 10
550 399
550 727
550 404
600 257
600 1185
600 68
1321 103
1204 67
1886 1186
2290 254
1636 605
949 1187
2291 327
2292 24
205 1188
205 141
205 1189
205 1190
205 1191
205 862
1481 290
1481 1192
1481 550
1481 835
67 1193
67 1194
67 1195
67 1196
67 1197
67 1198
67 1199
67 1200
67 1201
67 888
67 429
67 1202
67 1203
67 1204
67 1205
67 1206
67 343
67 154
67 1207
67 1208
67 127
67 1209
67 1210
67 1211
67 1212
67 1213
67 1214
67 525
67 1215
67 1216
67 276
67 659
67 1217
67 356
67 1218
67 1219
67 1220
67 59
67 1221
67 1222
67 35
67 1223
67 1224
67 1225
67 1226
67 799
67 1227
67 1228
67 1229
67 1230
454 1231
454 1232
454 50
454 416
2293 1233
649 24
649 296
632 10
340 196
992 837
992 1234
992 1235
992 1236
96 1237
96 1125
1380 1238
1614 1239
1614 10
1614 577
1614 413
116 758
1466 671
1466 24
1466 114
291 357
1949 1240
1949 24
93 1241
93 744
93 195
93 1242
962 837
1273 621
1479 10
1479 437
2294 1243
221 624
221 1244
221 1245
221 477
1136 10
66 1246
66 688
1896 10
1511 684
1511 616
1511 1247
496 21
496 88
496 762
496 1109
496 10
496 479
369 261
369 1248
369 1249
369 278
132 530
132 474
821 616
1812 580
548 24
548 1110
548 539
548 733
548 195
548 176
1596 753
1596 486
305 1250
305 1251
305 1252
305 1253
305 930
257 1254
257 724
257 327
257 259
2295 99
508 167
508 338
508 162
127 879
127 15
127 813
127 35
127 311
331 822
331 757
1814 580
196 261
196 88
196 782
196 339
754 121
2296 614
2296 957
2297 552
985 1255
985 1256
985 222
342 35
1234 992
788 88
788 265
486 1136
486 248
486 1257
486 580
486 744
486 1258
486 1259
486 676
486 862
486 1260
486 1261
1029 1262
1445 1263
1445 1264
1445 1265
2298 1266
1355 930
1530 1267
1530 234
1530 1268
1530 1269
1530 356
1530 106
1530 203
1530 457
1530 1270
853 585
1534 329
1534 1271
621 1272
621 68
621 1273
621 1274
621 1275
621 1276
621 10
399 69
399 550
399 531
399 759
399 436
707 495
2299 48
2300 1107
247 24
247 488
247 362
247 385
247 18
247 1277
247 124
247 1125
2301 568
2301 417
610 68
815 10
815 169
815 1278
1450 534
386 1279
493 179
661 377
661 381
2302 452
169 815
2303 260
1283 1280
1662 50
2304 84
2304 1281
1440 1282
1280 1283
947 1284
947 946
947 248
947 131
947 28
947 19
947 195
947 387
947 84
947 1285
947 88
2305 1286
2306 616
1073 31
1726 1287
1249 1288
1471 607
1471 251
1471 275
1471 68
1841 403
1920 10
2307 1289
2308 250
2308 690
2309 849
1752 35
1752 1290
678 1291
1876 1292
2310 413
808 1293
808 728
808 1294
1200 67
2311 752
862 1295
862 1296
862 664
2312 825
91 618
91 1297
91 1298
91 1299
91 412
91 1300
91 477
91 10
91 90
2313 51
1252 352
172 10
172 872
1820 346
1820 319
2314 1301
1079 583
1521 1302
1521 751
658 1303
333 10
1439 1155
2315 1180
959 24
959 211
959 1304
959 786
1808 1305
2316 67
688 35
688 1155
688 66
688 1306
1270 263
1270 15
2317 1307
1357 1308
672 1309
2318 380
2318 84
753 1310
753 605
753 544
753 254
753 1311
753 1312
1489 1313
1306 688
223 1314
223 423
223 35
223 638
1400 104
111 1149
482 1315
482 15
482 1316
482 1317
482 1318
482 1319
482 50
686 441
1000 1320
1000 222
1000 194
459 690
1076 486
192 1321
192 15
192 10
192 1322
423 191
423 1323
423 473
423 169
423 223
1411 10
1411 571
326 772
326 59
326 39
326 904
509 1324
792 739
792 265
792 88
792 1325
6 205
6 1326
6 1327
6 1328
8 616
8 555
302 1329
302 1330
639 24
639 10
639 238
639 1331
639 639
135 1294
140 729
140 1081
140 1332
140 104
140 1276
140 181
140 261
140 1333
140 1310
140 21
140 838
140 1334
140 387
140 260
140 263
140 141
140 131
140 120
140 1335
140 571
140 1336
140 1337
140 237
140 152
140 1338
140 1339
259 724
307 536
1674 118
1199 3
710 1340
710 711
710 1341
710 243
710 316
710 1342
710 219
2319 376
85 1343
85 1344
2320 263
1913 10
2321 486
2321 310
2322 552
394 761
1601 619
1546 1345
1606 511
1 1346
153 1347
1011 1005
1011 622
2323 59
616 40
616 495
616 700
616 120
616 68
616 812
616 1348
1795 397
617 1349
617 1350
617 622
2324 397
2325 1019
2325 195
1905 10
1905 700
1058 654
2326 27
1412 1351
1412 373
1748 1352
2327 1353
984 222
322 1354
322 10
322 21
322 39
322 1355
2328 15
2329 866
2330 1356
1308 1357
1308 593
663 1358
663 1359
2331 23
2332 1360
2332 365
2333 184
1562 14
1562 976
1562 584
1562 7
2334 138
1710 616
1710 545
21 24
21 408
21 496
21 1361
21 248
21 1362
21 104
21 1363
21 322
21 974
21 52
21 1364
21 28
21 1365
21 1366
21 1367
21 315
21 1368
21 127
21 1369
21 407
21 1370
21 1371
21 1372
21 417
21 10
21 1373
21 571
21 1374
21 59
21 593
21 1375
21 332
21 1376
21 1377
21 194
21 667
33 269
33 506
33 1378
33 365
33 1379
2335 170
2335 7
1238 1380
1238 513
300 1381
2336 1382
1160 1383
2337 1384
1881 10
427 1373
427 536
427 15
427 930
427 88
427 63
427 580
427 1385
427 604
427 1386
427 1387
427 1388
427 664
1377 21
909 24
909 15
909 505
909 1389
909 18
909 1390
909 10
306 1391
1952 24
719 689
151 745
151 209
659 1195
659 381
149 1392
1269 900
1269 1393
2338 1394
16 1395
16 24
16 1396
16 645
2339 152
1048 456
455 1231
1457 158
650 1397
650 10
650 1339
650 140
2340 371
98 59
2341 7
1122 915
1579 306
2342 263
1870 35
1085 152
1500 1398
2343 1399
1441 1282
1902 10
2344 853
910 1400
567 24
567 1401
567 157
567 582
2345 1402
625 978
2346 209
2347 141
1633 141
407 132
407 10
407 1403
407 1404
407 925
273 1405
972 7
2348 1149
1931 1406
1745 1407
1745 1408
1745 124
1745 837
1745 1409
571 893
571 24
571 357
571 1410
571 21
571 1111
571 315
571 412
571 1411
571 322
571 1412
571 1413
571 829
571 106
571 1414
571 10
571 331
571 1415
2349 925
810 542
810 242
2350 1416
191 14
191 1417
191 152
191 68
191 423
191 424
714 1418
576 1419
851 585
689 150
460 802
460 32
460 473
460 930
764 441
764 528
636 449
636 167
1848 327
1848 1026
2351 1117
2351 528
2352 1420
1970 691
1736 1125
2353 7
2354 144
1133 1421
2355 1422
405 1423
405 930
405 1424
405 649
405 861
405 912
12 1425
1542 1426
1542 1427
1542 1428
1542 1429
2356 180
1554 10
1554 1430
2357 1431
277 53
277 383
1072 31
1682 1432
2358 150
2359 722
1088 152
2360 676
2361 152
2362 10
476 24
476 1263
476 497
476 727
476 1433
476 126
476 1434
476 10
476 1435
476 90
476 1436
476 783
1698 357
1698 720
1698 99
1698 250
1698 84
1698 1343
1698 1437
2363 1438
703 0
1155 41
1155 1439
1155 68
916 9
1282 1440
1282 28
1282 1441
75 1442
75 1443
75 7
1424 731
787 88
2364 1137
1061 1041
186 1444
1264 1445
426 1446
2365 1356
1652 142
1681 1447
232 1448
1033 487
534 1449
534 1450
931 1451
563 1452
563 1364
563 638
563 297
1265 544
1265 1445
2366 1453
2366 1454
2366 1455
158 632
158 1456
158 1457
158 88
158 1458
2367 773
398 1459
398 761
398 222
398 1460
1759 1461
1759 1462
1987 84
2368 1463
928 88
768 46
768 474
768 694
1244 635
1244 958
1139 1139
1139 1464
1951 24
1951 157
475 10
475 1465
671 1453
671 24
671 1466
671 723
671 260
540 884
1163 624
2369 1467
2369 1468
749 1469
2370 194
251 1470
251 24
251 1127
251 1471
251 1472
251 120
251 84
251 424
1047 360
1506 447
1506 900
1184 1150
513 1473
1980 120
56 33
56 1474
532 120
577 14
577 1475
577 511
577 887
577 59
577 638
577 1476
577 71
577 922
577 742
577 1477
577 539
577 1478
577 1334
577 238
577 1479
577 18
577 131
577 89
577 761
577 1480
2371 1481
1480 577
1480 1482
107 1483
1152 1484
918 538
2372 1485
2373 1486
2374 1347
276 1487
276 5
276 152
276 67
1918 46
1918 744
2375 643
2376 24
2376 25
2377 1380
2378 719
1721 432
2379 571
1114 870
1114 10
1114 1488
1313 1489
581 255
15 757
15 552
15 59
15 88
15 1490
15 770
15 1491
15 237
15 1492
15 598
15 1493
15 1494
15 1495
604 934
604 1109
604 543
604 68
2380 1459
494 203
494 762
780 1336
780 1496
606 837
606 1497
606 429
890 1498
1583 1499
2381 1352
2381 7
2382 43
101 842
1398 1500
998 222
2383 7
709 1501
1344 85
2384 768
1437 1502
2385 95
1927 573
1927 1503
1927 941
2386 530
19 781
19 88
19 645
570 644
0 1504
1694 794
1694 18
1694 1505
1201 67
2387 364
125 13
125 24
125 565
125 362
125 43
125 39
125 393
125 874
125 441
125 608
125 14
125 10
125 479
2388 265
2389 1506
99 362
99 88
99 240
99 198
99 647
99 839
1672 24
387 1507
387 140
387 753
387 24
387 1508
387 1476
387 837
387 769
387 947
387 457
387 88
387 179
387 1509
387 152
387 1510
387 211
387 10
387 401
387 723
387 441
330 39
684 88
684 1511
2390 10
2390 783
2391 1512
2392 270
2393 1513
670 10
670 1514
670 1025
2394 24
1564 367
431 1515
431 669
431 26
2395 761
201 855
401 761
401 84
2396 84
1375 1516
1375 24
1375 21
1375 35
1375 10
1375 20
413 35
413 137
413 1493
413 152
413 904
413 10
413 441
938 181
938 248
938 1517
938 477
938 1518
938 963
622 988
622 445
622 1519
622 1520
622 1521
622 1522
622 1523
622 1524
622 1525
622 1011
622 68
622 1302
622 751
622 721
622 617
2397 878
148 1526
148 1527
148 873
148 1528
148 1529
1484 1152
1671 385
1107 1399
1393 1530
1393 1269
888 425
888 269
888 67
1892 374
1892 10
1892 15
2398 1531
2399 1492
1609 373
359 1532
352 1533
352 580
329 1534
2400 35
2401 1535
2402 383
2403 137
782 1536
782 196
782 88
782 18
1899 10
1899 942
1960 768
2404 319
711 1537
711 1341
711 90
711 490
1325 792
1325 1538
1325 248
1325 463
1325 1539
1538 1325
911 1540
537 10
1472 251
1006 999
2405 35
615 432
615 1541
2406 36
1427 1542
1427 1543
1855 45
1855 1544
1855 872
835 750
835 1481
835 529
835 1086
835 299
835 117
1566 263
1566 1545
2407 1058
2408 536
1807 1546
702 942
702 35
702 88
702 1547
702 1548
702 343
702 1549
702 1550
702 27
702 41
702 1551
702 1552
2409 1553
2410 427
1430 1554
1430 780
1912 10
1263 510
1263 988
734 1373
200 180
1302 1521
1302 622
2411 253
2411 298
1379 896
438 1181
438 19
1810 1555
1810 1556
165 357
165 1557
2412 152
2412 413
2413 1558
2414 209
1486 1559
811 1530
46 1560
411 10
411 1561
1150 195
1150 1184
1455 1453
1455 88
1455 21
860 8
522 128
2415 84
759 1562
759 815
717 365
112 1147
112 141
112 1563
2416 8
422 1564
2417 1565
2417 1566
2418 7
547 1567
2419 180
2420 475
1525 622
2421 1568
409 24
1685 7
2422 581
543 604
543 812
421 612
1433 476
1433 130
155 1569
155 838
155 1323
155 25
155 664
138 131
138 1570
138 1571
138 1572
138 1446
2423 1509
731 1573
731 1424
731 145
731 424
731 104
2424 365
343 10
343 1149
343 1574
1718 503
1997 59
1776 88
1776 1575
1776 1576
1550 676
417 31
417 21
417 1082
417 1481
417 104
417 1577
417 18
417 804
417 812
417 623
417 260
1610 1578
1610 1059
1778 1256
1778 554
1778 1579
344 1580
370 893
370 263
370 750
370 222
370 262
370 1332
370 1579
370 417
2425 634
1009 222
1751 15
2426 7
14 24
14 496
14 248
14 820
14 1581
14 235
14 1582
14 645
14 761
14 125
14 385
14 1583
14 260
14 774
14 837
14 10
14 14
14 121
14 25
14 59
14 577
14 1584
2427 90
1852 198
1381 1585
1381 66
858 1586
490 179
490 711
2428 206
2429 1587
2430 676
2430 497
29 917
280 1588
280 1589
280 10
1354 322
1043 364
2431 424
41 1155
41 844
41 239
41 364
2432 1590
2432 582
2432 1591
2432 1592
2432 27
2433 1593
2434 128
416 314
1057 1594
2435 1595
2436 239
2437 1596
2438 1182
1116 229
2439 144
1686 243
1686 169
2440 812
2441 500
2442 958
1007 1005
1007 1001
1717 503
1463 871
89 812
89 372
1303 1227
1303 658
865 865
1126 1441
1126 1597
1126 192
1126 580
1126 1207
1126 1598
1861 185
1861 1599
2443 1600
1242 500
2444 179
619 1601
619 1602
619 84
619 68
619 269
619 878
619 1509
2445 729
295 88
295 39
295 131
295 29
1573 1603
511 679
511 1475
511 1604
511 1605
511 1606
511 1607
511 1608
511 577
1561 411
1872 372
373 15
373 1609
373 1517
373 1187
373 1412
373 10
2446 728
1524 622
1059 1610
1059 770
1059 925
2447 334
1396 152
2448 571
1310 140
1203 1185
1203 67
897 1611
726 1612
313 1378
1070 1500
1070 852
1442 75
2449 148
1384 39
2450 459
921 538
921 1379
1772 275
2451 10
1898 10
1719 46
396 479
2452 88
2453 89
2454 41
1240 542
1240 1613
597 89
597 68
652 418
652 518
1239 870
1239 1614
1239 38
1239 1615
320 18
320 552
320 940
320 349
2455 1616
2456 1617
2457 263
2457 1196
1914 10
957 211
1625 294
1625 39
1625 848
1675 27
1675 1224
26 613
803 1618
2458 51
1701 1139
1701 104
1757 10
72 222
2459 1558
2459 970
1291 678
1291 1239
1740 10
1740 248
1740 260
2460 1619
2461 638
2462 177
2463 646
2463 1620
2463 128
51 824
51 1621
51 1622
1183 550
589 25
589 1434
141 1332
141 1623
141 1624
141 1625
141 1626
141 676
141 1627
141 1628
141 1629
141 1630
141 1631
141 848
141 1632
141 10
141 1633
141 205
141 1335
141 1158
1141 1577
1141 269
1141 783
2464 88
2465 1634
1295 862
1545 1635
1545 1636
160 794
77 129
40 1637
40 641
40 1019
40 120
40 271
40 1589
40 1117
40 1638
930 1355
930 247
930 497
930 1581
930 405
930 10
1151 1639
1151 1640
1438 885
1667 647
1667 988
1087 152
2466 941
2467 27
1129 1641
2468 1333
106 24
106 812
106 859
106 1642
106 1643
106 942
106 152
106 344
106 814
106 169
106 28
106 1430
1293 808
2469 1644
2470 1645
601 68
2471 1646
224 1647
224 643
224 1648
2472 159
1816 580
590 1649
590 690
164 311
2473 960
2473 1650
2473 1651
2473 260
2474 417
142 1652
142 365
142 1653
2475 1654
2475 29
366 593
698 35
137 743
137 413
2476 23
2477 360
2478 131
1222 1655
674 233
674 1656
1174 1657
1819 1658
903 772
1558 1659
50 24
50 653
50 624
50 454
50 248
50 108
50 253
50 45
50 104
50 1660
50 1661
50 1662
50 1663
50 1664
50 10
50 260
50 1353
50 482
50 1261
2479 1550
2479 958
2480 63
2480 1665
827 648
827 552
827 24
2481 275
942 702
942 1666
942 317
942 580
737 825
737 229
988 195
988 1667
988 222
988 1263
988 622
822 1668
822 14
822 1178
822 1669
822 1670
2482 338
2483 10
1885 10
712 1075
385 14
385 24
385 1671
385 248
385 1672
385 417
385 247
385 1147
1098 1673
955 163
1140 1176
1429 1542
2484 909
2484 210
2484 19
2485 974
1388 427
2486 1134
118 1537
118 1369
118 343
118 1674
118 1361
1649 590
2487 144
27 1149
27 65
27 88
27 39
27 1675
27 343
27 338
27 10
290 10
290 552
290 1345
980 813
980 1676
213 1677
2488 638
1946 24
902 772
1223 67
1723 1186
2489 10
1237 50
489 10
489 90
489 1678
1696 624
1696 1481
1696 11
2490 115
2491 1679
283 88
283 68
2492 209
2493 294
2493 1680
1447 1681
1432 1682
512 513
512 104
512 1683
443 622
1334 140
119 1361
2494 84
2495 84
2496 180
87 88
87 283
87 544
87 687
996 222
383 53
65 27
497 24
497 573
497 476
497 762
497 577
497 441
497 152
497 69
497 692
497 765
746 802
746 1684
746 19
746 24
1744 880
1744 315
1744 124
519 418
355 1685
168 1686
168 365
309 1687
2497 942
882 1543
1982 621
964 550
964 1387
964 715
202 705
25 14
25 24
25 928
25 1688
25 1689
25 121
25 1690
25 1691
25 1019
25 387
25 124
25 690
25 155
25 767
25 10
25 839
25 97
25 1414
2498 1692
2498 947
9 916
794 1693
794 1694
794 160
49 239
587 1695
1910 10
1161 1161
1161 624
1161 150
1161 1696
2499 372
539 884
539 30
539 1220
539 1697
539 1698
539 10
2500 1699
1643 59
104 140
104 768
104 10
104 1700
104 1701
104 368
104 675
104 361
104 731
104 1400
104 20
104 263
104 1680
104 417
104 371
104 512
104 160
104 1125
104 88
104 21
104 211
104 1702
104 152
104 68
104 50
104 796
870 1703
870 1114
870 728
870 1239
870 530
870 446
870 1704
870 219
524 553
524 320
524 441
524 203
2501 1419
1991 510
1991 1686
1991 979
1693 24
1693 794
1619 554
1803 263
682 1274
2502 497
2502 115
732 1417
2503 792
669 681
669 24
669 10
669 1125
669 1705
528 609
695 10
695 35
2504 692
2505 1706
1101 113
1101 478
1101 1707
477 1708
477 90
477 221
477 1625
477 722
545 1709
545 1710
545 1711
545 947
545 387
545 157
545 1712
545 812
545 10
927 1648
126 393
2506 603
1630 141
2507 269
2507 597
2508 88
883 447
883 1713
883 10
883 1199
2509 1714
3 1715
2510 35
503 752
503 553
503 1716
503 1287
503 1717
503 1718
1974 849
793 88
793 1719
2511 1478
1091 704
1091 120
432 615
432 1720
432 1721
432 1178
1875 10
1875 825
248 488
248 21
248 59
248 1722
248 1187
248 825
248 231
267 1168
2512 131
348 664
348 613
2513 137
279 1723
279 1589
450 859
450 320
647 237
1663 1724
1663 1725
1663 870
1663 1726
1663 450
693 35
1111 1727
2514 1316
2514 1728
2515 334
756 1729
1574 1730
1574 1731
2516 1732
929 1733
2517 750
447 24
447 1734
447 887
447 635
447 1506
447 883
447 241
447 1735
447 411
447 152
447 958
447 165
1125 1373
1125 1179
1125 238
1125 1736
1125 555
1125 104
1125 315
1125 441
1125 52
1125 109
1125 96
1125 669
378 261
378 88
378 1237
378 250
1134 831
229 69
229 495
229 1361
229 768
229 35
229 1737
229 519
229 477
229 15
229 417
229 172
229 1738
229 878
229 1435
229 28
229 1739
229 1495
1041 364
1041 248
1041 1740
1041 1061
1041 741
1041 10
1041 260
1041 562
1041 1599
1041 1741
1135 1086
2518 753
2519 861
2519 259
2520 1513
1404 407
2521 380
124 24
124 1408
124 1742
124 240
124 25
124 43
124 247
124 1743
124 1744
124 1645
124 1745
124 874
124 1746
124 152
124 1747
124 1748
124 1749
124 1409
124 88
124 1750
124 339
2522 97
1145 238
2523 617
1940 24
752 503
752 416
752 1544
752 192
924 538
924 923
2524 387
1186 321
1909 7
2525 1751
1345 372
2526 1752
495 1555
495 1753
495 467
495 1272
495 942
495 607
495 1754
495 580
495 1755
495 762
495 276
495 616
495 707
932 115
2527 88
2527 7
2528 131
1002 222
312 1137
2529 371
2529 260
324 616
324 39
982 1478
982 106
1541 615
314 1608
314 1756
2530 643
2531 1757
462 1758
2532 1417
2533 481
1462 1759
1462 1462
1854 752
13 125
13 645
2534 1760
518 1761
614 15
1522 1519
1522 412
2535 815
1947 24
2536 1589
1227 1210
848 1531
848 141
848 1158
981 973
981 1162
981 253
1052 360
1052 1762
990 75
990 222
2537 39
2538 805
1621 51
1131 1763
1131 1764
1131 1765
1131 305
1131 1766
1784 892
1784 84
2539 373
2540 1023
195 131
195 733
195 1287
195 1150
195 558
2541 427
2542 405
2543 525
2544 1566
173 1767
1577 417
44 553
700 113
1678 825
1350 617
1904 24
1904 10
797 1768
1374 21
485 1769
2545 46
336 1770
336 39
325 516
2546 593
32 870
32 90
32 59
1829 676
1829 260
275 964
275 1065
275 1471
275 1771
275 1772
275 1773
2547 1636
2547 605
1423 405
1228 67
204 1402
742 577
742 1774
2548 1058
1821 643
1821 1775
1167 895
367 14
367 298
367 1564
367 1627
367 610
367 603
367 612
402 781
402 761
1030 783
1575 1776
2549 1777
2550 263
2551 1024
2552 248
1780 88
1780 593
1780 514
1780 1778
2553 352
2554 346
1121 607
456 360
456 1048
456 7
131 263
131 138
131 140
131 530
131 947
131 1779
131 1338
131 169
2555 1780
269 33
269 1781
269 888
356 1782
2556 1783
2557 1636
1955 24
2558 10
2559 757
1647 224
2560 97
240 24
240 152
240 253
240 1784
240 99
240 613
240 157
240 404
1695 587
2561 1326
2561 1785
727 550
2562 181
1934 10
262 263
262 254
262 87
1617 1263
1271 39
769 247
769 169
769 387
769 1786
2563 786
1188 205
2564 768
1083 206
603 427
603 1778
755 756
755 1787
755 152
755 441
2565 10
468 872
474 132
1492 15
1492 1788
2566 622
2567 45
287 514
109 552
109 1182
109 1789
1878 10
952 1790
952 136
2568 1791
2569 1228
92 261
92 405
92 1792
2570 1536
828 648
828 10
1858 433
150 1161
150 1793
150 0
150 901
1707 1101
439 289
2571 24
2572 1794
1051 360
1198 67
1198 276
2573 786
397 964
397 1795
397 638
869 1796
2574 1186
2574 1797
1773 50
1773 275
1773 1137
1935 739
989 222
677 46
2575 941
845 206
1735 447
1735 1183
1888 10
2576 1798
156 750
783 457
263 24
263 880
263 1799
263 1800
263 104
263 1801
263 157
263 261
263 269
263 10
263 262
263 1270
263 1802
263 1803
60 767
60 272
2577 1804
555 8
555 152
555 1125
1996 59
1996 654
1996 397
1996 1665
1996 1805
1996 115
182 2
2578 23
2579 10
867 1796
304 1031
1394 1196
1394 1806
227 123
2580 320
57 417
2581 1807
2581 364
2582 1808
2583 274
874 1688
874 1028
874 21
874 236
874 124
874 1809
874 590
874 1480
1813 580
1999 1253
1556 1810
1556 98
440 440
440 760
2584 568
1162 624
1162 205
2585 41
801 1811
580 1126
580 495
580 1812
580 1207
580 1813
580 1814
580 1598
580 1815
580 1816
580 486
580 1817
1403 407
1294 27
1294 808
1724 15
549 1818
1658 1819
1658 29
346 1820
346 1769
346 1821
154 744
1536 782
1407 108
97 25
1409 124
1409 1745
611 68
260 24
260 1822
260 1823
260 39
260 671
260 235
260 28
260 1824
260 1740
260 1825
260 140
260 695
260 417
260 929
260 10
260 1826
260 14
260 790
260 57
260 1041
260 1827
260 1828
260 113
260 1829
260 50
1830 1830
2586 1831
457 156
457 387
457 947
457 783
2587 88
2588 1544
157 1373
157 263
157 1832
157 1833
157 784
157 121
157 24
157 88
157 1679
157 1834
157 731
157 237
157 254
157 1180
157 240
157 370
157 1835
157 1836
157 1837
157 1838
2589 970
403 1839
403 761
403 1840
403 1841
403 674
403 463
403 456
403 18
403 1842
403 1843
403 1169
403 1844
403 1845
403 10
403 1846
1499 1847
2590 97
1623 1630
30 539
30 38
30 1848
30 90
1689 25
1689 765
133 1849
133 530
2591 873
1236 1850
1945 24
2592 441
5 552
1508 387
1508 500
713 1851
1915 10
1232 454
777 1852
777 88
785 88
76 560
1179 550
1179 818
559 638
178 35
178 1853
207 108
2593 253
270 10
270 1854
270 120
2594 244
2595 927
45 781
45 197
45 229
45 6
45 1024
45 104
45 634
45 922
45 239
45 68
45 50
45 1855
4 1262
4 7
2596 1856
464 1857
464 20
442 2
442 74
433 1858
433 1859
1868 10
562 562
562 1860
2597 206
1599 385
1599 1861
1599 1862
1637 40
1300 91
701 1659
701 1154
2598 516
2599 10
193 1417
1015 222
1954 24
1954 504
1954 768
2600 1863
1194 329
1194 67
2601 638
1456 158
879 1512
879 222
879 1864
879 1328
879 1023
879 127
2602 598
1363 152
501 1831
501 1784
501 536
501 907
588 114
588 578
588 437
588 622
95 1865
220 219
1688 874
1688 723
1877 10
676 15
676 141
676 1866
676 28
676 1867
676 1829
676 10
1790 1868
1790 346
857 1086
857 20
857 1869
2603 1724
637 1870
637 1871
1349 617
1193 1872
1193 275
1024 1378
1024 145
2604 585
591 24
2605 689
2605 1873
2606 604
345 1580
1075 24
1075 885
1531 10
1531 848
1531 1874
10 1875
10 1876
10 248
10 769
10 958
10 588
10 294
10 1261
10 494
10 265
10 1877
10 91
10 694
10 159
10 567
10 343
10 480
10 941
10 637
10 1878
10 863
10 115
10 407
10 940
10 1834
10 1879
10 828
10 260
10 515
10 1622
10 1531
10 1880
10 500
10 14
10 571
10 229
10 59
10 646
10 648
10 1881
10 1041
10 1882
10 152
10 1023
10 11
10 50
10 1883
10 796
10 24
10 377
10 505
10 203
10 94
10 1085
10 45
10 1529
10 18
10 741
10 52
10 1884
10 550
10 90
10 1885
10 413
10 1513
10 125
10 1886
10 387
10 1887
10 1888
10 1889
10 211
10 263
10 1890
10 1554
10 898
10 1891
10 192
10 670
10 632
10 27
10 290
10 89
10 1892
10 499
10 1411
10 1893
10 357
10 1782
10 35
10 1375
10 1894
10 1723
10 476
10 311
10 1698
10 1895
10 1089
10 639
10 676
10 1896
10 496
10 1332
10 253
10 373
10 7
10 856
10 1761
10 715
10 74
10 39
10 915
10 1897
10 1898
10 498
10 1899
10 557
10 618
10 1900
10 1901
10 236
10 1902
10 1128
10 789
10 486
10 812
10 563
10 1903
10 424
10 1904
10 1623
10 25
10 322
10 1905
10 71
10 1906
10 1907
10 1714
10 1908
10 32
10 934
10 621
10 1147
10 1909
10 1910
10 1911
10 1912
10 1149
10 1543
10 1913
10 247
10 104
10 475
10 261
10 1914
10 1915
10 367
10 1494
10 1916
10 1757
10 21
10 1740
10 1237
10 270
10 669
10 20
10 909
10 489
10 141
10 1917
10 1679
10 947
10 873
10 441
10 271
10 960
10 255
10 1918
10 1028
10 364
10 88
10 1919
10 1920
10 650
10 616
10 1921
1055 1922
2607 524
1765 1131
723 24
723 211
723 263
479 573
479 181
479 125
479 1178
479 24
217 10
217 399
1827 84
1827 810
1827 260
1762 360
1762 1052
2608 1923
2608 916
2609 1647
404 550
765 757
765 1689
765 497
765 43
765 35
765 1924
765 581
765 190
1859 433
573 497
573 1925
573 1926
573 845
573 7
573 1927
573 1928
573 479
1049 360
2610 1929
544 87
544 10
544 753
544 1265
1207 1126
1207 39
1207 1930
130 624
130 7
28 1852
28 364
28 1282
28 0
28 1639
28 68
28 691
28 10
28 90
28 211
2611 263
683 184
683 513
683 934
1406 1931
368 593
368 1932
523 128
2612 870
2613 356
1659 1933
757 928
757 15
757 195
757 1934
757 271
757 331
784 1679
784 412
784 157
147 137
147 424
108 88
108 207
108 131
108 176
108 1407
108 50
635 447
635 958
1301 7
2614 615
2615 1935
863 10
863 1936
863 1937
2616 240
2617 870
1697 539
1119 1386
2618 84
194 1938
194 187
194 35
194 253
194 1664
194 1638
122 1939
2619 654
1930 1207
1930 513
24 1395
24 950
24 773
24 958
24 256
24 42
24 731
24 567
24 1940
24 1941
24 1942
24 1053
24 407
24 940
24 1531
24 591
24 1943
24 1075
24 447
24 10
24 959
24 723
24 479
24 571
24 59
24 20
24 239
24 152
24 1584
24 50
24 505
24 43
24 18
24 1944
24 671
24 125
24 385
24 1180
24 1672
24 1691
24 387
24 608
24 124
24 263
24 898
24 837
24 555
24 762
24 1330
24 1945
24 1466
24 1782
24 1946
24 1375
24 476
24 238
24 1895
24 639
24 1248
24 1896
24 894
24 253
24 548
24 1947
24 1948
24 779
24 1949
24 744
24 39
24 195
24 315
24 69
24 260
24 497
24 746
24 236
24 157
24 87
24 854
24 1626
24 1904
24 25
24 1950
24 722
24 148
24 1149
24 247
24 1768
24 1951
24 822
24 552
24 1952
24 251
24 21
24 1953
24 669
24 528
24 909
24 1917
24 1679
24 412
24 873
24 441
24 203
24 356
24 912
24 16
24 558
24 88
24 577
24 1954
24 1955
654 1654
654 970
1977 120
2620 873
271 40
271 757
271 762
271 590
271 10
271 1396
1826 198
1826 320
1826 1956
1826 260
1352 768
1352 1748
2621 7
2622 1957
1425 12
2623 1715
630 1958
630 488
1880 32
1880 10
209 1113
209 29
209 690
253 1959
253 10
253 248
253 1154
253 231
2624 491
1397 650
2625 917
388 1279
2626 1178
1603 731
1900 10
2627 767
1586 1960
2628 237
2629 187
961 837
967 894
143 1961
807 130
820 1179
820 1178
2630 1962
1275 1679
1275 145
1275 537
1275 113
1275 621
1275 260
935 1102
1142 1155
2631 398
1452 563
2632 150
467 495
467 120
467 536
1849 1516
1849 133
2633 150
613 573
613 844
613 1963
613 348
2634 222
2635 1964
966 715
1509 619
1639 89
1922 152
2636 1965
1950 1690
2637 339
298 367
2638 258
2638 650
881 934
881 157
2639 368
1487 276
841 1966
841 1967
2640 1968
2640 1313
2640 7
47 239
47 1317
47 742
47 1969
47 1495
690 209
690 413
690 516
690 25
690 894
691 35
691 1970
1109 1742
1570 138
914 10
504 553
504 1954
1571 138
1157 1971
1157 1972
1157 1973
1153 506
906 772
906 1974
1615 1239
1615 1975
1615 1614
2641 50
268 1674
2642 1495
2643 676
436 10
436 1178
436 881
120 140
120 15
120 768
120 1976
120 770
120 1977
120 690
120 641
120 230
120 1978
120 253
120 1979
120 1255
120 532
120 219
120 263
120 1980
120 1781
120 1794
120 736
120 1831
120 120
120 1275
120 271
120 1981
120 1982
120 40
120 1983
120 1984
120 1985
120 88
120 1986
120 1246
120 113
120 68
120 1987
120 704
120 616
905 772
2644 203
1120 1988
2645 1989
59 24
59 15
59 248
59 1643
59 1474
59 1990
59 90
59 1991
59 750
59 326
59 21
59 862
59 1056
59 343
59 210
59 1992
59 211
59 1147
59 1993
59 909
59 1994
59 67
59 1995
59 1996
59 1387
59 525
59 855
59 378
59 1997
59 1998
59 1648
59 88
59 71
59 113
59 577
59 1999
59 1639
59 2000
2646 374
2646 2001
813 542
813 642
813 88
813 980
813 2002
813 813
1936 863
