557 0
1694 1
1694 2
714 3
341 4
341 5
827 6
827 7
952 8
952 9
952 10
952 11
952 12
952 13
952 14
952 15
22 16
702 17
1043 18
1043 19
692 20
1023 21
867 22
1423 23
1423 24
1695 25
742 26
851 27
851 28
851 29
851 24
851 30
851 31
851 32
851 33
407 34
1645 35
1645 6
1253 36
1253 37
1253 38
1253 39
543 40
543 41
543 42
543 43
1589 44
1041 45
1648 6
1648 46
534 47
534 48
534 49
1696 50
309 51
1697 52
1597 53
261 54
1530 55
1530 56
226 57
226 58
226 59
226 60
226 61
226 62
226 63
226 64
226 65
226 53
197 66
1100 67
1100 68
1100 69
1100 70
191 71
191 72
191 73
191 74
191 75
1698 76
908 77
210 78
1699 79
913 80
630 6
1700 81
573 82
355 83
355 84
355 85
1581 86
1701 87
1702 88
441 89
441 90
441 91
441 92
1580 93
448 94
448 95
448 96
448 97
448 98
448 99
448 100
448 101
448 102
448 103
448 104
448 105
448 106
448 107
448 108
448 109
1703 110
1462 111
1462 83
1462 112
1704 113
644 114
644 115
644 116
1631 117
792 118
980 29
316 119
316 29
146 120
345 121
1319 122
1705 123
618 124
529 37
529 125
1706 126
1687 60
743 127
743 128
743 129
1234 130
1234 131
1234 132
1234 133
648 134
1611 1
1243 135
1243 44
637 136
733 95
733 137
820 138
820 139
820 0
820 140
820 141
820 142
820 143
820 144
1707 145
120 146
120 147
120 148
120 149
120 4
120 150
120 151
120 152
120 153
120 154
120 155
120 156
120 157
120 158
120 159
120 160
120 161
120 162
120 0
120 163
120 164
120 165
120 166
120 167
120 168
120 169
120 170
120 171
120 172
120 173
120 174
120 175
120 176
120 177
120 178
120 179
120 180
1708 181
1247 182
1247 6
1247 183
1709 137
821 184
821 185
821 34
821 186
821 187
821 188
1266 189
1266 190
1266 191
1710 192
253 193
253 194
1711 195
811 196
811 197
811 198
1012 144
525 199
1397 200
1712 201
1713 34
550 202
550 203
774 204
1714 205
298 206
298 137
799 207
832 7
1229 208
168 120
1715 209
1715 210
1716 211
461 212
1602 19
375 213
1655 214
1655 215
707 216
1451 217
689 218
371 219
371 220
371 221
472 222
472 223
472 224
472 225
472 226
1245 6
1178 4
1178 203
1178 227
1178 228
1178 229
1178 230
763 231
763 232
503 233
1717 234
1718 235
1719 236
42 237
42 238
42 239
42 29
512 240
512 241
512 242
512 243
512 244
512 245
512 246
577 222
170 120
646 247
1720 248
741 249
401 176
401 250
194 251
194 252
194 253
1721 254
334 104
521 255
521 256
521 257
521 6
521 54
521 258
54 259
54 260
54 200
54 257
54 261
54 262
780 263
780 264
1722 265
1722 266
1722 267
1271 268
1681 269
1131 270
1723 271
145 272
284 273
284 274
284 50
1160 275
1724 35
1724 259
1725 233
1082 203
1726 96
329 31
1727 276
795 277
795 278
1728 267
398 279
398 280
398 281
398 195
237 203
237 282
50 4
50 283
50 284
50 285
50 286
50 6
1729 287
784 288
1587 289
1587 44
617 290
617 110
1342 196
415 18
1690 291
272 145
465 292
465 293
892 23
892 43
1730 24
1731 294
1732 295
406 169
406 296
406 297
1733 130
206 298
61 4
61 58
61 299
61 203
61 300
61 301
61 302
61 303
61 304
61 305
61 306
61 307
61 308
61 309
61 24
1734 310
1734 311
1152 85
230 312
1558 313
1517 314
417 315
1216 316
1216 317
1216 318
1161 319
1735 320
310 321
310 322
1095 323
1095 324
1095 325
1095 326
642 327
642 328
642 329
642 330
642 331
642 332
1514 333
52 334
1736 204
1252 335
1252 336
1737 337
1737 338
1737 339
1737 60
1738 340
1738 341
1738 342
506 343
18 344
18 292
18 345
18 346
18 16
18 347
18 123
18 341
18 47
18 348
18 349
18 350
18 351
18 352
18 4
18 119
18 353
18 354
18 355
18 128
18 356
18 357
18 358
18 359
18 360
18 29
18 51
18 361
18 362
18 363
18 364
18 365
1582 252
1739 366
1740 367
1741 368
370 369
370 370
370 371
1356 372
824 17
793 203
793 373
793 374
793 375
804 376
804 377
1742 137
1563 302
1563 378
1743 379
1416 380
1744 169
1284 381
1284 382
1169 383
718 384
1745 385
328 386
328 4
328 387
328 26
96 388
96 389
96 390
1746 391
939 392
238 393
238 394
238 212
238 395
238 42
1055 106
1747 396
1493 397
280 398
1523 144
1748 399
255 400
1749 252
1750 401
437 238
705 17
1751 402
353 403
353 18
353 404
1277 405
34 406
34 407
760 408
229 333
1391 409
531 410
531 411
531 412
1006 4
1006 413
279 398
279 414
1752 6
1753 415
1754 257
532 411
1686 217
315 416
315 417
1755 195
208 418
208 419
599 420
150 421
150 148
150 16
150 422
150 423
150 226
150 424
150 85
150 425
150 426
150 427
150 428
150 429
150 4
150 430
150 431
150 432
150 304
150 433
150 6
150 434
150 120
150 435
150 436
1565 437
1565 420
481 64
481 438
481 29
701 439
1756 6
1757 440
90 441
90 442
1002 443
1002 444
1758 445
1759 446
1760 447
102 448
1761 181
325 89
581 449
581 354
581 450
581 349
581 451
581 452
581 453
581 454
482 438
1762 455
607 456
607 457
607 18
1559 148
1559 458
604 459
1763 197
212 460
212 461
789 344
789 462
1764 463
292 257
292 464
292 465
292 261
1676 466
1765 467
1766 111
82 468
685 469
222 470
222 471
222 472
222 128
222 473
222 474
222 6
303 124
303 475
303 5
219 476
219 477
671 31
671 478
1476 349
1583 113
236 479
236 169
438 250
438 480
438 481
438 482
1767 483
1768 484
1538 485
1538 2
864 486
1769 487
1770 488
1440 489
434 150
1490 257
755 490
1771 491
943 29
698 492
698 493
1772 93
1405 343
681 494
720 359
1525 269
1525 495
1773 33
260 127
979 29
1049 33
496 496
1325 497
1325 498
847 47
1030 499
1092 500
1236 501
1295 502
836 7
1067 503
1219 504
1257 18
1613 505
1215 361
1215 506
364 507
364 508
364 24
364 18
364 509
364 510
364 511
1774 385
242 512
346 513
1199 514
1199 343
1608 515
1775 341
1775 29
971 516
558 517
479 418
1011 518
1776 519
1777 520
258 521
157 149
1495 522
199 6
199 523
199 524
199 525
1778 526
735 527
735 528
37 529
37 530
651 80
1779 120
411 531
411 532
287 533
48 534
48 535
1780 536
1781 51
1782 537
840 538
840 539
837 227
837 7
837 540
388 96
388 541
1351 542
1783 543
1273 405
1370 544
1370 302
1784 545
339 6
339 546
1785 137
1786 547
854 548
254 549
995 550
1787 551
1788 12
1129 552
1550 119
1550 553
402 52
1061 554
1630 555
898 139
1789 556
986 200
986 557
986 137
1790 558
1791 185
231 559
231 560
231 561
926 562
51 534
51 7
51 563
51 564
51 565
51 29
51 566
51 567
51 24
51 176
51 256
51 568
51 569
51 267
51 570
51 571
51 572
51 309
51 573
51 264
923 574
923 439
306 227
306 575
446 4
446 545
1263 6
1263 478
977 576
977 577
977 29
752 578
846 579
846 47
846 580
452 581
452 582
452 85
433 129
1454 583
59 584
447 585
1133 513
1133 586
865 341
1338 587
1338 588
243 512
1792 413
1793 589
352 347
352 134
1444 590
1444 591
1444 217
869 592
869 486
869 261
1474 349
1794 143
1265 593
886 594
1795 595
1796 137
739 596
739 597
739 354
1485 598
1485 295
1797 273
109 249
109 505
109 448
109 599
903 600
1798 601
575 306
1211 250
856 393
153 602
153 24
1618 603
459 604
1383 605
1500 606
456 607
456 43
456 378
317 608
317 434
1799 609
1125 201
1125 610
889 119
641 611
641 521
641 612
641 29
124 16
124 29
124 613
124 614
124 145
124 615
124 616
124 617
124 303
124 618
1800 619
385 620
385 6
385 621
385 112
1801 195
649 622
97 110
97 448
1375 425
1660 623
1196 624
1802 200
1512 625
203 316
203 626
203 627
203 620
203 16
203 89
203 207
203 628
203 596
203 629
203 85
203 630
203 631
203 550
203 632
203 300
203 633
203 405
203 304
203 111
203 634
203 635
203 636
203 299
203 176
203 637
203 638
1489 257
1803 294
68 639
68 640
612 641
331 642
1804 643
1804 644
601 381
1805 645
1132 317
965 354
1182 646
1182 647
134 648
134 352
134 550
510 202
622 649
622 650
427 150
427 114
1806 651
1457 144
1539 485
1807 652
1807 653
579 309
579 654
579 51
1808 655
1808 195
1809 378
959 656
959 129
959 657
959 658
1285 659
1285 660
1641 6
1641 4
1070 661
274 662
274 663
274 455
274 664
274 665
274 666
274 16
274 667
274 93
274 668
274 669
274 284
274 670
274 671
274 672
274 221
274 673
274 674
274 675
274 57
274 676
274 677
274 678
274 679
274 680
274 100
1810 681
477 219
772 682
772 683
772 413
772 684
1811 553
1812 463
58 61
164 120
694 685
694 17
694 686
788 687
1813 688
218 689
1254 470
517 690
20 691
20 692
1460 693
1644 6
686 694
1814 695
107 696
107 697
107 448
893 698
1079 372
17 83
17 699
17 620
17 16
17 439
17 700
17 527
17 701
17 702
17 703
17 704
17 705
17 635
17 648
17 507
17 79
17 694
17 47
17 448
17 706
17 707
17 653
1110 708
1110 564
953 709
1815 505
1816 615
1816 710
800 711
1817 98
3 712
3 713
3 17
3 714
1818 565
1819 559
259 54
259 414
239 715
239 716
1820 717
384 64
384 718
1821 719
1821 557
359 720
1822 721
1106 722
1106 85
1823 723
1824 724
1824 725
336 335
683 7
683 726
683 727
493 698
822 201
822 504
1825 210
1225 728
1826 729
442 540
442 90
1366 730
1366 731
957 124
957 217
957 732
957 733
957 560
957 734
1827 110
528 735
528 736
528 737
528 593
528 738
596 273
596 739
596 203
1828 302
527 137
887 381
887 740
887 741
494 463
26 742
26 640
560 519
128 743
128 744
128 112
1829 745
432 150
432 746
1830 527
1000 747
1000 748
1000 749
1831 750
773 751
1627 752
1627 89
1627 63
759 753
759 754
1832 600
1833 521
490 755
1251 335
1834 756
1835 757
1836 17
1221 758
754 759
754 111
754 527
1367 389
408 760
232 761
232 762
232 763
232 764
1837 765
159 120
1838 144
1839 349
924 24
924 766
1478 767
1840 293
105 448
1841 768
1194 769
1194 770
1194 771
1842 772
1119 470
1309 773
1309 774
938 162
938 115
1843 775
1377 776
1844 777
1845 778
1130 779
263 780
263 505
263 29
1562 781
1846 782
1455 783
1123 201
1123 784
1050 785
149 157
307 61
1625 252
1625 786
160 120
160 470
160 139
160 787
687 788
113 459
462 789
1422 24
1422 790
1847 576
1848 791
933 700
118 792
71 337
71 191
1849 793
1850 794
1850 109
1318 505
1318 122
1851 19
476 219
278 795
1647 796
790 6
790 797
114 644
1656 214
1852 16
1294 299
1294 798
1294 6
1294 799
616 84
1853 129
711 800
1854 801
1855 334
813 802
1364 131
1856 803
1856 137
1141 254
377 804
1501 805
1501 250
1501 613
929 806
929 807
174 120
136 808
136 637
1857 809
350 810
196 811
196 33
196 812
196 63
1434 357
802 813
802 814
1288 400
1858 169
1102 815
1102 816
1102 817
1859 690
1860 818
43 456
43 7
43 722
43 819
1861 820
749 6
749 561
186 821
186 787
186 728
1862 822
7 823
7 130
7 824
7 825
7 826
7 827
7 270
7 828
7 829
7 830
7 94
7 507
7 831
7 385
7 832
7 7
7 833
7 834
7 835
7 6
7 836
7 238
7 29
7 571
7 51
7 837
7 112
7 838
1168 383
1863 273
1393 379
1864 839
158 364
1865 349
538 840
1001 142
611 401
611 841
611 611
611 620
611 232
611 227
611 181
611 435
611 842
431 150
1866 838
1867 347
47 534
47 843
47 17
47 844
47 110
47 24
47 18
47 845
47 638
47 268
47 846
47 847
47 848
1025 348
1868 17
1869 842
271 849
271 24
271 321
271 850
271 851
271 852
271 744
271 329
1528 593
1528 137
1870 33
1409 526
738 853
738 854
738 760
738 855
738 528
1275 129
393 856
393 238
455 857
455 302
455 858
74 859
423 150
423 860
423 570
423 195
1871 861
1871 862
1398 863
1872 61
567 51
563 51
486 864
1873 865
1874 866
1875 867
1875 85
1876 868
592 869
592 870
636 203
888 23
1877 85
1057 757
1878 418
1878 463
1878 221
1879 129
1880 252
1881 871
1881 872
1412 873
659 874
798 176
798 875
215 169
215 876
1004 6
1004 844
453 581
1882 877
1691 878
395 234
395 575
395 79
395 879
395 503
395 111
395 238
395 19
94 880
94 634
94 448
1883 881
985 185
985 439
1033 882
1668 6
1884 883
608 29
608 884
608 856
608 317
608 885
608 886
23 119
23 568
23 887
23 24
23 128
23 43
23 63
23 888
23 889
23 890
23 153
23 747
23 891
23 892
1885 893
1886 203
1886 256
1887 29
1510 568
1888 894
955 440
139 470
139 895
139 24
139 820
139 896
139 897
139 898
139 140
139 899
139 549
139 900
139 332
1553 901
1889 590
600 902
600 903
600 85
600 29
966 354
439 701
1293 76
594 571
1376 904
1439 905
1439 906
138 907
703 17
419 418
1126 201
1619 255
77 908
1890 203
80 909
80 7
80 29
80 910
80 911
80 651
80 912
80 913
80 914
1891 915
561 749
1312 916
1312 917
1312 918
1892 85
766 919
879 920
1572 921
1893 922
574 923
1894 924
1894 925
1894 401
1894 926
1894 541
1894 521
812 4
1895 837
890 23
890 24
890 29
1227 927
1227 793
1896 928
807 929
1306 930
1090 144
56 856
56 931
700 203
700 17
700 932
700 933
1034 934
1897 935
1898 47
981 520
981 936
981 29
1287 937
1899 938
392 939
715 940
682 393
682 941
682 24
682 942
682 6
682 847
891 23
1900 943
1901 774
1902 200
1902 455
176 120
176 203
176 89
176 6
176 747
176 944
1903 393
1430 945
1430 946
1904 947
1904 638
262 257
262 261
420 948
420 93
662 195
1905 949
1097 950
1906 951
143 505
143 354
8 952
1907 29
606 953
606 944
440 947
440 954
440 955
440 956
1908 957
1089 958
1909 4
1910 959
1167 960
1911 961
1395 463
1502 962
1502 466
354 963
354 964
354 89
354 181
354 439
354 965
354 966
354 491
354 143
354 967
1507 429
1322 968
1912 969
1912 970
516 64
516 971
516 267
1511 972
762 232
881 4
881 973
881 452
1913 237
1914 974
1915 540
1428 521
29 316
29 201
29 975
29 976
29 964
29 600
29 620
29 950
29 181
29 830
29 269
29 977
29 856
29 851
29 254
29 481
29 978
29 124
29 7
29 424
29 736
29 85
29 979
29 980
29 426
29 981
29 982
29 862
29 137
29 983
29 984
29 641
29 239
29 985
29 384
29 30
29 986
29 987
29 890
29 962
29 988
29 989
29 311
29 909
29 990
29 638
29 569
29 250
29 991
29 992
29 993
29 994
29 80
1916 995
740 996
740 997
740 413
638 111
638 567
638 60
638 998
638 347
982 273
982 999
142 1000
142 296
142 1001
444 443
444 1002
444 1003
365 682
365 1004
413 1005
413 772
413 1006
1917 6
132 133
1399 4
1918 87
1919 1007
1919 802
1919 1008
1919 1009
1919 1010
1662 546
518 1011
1920 15
1921 137
1220 758
443 1012
1922 256
1923 418
1262 797
1421 134
1421 24
1421 195
1421 379
1924 137
1925 553
1926 195
962 29
1024 348
281 398
1927 254
173 120
173 541
1928 1013
690 734
915 1014
915 1015
915 549
1406 1016
387 328
1143 1017
1143 1018
488 369
488 1019
488 1020
488 1021
179 120
1929 1022
1642 6
21 1023
1930 137
918 144
348 273
348 1024
348 1025
348 1026
348 18
1931 200
736 1027
736 1028
736 29
499 1029
499 1030
1932 658
1555 1031
875 798
1556 1032
1933 1033
369 1034
369 488
369 370
635 203
1078 1035
1078 939
1299 95
1934 1036
1934 1013
1935 19
1936 1027
338 1037
338 1038
338 1039
338 828
45 1040
45 1041
1142 347
1546 1042
1546 505
1546 1043
1335 1044
1335 207
1335 1045
634 94
634 1046
634 1047
634 203
634 568
634 1048
634 597
1937 1049
283 50
1488 257
1488 79
1488 1050
233 1051
1938 6
246 512
1939 1052
748 1053
748 1000
748 137
436 293
1536 96
1536 1054
1536 1055
1326 1056
130 627
130 222
130 638
130 1057
130 1058
130 6
130 1059
130 19
1180 1060
554 1061
554 446
273 89
273 1062
273 284
273 1063
273 682
273 906
273 348
828 606
828 1064
828 1065
828 338
828 505
828 1058
828 750
828 1066
828 1043
828 1067
1545 1068
1545 230
1545 1069
1545 136
661 152
661 1070
661 1071
379 379
294 368
294 1072
294 1073
1013 18
1013 349
1013 353
1013 1074
293 1075
293 1076
293 223
293 1077
293 436
293 226
1035 1078
372 1079
1065 1080
1479 1081
744 128
1940 469
1425 1082
1649 33
1649 1083
1649 56
1941 1084
351 840
351 464
351 524
351 1085
368 842
368 616
576 150
1111 818
1026 1086
1026 348
1942 1087
1943 435
1944 1088
958 1089
810 633
810 350
137 527
137 1090
137 1091
137 298
137 748
137 154
1096 52
1140 347
1487 343
1945 18
500 1092
500 186
1946 293
1947 1093
1382 1094
1948 197
1948 222
324 1095
632 524
9 952
9 60
1949 1096
1950 741
1950 1097
1314 921
1314 540
1314 1098
1951 478
1557 1008
1337 1099
1337 435
67 1100
769 340
769 1101
815 1102
1059 540
1952 1103
464 1104
464 1105
464 351
464 1106
464 658
1953 1107
546 339
1418 24
1954 334
862 355
1955 760
1136 1108
1136 213
1956 483
1957 1109
564 708
564 550
564 1110
1958 1111
1958 1112
695 1113
1959 379
1 6
1320 1114
1554 390
184 821
746 130
746 1115
746 1116
746 613
1588 1117
1588 44
302 130
302 24
302 1118
302 1119
302 33
302 1067
613 746
613 957
1960 1120
473 249
991 1121
1961 1122
201 1123
201 1124
201 1125
201 1126
201 374
201 1127
201 1128
1962 772
1172 1109
1093 79
552 1129
779 1130
270 7
270 354
270 1131
270 176
270 1132
270 60
270 64
1685 269
1963 682
1963 1133
1963 339
1529 1117
1529 736
1529 166
1964 51
1965 1134
1966 828
987 1135
987 1118
451 581
106 203
106 204
106 1055
1967 24
483 2
691 20
33 1136
1968 144
347 1137
347 1138
347 123
347 117
347 51
347 226
347 1139
347 366
347 61
347 1140
347 352
347 354
347 300
347 658
347 1109
347 6
347 1141
347 1142
347 840
347 18
347 1143
347 1144
347 619
1373 1145
162 120
162 1146
162 938
1969 269
1969 54
1970 16
852 1147
14 952
1551 553
1276 16
1971 1148
85 600
85 148
85 16
85 89
85 150
85 543
85 1149
85 582
85 452
85 1150
85 1151
85 410
85 427
85 1152
85 4
85 1153
85 1154
85 355
85 300
85 1155
85 6
85 524
85 1106
85 805
85 1156
85 29
85 203
85 1157
85 605
85 1144
1508 1158
1442 343
1147 557
1522 144
1972 1159
1513 333
275 1136
275 1160
319 1161
1297 778
507 192
507 7
507 949
507 364
941 682
1973 197
724 1162
724 1163
1974 1164
1268 64
1268 747
1975 473
643 644
643 239
1292 520
1292 1165
1976 1166
960 1167
116 644
383 1168
383 1169
72 191
72 786
1977 1170
656 959
1978 1171
1979 1172
1380 620
1380 1173
1053 748
857 455
227 1174
227 1175
227 611
227 1176
227 1177
227 837
227 728
227 306
227 1178
227 68
227 1179
227 143
227 1120
227 134
227 19
227 641
227 610
1060 1180
1980 110
1981 613
1982 353
1983 1181
1323 1182
1323 267
1323 256
1134 200
1134 137
1984 578
1985 157
1459 1183
1459 1184
1663 589
1639 798
1639 6
1683 269
1986 1185
1280 828
111 243
111 16
111 1186
111 395
111 1187
111 6
111 1188
111 1189
1692 200
1692 1138
1692 6
1121 1190
1987 531
559 119
559 1191
559 1192
559 231
559 732
559 839
559 1193
984 358
771 1194
326 1195
326 18
326 1095
624 860
624 1196
624 1197
624 1198
624 624
1535 1054
1571 573
1571 6
1571 728
1575 1199
1988 1200
1989 146
1989 426
1989 792
1989 1201
1990 1202
1991 1203
2 1134
1992 195
1993 431
1149 1204
1149 85
445 83
1151 85
234 1171
1153 798
1153 289
1153 85
1994 1205
1995 942
57 274
57 6
57 199
57 1206
513 1133
1996 1207
1997 1208
1997 179
1998 1209
250 805
250 1210
250 1211
250 438
250 250
250 4
250 1121
1069 93
1999 1027
2000 778
2001 1212
358 571
358 4
358 1004
358 1213
2002 130
361 18
361 1214
361 1215
318 1216
1139 347
424 1217
424 1218
424 130
424 24
424 1219
424 267
424 295
539 840
539 347
758 1220
758 1221
758 354
1037 1222
15 64
15 57
15 944
504 1127
504 144
504 1223
504 1224
504 822
2003 1225
2004 200
30 1226
30 851
30 29
1497 4
1354 251
927 1227
1345 510
1427 24
1427 1228
2005 1229
2005 208
2006 316
2006 85
993 29
1330 1230
475 611
475 303
716 239
16 17
16 85
16 1231
16 1232
16 1233
16 181
16 1234
16 150
16 1235
16 265
16 229
16 524
16 640
16 343
501 1236
501 1237
501 1238
723 282
723 1239
723 1240
723 731
1438 639
2007 1178
895 139
115 1241
115 644
115 509
1516 1242
135 1243
1339 256
1339 1244
2008 1245
1317 1246
183 1247
2009 1
1372 1135
1372 1248
2010 1249
2011 378
2011 25
2011 922
1255 70
28 507
28 851
614 1250
2012 293
300 85
942 682
335 1251
335 336
335 1252
39 1253
39 36
2013 809
1261 981
1261 1254
1197 624
2014 110
1331 1230
1533 620
1533 1255
1533 1256
2015 1257
1137 347
1137 1258
1519 200
1519 1012
1519 949
1381 606
1381 1259
1381 1260
1381 1261
1381 216
1381 1262
2016 181
478 1263
478 1264
478 252
478 1223
2017 436
572 51
593 1265
593 137
1504 11
1385 737
1484 249
1484 321
249 1005
249 473
190 1266
2018 1049
1258 185
1113 1267
2019 690
747 23
747 252
747 1268
747 1000
747 1269
2020 200
1633 1270
268 1271
268 1272
911 910
911 991
745 918
450 581
2021 144
902 256
2022 196
2022 1273
2023 320
2024 889
193 253
2025 1274
2026 1275
858 1237
858 455
2027 64
2027 540
297 406
1210 6
1260 4
1260 277
2028 1276
405 6
405 1277
405 203
405 359
405 1278
405 1273
1410 1279
2029 59
1616 793
988 1280
988 733
2030 1135
2030 153
100 448
2031 6
2031 1281
1396 200
112 128
1144 347
1144 944
1183 1282
1183 436
1218 424
225 18
225 472
1290 79
1492 1283
381 887
381 1284
381 601
1193 559
1378 1285
1378 0
2032 110
907 1000
195 662
195 1286
195 110
195 423
2033 716
79 292
79 1287
79 395
79 1288
79 1289
79 1290
356 470
356 18
2034 886
1577 713
1622 1291
520 1105
520 1261
520 1292
520 981
520 29
76 1293
76 17
76 638
76 803
76 1294
502 1295
1120 37
1120 227
2035 981
1272 268
778 1296
778 1297
778 783
778 278
2036 1298
95 733
95 1299
95 207
2037 1300
2038 162
2039 990
1340 221
1014 915
1222 1037
2040 1015
946 1301
2041 1079
1469 181
934 1302
2042 1180
2042 137
2043 1151
1638 1303
1638 6
1638 1304
2044 1305
121 345
121 793
121 844
930 157
930 1306
930 129
119 23
119 4
119 456
119 1307
119 997
119 43
119 385
119 987
119 613
119 47
119 25
2045 1308
819 1309
819 43
819 633
998 593
998 144
2046 1310
909 269
909 80
909 29
817 1102
770 4
770 1311
770 1194
917 1312
917 1313
2047 257
540 1314
540 1315
1028 736
1028 733
1246 1316
1246 1317
1238 1237
1238 501
2048 600
122 1318
122 1319
2049 31
2049 472
1114 1320
366 1321
968 1322
2050 859
256 521
256 990
256 902
256 1323
256 1324
497 1289
497 1325
1420 24
1056 1326
192 507
418 1079
418 596
418 17
418 208
418 16
418 6
304 130
304 203
304 61
304 302
1170 974
1665 1327
36 39
2051 111
175 120
1449 217
2052 4
950 1276
950 1097
2053 1328
1264 478
422 150
602 302
1230 1329
1230 1330
1230 169
1230 1331
1230 1332
1230 842
2054 1333
2054 1334
2055 407
1659 340
1045 1335
2056 123
1099 1336
1099 1337
587 1338
2057 138
1244 1339
1098 1314
2058 380
2059 393
221 1340
688 1341
688 1342
2060 1343
2061 463
1286 195
470 214
470 356
1191 559
1191 524
1463 83
569 51
569 523
569 29
2062 1344
2063 1214
1419 1151
1419 70
104 556
104 1345
104 448
104 1181
2064 1346
2064 1347
565 181
2065 195
2066 96
582 85
537 1348
537 18
537 302
537 1349
27 851
27 434
27 1350
2067 81
542 1351
542 1352
1673 1353
251 1354
251 1137
251 194
251 29
1355 844
905 906
2068 398
844 449
844 47
844 524
844 121
844 1355
2069 380
245 1300
2070 1356
2071 1267
463 1357
463 221
463 1358
463 1094
463 1359
463 1360
463 1361
2072 379
240 512
571 860
571 1191
571 299
571 1362
571 51
571 1363
2073 195
403 744
403 93
1052 397
1052 1364
1052 1365
2074 455
2075 169
2075 62
731 863
731 1366
1282 1183
1540 1367
1540 1368
1540 1369
590 1370
590 1230
590 217
1267 385
1267 1371
1267 638
1267 1113
1248 1372
2076 203
1145 1373
1145 1374
2077 4
1122 638
1122 989
425 150
425 269
425 1375
1176 227
850 652
1362 571
1362 341
1362 29
1564 6
877 1376
2078 1377
1667 204
2079 253
0 120
0 1378
0 557
1171 703
1181 1379
853 298
853 137
31 379
2080 1380
1452 248
248 1173
172 120
2081 1381
2082 202
1259 1382
997 889
508 378
508 364
2083 470
605 1383
586 4
586 1133
586 24
522 64
522 747
522 85
653 1384
1231 16
548 854
548 1385
548 737
548 2
2084 288
2085 351
376 1386
1537 176
2086 226
1415 1013
1384 439
492 698
1532 6
1532 1387
1637 6
1209 744
1027 736
1027 1388
1027 853
1027 137
185 985
185 1258
2087 638
2088 1389
1039 1390
1039 338
409 1391
409 1392
409 1018
2089 1393
1394 1394
882 1341
882 133
764 232
1446 217
961 545
2090 1395
200 1396
200 986
200 1397
200 1134
863 1398
863 195
863 731
1195 326
1666 1327
4 393
4 1288
4 1304
4 1399
4 1400
4 150
4 1401
4 1402
4 341
4 47
4 85
4 1245
4 61
4 349
4 1178
4 776
4 162
4 50
4 267
4 6
4 1403
4 1404
4 770
4 250
4 586
4 446
1016 1405
1016 1406
1016 412
1016 81
1016 531
1016 859
1016 1407
1016 1408
1016 1409
1165 520
1165 1292
2091 1410
117 347
469 1411
873 1412
2092 566
24 1413
24 6
24 1225
24 640
24 227
24 43
24 1414
24 1381
24 851
24 153
24 295
24 117
24 682
24 1415
24 1156
24 440
24 1416
24 1417
24 1418
24 1419
24 61
24 349
24 568
24 1284
24 889
24 4
24 1420
24 1067
24 924
24 23
24 327
24 1421
24 1422
24 1423
24 321
24 424
24 116
24 1424
24 47
24 1425
24 914
24 1426
24 1427
24 1428
24 271
24 1429
24 571
24 51
24 200
24 887
24 378
24 364
24 890
910 80
945 1430
541 906
541 4
541 173
541 229
1542 1431
1448 1432
2093 804
1289 497
1289 79
803 1433
803 76
357 1434
357 110
2094 1435
727 638
1658 51
1658 508
163 120
163 1436
163 1437
2095 864
2096 269
896 470
2097 1350
2098 391
454 581
1324 521
1324 316
1324 711
1324 256
244 512
639 1438
489 410
489 1439
489 1440
489 906
619 347
619 1441
2099 29
2099 19
2100 957
2101 6
154 120
154 137
343 4
343 1405
343 1442
343 1199
343 1443
343 391
217 1444
217 957
217 968
217 1445
217 1446
217 1447
217 1448
217 1449
217 1450
217 1451
217 590
217 1432
2102 847
566 273
566 1047
566 51
566 1452
566 1453
73 191
73 207
583 1454
2103 1455
1654 273
1654 1212
1654 1456
2104 1457
1184 1458
1184 1459
2105 915
2106 144
2107 276
2108 1460
615 222
2109 1461
2109 29
83 1462
83 355
83 1463
83 1464
83 1465
83 1466
1162 724
717 1467
181 249
181 565
181 600
181 611
181 29
181 861
181 1468
181 1469
2110 950
1579 1470
1579 990
1074 1471
337 1472
349 4
349 1473
349 600
349 24
349 1474
349 1082
349 1475
349 1013
349 1476
349 1477
1432 1448
767 1478
2111 297
2111 276
1081 1479
1527 400
1527 989
1527 644
585 447
672 448
276 169
321 1480
321 271
321 1294
321 1481
321 1482
321 1483
321 1484
321 544
321 557
633 203
167 120
1664 1327
912 80
912 115
598 1485
2112 904
940 543
2113 29
859 1486
859 1487
859 1409
435 1337
435 435
1105 464
344 789
110 195
2114 1320
640 299
640 6
640 68
640 181
787 186
257 1488
257 1489
257 54
257 1490
1402 4
1301 1307
1301 1491
2115 668
1066 828
2116 550
1491 69
1491 1109
1283 1492
2117 1055
290 541
397 1493
397 959
1424 470
1424 24
1424 1351
1424 1494
1424 770
64 270
64 1495
64 1268
64 522
64 267
64 481
64 1496
509 449
509 115
509 79
842 1497
842 611
842 285
842 424
842 1498
2118 70
2118 366
914 1499
914 1500
914 80
914 640
914 1065
914 413
914 6
914 24
805 316
805 438
805 916
805 1501
805 85
805 613
805 482
805 250
805 93
805 64
805 481
2119 85
2120 1502
299 1405
299 571
299 640
299 29
299 1073
299 1294
299 203
177 120
1543 1503
1543 1431
2121 440
2121 455
11 1504
11 1505
11 952
2122 321
429 1506
429 1507
429 1508
429 426
429 864
429 230
429 47
664 274
2123 1435
2124 793
491 354
1477 349
904 129
904 225
2125 1509
1224 93
568 23
568 567
568 51
568 1510
568 404
568 521
568 544
568 302
568 207
2126 4
874 659
972 1511
972 1279
589 123
625 1512
2127 12
2128 612
333 115
333 229
333 1513
333 273
333 1514
333 1327
2129 922
1688 1515
89 325
89 203
89 176
89 441
89 273
89 295
1242 1516
2130 856
2130 623
2131 461
467 1517
944 606
944 176
144 536
144 1518
144 820
144 1519
144 1520
144 1521
144 1522
144 1523
1124 104
1445 1524
1445 217
495 1525
1305 1526
937 744
937 128
937 1287
2132 292
400 450
400 255
400 1288
400 1527
737 1385
737 1528
737 548
678 274
327 1370
327 24
1573 203
1573 1294
166 120
166 393
166 452
166 1529
55 1530
621 385
2133 544
211 229
1387 203
1387 1531
1387 1532
474 222
679 274
838 385
838 590
2134 169
2135 129
296 406
2136 590
620 161
620 1256
620 1533
620 29
620 385
620 130
620 203
620 1534
620 378
620 1167
620 1535
620 790
620 1536
620 621
620 1380
974 1537
1386 1523
1146 162
485 1538
485 1539
485 137
1368 1540
556 1541
556 51
1431 47
1431 1542
1431 1543
2137 1544
868 51
2138 1545
2139 1546
2139 93
530 37
267 312
267 1217
267 424
267 17
267 85
267 799
267 1324
267 24
267 128
267 1073
267 1294
267 1547
267 516
267 442
267 64
267 216
267 51
267 1273
2140 1370
553 1548
553 711
553 1549
553 1550
553 1551
553 1552
901 1553
390 1554
761 232
2141 1444
1032 1555
1032 259
1032 1556
1343 611
1343 85
1008 1557
2142 675
1552 1226
189 455
313 1558
148 150
148 120
148 149
148 1559
412 531
1414 24
880 94
1190 1121
1190 768
2143 446
1080 1065
1203 1560
1203 76
1203 613
1203 314
1203 1561
1203 733
2144 613
781 1562
1073 128
1073 294
1073 799
323 1095
2145 1563
906 273
906 1564
906 481
906 541
906 1439
948 231
948 540
948 420
948 1565
2146 1566
533 1439
999 982
2147 386
1547 267
247 507
247 646
2148 1567
2149 1568
2150 1435
1634 6
1634 1569
728 214
728 1225
728 531
728 1570
728 1571
921 1314
921 1572
2151 1573
628 203
2152 293
2152 1077
1614 573
1614 241
2153 256
1615 198
1217 243
1217 424
1217 306
861 601
753 322
169 276
169 120
169 1230
169 1574
169 1178
169 524
169 1575
169 226
750 1236
713 1576
713 3
713 1577
935 937
1390 1039
213 1136
213 375
2154 1578
1307 249
2155 200
1470 1579
2156 950
93 1580
93 948
93 1545
2157 1261
265 16
2158 1581
32 851
2159 1582
2160 1583
1447 217
1157 85
141 820
44 1584
44 1585
44 613
44 1243
44 1586
44 1587
44 1117
44 1588
44 1589
53 1590
53 1591
53 1592
53 1593
53 1594
53 1595
53 833
53 1596
53 1597
53 1598
53 1599
53 1335
53 1600
53 1601
19 1602
19 299
19 130
19 43
19 1603
19 1604
19 1043
19 264
1348 801
1348 537
2161 1605
515 1606
515 0
515 1607
515 1608
1158 1508
1158 123
657 959
2162 548
916 1312
916 805
1223 1609
1223 478
1223 504
2163 1395
416 315
1233 744
1233 203
1233 1610
505 1611
505 950
505 1318
505 29
505 1612
505 828
505 1613
505 751
505 570
505 1614
505 143
505 1615
108 448
394 238
2164 1616
2164 1617
1108 1136
1636 6
603 1618
2165 590
1086 1026
2166 1619
2166 1620
2166 1294
1574 236
1574 169
1458 1184
322 753
322 557
374 1421
374 793
1596 53
1300 1621
1300 245
2167 765
223 293
223 472
224 472
314 1622
314 1203
277 795
1313 917
1623 1623
524 611
524 864
524 6
524 632
524 844
734 957
734 690
786 72
786 1624
786 1625
10 952
2168 1626
2168 88
2169 521
2170 104
722 722
722 311
722 43
65 226
783 1627
919 766
1352 1036
1352 24
1237 620
1237 455
1237 1238
1237 858
410 531
410 1270
410 1628
410 85
1670 509
207 95
207 799
207 203
207 568
207 73
207 1335
2171 1629
555 1630
1441 619
801 1348
801 1631
202 1632
1270 1633
2172 252
1138 347
1138 812
1047 1230
2173 512
286 50
6 540
6 1634
6 640
6 1635
6 1294
6 150
6 749
6 1636
6 341
6 796
6 827
6 1210
6 234
6 1532
6 526
6 456
6 24
6 199
6 222
6 1637
6 630
6 503
6 1638
6 726
6 4
6 385
6 355
6 1639
6 1
6 1640
6 1641
6 50
6 1642
6 111
6 1643
6 682
6 57
6 914
6 571
6 1644
6 1233
6 1645
6 1646
6 1647
6 1245
6 1648
1403 1604
1403 4
2174 806
1083 1061
1083 840
1083 1649
1083 961
1083 1650
1083 1365
1077 293
2175 853
2176 393
2177 1651
2177 1313
2177 1652
2178 1653
848 1654
848 47
848 232
848 641
549 139
549 254
549 915
214 470
214 4
214 575
214 728
214 1655
214 1656
876 215
285 57
285 842
285 726
2179 161
1019 488
1150 85
129 743
129 959
2180 719
1088 104
871 731
332 642
378 1288
378 1657
378 620
378 1658
378 1619
378 1570
428 385
428 150
264 1639
264 19
697 107
1064 311
1091 137
1021 571
1021 488
1347 334
2181 243
2181 1182
228 524
2182 463
340 769
340 1659
623 1222
623 1660
860 1661
860 571
860 624
2183 19
2183 506
1256 620
1256 1662
1256 1533
1464 355
2184 611
2185 1663
2186 905
2187 1035
1576 96
2188 461
1327 1664
1327 1665
1327 333
1327 1666
1327 600
266 4
204 106
204 518
204 774
204 1667
63 828
63 1668
63 226
289 1153
289 1669
289 1587
1296 778
2189 1670
2190 1671
2190 1144
2191 1672
171 148
171 1455
171 269
171 120
171 157
2192 747
2192 377
1541 783
526 6
2193 1621
1036 996
66 197
66 206
66 137
5 1294
5 1673
5 303
5 341
5 1674
1689 794
140 139
140 1168
2194 1675
2195 341
2196 959
658 347
658 794
658 426
658 1233
1109 347
1109 1491
1609 1223
466 1502
466 1192
466 1676
466 1677
466 543
466 1678
466 226
2197 1134
2197 853
2197 137
2198 413
1226 30
1226 1679
990 852
1310 470
269 1680
269 1455
269 1517
269 722
269 1681
269 770
269 29
269 425
269 1682
269 1683
269 872
269 1684
269 1261
269 1685
269 1686
269 357
269 1525
1401 382
330 642
330 1039
60 1266
60 270
60 455
60 1204
60 1687
60 638
60 292
60 1552
295 1069
78 210
2199 556
1515 1688
1515 985
1515 701
2200 1689
2201 40
291 1690
291 640
291 590
523 611
1407 1016
1603 19
1269 295
1269 747
2202 1097
2203 725
2204 1435
878 733
878 1691
2205 519
1166 1692
2206 1693
2206 1328
2207 711
650 622
