1244 0
1245 1
150 2
150 3
150 4
150 5
150 6
150 7
150 8
150 9
1246 10
898 11
424 12
1219 13
1219 14
503 15
216 16
774 17
774 18
774 19
1090 20
1247 21
772 22
1248 23
466 24
1249 25
876 26
876 27
1250 28
1250 29
647 30
647 31
647 32
647 33
647 34
1251 13
1252 35
1253 16
1013 36
1013 25
1013 37
686 35
686 38
1254 39
885 40
856 41
1255 42
1256 43
956 44
956 45
1257 46
264 47
264 48
264 49
264 50
264 51
264 52
264 53
264 33
264 54
264 55
264 56
264 57
264 58
264 59
264 60
264 61
264 62
264 63
1005 64
1005 20
394 36
394 65
394 66
394 33
394 67
394 68
394 69
394 70
421 71
807 72
1022 73
808 74
1258 75
542 76
542 77
542 78
349 79
349 80
1259 11
42 81
42 82
1260 83
1260 66
1138 16
1138 84
314 85
1261 86
1233 65
863 66
863 87
863 88
863 89
863 90
143 91
118 72
118 92
766 93
1262 94
514 95
838 96
1263 97
151 98
151 99
1264 100
439 101
1265 102
601 103
601 104
1266 105
1109 106
827 107
362 108
658 109
658 110
658 111
1267 112
72 2
72 113
72 39
72 91
72 114
72 115
72 116
72 117
72 118
72 119
72 120
72 121
72 122
72 50
72 33
72 123
72 124
72 125
72 126
72 127
72 65
72 55
72 128
72 129
72 130
1268 131
1269 92
8 6
8 5
649 33
1183 132
267 39
267 133
2 5
2 134
2 69
2 72
2 135
2 136
2 137
2 138
2 8
2 139
2 140
1270 141
1271 142
1272 143
1273 88
352 56
1274 144
1275 145
1276 146
1276 147
6 33
6 148
6 8
6 149
6 150
99 151
99 66
99 152
1277 153
258 86
258 154
322 60
1278 155
1278 128
938 156
690 157
690 158
690 159
201 160
201 161
201 162
201 163
201 164
201 165
201 166
201 167
201 168
201 169
201 170
201 171
201 172
201 173
201 174
201 175
201 176
201 177
201 178
201 179
201 180
201 181
1145 182
1145 183
1145 184
1145 150
47 185
47 186
1279 187
1279 188
186 72
1230 65
1152 189
1152 190
648 191
648 33
648 192
41 193
555 13
555 194
555 195
1280 196
499 197
1281 20
1281 198
784 199
1282 200
179 201
75 202
639 203
1283 204
1284 205
1284 33
1285 206
595 13
595 207
595 208
595 209
1058 65
879 210
805 211
1286 212
16 213
16 214
16 215
16 33
16 216
16 217
16 218
16 13
1287 219
622 220
622 221
622 222
622 223
622 65
622 224
433 225
433 226
433 209
256 227
256 228
256 229
256 230
256 231
256 232
256 233
256 234
256 235
256 236
256 237
256 140
1288 238
1289 213
1024 39
1024 239
1235 65
1124 240
1155 241
1155 242
1290 243
1102 20
1291 244
881 245
881 85
820 246
281 247
281 39
281 248
281 249
763 250
303 251
303 252
1292 253
531 254
1293 255
1294 66
233 256
1295 257
1296 258
1297 259
720 32
1190 260
1190 261
509 262
509 263
62 264
1298 265
1299 266
39 267
39 268
39 269
39 5
39 77
39 71
39 270
39 271
39 239
39 272
39 273
39 33
39 274
39 275
39 276
39 277
39 278
39 279
39 280
39 34
39 94
39 281
39 72
39 282
39 283
948 284
948 285
1108 286
1108 287
746 288
746 39
1161 289
706 290
1212 291
255 39
255 292
255 293
1300 294
236 256
236 228
236 231
971 13
971 197
588 121
988 128
1301 295
1301 296
810 297
810 298
857 299
350 171
1302 300
1303 301
665 302
251 303
251 215
251 304
1304 305
417 71
1305 306
1196 81
1306 307
1306 209
103 308
103 309
103 310
103 311
650 312
1307 313
1307 314
339 315
339 316
1308 317
598 318
598 319
598 320
598 321
1309 322
793 211
793 323
793 154
793 324
793 325
793 326
793 327
793 328
793 258
793 329
793 330
793 331
105 60
9 332
9 150
1042 13
1310 333
632 334
632 159
1311 65
1311 147
315 335
315 336
315 337
315 57
315 338
315 339
880 124
880 340
880 128
532 341
532 342
479 343
479 344
836 345
836 242
836 52
836 59
1312 346
1313 347
1048 65
1314 66
1315 348
1100 20
1316 64
80 349
80 350
1317 305
56 351
56 352
56 98
56 56
56 264
56 353
56 354
472 355
974 106
974 356
974 311
974 197
974 357
915 358
915 359
954 360
575 361
575 362
1166 363
501 152
217 364
217 365
217 366
217 367
217 34
217 16
217 368
217 66
217 369
217 370
217 371
217 372
217 316
494 72
719 373
719 374
719 375
467 376
467 377
1178 378
1318 25
1200 379
1053 13
1053 380
984 381
752 382
671 383
671 384
1319 385
66 101
66 260
66 134
66 57
66 99
66 386
66 387
66 388
66 389
66 390
66 391
66 392
66 393
66 394
66 10
66 395
66 396
66 351
66 105
66 397
66 398
66 399
66 400
66 401
66 402
66 403
66 404
66 90
66 31
66 13
66 405
66 358
66 406
66 407
66 298
66 78
66 408
66 217
66 409
66 410
66 128
66 7
66 411
1320 412
247 39
247 281
512 413
418 414
418 236
418 71
773 415
71 204
71 416
71 417
71 418
71 419
71 420
71 410
71 13
71 421
71 422
749 64
749 423
370 424
370 55
370 425
370 217
370 60
370 382
370 316
1321 119
1322 426
1323 346
1324 415
844 427
844 428
844 68
844 429
1325 430
1326 431
812 432
689 385
1019 433
1019 434
1327 435
1328 436
564 437
874 438
874 439
1176 440
1176 39
1176 384
1329 357
1330 39
1331 441
1332 442
1332 443
1025 444
1025 445
888 70
392 446
344 447
892 448
1120 449
171 450
171 451
171 452
171 128
171 453
171 454
1333 455
1334 72
1191 226
278 39
1335 71
1111 456
1111 209
593 11
1336 457
1336 458
268 39
137 2
356 459
356 39
356 460
356 269
356 461
356 462
356 463
816 340
816 464
580 345
153 15
153 465
153 20
63 264
24 443
24 284
24 13
24 466
213 16
377 13
377 467
1337 72
1139 84
1068 468
1068 360
1068 469
1068 470
142 471
355 472
536 473
1338 474
659 42
659 33
659 10
21 475
785 476
1339 347
1340 477
412 478
412 13
412 221
412 479
966 1
1341 480
597 481
597 482
597 483
1342 484
1143 485
486 486
968 487
968 264
416 443
416 65
570 488
1343 82
5 2
5 209
5 150
5 128
1344 489
578 58
565 490
114 72
261 491
261 368
261 259
1198 492
1198 493
1345 494
1346 495
1346 496
138 2
726 497
312 498
312 338
312 33
312 499
312 272
1347 25
1091 20
1348 500
621 440
621 495
53 279
53 501
396 66
1349 11
1349 502
1349 497
15 503
550 264
1350 504
895 505
371 506
371 370
371 209
641 349
641 507
263 508
263 509
263 510
263 511
263 512
1351 513
1352 66
1352 134
994 514
709 515
850 516
850 517
850 518
850 519
850 520
850 521
850 522
1353 523
1353 524
764 525
764 144
1354 288
1355 55
277 82
447 526
1356 92
1356 527
1218 249
403 404
760 34
843 528
843 529
90 152
443 65
443 530
443 531
443 532
443 98
1123 533
1357 534
300 65
1070 11
1070 498
1070 504
1129 204
778 535
778 411
454 5
454 460
97 86
473 536
473 537
473 538
473 539
422 71
419 71
419 209
777 411
487 345
1358 540
1358 541
1358 460
78 542
78 66
1359 543
1359 544
1359 545
1360 546
1069 468
1361 360
965 547
1362 548
1362 549
1362 550
1362 551
1156 552
1156 553
1156 554
932 218
932 258
195 555
1363 556
756 557
756 363
985 10
867 275
867 558
867 559
414 82
1364 560
101 561
226 562
226 47
1365 563
1366 564
1366 565
1366 566
1217 567
1217 568
589 140
1179 384
1367 569
488 570
335 65
335 315
688 571
688 572
1368 193
937 573
387 526
387 66
387 574
425 370
1369 33
1030 124
613 55
361 575
711 127
858 242
404 576
404 66
506 39
506 115
1370 451
1371 577
1372 578
1373 579
1373 580
1373 5
1374 581
235 256
346 298
346 272
346 66
346 11
346 582
346 583
346 584
346 585
346 586
1062 4
1094 20
636 426
754 587
754 311
1375 588
140 256
140 2
140 589
653 65
653 33
1008 590
343 479
343 158
343 591
1044 419
1044 13
1044 111
891 592
1173 593
1185 594
1185 206
1376 66
1229 65
208 595
208 596
1377 597
318 598
1378 229
625 592
625 321
1379 599
1380 191
925 600
1381 594
1382 454
104 601
1133 602
1133 603
585 11
585 346
1383 347
1384 604
1385 605
94 60
94 424
94 33
94 606
872 607
1386 608
1386 609
1387 415
1056 13
1056 558
1157 594
750 610
750 611
750 66
750 382
750 612
55 613
55 301
55 217
55 123
55 65
55 370
55 264
55 72
55 19
55 614
55 152
1388 615
1389 569
1390 383
112 33
1391 616
663 33
1392 617
1393 38
301 618
1394 619
1395 39
1395 620
228 256
495 621
821 246
562 226
222 622
222 282
67 623
664 624
321 379
321 625
321 143
1059 626
1059 627
1059 628
1059 629
1059 630
1059 631
1059 490
1396 66
1397 476
334 632
334 633
334 634
334 551
757 324
757 635
1398 382
1399 636
1400 25
1401 637
1401 66
1402 638
227 256
227 236
1147 492
203 542
203 639
582 346
582 463
1010 640
1403 13
853 374
853 641
853 65
33 303
33 5
33 642
33 643
33 279
33 321
33 644
33 645
33 646
33 647
33 382
33 264
33 648
33 649
33 68
33 650
33 394
33 651
33 158
33 652
33 653
33 654
33 655
33 656
33 657
33 71
33 13
33 126
33 204
33 112
33 43
33 65
33 658
33 659
33 72
33 660
33 661
33 662
33 663
1404 664
302 443
302 107
302 665
302 666
302 667
1405 43
1406 415
803 484
887 65
887 561
120 668
1113 273
669 669
669 670
1407 671
643 11
643 16
643 672
398 10
398 673
790 674
790 675
790 676
790 102
1408 677
1409 34
49 58
49 152
737 678
737 321
1410 679
1410 680
1410 681
1410 682
77 65
77 561
1018 645
1411 248
402 683
402 684
402 402
393 13
1412 685
1413 157
1413 518
35 686
60 10
60 105
330 154
126 117
736 687
192 203
192 688
1414 518
385 115
385 689
656 288
158 343
158 690
158 691
465 153
1415 66
637 692
637 572
908 209
1051 13
683 402
851 693
298 694
298 695
298 696
298 226
298 543
298 209
1416 388
1417 697
1417 127
154 258
154 698
154 699
154 700
154 701
408 66
452 702
452 703
1418 704
1419 66
980 342
1420 10
1151 705
290 706
1421 707
1422 93
317 414
515 708
515 709
515 253
1423 277
642 26
225 433
225 710
1148 711
809 639
1424 66
1424 416
252 303
252 712
252 56
1028 478
163 713
1425 65
1426 714
1426 260
912 715
912 716
1427 717
1428 274
818 204
818 344
818 718
818 719
818 431
818 497
32 720
32 1
32 647
476 721
936 722
463 470
463 3
463 294
1429 345
906 723
1430 595
1431 60
1432 11
1433 41
1434 724
497 725
497 146
497 726
497 116
497 386
0 66
1435 513
680 681
193 727
193 41
193 728
1436 729
69 394
69 730
69 407
69 731
69 732
1437 733
539 473
616 734
616 735
687 736
1438 737
257 60
654 64
654 33
556 38
389 66
389 134
1439 22
336 13
336 315
977 738
977 30
1440 124
822 246
1116 191
1116 40
1116 739
98 740
98 13
98 151
98 741
1441 60
341 637
341 742
288 743
288 744
288 745
288 746
288 89
1186 65
1442 747
135 2
423 748
423 749
1443 294
382 33
382 750
382 11
382 751
382 13
382 752
961 753
748 423
1444 754
1202 755
324 756
324 13
324 757
34 758
34 647
34 759
34 33
34 217
34 760
115 506
115 72
115 385
115 127
1078 269
1078 39
1078 365
130 72
967 54
250 761
250 762
250 763
525 764
1017 765
93 624
93 766
93 338
93 767
93 768
877 407
877 769
877 770
1445 771
415 772
415 20
415 773
909 209
18 774
18 775
18 776
411 777
411 66
411 778
411 561
949 4
949 271
1446 39
801 779
801 780
801 153
3 150
1228 65
1228 781
91 782
91 72
91 143
91 279
91 783
199 45
199 784
199 785
199 786
199 787
199 788
1447 66
1448 789
1449 115
491 261
674 790
674 676
1450 791
900 792
1451 414
325 793
325 739
1023 794
1023 795
1452 39
1037 13
86 796
82 274
596 797
170 177
391 798
391 799
779 800
779 801
779 425
1107 802
484 11
484 803
484 804
211 793
211 805
870 237
511 263
1453 151
913 806
913 807
1184 191
1454 432
1455 347
1004 64
1456 148
1457 145
136 645
74 808
1125 809
1458 200
1459 504
168 201
297 810
1084 548
1084 811
1460 812
1461 813
1462 814
1463 649
1464 38
940 815
1465 556
1131 369
464 13
464 379
464 65
464 816
1081 156
219 65
175 176
279 53
279 33
1466 817
1466 13
1466 151
1466 493
125 72
1467 818
1467 260
1467 819
246 820
246 821
246 822
246 823
246 824
246 825
246 13
388 2
388 66
388 400
926 826
768 93
1060 4
107 827
107 569
107 302
1077 828
837 96
1468 38
214 16
214 209
1469 11
917 829
917 830
917 831
917 832
917 833
917 13
1149 834
1470 108
890 835
96 836
96 315
96 837
96 838
1471 171
1472 65
1473 342
614 624
614 13
614 839
614 209
429 840
1075 841
529 842
529 843
1032 13
427 37
427 844
427 845
1474 846
854 643
854 847
700 154
445 576
735 616
92 131
92 848
92 849
519 850
561 391
376 11
376 308
376 443
376 467
376 479
693 851
1475 6
1476 850
1477 844
386 852
386 497
997 771
155 634
638 40
372 217
372 659
372 9
670 390
1478 65
1478 124
1478 24
847 13
847 853
847 854
1479 855
1479 307
1020 528
262 509
978 515
159 91
1480 856
989 128
604 124
604 741
526 857
526 447
1082 156
242 858
242 859
1481 834
1482 860
1483 60
88 22
88 861
88 87
88 862
88 863
432 812
939 158
761 864
1222 865
651 128
713 163
1168 5
1168 866
1168 18
586 346
1484 687
275 528
275 867
275 379
1127 204
1204 868
1204 13
1204 221
1485 188
1486 16
1486 869
1487 170
238 401
220 622
148 668
311 309
311 870
311 103
311 40
311 754
311 716
311 85
819 248
400 66
1488 344
1489 65
1490 601
999 64
1491 871
1492 690
431 818
431 872
431 873
1493 345
1494 134
438 874
696 298
696 875
26 876
1495 647
407 69
407 877
407 767
407 862
1061 4
1061 878
1104 20
1105 394
1105 20
1496 879
340 850
340 880
340 816
1497 13
1498 81
85 881
85 882
85 883
959 753
1499 42
319 598
990 884
1500 885
1500 124
1501 101
326 793
326 13
1085 886
70 887
70 888
70 101
1502 13
113 889
835 890
1503 66
1504 382
592 625
592 891
1505 11
1505 43
1505 347
1506 72
448 892
1507 127
337 315
1508 560
1080 893
1509 529
504 242
946 894
946 367
946 65
946 719
223 622
505 895
505 587
797 896
1510 41
1511 897
1512 606
11 338
11 898
11 842
11 346
11 143
11 382
11 585
11 484
379 217
379 464
924 200
1513 799
1514 345
442 899
792 39
792 900
792 606
792 294
792 901
792 128
792 13
792 285
792 783
799 391
119 33
1515 902
1516 10
933 65
420 71
1026 903
1517 33
883 85
248 273
248 904
248 905
248 281
723 906
87 741
87 863
970 907
395 66
209 899
209 595
209 36
209 65
209 908
209 909
209 433
209 910
209 419
209 128
209 394
209 911
1518 33
1518 912
1518 93
1519 150
1520 913
359 914
359 915
207 595
518 850
123 72
1521 81
430 916
832 917
1522 103
942 918
1523 601
1524 542
1525 919
538 920
538 921
1526 38
1526 484
931 922
1527 923
1528 924
1529 769
600 925
973 33
1530 926
451 11
451 13
451 755
1531 927
1532 733
1533 928
951 154
1534 929
1535 930
1536 58
922 931
922 71
218 40
218 704
218 932
218 16
1537 415
1537 529
133 267
1538 933
1539 256
685 391
224 622
224 614
224 647
160 201
1540 934
1 720
1 935
722 936
573 13
573 937
1541 938
691 939
1542 584
308 60
308 103
308 376
918 37
1543 22
1207 221
1544 13
134 2
134 607
134 66
134 914
734 616
57 315
57 940
57 928
57 264
57 941
57 13
675 790
1545 387
1546 40
1547 930
1192 37
1192 942
1548 400
992 943
992 944
992 945
992 946
284 947
284 65
284 948
284 24
152 99
271 39
271 65
271 949
271 124
271 950
271 128
271 13
286 258
286 951
286 13
286 154
1089 20
935 1
1549 241
798 415
599 274
599 128
1550 952
1114 953
1551 954
742 341
1552 624
1118 955
68 394
68 65
68 33
44 956
707 957
707 128
753 486
753 144
753 4
753 958
753 959
753 960
753 961
753 962
566 153
566 703
1174 413
995 963
1553 66
1554 964
116 241
116 115
116 72
1555 913
545 965
1556 966
54 967
54 264
54 121
1096 20
1557 66
1557 770
1162 259
769 877
1558 256
51 264
51 143
624 614
1559 968
1559 294
1045 13
461 356
533 360
1117 122
1560 965
1224 11
1224 969
397 66
907 970
366 697
366 694
366 72
197 971
197 972
197 65
197 242
197 912
197 973
197 72
197 499
197 974
197 812
1561 975
634 334
634 155
287 796
30 738
30 976
30 977
30 978
1216 184
1562 979
342 980
1110 981
1563 869
1564 392
1565 982
59 60
59 836
1203 755
1566 983
409 740
381 984
1567 279
128 985
128 599
128 5
128 986
128 987
128 271
128 812
128 988
128 758
128 989
128 555
128 707
128 651
128 84
128 563
128 335
128 880
128 221
128 720
128 13
128 204
128 480
128 65
128 66
128 340
128 990
128 991
128 209
991 128
304 251
1199 782
943 992
1171 92
95 993
95 514
95 260
95 994
95 834
1568 594
1569 66
1570 417
1571 309
79 349
1572 308
963 11
963 995
1573 81
1574 996
1575 997
1576 998
31 647
31 999
31 1000
1006 64
1210 1001
1577 455
911 209
587 13
587 505
64 1002
64 654
64 1003
64 890
64 749
64 1004
64 334
64 1005
64 1006
64 725
64 1007
590 1008
590 1009
640 1010
1578 1011
25 1012
25 338
25 1013
25 1014
25 77
25 1015
606 94
606 1016
108 362
1579 1017
645 2
645 430
645 1018
434 1019
89 863
572 637
572 688
1580 345
528 275
528 65
528 1020
528 843
528 1021
73 1022
73 1023
1581 518
1582 81
239 39
239 239
239 1024
239 202
444 1025
781 384
852 386
1583 81
1584 594
1585 151
450 171
903 1026
516 850
1586 736
1587 432
1588 152
1589 693
478 1027
478 412
478 1028
1590 1029
124 1030
124 0
124 65
124 741
124 217
124 58
124 72
124 155
124 271
124 1031
231 256
1591 614
1592 39
13 1032
13 867
13 971
13 1033
13 1034
13 91
13 260
13 71
13 424
13 115
13 99
13 1035
13 296
13 258
13 271
13 792
13 847
13 587
13 1030
13 697
13 1036
13 606
13 1037
13 555
13 298
13 33
13 905
13 1038
13 1039
13 392
13 393
13 1040
13 1041
13 10
13 1042
13 209
13 1043
13 335
13 336
13 1044
13 412
13 16
13 655
13 1045
13 1046
13 464
13 1047
13 1048
13 1049
13 326
13 422
13 184
13 384
13 1050
13 246
13 24
13 451
13 1051
13 1052
13 65
13 66
13 55
13 1053
13 1054
13 1055
13 128
13 614
13 7
13 206
13 1056
13 1057
176 175
40 885
1593 433
1594 1042
43 65
43 1058
43 378
1595 1059
309 22
309 38
309 103
460 580
1038 13
1038 1000
52 968
4 1060
4 150
4 949
4 305
4 1061
4 753
4 1062
1596 340
823 1063
823 246
1597 1064
469 1065
1598 439
668 241
668 60
668 148
668 120
668 72
692 86
1599 1066
1021 1067
468 1068
468 1069
117 72
498 646
498 1070
498 312
1194 81
841 1071
841 1072
841 1073
841 1074
841 1075
841 316
1188 1076
1600 65
1601 199
1602 42
828 1077
269 39
269 1078
269 65
269 33
269 401
269 1079
269 1054
269 59
269 1080
520 850
1603 365
537 473
1189 260
571 688
571 454
156 1081
156 1082
156 1083
156 938
548 1084
1604 1085
474 703
522 38
253 515
1605 1086
36 576
36 391
36 1013
36 209
139 1087
1606 10
1606 71
202 239
202 75
20 1088
20 1089
20 1090
20 1091
20 281
20 1092
20 435
20 1093
20 1094
20 1095
20 1096
20 1097
20 1098
20 455
20 1099
20 1100
20 1101
20 1102
20 1103
20 1104
20 1105
20 1106
20 153
20 415
1607 60
802 1107
802 9
106 974
106 1108
106 1109
106 1110
1608 269
859 242
1609 2
910 1111
910 209
230 1112
1130 369
1130 635
1130 128
1055 65
1610 399
1611 1113
1612 16
1613 66
446 392
1041 13
953 1114
1614 370
1615 1115
563 274
739 1116
122 72
122 1117
1616 1118
1617 793
676 674
676 1119
1618 1120
1163 1121
1619 1122
1620 815
1621 720
1622 404
1623 1123
240 1124
1624 1125
1625 1126
732 374
204 24
204 13
204 1127
204 65
204 479
204 71
204 1128
204 128
204 818
204 421
204 1129
204 253
369 1130
369 33
369 1131
369 1132
369 99
369 13
602 1133
1626 1134
1627 65
1627 66
437 564
437 1135
1628 715
1237 858
661 121
804 484
58 124
58 99
58 580
1629 1136
1236 65
1236 190
84 1137
84 65
84 128
84 1138
84 1139
1630 115
1630 33
762 250
762 850
762 585
762 761
1242 1140
485 366
485 1141
485 1142
485 1143
702 452
1150 510
1150 834
811 1084
811 1144
1631 582
678 1122
678 260
678 1145
1632 13
182 184
1633 66
829 917
834 95
834 1146
834 1147
834 1148
834 896
834 214
834 492
834 1149
834 1150
740 373
705 1151
189 190
189 1152
1634 65
1000 31
1000 203
215 251
215 16
215 1153
1054 13
1635 84
1636 1154
901 792
1637 1155
1227 1048
1227 65
554 1156
1119 676
594 1157
1638 1144
1639 1158
1639 1159
316 370
1034 65
245 881
310 103
627 1059
1640 1160
289 330
289 1161
744 469
426 636
426 33
842 247
842 529
842 281
842 764
1239 673
1641 436
259 1162
1121 1163
1642 294
765 1112
916 430
1643 1164
1201 1165
363 756
363 1166
716 733
701 154
1644 1167
866 1168
10 1169
10 985
10 398
10 1170
10 659
10 60
10 13
1043 33
1645 385
172 201
839 614
574 1171
399 66
1220 815
1646 1172
149 1173
869 534
869 118
576 1174
347 124
347 222
347 660
941 57
1647 1146
921 693
921 538
384 781
384 1175
384 42
384 555
384 1176
384 1177
384 1178
384 1179
384 71
384 60
384 13
384 1180
384 65
1648 85
1209 394
1649 1181
1211 1001
320 459
320 733
1650 334
76 542
401 238
1651 587
331 154
1652 134
1653 33
1654 860
1655 1066
1656 71
1656 150
608 1182
237 256
1657 715
1657 237
1657 635
1095 20
1658 720
132 65
132 1000
132 1183
191 648
191 638
191 260
191 1184
206 1185
206 13
206 380
1659 72
618 55
770 1186
770 877
1660 95
1660 103
338 39
338 315
338 347
338 11
338 93
338 128
338 152
1661 1000
826 926
229 256
1662 1187
1076 1188
260 1189
260 1032
260 1190
260 66
260 1191
1167 443
37 427
37 918
37 1013
37 151
37 1192
1663 1193
1664 103
1664 733
644 33
1665 350
81 42
81 1194
81 1195
81 1196
270 39
490 565
19 774
19 55
456 1111
456 261
456 252
1666 564
1667 755
1668 203
164 201
305 4
305 542
305 66
305 274
305 93
557 756
1669 1197
1195 72
1195 81
272 39
272 312
771 997
390 152
390 561
492 1198
492 1147
492 834
517 850
896 797
896 834
782 1199
782 1200
904 248
1670 57
950 271
950 1201
950 65
373 740
198 20
899 209
635 1130
48 152
50 264
697 366
697 13
697 581
157 690
157 238
755 1202
755 719
755 1203
221 1204
221 694
221 1205
221 34
221 214
221 33
221 65
221 339
221 1206
221 16
221 622
221 128
221 1207
221 1208
1001 836
1001 1209
1001 315
1001 1210
1001 873
1001 487
1001 65
1001 279
1001 264
1001 60
1001 405
1001 1211
291 1212
471 1213
1671 66
470 463
449 380
144 11
144 792
861 1214
861 88
861 272
861 1215
767 407
184 182
184 1216
184 295
184 96
184 13
184 1145
481 597
567 1217
249 1218
249 281
1672 39
1672 281
1672 16
457 1068
815 57
815 1219
815 1220
299 1221
299 1222
299 857
299 668
299 1223
358 66
358 915
569 107
367 217
367 64
969 1224
969 294
1673 56
1674 1225
972 1226
65 1227
65 1228
65 1034
65 416
65 77
65 950
65 1229
65 271
65 433
65 710
65 197
65 1230
65 68
65 792
65 735
65 33
65 933
65 394
65 1040
65 209
65 653
65 1231
65 335
65 655
65 294
65 464
65 1232
65 219
65 1233
65 1234
65 1235
65 384
65 443
65 13
65 300
65 43
65 451
65 132
65 55
65 1055
65 72
65 128
65 7
65 649
65 1236
1675 1237
1676 646
405 66
1677 1238
1678 424
127 115
127 711
673 615
673 415
673 1239
1679 877
813 1240
1680 1241
1140 1242
1681 1243
129 72
146 15
1065 469
