1659 0
411 1
411 2
169 3
1110 4
1110 5
34 6
681 7
681 8
681 9
681 10
681 11
457 12
457 13
1660 14
45 15
45 16
45 17
45 18
45 19
608 20
849 21
1661 22
647 23
1662 24
623 25
623 26
623 27
623 28
1663 29
1026 30
1026 31
920 32
1639 33
1664 34
1664 35
1665 36
1035 37
1666 38
18 39
18 12
18 40
18 41
18 42
18 43
18 44
18 45
582 46
582 47
582 48
582 49
582 50
582 51
582 52
582 53
117 54
117 55
117 56
117 57
117 58
1065 59
1667 60
1667 61
940 62
1340 63
1340 64
1340 65
988 66
1668 67
127 68
127 69
127 70
1669 71
734 72
1670 73
1671 74
1672 75
1673 76
662 77
662 78
662 79
662 80
68 81
68 82
68 83
1674 84
1097 85
588 49
299 86
299 87
299 88
299 89
1632 90
802 91
802 92
1093 93
1093 94
1675 50
1302 95
591 96
591 97
172 98
1676 99
749 100
749 101
1537 102
1677 103
1443 104
212 105
501 106
471 107
1554 46
1653 108
1653 109
1678 110
1679 111
1680 112
772 113
772 114
1681 115
1682 116
55 69
55 117
1683 118
761 119
761 120
761 121
1684 122
1684 123
1684 17
1685 124
914 125
1686 126
1687 127
130 128
1181 129
128 130
128 131
642 132
863 133
863 134
1247 135
1247 136
1247 137
1688 138
1689 139
1689 140
241 141
241 142
241 143
168 3
1412 144
1690 145
1691 37
1211 146
1211 147
1211 148
1692 149
1693 67
605 150
605 151
605 152
605 153
605 154
605 155
446 156
1694 157
553 158
1695 159
1696 160
1697 161
1698 162
562 163
562 164
3 165
3 78
3 166
3 167
3 168
3 169
1699 111
1700 170
375 171
375 172
375 173
375 174
375 107
717 175
1512 176
1701 121
646 177
70 178
70 58
688 179
1516 176
1702 180
1703 181
1704 182
624 27
1486 183
1705 45
255 92
255 184
1591 185
1591 186
1706 187
266 188
266 189
266 190
266 191
686 192
686 41
59 147
59 193
59 194
59 195
59 196
569 197
1707 198
1708 199
924 200
1709 201
826 202
97 203
1263 204
460 205
278 174
278 163
278 206
278 94
278 207
1710 208
157 209
157 210
1711 160
843 211
843 212
1712 213
1221 214
1713 215
1714 216
1714 217
415 2
364 218
364 4
364 219
364 220
364 221
1715 222
1715 223
1716 217
1717 224
1717 50
1717 225
476 158
476 107
848 226
1718 227
281 228
1571 229
1571 28
893 230
852 111
1227 231
1227 67
885 232
1719 233
1153 234
449 235
449 236
1720 237
1615 238
142 239
142 240
142 90
142 202
142 49
142 241
142 242
142 243
142 244
518 146
1721 245
287 193
287 246
1390 247
1722 240
1366 248
958 249
1723 250
1724 251
524 252
981 11
1400 253
1401 106
1725 254
184 255
184 256
184 257
184 163
970 258
1726 83
753 259
1341 260
289 261
289 262
289 263
289 47
289 107
289 193
289 264
289 4
289 265
289 5
289 266
289 267
289 174
289 268
290 269
290 193
290 270
441 271
441 213
441 272
403 273
403 274
1269 275
493 21
493 276
1727 277
877 278
877 279
1728 280
1729 281
1730 187
1731 282
741 283
741 284
1732 285
193 25
193 267
193 286
193 287
193 47
193 288
193 289
193 290
193 182
193 291
193 292
193 239
193 175
193 293
193 294
193 295
193 296
193 297
193 298
193 299
193 300
193 174
193 301
193 270
193 302
193 49
193 303
193 107
193 304
193 305
1733 306
1733 272
754 307
1323 308
1142 309
1142 310
1734 230
1064 311
1064 312
1435 313
361 314
361 315
361 316
361 317
361 106
361 318
1350 57
388 99
388 319
388 320
388 317
388 321
388 322
1490 323
1133 324
1022 325
1022 326
1022 327
213 328
213 329
463 330
463 331
1735 332
1735 333
1736 138
901 334
901 335
901 336
901 337
1507 338
422 339
16 37
1737 340
306 341
306 306
306 335
306 342
306 343
306 344
306 345
306 346
306 240
306 185
306 347
306 348
306 349
306 106
306 350
306 351
306 11
1738 352
1455 353
641 354
1739 355
67 356
67 357
67 185
67 358
67 316
67 359
67 360
315 361
315 362
315 363
315 364
315 365
1214 215
1740 181
1610 357
309 366
1244 181
574 167
574 367
1100 140
927 200
927 368
928 369
928 263
928 288
928 370
928 89
928 371
928 364
928 372
928 250
144 373
1741 374
948 50
948 301
1742 375
377 376
377 377
689 89
683 192
756 318
1313 63
1313 378
1313 379
1066 380
1743 49
245 381
245 382
245 192
245 383
245 384
1257 385
317 361
317 386
317 380
317 387
317 388
317 389
317 390
317 317
317 391
317 392
383 245
61 393
284 394
284 395
1648 396
1431 397
1416 183
1476 52
186 272
1421 398
1573 28
479 106
1744 399
274 400
274 401
274 402
274 403
274 404
274 405
274 406
1542 407
1542 408
1745 409
482 46
482 221
482 107
482 410
482 174
482 189
2 411
2 412
2 413
2 414
2 26
2 415
2 416
2 417
15 46
1027 107
1027 418
1027 31
1746 143
1106 335
1652 106
1018 419
491 420
491 195
904 185
904 421
707 221
1233 26
1233 2
1471 104
671 422
1158 423
1747 90
1748 424
1748 425
1748 426
1748 427
1748 428
1748 429
1749 430
1604 431
1604 432
1750 433
1489 235
1489 434
803 435
803 436
803 394
803 37
1751 437
1752 438
1118 300
1118 439
1118 440
1118 234
1287 441
598 164
598 46
598 442
598 443
1753 444
1754 388
156 445
156 446
1755 447
1482 448
1597 6
1756 449
1756 450
137 451
227 301
1757 329
1758 185
1618 66
752 452
1759 309
845 453
845 454
845 455
845 456
845 301
39 457
1760 458
1162 129
1162 288
1761 459
205 460
205 461
1270 462
1762 67
1763 463
523 464
786 465
786 466
1031 467
937 468
1764 142
823 237
1152 469
1451 470
107 78
107 262
107 104
107 131
107 471
107 4
107 472
107 272
107 473
107 46
107 474
107 475
107 476
107 477
107 478
107 479
107 268
107 234
107 189
107 480
107 164
107 481
107 174
107 482
107 301
107 100
107 483
107 484
107 375
107 485
107 106
107 486
107 305
423 487
1139 140
1765 46
1437 488
1437 100
1191 372
888 489
1766 19
1766 45
842 74
976 394
1298 490
1298 491
276 380
276 46
276 492
276 493
276 158
276 494
276 495
276 11
1012 496
1012 497
106 498
106 306
106 499
106 500
106 345
106 501
106 502
106 143
106 503
106 458
106 504
106 505
106 361
106 506
106 507
106 508
106 479
106 0
106 189
106 509
106 316
106 448
106 510
106 511
106 512
106 2
106 301
106 107
106 240
106 203
106 513
106 358
106 514
106 515
106 516
106 517
444 364
1767 372
1768 518
858 519
718 175
1258 520
1769 521
1769 522
1237 146
48 78
48 46
48 49
1770 110
464 523
410 482
410 524
878 525
1173 526
1173 129
1098 195
1098 527
1098 528
341 306
341 240
570 529
570 530
570 531
1538 532
1771 533
936 534
1119 535
1119 536
1119 436
295 265
19 93
19 537
1145 538
1772 377
1772 539
1772 540
1772 541
1772 542
1772 543
1772 544
1772 545
1772 546
1030 283
915 547
1127 548
685 192
498 174
498 106
498 549
498 37
498 550
262 105
262 551
1063 179
158 552
158 553
158 554
1773 319
507 106
1774 555
1151 556
81 557
81 46
81 558
81 47
81 559
81 560
81 454
81 561
81 562
81 563
81 330
81 52
81 564
81 565
359 566
359 67
1775 431
351 567
351 537
351 203
351 221
351 475
1776 32
348 568
197 569
530 4
530 103
530 570
530 571
530 572
1042 78
1042 573
264 289
367 574
367 575
1777 576
1562 4
1562 46
1562 577
1562 578
1778 579
1778 21
1778 580
1779 66
49 78
49 581
49 136
49 582
49 583
49 46
49 442
49 584
49 48
49 585
49 586
49 587
49 588
49 589
49 142
49 590
49 591
49 592
49 193
49 593
49 243
49 594
49 595
49 596
1780 295
1137 597
1137 537
443 78
443 239
443 598
886 599
886 600
886 601
1001 35
1492 602
1492 603
969 39
969 12
969 604
1781 92
1782 605
1073 606
1073 607
20 608
20 26
20 609
20 317
20 610
20 611
815 612
1468 613
1783 614
1029 615
1029 616
1029 14
1500 230
1088 617
727 618
1408 538
740 619
740 620
771 621
1289 435
1289 514
1784 114
1785 622
27 623
27 624
27 25
1786 625
1787 81
551 626
551 262
551 627
551 74
551 131
551 628
551 265
551 629
551 630
551 68
551 392
551 52
516 434
1788 631
1409 632
1409 633
1409 634
374 635
374 636
661 133
661 113
661 242
661 637
661 298
661 638
661 495
661 639
661 640
661 381
661 641
661 642
1140 643
1140 644
40 18
401 274
704 221
704 47
677 645
677 78
677 212
677 646
1789 110
1790 647
682 306
682 192
1791 648
1792 161
1557 46
314 649
1793 301
1794 402
1795 650
1795 485
291 651
1796 652
821 237
234 107
763 653
763 114
418 654
1797 655
1797 656
1798 657
933 658
933 659
362 315
362 660
298 661
80 662
1799 73
568 348
216 87
1800 663
1801 664
968 665
122 123
1802 110
1803 666
1121 603
426 109
1804 558
1213 123
1213 667
1213 147
1213 193
344 306
344 668
344 349
1113 669
1805 670
939 0
1202 146
1511 176
929 498
929 671
929 625
929 672
1806 673
669 536
669 674
669 675
669 676
669 4
1807 677
1807 143
1808 678
153 605
857 198
857 679
1321 308
1809 221
918 590
1248 680
75 546
732 72
10 681
10 430
637 661
745 376
192 682
192 683
192 684
192 245
192 685
192 686
89 687
89 688
89 477
89 689
89 301
60 132
60 690
1330 238
1330 691
1810 433
1054 692
1811 693
269 694
1812 695
1813 696
1813 697
1814 698
917 212
1058 699
1815 700
513 701
513 98
1816 702
221 185
221 703
221 288
221 704
221 4
221 613
221 705
221 706
221 707
221 708
221 351
1817 625
135 456
1818 709
472 696
461 710
461 711
461 244
1819 712
825 222
825 713
825 19
825 714
697 333
1820 131
1821 715
621 114
1822 716
1822 37
1822 355
1823 212
175 717
175 431
175 718
1824 719
1824 362
189 720
189 482
189 721
189 301
189 107
189 47
189 722
189 723
189 266
189 724
189 725
974 726
1825 221
618 727
618 203
1635 728
1635 729
896 584
1546 730
405 274
1019 731
72 732
72 733
72 734
1826 735
392 317
392 288
392 46
392 380
392 551
222 104
222 548
222 227
222 625
222 736
1827 737
1828 655
1117 738
1117 739
1117 4
576 86
576 277
576 340
620 740
283 107
283 741
283 742
283 654
283 47
699 743
376 744
376 745
376 377
376 31
376 4
666 96
666 746
666 747
1829 0
1052 748
1830 749
1831 110
1057 750
1144 751
1832 752
711 205
711 461
711 254
259 753
307 754
1284 755
1425 116
1425 90
318 361
318 38
318 756
318 194
318 735
318 279
318 296
318 757
318 758
318 759
318 760
1253 195
1253 761
1833 762
58 763
58 764
58 70
58 97
58 765
246 766
246 767
246 287
246 768
54 117
1649 396
1649 739
728 6
728 769
114 770
114 693
114 771
114 302
114 296
114 454
114 6
114 772
1458 773
1458 774
1458 775
1458 671
1834 776
1835 777
1459 778
1459 691
1459 178
1459 779
1241 780
1241 781
1183 174
1478 104
514 106
1464 782
1 411
1836 9
1837 340
1398 783
120 119
120 761
1838 784
1839 785
465 786
1102 329
651 787
651 291
1483 788
236 789
1840 479
1840 790
1841 735
1842 791
916 590
389 317
1843 458
1568 63
1568 792
1844 793
1844 794
1844 221
1844 795
1844 796
1844 797
1844 798
906 714
906 799
1845 800
1846 801
91 802
1847 803
1439 804
985 549
985 805
1848 806
965 807
1550 808
1550 512
891 809
1084 78
244 810
244 142
244 811
244 812
702 813
402 21
402 274
1565 11
639 814
583 49
631 700
612 815
612 816
188 188
188 288
188 266
1849 817
1614 174
1043 818
1043 759
1043 515
822 819
822 433
1617 380
1617 820
1473 104
1473 433
237 821
237 541
237 822
237 823
237 766
1628 381
1628 642
202 824
202 825
202 826
202 827
202 271
202 142
202 828
202 829
202 739
1850 229
1851 553
724 189
617 646
617 78
329 830
329 441
329 47
329 458
329 301
440 831
440 4
440 832
440 833
440 475
1334 834
1334 835
1566 836
1566 11
1852 837
676 838
676 669
272 441
272 107
272 571
272 219
1853 839
593 49
593 840
1205 841
1854 842
211 843
1403 746
182 2
182 844
456 845
1256 385
1256 11
1256 846
889 646
889 847
226 848
1855 46
21 5
21 493
21 580
21 849
379 292
1856 850
111 851
111 852
111 853
111 324
1857 494
1858 854
1049 855
1023 325
1023 856
594 49
1099 792
1099 819
1099 735
1099 430
1099 67
198 857
495 276
519 858
1859 276
1860 738
1860 859
1861 636
1862 753
474 107
1863 544
1863 485
531 4
531 193
531 860
876 861
1864 666
1865 2
83 68
296 361
296 78
296 220
296 862
296 443
296 49
296 114
296 193
296 863
1866 864
706 221
706 781
1867 655
592 49
1654 485
1654 106
534 599
534 865
1642 866
1642 867
1642 106
1535 176
1371 868
1377 93
1868 869
1345 655
1869 398
1264 845
586 46
586 870
1583 178
1870 205
1207 538
154 871
1871 457
1034 37
737 872
1872 873
1873 874
1303 875
370 876
370 219
370 877
525 878
971 515
971 238
971 12
356 394
1643 191
1061 879
1076 319
1076 338
1076 22
853 880
1874 342
452 752
452 881
1875 882
1876 277
1876 195
1658 883
1658 397
1877 288
121 884
600 885
600 886
84 106
864 668
864 589
1878 887
1879 888
847 889
1228 260
1228 890
1086 891
257 892
257 129
257 57
257 184
257 893
257 894
257 92
1527 176
69 127
69 55
69 895
69 90
69 896
1880 107
664 897
664 140
664 458
1881 195
1882 898
1883 825
1884 899
1884 110
998 900
872 670
872 901
872 902
872 95
1441 903
1885 700
1885 652
1886 804
1887 21
1888 699
1889 904
1890 905
714 825
714 906
113 661
113 772
1891 144
975 907
975 908
1892 195
1893 174
1626 909
1626 910
63 911
63 318
63 512
63 433
1894 145
1894 67
1895 110
340 576
1896 301
1036 110
1897 90
1898 489
1899 146
1637 912
1637 703
1060 913
1238 146
1238 493
125 914
547 915
590 916
590 917
590 49
590 918
590 4
590 288
1002 919
32 920
87 336
87 299
87 921
1309 176
629 551
1900 807
1201 560
1201 922
1388 390
1901 681
1901 174
1901 923
200 924
200 925
200 926
200 178
200 927
1902 624
1902 928
672 929
1307 128
1307 930
1307 258
973 253
1279 931
1279 875
1903 655
1904 932
658 933
1905 934
1906 433
51 935
51 582
865 936
1150 430
0 435
0 937
0 938
0 121
0 939
0 235
0 415
0 203
0 655
0 89
0 394
0 106
0 364
808 502
1907 826
265 664
265 940
265 941
265 942
265 551
1494 943
1215 132
1215 709
1908 57
1540 301
301 78
301 134
301 308
301 329
301 944
301 4
301 185
301 46
301 945
301 624
301 89
301 267
301 946
301 947
301 511
301 174
301 948
301 949
301 227
301 950
301 845
301 107
301 193
301 454
301 951
301 443
301 106
301 952
301 189
1647 953
190 552
190 333
1909 921
1068 954
1068 456
1108 955
766 956
1420 957
1420 958
1420 959
1420 52
1348 960
1348 961
155 605
155 962
1111 4
1910 963
942 265
942 131
942 964
773 965
595 49
1911 448
8 174
1383 288
268 107
665 966
665 203
665 967
665 813
665 968
665 272
12 969
12 970
12 966
12 775
12 655
12 18
12 971
12 972
12 98
12 457
1912 433
253 973
253 676
726 974
726 642
1913 975
1913 32
442 738
442 484
442 976
442 400
442 977
1016 224
1059 978
1059 162
1114 4
1114 129
654 418
654 979
654 910
1502 230
1502 980
911 63
911 981
911 982
911 263
90 142
90 983
90 984
90 985
90 986
66 987
66 777
66 988
1914 525
271 585
271 441
271 989
271 202
505 106
1223 990
1915 991
1148 992
698 993
698 653
698 276
698 994
277 576
277 430
1916 786
1116 4
1116 995
1116 458
1917 246
1917 996
805 985
805 305
997 267
997 11
997 997
997 67
900 998
437 999
1394 454
1242 1000
925 200
1918 1001
1918 1002
1592 1003
1044 657
1044 47
1919 988
1920 1004
1920 301
1921 639
1922 98
1922 457
1095 1005
1923 431
86 276
86 492
1924 1006
1925 1007
199 1008
1926 1009
515 971
515 1010
515 1011
515 106
1927 124
497 1012
1928 613
1928 1013
1609 1014
1929 281
224 932
224 1015
224 1016
224 492
224 504
758 318
1930 855
1931 111
252 316
252 460
1370 1017
1370 1018
696 219
696 194
1104 100
1104 4
1104 1019
1104 221
1299 1020
1299 1021
325 562
325 1022
325 1023
31 1024
31 420
31 1025
31 1026
31 1027
31 768
31 376
1932 888
1933 129
171 1028
615 1029
467 1030
467 1031
1124 1032
1124 209
103 191
103 1033
1934 26
37 1034
37 1035
37 702
37 301
1935 310
1935 89
217 310
1069 1036
1069 926
1045 1037
1936 1038
1384 93
1384 1039
1602 1040
573 1041
573 1042
1937 1043
1037 93
1037 1044
1037 1045
1037 316
830 655
830 329
1938 110
1135 537
1939 1046
327 1022
1940 308
6 728
6 157
6 1047
6 1048
1941 318
1622 624
1622 1049
1622 1050
529 570
1942 2
1466 396
1466 1050
1070 1051
336 396
336 87
336 901
336 884
1605 104
1605 1052
692 1053
692 1054
692 442
692 240
692 1055
692 114
692 1056
692 250
750 1057
750 1058
750 649
978 975
978 1059
913 1060
913 570
913 1061
913 238
913 655
913 556
913 971
913 1062
913 137
1943 157
1943 436
1154 93
428 585
1944 1063
1343 25
311 1064
311 1065
1553 46
716 74
380 762
380 46
380 276
380 392
380 1066
380 340
862 296
559 46
163 385
163 46
163 0
163 81
163 316
163 184
163 562
163 278
163 250
1296 211
1945 1067
1946 319
790 479
1175 129
947 301
1265 1068
1947 1069
606 1070
606 1071
606 170
606 1072
606 1073
606 1074
983 1075
22 200
22 254
22 1076
22 493
1948 1077
1949 1078
1949 56
1950 1079
346 306
346 107
346 1080
645 1081
1951 1082
1594 1083
1952 28
78 1084
78 921
78 131
78 301
78 677
78 1085
78 847
78 1086
78 1087
78 96
78 1088
78 289
78 662
78 1089
78 351
78 1090
78 296
78 872
78 551
78 3
78 1091
78 107
78 193
78 617
78 735
1953 838
979 654
286 195
286 625
1954 625
1085 60
150 605
1955 1092
94 1093
94 1094
1956 212
561 1095
561 214
561 1096
85 1097
1122 193
1957 173
167 574
167 3
527 1098
1230 531
819 131
819 1099
819 921
819 41
333 46
333 1100
333 697
333 1101
333 1102
333 178
333 805
65 97
65 396
65 549
1958 1103
100 57
100 1104
100 288
100 895
100 530
100 132
100 52
100 65
100 107
1959 301
1219 263
1219 1105
320 322
596 49
1960 467
1961 1087
1962 1106
1126 605
4 1107
4 221
4 812
4 1108
4 635
4 1109
4 440
4 271
4 1110
4 364
4 1111
4 1112
4 1104
4 60
4 1113
4 1114
4 289
4 1115
4 1116
4 19
4 351
4 374
4 1117
4 728
4 836
4 575
4 531
4 571
4 301
4 100
4 107
4 1118
1631 74
436 1119
436 991
436 1120
436 115
436 1121
884 273
884 121
500 106
1963 605
47 447
47 46
47 1122
47 698
47 283
47 336
47 189
47 193
47 704
47 329
47 224
47 1044
47 485
47 582
47 1123
47 52
47 1124
1361 975
1361 1125
1964 1126
1964 803
1576 462
548 119
548 1127
548 1128
781 1129
781 1130
1011 515
1011 551
239 1131
239 1132
239 301
387 1133
387 317
1965 131
1966 1134
7 681
393 61
1967 56
537 536
537 1135
537 1136
537 19
537 836
537 1137
537 73
537 254
537 482
537 1138
1968 1139
643 1140
643 1141
1485 214
310 301
310 441
310 1142
207 278
1969 842
1970 929
1971 842
358 266
358 106
358 67
1972 1143
751 1144
751 372
99 129
538 272
538 1145
538 649
538 1146
538 1147
992 1051
992 1148
1973 1149
1973 354
1973 458
859 1150
556 913
556 1151
556 301
218 46
469 1152
109 611
1974 478
93 1093
93 1037
93 1153
93 1154
93 636
93 630
93 1155
93 1156
93 657
93 19
93 1045
1975 1157
395 652
792 738
792 340
1480 1039
956 766
1567 476
1567 1158
1567 11
1976 572
836 4
836 537
360 881
360 435
360 313
360 1139
360 11
1977 1159
770 735
770 1160
770 1161
770 114
129 99
129 1162
129 1163
129 1164
129 1165
129 1166
129 1167
129 431
129 1168
129 809
129 1169
129 195
129 288
129 1170
129 1171
129 1172
129 1173
129 1174
129 1175
129 804
129 1176
129 1177
129 1114
129 1178
129 1179
129 1180
129 1181
129 257
129 1182
129 225
129 1183
129 489
129 1184
129 634
129 1185
129 1186
1978 11
1979 1037
1369 301
1479 576
1980 1187
1980 1188
1981 1189
1982 956
1983 1190
1141 551
1141 699
1032 1124
1603 1191
1392 229
1198 1192
769 1193
769 279
1226 1194
1984 144
1312 1195
1399 1196
1399 1197
1564 138
1192 1198
1335 160
812 1117
812 1199
1209 1200
922 1201
653 1202
653 1203
1985 949
1010 1204
1010 515
841 1205
841 1206
1292 279
1292 875
1292 747
1292 61
354 641
1986 1207
421 1208
1200 1209
147 59
147 1210
147 146
147 1211
147 1212
147 1213
604 969
1306 898
1306 1033
1438 319
1987 665
1132 691
215 1214
187 840
187 71
695 157
577 385
293 193
355 238
1988 657
384 245
709 1215
709 286
709 402
625 123
625 1216
1577 972
1577 1217
1989 192
485 696
485 117
485 134
485 11
357 316
1165 1218
42 18
1105 1219
962 155
1990 0
1991 1220
1077 396
1077 1221
1267 584
1992 1222
1993 110
1356 1223
430 1224
430 1225
294 193
1994 1226
231 1227
890 1228
890 1079
1995 4
898 1229
1275 1230
964 99
964 888
871 1231
1996 123
1608 652
1997 1117
1998 1213
1999 227
1120 886
818 1043
818 759
1463 1232
26 610
26 123
26 623
26 452
26 20
26 1233
26 1234
535 157
535 1235
535 6
146 147
146 1236
146 1237
146 121
146 728
146 1202
146 179
146 1238
146 783
146 1239
146 1211
146 280
146 124
636 93
636 1222
2000 1239
2001 586
2001 27
1229 898
1317 1240
780 1241
1000 1242
1000 17
416 2
2002 1243
2003 131
179 146
181 1244
630 551
630 93
630 288
630 953
630 209
630 746
630 1245
2004 97
627 551
1320 1246
2005 1247
1404 746
680 1248
680 1249
680 128
680 1250
2006 1251
300 193
300 699
300 1207
1025 1252
1025 74
2007 1253
2008 1254
897 880
850 1255
385 385
385 577
385 1256
385 1257
385 163
385 110
385 872
385 837
342 306
520 1258
777 1259
2009 146
1008 199
1008 1238
1008 1260
242 1261
242 1262
242 549
242 661
242 292
204 37
204 1263
381 605
381 1264
381 661
2010 1265
584 220
584 835
584 1266
584 585
584 97
584 896
584 908
584 1267
584 611
584 260
584 1268
275 1269
275 28
1386 288
2011 551
2012 1270
2013 1246
1452 1271
254 448
254 301
254 171
254 855
254 910
640 661
1193 769
2014 1204
580 21
2015 100
1294 357
1336 599
1336 157
2016 1272
1359 123
1304 90
1245 630
2017 131
455 107
455 1273
455 1274
50 763
50 1275
50 681
1096 561
1169 385
1169 129
2018 1276
2019 509
2020 572
1362 1277
1288 1278
1288 435
1288 655
2021 455
1368 736
2022 192
2022 419
931 200
931 1279
2023 397
1651 357
1305 1069
2024 124
1503 230
2025 123
2025 1280
2026 107
2027 1068
475 107
475 351
475 1281
475 1282
723 1283
723 322
755 1284
755 1285
2028 489
764 58
466 1286
941 1287
941 2
1206 4
435 498
435 601
435 1288
435 1289
435 455
435 803
435 174
435 566
164 185
164 1290
391 317
1103 50
1327 691
2029 107
649 571
649 1291
649 60
649 750
263 74
263 289
263 1219
2030 117
279 886
279 1292
279 769
279 397
279 877
1189 929
2031 1293
326 1022
1547 1294
1547 700
2032 1295
2032 1296
611 364
611 109
960 1018
2033 1297
799 995
490 1298
490 193
2034 888
1020 174
1020 1299
2035 1300
2036 211
1222 1301
1222 636
902 1302
875 657
875 1292
875 1303
2037 484
2037 825
894 230
302 114
1297 52
2038 1304
1033 1305
1033 103
1033 1306
2039 811
1216 625
930 1307
930 970
2040 117
1491 35
1295 1308
1295 1309
1295 655
1295 1310
473 966
473 1311
473 107
473 371
473 288
473 178
1195 1312
659 819
659 242
659 933
2041 88
2042 193
2042 928
2043 1313
1570 28
297 193
297 1314
297 1315
297 1316
297 875
1047 6
1240 1317
228 281
839 510
1053 692
684 192
1607 910
2044 100
17 45
17 528
17 195
17 1000
768 31
768 706
1180 1318
1180 1319
1180 1320
952 1101
952 688
952 301
675 669
1402 746
308 1321
308 926
308 1322
308 1323
2045 289
944 136
944 263
944 301
2046 128
2047 913
2047 238
2047 1324
2048 146
173 172
173 375
1470 104
1252 1025
691 1325
691 1326
691 239
691 1327
691 1328
691 1329
691 176
691 1330
610 20
43 18
1418 58
1418 1331
1418 1332
1418 1333
1418 1334
1429 371
160 1335
599 140
599 1336
599 301
599 1337
599 1338
599 886
599 652
2049 1339
1194 1226
510 321
735 344
735 67
735 811
735 114
735 980
735 318
986 90
2050 886
64 1340
260 1341
260 1342
1155 93
25 623
25 490
25 1343
2051 781
655 1288
655 0
655 1344
655 317
655 1345
655 1346
655 514
2052 1347
961 1348
2053 478
1444 803
1444 1349
2054 272
57 1350
57 57
123 122
810 1351
1075 983
1075 1213
990 1352
990 160
990 1353
990 1354
990 1355
990 1356
990 1223
2055 121
844 182
2056 1171
2057 839
2058 665
2059 1357
2060 1358
2061 1359
2062 842
2063 317
2063 1360
1125 1361
2064 114
2065 692
2066 571
334 77
334 901
619 740
619 619
258 1307
240 341
240 458
240 106
1277 1362
494 276
2067 1363
705 221
1212 493
1212 147
1212 254
989 271
2068 388
1378 288
2069 872
2070 523
1460 1092
219 1364
487 423
2071 999
1344 655
1344 178
743 699
1440 804
1174 1365
701 513
1521 176
1559 46
817 1366
817 1367
817 301
736 1249
736 267
736 1368
736 63
736 333
736 222
736 318
736 656
2072 1369
316 361
316 357
316 443
316 1037
316 252
316 106
316 531
1017 1370
2073 387
1310 1295
868 176
868 1371
1506 1372
1506 576
270 1373
270 193
270 1109
270 648
270 349
270 804
851 111
503 106
1255 850
747 666
250 74
250 1374
250 96
250 928
2074 623
601 886
2075 1375
2075 1376
2076 1377
288 1162
288 1378
288 1255
288 392
288 1379
288 1380
288 1381
288 1382
288 1383
288 742
288 1179
288 722
288 788
288 1384
288 319
288 590
288 1385
288 805
288 129
288 100
288 193
288 1386
288 1387
288 371
288 928
288 1388
247 224
247 1389
247 1390
247 11
994 107
994 698
1447 1391
787 1392
1395 454
2077 1393
2078 687
2078 174
2078 254
499 11
454 1394
454 301
454 81
454 845
454 4
454 1395
454 114
454 1396
2079 1397
2080 1398
1196 1399
1196 1400
508 1401
508 892
746 1325
746 1402
746 81
746 1403
746 1404
746 1405
746 630
746 1406
746 666
1555 473
1555 357
1555 1407
1555 46
1555 738
1555 81
1555 1408
1555 696
2081 146
2081 2
2082 1409
2083 585
1239 146
1596 458
2084 37
492 224
492 276
2085 57
722 221
722 1122
722 1410
722 189
722 777
722 1283
722 4
722 1411
722 288
1354 990
1354 1412
2086 830
2087 360
2088 487
2089 1297
386 317
2090 230
2091 1413
2092 959
235 310
235 1414
235 0
235 449
235 1415
2093 1416
2094 1417
2095 511
1332 1418
1332 895
1332 896
566 435
2096 1419
2097 902
2098 1196
959 1420
811 735
1657 1421
5 887
991 999
292 86
292 46
2099 1422
2100 129
720 1423
720 189
720 301
2101 1050
2102 932
1543 178
322 1424
322 390
322 624
322 1224
322 324
813 702
2103 500
2104 301
2105 512
116 1425
2106 276
767 555
541 1426
541 477
541 551
541 1427
541 804
1504 230
1504 1255
371 473
371 1428
371 221
371 47
371 1429
371 288
371 281
371 928
371 1430
2107 901
2108 1431
1107 4
1107 301
1376 190
502 808
502 106
2109 681
1656 1432
504 1433
504 106
1364 696
1364 1434
2110 585
2111 99
1101 333
1101 952
935 1274
313 431
313 1225
313 1435
209 157
209 94
209 630
209 1124
445 1436
2112 385
2113 865
2114 1295
488 1437
2115 98
2116 1127
394 356
394 803
394 310
2117 1346
319 46
319 388
319 1076
319 1438
319 329
319 219
1487 842
804 541
804 1439
804 1440
804 531
2118 569
903 335
903 1441
558 1442
558 1443
558 163
558 519
2119 4
1329 691
1454 285
1454 673
1475 104
1286 466
1286 813
1349 1444
1349 37
564 804
1004 1338
2120 106
2121 1445
2121 1446
2121 677
1575 462
1391 1447
2122 97
2123 146
365 1448
2124 886
2125 301
831 440
2126 1449
2127 1450
470 1451
739 1117
739 202
2128 46
1271 766
1271 1452
2129 317
1497 372
223 1453
420 1133
420 1298
420 174
420 249
420 31
1146 538
673 1454
353 1455
353 1087
2130 1456
1204 625
79 1457
774 1458
1281 475
132 131
1347 1274
2131 144
779 1459
921 819
667 1460
194 1243
194 59
194 151
13 457
143 1461
143 214
143 46
143 635
143 106
143 1462
2132 1346
458 664
458 301
458 329
458 1463
458 1116
458 106
2133 340
1134 657
369 875
1315 107
782 1464
782 1465
1115 4
2134 728
77 683
2135 1407
2135 659
1050 1466
1050 1311
1426 541
2136 477
1436 445
1599 106
2137 1467
2138 307
2139 163
2140 1268
571 272
2141 390
2142 718
613 221
613 1468
2143 551
957 1469
957 46
2144 1057
838 676
2145 652
104 1470
104 1471
104 1472
104 301
104 853
104 107
104 1473
104 1474
104 1475
104 1476
104 431
104 1477
104 222
104 1478
104 1443
2146 652
2147 746
2148 1479
1208 123
2149 371
2150 250
2151 1480
1629 110
963 1193
963 1481
448 106
448 1482
448 6
448 195
448 254
1522 176
1556 46
788 1483
788 1484
788 1485
788 566
183 1486
183 1416
183 106
1094 842
1424 221
1424 1487
1424 301
1249 230
1249 736
141 115
2152 886
484 1488
434 1489
434 624
434 516
1123 47
1123 853
124 146
124 1490
35 6
35 1491
603 1121
603 1492
134 301
95 1302
2153 1493
2153 1018
2153 693
943 1494
1474 1040
1474 104
248 1495
248 1366
248 1496
2154 28
372 1497
372 624
372 106
372 1498
372 1499
372 1463
372 928
372 805
230 1500
230 230
230 1280
230 1501
230 1502
230 582
230 1503
230 1430
230 1504
335 1106
2155 1505
1311 1050
2156 374
2157 220
2158 1048
2159 107
759 318
267 738
267 997
267 289
267 621
267 47
1590 185
1372 1506
1453 510
1453 195
338 1507
338 494
338 1508
338 1076
2160 1432
176 1509
176 1510
176 1511
176 766
176 1512
176 1513
176 1514
176 1515
176 1516
176 1517
176 691
176 180
176 1518
176 1519
176 1520
176 1521
176 351
176 780
176 1522
176 1523
176 1524
176 1525
176 1526
176 1527
176 1528
176 1529
176 1530
176 1531
176 1309
176 1532
176 1533
176 1534
176 1535
2161 1536
243 48
243 49
102 1537
2162 1273
532 1538
82 81
82 174
82 189
1442 558
2163 661
2164 1539
1584 178
2165 699
809 623
809 129
809 891
809 26
809 28
2166 1540
2166 129
2166 1541
1168 355
1186 1542
1048 229
2167 1543
2167 855
2168 1544
2169 771
2170 1545
738 81
738 267
738 955
738 1494
738 389
738 1139
2171 1076
2172 462
730 1546
589 585
589 49
589 864
2173 1547
2174 896
2175 549
2175 203
2176 394
2177 1548
2178 1549
2179 1444
2180 1329
2181 484
2182 1550
2183 1551
1346 46
46 1552
46 586
46 1103
46 855
46 1553
46 133
46 1554
46 143
46 396
46 218
46 1555
46 582
46 696
46 392
46 250
46 272
46 185
46 1556
46 47
46 1557
46 48
46 163
46 148
46 1558
46 587
46 1272
46 1559
46 214
46 598
46 1560
46 380
46 866
46 957
46 276
46 319
46 333
46 379
46 1561
46 1562
46 482
46 91
46 301
46 86
46 552
46 107
46 49
46 292
46 15
46 559
46 484
46 1246
46 842
46 1563
2184 551
151 605
151 194
2185 112
1210 147
138 1564
2186 387
11 306
11 214
11 911
11 1565
11 997
11 1256
11 267
11 247
11 525
11 276
11 1566
11 485
11 360
11 222
11 681
11 1567
312 1064
2187 153
2188 1568
28 1569
28 623
28 1570
28 1571
28 1572
28 27
28 1573
28 1574
28 1357
462 1575
462 1576
1530 995
1217 1577
966 1116
966 431
966 12
678 908
2189 869
846 1578
2190 26
1358 703
489 1053
2191 104
860 1579
860 1448
860 212
860 531
178 1580
178 602
178 1581
178 1459
178 697
178 1582
178 1344
178 1583
178 1543
178 1584
178 200
178 924
178 1585
178 473
178 1586
178 1587
88 299
1232 1463
1328 1588
2192 842
2193 1274
1338 599
1338 1004
1338 1589
526 99
526 1319
526 1173
1342 260
101 646
2194 1469
560 81
560 1201
2195 73
2196 51
2196 985
229 1392
229 1048
2197 1547
587 46
2198 666
2199 1437
807 123
185 1428
185 46
185 221
185 1590
185 306
185 143
185 1591
185 1592
185 904
185 164
185 1484
185 519
92 255
92 257
92 194
92 802
108 404
867 1593
1469 957
1469 691
1469 805
52 447
2200 1594
261 289
552 158
552 190
552 1595
483 37
483 301
483 107
483 197
483 1596
483 702
483 1597
2201 845
2202 485
1509 605
1040 233
1040 118
1040 1598
1040 1599
1040 203
1040 106
1040 103
1040 143
1040 1600
1040 1601
1040 1602
2203 1603
2203 1387
431 1604
431 966
431 1605
431 625
431 1079
2204 1606
652 599
652 1607
652 1608
652 1609
652 395
2205 1371
2205 1610
1087 822
1087 1611
1582 178
73 1377
2206 459
2206 250
2207 194
2208 195
2209 733
174 498
174 306
174 653
174 435
174 482
174 420
174 813
174 994
174 1612
174 107
174 1613
174 375
174 9
174 90
174 1020
174 590
174 1273
174 466
174 1614
238 1615
2210 6
14 1029
784 457
1280 230
1280 234
2211 1616
1374 300
1374 250
820 1617
1259 1618
404 322
670 511
670 1079
305 221
305 492
305 288
305 193
305 392
305 19
305 805
693 2
693 114
693 1619
693 402
345 306
345 1620
345 803
345 106
2212 1377
1143 1079
1613 174
136 955
136 1621
136 44
136 589
280 146
2213 1368
477 541
477 107
2214 1622
2215 12
2216 1623
214 1461
214 1084
214 380
214 46
214 111
214 813
214 1286
214 276
214 1624
214 458
214 254
214 1625
214 11
214 1221
214 10
2217 107
910 1607
910 1626
2218 162
2219 63
110 1627
110 1628
110 301
110 1036
110 115
110 1629
110 1630
110 21
74 1461
74 854
74 842
74 1631
74 788
74 250
1627 201
1627 110
1461 74
1461 214
1461 143
984 1632
1448 735
1448 1633
1448 819
1448 365
1448 222
1448 318
1448 860
840 187
1484 788
512 1634
512 714
512 106
339 766
349 344
349 306
349 270
729 1635
1427 541
2220 898
2221 404
330 819
330 463
330 750
2222 354
2223 1636
220 296
220 584
1024 1025
703 221
703 1637
703 703
703 912
703 1358
703 1638
2224 176
2224 1512
33 1639
33 194
2225 1078
2225 764
2225 203
1235 535
713 1640
2226 1641
1199 244
2227 1273
1434 1364
866 1642
177 646
2228 1445
1041 573
2229 991
2230 485
2230 805
331 463
2231 110
2232 382
2232 805
191 103
191 1643
191 266
2233 1088
2234 591
2235 967
2235 1644
2235 1645
555 193
953 373
953 1605
953 1646
953 630
953 1647
396 1648
396 46
396 1649
396 336
396 1294
396 1077
396 1650
396 735
396 65
396 1466
2236 1651
1411 722
980 1502
980 243
1056 692
2237 1652
616 1029
1278 157
1501 230
152 605
742 390
1071 606
2238 110
1082 1653
2239 585
2240 1654
2240 928
622 19
1593 867
2241 1655
2241 1656
2241 212
2241 49
2242 245
977 442
343 306
1588 48
1588 1328
1488 1657
1488 1495
1488 189
1488 46
390 317
390 1388
390 275
2243 842
233 1040
233 250
233 650
2244 1374
883 1658
