975 0
1185 1
1186 2
449 3
449 4
435 5
435 6
173 7
1085 8
1085 9
1010 10
200 11
1187 12
1188 13
300 14
1189 15
590 16
285 17
285 18
285 19
285 2
285 20
285 21
285 22
1190 23
640 24
483 25
1191 26
583 27
795 28
795 29
340 30
1192 31
894 32
894 33
1193 34
1113 35
1113 36
748 37
109 38
107 39
1194 40
1195 41
114 42
158 43
158 44
159 45
159 46
159 47
392 48
392 49
643 50
694 51
694 52
953 29
970 0
1196 53
274 54
351 55
351 56
351 57
303 58
303 59
303 60
800 61
156 62
156 63
156 64
156 65
948 66
70 67
70 68
70 69
70 70
70 71
1197 72
1198 73
1199 74
530 75
530 76
1200 6
649 77
1201 78
1202 79
1202 80
1203 81
97 82
97 83
97 84
97 64
97 85
97 86
97 87
1204 88
814 89
814 90
814 91
695 52
187 92
1205 93
619 77
619 94
1206 95
1206 96
86 97
809 98
841 99
879 100
879 101
1207 102
636 103
608 104
608 29
1131 105
42 106
42 107
42 108
42 109
42 110
42 111
42 112
42 113
42 114
1208 115
132 116
132 117
132 118
132 119
132 120
132 121
1003 122
753 123
1209 124
705 37
174 125
174 44
174 126
174 127
1161 100
1161 128
1161 129
1210 130
1211 131
600 132
600 133
600 134
600 135
600 136
600 119
600 137
600 138
600 0
1212 139
1213 140
1214 141
157 142
157 45
157 143
157 132
336 144
257 145
257 146
257 64
257 147
257 148
257 149
257 44
257 150
45 151
45 152
45 153
45 154
45 155
45 156
45 37
45 157
45 158
45 159
1215 42
1111 160
1111 161
647 77
162 162
162 100
959 163
959 164
1216 165
1216 100
1216 166
736 167
188 168
188 169
555 170
353 171
353 172
353 173
353 174
877 175
1135 176
1217 177
1218 29
588 178
1219 179
1169 100
1169 148
1220 13
634 180
355 181
145 182
145 183
145 154
145 184
145 185
145 186
1221 187
168 188
874 47
874 189
1136 190
1222 183
316 154
316 191
316 192
316 193
470 20
470 0
798 194
798 195
798 100
782 196
782 197
782 198
782 199
782 200
984 201
754 202
1223 203
169 188
120 204
120 132
120 116
120 205
120 206
120 100
120 29
120 207
120 208
120 101
120 209
120 210
120 211
120 212
120 213
120 214
120 215
120 216
120 217
120 218
1224 219
1225 120
278 32
278 220
278 221
362 222
515 223
515 224
515 225
605 226
248 187
248 92
411 100
411 203
1103 227
1103 228
664 229
664 198
664 230
528 231
34 30
1226 75
524 232
1098 233
105 234
369 235
998 236
1227 237
1227 238
1227 239
973 0
973 195
141 240
141 241
141 242
141 243
141 44
141 244
141 245
794 246
794 29
330 247
92 187
92 248
1228 249
1229 250
625 251
625 0
625 64
625 140
13 252
13 237
13 64
13 253
13 148
13 239
13 154
13 254
13 255
13 226
13 256
13 257
1230 258
1230 259
573 260
573 261
546 68
1231 262
545 68
490 263
490 24
490 264
517 265
517 27
293 266
293 14
1232 267
1232 268
165 269
95 270
95 0
95 271
95 272
54 273
54 274
54 275
54 54
54 276
838 62
838 277
838 278
838 279
792 280
880 101
516 281
429 282
668 185
1171 100
1233 161
1234 129
1235 283
19 284
19 285
14 286
14 287
14 70
14 288
14 289
14 290
14 291
14 292
14 293
14 294
14 295
14 296
14 297
14 298
14 91
14 299
14 300
14 181
14 301
14 302
626 259
59 303
47 159
433 304
433 305
433 306
1023 307
365 308
365 309
440 310
440 311
1236 312
658 50
286 14
1237 313
644 50
341 0
341 314
1238 315
243 0
1239 20
192 316
1240 317
319 0
1241 318
596 319
1242 320
1243 321
1243 161
1244 162
684 322
684 37
1245 323
1246 324
1247 325
1247 326
1248 137
622 327
434 328
1249 329
1250 120
1250 330
499 65
256 13
256 64
256 331
1251 332
1251 333
1151 322
848 5
835 334
835 335
144 336
924 337
924 334
1252 258
1155 338
1182 149
1182 257
691 81
116 120
116 132
333 183
1013 339
1013 29
1253 288
1179 340
314 341
464 342
1149 322
1254 34
1254 236
148 24
148 343
148 241
148 32
148 0
148 344
148 154
148 137
148 74
148 345
148 346
731 347
667 348
154 349
154 145
154 350
154 351
154 13
154 352
154 100
154 64
154 45
154 148
154 323
154 12
154 353
154 354
154 205
154 186
154 43
154 355
856 356
856 100
856 357
1030 358
205 0
205 359
205 360
44 141
44 361
44 362
1255 363
1255 364
309 365
1256 285
1077 366
951 367
951 368
951 369
951 370
951 371
951 205
951 372
1164 100
1257 373
1257 333
875 212
1258 374
15 375
15 376
15 222
15 377
15 337
15 378
1042 379
1042 380
1042 154
1042 381
1042 382
1042 383
1259 384
895 385
895 386
565 387
560 388
560 323
864 389
391 390
391 391
391 257
126 392
126 81
126 393
1260 167
1261 394
1261 395
559 396
559 259
559 333
559 397
559 398
559 399
559 203
559 400
559 401
559 121
1170 100
348 382
635 213
635 197
581 0
581 402
1262 403
706 404
870 405
870 406
1263 19
1264 202
1265 154
455 407
474 408
1266 409
1020 11
1267 42
1268 410
1269 100
878 411
878 412
878 413
878 414
917 64
917 415
917 416
1270 417
315 16
301 418
301 419
301 182
301 14
606 420
382 421
382 422
382 29
382 348
382 37
1271 423
1271 141
1272 424
282 425
282 426
282 427
282 428
282 429
1273 430
1274 183
845 211
1275 431
328 387
328 432
328 433
328 434
1276 435
283 436
255 13
1159 437
1277 438
1278 285
1278 439
311 440
311 441
1279 442
146 443
535 444
241 148
12 100
12 254
12 37
1092 100
1092 445
361 446
361 447
361 448
3 449
1280 16
1075 450
1281 155
1282 451
926 452
926 453
1283 77
1284 85
1285 454
401 385
407 455
121 132
121 399
121 144
71 148
983 0
552 170
646 279
1286 456
1286 457
171 458
171 459
171 22
171 353
1037 247
1037 254
1037 460
250 461
250 462
1287 463
342 464
1152 465
1152 466
1152 467
1152 468
1152 469
20 100
20 470
20 471
20 472
1288 473
1289 205
1289 474
1289 475
400 476
966 0
418 301
418 323
549 68
549 477
549 478
549 479
549 480
549 481
549 482
1290 23
1291 176
461 257
1292 483
331 256
981 0
1293 484
1294 370
486 258
486 100
486 485
486 486
486 487
408 488
1295 489
1295 181
263 490
1296 466
1297 247
1297 273
904 230
710 491
436 405
436 492
436 493
1298 358
1299 494
1300 495
1301 496
1301 497
1302 498
65 156
65 499
1303 382
1304 170
936 500
936 501
955 367
955 470
955 502
38 109
38 503
38 504
1305 505
765 506
765 229
1306 478
978 133
978 137
869 507
266 293
508 508
839 509
810 163
810 12
810 510
810 511
810 512
810 44
810 513
151 0
151 514
1307 155
1308 515
279 516
1309 517
807 348
737 0
737 518
220 519
220 74
220 89
772 520
724 521
1310 100
1310 481
1311 472
1029 24
1312 522
1313 118
1112 64
1112 152
1024 523
232 524
232 525
305 526
1162 196
1162 100
1162 527
231 528
231 529
903 438
76 530
1314 19
1315 150
1315 531
1316 235
939 532
83 533
531 534
1165 100
1317 443
444 535
855 134
855 0
855 195
1318 100
395 322
203 163
203 532
203 536
203 100
203 212
203 537
203 538
203 411
203 213
203 205
1026 219
223 515
223 539
882 487
68 540
68 541
68 70
68 542
68 543
68 237
68 544
68 545
68 546
68 547
68 548
68 549
68 100
1319 550
104 337
104 551
104 64
170 552
170 553
170 554
170 555
170 556
170 557
170 558
956 173
672 405
672 97
1129 12
1129 497
321 267
321 559
321 473
323 154
323 511
323 560
289 14
778 561
1320 29
387 562
387 563
387 564
387 565
387 328
387 566
387 521
387 567
387 246
987 0
1321 568
1322 534
679 569
106 42
1323 570
1133 571
1133 388
492 572
261 100
261 285
261 573
1324 574
1176 575
1121 576
1121 577
813 536
1325 578
238 579
1326 580
402 581
402 582
592 16
27 583
539 498
539 584
539 585
1327 586
1327 99
740 587
740 264
1154 127
1328 259
1328 476
579 588
579 201
346 148
1329 589
1330 378
815 201
16 315
16 590
16 591
16 592
16 337
377 441
1331 360
965 0
1332 245
1332 593
359 205
1333 441
1334 111
249 29
1335 594
718 595
718 596
718 597
718 598
964 424
137 500
137 599
137 148
137 167
137 600
137 244
137 601
788 602
603 603
603 100
1336 185
1336 536
420 604
420 605
420 606
420 607
420 237
6 435
891 608
715 609
715 610
715 611
715 612
715 613
715 614
715 615
715 616
1004 617
1337 618
94 619
1338 620
1338 76
1339 621
327 622
327 23
64 623
64 97
64 13
64 331
64 624
64 100
64 625
64 626
64 627
64 154
64 254
64 628
64 29
64 629
64 0
64 630
64 12
64 256
64 257
67 70
67 201
1340 212
1180 631
954 632
711 491
1341 633
1342 288
1343 285
558 170
1344 348
946 29
180 634
746 37
746 601
1345 635
103 636
1172 100
1346 637
1346 638
764 371
448 361
1015 339
295 14
661 284
209 120
1035 639
1347 640
1064 641
1348 642
860 532
50 643
50 644
50 645
50 646
50 647
50 648
50 649
50 650
50 651
50 77
50 652
50 653
50 654
50 655
50 656
50 657
50 213
50 658
284 491
284 19
284 659
284 660
284 385
284 661
244 662
244 0
1017 663
198 62
198 664
198 665
198 666
957 662
1349 667
1349 12
783 251
32 668
32 669
32 666
32 100
32 36
32 278
1350 670
88 575
88 671
88 288
88 601
1351 672
1046 673
1046 674
1352 675
1352 676
1043 677
1353 678
569 534
569 679
569 16
1354 680
1355 225
1356 681
1357 350
1357 443
722 682
43 185
43 683
1358 442
1359 684
1360 685
69 442
69 69
69 686
69 29
784 257
1361 687
272 95
313 344
313 688
1362 689
56 351
1363 690
656 77
657 50
81 62
81 691
81 392
81 227
1364 692
460 689
1365 100
697 46
911 693
971 100
1366 181
52 694
52 695
52 288
52 696
868 405
1367 697
1367 642
732 698
732 699
1368 201
1369 700
1370 701
1371 702
1116 95
1116 271
886 151
886 185
886 514
1372 93
1373 149
940 396
940 703
940 704
940 385
292 690
292 14
127 705
404 706
404 257
1374 707
1375 708
491 284
491 709
491 710
491 711
491 0
491 712
491 713
982 0
1376 714
1376 257
611 715
84 716
84 97
681 575
969 0
102 717
102 515
805 422
597 718
1377 719
1377 720
1377 721
521 722
521 682
521 97
521 723
521 724
521 725
521 554
521 726
521 727
521 325
521 728
521 729
521 387
521 586
968 301
968 30
968 0
1378 730
347 731
1379 463
213 181
213 154
213 732
213 17
213 203
213 120
213 733
1380 734
1381 735
918 415
1382 456
1383 736
518 737
1384 738
441 377
914 739
587 740
1385 348
1386 30
1387 18
726 741
726 97
726 172
726 205
227 81
227 228
399 121
793 742
793 743
793 4
793 536
1388 161
481 549
452 532
871 406
37 450
37 163
37 12
37 744
37 45
37 745
37 5
37 100
37 746
37 705
37 747
37 748
37 382
37 201
37 194
1389 749
802 0
928 750
979 751
979 752
123 753
1390 754
1099 512
1391 755
1153 756
1153 757
1108 183
1069 100
1069 201
846 570
1392 476
1393 758
1062 472
1394 759
1395 475
963 760
861 100
1396 761
1396 762
1397 763
506 764
506 765
290 766
290 100
290 14
1398 767
650 50
866 100
866 203
96 768
1399 769
1399 770
1399 692
1400 771
1401 384
1402 772
179 773
179 774
179 775
74 251
74 776
74 220
74 777
74 100
74 12
1168 100
712 491
1403 561
919 181
1404 778
1405 100
897 779
152 45
260 780
260 781
260 573
184 145
184 154
184 415
184 150
199 782
884 504
493 783
493 624
493 739
493 288
505 784
498 539
498 322
1406 219
785 37
785 785
1407 629
1408 786
709 491
602 787
602 788
1409 422
540 68
160 789
850 5
1078 624
1410 120
618 790
958 163
958 498
801 791
280 259
280 792
280 575
742 793
1411 794
1412 193
1413 39
28 795
1157 437
194 796
194 12
194 797
194 454
194 798
194 799
194 37
194 100
194 601
61 800
1414 372
1148 322
653 77
1415 801
767 19
1416 790
1416 12
1416 497
1416 802
648 50
1067 803
790 804
422 805
1417 806
98 807
98 191
98 808
98 134
98 195
98 316
98 139
98 759
98 427
98 629
98 0
98 89
98 809
1418 810
1418 44
526 305
1109 495
1419 811
1420 812
89 813
89 814
201 67
201 489
201 579
201 564
201 120
201 815
201 387
201 816
849 437
947 817
887 818
887 819
976 307
976 0
976 344
1421 77
357 585
562 387
438 155
796 194
796 454
796 37
1422 141
291 14
1025 820
1025 523
413 541
208 12
1423 727
1424 821
1425 822
1426 39
1427 143
1427 157
1427 823
1427 824
1063 825
1087 229
1087 826
246 387
246 827
246 828
246 794
246 829
142 830
142 157
851 831
896 100
896 832
896 833
633 150
1163 100
1428 834
237 68
237 226
237 422
1429 30
1430 198
1137 375
335 835
1105 836
1431 150
251 837
251 0
251 254
251 460
277 838
135 600
509 298
509 839
1432 840
1433 362
1434 841
1434 842
1435 843
18 285
1181 844
1436 30
211 845
1437 846
961 847
1438 624
5 435
5 848
5 37
5 849
5 850
1439 851
1440 852
1441 384
383 782
383 101
383 853
383 854
1442 321
134 98
134 855
1443 89
1444 856
522 857
1445 858
1445 0
1445 859
476 187
476 704
476 495
476 860
476 398
294 14
1446 861
543 68
660 284
660 321
660 862
660 155
1128 193
925 863
696 52
550 515
389 864
1447 176
1448 105
90 814
1147 578
513 810
1449 865
1450 701
1451 866
1118 867
1118 868
507 869
406 870
406 871
1452 872
876 175
1453 873
22 285
22 874
22 875
204 120
172 726
172 400
175 876
175 877
943 715
1166 100
1166 878
247 698
247 623
247 28
247 330
1454 460
101 879
101 198
101 100
101 442
101 0
101 880
101 383
561 334
450 161
1455 881
487 486
487 476
487 882
652 883
504 884
665 0
665 198
46 885
514 886
514 151
514 514
1456 807
819 887
1060 888
1060 889
1000 100
1457 694
354 890
354 181
986 519
986 368
1458 891
1459 94
601 88
267 789
379 892
379 893
379 894
1460 29
537 203
537 100
537 215
386 714
386 895
161 450
832 896
1461 897
414 878
584 539
628 898
714 714
714 899
921 900
189 77
1040 677
570 42
1053 697
1053 901
630 338
630 64
230 902
230 664
230 903
230 904
230 905
1462 906
500 715
500 907
500 908
500 137
500 909
500 329
500 910
131 911
1463 912
1463 913
739 914
739 493
1464 0
415 915
415 896
415 360
415 881
415 916
415 578
415 917
415 918
415 919
1465 441
553 170
235 369
235 367
1009 920
1012 339
900 921
1466 259
1132 922
1132 301
1467 385
337 608
337 16
337 923
337 120
337 0
337 924
1177 100
826 764
863 925
863 257
453 926
1468 203
974 0
974 927
352 154
774 37
750 928
750 929
750 930
750 931
750 932
750 933
750 934
750 935
750 329
501 936
501 383
747 37
1469 34
910 906
977 0
1470 316
1471 13
1471 937
1472 436
577 120
577 360
1473 515
1141 938
532 120
532 452
532 939
532 203
385 940
1474 521
1081 624
1081 322
1475 941
1476 942
1477 29
1478 943
1479 687
63 156
1480 100
421 382
909 500
1481 213
1482 944
1482 37
1483 74
62 24
62 198
62 853
62 759
62 55
62 945
62 81
62 946
617 778
817 947
768 96
1076 669
1055 102
66 948
1484 329
551 100
1485 949
1485 950
370 951
17 100
17 213
17 952
1144 600
1144 167
29 847
29 794
29 624
29 953
29 875
29 64
29 457
29 215
29 195
29 304
29 120
29 185
29 382
29 946
1486 13
1066 734
812 954
1487 470
367 955
1488 491
426 282
163 956
163 212
163 13
163 957
163 473
163 958
163 254
163 203
163 442
163 322
163 959
163 443
163 257
1001 960
1001 23
356 856
847 961
847 962
847 29
760 100
760 963
1489 964
1490 288
1491 13
0 254
0 316
0 95
0 965
0 368
0 855
0 134
0 966
0 148
0 967
0 253
0 968
0 137
0 969
0 600
0 13
0 959
0 970
0 971
0 972
0 203
0 437
0 973
0 974
0 975
0 491
0 64
0 976
0 626
0 977
0 243
0 319
0 793
0 275
0 978
0 882
0 581
0 979
0 980
0 887
0 981
0 982
0 30
0 625
0 665
0 983
0 101
0 984
0 341
0 985
0 986
0 987
0 244
0 185
0 251
0 988
0 989
0 990
0 991
0 100
0 624
0 195
0 802
0 858
0 21
0 98
0 992
0 993
0 994
0 141
0 245
1492 995
824 996
806 997
1493 689
536 203
536 4
536 793
996 824
236 100
236 998
236 443
1011 999
666 589
666 198
666 32
666 62
666 254
666 1000
666 438
23 1001
23 1002
23 93
1058 443
122 1003
304 624
304 684
304 433
304 690
304 29
2 486
1494 1004
1495 727
791 801
143 349
1496 88
1497 1005
1498 34
1106 1006
1083 1007
994 0
1499 1008
1500 763
920 1009
1059 735
1501 100
10 1010
1502 237
1503 259
1503 1011
1504 0
398 186
339 1012
339 1013
339 1014
339 1015
409 1016
296 14
663 1017
929 750
11 1018
11 387
11 1019
11 1020
11 1021
11 1022
1505 702
1506 579
307 100
307 976
307 1023
523 1024
523 1025
344 12
344 976
344 148
219 421
219 1026
219 5
350 1027
462 377
693 170
24 1028
24 148
24 1029
24 1030
24 213
24 640
829 415
829 1031
1507 1032
48 49
4 1033
4 449
4 793
1508 1034
1508 1035
1509 682
1509 767
195 569
195 1036
195 0
195 973
195 855
1510 19
186 154
153 45
254 100
254 1037
254 0
254 25
21 12
21 285
1511 292
1512 810
1513 183
442 163
442 100
442 338
442 1038
442 101
1514 1039
699 0
1515 534
677 1040
677 853
677 1041
677 1042
677 174
677 383
677 1043
677 1044
677 337
677 1045
1516 37
674 1046
396 100
396 19
1138 1047
240 141
1517 1048
1518 1049
1519 411
1125 1050
1125 478
771 20
771 1051
1520 1052
1521 0
1521 896
1521 946
380 120
1522 377
1523 679
997 806
1524 1048
999 1053
245 1054
245 1055
245 624
245 139
245 21
245 578
245 167
245 0
245 579
945 62
1525 684
692 1056
616 715
443 163
443 161
443 1057
443 1058
265 517
218 120
735 1059
1526 472
1173 100
1527 381
182 145
182 301
182 887
857 522
1528 461
1079 624
360 415
360 205
889 1060
119 1061
1529 463
334 478
297 14
472 1062
825 1063
1530 13
641 505
641 1064
1531 181
1532 875
1533 226
155 660
1534 842
1535 1065
1536 716
589 148
1537 1066
803 1067
803 1068
1538 19
1539 782
324 1069
368 74
368 0
368 1070
368 1071
1540 322
1541 129
1542 1072
77 26
77 649
77 647
77 50
270 95
270 822
57 351
57 57
1056 1073
1089 229
31 1074
538 203
538 1075
669 1076
669 32
669 37
1543 335
624 258
624 1077
624 988
624 1078
624 1079
624 64
624 1080
624 493
624 1081
624 42
624 1082
624 0
624 257
624 245
624 443
624 1083
1544 213
1544 895
967 0
1156 1084
1545 570
302 14
8 42
8 1085
229 664
229 1086
229 1087
229 1088
229 765
229 1089
229 1090
1546 411
1546 357
1547 134
1547 957
177 952
1548 472
639 807
639 382
639 288
639 1072
1549 358
1550 1091
1550 654
445 120
445 1092
1057 176
41 952
1551 323
1552 1093
133 600
133 244
645 50
1553 505
1554 1094
1554 84
419 1095
1555 134
698 1096
698 247
698 100
698 1097
698 943
698 811
614 715
1556 1075
233 26
233 74
233 1098
1134 1099
1134 1100
1557 476
1558 1101
1559 1102
371 764
1560 282
1561 1036
775 179
228 1103
972 0
1562 398
1563 1104
1563 172
836 1105
734 1066
288 14
288 88
288 1106
288 511
288 493
757 1107
495 1108
495 1109
495 476
1564 100
1565 1033
1565 1110
1565 1111
1565 1112
36 995
36 1113
36 32
36 1114
1566 1115
1114 36
1567 237
743 793
271 95
271 1116
899 714
899 1117
1127 534
766 290
1568 100
1569 225
867 1118
548 68
164 1119
164 70
985 0
985 30
397 559
397 476
1570 483
488 1120
776 74
1571 2
108 42
471 20
30 34
30 340
30 100
1572 0
1572 884
923 120
576 1121
1573 23
1573 1122
1574 148
384 534
1575 1123
1576 438
811 213
1577 13
1578 140
1014 339
1579 1124
1579 415
1579 511
1580 362
1581 98
594 384
432 29
432 328
623 537
1582 1125
1086 229
1065 283
1097 698
239 237
239 13
1583 29
7 45
885 259
885 812
885 159
992 0
1584 849
1584 1126
534 846
534 1127
193 812
193 100
193 316
193 1128
193 285
193 257
329 500
343 148
497 1129
497 1130
1585 282
1586 911
1587 1131
922 1132
770 1073
388 1133
1588 862
580 734
1589 719
1140 43
1027 176
1100 1134
777 74
1590 254
853 62
287 14
655 50
298 509
960 1001
176 1135
176 507
176 100
176 0
1591 382
366 1077
1592 606
1593 218
700 17
1594 1136
1028 24
1028 1013
375 1137
375 15
375 333
375 377
1595 259
1054 163
1054 245
1054 182
191 814
191 316
1596 693
1008 408
262 356
1597 327
1598 244
554 521
150 184
150 633
556 170
556 558
1599 212
1600 421
854 100
1601 174
1047 1138
1047 1139
410 118
215 120
215 537
1602 422
1183 224
275 0
1603 1140
938 1141
1050 1125
683 43
428 1085
703 385
457 115
457 29
1604 1142
167 1143
167 1144
167 13
167 461
167 245
167 195
167 20
167 254
167 141
167 285
167 1145
167 217
1605 887
511 810
511 323
557 170
578 415
578 95
578 1146
578 100
578 904
578 1147
582 402
322 1148
322 684
322 1078
322 100
322 1149
322 498
322 493
322 1081
322 1150
322 1151
299 14
181 30
181 362
181 919
185 886
185 43
221 27
1606 100
469 1152
756 1153
756 712
756 1154
338 442
338 1155
1607 1156
437 1157
437 1158
437 849
437 1159
1608 1160
100 396
100 879
100 32
100 1161
100 12
100 698
100 760
100 968
100 1162
100 603
100 88
100 257
100 1163
100 623
100 1164
100 974
100 162
100 1165
100 866
100 537
100 861
100 20
100 1166
100 1167
100 1168
100 1169
100 1170
100 101
100 896
100 1171
100 1172
100 486
100 37
100 30
100 1173
100 798
100 1174
100 411
100 254
100 1000
100 578
100 26
100 307
100 0
100 244
100 1175
100 786
100 1176
100 154
100 869
100 194
100 627
100 1177
100 17
100 203
100 442
100 193
100 856
627 100
1609 1178
75 530
620 1179
1610 298
1119 164
1611 368
631 1180
1073 770
844 1181
149 1182
149 75
224 515
224 1183
1612 13
1613 1184
