809 0
1454 1
1454 2
1455 3
124 4
124 5
124 6
124 7
124 8
124 9
124 10
124 11
124 12
124 13
88 14
88 15
88 16
88 17
88 18
88 19
1456 20
633 21
633 22
633 23
633 24
711 25
711 26
527 27
1086 28
1086 29
1086 30
1086 31
755 32
342 33
342 34
193 35
582 36
1457 37
228 38
228 39
228 40
228 41
510 42
510 43
282 44
508 40
1458 45
1326 9
599 46
599 47
599 48
1362 49
1362 50
1362 51
287 52
287 53
287 54
287 55
287 56
287 57
984 58
553 59
330 60
900 61
900 62
900 63
1363 64
1363 65
1459 66
979 67
1460 68
1461 69
1462 70
520 71
1463 72
1059 73
334 74
842 11
1464 75
945 76
945 77
945 78
1372 79
126 80
674 81
1258 82
1258 83
1258 33
845 11
1465 84
1466 54
1082 85
1077 86
1077 87
19 88
32 89
32 90
32 91
32 92
32 93
32 94
32 54
32 95
32 96
32 97
32 98
32 99
32 100
32 28
32 101
32 102
32 103
32 104
551 59
651 105
651 26
499 106
1003 107
1003 108
1003 92
1003 109
1003 34
1237 110
1067 111
112 112
1467 113
1468 114
1469 115
1470 116
1471 117
1472 118
1473 119
1295 120
82 28
82 121
6 122
6 123
6 124
1474 125
1474 126
291 122
291 127
291 128
291 129
180 130
728 131
1475 132
487 133
487 123
292 128
1306 134
1011 135
1011 136
1011 137
1011 138
1476 139
1477 140
1430 132
1430 141
1478 142
1043 37
1285 143
1285 144
1148 145
1148 146
695 147
1479 148
1364 149
1364 64
1364 32
339 150
339 151
1429 152
1324 153
1324 9
1324 81
1480 10
1119 154
1119 155
1119 156
1481 157
1482 158
1309 134
388 151
388 25
388 159
388 54
388 160
388 161
388 162
388 163
1483 164
1484 165
1485 166
1485 167
207 168
1268 118
1486 169
1486 36
606 62
606 170
606 171
606 172
606 173
606 174
606 175
606 176
606 177
606 178
606 113
606 179
1487 180
1487 181
1488 182
1489 183
1489 184
504 185
504 186
1283 187
1490 188
1491 189
1491 77
543 130
543 190
543 110
543 191
543 11
543 13
887 192
35 193
1276 70
869 194
869 195
364 196
364 197
14 198
14 88
1492 166
1492 199
1493 165
1494 200
1494 201
1494 202
383 203
383 204
1147 205
206 206
168 62
168 207
987 208
987 209
718 210
718 211
157 212
157 213
1311 214
1311 215
1495 216
1495 217
763 108
763 218
1496 219
1497 220
1498 221
349 222
1499 47
81 223
81 224
81 225
81 166
81 226
81 227
81 123
38 228
38 229
286 230
286 231
286 232
286 233
1365 64
273 164
273 234
1500 235
641 236
175 237
1501 238
1502 28
75 178
574 239
574 240
574 241
1503 242
283 36
283 243
283 244
283 245
283 87
283 107
283 246
283 247
283 248
283 249
283 203
283 44
283 64
283 250
283 251
283 252
283 253
283 254
283 255
283 256
283 151
283 257
283 258
283 9
283 259
283 260
283 28
283 178
283 31
283 261
283 54
283 262
283 263
283 264
539 122
229 38
229 265
1504 266
1234 267
1505 91
1506 268
1192 65
17 189
17 88
1507 269
1507 270
1508 271
1508 272
234 273
234 274
870 275
839 276
1398 271
1398 277
44 278
44 279
44 280
44 281
44 282
44 283
44 253
44 284
613 285
1150 286
1150 287
1509 245
128 64
128 91
128 288
128 289
128 123
128 290
128 291
128 54
128 204
128 292
1083 169
1083 293
1510 294
1510 110
1511 295
1240 296
1213 297
1512 298
359 118
828 299
1513 300
554 301
532 122
532 283
532 91
1514 302
1435 303
1435 304
1515 305
485 62
485 225
485 306
1516 74
522 307
522 308
522 55
522 91
494 309
1517 310
1517 311
688 312
479 313
164 314
164 315
164 316
164 317
1518 318
501 319
1519 320
37 321
37 123
37 322
37 323
37 246
37 324
429 325
429 184
429 326
429 327
429 328
793 60
793 329
793 330
793 107
793 331
793 332
1520 87
1188 333
1188 334
985 335
127 336
127 291
230 226
230 142
230 337
230 286
230 338
230 101
259 339
259 91
259 13
906 340
1355 341
436 342
436 343
436 344
1521 345
1522 61
1185 166
1185 346
1185 347
1523 348
289 91
289 189
289 128
289 288
289 31
1524 349
1525 350
1526 351
1527 352
226 353
226 354
226 355
1109 356
1109 357
796 358
1014 359
1528 271
74 64
74 334
74 360
74 27
74 83
74 361
74 362
74 55
74 134
74 363
1529 364
1529 365
921 366
921 159
921 115
921 367
1530 166
101 93
101 368
101 369
101 322
101 230
101 370
101 32
1441 371
894 372
632 373
1531 125
866 374
775 323
564 375
564 376
564 377
217 378
217 199
1320 201
1532 69
1533 11
1534 379
1535 52
1535 348
1536 380
404 381
1297 356
795 382
204 383
204 384
204 128
204 385
1020 386
1537 387
1538 108
1336 388
1102 389
1539 390
1540 391
918 201
209 392
209 393
209 394
1179 395
1179 396
1179 88
1541 29
1202 313
560 397
560 166
83 398
83 399
83 400
83 207
83 74
83 401
83 402
83 403
381 404
381 405
381 166
381 406
54 91
54 287
54 407
54 408
54 409
54 388
54 204
54 410
54 411
54 387
54 412
54 101
54 255
54 104
54 151
54 25
54 413
54 414
54 415
54 416
54 417
54 9
54 296
54 308
54 418
54 419
54 283
54 29
54 55
54 118
1112 420
252 283
1542 3
1380 421
936 422
1543 176
957 423
781 424
1191 425
959 426
959 427
959 428
917 429
917 328
1544 430
1544 431
413 107
413 432
413 433
413 54
662 434
648 435
768 9
1390 110
344 436
344 93
514 437
514 64
514 183
1545 438
1066 439
1546 268
1547 440
1547 122
1547 91
575 441
1062 442
1004 107
1004 132
1004 443
224 444
224 288
224 432
224 445
224 120
224 446
224 178
772 150
772 384
772 447
772 289
772 448
772 402
772 449
24 450
24 32
1548 451
597 150
597 452
597 453
98 32
999 279
500 454
500 455
500 456
500 457
500 458
500 459
500 460
500 461
500 462
141 463
393 464
1549 465
250 466
1442 467
1442 468
104 469
104 70
104 166
104 32
1550 470
300 46
1551 471
1552 472
1552 199
690 471
690 473
690 289
690 474
416 52
416 287
416 475
416 371
416 369
416 476
416 54
416 477
369 122
369 478
369 479
369 480
369 188
369 370
369 481
369 64
369 482
369 36
369 253
369 101
369 483
369 484
369 120
369 485
369 486
369 487
369 488
369 489
369 55
369 309
1438 490
1438 491
1553 87
1212 492
601 283
309 493
309 494
309 13
884 249
1369 495
1417 496
1417 497
1019 498
106 499
1554 500
1555 501
521 502
521 220
694 503
722 394
185 504
274 234
97 32
40 505
40 506
40 502
40 507
40 508
40 87
40 178
40 275
40 509
1556 510
912 511
437 512
437 513
437 514
437 515
437 516
437 517
811 518
1375 519
1319 189
1028 520
1028 87
1028 406
1557 32
302 178
302 280
302 521
91 122
91 288
91 522
91 523
91 483
91 524
91 289
91 525
91 526
91 527
91 31
91 528
91 32
91 151
91 529
91 530
91 327
91 531
91 532
91 376
91 533
91 534
91 259
91 176
91 160
91 296
91 114
91 535
91 128
91 170
91 536
91 166
91 267
91 537
91 538
91 54
91 539
91 540
587 36
587 541
1558 542
190 543
190 544
190 232
190 159
190 545
1559 546
46 139
46 547
529 132
529 91
529 518
989 378
902 107
902 340
1560 548
1561 549
1562 138
142 230
268 52
268 550
59 551
59 552
59 553
1099 246
301 554
679 544
1563 555
303 45
56 287
1564 556
747 557
747 558
1162 559
166 225
166 64
166 85
166 71
166 122
166 560
166 561
166 369
166 562
166 343
166 563
166 381
166 159
166 476
166 265
166 91
166 104
166 32
377 564
377 287
1565 565
951 353
951 566
951 567
1566 483
1567 243
1236 568
1391 569
1391 110
831 37
831 549
526 91
696 570
696 571
255 289
255 572
255 573
1568 574
1090 575
1569 576
1570 577
1571 336
569 578
569 579
489 369
489 178
489 580
489 3
489 581
1572 419
1573 348
1573 114
1574 225
1575 582
731 464
731 583
1576 584
1384 585
36 586
36 587
36 419
36 283
36 582
36 458
36 588
36 110
36 378
36 589
3 489
3 53
3 3
1194 590
538 91
654 591
1577 133
1416 476
530 592
530 91
1142 593
1578 594
453 30
352 595
352 596
446 224
150 597
150 339
1033 598
1579 599
1580 556
264 283
264 600
264 601
754 602
754 603
754 604
754 605
754 606
754 607
754 285
874 308
874 27
1316 608
1581 609
805 64
642 610
642 611
642 612
642 613
1582 369
1583 614
856 615
856 616
856 617
856 618
856 202
856 314
856 619
856 284
856 620
699 621
1584 622
594 34
1585 623
414 287
123 122
123 128
123 624
123 81
123 6
123 487
373 625
373 626
373 627
373 628
373 629
373 630
373 326
373 631
373 632
1586 370
22 633
379 634
379 635
379 636
379 637
379 160
379 638
379 639
67 640
174 122
174 176
236 641
236 590
760 369
760 502
612 642
1432 643
785 232
151 208
151 384
151 405
151 64
151 91
151 30
151 644
151 645
151 353
151 70
151 283
151 576
151 150
151 646
151 286
151 647
151 54
151 11
151 419
151 31
435 648
186 280
891 32
1587 188
105 122
105 649
105 650
105 554
105 651
105 123
105 532
105 652
105 653
1588 286
591 654
973 309
973 110
973 655
171 606
171 217
1589 656
849 657
849 658
932 659
638 660
1590 661
434 662
1591 280
743 663
1592 216
1593 568
182 599
182 664
182 156
733 665
1131 666
1131 667
800 668
800 669
800 670
800 671
800 672
800 673
1594 674
908 675
1595 280
1217 676
1596 396
1597 677
1598 678
544 679
7 124
7 680
7 376
7 681
7 682
7 683
1599 113
1600 684
517 437
517 685
517 686
1601 313
506 687
506 40
312 577
312 688
312 689
176 606
176 91
176 690
1282 691
45 303
1168 692
1174 693
1602 57
1603 694
1604 369
1605 505
1605 75
147 217
147 695
247 282
247 696
294 697
294 698
1606 699
443 107
938 107
938 127
938 700
938 701
1243 296
749 702
749 703
749 704
749 705
749 130
749 70
749 277
749 609
1607 706
986 707
25 243
25 708
25 709
25 710
25 711
25 327
25 712
25 388
25 55
25 54
1608 713
392 25
1609 55
1610 486
1035 714
1035 715
1035 716
1035 123
1296 717
1296 718
773 32
263 86
263 601
953 253
953 54
806 719
806 541
1611 431
1612 720
173 606
173 237
173 721
1613 722
1437 723
1351 9
1614 724
1614 275
1451 725
131 704
131 726
131 727
131 131
131 728
131 729
131 9
1193 729
1193 730
1193 474
1615 196
583 731
1616 732
1203 287
665 733
1443 429
609 734
992 217
116 735
1617 177
1618 240
898 380
584 280
584 232
584 736
584 737
1619 489
426 738
272 179
868 2
868 739
868 740
868 137
868 741
868 742
868 743
868 744
868 663
868 745
868 43
1620 746
1621 370
557 747
557 187
509 748
130 172
130 543
130 87
130 180
130 291
130 749
1622 370
1371 149
1623 178
1623 369
1623 170
568 750
1624 327
940 751
940 752
233 753
233 371
233 286
847 658
285 754
285 755
285 303
285 756
285 613
285 163
988 757
988 310
988 758
988 595
988 759
988 352
502 760
502 521
502 40
1625 761
1625 762
1626 225
1107 254
1627 347
108 763
108 764
108 145
108 283
108 765
108 611
108 766
280 44
280 767
280 530
280 245
280 768
280 769
280 53
280 770
280 3
280 771
280 143
280 134
280 120
1628 396
448 772
753 233
808 243
1629 773
481 774
481 13
1630 775
1444 776
1631 777
1631 778
1631 779
974 780
1632 268
232 356
232 781
232 782
232 535
232 783
232 190
232 385
232 376
232 286
232 54
232 784
232 584
232 275
232 785
415 410
415 705
415 786
415 787
415 788
415 336
415 683
415 31
78 254
713 488
1025 789
1025 790
1025 159
1025 791
1025 792
329 793
1633 91
1634 600
835 794
1415 795
1415 178
1415 87
1415 796
1415 327
675 31
675 797
675 162
675 798
818 799
818 530
1125 800
1125 801
566 165
1313 311
1635 65
120 553
1636 802
1637 803
788 415
1638 804
548 417
1639 13
1639 327
1219 676
734 609
1640 805
719 806
1641 807
243 25
243 283
243 808
0 809
1642 810
524 91
524 811
524 812
524 8
524 813
524 350
524 673
1643 523
1644 226
1645 814
1646 59
1012 280
1012 815
939 559
939 816
939 817
939 818
1094 478
361 74
1331 691
1448 819
1448 441
258 121
258 820
258 821
258 822
258 823
258 824
60 86
60 330
1085 36
1647 825
57 826
163 285
163 297
163 388
163 134
163 69
163 178
1452 725
1648 677
1440 371
1024 827
1649 828
876 829
876 830
876 27
549 831
1650 832
1651 378
1652 833
794 834
794 835
1349 91
829 836
829 837
1318 838
276 839
1653 360
1654 840
1654 608
239 241
11 256
11 151
11 91
11 249
11 384
11 841
11 70
11 543
11 842
11 87
11 843
11 428
11 110
11 339
11 844
11 378
11 11
11 124
11 845
318 289
721 173
1264 846
658 275
658 847
658 848
658 849
658 850
852 851
852 852
852 853
1655 677
1656 820
1215 854
189 458
496 376
904 855
904 85
616 314
616 856
689 312
1657 857
1658 858
877 160
877 859
1177 396
117 860
1178 396
327 861
327 570
327 862
327 124
327 429
327 724
327 863
327 864
327 378
327 428
327 725
327 584
991 378
991 236
991 865
991 50
991 184
374 866
1353 423
1232 867
744 868
744 739
1659 283
950 58
950 353
1660 43
1286 144
669 800
669 602
669 55
195 869
27 410
27 91
27 870
27 871
27 562
27 872
27 210
27 873
27 874
27 875
27 317
27 876
859 877
859 859
859 878
859 177
859 160
859 132
1661 854
196 149
196 879
196 880
196 124
284 44
331 793
331 134
1662 881
1663 882
621 699
621 725
1664 772
1665 87
1666 3
1666 833
1667 883
1667 600
249 884
249 885
249 684
225 485
225 81
225 886
482 487
482 268
1139 887
1139 192
680 680
680 683
1337 62
1337 748
1337 451
1337 888
1337 889
1337 890
1337 891
102 892
102 32
1242 296
1668 614
1669 893
170 125
170 91
170 254
1670 894
1670 895
1076 846
1076 896
12 897
260 60
1671 898
1671 144
1671 647
1672 899
1673 546
63 900
1211 87
1674 388
203 901
203 410
340 902
340 903
340 904
340 905
340 269
340 270
340 906
340 907
340 725
1675 747
634 379
360 908
360 283
360 909
360 910
360 378
663 312
663 743
1676 911
1677 571
384 447
384 772
384 784
384 592
384 655
384 268
511 95
511 912
511 913
511 914
1678 87
1679 915
1680 699
903 340
328 916
328 917
1128 918
1128 919
1681 869
1681 215
1248 920
1682 402
1253 21
1683 277
1684 178
1684 212
366 921
1685 178
1343 363
1686 922
1687 733
1688 923
1689 609
649 105
649 183
649 924
1224 925
375 926
375 564
341 58
341 927
915 10
1103 254
47 685
1690 928
1691 929
1691 871
1691 109
1691 13
71 520
645 151
210 27
210 930
210 931
210 718
210 932
210 933
736 166
968 289
1132 934
1132 935
422 936
39 38
946 937
1692 938
1693 712
816 939
1694 188
751 940
1695 941
1696 942
1697 943
875 944
201 122
684 945
684 249
684 87
372 134
1698 156
493 309
1699 327
199 217
937 10
937 946
1700 947
353 151
353 867
353 948
353 599
353 289
353 786
353 204
353 226
353 949
353 13
353 950
353 951
1701 458
1702 952
179 606
580 953
580 660
1044 576
1703 954
1703 336
1704 510
1704 305
578 569
1027 567
1027 955
1027 177
1027 956
1027 159
1027 957
1027 958
427 959
1705 287
975 960
1126 961
365 962
121 963
121 82
121 964
121 258
121 655
121 965
444 966
444 224
1706 967
786 968
1707 969
265 970
655 384
655 971
655 121
655 972
655 871
655 452
655 973
883 600
1708 378
780 974
780 878
780 677
960 975
534 77
1709 976
1228 977
419 36
1345 978
1345 825
1345 979
681 7
503 694
1710 165
122 291
122 201
122 123
122 369
122 980
122 532
122 6
122 40
122 981
122 539
122 928
122 105
122 982
122 336
1422 983
907 984
907 340
1056 145
1056 985
473 690
1299 769
1711 289
704 820
704 609
707 986
208 949
208 987
208 64
208 286
208 51
95 120
95 32
729 60
729 75
729 54
1712 315
183 296
183 514
758 988
1713 571
1714 289
1715 108
378 989
378 990
378 991
378 992
378 993
378 994
378 134
378 199
378 995
378 11
378 217
1310 134
1275 996
279 997
279 44
279 724
279 998
279 302
279 999
279 11
279 1000
1716 1001
1717 271
1717 396
1718 378
332 793
77 86
77 534
77 294
77 32
1300 178
1719 124
1719 1002
107 413
107 109
107 283
107 330
107 1003
107 983
107 522
107 1004
880 196
880 1005
880 1006
708 1007
1720 560
1104 409
1104 1008
1104 1009
1104 311
1104 254
1104 1010
135 1011
172 130
172 606
815 1012
586 36
1721 1013
1303 769
322 1014
466 931
466 821
1183 873
1183 294
1722 464
354 725
1723 472
191 1015
191 543
335 77
335 1016
321 37
321 316
306 485
306 267
562 1017
562 166
305 1018
305 407
305 267
498 1019
386 1020
1724 1021
1724 1022
278 1023
1341 165
827 52
827 376
827 1024
980 122
159 151
159 776
159 1025
159 388
159 1026
159 158
159 1027
1725 1028
1048 407
458 500
1195 476
28 82
28 540
28 1029
28 1030
28 466
28 1031
28 440
28 1032
28 49
598 1033
715 1034
715 1035
1051 1036
1051 1037
1051 166
1051 313
1051 1038
1051 89
1051 1039
1051 1040
1051 396
1051 1041
1051 1042
1726 1043
576 1044
1727 1045
1728 1046
1728 1047
1728 1048
1729 593
956 271
956 47
956 1027
1730 1049
1730 110
1039 1050
789 1025
324 37
324 439
682 178
1731 1051
1245 579
1732 1052
1733 782
1734 115
1735 407
1736 962
1084 1053
1084 867
1084 1054
1084 13
1026 159
1737 1055
640 801
53 531
1738 58
1738 1056
1739 36
1739 1057
1144 1058
73 1059
1740 151
1227 1060
1741 124
924 649
1742 294
442 1061
442 178
442 216
442 1062
1743 159
516 1063
589 1064
589 36
1744 1065
1745 933
439 1066
439 324
1746 120
1747 471
611 1067
611 255
611 474
611 1068
611 54
355 862
355 1069
355 226
1307 1070
1748 464
69 163
69 550
445 224
445 1071
445 1072
445 1073
445 1074
1749 487
1749 1075
727 131
896 1076
896 187
408 54
86 60
86 1077
1750 973
1308 1078
1308 1079
1308 1080
1308 134
85 166
85 1081
85 1082
85 685
1030 110
169 606
169 1083
169 226
1263 846
848 658
323 37
1287 949
1054 1084
31 81
31 1085
31 415
31 1086
31 151
1751 1087
1752 1088
1752 1089
1752 1090
1752 1091
1752 1092
1752 1093
385 204
385 54
1420 555
1029 28
478 1094
478 1095
478 369
478 1096
1378 390
246 451
246 283
246 1097
246 1098
246 622
246 1099
1753 1100
1381 881
389 1101
389 1102
254 693
254 1103
254 170
254 1104
254 78
254 1105
254 1106
254 178
254 1107
254 118
450 24
1754 464
1755 165
1158 611
1158 1108
1158 78
1756 222
1757 73
325 429
735 370
556 1109
556 1110
1115 1111
1115 188
823 36
1758 1112
1758 1113
1759 275
1760 1114
368 101
1761 33
1762 28
188 466
188 32
188 1115
188 811
188 463
1116 1116
1116 1117
572 255
572 302
1221 1118
1763 1119
8 560
8 1120
213 1121
213 1122
213 212
213 1123
213 157
213 11
627 1124
1764 87
1765 772
1765 1125
961 1126
1766 1127
1766 654
1009 983
1009 1104
919 1128
919 484
316 1129
316 321
1767 1130
666 1131
935 1132
317 164
317 27
177 644
177 1027
1768 1133
1768 44
1768 1134
1768 1135
93 101
93 32
1769 938
774 376
468 1136
573 289
1770 4
1771 49
1312 1137
966 444
1772 1138
290 949
290 128
192 378
192 1139
593 1140
593 1141
593 1142
593 84
593 1143
1222 152
1222 1144
1773 921
933 1145
861 327
1315 1146
1315 1147
1774 217
1775 652
1775 308
1776 1148
1777 349
967 360
967 13
1152 1149
1152 91
1152 1150
1152 118
1152 296
1152 781
1778 396
1779 287
1780 217
995 1151
1149 1152
1256 949
1256 64
1256 134
1256 87
1151 147
1439 1153
1781 738
160 227
160 485
160 451
160 1154
160 877
1782 303
1366 748
1783 1155
269 1156
269 340
1784 1156
1034 715
1785 1035
603 754
1157 241
1157 1157
1348 559
1786 383
1787 793
1787 362
1108 1158
1788 500
559 943
559 1159
559 1160
559 1161
559 1162
1171 1163
1171 1073
1171 584
350 1164
165 1165
165 118
165 310
165 27
488 369
488 713
1789 280
1790 1166
1053 1167
1053 1084
692 1168
879 196
1791 480
588 36
1792 1169
115 921
1167 1170
1073 1171
1793 4
693 122
693 1172
693 397
693 254
693 1173
693 159
693 981
693 1174
693 1175
693 924
1794 387
42 43
1795 11
971 655
92 1003
1431 1176
396 712
396 1177
396 1178
1796 3
145 1179
145 1180
145 1181
145 248
145 110
145 1148
145 108
1338 1071
100 32
873 1182
873 1183
540 28
1797 1184
346 1185
346 1186
346 748
346 1187
346 1188
397 477
1798 1189
154 1119
1799 1190
425 1191
1800 1192
1368 49
1368 748
752 940
474 1193
590 1194
590 556
492 1195
1801 14
1801 88
1327 1196
1209 418
380 234
1802 32
1803 275
1330 691
451 246
451 888
29 54
507 1197
507 40
1421 1198
26 54
512 437
277 997
277 776
277 1199
277 1028
277 686
277 846
1804 1200
1805 713
1806 1201
1807 901
1267 983
313 1051
313 20
313 612
313 1202
313 283
313 1203
313 1045
313 479
313 9
313 1204
313 1205
313 1206
313 1207
770 165
1032 28
1808 166
1809 782
1214 1208
1214 275
1214 241
430 80
1810 328
418 25
418 729
418 1209
1 1210
1127 39
1811 1211
535 232
1812 11
1812 832
55 303
1813 1212
1814 606
596 352
596 457
297 1213
297 163
1208 1214
697 294
697 310
1406 271
854 1215
854 382
854 1216
854 1217
1815 1218
216 442
216 132
216 487
216 1075
1816 178
1817 254
676 1217
676 1219
1412 1128
1412 178
455 500
710 708
871 655
871 296
871 27
871 166
871 1220
1374 79
1118 1221
1118 1222
1284 1223
43 868
43 821
43 510
1096 478
990 378
1386 585
925 1224
161 388
1818 1225
1271 1226
1060 1227
977 1228
1323 1229
1819 1230
1201 85
370 735
370 581
370 369
370 1114
370 101
370 178
1820 166
1007 25
1821 360
1822 468
1274 1231
867 1084
867 1232
1823 447
1824 27
923 364
320 1233
1081 85
267 44
267 306
267 91
267 1234
267 305
1825 311
685 1235
685 85
685 47
750 1236
1826 1110
1826 556
1827 606
706 556
1828 283
162 388
901 203
146 1237
1829 821
428 738
428 959
428 802
428 327
1830 483
954 1238
954 1143
1360 1239
1117 1116
647 151
1831 1035
296 736
296 183
296 1240
296 871
296 1241
296 54
296 784
296 1152
296 1242
296 1243
486 369
308 1244
308 390
308 1245
308 1246
308 1247
308 1248
308 994
308 69
308 54
308 1249
308 1250
308 1251
308 342
308 1252
194 869
1832 458
1833 698
913 511
913 1253
639 379
709 25
802 428
1016 1024
87 1254
87 64
87 130
87 1255
87 11
87 226
87 1256
87 1097
87 144
87 1211
87 178
87 70
87 684
1834 1257
1419 1244
1419 69
1835 1258
90 1259
1836 1260
1837 267
417 54
846 1164
846 277
846 1261
846 1262
846 1263
846 1264
846 1027
52 160
52 1265
52 1266
52 268
237 110
1838 590
1839 1132
1182 873
1182 101
118 1267
118 211
118 458
118 87
118 1268
118 1269
118 54
118 357
118 165
1106 254
1840 1270
581 314
581 371
581 1181
581 370
1841 88
1226 1271
862 1272
862 327
862 1273
862 355
1231 1274
1231 1275
70 151
70 1276
70 122
70 87
70 134
70 949
70 178
70 11
737 584
1304 769
1842 1079
1225 1256
1225 993
187 747
187 1277
187 896
187 1278
187 1279
187 1280
187 1281
187 1282
187 1283
771 280
1223 165
1223 1284
447 772
447 384
456 500
1843 238
791 17
144 1154
144 87
144 1285
144 280
144 54
144 1286
949 1287
949 1075
949 290
1844 910
1101 1288
1057 1289
1057 1290
1403 271
1445 351
1445 1291
1445 1292
1445 177
1387 1293
1845 930
1397 271
1385 1294
1846 1295
1210 1
717 1296
248 581
248 311
356 1297
356 1109
356 236
563 1172
563 124
922 1052
1847 559
1848 678
955 1027
1449 275
1849 377
1850 214
241 574
1851 224
1851 1298
1851 447
1852 633
1853 979
769 1299
769 1300
769 1301
769 1302
769 1303
769 184
769 1304
769 1305
1329 691
143 280
143 65
1854 376
134 533
134 280
134 372
134 554
134 966
134 1306
134 1307
134 53
134 1308
134 70
134 1256
134 878
134 336
134 331
134 254
134 1309
134 1310
134 725
134 1311
1855 1312
1856 299
1857 369
1078 1308
410 203
783 527
783 232
1858 863
314 164
314 856
314 581
646 151
337 230
337 32
745 868
1859 471
311 1313
1180 145
841 11
983 425
983 36
983 118
983 1314
844 922
1860 1104
836 278
836 829
836 458
836 288
1861 328
1146 1315
1862 81
245 283
1354 178
1354 423
608 1316
838 1317
838 754
838 1318
838 1319
838 1001
838 1074
1863 1320
343 376
1197 507
1197 1321
1197 1322
1197 1323
1197 39
1864 1225
1294 1030
767 26
1388 877
1388 11
1388 134
138 85
138 1011
9 1324
9 30
9 768
9 283
9 313
9 1325
9 124
9 1326
1305 769
1233 1327
1393 64
1393 1328
691 1329
691 1330
691 271
691 1331
691 1282
691 1332
1865 943
1866 1333
1866 1334
1866 396
471 165
1394 774
1394 1335
1235 685
1058 293
1058 951
1023 44
1023 196
1867 1336
766 108
62 606
62 485
62 1337
860 117
1110 556
1110 476
1110 1325
1071 225
1071 1338
1071 445
1868 1132
1869 1339
1870 1340
558 1341
558 542
1871 871
577 64
577 1342
1872 217
1402 271
1873 633
1874 268
1875 442
764 108
1145 933
363 1343
363 363
363 74
319 520
319 501
319 1344
319 1345
367 921
367 115
765 108
1876 1346
10 1347
10 915
10 1348
10 1349
10 937
10 124
30 451
30 9
30 232
1392 1350
4 1351
4 124
4 535
94 32
1166 953
787 1352
423 1353
423 1354
1877 867
1877 105
1877 982
58 1355
336 134
1878 55
1878 1356
1879 1357
1879 302
1880 271
550 1244
550 268
997 6
997 279
997 277
970 522
1255 87
1881 314
1882 1358
1882 1199
1883 1359
1883 376
1164 846
1239 1360
671 800
1884 552
1885 396
218 375
218 763
218 1006
218 885
469 104
1886 278
1886 593
1887 1361
1888 410
1888 525
49 1362
817 939
129 122
64 87
64 515
64 34
64 592
64 928
64 1363
64 577
64 820
64 105
64 208
64 74
64 1364
64 38
64 1365
64 509
64 151
64 1256
64 183
64 123
64 106
64 405
64 128
64 166
64 369
64 267
64 931
748 1366
748 1367
748 1368
748 1155
748 1337
748 509
1889 966
1889 687
495 1369
495 69
1890 1231
579 1245
1891 971
33 1258
33 342
33 70
13 353
13 259
13 1084
13 931
13 227
80 891
80 126
149 364
149 1370
149 1371
1376 546
533 134
79 1169
79 1372
79 1373
79 1374
1254 87
1254 32
1015 191
1015 543
405 566
405 64
405 381
405 151
519 1375
519 891
726 844
726 131
1892 1376
1290 1377
1290 277
914 511
390 201
390 1378
656 487
421 1379
421 1380
825 1345
1893 348
1894 938
1895 634
1332 691
1896 643
660 489
660 472
89 1051
240 574
65 143
881 1381
1897 1008
61 900
1898 52
1898 188
1898 967
275 283
275 658
275 232
275 217
275 1382
1289 122
1899 1383
1196 1327
1196 9
1017 562
585 1384
585 1385
585 1386
652 331
652 105
1900 25
1293 342
1293 1387
1901 1388
1901 91
1367 1389
1367 748
110 36
110 1390
110 543
110 585
110 11
110 725
110 1391
1350 1392
21 1253
1328 1393
853 1394
853 1395
853 852
853 328
623 394
288 565
288 91
288 289
271 678
271 1396
271 1397
271 1398
271 1399
271 327
271 1400
271 1401
271 1402
271 1403
271 1404
271 1405
271 606
271 1406
271 691
271 1407
41 1408
1181 581
1181 145
1097 87
1902 552
1903 312
545 11
545 1409
152 294
424 1410
424 13
1904 340
1001 278
1001 1411
1114 370
178 224
178 70
178 522
178 853
178 981
178 592
178 124
178 370
178 584
178 505
178 486
178 49
178 105
178 442
178 254
178 1412
178 440
178 1413
178 1414
178 1175
178 75
178 40
178 163
178 682
178 489
178 1415
178 606
1325 1110
1325 9
714 476
156 1119
476 1416
476 1195
497 1417
497 570
497 497
1278 187
888 451
1905 120
1906 1418
678 271
1907 147
820 704
1908 166
528 91
1909 165
1244 1419
1244 550
555 1420
1910 305
1911 988
1911 559
895 559
895 40
895 445
1198 1421
376 574
376 1422
376 827
376 343
376 1423
376 1424
1912 314
1170 1167
1170 1425
1075 1426
1075 216
1075 49
1075 1427
821 823
132 216
132 529
132 859
132 60
132 1428
132 1429
132 1004
132 1430
1913 634
1176 1431
643 52
643 1432
643 1196
643 353
76 945
76 649
76 570
76 1433
76 134
76 1106
347 1185
347 166
347 370
347 1434
1914 1435
515 1436
515 437
515 64
1241 296
723 1437
1205 983
1205 1438
1205 955
1153 1439
398 83
371 1440
371 581
371 1441
1915 500
1916 215
1917 1018
1918 123
215 1311
215 1415
1105 254
1919 1345
1137 108
1155 223
420 1112
467 1442
1920 1443
1356 348
1356 118
1921 656
103 32
103 1070
776 1444
776 277
637 379
99 32
34 1254
34 548
34 342
34 1445
34 1003
34 165
34 32
114 738
114 37
872 27
1342 577
1342 1342
1922 1446
1923 247
96 32
1423 376
1924 1447
1925 468
441 1448
931 941
931 1449
931 466
931 210
931 13
931 2
855 85
315 164
725 1450
725 1451
725 1452
725 327
725 621
725 134
725 110
725 1453
725 340
197 364
