177 0
1649 1
807 2
1426 3
1650 4
153 5
221 6
221 7
221 8
221 9
472 1
1651 10
1652 11
1653 12
1654 13
336 14
336 15
336 9
643 16
643 17
1655 18
1656 19
1657 20
1569 21
334 22
334 23
1183 24
1183 25
1183 26
1183 27
1183 28
1062 29
391 30
391 31
391 32
391 33
1077 34
1077 35
1658 36
1658 37
1210 38
1210 39
1659 40
1659 41
841 42
562 43
562 44
727 45
727 46
1619 47
714 48
1660 49
1660 50
1660 9
245 51
245 52
245 46
245 53
245 54
245 55
245 56
245 57
417 58
887 59
967 60
967 61
967 62
222 63
222 64
222 65
222 66
222 67
222 68
222 69
222 70
1661 71
1661 72
1662 73
1663 74
80 75
80 76
80 77
80 78
80 79
80 80
80 81
80 82
80 27
80 83
1452 84
847 85
847 86
1664 87
1664 88
1664 89
356 90
356 28
853 91
1665 92
896 93
896 94
896 95
607 96
1666 97
1203 98
1090 99
1667 100
666 101
666 53
1668 102
24 103
1669 104
419 105
419 58
1670 106
1671 22
390 107
390 108
390 109
390 110
390 111
1672 112
1673 113
348 114
1050 82
876 115
876 116
876 3
1674 117
1675 118
1541 119
1676 120
1677 121
1175 122
1678 123
1679 124
1053 125
1200 126
1680 127
176 128
1081 129
1681 130
1451 104
1682 131
744 132
637 133
1683 134
1684 135
1685 103
612 55
1686 136
186 137
186 138
186 139
145 140
145 141
1179 142
1687 143
723 75
141 144
141 105
141 104
141 145
141 146
141 147
141 148
141 149
141 27
141 150
951 22
1688 151
1689 152
5 153
5 154
5 144
1690 155
1554 156
1071 34
1336 157
1691 158
1692 159
1522 75
1604 160
699 161
699 87
437 162
437 163
437 164
437 79
437 165
437 166
437 167
437 48
437 168
437 169
1693 57
715 170
715 22
466 171
1433 172
1433 173
639 174
639 175
1694 176
0 177
0 178
54 179
1695 180
1696 181
139 182
139 183
139 184
139 185
139 186
945 187
1697 140
1350 93
819 188
1176 152
1176 189
772 190
1637 191
500 75
500 103
500 192
500 193
1412 194
1219 195
1219 196
1219 57
1219 197
1116 58
1489 198
1698 199
1305 200
1305 201
1305 202
146 203
1699 204
149 29
307 205
307 206
1700 77
850 23
1701 207
1701 208
499 31
499 209
1576 210
1576 211
1576 212
786 213
786 48
366 214
638 13
638 215
638 212
638 216
638 217
638 218
638 219
638 166
638 79
638 220
638 174
638 57
638 168
1702 221
1703 57
620 222
620 27
620 223
1150 82
525 224
755 225
1417 226
1417 227
1417 228
1550 227
1550 229
674 230
674 57
674 231
674 232
674 233
642 234
642 235
642 236
642 237
642 238
642 147
642 121
642 174
1704 239
1704 240
150 124
150 241
150 141
1381 168
1705 242
1706 16
51 243
51 244
51 245
1264 57
1115 246
1115 247
1115 248
269 6
269 222
284 215
284 3
284 249
284 250
284 55
284 251
284 252
284 253
284 254
284 255
284 256
284 257
284 258
284 259
284 57
284 260
284 261
284 262
284 103
284 263
284 264
284 265
284 266
284 267
284 268
284 269
284 270
305 271
305 272
664 273
1707 274
609 179
1708 275
1709 188
1709 276
1709 245
397 105
397 277
232 278
924 227
924 279
924 280
299 281
990 128
990 282
649 283
233 284
1710 285
1711 286
1712 236
687 287
687 288
684 226
907 289
907 290
363 291
363 292
363 293
363 294
721 295
957 15
957 83
1542 57
1542 296
1613 297
1713 281
281 298
281 299
1606 300
891 301
524 302
524 303
1181 98
1143 304
1143 102
272 305
1363 306
1363 307
1363 83
1363 57
1363 308
9 309
9 310
1117 311
672 312
672 313
1714 113
1715 314
930 315
930 316
930 317
930 318
1630 319
1630 102
435 320
435 321
435 322
435 3
435 163
435 323
435 324
435 325
771 326
1075 327
1075 16
1716 328
506 329
506 330
264 103
264 325
264 121
1717 331
1377 332
1317 333
1317 334
1626 335
1718 336
1718 337
1440 79
388 338
644 174
1719 76
192 34
192 216
192 339
192 340
192 98
192 3
192 341
192 342
192 175
192 343
192 121
192 58
192 344
192 345
1720 346
420 222
1134 155
1476 347
114 348
114 349
114 350
114 351
1721 352
1722 58
1723 353
1724 354
594 355
90 356
1725 357
137 358
1726 359
1217 341
1217 46
358 34
358 360
1727 361
429 362
429 58
294 363
49 364
1728 287
1104 365
1729 52
214 12
214 366
214 267
214 367
1480 368
1730 369
1731 370
1731 371
496 76
496 105
496 372
496 373
496 338
496 374
496 375
496 376
706 377
291 363
291 378
1196 379
1196 23
1312 380
1732 381
1733 382
1733 314
1565 383
1565 384
1565 83
663 385
1349 57
1349 386
1734 387
1734 388
1734 389
110 390
110 391
110 392
1439 393
1735 394
1736 16
1737 395
105 66
105 141
105 396
105 397
105 398
1560 27
1738 326
1253 399
1253 400
784 401
784 402
784 383
254 58
1739 403
1739 404
1598 57
1598 405
1740 75
816 406
816 407
816 83
566 408
1741 409
1742 410
1743 411
989 412
58 413
58 189
58 3
58 414
58 226
58 343
58 415
58 107
58 283
58 416
58 417
58 243
58 418
58 419
58 420
58 421
58 390
58 422
58 79
58 423
58 424
58 425
58 426
58 95
58 13
58 103
58 23
58 427
58 25
58 428
58 386
58 429
58 430
1744 431
1745 432
1340 433
163 434
163 435
163 295
163 436
163 437
163 438
913 120
69 338
1044 88
1746 439
1490 440
1490 221
859 71
859 441
859 320
859 442
767 443
767 444
1146 128
1146 445
1093 446
1093 447
1093 448
1093 449
1093 450
1093 451
1093 452
1093 453
1093 454
1093 29
1093 455
1093 456
1093 457
1093 458
1093 459
1093 460
1093 461
1419 226
1419 462
1419 168
1419 463
306 464
545 465
545 466
545 408
545 467
545 284
545 17
545 383
545 468
545 315
545 469
545 57
545 470
545 402
545 471
1 472
1747 27
438 174
438 3
867 473
1748 353
1749 141
1750 474
1318 475
1290 156
1290 476
1751 477
934 478
298 281
298 97
271 305
271 479
822 480
822 481
822 323
822 482
822 483
822 484
648 485
648 486
648 487
1375 488
1375 489
490 431
490 490
490 48
490 491
490 492
1752 493
567 88
567 235
567 46
567 171
567 494
567 175
567 495
338 107
338 270
338 496
209 479
209 144
209 497
209 498
209 499
209 146
209 500
561 501
561 502
608 179
1753 503
360 358
1754 295
1755 364
1487 504
1475 347
1571 505
329 506
1296 173
1296 476
1756 251
1113 507
23 508
23 205
23 226
23 26
23 509
23 20
23 510
23 27
23 511
23 512
23 513
23 514
23 515
23 68
23 516
23 204
23 517
23 495
23 518
23 519
23 103
23 520
23 521
23 58
23 25
23 522
263 523
263 284
303 524
964 525
1757 526
1579 527
1351 528
725 22
285 529
285 46
805 530
805 531
1758 187
1759 532
1760 98
532 533
532 534
657 535
657 536
657 537
657 121
657 428
657 222
657 538
885 219
1761 539
1220 540
1151 82
1762 97
1524 94
1058 98
1058 29
1058 263
1058 87
1058 541
1058 542
1763 543
1197 32
1764 544
1764 545
1765 58
1766 142
240 546
1230 295
829 287
829 28
1639 28
738 547
738 548
11 549
11 376
11 550
11 551
768 156
1013 123
1517 140
130 552
357 175
1767 553
522 443
522 554
522 23
522 555
522 556
1768 557
1769 338
154 5
154 558
154 559
154 144
865 473
865 344
183 479
183 560
502 561
1770 205
1770 183
44 562
351 220
351 563
351 564
351 565
1771 566
769 93
769 567
769 568
769 569
745 570
745 571
745 495
1052 572
1608 573
1772 574
1514 432
124 13
124 575
124 98
124 300
124 576
124 577
124 578
124 60
124 495
1773 579
1225 373
1774 110
718 22
817 580
817 243
817 581
1468 582
1621 583
1775 102
737 57
103 34
103 98
103 584
103 283
103 558
103 243
103 585
103 586
103 229
103 587
103 93
103 511
103 588
103 24
103 589
103 590
103 591
103 592
103 593
103 594
103 595
103 596
103 57
103 495
103 597
103 598
103 599
103 600
103 15
103 58
103 195
103 168
103 285
50 601
1035 488
1035 284
1035 57
1035 602
100 603
100 604
100 222
1511 605
414 58
1776 606
179 607
179 608
179 609
179 610
179 140
179 611
179 612
1315 613
1315 614
1315 441
1315 615
1315 616
1315 617
731 46
1777 618
1777 619
162 620
330 526
330 36
931 327
931 173
931 216
920 621
920 93
920 12
920 308
1778 622
1779 623
326 624
326 625
326 626
1780 627
1161 82
1628 628
74 629
74 630
596 103
759 631
759 632
984 315
392 406
392 110
676 633
1204 166
1204 98
1204 222
1204 634
1301 441
1301 57
1263 635
339 498
339 192
331 636
331 57
133 637
1781 315
1018 619
174 638
174 639
174 640
174 641
174 642
174 643
174 644
174 595
174 645
174 438
1782 646
1578 103
1578 534
1064 647
283 648
283 507
283 57
283 649
283 650
795 651
795 463
673 493
673 652
673 245
1783 611
1119 41
1784 653
1785 654
1786 23
1074 34
1074 15
1074 262
537 655
537 103
537 656
537 173
537 657
1422 658
1422 659
167 265
167 660
167 10
167 661
167 662
1787 663
273 226
273 192
273 664
801 665
1030 666
1030 120
1030 667
1030 668
1030 669
1030 670
493 671
493 672
493 673
493 476
1788 311
231 210
231 123
231 482
231 674
1789 636
1790 567
340 192
1791 352
1792 344
1087 675
1087 676
416 677
1295 476
1793 678
1794 679
559 680
1795 167
1459 681
1055 682
1055 683
1796 684
1796 242
1797 685
1798 686
1799 103
1799 687
1800 688
1801 263
1374 689
1384 479
1802 154
645 174
1357 690
1803 691
1804 692
1132 693
1805 694
1529 695
1529 127
140 66
775 696
775 495
1345 697
586 226
586 584
586 698
586 230
161 600
161 699
161 12
161 46
1310 700
1806 701
1806 702
1027 703
1027 704
1027 705
1027 22
1378 599
928 706
1519 222
1519 418
668 401
591 103
591 222
591 27
1807 707
1434 708
1808 709
1808 124
973 27
22 34
22 710
22 711
22 579
22 712
22 48
22 245
22 713
22 714
22 173
22 715
22 716
22 170
22 717
22 718
22 719
22 720
22 721
22 722
22 23
22 669
22 723
22 334
22 724
22 58
22 725
22 726
764 229
46 104
46 727
46 728
46 500
46 567
46 729
46 584
46 140
46 730
46 245
46 544
46 731
46 4
46 20
46 732
46 733
46 734
46 492
46 735
46 736
46 612
46 534
46 257
46 737
46 87
46 594
46 57
46 738
46 739
46 75
46 439
46 663
46 23
46 740
46 17
46 741
46 541
46 308
46 742
46 743
46 285
1076 34
1076 744
571 745
1188 746
234 98
234 205
234 747
234 748
234 58
234 57
234 749
1282 57
1282 750
1809 751
877 752
877 753
67 68
67 222
879 64
879 754
225 755
1591 57
1591 756
855 757
855 758
956 406
1810 759
229 212
229 760
229 761
229 103
229 545
229 762
229 179
229 763
229 677
229 764
929 765
929 327
929 3
929 766
443 767
443 359
1484 665
955 224
156 768
156 15
1811 769
1032 770
1032 22
523 690
914 771
914 772
914 773
914 527
914 82
914 774
696 775
1812 776
1291 777
1291 778
1291 779
1291 476
85 374
401 780
401 781
401 103
401 521
401 782
401 783
401 784
401 785
401 147
794 463
832 193
485 23
1479 786
1287 719
1813 402
1814 787
1814 788
1472 555
48 714
48 789
48 790
48 22
1061 29
1061 791
1061 792
463 793
463 312
463 317
463 354
463 257
463 794
463 795
92 796
1404 797
1404 798
590 103
590 560
590 669
78 768
78 317
78 193
78 799
78 800
78 87
78 289
78 80
78 198
1815 801
866 473
866 802
367 409
367 287
367 41
367 82
1816 57
724 22
1817 486
803 803
900 804
900 57
900 693
530 58
530 712
530 805
1463 22
279 401
1597 57
1597 806
1277 575
1073 636
1073 34
1073 121
589 671
1353 28
1818 262
899 15
2 807
2 127
2 3
2 808
1819 35
994 34
994 809
994 810
1820 811
1820 812
1498 31
1498 813
1821 526
1822 650
569 230
569 814
569 815
1823 34
1450 104
1450 816
1278 421
1824 817
1825 818
188 435
188 819
1460 820
482 821
482 98
482 822
482 419
874 823
630 74
1170 22
1492 23
1826 556
730 824
730 825
730 46
884 826
884 827
1827 57
1828 561
633 676
1555 828
808 172
268 284
268 222
268 829
1829 830
909 831
1830 16
1830 832
1036 325
1457 495
1831 833
253 284
1057 834
1057 835
1057 62
1099 432
251 284
1832 836
1000 295
624 837
1516 838
1833 839
1833 408
10 840
10 841
68 842
68 222
68 67
1581 843
1581 844
1834 105
1834 701
1231 768
1231 845
242 327
242 766
242 3
242 483
242 846
242 386
86 25
86 847
1347 848
966 165
1270 849
1835 850
1599 57
354 851
354 852
1836 853
1453 854
1453 495
758 855
118 226
118 198
118 856
118 857
1837 858
1838 633
883 577
1624 210
441 219
441 859
441 62
441 595
468 199
468 545
1063 860
969 212
1839 441
91 861
1012 626
1012 849
1012 862
1303 863
842 68
473 864
473 865
473 866
473 867
1102 868
1131 869
1131 320
1131 870
1131 693
1131 669
1136 781
377 871
377 584
377 706
823 872
823 873
823 874
1612 73
981 875
981 79
115 876
115 203
1840 620
752 877
1841 57
1022 439
501 561
1842 878
1618 47
754 879
551 11
1532 65
1843 880
1527 843
1844 881
915 882
577 469
577 147
577 124
577 883
827 884
219 638
219 439
219 104
219 885
219 441
219 886
1845 887
1255 172
1292 476
13 104
13 677
13 683
1846 463
194 888
194 320
194 781
194 15
194 889
194 890
194 891
1160 82
789 892
789 48
789 893
789 894
170 714
518 406
518 80
518 196
518 22
518 23
113 341
399 65
791 895
95 896
95 104
95 29
95 325
95 58
1847 897
1848 898
1849 899
1031 669
25 23
402 288
270 900
652 128
652 673
898 901
898 902
19 903
19 904
19 415
19 905
1189 655
1189 173
1850 728
1851 906
289 78
289 103
289 694
289 907
107 479
107 908
107 338
107 909
1852 768
1853 910
1853 911
1274 912
1854 326
120 913
1478 914
882 915
976 398
940 916
940 917
1855 918
604 488
604 100
1552 227
12 558
12 90
12 919
12 161
12 196
12 66
12 920
12 403
12 266
12 921
12 57
1856 493
112 723
1857 922
1004 923
61 924
1858 925
1859 926
1860 226
1226 55
1861 402
1862 201
1863 156
825 227
825 730
1011 927
1005 558
1224 663
1224 558
1224 357
765 75
765 341
765 928
765 706
765 929
317 930
317 57
317 463
317 62
317 595
216 931
216 638
216 192
216 471
1864 473
492 490
492 46
492 932
492 79
30 391
1865 933
478 934
1866 935
1867 936
1868 854
1869 765
1355 937
1870 654
1871 938
916 435
916 939
916 940
916 941
310 942
310 943
310 9
1549 828
1872 15
598 944
598 945
598 946
598 58
598 71
598 103
598 649
598 947
598 948
598 226
598 949
598 950
598 148
598 308
598 584
598 951
598 952
968 212
968 953
1014 226
1014 34
1014 954
954 766
954 230
1873 955
406 390
406 34
406 956
406 392
406 518
406 816
1874 463
15 597
15 957
15 336
15 103
15 375
15 57
15 192
15 698
1875 958
1876 959
901 58
1622 722
1877 731
1878 960
376 57
376 11
376 496
1512 121
320 230
320 435
320 798
123 961
123 577
123 231
123 962
123 963
123 964
123 965
527 914
1879 172
1352 57
1352 853
1352 241
1880 966
212 13
212 638
212 967
212 968
212 229
212 289
212 969
212 254
1881 140
1882 325
1883 45
1884 572
536 250
536 56
1885 970
1886 971
1887 308
1009 558
1888 526
1566 972
560 183
560 809
560 560
62 317
62 862
62 123
62 441
62 973
62 967
249 284
249 815
398 974
398 975
398 439
398 144
398 976
398 405
398 977
1889 978
1890 979
1890 980
1891 443
875 981
1892 9
979 982
979 551
97 767
97 298
1893 39
897 924
897 897
897 983
325 264
325 332
325 650
325 584
325 93
325 984
1894 985
1186 986
1137 781
1895 610
412 987
412 323
412 988
412 936
412 989
282 990
282 173
1896 36
125 991
125 992
488 199
488 993
810 994
36 65
36 995
36 338
36 28
614 565
1897 996
1556 712
1898 997
555 540
1899 111
1518 998
1518 418
1455 681
295 999
295 284
295 620
295 1000
295 57
295 495
295 1001
295 245
1548 1002
1900 23
1901 1003
923 1004
923 28
558 1005
558 1006
558 1007
558 154
558 886
558 1008
558 577
558 103
558 55
558 175
558 806
558 1009
558 12
558 929
558 1010
927 722
927 1011
862 1012
862 1013
1902 69
1903 205
670 28
1094 1014
1094 11
108 28
1904 1015
1587 217
1587 1016
1602 57
1905 1017
1174 1018
1174 619
439 287
439 46
439 284
439 219
439 1019
439 1020
439 694
439 1021
439 6
439 57
439 1022
439 27
669 1023
669 98
669 1024
669 1025
669 1026
669 1027
669 642
669 173
669 1028
669 715
669 400
669 409
669 287
669 590
669 1029
669 595
669 57
669 495
669 75
669 439
669 1030
669 1031
669 1020
1258 96
1258 146
1258 1032
1258 1033
1444 1034
1020 1035
1906 233
1907 1036
1907 1020
1124 640
1908 772
1909 886
1909 1037
1501 31
1910 22
1507 175
1911 1038
1397 382
1912 1039
708 1040
587 103
1913 1041
1914 786
256 435
256 284
256 55
256 315
1915 1042
595 588
595 243
595 317
595 699
595 23
595 1043
595 669
595 305
595 441
595 693
595 1032
595 712
1916 558
88 1044
1917 1045
1917 1046
1464 804
1249 815
1528 1047
1918 1048
1918 421
1918 144
1570 1049
691 57
1919 476
1920 516
1921 1050
1922 900
1923 1051
1325 75
1325 257
1325 496
1325 1052
1325 1053
1325 325
449 182
1141 425
1141 1054
1595 57
1442 15
1442 313
1924 964
1383 1055
1383 936
1383 57
1383 102
1925 1056
1926 57
835 1057
29 1058
29 1059
29 1060
29 1061
29 476
29 29
29 456
29 1062
29 57
29 149
29 95
1927 1063
87 1058
547 1064
547 738
547 421
396 105
396 1065
1928 576
1928 325
1185 1066
1185 833
1242 1067
1242 1068
1242 906
34 531
34 1069
34 230
34 1070
34 1071
34 1072
34 48
34 192
34 715
34 1073
34 750
34 1074
34 994
34 1075
34 354
34 1014
34 231
34 686
34 1076
34 22
34 1077
34 103
34 822
1929 1078
1929 1079
1446 809
1446 36
1192 1080
1192 76
129 1081
129 352
1019 439
1930 914
1931 1082
1575 469
1410 1083
1252 172
1932 1084
1932 355
43 562
43 1085
43 1086
578 124
1933 1087
1933 414
1934 1088
99 1089
99 1090
454 591
454 1091
454 1092
454 1093
1609 73
1495 1094
7 1095
7 8
1935 498
1935 1096
1935 465
1935 66
1935 242
1936 555
1937 555
1938 1034
1411 1097
1939 817
262 1098
262 80
262 465
262 230
1940 246
1940 929
1209 1028
971 114
432 1099
432 1001
1206 98
344 865
344 1100
344 222
344 695
344 14
1941 432
1942 1101
1289 703
1289 476
868 1102
868 1103
365 1104
323 493
323 435
323 462
323 1105
1943 826
1944 289
1944 1106
1944 58
1945 833
193 1107
193 78
905 1108
995 686
995 371
995 1109
995 708
995 36
1946 1082
1294 476
953 1110
953 968
953 952
355 594
32 208
1485 1111
190 1112
507 1113
507 283
507 629
1420 222
1234 1114
247 1115
311 187
311 1116
311 864
311 1117
311 1118
311 553
311 1119
311 192
471 1120
471 545
471 495
1600 57
109 390
1096 1121
1096 1122
1096 245
1947 1123
160 1049
1948 1124
1491 1125
1341 1126
1949 820
207 103
997 1127
997 703
997 1128
992 400
1950 1129
1950 1130
693 1131
693 1132
693 900
611 96
1951 230
1951 198
353 1133
155 1134
565 614
565 351
565 769
1356 219
1356 640
1356 55
1952 330
781 13
781 401
781 1135
781 194
781 1136
781 1137
781 1138
781 57
781 325
781 1139
781 83
1636 106
1953 1140
1953 957
1954 654
1205 98
425 960
425 1141
425 226
425 58
425 57
425 11
1955 404
128 1142
128 652
128 98
128 1143
128 205
128 1144
128 990
128 58
128 1145
128 672
128 15
128 1146
128 1147
128 179
128 195
128 22
128 176
521 23
521 181
148 141
148 598
1956 1148
82 1149
82 1150
82 1151
82 1152
82 1153
82 1154
82 351
82 1155
82 1156
82 1157
82 1158
82 93
82 1159
82 1160
82 1161
82 1162
82 949
82 1050
82 1163
82 914
82 367
82 1125
82 1164
82 1165
82 266
82 315
1957 1032
1259 654
1958 236
1959 52
1959 1166
383 1167
383 436
383 1168
383 20
383 545
383 784
383 1169
1194 936
1223 195
776 1170
776 1171
1960 432
1961 622
603 100
512 23
1421 330
1962 176
1963 176
16 671
16 1172
16 643
16 1173
426 58
1964 1174
519 31
122 1175
122 216
152 1176
208 1177
208 32
208 1178
1965 1179
1966 1180
833 1181
833 1182
833 1183
833 1184
833 1185
986 1186
986 1103
1967 57
1968 1187
236 1188
236 642
1642 1127
138 186
138 931
655 1189
1969 370
993 567
993 833
993 838
993 701
1385 1190
1970 737
1971 1191
1971 1134
1971 245
1080 1192
224 529
224 525
224 802
1972 1193
101 57
101 666
101 314
101 548
423 1194
423 1195
379 26
379 1196
1285 34
856 102
856 1197
856 118
856 1198
1973 86
1974 98
1974 1199
1202 370
1202 716
1202 939
1202 98
126 493
126 1200
837 624
837 726
837 755
1975 56
1976 750
98 234
98 187
98 534
98 1201
98 124
98 1202
98 921
98 1203
98 199
98 98
98 128
98 313
98 1204
98 226
98 1205
98 1206
98 121
98 1086
98 1038
98 1058
1977 440
1369 755
880 612
869 1120
1978 872
243 51
243 103
243 47
243 817
243 58
243 480
864 473
864 1207
864 1208
1162 82
1158 94
1158 288
1158 10
1158 82
1158 14
1028 669
1028 1209
806 941
70 222
38 1210
1469 790
1979 110
181 498
181 57
181 77
181 1211
181 722
1240 1067
17 545
17 46
17 103
17 98
17 643
17 1212
17 323
17 1213
17 531
17 3
17 500
17 1173
17 27
17 1214
341 765
341 1215
341 1216
341 1217
341 132
341 1218
1980 1065
195 1219
195 1220
195 103
195 1221
195 1222
195 1223
1304 1037
780 401
182 449
182 139
535 179
535 657
535 166
373 490
373 1224
373 1225
373 496
55 1006
55 558
55 1226
55 1227
55 256
55 284
55 622
55 567
55 612
55 253
55 425
55 1228
55 277
55 15
55 93
55 1009
55 210
55 1172
55 1229
55 245
116 876
116 80
1432 910
1605 300
1605 1230
444 767
1981 195
845 1231
845 1232
350 114
1497 31
904 516
904 903
904 19
1982 37
1983 1233
422 58
158 1234
881 1235
902 1236
902 898
1535 826
1984 598
906 390
906 1237
906 1238
906 1239
906 646
906 1240
906 1241
906 1242
487 1243
487 132
1466 1244
1473 790
1985 965
1331 187
6 439
6 269
6 615
6 1245
6 1246
6 221
1593 57
1523 1002
1986 320
1112 151
1112 190
1112 1247
26 1183
1987 257
1481 1248
815 324
815 1249
815 173
815 249
172 1250
172 581
172 476
172 1251
172 9
172 464
172 1252
172 1253
172 1254
172 1255
172 808
172 58
172 1256
172 666
1988 1257
965 123
1989 58
1990 357
1122 1096
144 398
144 209
144 154
96 57
96 607
96 1258
411 828
1328 1248
1328 124
949 82
949 774
720 192
720 173
1991 245
288 687
288 402
39 1210
178 220
178 0
308 1259
308 1260
308 173
742 46
111 390
1992 10
1391 498
1391 394
1391 465
1373 324
646 23
646 927
1993 1261
635 1262
635 1263
729 765
1994 522
1107 1264
1995 1265
1462 38
1462 495
734 46
1996 1266
1997 1267
1370 1268
1370 1269
912 1270
912 1271
912 1272
912 1273
912 1077
912 1274
575 1069
575 124
575 1275
575 1276
575 1277
575 1278
575 1279
975 398
1343 1280
750 401
750 1281
750 1282
750 34
750 1283
750 15
750 1284
750 57
750 1285
750 1286
750 27
371 995
719 326
719 1287
1998 190
1999 1288
476 1176
476 1289
476 235
476 1290
476 443
476 452
476 493
476 1008
476 1071
476 689
476 1291
476 1292
476 1293
476 179
476 1294
476 1295
476 1296
919 179
919 12
2000 1297
660 999
660 167
660 1298
660 1299
686 36
1461 495
267 543
267 121
952 367
508 31
59 887
59 1300
626 326
626 1012
1324 654
1449 104
1449 1301
345 469
1108 905
2001 112
886 75
886 1302
886 98
886 219
886 175
886 1021
886 57
494 567
2002 4
824 730
407 1303
941 525
778 1304
778 1291
1388 357
202 1305
467 433
467 545
467 848
2003 1306
2004 295
2005 322
2006 222
779 1291
779 493
597 15
1500 325
2007 285
1233 1307
1233 1308
1233 1309
2008 560
2009 341
1109 995
700 1310
700 1311
1539 826
2010 371
380 1312
1502 31
2011 103
2012 58
1319 712
2013 3
2014 1313
372 1314
372 10
372 496
615 121
615 1315
1120 930
1120 119
1265 1316
333 75
333 1317
475 1318
171 1319
171 567
171 466
352 1320
352 104
352 1277
352 57
352 121
2015 1321
654 1322
654 205
654 1323
654 1324
654 308
75 1325
75 333
75 886
75 1326
75 398
75 500
75 80
75 723
75 1327
75 495
187 1328
187 1329
187 1097
187 1170
187 1330
187 1331
187 500
187 1332
1237 1333
1237 906
1237 1242
1140 425
2016 419
2017 121
189 1334
189 782
235 567
235 476
1198 856
1198 1335
1574 142
2018 1065
157 1336
2019 1337
60 1338
60 334
60 124
60 1242
433 1060
433 1339
433 1340
1088 1341
1088 1342
2020 3
1043 75
2021 1343
2021 1051
405 398
2022 1239
717 22
1293 382
1293 199
2023 46
1338 60
1339 433
1339 1242
2024 1344
1359 854
697 1345
2025 1346
2026 639
802 224
342 344
848 1347
848 467
848 1001
848 471
2027 629
1059 269
2028 1179
2028 92
4 544
4 356
4 140
4 1348
4 46
1266 661
735 886
735 283
735 1349
735 46
1398 76
895 834
572 1052
2029 1350
2030 1119
2030 1351
1641 1352
1641 1353
606 375
2031 1354
1513 121
206 60
206 802
206 1355
206 245
2032 575
2033 141
640 1356
600 886
600 173
600 27
1045 1357
1045 557
197 1219
2034 686
516 379
516 419
830 1358
533 532
854 1359
230 262
230 790
230 586
230 954
230 599
230 569
230 1360
230 16
230 400
77 77
77 181
1309 756
1309 1233
1103 868
2035 817
220 866
220 178
2036 15
2037 1361
2038 325
1408 1362
1408 346
1408 1363
1408 877
1408 1364
1408 679
2039 833
2040 1335
40 456
2041 1365
621 920
2042 103
257 79
257 1325
257 284
257 759
257 46
576 78
576 57
576 198
576 58
513 23
1079 1363
309 343
683 1033
659 1244
2043 1065
1001 295
1001 432
1001 848
1001 169
1001 1366
2044 1367
602 295
602 397
602 1368
66 12
66 66
66 222
520 1369
2045 479
2045 1370
185 411
315 930
315 183
315 545
315 973
818 900
2046 1371
2047 1372
324 1373
324 435
132 341
1149 82
689 1374
689 1088
327 484
327 948
489 853
489 1375
2048 241
2049 853
332 325
332 1376
332 1377
1474 15
540 206
540 1378
540 555
540 476
2050 1379
921 196
921 326
921 98
921 12
921 27
2051 239
682 1055
218 638
218 269
2052 280
753 877
1409 57
1409 917
1247 1112
1573 1380
2053 534
168 1381
936 1382
936 1383
2054 358
2054 34
2054 1384
550 34
550 11
1190 1385
287 439
287 687
287 829
287 367
1089 99
1089 1386
1089 1387
698 230
698 15
196 287
196 1388
196 223
196 480
196 15
196 1389
196 584
196 620
196 12
196 175
196 57
196 27
701 790
732 46
2055 359
1588 581
777 1291
436 166
436 383
2056 905
404 968
404 1390
593 78
593 103
991 1391
2057 265
2057 1392
1054 370
1632 631
278 3
278 232
585 103
585 24
585 642
76 1393
76 1394
76 295
76 1395
76 1396
76 1192
76 175
76 121
76 80
76 1010
76 1397
76 1398
76 560
2058 1399
1333 1086
1333 1400
1333 1401
1402 1402
2059 1403
200 1305
798 859
798 320
798 1404
2060 852
2061 1405
2062 57
2063 1406
2064 1407
421 58
1037 1304
1037 209
93 896
93 46
93 103
93 920
93 769
93 12
93 82
2065 1293
1362 1408
53 245
834 266
834 1057
2066 1103
917 401
917 940
917 1409
1083 1410
479 854
479 271
479 209
479 116
479 203
479 402
2067 877
2068 525
2069 315
1097 1411
872 823
872 1342
1427 3
428 657
428 58
2070 1412
2070 1109
430 58
531 34
531 790
531 640
531 103
531 3
531 226
531 1105
531 766
1069 195
1069 575
1069 34
1092 763
1092 1413
1092 418
226 34
226 531
226 1414
226 98
226 1415
226 1416
226 55
226 60
226 1417
226 730
226 586
226 1418
226 1419
226 534
226 1420
226 921
226 1421
226 1196
226 424
226 78
226 1422
226 425
226 57
226 495
226 1423
226 1075
226 1424
226 23
226 684
226 1425
226 58
3 75
3 278
3 198
3 929
3 886
3 1426
3 1427
3 192
3 531
3 1428
3 58
3 584
3 438
3 140
3 242
3 103
3 2
2071 1429
2071 1430
1072 1431
1072 26
42 10
910 1432
707 469
173 75
173 125
173 1433
173 493
173 815
173 669
173 600
173 282
173 537
173 58
173 220
173 1434
173 57
173 433
173 1189
2072 308
1493 725
1585 1435
1585 1436
1585 1290
1211 181
988 1437
988 412
570 745
570 233
570 463
2073 924
1471 790
79 638
79 1438
79 1439
79 257
79 1325
79 1320
79 1440
79 58
79 289
79 80
79 222
79 981
424 1114
313 1441
313 175
313 1442
2074 151
1629 1443
1034 1444
2075 1445
809 1446
809 27
809 560
809 1447
809 36
961 123
104 671
104 199
104 1123
104 1448
104 804
104 46
104 1449
104 518
104 1450
104 141
104 1451
104 168
104 57
84 1452
84 486
529 860
529 285
529 224
1152 82
1334 1032
2076 649
1545 102
1545 427
2077 686
1454 695
1437 988
2078 1072
2078 1453
2079 463
695 1454
1300 304
1300 59
782 490
782 401
782 189
2080 822
681 1455
681 804
681 178
681 1456
681 94
681 584
681 179
681 27
681 495
2081 765
2081 175
495 75
495 199
495 1457
495 511
495 711
495 1458
495 1459
495 103
495 23
495 1453
495 669
495 226
495 1460
495 567
495 295
495 1461
495 1462
495 695
495 1243
675 1087
722 544
722 927
722 1463
722 1066
722 1389
722 181
722 57
722 192
804 900
804 505
804 80
804 57
804 1464
804 83
2082 929
1364 1465
1520 418
2083 55
413 544
413 283
413 58
1244 557
1244 833
1244 1466
1244 843
1526 1467
302 524
2084 488
582 1468
1447 809
790 1469
790 1385
790 1321
790 476
790 1470
790 837
790 701
790 531
790 266
790 1471
790 1472
790 48
790 1473
2085 1474
1390 404
2086 420
347 22
347 721
347 1475
347 325
347 1476
1483 1477
2087 1478
703 1479
703 1352
703 1289
703 646
359 287
359 359
2088 327
2089 103
382 1397
117 57
368 1480
1515 480
2090 970
166 638
166 437
2091 931
1248 1481
1248 1482
1477 1483
2092 1010
665 1484
665 314
1596 57
277 711
277 1427
2093 686
1106 1460
1111 1485
2094 1486
2095 701
2096 496
504 1487
1366 848
1366 1488
1366 833
1366 1001
1638 407
1643 1489
1643 648
1643 577
1643 313
2097 930
440 1490
1125 1491
1125 82
2098 1065
1551 227
1243 1492
1243 495
1243 487
622 437
622 412
622 1493
460 647
460 1093
215 284
215 3
184 139
31 23
31 1494
31 519
31 1097
31 688
31 1495
31 545
31 1496
31 515
31 669
31 1497
31 499
31 1498
31 1499
31 1500
31 1501
31 391
31 742
31 1502
31 1503
31 510
408 27
408 58
746 1188
1040 708
549 109
549 11
2099 843
2100 69
312 672
1546 1235
1330 1504
2101 283
175 639
175 1505
175 192
175 223
175 313
175 496
175 357
175 567
175 1506
175 1507
175 836
175 76
2102 715
2102 1508
2102 1509
2103 1510
2104 432
1284 750
999 181
999 660
908 78
908 121
605 1511
2105 87
121 544
121 1512
121 908
121 1123
121 576
121 642
121 264
121 250
121 1513
121 1514
121 192
121 267
375 15
375 853
375 27
726 22
726 711
2106 103
2106 832
1448 104
939 1202
1098 766
942 310
1360 230
480 103
480 822
480 1515
480 245
838 1516
2107 1517
418 1518
418 1092
418 23
418 29
418 1519
418 58
418 1453
418 1520
418 1521
418 308
418 1010
418 1522
2108 124
1133 402
1133 1523
94 681
94 896
94 1524
1101 57
814 958
814 1231
814 102
814 569
2109 1525
2109 33
203 75
203 479
203 146
203 144
2110 1526
2111 15
843 1527
843 1244
1601 57
1047 202
1047 1528
370 441
370 1191
370 1054
370 1189
370 495
1236 938
127 1529
127 2
127 3
650 98
2112 353
1191 370
1191 128
1191 1530
1191 1531
65 222
65 1532
65 36
647 456
826 1533
826 1534
826 1535
826 1536
826 1537
826 1538
826 1539
826 884
1302 325
1302 476
2113 441
292 1540
56 525
836 1541
836 357
296 1542
199 104
199 352
199 1543
199 670
199 1293
996 374
1123 219
1123 104
1123 1544
1123 121
1123 1545
1322 654
2114 32
1235 1546
1235 415
1118 311
2115 905
2116 1547
1344 1436
1002 840
1002 1548
1002 1523
286 534
2117 318
227 1549
227 1550
227 1489
227 395
227 23
227 1551
227 825
227 1552
227 924
227 1553
227 715
629 74
629 172
629 1193
629 1554
1348 929
1348 4
828 1555
1499 514
978 338
465 262
465 1391
465 479
2118 856
1646 394
1395 359
1395 560
1395 76
712 1319
712 1556
712 1557
2119 284
1562 78
1562 83
2120 408
2121 233
2121 1558
733 46
2122 206
27 1559
27 34
27 591
27 1560
27 439
27 401
27 1507
27 196
27 23
27 252
27 750
27 17
27 1561
27 1183
27 584
27 80
27 921
27 973
27 408
83 1562
83 1563
83 1564
83 104
83 23
83 816
83 804
83 1498
83 57
83 1565
362 429
1470 790
526 1029
2123 300
2124 305
2125 401
2126 555
972 1566
1393 629
1393 76
265 167
1138 781
543 616
785 401
2127 507
2128 57
947 716
947 598
498 181
498 339
498 209
498 1391
498 402
584 559
584 46
584 1567
584 505
584 1568
584 27
1592 57
21 1569
544 413
544 4
544 57
544 121
544 308
1049 160
1049 1570
1195 45
1195 423
505 897
505 1571
505 156
293 363
2129 1572
364 192
2130 1573
2131 415
142 1179
142 1574
1228 55
469 345
469 1575
210 921
210 1335
210 226
210 1576
210 102
210 231
2132 466
2133 820
1577 715
1577 1577
2134 1456
1496 31
266 1578
266 790
266 154
266 284
266 55
266 782
266 1579
266 12
1060 14
688 31
688 1580
1033 683
1033 1258
557 1581
557 853
1016 1582
1016 1583
1016 1584
1016 1585
677 13
677 799
677 87
677 15
677 69
677 229
977 497
1441 486
1441 313
2135 410
2136 1166
2137 186
2138 1586
217 1587
581 1588
860 285
2139 1589
2139 1590
1100 344
2140 557
1262 854
258 57
258 284
57 1591
57 331
57 886
57 104
57 98
57 960
57 900
57 226
57 1592
57 691
57 502
57 938
57 376
57 283
57 1593
57 1594
57 544
57 63
57 46
57 1595
57 1596
57 196
57 1597
57 1383
57 1049
57 1101
57 93
57 1219
57 534
57 545
57 781
57 1409
57 101
57 96
57 576
57 29
57 638
57 750
57 258
57 737
57 352
57 1598
57 181
57 1065
57 425
57 12
57 439
57 242
57 1599
57 124
57 68
57 117
57 1600
57 1601
57 1264
57 103
57 284
57 1602
57 264
57 1349
57 1301
57 622
57 1603
57 1604
2141 636
1279 575
300 1605
300 124
300 1606
1401 354
2142 1200
427 58
1246 6
386 880
386 242
205 307
205 465
205 23
205 128
205 68
205 1607
205 654
1414 226
573 1608
573 900
2143 1063
890 194
890 630
1038 1001
1038 183
1038 98
1038 577
1156 82
2144 545
73 1446
73 1609
73 1610
73 1611
73 1378
73 1612
147 401
147 577
147 141
297 1613
511 775
511 103
511 23
511 1614
511 288
511 495
534 1578
534 1376
534 46
534 1615
534 226
534 1616
534 57
534 612
534 822
1239 906
1239 759
950 598
1580 688
260 284
260 48
2145 992
1216 14
1406 1617
47 1618
47 1619
840 10
2146 563
2147 463
2148 1106
2148 809
1066 195
1066 528
1066 1620
1066 935
1066 357
583 1621
2149 1622
238 642
238 1020
2150 22
2151 669
2152 1623
2152 366
2152 1624
757 855
2153 1625
903 1626
20 180
20 1627
1335 856
1335 315
2154 241
1544 1123
462 1419
462 323
2155 245
716 1399
2156 327
2157 130
2157 495
2158 1628
1443 1629
102 1630
102 1143
102 1383
102 210
102 814
102 856
35 425
35 104
35 1294
35 1631
631 1632
470 57
470 545
2159 439
1182 1633
1182 245
1229 55
1260 967
1260 308
1603 57
1603 1634
1603 1635
831 909
1007 1636
191 1637
52 1628
2160 756
2161 1638
1110 953
849 1012
943 310
28 108
28 829
28 1639
28 1640
28 1641
28 156
28 308
28 356
2162 103
2163 88
2164 1350
1298 660
1159 82
378 105
378 900
2165 366
1127 1642
1127 997
1135 781
1354 200
2166 1643
2167 140
2168 1644
81 80
81 1645
81 744
1173 16
2169 338
64 879
394 1646
2170 1028
2171 101
2171 925
2171 1647
2171 1648
2172 15
