530 0
530 1
530 2
530 3
530 4
530 5
530 6
530 7
530 8
530 9
530 10
530 11
530 12
530 13
1439 14
1440 15
1441 16
1098 17
50 18
1442 19
1442 9
1428 20
1443 21
972 22
735 23
735 24
735 25
735 26
735 27
735 28
1444 29
260 30
260 31
260 32
260 33
1204 34
1204 35
784 36
1445 37
1446 38
792 39
792 40
792 41
711 42
1124 43
1124 44
372 45
372 46
18 47
18 48
18 49
18 50
18 51
18 52
18 53
18 54
18 55
18 56
18 18
474 57
474 58
1447 59
166 60
166 61
1228 62
613 63
613 64
613 65
613 66
613 67
613 68
613 69
613 70
613 71
613 72
613 73
613 74
613 75
613 76
613 77
613 78
613 79
613 80
613 81
613 28
960 82
679 43
1037 83
739 84
739 76
1448 85
1448 86
236 87
203 88
203 89
203 90
203 91
203 92
457 93
189 94
1449 95
328 96
1450 27
441 97
441 98
441 99
441 40
441 100
441 101
441 87
441 102
52 18
1451 103
269 104
1452 105
665 106
665 27
153 107
1453 108
529 109
1454 110
145 43
145 111
145 112
145 113
145 114
145 30
751 53
751 115
1455 116
1112 77
1456 117
1457 118
362 82
362 53
362 119
362 120
943 121
261 122
261 123
261 124
261 53
1458 45
1458 125
854 53
847 126
1459 127
1423 128
1423 129
1423 130
1423 131
359 53
1460 132
1460 44
1460 133
1460 134
1460 135
1461 77
1462 109
1225 136
1225 137
1463 138
1464 139
967 81
1465 140
911 141
674 8
674 142
674 143
674 144
114 145
114 43
1466 146
366 147
366 148
366 125
366 149
366 150
215 151
389 152
107 153
107 13
544 154
544 155
1467 152
409 17
175 156
296 157
296 158
296 159
296 160
296 161
296 162
296 163
296 164
296 165
60 166
787 167
787 168
551 154
551 169
1219 170
1219 171
1219 59
1219 172
276 173
276 13
276 41
701 174
156 175
507 176
352 177
350 2
947 178
947 179
1468 111
1020 180
1020 181
1150 182
1025 183
1469 58
1469 184
1469 185
1470 186
94 187
94 188
94 189
94 190
94 191
94 58
94 192
94 193
1334 194
1334 195
1334 196
1471 197
1471 198
640 199
819 200
887 201
1472 202
664 203
1473 204
311 205
311 206
311 207
1474 27
1163 208
856 209
1173 210
1475 211
1276 212
671 0
1354 213
151 214
151 215
151 216
151 78
208 155
208 217
208 218
1476 219
838 220
1477 221
827 222
1478 223
1182 224
1182 225
444 154
444 226
444 198
444 227
444 87
834 228
834 198
1479 206
892 229
1419 230
384 31
384 198
384 231
547 232
547 233
547 154
547 234
547 235
547 236
547 237
1480 238
275 239
1106 240
1106 241
1167 242
1481 186
1194 87
846 243
1482 244
1302 155
1302 174
1483 245
905 167
1484 246
1485 87
252 247
1429 248
335 249
1486 250
898 167
447 82
447 53
447 69
447 251
325 252
325 253
325 254
325 154
325 255
325 256
325 96
325 127
325 257
325 251
1227 62
1091 233
1091 154
1091 258
844 259
844 248
1487 260
1487 261
1488 18
1489 6
471 77
471 262
768 263
768 264
104 82
104 265
104 266
104 267
104 268
104 269
104 270
104 271
104 272
1490 186
66 273
66 213
66 274
1135 275
173 223
173 43
173 1
173 276
173 277
173 278
173 279
173 127
173 202
875 77
875 280
1102 281
1491 282
1492 283
499 284
1179 285
1432 286
1493 287
1493 288
1493 289
1494 100
47 18
1404 290
1251 291
1495 94
1496 292
1192 87
545 35
545 53
545 87
545 154
545 293
497 294
1497 59
258 87
458 295
458 296
458 297
458 298
458 5
458 299
458 79
458 300
1019 301
1019 180
1498 302
365 125
202 303
202 304
1181 305
1181 173
1181 306
1009 307
292 308
1499 309
873 310
205 311
205 312
205 313
205 314
1500 315
1500 202
876 316
835 317
835 82
835 18
754 32
795 318
1241 319
465 320
465 53
465 227
1263 321
250 322
888 206
888 323
1501 324
96 325
96 326
96 327
96 328
608 329
608 330
608 331
608 332
1502 333
412 334
412 335
1503 336
1503 337
788 338
788 252
161 339
161 296
161 340
58 341
58 27
58 342
1426 343
164 296
164 58
164 344
164 82
1504 185
857 345
857 346
1072 347
1072 87
1072 348
2 349
2 206
2 350
1185 101
177 351
177 352
1505 353
1506 354
1164 355
1507 18
1507 356
1507 342
78 357
78 358
78 359
78 77
78 360
241 361
1508 362
1509 63
1509 363
1510 364
1511 88
1511 82
369 312
125 365
125 366
135 209
135 367
1512 229
1513 368
1513 369
46 370
46 371
46 372
738 82
313 373
313 374
313 375
313 376
1514 377
985 378
1515 167
1128 379
1128 380
867 381
1516 366
218 382
218 155
1517 43
1518 66
123 261
1519 383
1519 90
1519 384
45 104
45 385
974 386
683 387
683 388
1520 389
925 390
1521 391
1315 302
1156 198
482 59
756 384
756 392
1522 393
1523 394
1524 395
1036 83
1036 100
1036 396
1525 397
1208 398
1208 399
1208 53
1208 400
478 43
478 401
478 347
478 402
478 127
478 53
906 403
906 404
906 82
906 405
1526 82
1041 406
1100 407
1100 356
1100 408
1097 409
707 43
1306 410
476 383
476 53
476 77
476 127
476 411
1527 412
540 154
1528 413
485 414
485 415
485 416
1529 417
812 418
812 419
902 420
1168 87
456 406
1400 53
1400 421
1262 321
1262 87
31 422
31 423
31 260
31 384
31 77
1530 424
1531 219
1531 425
1047 78
1047 426
858 427
858 428
119 429
1244 430
1532 186
632 154
632 321
578 431
578 432
40 433
40 82
40 434
40 435
40 436
40 437
40 438
40 439
40 440
40 441
40 442
1533 443
1533 444
1287 445
1534 446
1003 447
113 448
113 243
113 449
1535 198
1536 450
1537 451
636 452
636 243
1538 453
1147 43
1147 454
1147 455
1539 456
157 296
1540 457
69 43
69 458
69 459
69 460
69 461
69 462
69 463
69 359
69 447
69 464
69 465
69 466
69 100
69 441
69 467
69 468
69 27
69 408
1541 368
895 469
895 344
895 470
1410 398
1166 100
63 471
63 472
1148 473
1542 474
1060 475
127 476
127 477
127 325
127 198
127 478
127 340
127 228
1543 33
993 295
993 479
993 480
993 481
993 87
1544 482
1545 483
1250 381
1246 484
1246 207
415 485
1158 486
643 487
643 481
643 488
1546 489
1547 167
1547 490
1422 491
408 43
408 492
408 465
408 493
408 494
408 495
408 407
1198 170
1198 27
1198 496
560 154
294 497
1548 56
284 498
284 499
284 500
284 501
284 502
284 503
284 504
667 505
667 113
667 506
1053 216
176 507
1213 321
1213 508
1213 509
1549 510
579 441
579 431
579 27
579 35
991 511
791 512
791 513
791 514
1550 43
1551 515
1551 516
577 517
1552 374
1552 27
1552 518
1552 519
1130 520
1130 521
102 522
769 264
527 523
527 524
527 117
527 525
527 526
527 527
527 449
527 27
1553 528
1554 529
1555 87
1555 530
1283 302
154 531
154 43
154 461
154 532
154 533
154 534
154 535
154 536
154 537
154 444
154 538
154 329
154 539
154 540
154 541
154 333
154 343
154 340
154 6
154 454
154 79
154 542
154 543
154 544
154 545
154 546
154 462
154 547
154 437
154 58
154 548
154 549
154 550
154 164
154 551
154 552
154 553
154 554
154 405
154 555
154 556
154 100
154 77
154 557
154 512
154 53
154 558
154 81
154 559
154 87
154 520
154 560
154 561
154 65
154 342
154 562
154 563
154 564
154 565
154 174
1556 164
1557 121
89 566
89 203
1558 567
1559 568
1289 569
1161 570
765 571
765 77
1560 337
1264 321
1264 27
1561 572
1562 573
1562 574
140 575
140 576
1563 577
1563 44
1107 342
431 578
431 18
431 579
431 87
1564 580
402 478
402 581
1565 196
1566 582
583 583
583 95
1018 87
889 584
44 82
44 206
44 585
44 196
44 586
44 428
44 587
44 588
44 589
44 133
44 590
44 591
44 592
1292 593
678 43
678 594
1176 595
1176 596
373 597
1211 526
623 598
623 599
1567 600
33 441
33 53
33 601
33 260
1352 602
1125 6
1125 82
1568 87
1569 603
1570 604
1427 605
1571 356
755 103
1572 606
1071 607
1071 53
1071 602
620 598
331 608
331 332
331 609
1029 383
1029 610
1573 546
472 63
1574 154
1574 77
1574 40
1197 611
1197 188
531 53
531 340
1409 117
1409 542
930 612
1435 77
1435 613
1435 614
1116 615
1304 70
598 484
598 616
598 401
598 617
598 618
598 619
598 356
598 620
598 621
598 622
598 623
598 624
598 81
598 625
598 174
248 626
248 87
248 627
248 628
248 340
1575 629
503 630
503 535
503 631
503 307
503 632
503 633
385 422
385 634
1576 87
719 186
1014 185
1286 635
866 381
1339 636
1339 637
1339 576
1339 638
1577 639
1578 640
708 71
1579 641
1579 642
488 643
488 302
1290 644
546 494
546 53
546 645
80 233
80 646
80 386
614 647
614 81
614 648
1580 77
41 512
41 649
41 276
41 9
309 650
1581 32
1581 651
1582 433
1583 652
1584 653
1235 654
1235 110
561 655
561 154
1585 88
1585 656
1586 228
1587 657
938 478
938 658
938 659
938 468
934 422
934 660
601 33
601 661
601 9
601 662
1350 167
1350 602
370 46
1588 127
1589 100
1243 663
1243 188
1243 174
1165 100
1165 664
1590 312
676 665
676 666
1082 667
1082 668
1591 648
1592 27
1431 669
1431 69
1431 670
1431 56
0 671
1024 183
1593 672
57 458
57 673
57 674
57 152
57 675
57 676
57 677
776 213
1144 646
1144 28
43 145
43 82
43 678
43 679
43 680
43 254
43 681
43 387
43 198
43 682
43 683
43 684
43 127
43 685
43 6
43 79
43 530
43 686
43 363
43 433
43 687
43 688
43 689
43 690
43 362
43 691
43 692
43 693
43 694
43 245
43 12
43 504
43 695
43 696
43 697
43 698
43 699
43 700
43 701
43 243
43 702
43 130
43 703
43 478
43 704
43 35
43 180
43 53
43 81
43 408
43 705
43 23
43 154
43 665
43 114
43 706
43 707
43 223
43 87
43 27
43 174
71 708
186 709
186 511
186 710
186 711
186 712
186 713
186 166
186 321
186 714
186 715
186 716
186 717
186 718
186 414
186 719
186 720
186 721
186 722
186 723
186 724
186 725
186 726
186 727
186 728
186 729
186 730
186 731
1157 9
962 87
1594 667
390 732
95 733
95 433
95 734
95 551
244 198
1595 735
1596 736
1597 528
1598 737
1599 738
84 82
84 76
84 81
84 739
1600 740
1601 332
533 741
1602 100
428 742
428 325
220 43
220 743
220 459
220 53
220 744
143 674
162 296
1034 745
1603 746
1604 747
1604 108
38 748
38 749
1605 535
801 332
1606 750
649 41
649 35
115 751
115 53
524 527
1607 752
1607 753
1608 79
32 754
32 30
32 260
32 200
347 478
1609 755
392 756
1273 405
1610 596
1611 757
1612 380
1613 758
333 759
333 53
333 9
1001 82
670 185
1614 760
1050 200
880 761
298 6
298 762
298 401
1615 763
1191 27
571 764
571 765
12 530
940 766
940 767
264 768
264 769
467 154
467 458
467 198
467 9
1023 770
1023 227
1023 174
1230 62
1323 771
1255 772
349 2
349 541
349 773
349 13
349 774
1180 197
1180 306
1180 775
55 776
55 362
1189 18
1133 777
1133 740
1133 778
1133 135
144 144
144 674
144 779
144 780
144 781
144 782
843 7
1051 783
36 784
379 178
379 114
379 785
379 786
1616 613
1332 562
168 787
1113 77
1617 154
454 788
454 789
610 790
513 791
64 108
1618 252
338 788
39 792
192 94
1619 434
1620 737
326 96
326 81
326 174
1621 793
1118 535
1118 794
1146 666
536 154
1622 795
830 104
332 796
332 331
332 797
332 603
332 798
332 559
332 282
332 799
332 800
332 801
332 802
332 803
1137 804
1623 587
1623 805
1623 806
1624 807
1154 808
915 809
1625 810
1234 811
1366 647
251 447
251 100
251 325
251 812
251 813
1199 814
187 94
964 349
964 530
1626 547
1627 815
1628 13
1258 816
1258 817
1258 818
200 819
200 783
200 463
273 820
273 66
909 151
907 821
907 822
907 27
907 823
957 154
957 824
957 314
395 87
395 825
1291 555
1291 826
1170 827
1170 294
782 828
782 167
782 219
633 829
633 830
633 831
633 528
371 832
371 46
1629 833
1630 207
750 834
1631 835
1632 604
253 325
1633 108
1634 530
1634 836
439 575
439 40
439 79
439 837
1635 838
1636 839
1636 458
1636 840
885 841
885 842
885 843
259 844
811 5
1195 845
243 846
243 43
243 636
1637 79
1174 336
8 736
126 847
1006 82
1638 848
825 849
825 395
825 850
825 835
825 851
825 852
825 853
1639 854
1640 44
1223 855
1641 386
345 252
345 856
345 857
1642 685
317 747
317 835
317 858
159 296
159 859
401 598
401 34
401 298
1643 324
837 439
837 860
837 861
837 862
1044 863
381 864
381 865
381 77
381 866
381 148
381 867
29 83
29 378
1065 868
1644 530
548 154
1645 546
1645 869
1646 864
302 154
302 554
1647 864
1648 870
983 779
1649 871
1401 872
1401 87
1401 815
1401 383
310 873
600 27
316 874
316 875
316 876
1330 877
5 454
5 878
5 458
5 879
761 880
1328 166
1328 881
1057 882
1085 87
1085 883
1085 884
841 885
690 43
690 53
690 886
1094 887
1650 888
528 889
528 890
1651 214
1049 891
1049 227
1652 892
229 893
229 355
592 44
1653 894
1654 895
720 186
73 173
73 896
73 81
167 897
167 898
167 899
167 900
167 357
167 901
167 902
167 903
167 11
167 904
167 905
1655 23
404 906
404 907
404 908
404 18
1656 909
141 910
141 911
463 200
463 365
463 227
463 463
279 53
279 912
596 559
596 56
563 154
1657 412
374 535
374 313
1658 913
1658 914
1658 77
1658 859
809 915
1659 916
797 917
797 386
254 325
254 198
1265 918
1265 321
1265 843
11 167
11 530
1231 919
1123 920
1123 921
1285 762
1660 463
1058 922
1058 923
920 921
859 159
1661 603
1662 603
1663 250
1664 924
219 913
219 530
1665 925
209 461
209 135
234 127
1666 926
7 927
7 928
7 368
7 843
7 18
1667 308
622 929
622 598
612 930
1183 931
1183 793
1369 932
1668 933
340 531
340 934
340 935
340 154
340 936
340 342
340 383
340 57
340 65
340 632
340 197
340 13
1669 244
1670 937
1670 43
1671 203
1672 702
658 938
693 939
693 43
1346 602
118 546
118 850
1673 528
1083 668
766 767
766 940
1674 941
1341 942
121 88
121 129
121 943
1280 944
1675 945
1282 839
1282 439
1676 438
1677 946
178 947
178 379
178 948
178 586
178 949
1678 138
1679 463
1680 340
1681 769
1383 109
1682 950
1682 951
987 952
1683 81
468 938
468 69
6 953
6 954
6 955
6 298
6 27
732 390
713 98
1684 956
314 957
314 205
314 602
1685 958
75 613
75 465
1686 702
696 53
716 714
1408 933
1188 43
1188 959
1188 555
1687 546
265 104
265 960
1000 961
1070 899
980 852
980 962
1688 963
81 210
81 82
81 170
81 43
81 381
81 429
81 964
81 614
81 864
81 613
81 598
81 965
81 148
81 326
81 359
81 868
81 228
81 53
81 757
81 966
81 967
81 154
81 735
81 968
81 969
1216 970
1016 33
22 971
22 972
1689 973
1690 43
386 154
386 974
150 366
376 313
1691 90
796 332
1692 613
1046 652
1046 202
1220 975
1220 976
1220 541
1220 255
1220 977
1693 978
852 979
852 980
852 825
1268 321
779 981
779 982
779 69
779 144
779 983
1694 428
1695 984
1398 53
378 29
378 985
378 356
378 174
952 986
952 987
1696 119
436 40
1316 988
1697 989
648 990
648 991
1698 111
1117 77
1699 200
498 207
753 77
1700 360
1701 992
388 683
388 427
112 87
112 65
948 379
948 178
1702 706
1087 57
1087 420
1087 972
1087 694
481 643
481 993
1210 477
1703 994
1704 995
1704 405
1705 996
1706 8
300 458
82 43
82 485
82 997
82 998
82 40
82 994
82 79
82 999
82 18
82 1000
82 315
82 1001
82 362
82 960
82 1002
82 164
82 824
82 1003
82 1004
82 1005
82 441
82 84
82 53
82 1006
82 81
82 104
82 906
82 1007
82 875
82 57
82 1008
307 1009
307 503
307 1010
1707 974
492 362
1708 541
1709 167
185 1011
185 670
185 135
185 243
185 1012
185 59
185 595
185 1013
185 428
185 1014
185 1015
185 1016
185 1017
185 576
1311 789
1298 639
425 166
194 263
1710 1018
180 43
180 1019
180 1020
180 929
180 173
180 694
180 87
180 530
180 408
1711 709
280 875
308 1021
308 292
452 422
452 636
939 433
939 693
939 1022
939 402
770 1023
770 778
1712 43
532 154
183 1024
183 1025
383 476
383 595
383 535
383 1026
383 703
383 1027
383 1028
383 340
383 1029
383 1030
383 27
383 1031
383 120
1713 1032
1714 904
222 827
1715 511
1393 53
745 1033
745 654
745 1034
780 43
473 1035
83 1036
83 1037
1716 1038
1717 646
1718 1039
1719 554
1720 1040
406 456
406 1041
1186 1042
1721 40
1361 461
1722 833
1242 1043
138 1044
138 894
138 1045
138 295
727 510
727 188
727 186
1723 547
1033 1046
1033 745
1033 1047
1724 1048
891 1049
783 1050
783 1051
449 6
449 1052
449 333
449 117
449 342
1725 77
216 1053
216 151
216 1054
1726 9
1249 227
599 598
1221 1055
1221 935
700 452
700 43
929 180
929 1056
929 622
1727 530
1728 82
882 1057
1729 162
922 1058
1730 44
1281 301
1281 368
1281 227
705 43
475 1059
475 1060
1081 1061
1081 1048
1081 1062
518 167
68 82
1374 448
785 379
785 1063
1731 1064
1207 53
1207 298
1207 1049
263 194
263 412
263 225
1732 82
659 938
659 295
1733 1065
1733 1066
1734 476
1734 1067
1288 736
1735 1068
1736 1069
899 53
899 1070
899 1071
1737 1072
74 613
758 258
851 135
851 825
1738 1058
680 43
1739 1073
549 154
1740 1074
800 603
1741 233
1741 648
862 629
862 1075
322 250
393 512
759 333
759 28
1256 1076
1742 913
1743 1077
432 578
358 78
358 1078
358 1079
1114 603
1114 923
1744 66
1745 228
1745 296
1746 198
534 1080
534 154
534 441
534 1081
534 174
1747 166
1748 587
668 1082
668 1083
1749 1084
884 1085
1331 295
639 332
639 1043
639 831
639 1086
694 433
694 1087
694 1088
694 685
1750 195
1336 1089
1751 332
1752 1090
1078 151
1078 1091
1078 1054
1078 358
1340 1092
320 89
320 53
320 203
1063 379
1063 785
1753 820
706 43
453 1024
1754 1093
1755 1094
1405 133
17 1095
17 1096
17 1097
17 1098
17 812
1267 321
1267 1099
411 476
407 1100
407 1101
407 408
281 1102
281 407
829 633
199 640
961 1000
961 1103
1031 383
1031 172
981 779
1322 573
1322 1104
277 173
42 711
163 296
1425 353
1756 1105
240 1106
342 595
342 154
342 9
342 579
342 53
342 1107
363 43
363 383
79 23
79 613
232 547
1138 847
692 43
1757 77
1758 1108
1759 440
1239 504
255 325
1760 1075
1760 1109
77 1110
77 1111
77 1112
77 1113
77 78
77 31
77 1070
77 1114
77 73
77 579
77 227
77 1115
77 1116
77 581
77 1117
77 765
1388 777
1388 450
26 735
26 416
1761 1118
1433 1119
1762 321
1763 416
1337 1120
1337 1121
1337 1122
1764 1123
1765 207
1766 1124
1767 34
1768 1125
585 44
1438 154
1438 79
1438 464
1438 53
996 1003
996 1126
582 1127
380 1128
1215 1129
1215 197
566 89
1769 541
1770 130
403 906
521 1130
1771 1131
1335 196
1772 202
1773 1132
740 1003
740 1133
740 988
740 1134
740 12
740 1006
1774 1135
1224 1136
1373 448
190 94
120 362
120 420
804 1137
804 354
1045 1138
1045 138
1045 546
594 1139
594 225
594 1140
537 154
1775 325
1776 213
9 530
9 41
1777 381
108 535
1259 1141
1778 1142
849 825
1779 35
1780 1143
1781 530
1407 1144
666 676
666 1145
666 1146
1017 154
1017 173
1017 53
1017 968
1017 227
916 228
455 1147
1080 534
1782 104
1782 186
182 43
182 1148
182 1149
182 1150
182 473
182 418
182 1151
182 1152
182 1153
1421 1029
808 146
808 1154
266 104
627 248
684 43
684 824
684 174
1783 1155
1783 1156
315 82
315 1157
315 247
486 1158
486 1159
1344 198
798 332
781 53
781 1160
570 1161
570 356
550 154
550 307
550 27
550 1162
550 1163
1784 206
556 1164
556 154
1785 454
1785 251
100 506
100 251
100 1036
100 69
100 155
100 1165
100 783
100 1166
100 1167
100 546
100 154
100 1168
228 433
228 1169
228 1105
228 296
228 535
228 756
228 788
228 227
228 520
228 383
228 1170
228 333
228 268
228 1171
228 32
228 81
228 519
1786 853
1786 843
1787 810
1788 454
1789 740
1790 1172
1791 530
1007 1173
1792 1174
142 674
1079 358
1079 187
1079 1175
181 929
181 791
181 378
595 1176
595 1177
595 44
595 383
595 1156
595 1178
595 340
595 342
285 1179
306 1180
306 1181
224 412
224 1182
793 79
793 1183
799 332
799 802
1793 490
1794 984
1795 1184
433 173
469 895
1 173
1796 707
101 321
101 1185
193 94
903 167
1797 242
1297 466
1042 245
1042 1186
1232 588
351 663
351 340
351 1187
351 177
959 1188
1798 1189
1203 356
1329 881
1310 1140
87 43
87 1190
87 444
87 198
87 40
87 333
87 545
87 112
87 325
87 691
87 248
87 1191
87 236
87 1192
87 18
87 1193
87 1194
87 1195
87 1168
87 1196
87 114
87 1197
87 65
1799 1054
496 1198
814 1199
1800 1200
1801 693
686 43
434 40
117 618
179 490
1802 412
1802 1201
1802 18
356 1202
356 570
356 1203
356 621
356 1204
356 51
1803 208
673 57
1305 1052
1305 188
1305 444
1305 1205
1305 449
1305 1206
1399 53
1804 816
477 1207
477 1208
477 1209
477 77
477 1210
1437 27
526 527
526 1211
526 602
526 1212
508 1213
508 154
508 1214
1805 201
1129 810
1129 1215
1806 1216
1807 1089
1808 28
1809 166
510 1217
510 188
510 727
459 220
459 82
459 1218
459 1023
541 1219
541 1220
541 44
541 449
541 349
541 87
1810 66
1038 301
1055 1221
1214 508
1379 646
493 27
493 408
1403 687
1403 154
1430 1222
1430 669
1430 239
1430 44
697 43
1271 512
1271 340
225 1223
1105 735
575 439
1136 1224
1811 45
330 448
944 546
586 178
586 817
586 44
103 211
103 135
136 342
136 1225
25 59
1812 332
863 585
1131 1117
1131 1226
62 1227
62 1228
62 1229
62 1230
1813 674
1814 1231
420 1087
1815 186
1816 343
1817 281
588 1232
505 667
495 408
355 1233
355 892
654 614
427 652
427 81
422 287
422 31
422 77
422 700
1818 664
1819 18
1820 547
1059 475
1821 1164
1822 1234
1823 79
955 6
773 349
1824 53
1824 935
1825 61
110 1235
1236 1236
741 1237
437 1238
437 1239
437 154
437 40
437 776
437 79
691 43
691 117
691 535
691 325
691 1130
691 824
1356 1240
501 284
501 116
501 794
1826 1241
1827 308
1828 1242
387 43
1345 43
1345 490
1345 198
1829 547
704 43
509 1213
663 1243
137 650
1830 428
1831 1244
969 81
1832 1245
1833 258
989 13
1834 1216
207 311
207 1246
207 1247
1835 167
1238 437
227 1248
227 908
227 1023
227 1034
227 463
227 1249
227 465
227 444
227 228
1836 923
908 404
908 53
908 154
908 227
1075 375
1075 1250
1075 865
1075 151
1075 947
1075 79
367 135
1837 291
1837 1251
1838 615
1838 462
1839 154
1839 1252
323 1253
1254 1254
462 154
462 69
1840 125
35 43
35 173
35 107
35 579
35 1204
35 27
1841 512
1842 275
1842 1255
1842 18
1317 329
1317 206
226 444
1076 1256
1076 812
1843 541
1844 365
484 1002
484 894
484 207
484 65
1389 76
1845 541
986 952
1027 383
1027 955
771 1257
1846 1124
1847 530
816 1258
1141 1259
1141 1260
650 309
650 173
865 242
865 1075
1848 27
861 837
504 43
504 751
504 1261
504 1239
504 77
504 28
1849 57
321 1262
321 1086
321 1263
321 1264
321 1265
321 186
321 1266
321 101
321 1267
321 1268
321 1269
429 198
629 862
971 639
1247 1270
512 391
512 1271
512 1272
512 393
512 1273
512 248
512 41
512 1274
512 1275
512 514
512 791
212 1276
1850 480
1010 307
1010 1277
396 81
396 1278
1326 1279
375 313
375 524
375 613
375 1280
997 82
997 245
998 23
1362 461
734 95
368 1281
368 7
1104 996
268 43
268 613
268 564
268 228
268 80
268 104
839 1282
519 13
519 937
519 1283
519 227
519 756
1851 567
872 860
872 1071
377 1284
762 1285
762 298
1852 146
435 40
874 316
1371 1015
635 1286
65 484
65 112
65 760
65 248
65 790
65 340
65 87
65 1287
65 120
552 154
1853 1288
1854 1156
1855 155
979 852
979 851
994 43
994 53
994 1043
994 82
994 18
237 425
569 1289
569 1157
569 1290
1026 383
555 1188
555 154
555 1291
1856 30
1857 1292
1858 1293
99 441
1217 1294
1859 615
1860 80
297 478
1861 287
23 43
23 495
23 79
23 735
23 464
1862 1295
1257 771
1257 1296
466 69
466 1297
821 674
821 907
1237 1298
1863 1299
1864 977
733 95
327 96
1865 895
28 1300
210 999
210 81
1301 155
438 40
155 1301
155 100
155 1302
1866 1303
1867 220
1867 127
165 296
460 69
460 28
70 296
70 1304
1171 228
1205 1305
410 1306
757 1307
757 1308
757 81
757 1309
966 81
1240 311
1868 546
564 1310
564 154
564 778
564 268
624 598
789 1311
789 309
789 454
789 1312
853 825
1869 1132
1870 1313
1871 31
914 1314
554 154
554 1315
1134 1316
1134 740
1134 49
538 154
538 375
538 81
538 524
206 1317
206 1318
206 53
206 888
631 1319
714 186
1872 81
106 1320
106 665
1873 239
535 383
535 108
301 1275
301 626
301 154
301 1321
963 1322
146 242
1424 837
1004 327
1874 198
868 87
242 865
139 87
823 907
1875 1323
1876 1324
1877 1325
1877 1088
1877 198
1878 380
1279 1326
249 1327
881 58
881 1328
881 1329
877 1330
877 926
1879 389
559 596
1880 803
295 659
295 481
295 618
295 1331
295 198
295 138
295 1332
295 1333
196 1334
196 364
196 1335
1881 312
794 1336
1127 1337
1882 740
1883 1338
638 1339
1884 250
1092 1340
1260 1141
942 1341
942 1342
198 43
198 384
198 1343
198 1344
198 1345
198 444
198 244
198 127
198 53
1885 306
1886 412
935 82
935 530
935 490
602 1346
602 1347
602 526
602 1348
602 1349
602 1350
602 314
602 1351
602 1352
602 1353
602 1071
602 977
213 458
213 1354
893 1355
1364 461
1359 174
1887 1356
1887 735
587 520
587 1072
587 547
587 235
587 1357
587 1358
988 740
1888 920
344 454
344 238
344 164
344 35
494 546
494 408
647 930
625 598
625 622
174 1359
174 43
174 1023
174 701
174 326
174 378
174 598
174 684
174 1360
174 1302
174 9
1889 115
461 423
461 1361
461 144
461 1362
461 1363
461 154
461 69
461 209
461 1364
461 1365
461 77
461 1366
461 1367
511 991
1890 173
1891 345
287 82
506 1006
339 309
932 1368
932 1369
817 586
1892 1370
1142 441
699 43
1015 1371
1015 185
20 1152
414 485
414 186
448 1372
448 1373
448 1374
1893 1375
1893 613
1894 1376
1894 1377
1894 1378
990 648
201 416
1895 1322
1895 530
790 1322
1384 109
646 1379
646 996
646 80
1896 1142
1896 629
1897 333
645 546
576 433
576 40
576 140
576 185
576 1339
1898 546
1899 78
109 33
109 1380
109 1381
109 1278
109 1382
109 127
109 1383
109 324
109 1384
618 598
618 117
1900 1385
607 1071
1175 1386
1175 812
1175 1079
188 510
188 371
188 198
188 1305
188 1387
188 1197
245 43
245 997
245 1091
245 122
245 53
245 18
777 1388
76 1389
76 567
76 739
1160 781
1160 1390
1160 446
53 577
53 43
53 337
53 480
53 751
53 1084
53 1391
53 220
53 279
53 333
53 127
53 180
53 391
53 545
53 433
53 1
53 1392
53 690
53 1393
53 447
53 362
53 1394
53 899
53 1395
53 781
53 9
53 243
53 1396
53 1397
53 696
53 519
53 82
53 1207
53 115
53 1195
53 929
53 245
53 643
53 1398
53 49
53 1399
53 198
53 1400
53 1401
53 1208
53 1020
53 81
53 908
53 87
53 1160
53 465
53 154
53 69
53 1402
53 342
53 821
53 65
53 27
53 789
520 691
520 154
520 587
520 1130
520 1169
1901 43
1261 504
278 647
1902 1403
290 788
290 1404
562 154
562 53
133 1405
10 530
1903 487
1903 1406
581 402
828 782
970 317
652 538
360 78
360 865
360 1407
13 989
13 349
13 340
13 107
542 1408
542 1409
542 445
542 117
542 1283
1248 227
818 1258
398 400
398 1410
4 441
405 1411
405 906
405 1412
405 154
405 1273
405 512
405 1413
405 1414
405 1415
1395 53
1904 770
736 1416
736 1252
1905 238
1905 1417
1299 1418
1028 383
1294 197
723 722
1906 1127
1907 203
661 601
24 735
24 482
230 1419
1908 526
728 186
34 494
34 527
34 325
34 1204
1909 365
860 837
93 87
1910 471
855 162
122 1420
122 8
122 208
122 261
1911 1421
913 453
464 23
464 459
464 69
491 1422
1084 53
130 43
130 1423
644 674
19 381
810 1129
1912 886
1348 602
1913 1424
353 1425
353 526
1095 87
1914 44
703 383
703 43
1915 44
1916 58
343 737
343 108
343 1426
343 530
343 1427
958 1428
1917 654
346 857
3 530
1252 736
921 1429
921 1123
669 1430
669 1431
1918 1156
1919 154
1318 206
1920 902
722 186
1921 361
1196 87
286 1432
440 1433
440 40
440 1434
27 43
27 535
27 35
27 6
27 1435
27 127
27 1436
27 530
27 437
27 493
27 788
27 58
27 1191
27 550
27 1414
27 164
27 301
27 100
27 907
27 198
27 1333
27 53
27 55
27 1198
27 477
27 144
27 1437
27 154
27 665
27 735
27 374
27 34
27 27
27 1438
977 9
