389 0
389 1
389 2
389 3
389 4
389 5
389 6
389 7
389 8
389 9
389 10
282 11
13 12
13 13
13 14
986 15
1218 16
1080 17
1080 18
1080 19
1028 20
1028 21
1028 22
1219 23
396 24
396 25
396 26
698 27
190 28
771 29
1220 30
413 31
413 32
413 33
413 34
413 35
413 36
1221 37
1222 38
153 39
153 40
135 41
135 42
135 43
135 44
135 45
135 46
135 47
135 48
135 49
135 50
135 51
135 52
135 53
135 54
135 22
1223 55
72 56
72 57
72 58
72 59
1224 60
1225 61
1034 62
81 63
81 64
81 65
81 66
81 67
81 68
446 69
446 70
1226 71
1227 72
1228 73
842 74
1229 71
59 75
59 76
59 72
602 77
590 78
1150 79
1150 80
68 81
299 82
299 83
191 84
191 85
1230 86
1231 87
955 88
253 89
253 90
794 91
339 92
339 93
1232 94
1233 95
968 6
639 96
467 97
476 98
476 99
476 100
476 101
476 102
476 103
476 52
476 104
961 105
795 106
1005 107
1198 108
780 109
1234 98
1235 110
234 111
234 112
234 113
234 114
234 115
234 116
234 117
398 118
398 46
398 119
398 120
398 105
1033 121
663 122
663 123
663 124
816 125
926 6
1099 126
1099 127
1099 121
356 49
356 128
356 129
356 40
356 130
41 46
41 131
41 132
41 133
41 134
41 135
1236 136
1237 137
1238 138
1239 139
232 140
232 141
232 142
232 143
232 144
232 145
754 145
1036 146
1036 147
1240 148
507 149
507 150
1241 49
1241 151
956 52
956 152
956 105
956 153
996 154
1242 155
1243 156
124 157
124 158
124 159
124 160
124 161
124 120
124 162
124 163
124 164
124 165
124 52
124 105
348 166
348 167
348 168
348 169
445 170
1244 171
1244 172
1245 173
831 174
1246 175
290 176
290 177
1247 178
37 17
1248 179
371 49
1115 180
1249 181
622 182
622 183
261 106
261 184
261 185
766 186
1250 187
944 106
1251 188
182 189
1252 190
1253 9
85 191
85 192
85 193
85 194
1254 195
76 196
76 112
76 145
76 197
76 59
45 198
45 199
45 200
45 152
148 201
148 202
148 203
148 204
148 25
255 116
255 205
255 206
207 207
1255 208
1256 209
652 210
297 211
297 212
297 213
297 115
297 214
297 105
478 52
478 215
1257 216
1258 217
1258 218
1259 166
1260 219
1260 214
1260 73
1261 216
841 105
1262 220
878 221
878 222
804 223
804 224
804 225
703 226
692 157
692 4
1194 227
315 228
436 229
436 230
1083 126
1263 139
1264 231
143 232
373 49
373 233
373 115
117 234
178 235
178 217
1265 123
769 236
769 237
769 238
642 239
1179 240
662 241
450 200
450 242
450 243
450 244
450 137
450 245
450 246
450 52
450 104
208 247
208 248
208 249
208 49
208 250
208 72
208 135
208 251
208 175
208 252
208 253
208 59
208 254
208 58
208 255
208 213
208 52
208 105
208 256
208 257
208 258
208 200
208 46
208 259
208 260
208 261
208 234
208 262
357 263
357 264
357 265
357 266
357 40
42 213
42 267
42 268
42 220
1266 233
1266 269
383 270
383 271
1142 272
1267 273
753 145
310 274
310 275
310 105
1151 276
1151 277
844 11
543 278
1043 279
89 280
89 253
229 265
229 115
229 281
1268 282
494 283
1269 249
464 284
464 52
1100 146
1270 285
95 286
1271 27
162 287
162 288
162 289
162 290
162 291
162 292
162 293
343 230
502 294
502 295
1272 158
558 216
1273 296
1273 297
1273 298
83 299
1274 300
1103 301
1213 302
1213 200
1275 266
1275 162
1276 303
1276 304
1144 272
1277 105
1278 281
592 305
592 306
592 307
354 161
705 308
1279 49
1133 309
1139 310
634 311
1053 312
337 313
1280 314
1280 315
213 52
213 137
213 316
1281 317
989 292
477 318
561 319
561 320
561 321
561 2
561 83
561 322
561 323
1105 259
1068 324
1068 325
384 326
384 48
411 106
411 327
221 328
221 329
221 330
221 331
221 332
221 333
221 135
1282 49
366 334
366 297
1283 335
1284 336
84 191
406 195
63 81
313 337
851 338
93 339
1285 340
1286 341
1054 342
496 71
322 343
1287 46
1152 344
1072 345
1288 346
1288 347
524 46
166 348
166 169
90 253
168 348
168 175
168 52
112 349
112 350
112 76
112 351
1289 352
161 353
161 297
161 354
745 137
745 355
40 356
40 357
40 358
40 359
40 360
40 361
40 52
40 362
40 363
1290 364
1291 365
49 366
49 367
49 368
49 369
49 370
49 135
49 175
49 371
49 372
49 373
49 4
49 306
49 165
49 347
49 208
49 374
49 200
49 105
49 375
1178 104
119 376
119 377
119 307
747 378
1292 334
1292 379
196 380
196 296
196 381
196 76
196 382
424 383
424 271
326 384
1293 385
1293 266
1293 386
287 290
287 162
287 387
1294 388
1295 87
10 389
10 233
1296 384
140 390
1297 261
601 114
895 391
985 15
1298 392
625 175
625 393
545 394
1299 395
24 396
980 397
120 398
120 169
69 399
1300 400
25 396
1301 401
1302 402
1303 126
51 403
51 404
51 231
951 135
688 405
1304 48
195 406
195 407
195 46
195 408
1305 409
1306 49
1307 410
689 358
689 175
689 296
689 287
1308 175
1309 411
433 412
433 413
433 414
427 415
1189 416
572 417
572 46
212 297
409 418
649 419
1310 11
777 49
777 279
777 420
1022 421
1022 422
410 423
410 175
410 72
410 71
410 424
410 425
410 426
415 427
1311 52
1311 428
1312 429
1313 430
431 431
452 432
736 433
736 434
736 435
695 436
695 437
1314 438
1315 439
884 327
65 81
798 440
359 40
1128 441
1128 442
1128 443
1128 444
170 445
731 446
733 393
519 183
704 447
704 259
704 448
1316 46
1317 449
1318 450
1318 287
621 233
43 135
432 451
432 452
432 453
432 454
432 455
1319 175
249 456
249 108
624 46
624 175
52 450
52 208
52 296
52 107
52 457
52 458
52 249
52 147
52 75
52 40
52 49
52 459
52 158
52 460
52 461
52 462
52 135
52 463
52 215
52 464
52 168
52 465
52 446
52 466
52 467
52 468
52 235
52 404
52 264
52 182
52 469
52 199
52 111
52 119
52 368
52 470
52 169
52 471
52 273
52 472
52 473
52 474
52 64
52 314
52 475
52 476
52 101
52 297
52 477
52 478
52 479
52 137
52 480
52 105
52 481
52 482
52 200
52 46
52 259
52 17
52 483
52 54
52 484
52 485
52 486
52 487
52 234
52 488
52 231
52 430
52 53
52 489
52 490
52 491
52 492
52 336
52 104
358 40
358 493
738 163
738 124
283 494
654 111
654 495
71 496
946 497
946 498
712 36
1320 499
676 500
1104 259
1104 501
294 502
972 503
972 504
1321 485
594 505
3 389
928 356
468 506
468 52
150 507
150 150
1322 508
608 104
608 509
608 382
1323 510
1324 135
1199 270
1325 101
881 412
1326 511
1326 512
999 513
999 514
999 422
1327 515
1328 49
650 516
650 517
1329 518
128 356
183 519
550 158
550 40
550 520
550 521
550 52
550 491
960 105
548 489
548 287
1330 522
1331 523
576 524
576 525
576 526
576 527
576 46
576 49
576 528
576 39
576 529
576 530
1332 124
1333 446
793 531
793 532
793 533
793 534
793 27
793 535
632 175
1334 536
1335 537
492 538
492 332
1336 75
1337 251
330 221
814 118
897 539
974 50
361 540
475 52
475 541
243 465
243 128
1338 168
1339 542
1049 49
1049 365
456 46
456 200
456 249
278 259
278 123
278 543
158 176
158 544
158 545
158 546
158 547
158 101
158 317
158 548
158 549
158 550
158 52
158 551
158 105
669 552
669 553
44 135
647 554
927 555
849 556
567 46
321 557
199 52
199 45
199 308
1340 558
317 158
461 559
1122 560
1341 216
218 465
218 464
1342 384
1342 175
1343 259
319 561
1344 190
1344 562
1344 563
1344 564
46 208
46 41
46 168
46 565
46 566
46 334
46 567
46 40
46 49
46 398
46 135
46 568
46 569
46 175
46 242
46 570
46 182
46 524
46 75
46 368
46 259
46 571
46 572
46 573
46 301
46 574
46 52
46 64
46 575
46 576
46 296
46 17
46 577
46 578
453 579
845 580
395 581
465 218
465 582
465 243
465 488
465 52
465 583
1345 584
1346 553
939 585
939 361
1347 221
867 586
867 587
1166 201
1031 474
1348 49
691 588
691 577
1170 589
78 590
613 591
1349 106
305 592
1350 593
505 594
505 348
505 595
505 10
857 596
860 597
811 118
1002 598
1002 599
1002 28
1002 361
402 600
402 601
402 115
1351 101
77 602
77 603
77 604
515 342
1352 605
1353 606
104 450
104 607
104 476
104 608
104 52
104 287
345 609
730 610
730 105
730 169
1354 611
1026 52
64 46
64 257
64 612
591 613
1355 604
1356 614
159 28
655 615
655 111
655 257
655 616
307 106
307 412
307 617
673 618
673 500
1357 52
1357 53
129 356
48 135
48 17
1358 619
962 50
353 161
843 11
1359 58
233 620
233 436
233 621
233 50
1360 622
205 95
1361 203
565 46
1362 201
1363 623
953 105
175 208
175 41
175 249
175 624
175 49
175 135
175 367
175 625
175 626
175 627
175 628
175 182
175 334
175 629
175 630
175 473
175 52
175 631
175 632
175 46
175 259
175 633
175 200
175 54
1157 634
1157 334
449 296
449 635
784 527
1019 237
27 209
331 490
258 208
975 511
975 636
28 637
28 190
1364 638
414 433
1365 505
1366 638
1180 639
509 640
896 641
239 642
377 119
377 643
607 104
1367 644
518 645
909 646
1368 46
554 647
554 139
987 15
1369 52
827 101
347 49
347 297
347 217
349 648
349 112
1370 104
419 649
419 380
419 27
1371 650
469 651
469 52
210 652
1372 653
111 654
111 113
111 105
111 72
111 655
1373 323
1374 656
23 657
1375 658
1109 659
1376 500
61 660
61 661
185 561
871 17
241 662
1195 663
1377 281
1378 664
903 665
668 49
668 666
668 425
668 124
1379 587
425 667
425 668
553 669
1136 670
280 89
280 334
280 671
500 672
500 673
500 87
500 674
500 675
500 676
296 677
296 678
296 168
296 679
296 449
296 40
296 49
296 680
296 287
296 52
296 681
296 682
296 683
296 684
296 609
296 685
296 686
296 177
296 687
296 137
296 105
296 661
296 688
296 46
296 259
296 689
296 690
296 200
1380 52
577 691
1381 300
749 692
823 693
1382 694
437 695
437 696
437 635
488 52
320 561
97 467
1020 346
1383 475
1025 697
1025 698
1025 699
906 700
660 61
660 701
660 158
660 702
1384 307
1385 562
1386 5
1387 703
226 703
447 704
447 478
447 645
1388 705
412 208
412 433
412 262
1059 706
1059 105
365 498
1389 158
868 17
184 116
535 707
167 348
1390 708
1391 265
901 665
1392 15
1393 709
1394 710
36 711
36 712
36 713
36 714
36 413
139 715
1395 200
1395 48
822 95
883 98
883 716
569 717
569 718
569 719
569 287
569 46
949 720
707 535
707 145
1396 59
1397 721
448 704
796 722
4 389
4 723
4 548
4 342
4 724
932 725
904 665
1398 726
1399 6
1400 496
1400 727
368 271
368 46
368 49
368 459
368 52
368 54
169 157
169 75
169 166
169 728
169 532
169 729
169 120
169 348
169 372
169 398
169 730
169 731
169 52
169 200
169 732
866 389
393 733
393 734
393 625
435 248
435 735
435 736
435 175
435 413
435 39
508 424
350 259
350 112
836 737
163 738
1401 739
528 108
528 740
528 741
528 338
528 441
528 742
1402 190
137 450
137 743
137 296
137 629
137 744
137 745
137 48
137 548
137 360
137 52
137 682
137 200
830 196
830 746
830 747
145 748
145 76
145 749
145 750
145 751
145 752
145 753
145 754
145 755
145 756
145 757
145 758
145 759
145 760
145 761
782 762
1403 51
1404 659
275 126
855 763
855 13
855 764
1405 221
1406 448
73 765
73 766
73 767
142 232
1003 768
238 769
1407 393
332 457
332 770
332 771
332 345
872 772
1408 384
484 773
484 774
485 775
485 119
485 670
485 169
215 776
1409 384
420 777
115 265
115 118
115 778
115 373
115 398
115 297
115 50
115 229
115 779
115 402
1410 327
1411 139
22 259
615 780
1090 781
429 620
1412 112
825 101
762 782
527 783
527 784
527 381
527 221
566 46
971 223
1413 209
1414 785
648 349
1415 13
333 221
459 52
459 259
459 368
497 313
364 621
858 786
858 787
407 195
300 788
35 413
1416 789
1417 790
1417 791
685 19
1418 248
251 208
1196 108
1419 792
531 26
531 793
531 532
91 794
599 510
1420 795
1421 796
31 413
1422 797
440 798
1423 799
1066 800
1424 801
575 75
58 802
58 208
58 105
58 72
617 165
1425 797
1073 327
1426 638
756 145
53 52
53 135
53 575
173 803
614 105
1216 565
224 804
520 550
274 310
274 805
1210 87
1210 673
1210 148
610 250
610 669
610 806
610 807
610 730
610 808
610 52
193 85
998 809
920 638
214 793
1427 76
1428 638
1428 810
1429 330
271 368
118 811
118 812
118 813
118 241
118 814
118 398
118 351
125 815
125 816
125 15
862 671
922 638
1430 105
1431 817
616 736
616 519
616 818
1432 524
578 46
499 819
1433 820
1434 821
1435 822
1436 13
1437 823
1437 693
493 358
675 17
101 824
101 158
101 710
101 825
101 135
101 812
101 259
101 826
101 827
101 828
101 52
101 829
101 656
370 49
370 146
746 830
671 280
671 831
992 832
1438 833
1438 834
1439 835
737 836
737 837
177 463
177 296
177 838
177 839
177 17
1440 840
1440 841
1441 695
11 842
11 843
11 844
1120 845
126 256
126 160
136 846
136 255
136 847
136 11
1442 313
824 848
824 46
824 158
824 105
824 467
1443 297
1444 156
556 389
556 641
556 849
595 505
1445 132
1446 229
848 824
848 177
848 850
848 465
848 249
848 287
848 46
1447 51
536 851
943 852
242 46
1448 853
57 72
1449 650
1098 854
54 356
54 46
54 175
54 573
54 535
54 52
54 135
763 855
1450 46
1450 217
1451 579
1214 200
596 856
596 857
1452 327
55 147
623 858
581 105
1453 859
571 46
516 650
1454 307
597 860
856 596
308 450
308 49
308 249
308 705
308 199
217 861
217 862
217 175
217 863
217 347
217 52
217 124
523 864
1455 231
1197 209
1197 108
1456 810
1457 98
1457 865
1458 866
1021 346
96 639
203 867
203 148
1076 244
1076 259
1076 48
17 275
17 868
17 177
17 73
17 37
17 869
17 328
17 870
17 871
17 872
17 48
17 46
17 873
17 201
17 675
17 874
17 875
17 876
17 52
17 877
2 389
222 878
1459 879
1460 362
1460 507
1460 880
268 586
268 175
336 52
336 287
336 881
152 200
152 45
88 105
1024 156
1461 169
491 550
206 639
206 882
206 240
206 851
206 259
98 883
327 884
935 60
1462 208
728 790
728 169
1463 49
1125 885
1464 348
1464 607
1464 534
1464 886
1464 887
1464 888
113 111
113 889
113 72
1465 890
1465 891
1466 175
1089 538
408 195
1074 892
1074 805
1467 893
1467 894
1468 822
1468 895
641 389
641 896
1469 897
1470 898
786 858
114 601
114 105
114 72
665 899
665 900
665 901
665 902
665 903
665 904
969 905
1161 638
664 906
923 638
1471 389
1472 907
1472 908
1472 279
1472 662
646 909
1473 39
1474 561
1474 910
1474 911
582 465
1475 612
775 485
1476 160
1477 912
443 658
443 200
828 913
828 914
828 898
828 49
828 101
828 915
828 916
1478 917
1479 52
1039 779
470 918
470 582
470 52
1480 769
1481 91
8 389
1482 659
472 52
1 0
1 919
573 54
638 920
638 921
638 801
638 922
638 923
1483 505
1086 924
1124 925
1124 926
1484 550
555 927
1485 928
404 52
404 231
1486 786
1127 587
1127 104
750 145
510 126
329 221
1487 929
538 930
538 105
538 805
950 231
580 931
522 932
522 725
1488 933
934 934
934 314
92 478
60 935
60 936
829 101
1489 937
323 938
899 665
1490 105
644 332
192 85
585 939
1491 940
318 477
106 941
106 307
106 942
106 943
106 944
106 795
106 411
954 50
1492 417
1492 791
1493 327
1494 685
1495 150
1495 245
174 831
1177 945
1496 946
1001 947
1497 940
807 39
807 610
807 105
1498 948
1499 949
801 638
231 51
231 950
231 52
231 951
231 952
1500 777
105 208
105 158
105 248
105 953
105 954
105 955
105 27
105 49
105 398
105 730
105 201
105 453
105 824
105 956
105 196
105 57
105 570
105 50
105 957
105 111
105 581
105 614
105 351
105 958
105 959
105 101
105 297
105 52
105 960
105 213
105 540
105 673
105 259
105 961
105 962
105 897
105 807
105 114
105 963
105 510
105 964
292 965
292 101
292 162
292 259
1501 966
1030 967
1030 139
6 968
6 926
1502 628
905 969
418 266
1042 279
1503 771
223 76
223 970
223 125
223 971
223 15
223 804
223 972
570 678
351 105
351 973
50 974
219 698
511 975
328 17
1504 263
1101 259
1101 976
286 95
618 500
629 137
629 175
629 977
1505 201
1506 299
1507 978
1507 96
1508 979
397 980
397 981
397 982
397 124
397 575
397 983
973 279
973 351
965 292
1173 984
164 213
164 124
15 985
15 986
15 125
15 987
15 190
15 223
15 124
1509 4
1153 988
1153 727
1510 816
264 357
1511 58
1511 989
1511 990
1511 623
314 934
314 991
314 281
314 249
1512 324
832 992
1513 993
1514 805
256 46
711 36
116 313
116 234
116 255
116 261
486 52
1013 994
1515 106
1516 995
1169 480
154 996
1061 774
1517 201
1517 997
1518 49
809 998
709 98
709 883
1519 999
1519 1000
947 1001
428 162
717 569
247 1002
247 306
247 208
1520 1003
107 52
107 1004
107 1005
544 158
620 1006
122 663
1062 1007
1012 1008
1012 1009
1521 173
198 1010
198 45
1522 175
1523 313
1524 872
1113 1011
723 4
723 265
1525 805
1008 1012
994 1013
1526 1014
1527 1015
1528 810
681 296
559 388
586 334
586 1016
586 845
586 256
586 867
586 46
586 259
586 175
586 158
586 301
586 4
586 268
586 52
1529 52
1530 1017
1040 779
1531 507
626 175
466 1018
466 631
252 946
1532 389
1533 943
1534 623
1535 484
1535 999
237 1019
1536 126
803 370
346 1020
346 1021
1537 1022
156 123
156 848
156 259
156 1023
156 1024
156 661
156 204
156 467
1538 307
957 105
600 402
699 1025
818 616
1539 1026
1540 1027
1541 396
1541 217
21 1028
694 1029
694 575
1009 1012
1542 638
1543 414
967 1030
304 2
1084 388
474 1031
1544 1032
942 106
1545 327
574 46
434 736
434 162
990 1033
977 629
86 1034
513 1035
636 975
631 466
631 1032
157 456
157 285
157 281
157 89
157 124
1546 348
1547 105
147 586
147 1036
147 1037
546 158
1548 975
593 366
355 745
1549 429
656 638
656 481
656 101
33 413
783 527
779 1038
779 1039
779 115
779 1040
1550 1041
279 1042
279 1043
279 628
1551 543
1552 1044
430 314
399 314
399 69
399 1045
399 146
399 1046
1553 105
1554 52
1555 101
700 906
7 70
1556 327
532 251
532 531
532 1047
532 296
532 169
532 1048
678 570
1557 389
889 265
380 196
380 419
1558 59
1559 1049
1560 179
1097 281
583 859
583 200
583 962
583 264
583 152
1561 313
423 410
1017 146
388 1050
388 559
388 1051
1190 1052
293 162
587 1053
342 259
342 1054
342 4
342 515
1562 955
682 1055
1563 49
1563 1056
815 125
462 1057
462 1058
462 52
706 1059
16 28
774 1060
774 1061
552 303
1037 147
1007 1062
1564 956
74 842
800 1063
800 1064
800 1065
800 1066
800 283
800 1067
1565 918
189 182
1038 694
325 1068
325 1069
1566 313
1567 271
609 1070
609 1071
609 296
609 492
609 1072
245 265
1568 92
1569 124
75 52
75 259
75 952
75 169
667 425
667 221
32 586
1570 943
1571 313
1572 824
892 1073
892 1074
372 49
1573 1075
244 450
244 1076
1574 1077
1078 637
1078 1078
1078 1079
1575 456
879 885
1576 301
1576 384
480 398
1577 313
18 1080
959 105
12 13
882 1081
882 206
882 1082
1578 648
1579 313
839 1083
403 51
714 1084
714 36
1580 1085
924 1086
713 36
563 1087
1111 1088
930 1089
781 1090
273 52
273 1091
273 936
134 41
1211 1092
1211 1093
1211 1094
919 1
696 437
281 157
281 1095
281 1096
281 314
281 1097
281 101
281 317
281 1098
281 52
281 229
281 661
246 450
760 145
121 1099
121 1051
677 296
259 450
259 278
259 158
259 1100
259 208
259 813
259 459
259 292
259 135
259 342
259 448
259 1101
259 586
259 1102
259 206
259 175
259 568
259 350
259 1103
259 1104
259 670
259 490
259 75
259 314
259 101
259 774
259 1105
259 52
259 1106
259 105
259 1107
259 1108
259 1076
259 46
259 296
259 851
259 733
259 22
1581 321
248 741
248 88
248 435
248 105
248 50
1582 49
744 137
1583 1109
47 39
1584 145
1088 1110
1088 1111
390 143
390 1112
1212 28
1212 200
306 49
1585 1113
1586 101
1586 135
680 135
911 287
1149 507
204 148
204 945
204 156
1160 890
743 137
568 46
1135 1114
539 897
1085 200
1085 820
787 858
787 1050
401 1050
180 1115
588 1116
588 917
588 1117
588 1118
588 1119
588 860
588 588
588 154
588 1120
1050 401
1050 1121
772 1122
772 560
772 1123
0 1
0 1124
885 1125
885 1126
885 1127
885 879
952 75
735 398
441 528
441 1052
441 1128
1587 1129
628 201
628 1042
628 279
1588 1130
1167 201
1589 808
1589 480
1589 1131
1590 1132
1591 1099
149 507
309 1133
1592 1134
1593 1120
1594 213
1114 1135
670 485
670 1136
670 1137
670 1138
1176 1139
1595 61
874 714
1596 1140
1596 1039
1596 1141
272 1142
272 765
272 1143
272 1144
272 178
39 208
39 812
39 47
39 153
39 1145
39 807
39 1146
589 589
589 296
312 957
1597 1147
540 1148
540 85
540 105
540 361
1598 725
302 945
820 46
820 1149
1599 1099
482 52
812 389
812 910
812 918
812 118
812 39
812 956
812 216
1600 216
1601 145
80 1150
1602 139
637 1078
637 28
1603 221
732 52
732 169
360 40
598 28
598 165
276 1151
344 1152
1604 438
727 1153
1605 1154
813 1155
813 259
489 548
265 1156
19 853
1606 13
1607 412
1607 190
1607 639
405 688
405 461
334 586
334 280
334 168
334 1157
334 1158
334 342
1608 1159
1609 1160
1610 558
30 1161
1611 1162
1154 327
1154 620
201 1163
201 1164
201 1165
201 17
201 4
201 1166
201 529
201 1167
201 1168
1612 1169
1612 880
363 40
734 393
1613 1170
1613 1171
1102 207
1614 1172
941 106
1615 1173
1615 1174
1616 1175
1617 46
230 1176
230 490
945 1177
945 302
1618 1178
759 748
697 1025
1619 1179
1619 1180
521 52
1620 1181
1621 1182
1622 213
1622 334
921 1183
921 1184
921 1185
921 1186
921 638
921 1147
921 1187
921 1188
416 1125
416 788
416 1189
1052 528
1052 441
1052 1190
1623 1191
1192 1192
1192 1193
776 215
227 1194
227 49
123 1195
123 357
123 663
123 40
1624 264
1625 540
108 249
108 1196
108 1197
108 1198
1155 813
720 949
1626 1011
270 1199
270 661
132 181
1200 301
301 658
301 1200
301 46
301 1167
993 1108
890 1201
1082 1202
197 362
197 76
197 351
612 52
1156 1203
1156 265
1156 160
785 1204
1627 145
661 61
661 1205
661 296
661 196
661 1206
661 281
481 52
481 124
481 656
481 1207
1016 471
1628 1160
455 432
1629 1208
257 152
257 724
1057 462
778 115
14 13
1630 1209
1631 710
87 1210
826 101
1055 682
1632 389
964 105
1633 327
1634 106
146 1017
1635 480
1094 1211
200 450
200 208
200 249
200 40
200 49
200 1212
200 135
200 583
200 1085
200 4
200 1213
200 195
200 1214
200 1215
200 1016
200 443
200 169
200 1216
200 1195
200 52
200 1005
200 540
200 256
200 406
200 46
200 296
200 670
200 137
200 235
200 1128
200 152
200 200
1636 1217
375 49
1637 384
