931 0
940 1
1158 2
1158 3
699 4
699 5
1159 6
1160 7
1161 8
1162 9
1163 10
545 11
545 12
545 13
545 14
258 15
832 16
832 17
1164 18
869 19
1165 20
1140 21
308 22
269 23
67 24
67 25
67 1
67 26
496 27
496 28
496 29
496 30
496 31
496 32
496 33
496 34
496 35
496 36
496 37
496 38
496 39
496 40
1166 41
532 42
1118 43
1167 44
232 45
232 46
232 47
232 48
232 49
232 50
232 51
232 52
232 53
232 54
232 55
232 56
232 57
1168 58
1168 59
896 60
556 61
556 18
556 62
556 63
556 64
1169 65
820 66
24 67
1170 68
226 69
226 70
226 71
806 72
806 73
10 74
10 75
10 76
10 77
10 78
10 79
10 80
10 81
10 82
974 83
1171 84
1172 85
1172 86
1173 87
642 88
434 89
104 90
104 91
952 92
1174 93
1174 94
449 95
754 96
729 97
817 98
1175 99
186 54
1176 100
260 101
91 102
91 103
91 104
91 105
91 106
114 107
114 108
114 10
1111 109
250 110
250 97
416 111
791 112
791 113
215 114
731 115
340 20
340 116
340 117
1177 118
715 119
762 120
762 19
278 121
278 122
278 123
278 124
278 125
1178 126
393 127
393 108
636 128
636 129
396 130
396 131
396 132
396 133
838 134
481 135
1179 136
252 124
1180 137
692 138
692 139
692 140
692 141
438 142
1181 143
846 144
370 102
883 112
141 145
1182 146
167 147
1034 148
203 149
203 150
203 151
1183 152
1183 153
643 113
106 154
725 97
1184 155
991 139
991 156
798 157
798 158
1185 159
1058 160
529 161
529 162
1186 163
1187 26
1188 164
1189 165
880 166
152 102
152 167
152 168
152 169
947 170
947 171
947 172
761 173
1190 159
1190 19
1191 102
1191 10
1192 174
739 175
505 72
793 176
793 177
383 178
383 179
245 180
1193 181
1193 80
117 182
117 70
117 183
117 184
117 185
54 57
54 186
54 187
763 188
813 189
1194 117
593 18
593 63
1195 190
455 18
566 26
566 191
1196 43
132 192
132 193
1197 182
268 194
268 195
463 158
463 196
463 67
463 197
463 5
1198 198
1199 199
460 200
372 201
861 202
149 203
709 204
219 205
219 117
219 206
219 207
219 208
876 209
240 139
240 210
716 211
716 212
1200 72
1200 213
1200 187
1200 214
88 215
972 146
1066 216
1201 217
661 218
208 207
208 219
1202 220
1203 42
1203 221
764 222
1204 223
1205 224
282 225
282 226
282 95
439 227
1206 228
997 229
573 230
871 155
871 231
56 232
1207 233
1208 234
1209 191
1210 235
1211 43
1212 236
1213 237
1214 238
1214 204
1214 239
1215 166
49 232
210 240
210 241
210 242
210 243
180 244
180 245
1216 246
1217 247
1217 248
796 249
796 250
796 251
124 107
124 252
124 253
124 254
124 255
124 256
124 257
124 124
124 258
124 259
1218 225
780 113
101 260
884 261
884 262
884 263
884 264
1219 113
1220 265
355 266
44 80
1221 267
195 268
23 269
730 270
730 271
459 272
459 242
459 273
459 210
535 274
397 209
397 275
397 130
397 276
1222 277
122 168
122 278
1223 102
818 165
448 115
1028 279
1224 280
193 281
193 132
1225 282
724 97
1043 283
918 284
431 284
431 285
425 286
1006 257
1226 287
1227 288
1022 289
1122 290
1228 152
1228 291
1229 292
218 113
218 293
218 294
218 295
218 296
1230 43
511 297
511 298
511 299
511 300
511 301
511 302
511 80
511 303
511 304
511 305
511 143
511 296
1231 306
410 307
22 308
1232 137
1233 309
1234 177
1234 310
1134 311
1235 312
1236 301
83 313
773 113
390 314
390 209
390 21
390 315
390 316
390 166
1237 317
1237 301
1238 18
802 318
802 319
802 320
802 321
1239 20
1239 206
237 322
668 102
668 113
558 323
620 324
822 325
1240 326
1241 327
751 328
751 329
751 330
751 331
751 96
751 332
1242 204
292 333
292 165
292 334
292 335
292 336
292 337
292 91
292 338
292 146
292 339
292 340
292 341
292 342
292 95
292 343
379 344
1243 345
302 297
506 346
506 347
506 348
664 349
664 350
1244 351
1245 152
1049 352
1246 353
1247 354
266 355
768 356
411 357
411 358
356 359
47 52
47 360
47 99
488 131
488 70
488 361
488 362
488 363
488 364
1248 152
1249 245
758 365
758 118
698 220
1250 366
726 97
1251 367
1251 368
1251 369
1252 134
235 370
1253 371
201 372
201 274
201 373
457 374
457 375
845 376
742 377
742 26
886 378
886 310
3 284
1254 80
1254 379
248 380
248 381
248 382
539 274
178 383
1106 384
1106 385
790 113
1255 386
430 285
1256 387
1257 388
538 42
538 131
538 245
1258 192
317 269
1259 389
316 390
316 166
1260 391
770 113
9 392
9 118
108 393
108 242
108 394
108 43
108 80
108 395
130 396
130 397
549 398
499 399
420 400
640 401
1003 257
1261 402
1262 403
1263 404
446 405
446 339
446 406
446 95
851 407
194 268
86 408
86 409
86 26
86 6
86 410
2 146
357 411
492 412
492 413
264 414
264 61
264 415
904 301
1086 273
1264 80
992 18
1057 160
1265 416
953 417
1266 418
1000 419
400 420
1267 421
893 422
893 423
1268 424
1269 3
1099 425
1099 286
697 426
1270 117
512 427
512 428
1271 429
285 430
285 431
518 361
518 432
518 433
1272 321
1273 257
1274 434
1151 435
528 43
1275 436
192 437
192 132
192 438
192 439
192 440
192 441
192 96
1276 442
95 443
95 444
95 445
95 446
95 447
95 448
95 449
95 405
95 397
342 292
687 450
126 451
1277 452
826 453
826 287
826 454
826 115
826 455
826 456
335 292
657 311
374 457
374 458
336 459
336 292
200 460
200 19
200 231
1278 461
647 20
647 84
1279 26
508 269
508 1
1280 462
1281 55
949 170
197 463
589 464
589 5
467 465
467 466
467 467
626 61
626 468
102 169
102 469
102 207
102 309
102 152
102 305
102 206
236 295
236 470
1282 61
982 137
982 471
982 472
982 473
982 474
982 475
1283 476
766 145
217 477
1284 309
1285 478
510 74
510 479
135 480
135 481
135 482
135 464
902 483
182 484
1138 485
1138 419
1138 486
1138 487
1138 488
1286 489
934 490
1287 491
973 146
412 492
1288 493
1107 494
33 495
33 496
1289 97
244 180
174 497
174 498
399 499
1290 500
1290 501
1290 502
1291 240
1291 81
1291 503
347 504
347 505
347 506
923 507
1292 508
750 452
1139 21
1293 509
74 510
74 511
74 512
1294 513
652 514
652 18
652 100
652 77
839 63
1295 515
1021 516
1021 234
1296 82
1297 517
386 20
498 174
621 42
621 61
621 360
433 518
720 519
720 520
837 521
837 522
837 50
837 523
837 524
837 525
837 6
1298 526
866 18
1299 527
19 200
19 166
1300 206
162 528
162 529
877 530
1301 531
274 532
274 533
274 534
274 535
274 536
274 42
274 537
274 538
274 539
274 201
1302 540
1303 541
921 438
921 542
1304 117
1305 225
1035 543
1306 544
14 12
14 545
1048 546
1307 547
228 167
228 548
228 549
612 215
612 550
1308 551
1091 552
156 205
1309 206
63 22
63 553
63 313
63 554
63 555
63 556
63 18
63 333
63 187
1310 557
323 558
323 559
323 560
323 561
323 562
323 563
323 564
323 565
957 523
333 566
1030 567
1311 568
1311 569
1312 570
423 571
227 439
227 572
230 573
491 574
611 575
1313 576
1314 577
13 578
1128 579
1128 580
1315 581
708 582
708 143
862 583
1316 584
1316 61
168 167
168 152
1317 403
1318 292
1319 585
1320 406
1321 489
651 139
1322 292
1323 577
741 586
741 587
373 201
1072 448
1072 588
1324 589
1325 590
1326 591
1327 592
680 593
680 594
1328 406
1157 388
1157 18
1329 77
1330 595
641 322
641 596
641 597
641 443
641 598
1023 599
1023 600
892 601
569 537
1156 602
1331 113
495 33
1332 603
1333 604
814 605
814 13
814 606
814 607
613 608
613 609
575 610
575 611
575 612
343 489
305 102
609 613
1085 614
1334 615
930 516
930 242
930 616
930 617
930 166
1335 618
324 619
324 541
324 620
1336 295
787 113
61 621
61 622
61 623
61 624
61 477
61 264
61 625
61 626
61 627
61 628
61 556
61 629
61 630
61 631
61 632
61 633
61 541
61 192
61 432
61 162
61 634
61 635
61 187
129 18
129 636
1337 311
808 72
689 637
280 638
427 639
744 640
598 641
1338 642
1113 26
1339 643
1340 18
1340 644
1341 573
1070 525
500 645
500 646
1342 647
1343 185
644 648
1344 649
1345 387
1346 97
1347 650
100 651
100 652
100 653
100 654
100 77
100 655
100 514
100 78
100 656
100 450
311 657
311 658
311 659
311 84
1348 416
1349 436
756 660
756 661
673 662
673 288
673 592
673 663
673 340
350 664
663 665
663 666
663 667
663 668
663 669
663 670
663 522
663 671
663 672
663 673
663 674
663 675
166 361
166 676
166 227
166 133
166 310
166 677
166 316
224 678
415 264
1350 679
1351 680
1133 84
747 128
747 681
1025 682
1025 177
142 438
1352 166
717 683
717 411
406 510
406 684
406 145
406 685
207 102
1075 686
1353 687
637 688
637 689
637 690
637 691
140 692
140 693
320 618
1354 463
856 694
639 427
639 512
639 536
969 695
1355 165
1356 84
702 696
702 674
655 514
655 100
655 177
514 655
514 652
514 100
514 177
1132 84
1357 697
785 113
785 698
1358 544
464 135
432 518
233 4
233 699
1359 700
674 696
674 701
674 663
674 702
943 223
1014 158
711 703
1360 102
887 659
1361 704
36 496
36 705
36 166
592 706
1362 470
749 171
667 663
1363 566
1364 119
582 707
582 708
428 225
428 709
428 309
1365 710
151 203
703 711
1150 139
1150 712
1150 713
1150 714
444 95
1366 3
119 322
119 715
119 141
119 310
211 716
683 717
683 718
683 383
1115 437
1367 719
299 74
1141 116
519 720
1037 177
1368 721
111 684
1369 722
225 204
225 282
225 207
672 663
150 203
1370 723
1371 724
97 725
97 694
97 726
97 250
97 541
97 17
97 727
97 728
97 729
1002 257
283 171
1372 366
270 730
1373 731
960 477
960 580
825 732
1374 651
1375 214
844 395
844 80
1376 733
907 419
907 734
1377 313
1377 735
1378 509
821 137
821 736
821 575
821 737
821 738
630 61
354 739
107 740
107 741
107 742
1379 282
1380 743
345 744
1381 745
823 746
733 747
767 748
767 102
767 339
767 424
490 309
490 470
490 290
551 749
1053 544
1053 339
452 326
452 750
96 751
96 752
96 753
96 192
96 96
96 754
660 755
660 756
159 566
1047 757
118 687
118 9
118 758
118 759
1382 760
173 761
173 413
120 192
120 762
120 763
120 755
120 764
1383 765
85 86
145 766
424 767
1384 117
600 282
1385 768
1092 769
113 770
113 771
113 772
113 773
113 668
113 774
113 775
113 776
113 777
113 643
113 778
113 779
113 780
113 781
113 782
113 783
113 784
113 117
113 785
113 786
113 533
113 787
113 788
113 789
113 790
113 791
113 218
113 511
177 792
177 108
177 273
177 793
177 655
177 514
177 204
1061 794
1386 795
249 796
564 323
458 374
865 797
157 798
895 799
1387 369
1388 143
78 10
78 100
298 800
298 801
319 802
319 10
319 803
319 747
1389 102
1389 225
1389 804
1389 17
421 805
72 73
72 505
72 806
72 570
72 678
72 807
72 808
72 809
72 810
562 323
1390 706
890 811
890 812
189 813
1391 272
1392 250
1393 814
1143 815
1143 75
557 223
775 113
204 117
204 709
204 816
165 817
165 608
165 818
66 819
66 820
66 117
627 273
736 821
325 822
1050 206
746 823
563 323
1110 110
271 824
271 730
450 100
1069 510
1069 43
1069 231
1394 242
1394 458
732 275
732 825
732 391
115 826
782 113
4 233
1395 827
1396 828
1397 18
1398 829
1398 490
1399 622
1400 442
1400 525
1400 830
1401 112
1402 831
1403 655
1404 273
16 832
16 833
16 834
16 635
1005 257
994 18
1405 835
478 541
855 836
524 837
1406 838
1112 383
1112 26
653 196
653 839
1407 840
1408 748
27 496
1409 841
1409 842
1410 843
1411 9
395 844
1412 804
1413 112
1413 541
1414 845
144 846
293 218
1415 847
1416 848
1417 383
924 849
924 507
1418 850
1419 300
1001 803
1420 139
1421 851
105 852
105 91
105 223
313 853
313 83
987 18
646 854
694 855
694 856
694 123
68 857
191 566
658 311
939 858
1422 391
304 511
1423 859
984 413
8 860
1424 608
526 861
359 356
62 408
62 171
62 61
62 556
62 18
62 586
1105 862
1105 583
777 113
1425 863
983 21
983 413
1426 109
536 61
536 274
422 864
59 204
59 1
1427 446
797 865
772 113
772 866
1428 867
993 868
361 488
361 869
361 518
337 292
737 821
231 868
231 43
231 870
231 454
231 200
231 198
231 223
231 871
231 391
752 96
752 872
752 873
752 874
1429 875
209 876
209 397
209 86
443 877
443 641
443 95
1430 878
1431 879
1432 603
1433 880
322 8
322 237
322 71
322 95
322 119
112 881
112 882
112 883
784 113
263 884
474 885
1434 886
1435 887
1436 463
967 888
69 489
1437 889
1438 890
1439 666
334 267
596 116
970 891
970 695
970 496
1052 339
1052 892
591 84
591 309
1440 241
1441 893
1441 223
1442 102
109 463
586 62
586 741
799 894
799 895
60 896
60 887
296 236
296 897
570 72
665 898
1117 899
1443 900
1444 901
1444 842
1154 238
950 187
466 467
483 902
309 324
309 903
309 490
309 591
309 190
1445 41
301 465
301 904
301 511
301 905
1446 906
1446 464
980 391
615 591
1447 551
605 814
1448 117
1155 238
1155 165
1155 61
1155 907
1449 253
1101 908
1055 909
1055 693
971 910
958 477
941 911
454 231
143 470
147 167
1450 18
1451 912
1452 913
363 488
1019 370
497 174
1453 914
307 408
307 676
307 915
307 26
1454 311
936 916
936 917
284 98
284 3
284 918
284 356
284 919
284 920
284 87
284 430
284 21
542 921
1046 922
734 907
507 923
507 924
171 749
171 925
171 926
171 927
171 283
310 928
310 398
310 166
5 719
5 18
5 893
5 929
617 930
1455 466
1455 837
633 117
79 813
79 511
79 551
1079 222
1456 224
1457 931
925 171
925 105
504 932
504 347
912 53
676 390
676 250
1458 470
503 933
137 799
137 837
137 934
136 935
916 936
1459 470
858 937
858 938
858 939
1 940
1097 465
1460 145
1460 61
1461 162
911 941
911 942
635 16
635 623
1462 687
996 117
223 943
223 42
223 289
223 187
223 944
223 852
223 737
223 17
223 218
223 18
223 871
223 82
223 105
223 231
15 258
1463 945
253 28
253 469
1464 946
170 947
170 948
170 949
187 950
187 291
187 61
187 893
187 554
187 223
187 234
242 951
242 243
92 264
92 234
92 952
1465 296
928 310
65 953
1127 43
1054 954
1466 566
338 292
1467 955
1468 571
531 956
1469 957
584 803
1470 815
477 958
477 959
477 960
599 70
599 600
888 961
888 962
888 963
888 964
888 965
888 966
888 967
272 459
272 803
272 84
1471 965
1471 231
306 397
306 165
677 231
677 968
677 166
695 969
695 970
910 971
256 124
146 972
146 2
146 973
649 488
827 974
816 204
696 674
696 702
1472 975
1473 976
1474 977
391 665
391 978
391 979
391 980
391 220
391 737
391 231
1475 187
1476 602
1477 981
1478 18
885 704
885 982
885 474
413 983
413 984
413 173
413 220
413 492
50 283
1479 102
706 592
706 985
554 63
554 187
554 223
587 1
719 5
898 665
80 844
80 108
80 124
1480 165
1480 190
251 796
487 835
18 986
18 987
18 469
18 988
18 989
18 990
18 62
18 991
18 63
18 992
18 825
18 556
18 993
18 734
18 3
18 994
18 995
18 457
18 419
18 516
18 792
18 223
18 996
229 997
1481 998
419 20
419 18
419 999
419 907
419 1000
1482 309
803 584
803 1001
803 319
999 419
1483 271
1484 868
1485 339
870 231
789 113
257 1002
257 1003
257 1004
257 1005
257 124
257 1006
257 1007
257 976
471 885
537 569
1084 1008
1084 26
1084 1009
1084 641
1084 1010
1084 1011
1084 1012
1084 1013
1486 1014
1487 1015
1041 1016
1152 1017
1488 972
1489 662
1490 470
550 1018
550 612
550 737
550 310
1491 16
1492 1019
986 18
1493 18
955 1020
1494 206
418 309
1045 1021
1045 231
1495 601
289 82
289 1022
1496 442
121 1023
1497 587
852 223
1498 1024
1499 132
623 61
623 635
682 1025
682 177
465 467
465 1026
465 301
465 76
465 1027
465 1028
465 511
465 231
567 1029
567 1030
1500 1031
364 488
1501 465
1502 1032
1114 1033
148 1034
748 339
748 1035
1503 1036
1503 1037
1503 1038
346 506
1504 236
805 1039
805 1040
979 707
1087 1041
1087 131
1087 173
1087 1042
831 18
1505 1043
1506 610
1083 1044
922 1045
922 1046
922 581
1507 134
757 1047
1508 388
1142 1018
352 1048
352 1049
206 204
206 102
206 1050
206 219
206 484
206 207
1509 113
154 1051
154 106
1510 358
339 1052
339 292
339 489
339 1053
339 446
339 748
339 767
339 504
123 760
161 43
161 162
1511 811
954 1054
954 326
1512 914
909 1055
1513 842
1514 931
944 582
398 220
917 936
1515 1056
981 946
1516 952
160 1057
160 1058
1517 1059
82 10
82 1060
82 223
794 416
794 1061
1518 100
99 47
99 18
99 421
297 302
297 1062
297 1063
297 1064
1519 124
1520 1065
216 1066
1521 225
247 375
402 895
402 767
295 470
265 424
42 603
42 821
42 253
42 1067
1522 166
1523 1068
1524 3
517 527
1146 455
1525 167
1525 1069
429 837
429 1070
429 1071
588 1072
234 676
234 92
234 1021
1080 205
1526 84
1051 1031
1527 1073
1528 681
684 406
684 220
686 1015
686 1074
686 1075
1529 1076
1530 1077
169 102
473 982
899 43
1531 1078
1531 1079
205 225
205 1080
903 309
1532 1081
71 226
71 1080
17 223
1533 1082
1044 1083
1534 28
1535 18
1008 1084
800 223
614 1085
273 1086
273 627
1536 117
70 599
70 225
70 226
1537 167
131 1087
131 538
131 282
956 531
1538 1088
1539 298
544 748
544 1053
628 1089
1540 117
745 586
1541 260
594 680
1542 507
1543 1090
314 390
353 945
552 1091
769 1092
769 541
1544 361
1545 95
330 43
1546 1093
341 292
1547 1094
1547 1095
1547 1096
243 1097
243 210
1548 63
1549 20
1549 1098
1550 870
1551 1099
1552 1100
190 1101
190 620
190 1102
190 309
933 503
1553 18
648 1103
648 5
12 545
1554 166
527 379
527 44
381 1104
1555 869
516 391
583 1105
1556 544
470 236
470 223
98 919
98 165
1060 514
1557 445
1558 42
1559 1053
1560 766
384 1106
1109 1098
494 1107
1561 1108
1562 444
1563 1086
1013 1084
276 397
179 224
179 383
1098 20
1098 1109
1098 185
1564 1110
326 1093
760 278
760 804
1039 231
1565 990
26 990
26 408
26 1111
26 307
26 312
26 573
26 67
26 1112
26 1113
26 1114
1148 959
654 100
1566 907
860 134
198 139
198 231
678 224
864 422
484 182
1567 511
990 18
437 1115
437 175
728 97
521 837
1568 921
577 1116
577 117
577 905
577 268
1569 639
1570 310
1570 191
1015 686
1015 446
43 1117
43 108
43 391
43 1118
43 463
43 1119
43 330
43 1120
43 528
43 1121
43 1122
43 1123
43 312
43 1072
43 1124
43 67
43 1125
43 1126
43 1127
43 231
1571 70
580 1128
580 960
1572 1129
1573 1070
52 47
1574 20
804 1050
804 207
84 1130
84 1131
84 1132
84 1133
84 1134
84 1135
84 1114
929 699
315 390
315 1136
1575 699
0 931
1576 1137
486 1138
543 1134
625 61
565 323
604 204
1577 926
1577 80
21 19
21 284
21 983
21 390
21 1139
21 1140
755 188
755 646
1012 269
116 1141
116 165
116 340
1018 1142
377 283
377 742
868 993
868 231
349 664
53 84
1578 852
815 1143
133 1144
1116 340
1116 1145
1116 1146
1579 1023
959 1147
959 477
959 1148
281 193
1580 1149
139 167
139 651
139 991
139 191
139 692
139 198
139 205
139 240
139 1150
139 907
1581 440
688 637
489 69
1582 139
1040 1145
1583 250
812 921
435 1151
1584 692
1017 1152
238 1073
238 1153
238 1154
238 1155
220 9
220 61
220 803
220 1156
220 398
220 401
220 1157
220 391
