1812 0
1022 1
1695 2
1813 3
1814 4
1815 5
863 6
1816 7
1757 8
1757 9
229 10
229 11
229 12
229 13
229 14
229 15
229 16
229 17
229 18
229 19
229 20
229 21
229 9
229 22
201 23
201 24
201 25
1097 26
1097 27
165 28
798 29
798 30
306 31
306 32
306 33
306 34
574 30
574 35
1817 36
113 37
371 38
1788 39
1818 40
1615 41
1819 42
1819 43
1691 44
1656 45
1656 46
179 47
448 48
1820 49
1821 50
126 51
126 52
126 53
126 54
126 55
126 2
1794 56
1794 57
1822 58
1688 59
1751 9
396 60
396 61
1823 62
91 63
91 64
91 65
91 66
91 67
337 68
337 46
801 59
801 69
801 70
801 71
801 43
504 72
504 73
405 74
405 75
405 76
524 77
524 9
108 78
108 79
767 80
1824 81
1825 82
1826 83
1827 84
1828 85
1649 86
539 87
1362 88
1362 89
1362 90
553 91
553 92
553 93
553 94
553 95
1829 96
1830 97
1831 98
1229 99
1229 100
1146 101
1146 42
241 102
241 90
1179 103
1243 104
1832 105
67 91
67 106
78 107
78 108
78 87
1833 109
1833 110
1754 9
979 111
37 112
37 113
37 114
37 115
37 110
37 37
37 116
37 77
37 117
37 118
37 69
37 119
37 120
37 121
1834 122
1638 123
1745 124
1835 125
1836 126
950 127
723 128
723 129
723 130
723 131
955 85
1083 132
1083 133
1837 134
254 135
254 136
254 137
1000 138
843 139
843 136
843 140
843 141
843 142
843 143
1422 144
602 91
487 145
1011 146
694 147
1838 148
1838 149
1546 150
1174 46
268 151
268 152
268 153
577 43
242 18
754 154
1839 155
1840 156
1841 157
1841 158
1841 159
1841 160
1272 132
297 161
293 162
1842 163
1843 164
1843 165
1844 166
1403 9
1403 167
1403 168
1845 169
839 170
1846 91
1846 171
705 172
546 173
546 174
546 175
546 176
47 177
47 178
47 179
1847 180
1720 181
763 182
1349 183
722 9
722 184
722 130
722 69
1848 185
1506 186
1568 17
1849 69
1850 187
172 188
1076 189
1851 190
1154 191
1370 6
1370 192
1370 180
328 193
328 194
505 195
23 196
23 197
23 198
23 96
23 199
23 200
23 201
1478 202
878 203
415 204
415 205
415 147
995 206
995 207
995 208
1675 209
1222 134
1222 210
1184 187
890 211
890 212
223 213
223 214
1852 5
1413 215
1853 70
1192 216
213 217
213 218
213 219
213 220
213 221
213 213
213 222
213 223
213 9
213 224
887 225
15 226
15 227
15 124
15 228
15 229
15 230
819 231
819 232
819 233
819 132
819 234
368 235
929 236
929 237
454 149
1643 238
1643 239
1854 240
1855 68
1855 241
18 242
18 154
18 243
18 244
18 245
18 246
18 247
18 184
736 248
1856 249
500 70
434 250
434 182
1170 167
1170 251
1170 252
1170 253
682 254
682 86
682 255
1857 9
1524 54
1524 256
993 257
993 258
993 259
993 256
21 260
21 10
21 261
21 262
21 17
910 263
910 264
559 265
28 266
28 165
930 267
580 24
580 268
580 43
1554 269
1554 26
1323 270
1858 271
1859 272
1793 216
1793 273
1860 274
540 275
540 266
540 210
540 276
540 277
1861 278
1862 216
1421 279
1421 280
691 281
114 37
1663 125
380 282
380 283
414 205
414 284
414 261
414 285
414 286
414 287
414 288
414 289
414 290
414 291
1790 292
162 293
162 294
749 295
749 296
749 297
1863 298
1481 299
437 300
1427 301
1595 302
1864 303
784 304
784 305
34 306
34 307
34 308
1865 162
1866 309
1866 310
1866 287
1866 238
1866 311
1866 5
1867 312
1868 313
1868 314
423 315
423 316
423 317
423 149
423 318
1558 319
1558 320
1869 321
1215 102
1215 322
1870 323
928 236
1047 324
818 4
1871 146
1238 325
193 326
193 327
193 328
193 329
193 50
619 330
619 331
619 332
471 333
471 310
471 334
68 335
68 59
68 336
68 337
68 85
68 338
68 203
68 339
68 340
68 231
68 219
68 146
68 341
68 276
68 168
68 342
68 343
68 253
68 344
1153 345
1153 346
1872 347
1548 348
663 349
1337 183
1301 350
1301 292
793 351
793 352
793 353
793 141
793 354
710 355
710 356
710 357
975 358
975 359
975 360
617 229
617 71
607 266
607 8
607 361
1873 362
1873 363
1665 125
715 219
715 303
1599 364
1874 365
148 366
148 367
148 368
148 354
1622 369
1875 370
1875 371
1749 101
1390 372
1390 373
1876 374
1876 375
1877 376
635 377
1878 378
1604 379
1604 380
1604 301
1072 381
1072 382
1072 383
490 384
490 385
490 386
490 387
490 388
490 389
490 390
490 310
1434 391
1462 253
1439 392
1879 393
61 134
61 139
61 394
61 395
61 396
61 43
61 397
401 398
401 394
401 399
401 400
401 401
401 402
401 125
401 292
401 301
401 9
404 403
404 404
76 390
76 43
76 405
76 301
1255 406
915 407
915 408
1609 305
1880 409
713 410
713 143
851 411
851 412
851 69
1881 413
205 414
205 415
205 416
205 352
205 417
1882 418
1044 419
1044 324
1883 420
654 421
654 422
654 423
654 424
654 425
654 330
654 426
1642 238
919 427
919 409
919 149
1430 428
1001 429
1001 100
1884 69
1885 430
1886 431
1334 382
725 130
250 182
250 432
250 433
250 434
250 435
250 436
300 437
790 438
1887 439
1887 355
895 440
1888 441
237 442
237 443
237 136
237 192
237 444
1889 445
1890 446
1511 447
1511 375
1428 428
1891 448
1892 449
1712 450
1712 87
1712 155
1133 451
53 452
53 126
149 453
149 454
149 455
149 456
340 219
1056 324
1893 457
866 458
866 459
866 460
1326 4
1566 46
1894 461
1894 6
1484 462
1895 463
853 464
853 465
853 466
853 467
853 406
853 468
1013 24
1013 469
823 100
333 470
333 471
447 472
447 473
447 474
447 475
1896 476
1896 477
1896 478
1082 479
1897 480
557 481
557 482
1519 0
1087 483
1087 484
1898 485
1899 146
677 486
776 154
376 487
1629 488
1629 489
389 490
389 491
1336 492
1336 493
1336 494
954 495
954 309
1233 496
1233 497
1900 498
1901 248
1901 499
1901 500
1738 501
1902 0
1903 248
398 401
1904 502
72 503
72 504
72 505
116 37
116 287
1905 506
678 317
1906 507
1907 508
1732 509
49 510
206 511
298 512
298 513
298 514
298 515
298 516
298 517
1594 518
1594 309
1594 302
1594 519
1166 520
951 9
951 521
951 522
951 0
951 69
79 108
77 523
77 524
77 37
1908 343
1909 525
1909 526
519 527
519 7
519 528
519 529
519 530
519 9
1350 24
1910 301
1911 317
782 9
1773 531
1773 532
1773 533
87 274
87 326
87 534
87 180
87 472
87 535
87 191
87 453
87 536
87 537
87 538
87 238
87 539
87 342
87 540
87 187
87 541
1284 542
1397 543
1397 544
1397 168
606 545
175 546
175 106
175 221
175 175
1567 547
1646 548
1646 549
1646 539
1912 550
1913 551
1914 552
93 553
93 95
482 554
482 555
482 556
482 557
482 31
265 256
265 558
265 559
265 560
43 561
43 352
43 562
43 563
43 155
43 537
43 564
43 256
43 40
43 565
43 566
43 567
43 568
43 569
43 570
43 571
43 572
43 59
43 329
43 139
43 248
43 573
43 574
43 575
43 530
43 576
43 577
43 578
43 579
43 580
43 61
43 581
43 551
43 582
43 583
43 584
43 327
43 585
43 586
43 292
43 587
43 369
43 588
43 589
43 590
326 193
326 50
326 582
326 591
326 87
1195 181
1195 592
1195 593
1335 594
1335 382
1335 406
628 595
628 9
92 553
92 596
92 597
92 194
92 13
1915 216
425 598
425 599
425 600
758 601
758 602
1565 603
700 379
146 604
146 41
1271 132
54 605
54 126
54 559
545 606
545 86
1298 546
1298 607
1298 608
1298 202
1916 609
1564 603
1917 610
1171 25
859 308
1918 298
1919 611
1919 612
585 184
585 24
585 43
1136 613
828 614
828 615
828 256
246 18
246 616
246 92
246 617
1654 618
1654 310
1654 490
332 619
332 61
525 321
525 620
525 621
1920 258
1920 622
1921 236
1922 21
178 623
1923 50
600 624
600 625
1924 124
1925 626
1926 627
1926 622
1666 125
1666 628
1510 523
1510 301
166 629
166 630
166 631
166 632
1278 633
1278 634
1148 635
1148 636
1420 637
1471 552
1471 638
1471 22
764 639
764 71
764 640
764 76
764 9
764 597
1927 485
498 641
498 251
498 73
498 642
498 643
498 644
498 645
498 646
498 647
203 648
203 59
203 649
203 650
203 535
203 651
203 652
203 653
203 236
203 654
203 655
203 280
203 435
203 656
203 9
203 541
203 657
203 23
203 143
203 87
1928 658
555 659
555 660
555 482
555 661
555 662
1929 9
1188 663
1188 664
1930 665
1930 666
1930 667
168 668
168 669
168 670
168 671
168 672
168 673
168 674
1454 675
1454 277
1454 623
230 241
112 37
112 676
486 677
204 415
1931 678
1725 679
1932 680
1081 681
135 682
331 619
1933 683
484 684
484 139
1498 273
1934 379
1935 40
1935 291
1633 123
1096 685
1096 686
1096 261
1936 687
1051 324
1241 688
1759 9
281 689
281 526
281 690
281 691
281 692
886 537
1937 32
1938 693
147 415
147 694
147 695
147 696
147 697
147 238
147 698
147 87
147 699
147 444
1939 700
1939 239
889 379
889 701
1648 702
390 490
390 76
390 149
1074 703
494 134
1940 125
1940 704
152 705
152 706
152 401
152 379
1941 569
1941 472
1941 707
1941 97
981 708
991 709
991 710
991 711
775 712
1752 9
1408 713
1408 714
303 715
355 86
355 356
355 270
355 716
355 717
355 718
1942 490
1155 355
1799 256
922 719
1269 132
1943 720
1944 721
130 722
130 723
130 256
130 724
130 76
130 725
130 216
130 9
130 184
1945 726
1946 555
1947 727
1583 728
453 285
453 729
453 149
453 192
1948 730
327 193
327 576
327 731
327 445
327 43
327 732
1949 695
279 256
188 733
1275 132
1950 734
1374 735
1374 724
561 537
561 9
561 736
561 737
561 43
971 738
1110 8
1110 739
1110 740
1951 56
1952 57
1721 741
1721 9
526 742
526 743
526 92
526 744
526 622
526 541
1249 104
965 243
1497 654
1356 745
1356 746
1356 175
1953 179
1954 747
885 484
885 547
885 321
885 748
885 246
295 749
1797 167
1797 256
1753 9
1782 750
1782 751
402 9
402 136
1955 752
1956 59
1956 753
1208 754
1957 755
1957 756
1957 757
1607 758
1607 759
1607 558
1958 5
445 18
445 760
445 146
445 761
1959 762
1960 763
1961 101
1962 253
1963 764
417 205
1964 765
378 759
378 490
1521 766
1521 767
1965 768
692 281
1324 196
154 769
154 770
154 771
154 772
154 584
154 749
154 773
154 774
154 775
154 776
154 777
154 754
154 582
154 82
154 778
129 723
129 746
255 682
1966 779
1966 780
1967 6
1017 781
783 469
1968 50
1968 782
1016 783
1016 784
1016 406
1969 785
1141 786
1746 208
901 275
901 9
1274 132
1490 463
1616 787
1616 0
438 788
438 789
438 790
438 791
353 792
353 793
946 794
1970 495
1971 795
65 91
1972 796
1353 797
1973 194
1974 440
565 541
30 798
30 574
1975 799
22 398
22 800
22 801
22 0
22 802
22 803
22 804
22 167
1976 124
1177 805
1977 108
410 806
1380 807
1380 808
1407 809
1407 810
1407 208
1978 811
824 132
824 812
824 813
824 814
824 537
824 815
1040 324
1507 735
1507 816
1507 9
1507 817
1979 818
232 819
1980 820
999 821
1981 536
1232 822
1982 823
813 192
813 824
1983 708
1984 540
614 825
614 826
614 827
614 828
614 829
1804 534
1804 97
1220 31
1220 830
1644 831
1985 283
1986 832
1680 833
1680 834
1680 9
706 835
706 792
706 139
706 149
706 727
1175 60
1729 836
1729 837
1768 472
1768 211
1768 146
170 838
170 839
170 840
573 841
140 124
140 842
140 843
1060 485
1212 844
1212 102
1212 241
1212 541
1325 845
1325 4
1987 846
1988 440
1561 752
1561 229
1561 540
1561 847
1410 848
1410 469
249 849
249 850
412 132
412 819
412 851
412 24
1989 852
1989 415
1990 727
1991 853
308 854
308 855
308 537
308 522
308 856
308 857
308 858
308 859
308 34
1327 4
1992 92
1993 860
687 861
687 461
687 862
1994 863
968 485
968 202
1995 85
1004 864
1004 865
1996 18
1760 9
459 149
459 866
695 867
695 147
695 868
695 869
695 258
695 870
695 803
695 287
1997 871
1531 872
671 873
517 298
1998 874
1998 608
1283 359
1999 317
1002 342
2000 166
2001 540
2002 592
650 203
650 875
235 876
235 877
2003 878
436 879
95 553
2004 726
2005 706
45 46
1225 134
418 880
1555 26
2006 881
537 352
537 882
537 883
537 43
537 50
537 729
537 884
537 885
537 824
537 133
537 886
537 87
1203 101
564 59
564 43
433 250
433 622
1602 887
802 22
802 238
802 623
211 59
211 888
211 18
211 889
211 164
211 42
211 890
211 891
211 462
211 892
211 893
211 409
611 894
440 895
440 896
440 261
440 187
440 283
2007 515
1650 897
1690 898
1031 120
1031 324
2008 810
2009 59
2010 899
2011 900
275 540
275 901
276 902
276 71
276 903
276 68
276 904
276 905
276 540
2012 485
394 132
394 61
394 401
394 125
394 321
394 406
2013 906
2014 907
2015 355
2016 203
270 908
270 355
270 223
583 561
583 248
583 566
583 515
583 43
583 909
2017 207
263 910
264 910
264 44
264 911
264 912
264 710
264 913
264 622
264 541
409 472
409 914
409 915
409 916
409 917
409 211
409 918
409 919
409 708
2018 920
1502 921
219 213
219 922
219 68
219 923
219 924
219 715
219 925
219 926
1152 234
1152 85
236 927
236 193
236 928
236 929
267 930
1267 931
473 447
473 640
473 473
473 932
1033 933
1140 934
1237 935
2019 936
2020 937
2021 938
2022 231
2023 705
227 18
1311 50
1605 379
1261 796
944 226
2024 939
2025 940
927 941
927 942
927 739
927 943
1706 310
2026 343
1273 453
1273 132
1273 944
1214 424
2027 607
595 628
2028 711
2029 225
357 710
177 47
177 873
794 945
794 946
1426 947
1426 280
1426 43
1426 154
1426 40
1426 292
1426 369
1426 156
2030 735
2031 576
2032 948
2033 949
1532 950
2034 257
2035 598
2036 951
1199 952
109 953
109 44
335 68
2037 954
2037 124
2037 955
980 365
980 770
2038 35
1704 120
2039 440
495 954
495 472
495 5
495 341
495 69
1009 956
2040 957
2041 60
1465 958
1465 132
1465 959
1465 960
1465 961
1465 962
1465 963
1465 964
496 965
496 738
474 447
474 287
882 537
882 966
882 967
882 208
882 9
1683 968
1683 969
1683 970
738 971
738 812
738 496
738 972
738 383
738 973
738 497
2042 974
360 975
360 741
360 976
360 977
880 978
111 979
111 21
111 868
2043 645
834 50
770 980
770 609
770 981
770 154
770 151
199 5
1493 982
1630 983
1630 42
1630 884
1630 650
1630 301
1027 324
841 984
841 175
841 573
894 985
1384 239
1384 640
1384 623
1384 986
1384 987
1384 988
1012 853
1012 469
2044 989
2045 6
2046 990
709 991
893 211
893 992
258 105
258 695
258 993
821 132
821 994
821 995
821 996
821 997
821 650
821 998
821 999
641 1000
641 498
1714 1001
1714 541
869 695
869 1002
1716 1003
1716 1004
2047 640
1718 541
2048 1005
903 904
903 9
1621 1006
1007 1007
698 423
1115 421
926 238
1176 1008
956 1009
469 1010
469 1011
469 165
469 1012
469 1013
469 424
469 1014
469 1015
469 1016
781 1017
781 1018
781 1019
139 1020
139 256
139 43
1578 301
2049 352
1305 1021
324 1022
324 1023
324 1024
324 1025
324 1026
324 1027
324 1028
324 1029
324 1030
324 1031
324 1032
324 1033
324 1034
324 1035
324 1
324 1036
324 1037
324 132
324 61
324 1038
324 1039
324 1040
324 1041
324 1042
324 1043
324 1044
324 1045
324 1046
324 906
324 656
324 1047
324 1048
324 1049
324 1050
324 1051
324 1052
324 1053
324 1054
324 1055
324 1056
324 1057
324 582
324 1058
1672 625
1067 515
1067 1059
1067 480
1224 134
2050 1060
1049 1061
1223 589
1223 134
1223 576
1307 442
1737 1062
1126 125
1126 673
1187 1063
1187 181
2051 1064
1464 1065
1464 1066
1528 797
1059 1067
383 1068
383 972
383 1069
383 432
383 738
383 1070
383 1071
383 1072
383 1073
383 1074
383 462
383 1075
383 1076
383 1077
383 1078
2052 1079
2052 1080
699 147
681 1081
2053 92
479 1082
479 977
2054 61
2054 258
386 490
689 281
689 1083
2055 899
1341 1084
1341 990
1150 229
1689 9
1689 59
1689 1085
508 838
508 1086
997 821
997 207
1375 1087
1375 287
1722 1088
2056 22
2056 5
343 1089
812 738
1363 571
2057 1090
2057 1091
2057 1092
1678 426
2058 440
266 759
266 607
266 18
266 552
266 318
266 1093
266 540
266 277
2059 1094
1105 1095
686 1096
1741 1097
1741 252
2060 1098
1168 1099
1168 540
1168 1100
1168 1101
1168 650
1218 988
411 1102
411 851
411 1103
365 1104
570 101
570 423
1606 1105
1606 1106
1606 1107
861 687
421 1108
421 1109
421 1110
421 1111
421 1112
421 1113
421 429
421 654
421 1114
421 1115
421 1116
1417 1117
2061 9
1581 1118
1581 715
2062 238
1414 1119
8 1110
1310 125
1310 1120
1310 1121
1310 1122
1783 184
2063 1123
1552 282
2064 1124
2064 1125
1514 1126
1514 12
746 605
746 130
746 1127
746 1128
1563 603
1563 735
2065 640
756 1129
756 1130
1073 383
2066 1131
1461 471
2067 1132
451 1133
451 911
2068 587
566 583
566 210
566 43
1589 1134
1109 421
1451 816
613 839
613 1135
613 711
613 1136
613 85
613 1137
613 285
613 1138
613 1139
911 472
2069 73
128 723
128 792
934 5
934 1140
1054 324
786 1141
2070 677
2071 629
759 50
1317 625
1317 868
842 140
2072 1142
2072 203
2073 132
1472 735
1637 123
2074 947
1444 1143
85 765
85 1144
85 203
85 1145
85 613
85 1146
85 1147
85 955
85 1148
85 762
85 733
85 1149
85 646
85 435
85 1150
85 1151
85 1152
85 179
85 9
85 865
2075 984
2076 915
697 472
697 238
697 147
2077 703
2078 9
2079 497
346 1153
163 380
191 1154
191 406
191 87
2080 1155
2080 1156
2080 1157
1787 203
719 603
719 1158
719 922
2081 1159
1587 728
2082 1160
2083 980
2083 148
560 265
1409 1161
1409 1015
58 830
2084 1162
316 423
2085 1163
1772 642
1550 1164
1550 1165
94 553
94 913
1159 682
520 689
520 1166
520 1167
1101 1168
2086 22
416 1169
416 154
416 1170
25 1171
25 201
1762 274
1717 541
2087 40
659 1172
2088 18
194 92
194 1128
2089 317
1659 1173
2090 622
282 461
282 379
282 301
2091 1174
1008 1175
1008 1176
1138 252
2092 239
1676 1097
2093 1177
2094 498
2095 1178
329 326
329 639
329 361
329 882
329 193
329 301
329 1179
329 377
329 396
329 567
329 1180
329 43
329 9
655 203
1579 796
1186 109
1186 1181
187 1182
187 451
187 1183
187 124
187 1184
187 440
187 1185
187 544
187 5
187 87
868 748
868 424
868 695
868 87
868 1117
868 830
868 1186
868 541
690 281
117 154
2096 167
2097 132
1063 1187
1063 1188
747 558
2098 1189
2098 256
2099 1190
2100 1191
2101 1192
2102 1193
1802 919
1802 1091
1802 1167
597 764
597 9
597 952
597 1194
597 840
2103 1195
799 1196
799 1197
2104 423
1402 167
1402 1198
13 18
13 229
13 247
13 1199
13 194
2105 43
2106 50
2107 1200
830 256
830 1185
589 1201
672 378
124 1202
124 720
124 1203
124 1204
124 1205
124 302
124 83
124 994
124 108
124 733
124 224
124 179
124 1206
124 1207
124 6
2108 1208
1557 143
29 1005
29 127
29 132
29 36
2109 132
2110 60
2111 1209
2111 1210
2112 943
361 607
361 9
361 1211
361 226
361 1212
644 832
644 498
424 868
424 469
424 537
424 1213
424 1214
424 1185
424 1169
102 1215
102 920
102 1216
102 1212
1660 1217
988 1218
988 59
988 1219
1512 75
345 1220
345 1153
2113 60
2113 149
1293 263
134 1221
134 633
134 1222
134 5
134 1223
134 547
134 61
134 1224
134 494
134 1225
134 1226
134 1227
134 1228
100 125
100 1001
100 1229
2114 1230
2115 1231
822 1232
2116 101
497 1233
497 738
1780 1234
1780 1235
1299 780
1299 1236
16 229
80 470
80 333
80 43
2117 241
2118 168
787 175
2119 100
935 1237
1667 125
325 1238
325 1239
336 1240
688 1241
1715 9
1715 541
104 1144
104 1242
104 1243
104 174
104 1061
104 493
104 1244
104 1245
104 815
104 1164
104 1246
104 1247
104 1248
104 1249
104 436
604 146
998 998
406 1250
406 1251
406 1252
406 1253
406 125
406 1254
406 84
406 1255
406 1256
406 358
406 191
406 970
406 394
406 488
406 1257
406 883
406 1258
406 489
406 633
406 1016
406 1259
406 629
1574 1088
660 555
2120 154
1652 1260
730 1261
994 124
2121 29
2122 1169
1545 1262
2123 1263
534 220
534 87
2124 815
1371 1005
1371 292
1371 22
1371 132
1470 623
2125 70
52 126
131 723
132 1264
132 352
132 1265
132 229
132 1266
132 1263
132 1267
132 956
132 241
132 727
132 1268
132 821
132 324
132 649
132 412
132 1269
132 1005
132 1270
132 1271
132 1272
132 1273
132 1274
132 1083
132 1275
132 515
132 1094
2126 1276
633 134
633 1277
633 1278
633 1279
633 1280
633 406
633 1281
633 5
923 1282
359 1283
849 249
57 598
57 1284
2127 1285
2128 1286
133 1287
133 1288
133 537
133 1289
133 1083
133 1290
133 1291
133 1292
2129 6
2130 714
1811 5
2131 528
2131 1128
1523 652
2132 229
1385 640
1778 1293
1778 726
506 1294
506 1295
1264 190
1264 132
1264 868
472 132
472 911
472 18
472 1296
472 697
472 1297
472 238
472 409
472 87
1265 132
608 1298
608 546
1236 636
1236 377
1236 1299
1236 1300
1236 18
1236 635
350 1301
214 132
214 1302
214 223
2133 216
2133 1303
593 1195
2134 1141
226 361
1597 1304
1807 653
2135 1305
2135 1306
2136 1158
575 1307
575 43
2137 665
2138 1308
338 24
2139 298
2140 1309
2141 1310
50 537
50 9
50 1311
83 124
83 715
1703 1312
2142 1313
269 1314
1400 1315
2143 1316
605 1317
2144 754
582 231
582 326
582 154
582 721
2145 1012
257 1318
257 71
257 263
257 1319
257 983
257 993
2146 236
2147 174
1744 1320
2148 1321
182 250
182 1322
182 763
182 40
182 434
71 833
71 801
71 253
71 764
71 1323
71 276
4 818
4 1324
4 1015
4 1325
4 1326
4 1327
1796 24
1796 475
1340 32
1739 190
1070 383
1392 1328
2149 206
2149 139
704 1329
704 101
1562 752
1103 411
136 254
136 192
136 320
136 884
136 246
136 544
586 70
244 18
244 1330
244 937
244 1331
244 650
2150 1332
624 600
2151 1333
2152 120
382 342
382 1334
382 1072
382 1335
1641 123
2153 254
2154 430
2155 1336
24 1337
24 1013
24 639
24 397
24 1338
24 201
24 602
24 412
568 43
733 1202
733 1339
733 152
733 6
636 1310
636 1236
636 1185
32 1340
990 1329
990 1341
990 1342
990 1343
990 1344
35 192
2156 792
601 758
2157 734
2157 1345
2157 1095
2157 24
1685 1346
649 132
649 203
110 1347
110 1348
110 355
110 369
183 1349
183 1350
669 1351
1651 1352
2158 1353
127 29
127 423
127 163
2159 622
718 355
718 252
815 442
815 42
815 795
815 104
815 824
2160 1083
2161 582
2161 1354
2161 339
1234 146
218 213
2162 443
2163 203
862 1202
862 1355
703 239
745 1356
745 320
2164 1198
1443 1357
2165 1358
2165 1359
2165 1360
2165 1361
2165 1169
2166 927
2167 1362
571 69
571 43
571 1363
571 1364
571 913
2168 756
788 1258
788 438
294 162
2169 1318
2170 732
902 9
902 276
2171 5
1368 59
1368 1365
1368 70
1368 1366
1368 1367
1368 1368
1368 1369
1541 1300
1541 1370
1541 216
1541 732
1005 1371
1123 1372
1123 139
2172 955
1636 123
2173 106
2174 631
1194 1373
1194 1374
827 600
827 614
827 256
287 312
287 167
287 474
287 695
287 1375
287 1212
287 1376
287 807
287 672
287 1377
287 1378
287 507
287 283
2175 379
185 1379
66 91
808 1380
808 1381
808 640
808 1382
105 532
640 1383
640 210
640 1384
640 808
640 1212
640 42
640 238
640 256
640 1385
640 541
640 1386
640 184
2176 253
1172 659
2177 1387
2178 1388
2179 1096
2179 1389
2179 75
372 1390
729 1391
554 662
461 282
461 1202
461 301
1785 132
2180 604
1328 1392
1328 393
1415 7
2181 125
1304 991
274 178
274 1393
274 87
544 1394
544 1395
544 1396
544 9
544 187
544 1397
1527 1398
1315 1399
1315 1400
630 166
630 1401
167 512
167 472
167 1402
167 1170
167 878
167 514
167 287
167 1403
167 355
1178 1404
1178 1405
1178 1406
2182 1407
2182 423
1213 1408
1213 424
1161 1409
1161 258
1161 256
1520 352
1183 496
1183 187
384 490
2183 745
848 1410
1536 42
1536 125
1536 69
543 525
543 1411
543 541
543 42
543 1412
543 87
543 1397
805 446
2184 980
215 1413
1399 147
2185 57
2186 1414
88 1362
248 43
2187 149
514 167
7 1415
7 1416
7 180
515 1067
515 298
515 443
358 975
358 406
2188 1417
1386 640
648 203
648 5
1542 1418
1573 1419
637 1420
906 906
906 324
2189 223
144 1421
144 1422
144 203
144 679
144 1423
829 341
931 1267
931 1424
2190 35
292 1383
292 1301
292 329
292 401
292 1425
292 1426
292 1427
292 43
292 29
292 330
292 1186
292 1371
428 125
428 1428
428 1429
428 1430
590 1431
590 143
2191 1432
2192 332
639 1433
639 429
639 764
639 310
639 1434
639 9
850 249
391 1435
2193 1310
785 825
785 1406
1117 868
1117 1152
42 379
42 543
42 211
42 640
42 1436
2194 120
1795 490
2195 1437
2195 223
2196 253
1724 679
233 900
2197 433
2198 920
392 1438
392 1439
427 919
225 1317
1030 324
2199 1440
1503 780
1503 1441
548 139
548 1442
953 109
1719 541
1357 1012
1357 1443
2200 1444
1254 406
1204 124
145 436
1318 257
1318 181
2201 1445
2202 927
581 1446
581 1420
581 43
1682 1447
1682 1448
1682 1449
1777 711
711 1450
711 1451
711 991
2203 44
2203 1452
2204 169
1300 645
1300 1185
2205 1300
2205 1453
1377 203
1377 287
1377 143
1611 611
277 266
277 1454
277 540
277 533
173 546
173 1455
1463 68
1463 1456
1086 508
2206 1457
1582 216
181 1458
181 1318
181 1459
181 1195
1139 170
2207 824
2208 256
2209 1336
1469 173
1469 864
1469 1460
1469 865
2210 485
2211 1001
2211 1461
2212 203
253 917
253 1462
253 303
253 70
2213 287
2213 1463
1066 1464
2214 1465
2214 442
2215 342
2215 1246
1551 1466
1551 1467
1551 702
696 147
1143 101
1143 179
2216 22
846 1468
846 792
864 1469
864 1004
221 213
221 222
221 175
612 1470
638 1471
558 54
735 685
735 1472
735 9
735 1473
1164 546
1164 1474
1164 1475
1164 302
769 154
202 379
202 1476
202 203
202 1477
202 1478
202 409
202 9
202 673
2217 636
1684 24
1684 650
2218 1002
2219 1479
2219 301
2220 541
312 1433
312 287
578 461
578 43
2221 1480
1614 1481
1614 193
1614 82
2222 1232
1792 186
2223 1482
2224 792
51 1300
1748 470
2225 397
2226 797
1185 1402
1185 636
1185 187
2227 364
2228 175
1620 343
959 1465
809 1483
809 1484
809 1485
809 198
809 1486
809 1407
657 203
1144 889
1144 104
1144 1487
1144 120
1144 355
1144 815
1144 1488
631 166
838 170
2229 59
234 1169
1674 1489
2230 125
503 72
503 1490
2231 1491
1113 421
743 120
2232 1492
2233 236
1098 1493
1098 426
1588 728
888 211
900 233
900 1494
900 302
1560 752
483 1087
2234 768
262 229
262 124
262 617
1127 1486
1026 108
1026 1495
1026 1496
1026 87
1015 18
1015 4
1015 1409
1015 1497
1015 318
567 941
567 74
567 746
567 1178
567 1498
567 1499
567 1500
567 211
567 43
825 196
825 283
2235 1376
550 541
323 733
323 139
323 251
323 350
422 457
921 125
921 1501
921 1502
2236 124
2237 544
780 1503
2238 805
1010 397
1280 633
1450 1504
1450 711
1455 173
1455 1460
1596 196
840 170
840 613
731 193
468 853
186 1505
186 1506
354 148
816 1451
816 1507
816 885
452 53
224 1508
224 124
224 92
224 640
224 1509
2239 461
2240 70
2241 18
523 77
523 1510
870 695
375 1511
572 43
2242 421
1404 1512
2243 132
2244 424
156 1268
156 1513
156 208
156 873
156 1426
247 18
662 555
2245 318
12 1514
12 462
1540 1515
2246 175
2247 592
1771 642
2248 1516
2249 40
1518 1517
1518 584
584 1518
584 154
584 70
584 13
552 1471
322 1215
322 1509
1333 1347
1483 809
352 394
352 205
352 192
352 132
352 1519
352 587
352 515
352 793
352 406
352 1520
766 1521
2250 1522
972 738
972 462
1433 312
652 125
652 1523
904 1495
904 1524
280 811
280 203
280 1525
2251 1097
2252 1526
1698 120
2253 1527
1553 1528
1553 43
1553 485
1553 85
465 853
720 229
720 124
2254 948
1494 125
2255 1529
1668 125
1379 106
70 474
70 1530
70 801
70 586
70 984
70 211
70 1368
70 584
579 80
579 43
466 853
2256 815
872 1531
872 9
2257 256
2258 1532
2259 62
2259 537
2259 883
899 906
222 213
222 221
2260 1065
2261 261
1496 332
2262 1348
2263 561
634 1278
634 633
634 727
1401 630
69 1533
69 1534
69 1170
69 100
69 722
69 680
69 951
69 0
69 802
69 413
69 1535
69 1536
69 48
69 495
69 911
69 1009
69 629
69 1522
69 801
69 1229
1130 1537
1130 1538
1130 1539
1130 679
1130 756
1515 1540
732 1541
947 1133
947 1426
2264 1503
385 1005
385 490
385 1542
385 1083
748 885
748 868
748 329
748 830
599 266
599 425
1628 430
2265 794
499 1543
499 1544
1262 1545
150 682
150 1546
150 623
290 414
896 1455
896 440
387 490
1671 405
435 250
435 125
435 203
435 85
2266 1547
2266 1389
814 109
1713 1548
351 793
351 1228
1549 1549
1549 541
1165 1550
426 379
426 1551
426 24
426 1552
2267 521
464 853
174 546
2268 1553
26 1554
26 1097
26 1555
1534 9
462 383
462 211
462 12
569 405
569 1556
569 43
1206 124
143 125
143 590
143 1557
143 1377
2269 816
320 1558
752 1559
752 1560
752 1561
752 1562
603 296
603 1563
603 1564
603 743
603 719
603 308
603 1487
603 1565
603 1488
1645 75
1205 1061
547 1566
547 134
547 5
547 1567
985 457
985 684
2270 645
1202 379
217 213
2271 343
2272 125
17 1568
17 21
17 229
285 453
285 1569
285 613
285 1426
1526 1570
1526 258
1586 728
2273 379
1747 364
1747 1571
2274 1572
347 487
538 1298
591 326
591 13
2275 1212
2276 640
2277 544
1419 1573
2278 1004
2279 1574
1585 728
1460 1455
1726 1142
2280 1575
1149 1576
1149 310
1149 1577
1149 85
301 461
301 1578
301 1510
301 192
301 76
342 257
342 68
342 382
342 239
1803 317
1142 1005
796 1579
796 1210
796 1435
796 1316
724 390
724 130
1425 292
721 1580
2281 1061
363 251
531 125
1118 1581
521 343
2282 380
522 1449
2283 1543
2284 320
169 1499
216 1266
216 9
216 1582
1151 132
1151 85
728 1583
728 1584
728 1585
728 1586
728 1587
728 1588
1134 1589
1134 9
1134 1590
2285 132
2286 139
562 1260
562 43
2287 1591
446 40
623 576
623 1384
623 802
1167 317
1167 6
1482 153
1482 6
1297 167
2288 1592
1539 443
1539 68
1539 844
1539 229
1539 1371
1539 94
1373 1374
2289 636
2290 1318
492 1336
2291 1215
1491 621
883 1437
883 9
883 0
883 406
2292 991
302 1593
302 1594
302 811
302 900
302 309
302 1595
196 1596
2293 379
643 9
643 831
1707 120
1314 1597
1743 252
1535 69
939 1094
2294 440
1670 1598
1670 970
708 124
364 1599
364 608
364 1600
192 453
192 352
419 1
419 541
388 1601
388 490
982 1602
2295 970
141 393
141 441
1266 216
1266 132
2296 1603
865 1469
865 85
865 12
865 1004
379 1604
379 1605
379 152
1107 1606
1411 543
2297 1553
1322 182
2298 1607
2298 256
2299 1608
439 9
439 571
2300 1609
2301 91
2301 124
1216 102
90 241
90 1362
299 1610
844 541
1522 69
2302 87
2303 1611
1662 1612
621 1185
2304 1613
1485 809
82 61
82 154
82 1614
82 69
0 1615
0 951
0 1519
0 1616
0 9
0 22
2305 1617
260 1618
321 525
321 394
321 352
321 208
1735 1619
2306 1620
1006 1621
2307 622
74 1256
74 1534
2308 1622
1277 633
933 1033
933 324
231 582
231 1623
615 216
615 828
615 1406
2309 87
2310 1624
2311 809
1239 325
535 1091
535 87
2312 37
1231 1527
1231 350
432 383
432 1625
432 1148
2313 1626
2313 1627
430 1628
489 1629
884 537
884 1630
1686 6
2314 203
620 525
1543 499
1053 1527
2315 321
1475 1164
2316 893
2317 1631
831 59
831 421
831 643
2318 1632
123 1633
123 1634
123 1635
123 1636
123 1637
123 1638
123 1639
123 1640
123 1641
1591 704
810 1407
238 472
238 1642
238 59
238 1384
238 191
238 640
238 1643
238 629
238 924
238 697
238 25
238 9
238 590
238 926
238 87
2319 595
2319 1644
892 211
153 1482
2320 1370
2321 540
1221 134
251 1645
251 645
1129 1170
1090 825
1090 149
2322 68
549 1646
171 1185
1755 9
2323 622
1789 629
1601 741
1601 352
1601 388
1601 73
1601 490
647 1647
647 498
407 915
395 792
702 1551
702 1648
457 422
457 594
2324 807
2324 273
2324 585
86 245
86 1649
86 355
897 1650
2325 853
2326 69
2327 1651
2328 39
1260 1652
1260 562
1260 990
1623 231
1623 1395
2329 43
1476 202
1268 471
1268 1001
1268 132
2330 389
1763 1118
1763 1653
1763 413
1180 1654
1180 496
1180 868
296 430
296 749
532 1554
532 948
532 24
877 117
877 1133
877 235
877 87
151 124
151 268
973 497
46 1655
46 1656
46 138
46 1657
46 1398
46 45
1395 1623
2331 1407
2331 480
2331 57
2332 1658
860 540
1173 1659
1173 324
914 409
2333 413
2334 1158
1217 1660
646 1661
1612 1662
1612 9
1612 106
1612 736
1612 175
463 1490
609 552
125 394
125 921
125 1663
125 401
125 1494
125 1664
125 211
125 490
125 531
125 435
125 428
125 1665
125 1666
125 1667
125 1668
1779 330
1120 1310
1598 1669
1598 1670
1598 970
2335 1671
2335 184
2336 120
1169 234
1169 424
2337 1221
2337 462
2338 1005
625 723
625 1317
625 1672
625 1673
625 600
106 175
106 1379
106 67
2339 1221
1489 1674
209 136
209 440
209 1675
456 60
456 423
2340 317
1608 1676
913 264
913 571
913 541
2341 1677
1640 123
2342 1678
1250 406
542 317
542 1284
2343 1679
1655 46
2344 203
210 640
210 566
210 540
210 541
2345 406
278 376
833 1680
833 71
2346 1681
1673 625
1673 729
1673 203
1673 1092
969 1682
969 1683
1135 613
1466 1551
2347 260
2347 1005
2347 1684
1761 9
142 843
1346 1685
598 678
598 1482
598 57
598 425
598 1686
598 153
2348 608
2349 1650
1731 1687
1211 50
1211 361
1458 181
1733 40
59 932
59 68
59 527
59 1474
59 1688
59 221
59 211
59 238
59 256
59 1565
59 125
59 210
59 137
59 278
59 988
59 564
59 541
59 1370
59 1689
59 883
59 253
59 1368
59 844
59 928
59 0
59 203
59 1245
59 43
59 409
59 801
59 831
59 24
44 109
44 1690
44 527
44 1691
44 1692
2350 1370
2351 1693
1810 1694
2352 409
2353 421
1639 123
120 1695
120 352
120 1696
120 1312
120 271
120 1697
120 1698
120 1031
120 1144
120 1699
120 1700
120 910
120 1701
120 743
120 285
120 1702
120 1703
120 1704
120 1705
120 121
120 1706
120 635
120 1707
120 1708
120 1709
120 1710
120 1711
2354 1379
2354 1712
2355 1713
673 68
673 202
673 168
673 267
541 210
541 1474
541 1286
541 1714
541 1212
541 419
541 1715
541 640
541 208
541 1716
541 410
541 565
541 1717
541 1168
541 526
541 54
541 1718
541 1719
541 87
541 1549
541 913
938 1467
712 775
138 1720
1513 168
1513 156
741 490
741 1721
1088 1722
1088 26
1088 604
2356 1723
632 162
679 1724
679 1725
1786 537
1786 1726
1786 1186
1786 39
1786 1727
527 1728
527 1000
527 354
527 519
527 9
527 1729
1023 324
2357 1185
2358 695
2358 1730
2359 2
2360 148
1687 1731
509 1732
1669 1012
1669 1598
1559 1733
1032 324
2361 714
1034 1734
2362 53
1619 1735
1734 1034
2363 1497
14 6
2364 1736
2364 1737
1664 1536
1664 125
656 203
656 238
2365 355
622 526
622 203
622 276
622 80
501 1738
2366 40
455 149
952 1739
952 13
952 304
952 1614
952 256
952 9
952 597
952 1199
2367 993
55 126
2368 1177
945 1740
945 794
1474 1164
1474 541
680 270
680 69
1048 1040
341 261
744 526
252 1170
252 1741
252 1742
252 1743
252 1138
252 718
1570 1526
1320 1744
1320 706
2369 662
1228 134
315 101
315 1745
208 995
208 124
208 321
208 1407
208 1746
208 541
2370 831
1294 506
1112 421
1571 1747
304 1529
304 784
2371 1748
101 315
101 1146
101 1203
101 1749
101 614
101 1750
101 1143
1227 134
31 1220
31 40
716 974
716 355
2372 35
9 561
9 0
9 903
9 951
9 221
9 1721
9 1751
9 48
9 810
9 1680
9 519
9 229
9 735
9 1612
9 926
9 87
9 572
9 544
9 210
9 361
9 722
9 736
9 524
9 1752
9 1753
9 439
9 1689
9 1507
9 1754
9 883
9 402
9 1755
9 274
9 50
9 130
9 1756
9 597
9 1757
9 1758
9 872
9 415
9 901
9 882
9 1403
9 203
9 1759
9 1534
9 1760
9 1761
9 1762
9 216
9 643
9 1710
9 142
9 238
967 1005
967 882
413 1763
413 69
774 154
310 691
310 1541
310 1764
310 1465
310 203
310 1765
310 878
310 389
310 639
310 1149
310 1654
310 1766
369 110
369 43
81 1391
2373 631
1710 1767
1710 9
444 43
444 1768
444 147
444 355
73 1769
73 498
2374 355
2375 305
48 9
48 1770
48 69
2376 379
2376 1202
36 29
642 1771
642 1772
41 1615
41 146
2377 1512
2378 498
941 927
1257 406
533 1773
533 277
533 653
2379 1774
1556 1775
1556 1776
2380 927
2381 583
1681 354
2382 190
1245 59
441 1391
441 141
441 885
239 203
239 1777
397 61
366 957
366 148
2383 301
2384 1166
89 1362
2385 1426
2386 17
1286 541
707 97
803 695
803 22
684 701
726 257
726 1193
726 1778
726 263
330 1779
330 1005
330 203
330 1780
330 292
2387 1781
2388 676
2389 795
2390 320
356 355
751 1782
184 1783
184 722
488 1629
97 707
97 1784
2391 931
1775 1556
2392 26
2393 1185
645 251
2394 445
2394 46
2395 132
1279 1281
20 229
1758 9
2396 1785
39 1786
39 1787
39 1788
629 1789
629 1553
629 166
629 69
629 429
629 1790
629 238
629 406
629 1791
1569 285
2397 1792
349 663
273 1300
273 1793
273 1468
273 443
273 50
2398 1794
2399 1701
2400 770
2400 1104
2401 582
984 70
403 404
256 548
256 628
256 69
256 1795
256 59
256 139
256 405
256 1796
256 1797
256 993
256 1298
256 1627
256 1507
256 1798
256 1799
256 270
256 130
256 495
256 1800
256 1524
256 43
256 1801
2402 795
2403 541
1091 535
1091 1802
1091 1096
1091 1803
1091 87
429 421
429 639
429 132
429 629
429 1001
429 1804
594 457
1281 633
676 1298
676 915
676 1805
676 183
676 256
1693 555
2404 1806
2405 154
2406 972
992 211
1442 548
243 1526
261 1096
653 1807
653 1808
653 203
2407 1156
2408 1809
5 648
5 181
5 1810
5 1811
5 143
5 590
5 187
576 623
977 976
977 479
